797500
10300
5900
4900
4100
4300
3900
4000
8000
5100
7300
4300
4300
4300
6400
4800
4100
4000
4400
3700
6000
4200
3700
4900
4300
8100
5500
4100
4900
3800
5700
4000
3800
3600
3700
3800
4000
3600
3500
4100
7100
3900
4200
4300
3500
4100
4000
3900
4000
4200
5800
5600
4300
3600
4300
4100
4100
3700
3900
3400
8800
5700
5400
4400
4300
4700
4000
4000
3800
3400
4200
4000
3500
3600
3500
3300
3400
3600
4100
3600
4000
6400
3600
3900
8900
4000
5000
4100
3800
3500
5400
4100
3700
3600
3500
3900
4000
3900
4500
3800
4600
4100
5400
4500
7400
4000
3900
3800
4100
4100
5200
4600
4100
4500
3800
3800
3600
4400
4300
4100
10000
5100
4500
3600
4000
4000
3500
13300
4500
6900
4100
4100
3600
4100
4100
3500
3500
5200
4400
3700
3500
3200
3700
3200
3200
3300
3200
3100
3100
3200
3100
3400
3500
4400
3900
3200
3200
3400
3300
3900
3200
3100
2800
3500
3100
4100
3200
3400
3200
3300
4100
3400
3100
3300
3300
3100
3700
3200
3500
3300
11400
5600
8500
4100
3600
3700
3200
3500
3300
3400
3600
3200
3600
3400
3200
3300
3400
3300
3200
3300
3300
3200
8700
5000
373200
41400
6600
4500
3300
507200
7400
3900
3400
3100
2500
2600
3300
230100
5900
3500
2700
2500
2300
2300
2200
2800
2200
7000
3300
2600
3600
2700
2400
2300
2500
2300
2300
2200
2200
2100
6900
3700
3100
2600
3700
2500
2600
4200
2400
2300
2500
2600
2400
2300
2500
5200
2500
3600
2400
2400
2400
3800
2400
2400
2500
2700
2600
2300
2500
2200
2200
2700
2400
2300
2600
2700
2400
2300
2700
2500
2400
2500
3800
2400
2500
2600
2300
2400
2300
2400
2500
2600
2600
3400
2800
2400
2300
2600
2500
2600
26500
2700
2000
2000
1700
2700
13900
4400
1700
1800
2200
1900
2100
2100
1800
1800
5600
1900
1800
2000
1800
2000
1900
1700
1700
1700
1800
1700
1800
1800
1800
1700
1900
1800
1700
1600
2000
1700
1700
2000
1800
3500
2000
1700
1700
1800
1700
1700
1900
1800
1700
1900
1800
1600
2000
1700
1700
1700
1700
1800
18600
2300
5600
1400
1500
1500
2000
1400
1600
1400
1400
1900
1500
1700
1600
1500
1900
1500
1500
1500
1400
1700
4600
11200
1700
1500
1900
1200
1100
1500
1800
2000
1800
1400
1500
1700
1900
1600
1500
1800
1600
2000
1500
1400
1600
1800
1900
1800
1900
1600
1700
1600
1500
1400
1700
1500
1700
1900
1500
1500
16400
1800
1200
1200
32300
2500
1400
1100
25700
1700
1300
1200
16800
1200
1100
1200
1200
1100
1300
2300
1200
1200
1200
1400
1900
1900
1100
1200
1100
1100
1100
1300
1200
1100
1100
1300
1000
1000
1100
1700
1100
1200
1100
1100
1100
1100
1200
1300
1000
1000
1200
1100
1200
1300
1100
1000
1100
1200
1100
7600
2400
1400
5800
1300
1200
2100
1200
1200
1200
1200
1100
1100
1100
1100
1100
1400
1100
1100
1200
1100
1200
1400
1100
1100
1200
1100
1000
1300
1100
1100
1100
1000
1100
1100
1200
1100
1200
1200
1100
1100
1300
1100
1100
1000
1200
1000
1900
1200
1100
1100
1400
1100
1100
1000
1100
1000
1300
1000
1100
1100
2700
1400
1200
1200
1100
1100
1200
1100
1100
10400
1500
1300
1200
1000
1200
1100
1100
1300
1100
1600
1100
1100
1000
1200
1300
1100
1100
1000
1000
1800
1300
1500
1000
1000
1000
1100
1000
1100
1100
2100
1300
1100
5500
1100
1000
1000
1000
1000
1300
1700
1200
1000
1100
1100
1200
1000
1100
1000
1100
1600
