1081300
11500
9500
6800
7100
6500
5100
9100
11700
5500
9700
5700
5100
4900
8700
5300
5300
4800
5600
4800
8300
6800
5300
5200
5400
11300
5600
5000
5300
6300
8500
5900
5600
5100
5000
5300
5900
5000
5700
6500
8500
8700
7700
6800
6200
7100
5900
5500
5600
5300
9700
8900
6000
5600
5300
8200
5700
4900
5100
4700
9100
5500
4600
6000
4800
4900
4400
7400
4100
4300
4300
3900
4100
3700
3600
3600
4000
4700
4000
3900
4100
4000
3900
4100
3900
4000
4700
4000
3700
4000
4100
4000
4400
3800
3600
7600
4100
3900
3800
3800
3700
3600
4000
3500
3400
4900
7000
3600
3500
3600
3900
3700
4300
4600
4600
4500
4400
7100
4600
4000
8800
3700
3400
3000
2600
2600
2700
8200
3000
2600
2700
2600
2500
2800
2500
2700
2700
2500
2600
15200
2800
3100
2800
2800
2700
3000
2600
2700
2600
2600
2900
5200
2800
3200
2800
3300
2700
3100
2800
3300
3200
2600
2700
3100
2700
2900
2800
2700
2900
2800
3300
2900
2600
2500
2800
2700
2600
2500
2900
2600
6500
4100
3500
3000
4200
3200
2900
2900
2900
2700
2800
2600
2700
2800
2700
2700
2800
2600
2700
2700
2700
2600
2600
2900
3900
2900
2700
6600
2700
2800
2500
2500
2500
2400
3000
2500
2600
2400
2700
2400
2700
2400
2500
2500
2400
2800
2700
2500
2500
3100
2600
2400
2400
2400
2500
2600
2500
2600
2500
2500
9700
4000
3300
3100
3400
2900
3100
3400
2900
2800
3000
135400
10600
4000
3500
646100
20200
11900
2800
2300
2900
2500
2600
247200
9900
3300
2700
2700
2900
2700
2900
3000
2800
2800
2900
9600
3500
2500
7400
2300
2400
2600
2200
3900
2800
2400
2300
2500
2200
2300
2600
2400
2300
3600
2700
2400
2300
2400
2400
2300
10200
2900
1900
1900
1600
1800
1700
6300
2400
2400
3400
6800
2600
2400
2700
2500
2300
2600
2300
2500
2600
2500
2400
2400
2600
2600
2600
2600
2500
2700
2600
2500
2700
2700
2700
2700
2400
2500
2800
2500
2700
2700
2500
2300
7600
2500
2800
2600
2600
2500
3000
2700
2700
2700
2700
2600
2700
2500
2400
2400
11000
15500
2100
1400
1300
1500
1600
1400
1300
11400
1700
1300
1400
1300
1300
1300
1600
1500
1400
1500
1400
1400
5800
2000
2100
1900
2000
2100
2000
1800
2000
1900
2100
2300
2000
2100
2500
2000
2000
1900
2100
2200
2000
2200
2000
2100
2600
2100
2000
2000
6300
2000
2000
1900
2000
2000
2400
2100
1900
2400
7000
27700
900
700
700
800
600
600
600
600
800
900
1000
800
700
600
600
800
700
600
700
700
4400
1300
1700
700
700
700
700
1200
700
700
700
600
900
600
600
600
600
1000
900
700
700
600
700
600
1000
600
600
600
700
600
700
600
600
700
600
600
800
700
1500
800
900
600
700
700
600
600
1400
600
800
700
700
800
700
800
600
600
700
600
700
700
600
700
600
600
600
600
600
2600
700
600
600
700
600
600
600
600
700
600
800
600
600
800
600
600
600
600
600
800
700
600
600
600
600
800
700
600
600
600
3200
1000
700
700
800
1100
600
800
600
1200
700
700
700
800
700
700
600
600
700
1100
700
900
600
600
600
600
600
700
600
1100
700
700
600
700
800
700
600
600
600
1200
700
800
600
800
600
600
700
3600
700
1100
700
600
700
600
800
700
600
600
600
1000
