1089100
12700
8100
6100
8200
6900
5100
5200
11200
6000
8300
5700
5400
5200
7800
4800
5300
4900
5500
4700
8600
7000
4900
5200
5200
11100
6100
5600
5300
5100
8700
6600
5800
5400
6100
5400
5800
5400
5200
6200
9400
5900
7000
6800
5600
6000
5700
5100
6000
5500
8600
8300
5300
4900
5300
5100
156700
9000
6800
6400
8400
5100
5100
3900
3600
3900
3400
3700
4700
4100
6400
4000
3700
3700
3600
4100
3800
4100
3900
3600
4800
4600
4500
4600
4000
5300
4700
4400
4000
4400
5200
4700
4200
4200
3900
4000
4000
4200
4000
7900
4500
3900
5100
3800
3900
3700
3600
3800
3600
4400
4100
3900
3800
3800
3700
5300
4400
4000
4600
6400
6700
3600
6100
2900
2700
2600
2600
9700
2700
2500
2900
2500
2500
2600
2400
2500
2400
2600
2500
2700
2800
2500
2500
2500
2500
2700
2600
2400
2500
2500
2700
2800
2400
2900
2600
2700
2800
3100
2400
3200
2500
2400
2700
2500
2400
2600
2700
2700
2700
2500
3000
2600
5700
2500
2500
2500
2400
2500
2700
2600
6800
4000
3600
2500
3700
8100
4400
3300
2800
2600
4100
2700
2800
2600
2700
3600
9500
2600
2600
3000
2800
3500
2500
2600
4100
2600
4900
5400
2600
2400
2600
2400
2800
3700
2500
2400
2500
2400
2600
3500
2600
2400
2500
2500
2500
2400
3400
2400
2300
2500
2800
2500
2600
2600
3100
2400
2500
3400
2400
2300
8200
3100
2600
2300
2600
2300
2200
2400
2300
5200
2500
2400
2500
2200
2500
6400
2500
3300
2400
2600
2200
2400
2700
2300
2700
2400
2300
2200
2300
2400
2300
2200
2300
2400
2800
2400
2400
2200
2700
3700
2400
2300
2300
2500
2700
2900
2400
2400
2400
2200
2300
2400
2400
2800
2400
3900
2700
2600
2300
2500
10800
3300
2600
2300
2200
1900
2000
5400
2100
2000
2700
2000
2100
2000
2000
2000
1900
1800
1900
2100
2100
1900
2100
1900
1900
2100
2000
2000
2000
2100
2000
1900
2000
2000
2000
2000
2000
2000
2100
2100
2200
2100
1900
2100
1800
2000
1800
2100
2100
2000
2000
2000
2000
2100
2000
2000
2200
2100
2000
1900
21900
2400
1900
1700
1800
1700
6400
1900
2200
2400
1700
1700
2500
1700
1600
1700
2800
2700
16500
11500
2700
1600
1700
1600
1500
1500
2500
1500
1500
2300
1500
1500
1400
1500
1500
2200
1600
2400
1500
1400
1600
1500
1500
2300
1500
1400
2600
1500
1400
1500
1500
1500
2400
1500
1500
1500
2500
1500
1500
1500
3300
1700
1500
1600
1400
1500
1400
5000
2000
1700
1700
1600
1800
1500
1700
1500
1600
2000
1400
1500
1700
1400
1500
1500
3200
1500
1400
1500
1500
1600
1600
1400
1500
2100
1400
1500
1500
1500
1500
4900
1600
1500
1400
1400
1500
2500
1400
1500
1500
1400
2200
1800
1400
1400
1500
1500
1500
1600
1500
1900
6400
24700
1200
800
700
800
600
700
600
600
700
700
600
600
700
800
700
600
700
700
800
1200
600
700
600
600
600
900
700
600
700
600
600
700
700
700
700
700
700
900
700
700
700
600
700
4200
700
700
700
700
700
900
700
700
700
700
2300
3700
700
600
1600
800
600
700
600
600
600
800
700
1000
1200
900
700
700
600
700
700
800
600
1400
600
700
700
600
900
600
600
600
600
1000
700
3800
800
700
700
600
900
900
600
1300
900
700
700
700
600
600
600
600
700
1100
700
600
600
600
600
600
600
600
700
1000
