1252900
9600
7800
5100
4200
5600
4000
5200
9000
4700
6300
4200
3900
3800
6900
3800
4600
3900
4400
3600
6200
4400
3700
3800
4000
8500
4600
5000
5300
4100
6500
3900
4000
3700
4000
3700
4200
4000
3900
4000
7000
4200
5200
4500
4200
4600
3800
4300
6600
3700
5700
5800
4200
3900
5900
4100
4000
3700
4200
3800
9000
5700
5600
4500
4400
4700
4100
3800
4000
3700
5200
4100
3800
3600
3700
3600
5000
3900
4000
4000
3600
3700
4600
4600
4100
3800
4400
3500
4100
4100
4200
8200
3400
3400
3300
3300
3400
4000
3200
3300
3700
3700
3400
3300
7200
4100
3200
3700
3300
3800
3700
3600
3300
3300
3600
3700
4100
4100
5000
4400
6400
3500
2800
2400
2400
3000
2400
21700
5800
3900
3700
3300
3100
3400
2900
3000
2900
3300
2600
2400
2400
2700
2300
2500
2400
2400
2400
2400
2400
2600
2400
2300
2300
2300
3100
2400
6500
2400
2500
2900
2500
2400
2400
2400
2400
3300
2400
2200
2300
2200
3200
2900
2400
2400
2300
2400
3000
2500
2500
2300
6500
3600
2700
2600
2400
2300
2800
2500
2200
3100
3100
4100
2300
2300
2500
2400
2300
2400
2300
2200
2600
2400
2300
2800
3300
2400
4000
2800
2400
2400
3600
2300
3300
2400
2400
2200
2300
2500
3100
2300
2400
2200
2400
2800
3300
2400
2200
2400
2300
2300
3400
2400
2400
2400
2300
2300
3100
2400
2200
2400
6100
3300
2600
2500
2500
2800
2200
2200
2200
2100
2500
2300
2400
4300
2800
4600
2300
3100
2800
2100
2600
2300
2500
2200
2700
2300
2500
2400
2300
2100
2500
2200
2400
2400
2600
2200
2200
2200
2300
2400
2400
2100
2900
2300
2600
2300
2300
2100
2200
2500
2400
2400
2200
5400
3300
2300
2100
2500
2200
2600
12100
3200
2400
1900
2700
2000
2000
2800
2100
2000
2200
1900
1900
1900
2100
2200
1800
2000
1900
4800
2200
2000
2000
1900
2200
2100
2000
1900
1900
1900
2000
2000
2000
2100
2000
2000
2100
1900
2000
2100
1900
5200
2200
2000
1900
2000
1900
1900
2200
2000
2000
2100
2000
2100
2200
2100
1800
1900
1900
2000
17200
2200
2000
1700
1700
1600
4500
2100
2700
16700
2000
13000
4600
1400
1500
1400
1900
1600
1500
1700
1800
1800
1400
1600
8000
3100
3200
2400
3000
2000
2700
2200
2500
2500
2300
2300
2800
2100
2200
2400
2300
2300
2300
2400
2200
2500
2500
2200
2400
2200
2300
2000
2100
2400
1800
1600
2200
3100
2000
2100
7100
6300
4900
2200
2100
2400
2200
8000
2700
2200
2000
2200
2200
2000
6500
2000
2100
2000
2000
4400
2200
2100
2100
2100
2000
2000
2800
2000
2100
2100
2200
2200
2200
2000
2200
2000
2100
2000
2700
2500
2300
2200
2100
2000
2300
2200
2000
2000
2100
2000
3500
2100
2200
2100
2100
2000
2400
2200
2200
2100
6600
30100
1600
1500
1400
1300
1300
1200
2300
1300
1500
1200
1300
1200
1200
1200
1400
1300
1200
1200
1200
1500
1300
1300
1100
1100
6500
1200
1500
1200
1200
1400
1300
1500
1200
1300
1300
1300
1200
1400
1300
1300
1100
1400
1200
1500
1200
1300
1300
1400
1400
1500
1200
1300
1300
1300
1400
5500
1200
1300
6300
1500
1100
1200
1300
1100
1200
1100
1000
1800
1300
1100
1100
1100
1300
1100
1200
1100
1100
1600
1100
1400
1200
1200
1000
1300
1100
1400
1200
1700
1100
1100
1200
1100
1400
1100
1200
1200
1200
1700
1300
1200
1100
1200
1300
1200
1100
5900
1100
1700
1300
1200
1400
1100
1300
1000
1100
1100
1100
1600
