844200
11500
6600
5400
5200
5900
4800
4600
9200
4700
7600
5900
4700
4100
7000
5800
5100
4200
4800
4600
6700
4900
4300
4200
4400
9400
5600
4200
5000
4800
6600
4300
4600
4000
4600
4100
5000
4100
4300
4200
7100
4400
4900
4600
4000
4900
4300
4000
4600
5700
6000
5700
4200
4100
4400
4500
4300
4000
3900
4500
7900
4500
3600
3400
3600
3800
3400
3100
3200
3500
3400
4100
4200
3400
4200
3900
4200
4800
3900
3700
4100
3900
4300
4500
4100
3500
4300
4800
3400
3600
4300
3200
3100
3200
2900
2900
3000
3800
3000
3000
3500
3200
6000
3400
3000
3000
3200
3100
3700
3300
3400
3400
3400
3100
3000
3000
3200
3300
3100
3100
7100
4100
3300
2800
3000
2700
2800
8700
3100
2700
3000
2700
3100
2700
3100
2700
2700
2700
2600
2700
3000
2700
2800
2600
2900
2700
3000
3000
2700
2700
2700
3200
2900
2700
2700
3300
2800
2800
5500
3200
2900
2600
2700
2700
2800
2600
3100
3000
2900
2700
3200
5500
2900
2700
2900
2800
2700
2700
2700
3000
10100
4200
3200
6000
3300
3300
2700
2600
2600
2500
2900
2500
2600
2600
2600
3300
4300
2700
2600
2600
2600
2700
4200
3200
3300
3300
2700
2700
3500
2600
2700
3900
2900
2800
2700
2800
2600
3100
2600
2700
2800
2700
2500
4900
3700
2400
2600
2500
2700
4500
2800
2800
2700
2600
3800
2700
2600
2500
2600
2600
7600
3200
2600
2500
2800
2400
2800
2500
2300
2400
2500
2400
2600
2700
3100
5300
2700
3300
2400
2400
2500
2800
2400
2600
2700
2400
2300
2400
2400
2300
2600
2300
2600
2300
4000
2300
2700
2500
2600
2500
2600
2600
2800
3000
2500
2400
2400
2300
2400
2600
2600
2500
2300
2500
3200
3800
2500
2400
2400
2600
23100
3900
2200
2200
2000
1800
2100
2400
2000
1800
2600
2100
2100
2100
1800
2000
1800
2100
3500
1900
2100
2000
1700
2100
1800
1900
1900
2000
1800
2100
2000
1900
2400
2000
1800
2400
2000
3400
1900
1900
2000
2200
1900
1800
2000
2000
1900
2100
1900
1900
2000
1900
1900
2000
1900
1900
1800
2000
2100
2200
6200
2300
1900
1900
2100
2100
4100
2100
1900
1800
2200
2000
1800
3100
1900
1900
2200
1800
1900
1900
1900
1900
1800
1800
2100
2000
2000
1800
1800
1900
2000
1900
2100
1800
1900
1900
2400
1900
2000
2000
1900
2000
1800
1900
1700
1800
2300
2000
1700
2100
2100
1900
1800
1900
1800
2000
1900
2000
2100
1800
3500
2100
2100
2300
1800
1800
3200
4400
10600
2400
2000
2100
1900
1900
2100
2600
2100
1800
1700
1800
1900
1900
1900
1800
2100
1900
2800
1900
1800
1700
1900
2600
1800
1800
1700
2000
1800
2000
2100
2300
3600
2200
2300
2100
2000
1900
2000
2000
1900
2200
2700
2000
2300
1900
2200
2200
1900
1800
1900
1800
15900
41500
1300
900
15700
1800
800
9100
900
900
1100
1200
900
1300
3000
2600
3300
900
800
900
1000
800
700
700
600
900
700
700
800
700
900
1000
700
700
700
700
1900
600
600
600
800
600
900
700
700
600
600
700
800
600
800
700
700
700
900
600
600
700
600
700
1900
800
800
1000
600
700
600
600
700
1200
800
900
800
1200
800
700
700
800
600
1100
700
700
700
700
900
700
700
600
600
1200
800
1000
700
700
900
700
600
900
700
1200
700
700
800
600
900
700
700
600
600
5300
800
900
600
700
700
600
700
700
700
1000
