1049500
10400
6200
5200
4500
4700
9000
3900
3800
4000
6300
4900
3800
4100
4700
3700
4000
3800
4300
4400
6200
4300
4800
3900
3900
9100
4400
4000
4600
3800
6200
4100
3900
3700
4300
3700
4400
4100
11100
5100
6200
4200
4400
5300
4000
4400
4400
3900
4100
4300
6900
5200
3700
4000
4400
3900
4100
3700
3600
4900
11400
6900
6500
5700
6600
6000
5100
5600
5100
5100
5900
5200
4600
4700
4900
4700
4900
4900
5600
5100
5600
5200
4500
5100
4900
4000
4900
4300
4100
3900
5400
4900
4700
4500
4200
4100
4100
4600
4900
3800
3900
4300
4200
3900
9300
4000
7600
4800
4100
4200
4700
4700
4000
4300
3900
4100
4100
4800
4400
6200
7900
5900
3200
6100
3300
3400
2900
9100
3200
2900
3100
2800
3000
4400
2900
2800
3200
3300
2800
2800
3100
2800
3000
3000
2800
2800
2700
2700
2900
2900
2900
2800
3000
3000
3300
2600
2700
2700
4000
3600
2800
2700
2700
4100
6000
3500
2800
2800
2600
2600
3600
3100
2800
2700
2700
2700
2700
2700
3200
2700
8300
4000
3400
3000
3200
4900
3100
2700
2700
2600
2900
3600
2700
2800
2700
3400
3000
3600
2900
2700
2700
2700
2700
3000
3900
2700
2900
2700
4700
3000
2800
2700
2800
2700
2700
2900
5200
2700
2900
3600
2900
12900
3100
2700
2700
3500
2600
2700
2500
2800
3100
3500
2600
2900
2800
2900
2500
3700
2600
2500
14600
5300
4200
11500
4800
3900
3500
3200
3300
3200
3500
8400
3400
3900
4400
7100
3500
5000
3300
3900
3500
3500
4100
3600
4700
3400
3500
3500
3300
3400
3900
8300
3400
3100
5400
3700
3300
3200
3400
3200
3400
3200
4500
3600
4400
3600
3200
3300
3200
3200
3900
3300
3500
3800
4100
3300
3300
3200
3200
3300
26900
5000
3400
3100
2800
2700
3600
2900
2800
2800
4000
2700
38200
3600
3300
2700
7900
2800
2700
2800
3200
2800
7900
2800
2800
2800
2700
2600
3100
2800
3200
2700
2700
2800
2600
2800
2800
3000
2600
3000
3000
21600
2800
2800
3300
3200
2700
3300
2800
3000
3100
3100
2900
2800
3000
2900
2600
3100
2900
3100
17100
17900
2500
2400
2000
2100
5200
2200
2100
2100
13800
2100
2200
2000
2300
2100
2400
2300
2300
2100
2300
2200
2000
2200
2200
1900
2600
2200
2100
2100
2100
1800
2200
1700
1700
2200
2500
2100
2000
2100
2200
2200
2000
2200
2300
1900
2600
2000
2100
2400
2200
2000
2100
2000
2100
2200
2200
2000
2400
2100
6600
2300
2200
2600
2100
2400
2100
9600
2400
6700
2200
2100
2100
2000
2100
2400
2100
1900
2000
2100
2300
2100
2200
2100
2700
2200
6300
2400
2200
2200
2100
2100
2200
2500
2200
2100
1700
2000
2100
2900
2100
2100
2200
2100
2000
2400
2200
2200
2100
2000
5500
2400
2300
2200
2200
2200
2300
2100
2200
2100
9100
32500
1500
1000
1300
1900
1000
1000
1100
1000
1200
1100
1000
1000
1300
1000
1000
900
900
1100
1200
1000
1200
1000
900
900
1200
1000
1000
1000
1100
1000
1200
1000
1100
1300
1600
1100
1200
1000
1300
1200
1100
1100
1100
1100
1100
1200
1100
6500
1400
1000
1000
1100
1000
1400
1100
1300
1000
1000
3800
1500
1100
1100
5300
1200
1100
1100
1000
2400
1300
1100
1400
1200
1200
1100
1100
1300
1100
1600
1100
1100
1100
1100
1100
1200
1200
1100
1200
2000
1300
1300
1200
1100
1000
1100
1200
1100
1100
2100
1300
1100
1100
1100
1000
1300
1000
1000
1000
1600
1500
1200
1300
1200
1100
3400
1000
1000
1200
1900
