731400
10500
6300
5100
4200
4900
4600
9000
4300
4700
7000
4800
5200
4000
4100
7000
4400
4900
5000
3900
7300
4800
4200
4400
4200
8600
4800
4300
4700
4000
7400
4100
3900
3800
3900
4600
4400
4200
4300
4500
7500
4900
4500
5600
4600
4500
4300
4200
5400
5100
8000
7300
4900
4200
5900
4500
4200
4200
4400
4000
9000
5200
3700
3600
3300
3600
3300
3500
3300
3200
4100
4400
4500
3500
3500
3400
3300
3500
3600
3400
3400
3300
3600
4400
3500
3300
3900
3600
3400
3300
3600
3700
3300
3300
3700
3500
3400
3300
3400
3900
3500
3500
3600
3300
3400
4100
3400
6700
3200
3300
3300
3600
3600
3300
3400
3600
3300
3900
3600
5200
7800
4300
3600
2800
2700
2600
2800
7200
2700
3000
3100
2800
2900
3100
2900
2700
2900
2600
3000
2800
2700
2700
2600
2600
2700
2800
2700
2700
2700
2800
3500
2700
2800
2600
3200
2900
2600
2800
2600
3100
3000
7200
2700
4400
2800
3000
3000
2500
4300
2800
4300
2900
3000
2600
2600
2700
3200
2800
3000
2800
14700
5100
11600
8200
3300
2500
2200
2600
2100
2300
2500
2300
2100
3300
2400
2500
2200
2500
2400
2400
2300
3100
2300
2800
3200
3000
2200
2200
2000
2100
2300
2400
2200
4000
2200
2100
2100
2400
2200
2200
2200
2100
2200
2300
2100
2300
2200
2200
2300
8900
2500
2300
2300
3200
2400
2500
2100
2200
2200
2200
6100
3400
2800
2200
2800
2300
2200
4800
2500
2200
2300
3700
2700
2000
2600
4100
2200
3100
2300
2000
2400
2200
2000
2100
2500
2100
2100
2300
2400
2300
2300
2100
2000
2000
6600
2200
2000
2200
2300
2000
2200
2100
2900
2200
2400
2000
2200
2400
2200
2200
2200
2200
2200
13600
3200
2200
2200
2400
3400
2300
21800
2800
13700
1900
1700
1700
1600
1800
1700
2100
2200
1800
1700
1700
1700
1600
1900
1700
1600
1700
4700
1900
1700
1700
1600
1700
1600
1900
1700
1700
1900
1700
1700
6400
1900
1600
1800
1500
1700
2000
1700
2200
1700
1700
1700
1700
1700
1700
1800
1700
1800
1700
1700
1800
1700
1800
1700
1600
1800
1700
6100
3500
4200
1600
1600
1800
1700
1600
1600
1600
1800
1600
1500
1500
1600
1600
1900
1500
1500
1700
1500
1500
1600
7400
1700
1800
1800
1600
1900
1600
2300
1700
1600
1600
1600
1600
6000
1700
1600
1500
1600
1600
1800
1500
1700
1500
2000
1600
1500
6800
2500
2000
1600
1500
1600
1500
2000
1600
1600
1500
24300
1600
1200
900
900
900
1100
900
900
900
1000
900
900
1000
1100
1000
1100
900
1000
900
1200
900
900
800
800
900
1600
900
9000
900
800
600
1000
600
700
600
700
700
900
1100
700
700
900
600
800
600
600
600
700
600
900
600
600
700
1300
900
600
600
600
600
1900
800
700
700
700
600
900
600
600
600
800
700
700
600
600
700
700
600
700
600
700
600
600
800
600
600
600
600
700
900
800
700
800
600
700
600
900
600
600
1100
900
700
900
600
700
700
700
700
5200
700
600
600
700
700
900
600
600
600
600
600
1400
1000
900
700
700
600
700
800
700
4700
700
600
600
700
700
800
600
600
700
5700
800
700
900
600
500
600
600
700
800
900
700
600
700
700
600
600
600
600
600
1100
700
700
800
1100
700
700
600
600
900
1100
700
600
600
700
700
800
600
600
700
1000
