772900
9300
7900
5100
4500
5100
3900
3900
8800
4100
7100
4300
3900
4200
6000
3800
4000
3900
4400
3700
6600
4600
3900
3700
3800
8600
4800
3900
4600
3800
6500
4000
4100
3700
3700
4400
4400
3700
4000
4300
6400
4100
4300
4400
3900
4100
4000
4600
4100
3900
6100
8100
4100
3800
3900
3800
4200
3900
3800
3700
9700
5400
4600
4100
5500
4800
4100
3700
4100
3700
5900
4700
4300
4400
4100
4300
3800
3500
4800
4000
4600
4500
4200
5700
4700
4400
5100
5400
4200
4400
4600
4000
4000
4300
4900
4400
3600
3900
3600
3900
4100
3800
5000
3900
4200
3800
3600
3800
3500
3600
3800
7900
3700
3900
3600
10500
3800
3700
4500
3600
13900
6200
14100
4500
4100
10000
3900
9200
3200
2900
4400
3300
3000
2700
3100
3000
2800
3000
2900
3000
3200
2900
3000
3700
3600
3700
3400
2900
2900
2900
3200
2900
2800
7000
3500
2900
2900
3200
2800
3500
3200
3100
3000
3100
2900
3900
3600
2900
3000
2900
3600
3100
2900
3000
3100
3500
3100
2800
2900
3100
13000
13300
4600
3300
2900
2800
3400
3000
2700
2900
3200
2800
2700
3000
2700
5900
3000
2700
2700
2900
2800
3800
2700
2500
4100
3100
2700
2500
2600
2600
2800
2900
2600
2600
2600
2600
4100
2900
2700
2700
2800
3300
2500
2900
2600
2600
2900
3300
3300
2800
3000
3200
3300
3600
3400
5600
3300
4500
3400
3700
8800
3300
2700
2500
2900
2200
2200
2300
2600
2900
2400
2100
2200
2200
2700
5100
2400
3200
2300
2300
2400
2300
2400
2200
2700
2200
2400
2400
2600
3600
2500
2800
2400
2400
2600
2300
2400
2400
16200
2500
2400
2400
3400
2500
2800
2300
2400
4200
2600
2300
2300
2700
2600
3200
2800
2300
2400
2300
2500
2700
25400
2900
2400
2500
1700
1600
1900
3000
6800
1900
1800
2200
1700
1700
2000
2500
1700
1800
1700
1600
2200
1800
1900
5500
2000
1700
1900
1600
1700
1700
1700
1700
2100
1600
1700
1700
1600
1600
1800
1500
1700
1500
1900
3600
2100
1800
1800
1600
1700
1600
1700
2300
1700
1500
1600
1800
1600
1600
1600
1800
8600
16900
3100
3500
1400
1400
3900
1400
12600
1400
1300
1500
1500
1200
1400
1400
1700
1400
1400
1300
1600
1500
1400
1300
1400
1500
1700
1400
1400
1500
1300
1300
1300
1300
1200
1500
1400
1300
1500
1300
1400
1400
1200
1300
1500
1600
1900
1900
1900
1900
2000
1800
1900
2200
2000
1900
2300
1800
2000
2000
13500
3500
2100
2000
1900
1800
2200
79000
5500
2400
2600
2300
2600
2500
2100
2100
2000
2000
2200
2100
2400
2100
2000
2100
2400
4800
2200
2100
2200
2100
3000
2100
2100
2100
2000
2100
2300
2000
1900
2600
2200
1900
2200
2100
2000
2000
2000
2000
2200
2000
4300
2200
2100
2900
2000
2100
2000
2000
1800
2000
7800
35800
1300
1300
1700
1200
1100
1100
900
1200
1500
1000
1200
1100
900
1100
7000
1500
1100
1200
1000
1000
1200
900
900
1100
1200
1100
1400
1100
1000
1100
1200
1100
1300
1100
1000
1100
1100
1200
1800
1000
1100
1200
1500
1200
1400
1100
1000
1100
1100
1100
1400
1100
1100
1100
9400
1100
1500
1100
3500
1500
1200
1100
1100
1000
1400
1200
1100
2000
1300
1100
1100
1000
1100
1000
1000
1000
1100
7800
1100
1100
1000
1000
4000
1100
1100
1100
1000
1800
1200
1000
1100
1100
1000
1300
1200
1000
1100
2100
1200
1300
1200
1100
1000
1000
900
1500
1000
1500
1000
1200
1000
1100
1100
1400
1200
7700
4200
1900
