1264700
12600
9200
7400
8300
8400
9700
7700
14400
19000
11500
7300
6800
6500
12300
6000
7700
6700
7600
7300
9400
7200
5300
5400
5600
16500
6300
6100
5700
4300
13100
5200
5200
5200
5000
4900
5500
6600
5600
6100
11300
6000
7300
11200
6900
6900
7400
6000
15700
12500
25100
11600
12200
33800
19400
9000
15200
9500
31200
12200
7400
4000
3100
2700
2900
3300
2700
2700
2600
2500
3100
2700
2600
2600
3400
2700
2700
2600
3200
2900
2900
2600
2500
2900
2700
3400
3200
3000
2800
2700
2600
2600
2500
2700
2600
2600
2500
2600
2600
2700
2600
2600
2600
2500
6100
3000
2700
2500
2700
2700
2800
2700
2600
2600
2600
2700
2500
2600
2700
2500
6600
5800
3200
2900
2500
2400
2400
8400
2900
7100
2600
2900
2500
2600
2800
2400
2500
2400
2600
2600
2700
2600
2700
2700
2400
2400
2800
2600
2500
2400
2500
2500
6600
2600
3200
2500
3200
2500
2700
3000
2400
2600
2400
2500
2500
2800
2500
2700
2600
2600
3100
2700
2500
2700
2400
2600
2500
3100
2600
2600
5800
3700
2900
2400
3600
2600
2500
2500
2200
2300
4100
2400
2400
2800
2300
2700
3300
2400
2500
2300
2600
2500
2500
2900
3000
2400
2400
2700
3800
2500
2300
2300
2300
2400
2300
2500
2500
2900
2400
3200
2500
2400
2300
2300
2300
2900
3200
2400
2400
2500
2500
2800
3700
2500
2400
2500
2300
2400
2400
3800
5500
3600
2800
2300
3000
2400
2400
2400
2400
2400
2500
6400
4700
2800
8600
4900
2700
2900
3100
3000
2900
4800
2500
2600
3100
2500
2500
2600
2500
2300
2500
2800
2500
2600
2800
9000
5900
2500
2400
2600
2500
2600
4000
2300
2400
2500
2300
2300
2200
2300
2400
2600
2400
2600
6100
5300
2400
2400
2200
2500
5300
2900
2500
2300
2200
2500
2500
3900
2400
2700
2200
2800
2100
2200
5200
2300
2400
2500
2300
2200
2300
2300
2200
2200
2700
2400
4400
2500
2400
2200
2400
3100
2200
2100
2300
2200
2700
2300
2300
2200
2200
2700
2400
2300
2200
2200
2200
2200
2400
2100
2400
7500
2200
2300
2200
2200
2200
2200
2200
6900
22400
14200
2500
2200
2000
1900
2300
2000
2000
2000
2100
1900
1800
1900
1900
1800
2100
2000
1900
1900
2000
1900
2100
6200
2000
1900
2200
1900
1900
1900
1900
2100
1900
1800
2100
1800
6900
1900
1900
1700
2200
1900
1900
1800
1900
1900
2400
1900
2000
6800
2700
2900
2100
2000
1900
2000
2000
2200
1900
1900
33500
4200
1600
1300
3900
1300
1100
7000
1500
1200
1300
1200
1000
1100
1000
1200
1100
1100
1400
1000
1200
1300
1100
1000
1100
1100
1100
1700
1100
1100
1100
1100
1100
6000
1100
1000
1000
1100
1000
2000
1400
1100
1100
1000
1100
1000
1000
1200
1100
1000
1100
1400
1000
1100
1100
1000
1000
1400
1000
1000
5500
1000
1300
900
900
800
900
1400
1100
1000
900
900
900
900
5400
1000
900
800
900
800
1100
900
900
900
900
1000
1000
800
900
900
1000
1300
1000
900
900
900
900
900
1100
800
800
900
900
800
1200
800
900
900
800
800
1200
900
800
900
800
900
1100
900
800
900
1700
900
800
900
800
800
800
3000
1000
4600
1400
800
1300
1100
1000
1000
900
900
900
1500
1000
900
1600
1000
800
900
1000
800
800
1100
900
900
900
900
800
1100
1000
900
900
1400
800
900
1100
900
800
900
900
800
1000
1300
1700
900
800
1100
900
5800
1000
900
900
1300
