1261400
11600
7800
6000
5600
5900
5600
8300
11500
5900
8200
5800
5700
5000
8600
5400
9400
6300
6600
5600
9200
7300
5600
5500
7000
12300
7200
6600
6000
5800
9900
6300
5600
5000
7700
5000
6000
4900
5000
4100
6900
7100
5900
5100
5900
6300
5300
5300
5600
5400
9000
9600
7000
6000
10600
6800
6800
6200
6100
6400
8500
5300
4700
4300
5300
4700
3800
3600
3400
3400
4800
4100
3800
4400
4200
4500
5300
4200
4100
4100
4000
4600
4400
4800
4100
4600
5800
4300
4200
4500
4500
4600
4300
4500
4100
4600
3700
3500
4500
3900
4500
4200
4400
4400
4200
5000
4500
4000
8000
4700
4500
9800
4400
4100
4200
4500
4100
4200
4400
4700
8600
3900
3600
6800
2900
2600
2500
6900
2800
2900
15500
2700
2900
2800
2700
3000
3100
2800
2800
2800
3000
2700
2700
3100
2700
2700
2600
2900
3200
5700
2900
2800
2800
3200
2700
2500
2600
3100
2700
2500
2700
2600
2500
2500
2500
2500
2700
2800
3000
2800
3400
2900
2500
2600
2700
2600
2600
2500
2600
3200
10100
5700
5700
6500
4400
3100
4300
3100
3700
3300
3300
3200
4500
3700
3400
3300
3200
3300
3200
3100
3400
3200
3200
3300
6100
4100
3200
3400
3500
3400
6700
4400
3500
3700
5300
3700
3900
3100
3200
3000
3400
3700
3200
3000
3200
3100
3300
3500
8900
5800
4500
4200
4000
3300
3500
5500
3400
3900
3100
3200
9600
3600
2500
2600
3100
2800
2300
5900
2400
2300
2300
3400
2200
2400
2400
14500
2600
3700
2400
2400
2600
2800
2600
2600
2600
2700
2300
2700
2500
2400
2700
2700
2700
2700
2500
2500
2600
2400
2600
2500
2900
2400
2600
2500
2900
3400
2600
2400
3100
2400
2700
2300
2300
2300
2500
5600
2900
2400
2300
2500
30100
3900
3000
3000
2500
2400
30200
2600
2400
2500
3200
7200
2400
2400
7500
2600
2400
3400
2500
2400
2500
2700
2400
2600
2400
2500
2300
2400
2300
2500
2800
2500
2700
2400
2400
2400
2300
2500
2400
2700
2400
4200
2400
2400
2400
2600
2400
2400
5700
2400
2500
2700
2400
2400
2300
2200
2600
2600
2300
2600
13700
3600
1500
3900
1500
1400
2000
1400
1400
1400
1500
1400
1500
1300
1500
1300
3200
1500
1400
1400
1400
2300
1300
9300
1900
1700
3200
1800
1800
1900
10700
2500
2100
1900
2000
4100
2100
2000
3000
2000
2000
2200
2100
5300
2100
2100
3500
2000
1900
8900
3000
2300
3300
2100
2100
2200
3900
2200
2100
2100
32500
1300
900
700
800
600
900
700
700
700
700
600
900
700
600
900
700
700
800
600
700
700
700
700
1100
700
700
700
600
600
1000
1400
700
700
600
700
3700
700
700
1200
800
600
900
700
700
700
7600
1100
1500
700
800
700
700
700
900
700
700
700
1300
700
1700
3800
700
800
700
600
700
800
600
800
700
700
600
600
700
700
600
600
700
900
700
700
700
600
700
600
700
700
700
600
700
700
1000
1000
900
900
1100
900
900
1000
1100
1100
1400
1200
1100
1100
1000
1000
1100
1000
1000
1100
1000
1000
1400
1000
1100
1100
1100
1100
2500
1200
900
700
700
700
700
700
700
8400
800
600
700
900
700
600
700
600
600
1100
800
700
700
700
800
700
800
700
700
1200
900
700
700
900
2900
13800
700
600
600
1200
1000
700
600
700
700
700
1300
700
700
1200
700
700
700
900
600
1100
13500
2900
800
4500
