1038900
36300
109400
25600
27600
31800
27700
19700
34300
20000
39700
29200
28700
25500
25400
25100
23500
32700
23100
38200
44800
36000
31100
44800
42600
34700
28700
39300
28200
38000
64200
26800
24000
46300
43100
26600
24900
43300
28800
27500
47000
39300
22900
61200
23800
23800
53100
47200
29400
25800
28100
16900
13300
13800
12700
25100
14800
12600
13200
16100
29400
16600
16200
15200
14300
19500
16600
15900
15000
29100
31000
16700
16800
35900
29100
18000
18200
23100
15100
38200
56000
17300
15800
32200
28700
19100
17300
39300
17000
17700
32800
19500
16800
36800
17100
18400
35600
32100
18000
19400
912900
16400
32300
12500
12200
33500
11500
10500
10500
10100
15300
11800
19600
14200
15900
17000
18300
12500
15700
12100
35300
14900
14300
19200
16800
13000
13500
20800
15700
17100
38800
14700
13600
23600
17500
14500
14100
19600
14800
14900
32300
15700
15100
20400
13700
13600
23200
20900
15100
17000
11400
8600
8300
8800
7800
13900
9200
8300
8500
8500
16900
10200
66900
13500
15800
17600
15600
10900
24700
10400
15500
11800
12500
13000
11200
10000
10500
10200
10100
15500
36800
13700
12400
19400
19800
12500
12400
17300
12900
14700
19700
13200
31900
66600
25300
22900
34700
32900
20600
26300
23400
14500
13000
18900
14000
25500
14800
11800
12300
12000
17400
15200
26600
17200
24000
24100
15900
14900
20100
14300
17100
15800
19900
28300
18100
16100
19500
15300
15800
23100
21900
17300
16500
27500
24700
18100
17700
15900
17000
25500
25300
19400
18400
34300
18800
20700
31000
28500
19900
22900
14700
12500
11200
11200
10800
19500
11600
10700
13000
10400
12400
11700
21600
60700
19600
20800
12900
11600
16400
11600
19900
13200
16300
13800
12800
11900
13000
11400
11200
20100
15400
13300
12300
22000
26400
13200
12100
12400
12100
21100
25600
14200
12800
21700
21200
10400
12200
22200
12300
15200
33800
26300
20100
20400
16800
19200
18300
19900
18500
19000
21900
19200
17900
48500
26000
19400
20300
18900
19700
19600
23200
25500
20100
25900
20300
19900
19800
19000
21100
19200
25800
21100
19500
22500
16900
16200
12600
14600
25800
19800
109700
14000
10900
10600
9500
12200
15100
9500
9800
10300
14000
11100
12500
14900
11200
12300
11500
11700
10900
11000
13500
12300
12400
18200
13400
12200
12000
13300
11900
13200
13600
12800
15400
17700
323300
18400
11200
9300
10400
11600
10400
8500
8200
11300
9300
8400
801400
32600
14800
17900
587400
31400
35700
9100
7100
18100
13700
13300
8000
30600
10300
6000
8400
5400
5000
5800
5000
4800
4800
16400
14000
12100
8100
11200
8200
5500
21800
8200
7800
8900
10400
8500
8300
11300
9200
8600
8600
8200
10300
13400
11200
8700
8500
12700
10000
9500
9200
31700
9000
8200
43000
6800
6500
6400
5700
5600
11200
5900
6000
5800
8100
7100
8400
7400
7000
7700
8400
28300
8500
6100
7400
10500
6800
6900
6500
6900
6400
6800
6800
8100
8200
7100
6900
10200
7600
6700
6300
6700
7200
7500
10800
12900
11300
19400
7400
7600
6900
7200
10900
13000
43800
5500
10200
5200
4900
5000
10000
5100
5700
5400
11900
6500
7900
6700
6200
7400
6600
6300
6400
6400
11200
10300
8000
7400
7300
7000
8100
7100
7000
7000
9100
7400
7500
13300
6700
7500
7100
6700
6600
7800
9000
7400
7500
9900
7900
14300
7800
7000
15800
6900
32500
5300
5200
4900
4700
5000
9400
4800
4900
4800
7700
6600
10900
6100
6100
11200
6100
6800
6100
6400
7100
9900
6500
6600
6300
6700
6300
8500
6400
6300
7600
6900
6900
10600
7200
6500
6900
6700
6800
7800
13500
7000
6300
13900
6900
6700
6900
6800
10800
7500
27700
5000
4900
8600
7200
4900
4800
4800
5000
4600
11700
8400
4000
3600
3600
3500
3500
3700
4300
4200
5100
3900
3900
3800
4900
3900
3800
3600
3800
3800
6400
5100
4000
3900
3800
4400
3800
3800
4000
4100
5200
5900
5300
6100
5500
5000
5300
6800
4700
5600
15800
5000
3100
6200
7200
3300
3000
9500
5100
3600
4800
3600
3600
3800
4300
3600
7300
4600
3600
3500
4600
4100
4200
3700
5000
4000
3800
3600
3500
3800
5700
4600
3900
3800
4200
4300
3800
9200
3700
3800
5600
5800
4000
7500
15000
4200
5200
6500
4000
8200
15400
5000
2900
2900
6000
118500
19000
17400
8000
5300
7100
4100
5600
4500
6300
5600
4700
5300
4500
4300
7600
5200
4800
3400
4200
3300
3800
3200
4100
3300
5500
3400
3300
3300
3200
3400
6800
2900
3000
3000
4600
4900
3200
9700
4600
3400
4500
5700
3200
4500
15300
5900
3000
3000
6900
3300
3000
5100
4700
2900
4200
5000
21600
2800
10700
2700
2600
2900
2700
2400
3900
2800
3000
2900
2800
2500
2900
2900
3500
2600
3500
2800
2900
3300
3800
3000
5800
2900
2800
2800
4100
4600
3000
4900
4200
3300
4000
5000
3100
4400
15000
5100
2800
2800
5700
2900
2600
4500
4300
2800
5000
2800
2600
2800
3400
3000
2800
3200
2700
2600
4600
3000
5700
2800
2700
3300
3100
2700
4400
3100
3600
3000
3100
2800
4900
3000
3000
3000
2900
2900
6100
9000
3300
3200
3300
3000
3000
3000
3300
3200
13400
4800
2600
2600
5400
2800
2500
4500
4300
5400
4200
3000
2500
2600
3300
2600
2500
3200
2500
2800
4200
2800
2700
2800
8500
2800
2600
2600
4100
2800
5500
2800
3000
2900
3900
2900
3100
2700
2800
2800
5700
2900
2900
3100
3000
3000
3000
2800
3000
3000
12800
4500
2500
4600
5800
2600
5100
10600
2800
5300
13400
2800
2900
2600
2500
3500
2600
2400
2400
2500
5400
3800
4400
2900
3400
4600
2600
2700
2700
4400
5000
4800
3800
4400
3100
7900
3100
4300
4500
4100
5900
3400
3100
3200
4400
4900
3300
3200
4000
3200
18300
3000
2700
3700
4600
3300
2700
2800
2700
3500
3600
3100
2700
2500
3300
2500
2400
2500
2600
3300
3900
4300
3300
2700
4100
3700
2600
3500
2700
3400
7200
4300
2800
4700
2900
2900
2900
4400
2900
4600
4500
3200
5200
3300
3100
2900
3700
3100
3200
3000
17000
2700
2800
2600
4600
2600
2700
2900
2600
2500
3800
3500
2600
2600
2500
2700
2500
4100
2800
2600
4300
5500
3900
2900
2900
2900
2900
2700
2700
3500
4200
4100
2800
4500
2800
3000
2900
4300
3000
4200
6000
4900
3100
3100
3000
3800
3500
3000
3000
3400
16100
3900
2700
2600
5100
2700
2800
2600
2600
2500
4000
3100
2600
2500
5300
2500
2300
2900
2800
2500
3900
3000
3600
2800
2900
2600
2800
2700
2700
2800
4700
4100
4200
2900
4100
5000
3000
3200
2900
4400
4200
3100
3000
3400
3100
3000
3100
3200
4300
3100
15600
2700
2700
2600
7000
2600
2500
2500
2700
2600
3700
2800
2500
2500
2300
2400
2300
2300
2700
2400
3500
2900
3500
2700
2700
2700
2800
2600
2800
2600
4500
4000
4300
2800
3800
4000
3400
2900
2900
4300
3800
4700
3000
5000
3100
3300
3100
4700
3000
4900
24800
2800
2600
2600
4500
2500
2900
3100
3300
2500
4000
3000
2600
2500
2600
2400
2400
2400
2500
2500
3600
2700
4000
2700
2700
2700
3000
2700
2700
2600
4700
4000
3900
3000
3900
4700
2800
2900
2800
4000
4100
7600
3200
8000
4400
3300
3100
4800
3000
5200
13700
2900
2600
2600
2800
2600
2800
2600
2800
2600
5500
3200
2700
3000
2700
2800
3000
2400
3600
2600
3200
3100
3400
2800
2800
3000
2600
3100
2700
3700
3600
4500
3800
3200
4000
4500
3200
4300
4000
3000
5100
3300
5000
3300
3200
4200
21200
8400
3600
4200
15700
5400
2900
2600
2700
3600
4400
3900
2700
5500
4200
2800
2500
2400
3400
2500
3300
2600
2400
3700
3900
3700
3300
2800
2700
3700
2700
2600
2600
3400
4800
4800
3800
3000
4800
2800
2900
4800
3800
5700
4400
3000
4800
3200
3100
3000
3100
4700
3500
3200
13200
4600
2600
2600
2900
2900
4300
2800
2500
4600
3800
2600
2500
2700
2600
2400
3700
2500
2600
2900
3100
2900
4100
2900
2800
2700
2900
2700
3600
3000
3700
4300
3900
5800
4500
2900
2800
4200
3800
3200
4400
4000
4700
3200
3000
2900
3200
6500
3400
3200
13300
4800
2700
2500
2600
2900
5000
2800
2700
4800
4600
2600
2900
2700
2600
2500
3500
2700
2600
3300
3300
2800
2800
2900
2900
2800
2700
2700
7200
2900
3700
3500
4900
3000
3000
4400
3100
2800
2900
4600
4300
3000
5000
3200
3000
3000
3700
4800
3300
3200
13200
4500
2600
2600
2500
2700
4200
2700
2500
4900
4100
2500
2600
2600
2400
2400
3000
2600
2400
3000
2900
5400
2800
2700
2600
2700
2600
2700
3600
2900
3400
3100
4700
2900
3000
3100
3000
2800
2800
4300
3800
4400
4700
3700
6600
3200
3900
4800
4700
3200
14400
5300
2500
2500
2700
2600
4700
2800
2600
4600
4800
4000
5500
3000
2500
2400
3200
2500
2500
3100
3200
2700
2800
2800
2900
2800
2700
2600
3900
2800
3300
3000
4500
3100
2900
2900
2900
2900
3100
4000
4100
4600
5000
3200
4400
3000
3100
4300
4600
3100
12800
2800
6100
2800
2700
2600
5500
4500
3200
3900
5700
3400
2700
2600
2700
2700
3500
2600
2700
2500
3700
2900
2800
2700
2800
3600
2700
5900
3600
2700
5600
3300
2900
3100
4500
3200
3100
2900
4500
3100
4700
4800
3300
3500
3000
4000
3200
3200
3000
3400
13200
2700
2700
2800
4400
3000
2800
4600
4500
2900
4400
2800
3200
3100
2600
2500
2600
2500
3300
2700
3700
2800
4000
2700
2700
3800
2700
2700
3600
2600
5500
2900
2900
3100
4000
3000
3100
2900
3900
3200
4800
5400
3400
3000
3000
3000
3300
3000
3000
2900
13200
3300
2900
2700
4500
2700
3400
4500
4800
2600
4100
3000
3100
2500
2500
2400
5300
2500
3000
2500
4100
3700
3000
2800
2700
2800
3800
2700
3300
2700
5800
2900
2800
2900
5500
3000
2900
2900
4000
3100
5800
4900
3100
3100
3300
3100
3100
3100
3200
3000
12600
2700
2800
3000
4800
2800
2600
4700
7400
2600
4100
2700
3400
2600
2500
2500
2600
2700
3100
2600
4300
4200
2900
3200
2700
2800
4000
2800
2900
2700
3700
3000
2900
3100
3000
4700
3000
3100
4400
3000
4200
4800
3200
3100
3000
3100
3100
3100
3000
3000
12300
2600
2600
3100
4600
2700
5500
4300
4900
2900
4400
2600
3000
2500
2500
2700
2900
2400
3000
2500
3900
3700
2900
2900
2700
2800
5200
2800
2900
2700
3800
3100
2900
3000
2900
4000
3000
3000
4400
3100
6300
3100
3500
3100
4400
3400
3100
3000
4600
3100
13000
5300
2600
2600
4500
2600
2600
4500
4600
2600
4300
3000
3700
2600
2600
2500
2700
2500
5900
2500
4100
3800
3000
2800
2900
2900
4100
2800
2800
2800
3800
3100
3200
2900
2900
4500
3000
3100
4300
3400
6200
3400
3100
3100
4800
3200
3200
5800
4600
20800
25500
12400
2900
2600
2600
2800
2600
4100
2600
2700
9500
2900
2600
3400
3100
3100
2500
3400
2600
2600
4600
2800
2600
2600
2700
2800
2900
2600
3200
2600
5100
2800
2800
3600
2800
2800
2800
2800
3700
3900
5000
2900
3100
3900
2900
4100
4000
3000
3000
3000
16700
2500
3500
4600
8200
2500
5600
2500
2500
2500
5600
2900
2800
2700
44800
4300
3500
3500
795700
6500
16200
9600
4500
4500
4400
4500
4200
4300
4600
4300
6100
5900
4600
4800
16500
4800
5100
4400
4700
14900
9900
5100
4700
5100
4900
7000
5100
5500
5200
5400
29000
4400
4300
6700
6300
4500
6400
5200
4500
4400
6000
4800
4100
3900
4400
4100
4000
4000
4300
4500
10100
4600
4300
4300
5100
5200
4300
4300
4400
4600
6100
4700
4400
4700
4400
4700
4600
4900
5500
5900
6700
4800
5100
4800
4900
6300
5100
5700
5100
5000
24700
4500
4400
6600
10700
4600
5900
4300
4300
4300
6100
4300
3900
4100
4800
4100
4000
4200
4100
4300
5900
4700
4600
4400
5400
5400
4200
4500
4500
4400
6000
4900
4700
5500
4900
4700
4800
4600
4300
4600
6600
5100
5000
5000
5100
6300
5200
5300
5200
5000
26100
6600
4500
6000
6300
4200
10100
4200
4700
4200
6000
4300
4200
4100
4600
4100
4000
4000
4000
3900
6600
4600
4300
5000
5300
5100
4500
4200
4200
4200
5800
4500
4400
4400
4800
7200
4600
4500
4800
4500
6200
4700
4800
4800
4800
4900
4800
5600
5500
7100
24100
4500
4500
6800
6300
4000
5900
4500
4400
6600
6100
8000
3700
3600
4900
4200
3900
4100
4000
4000
6500
4800
4400
4400
5400
5500
4800
4400
4300
4200
6100
4700
4600
6000
5500
4900
5800
4900
4800
4800
6700
5000
5000
5000
5900
5100
5200
5200
5400
7300
23700
4400
4400
3900
4300
7200
4400
4400
4700
4500
9300
5000
4400
4600
4500
4300
21400
4500
4000
4100
7000
4600
4500
4500
5600
4500
4500
4500
5400
4400
6600
5100
4800
4900
4900
5100
6200
11400
5000
6300
9900
5600
5400
6500
5100
4800
5100
7100
4900
5200
24500
4500
4500
7900
4500
4300
4800
4400
4500
7300
6800
5200
4200
4400
4200
4200
4100
4100
4500
4200
6500
4700
4500
4300
5000
5000
4500
4400
5100
4800
6500
5400
5000
5400
4900
4900
6400
5800
21600
6100
7100
5200
5100
5200
5200
5200
5400
7500
5000
5000
25000
4300
4500
6900
4300
4400
4500
4500
4400
6800
6300
4000
4100
4200
4300
4800
4700
4500
4900
4500
5200
5700
4600
5400
4600
4700
4500
4400
4400
4300
7100
5000
5100
4800
4600
4700
6600
6400
5000
10400
7200
5100
5400
6000
5600
5500
5500
7200
4800
5000
25500
5300
4700
6600
4200
4300
4500
4400
5200
6700
7400
4700
4400
4200
4100
4400
4000
4300
4300
4800
5100
6400
5000
5700
6000
4600
4700
4600
4400
4300
7200
4400
7500
5000
6500
5100
4900
5000
6400
9300
7600
5200
5100
5100
5400
5200
5400
7700
5200
5200
24200
4200
4600
6300
4400
4400
4300
4500
4500
7200
6800
4500
4200
4100
3900
4100
4200
4000
4200
4100
4900
5700
4900
5000
4800
4600
4500
4700
5100
4800
6800
5100
4900
4800
6800
4800
4800
5100
6900
4800
10400
5300
5200
5200
5300
5200
6700
7100
5300
7100
23400
4600
4900
7000
4500
4700
4600
4400
4600
6300
6000
4600
4100
7700
5000
5200
4600
4700
4500
4200
5300
6100
4900
5400
5400
4500
4400
5000
4600
4500
7100
5000
4900
4800
7300
4900
4700
4800
6300
4900
10800
5200
5200
5400
5100
5000
7100
6900
5100
6900
35800
4500
4600
4800
4200
4500
4600
6900
4500
4400
15500
7600
4100
3500
8000
3900
4000
3700
3800
4500
5600
4200
3800
4000
4200
4000
4200
4000
4200
4100
5300
6000
4200
5700
4400
4300
4100
3900
4300
4200
6100
4600
4800
10700
5100
4800
4700
4700
6500
6200
23100
4500
4000
3900
6600
3900
3700
4100
8100
3700
7300
4000
4000
3800
3900
4300
3800
5100
3700
3600
5400
4100
4100
4100
3800
4200
3900
4000
4100
4100
5500
5700
4200
5500
4600
4100
4300
4800
4100
4400
6000
4600
4600
4400
5800
5400
4600
4500
6100
6800
22800
4200
6800
3600
6200
4100
3800
4000
3800
4000
6800
4200
3900
7700
3500
3800
3500
3500
3800
3500
4500
3900
4100
3900
4900
3900
3900
4000
3700
5300
6600
5400
4800
5900
4300
4500
4400
4400
4400
4200
6400
4600
4700
4800
4600
4500
4800
5000
4900
6800
23900
4000
4300
3900
5900
4300
4100
3900
4100
3900
8400
3800
3900
3800
6300
5300
3700
3900
7800
3900
4900
4100
4900
4200
5300
3900
4300
4000
4000
6000
5200
4400
4600
4600
4500
4400
4200
4300
4400
4500
6600
4600
4900
4800
4600
4800
4700
4800
6400
6400
22900
4100
4000
3800
6200
4100
5100
4000
3800
3700
7400
3800
3900
3800
3600
5100
4400
3600
3700
3900
4500
4800
3800
7500
5600
3900
4000
6500
3900
5100
5500
4300
4700
4200
4400
4300
4200
4400
4500
4300
5900
6200
4600
6600
4700
4600
16900
4500
4700
4600
30600
4300
3800
3800
6400
4100
3900
4600
4000
3900
7400
4000
4000
3800
4500
4200
3900
3600
3700
3900
4600
4100
4100
4100
6000
4400
4600
5600
4300
9800
5600
5000
4700
4500
4500
4700
4800
7100
4400
4300
5600
6500
4700
5800
4900
4900
4700
5100
5200
4700
22900
3700
3700
4300
3800
3800
4000
3800
5900
5900
9200
4500
4000
4100
11200
3800
3800
3900
3800
5200
6200
4300
5100
3900
4700
4200
5000
4400
4200
4300
6200
9700
4600
4500
4700
4500
4700
4400
5900
4300
8600
4800
6700
4600
4600
4700
4800
5000
4800
4900
23700
4200
4000
3800
3900
4300
4100
3700
3800
4000
7100
3900
3900
3900
3800
3700
4100
3500
3500
3900
5900
4500
5000
4200
6600
3500
4900
4200
4100
4100
5900
5600
5000
4300
4300
4300
4300
4400
6100
5200
11100
5000
8100
4900
4700
4600
4700
6000
4600
5300
25600
4100
4000
4100
3900
3900
5200
3900
4100
4100
8200
4100
3800
3900
3700
4700
3800
3700
5000
5000
6000
4200
5400
4100
4200
4200
4200
7800
4200
4100
5900
6700
4700
6600
4400
4000
4300
4900
6100
4500
8600
4700
6600
5100
4700
4700
4500
4600
4900
4800
23300
4000
3900
4200
3800
3800
4100
4100
4000
3900
6400
3900
4200
4000
3700
3800
3800
3900
4800
4200
5800
4100
4300
4400
4300
4100
4100
4200
4200
4200
10600
4400
6200
4500
4600
4600
5800
5100
5100
4200
8800
4800
6500
4400
5200
4800
5000
4000
4700
4800
22400
4200
4000
4400
3800
3900
4100
4000
4100
3900
6600
4000
3800
4500
3700
3500
3600
3700
4800
3900
5800
4300
4300
4000
4200
4100
4100
4100
4200
4200
6700
4800
6000
4200
8300
4400
6100
4600
4800
4900
6200
7300
4900
4700
4600
4800
4900
5100
6700
5500
168100
10200
3200
3100
3100
2500
2900
2700
3100
2900
6200
2600
2800
2900
2500
2600
2500
2600
3400
5300
4700
3100
3400
2900
2700
2800
2800
2800
3400
3200
4600
3200
3800
3100
3000
3000
3700
3000
3000
3000
13500
4500
3000
4400
3100
2900
3100
2900
4100
3100
14600
2500
4100
2500
2500
2500
2600
2500
3200
2700
