576600
26800
137600
40300
35000
34300
38600
26300
32300
33600
47800
35200
35100
36300
42700
44300
38900
50000
30700
31100
78000
48600
70400
39600
31600
39700
28500
37100
28900
30200
37200
23600
22700
25400
25400
52300
873400
34100
18700
21800
47800
19200
48700
50500
20800
20000
21000
37800
20400
38600
21600
14600
16900
17300
10600
17600
13600
11700
10500
11600
21300
14500
15400
13400
22600
63200
28200
35500
14500
13100
24200
15100
15700
16200
13400
17500
21200
13800
13700
17300
29000
16500
15400
16200
14200
30300
16200
14500
14200
15400
27100
16700
29600
39000
17500
16800
16600
27800
17000
33500
13800
10500
34800
12100
10100
18600
11900
10200
9400
9500
14200
10900
21300
12200
11800
12100
11000
10500
11500
12700
27100
13000
17400
14200
12900
11600
11600
22500
12300
16100
19400
12800
13600
14200
12500
31400
14500
12900
13500
13600
22100
14500
29800
27100
15900
14300
14100
37000
15900
26800
12100
9800
11200
9600
8400
11000
9700
9200
8300
8800
13400
10200
20300
11700
10700
12200
9900
9700
10000
10600
14600
12200
12200
13700
22900
16300
11200
21100
13000
10900
21000
12300
11600
18900
12400
26100
13600
15700
16500
14400
19400
12900
25500
30800
14600
14100
13300
21200
14100
22800
11800
9200
11700
8600
8700
12300
9000
8400
7800
7900
11100
9700
18700
10100
12500
9900
8500
9000
9400
9200
12700
10900
11500
18000
23500
17200
11600
22100
12500
11800
15500
12500
11500
13400
11600
24600
14100
12700
12000
13400
22900
14500
22600
21500
14400
13400
13400
24100
14600
20600
11400
8600
13200
8700
7600
16400
12500
8600
7700
7700
10100
9000
15100
9900
9600
10200
9500
10800
9500
9400
14000
10300
10900
11100
15400
16200
11700
20800
10900
11600
13300
12400
10700
13100
12700
15000
11000
11800
12700
12600
15200
12200
12200
12100
12200
24400
13600
14000
12800
14300
21200
22200
18900
33000
21800
16500
18000
18600
21000
18400
26600
19100
17800
19800
17800
17000
17700
17000
17100
22100
27400
25300
23200
28900
36500
49000
43700
23500
22100
29100
28000
24100
22400
22100
22100
21800
23400
30900
30000
26400
99300
14000
12700
12700
53700
24800
10100
8500
15700
8000
25500
17600
14400
16600
14100
19400
15700
14300
14100
13900
31000
14900
14700
17100
14900
15400
14400
15200
16100
21600
19900
19300
17400
16700
16900
15900
14600
14900
15000
20100
17800
15800
14900
15600
15300
15200
15600
20500
15700
16000
74400
12100
8100
7300
14200
15100
16000
7400
7100
7400
17100
41700
17900
17500
8200
10300
8000
46800
16700
22600
17200
28400
13200
17200
32300
14800
12600
11800
17300
19300
21500
19900
28400
17400
14400
13600
13100
18000
15000
38200
26400
14400
14100
14300
16400
15300
14200
27400
14200
16700
115700
12400
10700
10100
20800
19300
9600
10800
34200
14600
16600
14600
11400
13100
10200
14700
9600
9200
9800
10500
11400
16200
11300
26100
11600
8300
7800
7700
16200
7400
16900
8500
7300
6500
7900
7400
7800
7600
13300
16300
16800
9100
8600
8500
8300
8700
8200
16200
11200
9700
36300
6800
6700
6000
17500
18100
6400
6000
6000
6400
9400
8400
7300
7300
6900
9000
6700
6800
5200
6400
9300
11600
8800
7900
7600
7500
8700
7800
11800
7400
16500
8400
7600
8000
7600
7600
7600
7700
7500
13200
20800
17000
13100
8700
8000
8400
8200
9100
8000
14900
26200
7000
6200
5500
16600
14300
6200
6500
5900
6100
10000
9700
6900
6900
6900
8800
6900
6700
6400
6800
7500
10800
7400
7300
7100
7200
9900
7100
10700
7000
21100
8000
7200
8000
7100
6900
7100
10800
7500
12000
15700
13400
21400
6300
6100
6100
6100
6400
6200
12100
26300
5900
5800
9300
5800
5900
5900
15300
6100
4400
37100
7400
5700
5400
6100
5400
6900
5300
5400
5400
8800
6100
7600
5600
8900
6000
5900
7400
8000
5800
9000
7200
6000
10300
5700
6800
8300
8900
12200
6000
13000
6400
5800
10300
11900
12000
6600
6100
7400
6100
27500
6100
5700
5800
6600
6400
12100
5600
15400
5500
7100
5300
6100
4900
5000
4900
6000
5000
5200
4700
8200
6400
6900
5300
7200
6500
5300
7000
6800
5300
7400
7100
5700
13500
6200
9200
9000
8300
5900
5800
8300
6500
6100
6300
11900
10300
6300
6300
6700
6000
25400
4400
4300
5300
6000
6000
11700
5900
16900
5600
6800
5100
6800
5000
5000
5800
6300
5100
4900
4800
7300
16100
5600
5300
5100
5300
8500
6100
6500
15800
7500
6000
5700
5400
5600
7700
9200
22600
6200
6100
8500
6200
6100
6600
14700
10600
6000
5700
5800
5700
25500
5500
4800
5400
5400
5200
11500
5300
10200
5300
12200
5200
6000
4800
5000
4800
5600
4700
4900
4900
7800
5600
5500
5400
4900
4400
7000
4800
4800
5800
29200
9600
6800
9500
7600
5300
5800
8200
8600
5000
8000
5700
5900
5800
11000
8700
5600
5700
6500
5500
24600
315000
13500
264000
32300
10700
23900
7800
13900
3100
9500
2900
3800
4600
2900
7100
4200
3800
2500
2300
13500
3900
3400
2800
2800
2600
7200
2800
2600
2600
4900
2900
4000
2800
5100
2900
2900
12000
3900
2800
4300
6800
3100
3100
8000
8400
4900
5600
3200
3500
16500
2900
2700
2800
2900
2500
5500
2700
5200
2600
4100
2500
3100
2400
2600
2300
2800
2500
2300
2800
3700
3100
2600
2800
2500
2700
3700
2500
2700
2500
4500
3200
3700
2900
4000
2800
2900
7200
4100
2700
4400
3100
2900
3300
2900
4700
5100
4700
3200
3300
13600
2500
2700
2900
6800
5000
2500
2500
2600
3300
5400
2600
3200
2500
3300
2500
2300
3700
2400
2500
3700
4500
2800
3200
3600
2600
2600
2500
3100
4600
4700
3000
2800
3900
2900
2900
2900
2900
3700
2800
4900
3000
3200
2800
4000
3200
3000
5600
3000
3300
13900
3500
2700
2800
2400
4900
2600
2600
3500
5100
3900
2700
2400
2500
3400
2600
2400
2300
2400
3200
3100
4200
2700
3200
2500
2500
3400
2600
3100
3200
3600
2800
2800
2800
2900
2800
3900
2800
2700
2800
4700
3000
4100
2900
2900
2900
3300
5100
3000
3000
13600
2600
2600
2400
3200
3900
2700
3400
2500
6100
4700
3300
3500
2600
2500
2500
2300
6200
2600
2400
3900
2700
2700
2700
4300
3000
2500
2600
3400
2800
4300
2700
2700
2800
3000
2600
2900
2800
2700
3000
4000
2900
3000
2900
2800
3100
21900
5700
3300
3000
14800
2800
2500
2700
2700
5500
2700
2500
2600
4900
3900
2700
2400
2600
2300
2200
2600
2300
2400
2300
6200
2700
2500
2600
3100
2900
2400
2400
2500
2600
3500
4100
2900
3600
2700
3400
2800
2600
3500
3700
4500
2800
2900
3200
2800
2900
2800
4300
2900
2900
14300
2800
3000
2400
2300
4000
2600
2400
2600
6600
4100
3700
2600
3000
2700
2300
2300
2400
2300
2500
3400
2600
2500
5800
3100
2600
2500
2600
2700
2700
3500
4100
2900
3800
2800
2800
2800
2800
3600
3900
3800
3100
2900
3100
3000
3100
3000
3000
2800
3100
13000
2600
2600
3800
2600
3900
2700
2700
3500
4900
5000
2600
2500
2500
2400
2400
2500
2600
2500
2400
3600
2700
3300
2700
6200
2800
2600
3000
2600
2900
3500
4400
3000
3800
2800
2700
3400
2700
4400
3900
4400
3000
3100
3100
3000
3200
3000
2900
2900
2800
12500
5300
2700
2400
2500
2800
2400
4300
2500
2600
5300
2700
2500
2900
2500
3100
2500
2600
2500
2500
3500
3300
2900
2600
2600
3300
2800
3500
2800
2700
4000
3300
3200
2900
2900
2900
5700
2800
3000
2800
4300
3200
4400
4200
3100
4800
3100
4900
4300
3100
13900
2700
3000
4700
4400
4500
2800
3100
4600
2700
4200
7200
2600
2500
2600
2600
2800
3000
2800
2800
3300
6200
2700
2600
2600
3600
2700
3700
2900
2600
3900
2900
2700
2800
3400
2800
2800
2800
2900
3000
4100
3000
4500
4200
3100
4400
3000
4500
4700
3000
13000
2600
2600
4500
4400
4100
2600
2700
4500
2700
4000
6200
2700
2500
2500
2700
2400
2500
2900
2600
4000
2900
2700
3400
2800
3700
2800
2800
2600
2800
4100
3100
2700
2900
3300
2900
3000
2800
3000
2700
4400
3500
4400
4200
3100
4200
3300
4000
4800
3000
12800
2800
2600
4500
4200
7500
2700
2700
799000
6800
5900
4700
3900
4100
6500
4000
3800
4000
4200
4100
6400
4700
4400
5200
4500
5500
4400
4300
4300
4200
6000
6500
4700
4800
4700
6300
4700
6400
5000
4800
6800
5100
8900
7800
5200
7900
5100
9000
7100
5300
28800
4500
4300
7800
7900
7500
4500
4400
7700
4500
6000
5400
4400
4300
4100
4100
3900
4000
4100
4000
7500
4500
4300
5900
4300
5600
4500
4300
4200
4100
5800
6900
4700
4400
4700
6800
4700
6800
4600
4400
6400
5000
9200
5600
5000
5000
5200
4600
4800
4900
24400
4300
6000
7500
7200
6600
4400
4400
7500
4300
5200
5500
3800
4300
3900
4300
3800
4000
4000
4000
17000
4700
4700
6100
4600
6300
4500
4100
4100
4500
5500
6700
4800
5100
5000
6900
4900
7500
4800
5100
6400
5000
3900
4700
14500
5100
4700
4900
4700
4900
21700
4500
13600
7500
4500
7000
4300
6900
7100
4500
9900
4600
5600
4200
4300
4200
4200
3900
5000
4200
5600
6000
4000
4900
5200
4200
5700
4200
4100
4200
6400
5300
4300
4300
5800
4700
4500
5900
5200
5100
9200
5200
4900
5400
7300
4800
5300
5100
5100
4900
30100
7000
4300
4500
4400
4300
7900
4400
4300
4200
6000
5000
4300
6600
4100
4100
3900
4100
3800
4100
5900
4400
4200
4300
5200
4100
5000
4200
4200
4300
6400
4500
5100
4600
6100
4700
4600
6000
4800
4400
20800
5100
4700
4900
6800
4600
4800
4500
5100
4900
28200
7000
4600
4300
4400
4300
8400
4200
4500
4300
5200
4900
4200
4000
3900
3700
3900
4200
4300
3900
4800
4500
5500
4400
4400
4400
4300
5000
5400
4500
6300
4900
4600
4700
6200
4700
4700
5900
4900
4700
8700
5600
5300
5000
6700
5100
5500
5000
4900
4800
29600
6100
4300
4300
4200
4000
7000
4200
4100
4100
6000
4800
4100
4000
4200
4100
3900
4100
3900
4300
5100
4400
5600
4700
4500
4500
4400
4600
5500
6900
6000
4800
4500
4600
6600
4600
6800
4600
4600
4600
9200
5100
4900
5000
6700
4600
5100
7000
17500
4600
34900
17000
4200
14800
4100
4700
6900
3800
3900
3900
13300
46100
778300
6700
4500
4400
4100
4400
4200
4400
14800
14000
12900
4800
4600
4400
4300
24000
14100
4600
6900
4900
4600
4700
7000
4800
6700
4500
4500
4500
6600
4900
5200
4900
7100
4700
4900
7600
4800
4600
23000
12400
4400
4400
3900
12800
8300
4700
4900
4400
6900
5800
4100
3800
3800
3800
3800
4100
3900
3900
5100
4500
7100
5200
4800
4400
4400
4100
9800
4600
5700
5700
4800
4900
7100
4700
6200
145200
13100
5900
6600
5400
5200
4700
9000
6900
4000
4800
3500
3600
22800
3000
9000
3000
8300
6400
2700
2700
2800
2600
8900
3200
3700
3800
2800
2900
3200
2800
2800
2700
5200
3100
3400
2900
3000
2900
2900
3200
4000
3900
4400
4000
3300
3300
3300
5100
3200
6700
3400
4400
7700
6900
3600
3500
5200
3400
5100
3400
5900
3400
19500
5200
3100
4500
3000
4700
2800
3300
2800
4800
6300
2900
2800
2500
2600
7300
3600
2700
2600
3300
4300
2900
2900
3200
2800
2900
2700
2700
3700
3800
4100
2900
3000
3000
4900
4100
4000
3000
2900
7800
8900
7300
3700
3200
5900
3100
7300
3600
5500
3000
18400
5900
2800
6100
2700
7700
2900
4000
2700
5500
7800
2900
2700
5300
2700
3100
3100
2600
2500
3100
4400
2900
4000
4600
3000
3200
3100
2700
2800
3100
4100
3000
3100
3200
3500
4100
2900
3100
2900
4000
6400
4900
3100
3100
4900
3200
5400
3100
4600
3600
12700
4600
5900
4900
2800
5100
2700
2800
3300
4500
6000
3000
2800
3000
2700
3100
3100
2600
2600
3000
4300
3100
3500
4200
2900
2900
3000
2800
3000
2900
5300
3000
3100
3000
3100
3500
3200
3000
4700
4100
6100
4600
6100
3200
4800
3100
4700
3100
4900
8300
12200
18000
3100
4900
3100
5200
2900
3000
2900
5000
6900
3400
3100
3100
2900
3700
3500
2800
3100
3600
5300
3300
6200
4300
2900
3200
2800
2800
2800
8200
5400
4300
3400
4600
3100
3000
3300
3200
4800
4800
4400
3200
3500
3200
3200
5400
3200
3400
3200
5600
14700
4800
2700
4900
3400
5200
3000
2700
2700
4900
5300
3000
5300
3200
2600
3800
4100
2700
2600
3400
4600
3100
3800
4400
2900
2800
2800
2900
2900
2900
5000
3500
3000
4100
3100
2900
3200
3000
4900
4200
4100
3300
3200
3200
3200
4900
3100
3200
3200
5000
17400
16700
3000
3000
5100
3000
7200
3100
5100
3300
12600
3500
3200
2900
11200
5500
3100
3200
11500
28400
4800
2900
3900
3800
3500
3100
2700
2800
2800
2800
5600
3100
2900
2800
2800
3000
2700
3400
3100
2900
4500
3000
3000
3200
3100
2900
3000
3000
3100
4800
20400
2700
2500
2900
2500
2500
2700
2800
2500
2400
8200
7300
2600
2400
2500
2800
3500
3000
2900
2800
3700
2800
3800
3600
3800
2700
3200
2600
2800
2700
5300
2900
2800
3000
2800
2700
2800
3200
2800
2800
4600
3000
3300
3000
3000
3000
2900
3100
3000
4700
15700
2500
2700
2500
2500
2600
2700
2500
2500
2400
11400
2800
2600
2400
2700
2400
3100
3100
3200
2600
3000
2900
3500
3000
2900
4100
2700
2700
4000
2700
5800
2900
2900
5300
2700
2700
3000
2900
2800
2700
4700
3100
3000
3000
2900
3000
2900
2900
3000
4700
16000
2800
2400
2600
2400
2500
2500
2600
2600
6000
7700
2600
2600
2700
2500
2500
3000
3100
2900
2600
3100
2900
2600
3100
2700
3800
2600
3000
3900
2700
3800
3100
4200
7200
4300
3000
3600
2900
2900
3100
4200
4900
3100
3300
3100
2900
2900
3000
3000
4500
15200
2500
2500
3000
2500
2500
2400
6200
2900
2400
7500
2800
2600
2600
2500
2400
3300
2800
2800
2400
4900
2900
2600
3300
2700
3400
2500
2500
3300
3800
4500
3200
4200
4200
4100
2900
2900
2800
3100
2800
5500
3300
7500
2900
2800
4600
16400
3100
3000
3000
18100
2700
2900
2500
2500
2600
5700
2600
3000
2400
8800
2600
2700
2500
2900
3300
3000
2800
2900
2800
2900
2700
2900
2700
2600
3500
3900
3400
3500
2900
3600
3000
4000
4100
5700
4600
3500
2900
2900
2800
6300
3100
3000
3400
3100
2800
3300
2900
3000
2700
11700
2800
2400
2500
2300
2600
2400
5300
2400
4500
8200
2600
2700
2700
2300
2400
2400
2500
2200
2300
3700
2600
2400
4500
2500
3000
2500
2500
2400
2500
7100
2600
2800
2900
2700
3100
3500
2800
2700
2500
3800
2900
2900
3100
3200
2900
2800
2700
4000
2900
11700
2500
2600
3400
2300
2600
2500
2300
2400
2500
6400
2400
2500
2400
2300
2500
2300
2900
2300
2200
3500
2600
2400
2700
2500
2900
2600
2600
2500
2500
3500
2500
2500
2600
2500
2600
3400
3200
2800
5400
3600
2900
2700
2700
2800
3200
2900
2700
3400
3100
19400
2500
2600
14400
2400
2500
2700
3300
3400
2600
6700
2600
2900
2600
2500
2400
2400
2500
2500
2500
3000
2700
2800
6800
2700
2800
2700
2700
2500
2500
4700
2700
3100
2700
2500
2600
3200
2600
2700
2500
3900
2800
2600
2900
2800
2700
2900
3000
6800
3300
12900
2500
2500
3300
2300
3000
3000
2300
2400
2400
5900
2500
2500
2400
2300
2600
2300
2300
2400
2800
3600
2500
2500
2900
2600
2600
2500
2500
2700
3000
3700
2600
2800
2600
2600
5100
2700
2700
2700
2800
3500
2900
2600
2700
2800
3000
2700
3000
3500
3000
11300
2300
2200
6400
2200
2200
2400
2500
2600
2400
5700
2400
2500
2400
2400
2300
2200
2400
2500
2300
2700
2500
3200
2900
2600
2600
2800
2500
3000
2600
3700
2700
2600
2900
2600
3400
2800
2600
2600
2800
3600
3500
2800
2900
3000
2800
3500
3100
3100
2800
11400
2400
2500
3200
2300
3200
2400
3900
2500
2600
5800
2700
2600
2500
2500
5800
2400
2400
2500
3000
3200
2700
2900
3100
2800
2800
2800
2700
2900
2800
4000
2800
2800
2800
2700
3900
2900
2900
2800
3100
3700
3900
3000
3100
4400
2800
3800
2800
2800
2900
11400
2500
2300
2300
3600
10300
2500
2500
3800
2800
7300
2900
2700
2500
2700
2500
2500
2400
2500
2700
3400
2700
2700
2700
3100
2700
2700
2600
6600
2700
3500
3000
3500
3500
2800
3000
3400
2800
3000
3900
4400
3200
3100
3100
3000
3400
3000
4100
3300
4100
12500
2600
4200
2700
2600
2800
2500
2500
2600
4000
6800
2700
3100
2600
2700
2400
2600
2800
2500
2500
3100
2900
2600
2800
2600
2600
4700
2600
3100
2800
3800
2800
2700
6800
2900
2700
3300
3300
2900
3400
8200
3000
3200
3000
3000
3100
2900
4400
3100
4100
12300
2600
3900
2600
2500
2600
2500
2700
2600
3800
6100
2800
3000
2600
2900
2600
2600
2700
2500
2900
3100
3900
2900
5900
2700
2700
2800
2600
3000
2900
3400
3000
2700
3400
2900
2900
3600
2800
2800
3600
4500
3700
3000
3600
3000
3300
2900
3800
3300
4000
12200
2800
4200
4100
2800
2500
2500
2500
2500
3800
6000
2900
3600
2700
2500
2600
2800
3000
2400
2600
3200
2900
2800
3100
2900
2700
2600
3000
2800
6000
3400
2800
3000
3000
2800
2900
2900
3100
3900
3100
4100
3200
3200
2900
2900
3000
2900
5200
3000
4000
12400
2500
3900
2600
2400
2500
2500
2700
2500
5300
6200
2800
3200
3300
2800
2600
2600
2700
2500
2500
3200
2900
3000
2700
2700
2700
2700
2900
2800
2900
3400
3200
2900
2900
2900
3400
3000
2800
3700
3400
3900
3100
3300
3900
3100
3300
3900
3100
3200
3900
12200
2700
4700
2600
2700
2500
2500
2700
2500
4000
6400
2700
3300
2700
2600
2500
2800
3300
2400
2600
3200
2900
2700
2700
2600
2800
2600
2600
2700
2800
3700
2900
2900
3200
2900
2800
2900
2800
4000
3800
7200
3400
3100
4800
3100
3100
4400
3200
3000
4200
12200
2600
2600
2700
3000
2700
2600
4800
4100
5700
