913100
34900
21200
19300
18900
27200
49700
27700
26700
25300
36800
26000
24400
23600
148400
25600
21400
23700
21100
23800
43900
31000
28600
26900
35600
42600
27700
25300
29800
24500
63800
29900
28400
40400
27200
25400
50800
29900
24400
32100
43900
196500
46300
64500
38400
42400
39400
101000
37700
43200
39900
57100
97000
34000
11200
17700
11600
9700
20800
16200
33000
15800
18700
19100
25400
21600
17200
24800
16800
18200
29900
18500
18800
20200
46900
28400
25100
17200
16600
15800
56900
21600
19300
20400
18500
19500
30900
19400
18400
23400
39000
36300
24500
39900
38100
22200
20500
37300
27300
25000
1264300
28600
29200
13700
11800
23500
12300
11400
19900
22400
17800
14000
19200
14000
13400
15200
13100
16300
14200
13500
33100
15600
16800
18900
23100
21200
17600
61700
13700
11300
27000
13400
11600
14400
12100
10800
19500
11400
11700
12500
19000
21300
14300
27400
21700
17600
12700
21300
13600
15000
10700
7800
7900
7400
7500
9000
7000
7000
19300
14500
15500
9400
10300
8900
8800
8300
8000
7800
8500
8300
14800
10300
11400
11600
24600
13300
12900
12500
9500
9100
27300
12200
11200
12200
10800
10100
18000
15200
10900
12100
19000
36700
14000
24100
20100
13800
12700
20800
13600
16800
9600
6200
6200
5300
6000
6900
4900
9700
12700
7000
9600
6900
8300
6500
6700
6400
6800
5900
6800
6400
9700
9600
8600
8000
13600
9000
7700
7300
15100
7800
10200
7900
8300
9700
21800
226800
53100
36300
14400
19600
22500
29700
17200
42900
26900
18600
16000
81500
34000
36000
16100
13900
7600
7100
17700
12900
8200
6900
31500
24800
24900
19400
18500
63600
20100
43300
16600
15000
14400
25900
25000
38600
20600
17400
52800
20600
17300
15900
16100
15100
22300
17300
24600
25700
35800
32100
18400
17100
12200
14700
39400
18900
17400
17000
16300
15400
138800
20500
15900
17200
32300
26100
23300
23100
24600
22700
20900
21400
20400
28500
30200
22700
23100
30600
28200
23400
22900
26400
22700
23200
25800
24700
66100
61500
54200
101100
65400
29000
20200
19500
29400
21200
33300
22500
21200
23600
20700
21300
20400
22900
108600
13200
10800
10500
10200
10200
34200
11600
11600
11700
26100
11800
17700
14100
11400
10700
10900
11000
11200
10900
15000
12200
11800
27300
19500
13300
12400
17500
15000
28500
50300
15500
22200
17000
23100
25200
13700
13000
12800
13400
15600
14900
30900
17200
13800
13700
13700
14100
14500
15500
98100
23400
10900
10500
12500
10000
17900
10100
11800
10500
14300
11100
14600
18600
11000
10900
10500
12100
13100
16500
14400
12200
11900
15500
11700
12000
11900
12600
12500
17600
16500
13900
14700
14700
25000
36600
14500
13400
14400
15900
15400
13300
21400
14700
13500
14500
14000
17600
13600
16100
86400
13000
9900
9800
10100
9800
17800
10200
9900
14000
14600
11700
16100
13000
10800
10900
10900
10600
10700
10900
11700
11000
11000
15400
11000
11000
11600
11400
11100
16100
12900
13600
11300
20200
18400
19000
12700
16300
13500
12600
15100
12500
20700
13100
13600
15100
14300
13400
13600
15100
36400
11300
9200
7900
16100
35500
27500
7300
6500
6900
9700
9400
10500
8900
8000
7700
7500
5100
5000
4900
9500
10400
10000
8900
8200
9800
9200
8200
8300
12900
11300
8500
8700
13100
12600
9300
8900
12100
18400
9200
11400
12600
9100
9200
16300
36500
20500
13200
8400
8200
31900
6200
5800
5900
6200
6400
11300
6000
6000
5600
8400
6800
9400
7400
6700
6700
6600
8000
7000
7900
8100
7300
7700
7800
7500
7700
7100
10200
7100
12300
8300
7500
7400
11200
11300
7600
7400
21300
7700
7200
19400
8500
7900
7800
13800
12700
8000
7700
8000
8300
27200
6400
16300
6700
5300
5800
5700
5500
5400
5800
43500
7800
6500
6600
7600
6600
11200
9600
6600
7400
12400
7100
11400
10100
6800
10800
6800
7600
7300
6400
8800
7000
6900
6700
12300
7200
12400
6900
7500
7100
9400
15000
18600
8500
14500
7500
8100
7600
20500
15400
33600
5300
15700
5200
5400
5600
5100
14600
15700
5200
6600
6900
5800
10300
4400
6100
5200
4400
6000
6000
10100
6000
8600
5500
4900
9000
5000
4800
5000
5000
6900
5100
4800
5100
10900
10100
11100
5600
5500
5400
14900
12800
13100
5500
12100
6600
5800
5500
12400
5900
24100
5100
18600
5200
5400
5200
5000
17100
14400
5000
6600
6500
6700
4300
4300
7300
4500
4300
5900
19900
15200
5000
4800
4700
4600
4800
15600
15300
17300
4900
6900
5000
4900
5000
11600
5100
15100
5300
5100
5400
7200
12000
13800
5900
12300
5400
5700
5600
14000
5400
23700
9100
14200
5600
5400
5000
5800
14300
14600
6200
6300
6900
22100
5100
5400
6700
4400
16100
5900
39300
5500
5200
4200
3800
5100
4000
4900
4800
3300
3900
34700
7900
9000
9100
5800
9100
5600
5800
6700
5100
8300
10200
7000
4100
5200
3800
3800
3400
5500
3600
15600
15600
15900
3900
3400
3200
4300
11100
5700
3400
5100
3800
9200
3100
2800
3400
3000
2700
3500
3800
3700
3000
3300
3200
3100
3200
4700
4700
3200
3100
5800
3500
4900
3400
4200
4700
3800
8500
3500
3300
5300
3500
8800
3800
5800
3600
6700
3600
3500
3500
15900
3400
5400
3400
3100
3000
3100
6300
5500
3200
4700
3400
2800
2900
3200
3400
2700
2700
6400
3800
3800
3100
3000
2900
3000
3300
4300
6900
21200
3000
13700
3300
9400
3200
3400
4400
3200
3200
3100
3000
4300
3300
3300
3300
5000
3400
6500
3400
3200
3500
13300
7900
4900
2900
5000
2700
2900
2800
5000
3100
12900
3900
2600
2700
2500
2600
2700
2400
2900
2300
4100
3600
2700
2800
2700
2500
2600
2500
2400
2800
3600
3600
4000
2900
2900
2800
3700
3900
2800
2600
5900
5600
3000
3000
3000
3900
6300
3100
3000
6500
18200
2700
2500
3500
2700
2700
2500
3700
2400
5300
5300
2500
2600
3200
2500
2400
2900
3900
2500
2300
3200
4800
2600
3500
2700
2700
2500
2500
2400
2700
3400
3700
3600
2800
3900
3000
3600
4900
2800
2600
4700
5300
3000
2800
2800
3800
3400
2900
2800
5700
12600
2500
2400
3600
2600
2500
2500
3700
2500
5400
4600
2500
2600
3300
2500
2400
2700
3700
2400
2400
5100
2800
2700
2800
3700
5100
4900
3700
3400
5100
5000
16400
8000
4800
4800
5900
6100
7300
5100
4800
7100
5500
3500
4600
4100
4600
10200
34800
7300
14100
27600
4400
4300
5100
4100
4600
4600
12600
4700
7700
9900
4200
3900
4100
3800
3800
4500
4900
3700
3700
6500
4600
4300
4400
4300
4200
3900
2800
3400
2600
3600
4200
2900
2800
3100
2800
2800
2900
3000
3000
4100
4800
3100
3200
3200
3000
3300
3400
2900
5300
13000
2700
2600
2500
3000
3100
3200
2700
8600
4400
5100
2600
2700
2500
2900
2500
2900
3200
2700
2500
4700
2900
2800
2900
2900
2900
2800
2500
2800
2600
3600
4200
2900
2900
2900
3000
3300
2800
2700
26500
17000
6700
89600
22100
16700
9900
16600
104500
18500
7000
35500
6800
6200
6400
16600
6100
6600
6300
13600
9700
6700
3700
3400
3300
3600
3300
4500
5700
3600
3200
6600
4700
5800
4400
5300
4400
4500
4300
4200
4300
7000
6700
5200
5000
5100
5800
4900
5000
4900
5400
7500
6000
8400
6000
5800
6300
8000
7800
6000
6200
17700
9300
6300
9000
19400
4200
2900
3300
3000
13100
13500
3200
2800
2800
2600
7100
2900
2700
2800
3500
4000
3000
4100
2900
2900
2900
3700
3800
4800
2900
9700
3400
3100
3100
3200
3100
3000
3000
3000
3000
4800
3300
3100
3300
3600
3800
3300
3300
3100
3400
16000
3200
2900
4900
3000
3100
2600
3000
2700
4400
5300
2800
3300
3600
2600
3300
3100
3000
2700
2900
3700
2800
4000
2800
3000
3600
2900
3900
2900
2900
5400
3100
3200
3500
3600
3100
3000
3400
3100
3500
4500
3100
3300
3300
3700
3300
3500
3200
3100
3100
14600
3000
2700
5000
2900
2800
2600
2800
2600
9100
4900
3100
3100
3300
2600
4200
3200
2700
2600
2800
3400
2900
3100
3100
3200
4000
3500
2900
3000
4000
5700
3700
3000
2900
3000
3100
3100
3000
3300
3000
4300
3500
3700
3500
3200
3300
3200
3100
3300
3000
14800
2900
2600
4600
2800
2600
7800
2900
2700
4500
5000
2800
3100
4000
2700
3100
3100
2700
2600
2500
3400
2900
3000
2900
2900
4600
2900
2800
3100
3900
3900
3000
4200
3300
3000
3000
3200
4600
3100
3200
4400
3400
3200
3800
3200
5600
5700
3200
3200
3400
15300
3600
2900
4600
3400
2600
2700
2800
2900
5800
4400
2600
2900
3200
2600
2800
2800
2600
3100
3600
3200
2900
3000
3200
2900
3900
2800
3200
2900
3800
4800
3100
4700
3000
3000
3100
3200
4100
3100
3400
5700
3300
3200
4100
3200
3400
3200
3500
3300
3200
16200
2900
2600
9100
2800
2900
2600
3000
2600
4300
4400
2900
3500
4000
2700
3400
3400
2700
2600
3000
3200
2900
3200
2900
2800
6100
3000
2800
3000
4200
3700
3300
4400
3900
3100
3000
3100
4700
3100
3200
6300
3500
3300
3500
3100
3300
3200
4000
3500
3400
20700
2900
3000
3500
3400
2900
2900
2800
3500
3000
6900
3100
3500
2800
2800
2800
3500
3400
2700
3300
8500
3800
3000
3200
3000
3000
3100
3000
2900
3000
4500
3300
3100
3000
5300
3300
4400
3500
3000
3100
6100
3600
3800
3300
3600
3900
3500
3300
3500
3300
15800
2900
3300
3500
2800
4500
2900
2700
4800
2900
5100
2900
3400
3400
3600
2900
2900
2800
2700
7100
3800
3200
2900
2900
2800
2900
3200
2900
3000
2800
4200
3100
3100
3300
3100
3100
4500
3400
3000
3100
6100
3200
3200
3200
3300
3300
3300
3200
3400
3500
14800
3200
2800
2700
2700
7100
2700
2700
4500
2700
8700
2600
2800
2800
2800
2400
2500
2400
3000
2400
9600
2900
4000
11000
11100
2900
3200
10000
3000
4000
4000
3400
3500
4200
3100
3500
4300
3400
3200
3100
5700
5500
4700
3300
3100
3300
13000
5300
5400
3500
21000
3200
3200
2900
3000
4300
3100
2600
4300
3200
6300
3100
3300
3300
3500
3000
3000
10800
2700
2700
4600
3100
3800
3500
3000
2900
2900
4000
3000
3800
4200
3200
4200
5300
3100
3200
3100
3200
3100
3100
5900
3600
3300
3200
5400
3200
2900
3100
3100
3000
14300
2900
2500
2700
2400
4100
2500
6400
4100
2500
5500
2700
3900
2800
3400
7500
2700
2600
2600
2500
4200
2800
3700
2900
2700
2600
10500
4900
2700
3800
4200
3000
3000
3000
2900
2800
3100
2900
3000
3300
4400
3800
3200
3000
3100
3000
4400
3100
3200
3100
20500
2900
2600
2600
2600
4100
2400
2500
3900
2500
5500
2800
3100
8200
3200
2500
2500
3000
2700
2600
4500
10000
7300
3000
2700
2400
2300
3600
2300
3500
3600
2500
2800
2600
2500
3300
2800
2600
2500
2400
6700
2800
2700
2700
2700
2600
4300
2800
3000
2700
13200
2500
2700
2300
2200
2300
2200
2300
2400
3500
7200
2700
2500
2500
2400
2500
2900
2400
2200
2100
8700
3600
5200
3600
5000
3800
3200
3500
4100
6300
5600
3800
2700
2500
2500
2700
3700
4800
2700
2500
9500
3300
2800
2700
2900
5400
2900
3100
3700
3700
13300
2800
3700
2500
2400
3600
2500
2400
3700
2800
6300
2900
2400
2400
2700
2200
2200
3200
2300
2100
3000
2500
3600
2400
4100
2400
2300
2400
3300
2500
4400
2700
2400
2500
2500
5300
3500
4900
2500
2400
6500
3800
2700
2700
2800
5400
2700
4500
2600
2600
14400
2400
4900
2400
7000
3600
2400
2500
3900
2400
4800
2500
2500
2400
3200
2400
2100
2400
2100
2000
2800
3300
2400
3100
3100
2900
2400
2600
2200
4300
4000
2500
2400
2500
2500
2400
3400
4200
2500
2400
5200
2900
2700
2800
3000
4400
2900
2500
2600
3100
11400
5100
3600
3300
2200
5400
2300
2300
4700
2300
5800
3500
2200
2300
2200
2200
3400
2300
2200
2200
5100
2900
2400
3000
2900
2800
2400
2600
2300
2400
4200
2600
4600
2700
3400
3700
2600
2400
2400
2600
8700
2800
2600
2600
3700
5100
2800
2600
2600
2600
16800
2200
3600
2200
2300
5800
4000
3500
7500
4100
6200
2600
2300
2300
2300
2400
2200
2100
2200
2300
3700
3800
2600
3200
3000
3200
2400
2500
2500
2800
4300
2900
7800
2700
3600
2600
2600
2500
2500
2500
3700
2800
2700
3800
3900
3000
3900
9300
2800
2900
12900
2400
3800
2800
2300
3900
2200
2200
3700
2300
5400
2500
2400
2900
2900
2200
2200
2200
2200
2300
2600
3000
2600
3000
3300
3000
2400
2400
2400
2500
3000
2900
3500
2700
3700
2700
2500
2700
2500
2600
3600
2700
2600
6900
2600
2700
4300
4200
3100
2600
13500
2500
2300
2200
2600
4800
2300
2600
2200
3700
7500
3100
2400
2300
2200
2200
2300
2500
2100
2300
2900
3200
3100
3800
2600
2400
2800
2500
2400
2600
4300
3400
2800
2700
3500
2900
2800
3600
3800
2800
4200
3300
4100
3300
2900
2800
3200
4300
3000
4300
16700
2600
2800
2500
4800
2400
2400
2700
2400
2400
5600
2700
2400
2400
2300
2300
2200
2600
2300
2700
4300
2900
2900
3300
2500
2900
3200
2500
2400
2400
4400
3800
2600
2800
3600
2600
2700
3600
3400
2700
4200
2800
4200
2900
2700
4100
4400
12200
4000
6400
20700
4000
3700
3500
7100
2400
2500
2200
2700
2400
6000
2600
4300
2400
2200
2600
2300
2300
2400
3400
3600
3000
2600
2600
2500
2400
3900
2600
2500
2400
4700
3900
2600
3100
3700
2700
3400
6400
5200
4600
11700
4500
7300
4700
4600
4500
4600
7100
5700
7500
21700
3600
3300
3400
7200
3800
4300
3800
3900
3900
7700
4000
3900
3900
3700
3700
3700
3600
23000
5700
8100
4500
4100
4200
4200
4400
3800
7200
4200
4300
5200
6400
6200
6300
4600
4800
16100
4900
4500
4900
7900
4900
7700
5000
4700
4500
5200
7400
5200
7600
22400
4300
4200
4100
7900
4200
4100
4100
4100
4800
6500
4000
3700
3700
3900
3800
3800
3700
4000
5600
6300
4200
4200
4200
4200
4300
4100
4100
4000
4100
5600
7000
12800
6300
4800
4500
6100
4300
4500
5600
9700
7500
4500
5100
7700
5000
5700
7300
7900
5000
24900
4000
4100
4500
8800
4300
3900
4000
4100
4400
6000
3900
3700
3600
3700
4100
3700
3900
3700
4400
5400
4200
4100
4200
4100
4200
13800
4200
4100
4100
5400
5600
5600
5400
4500
4600
5300
5100
5300
5100
8900
6700
4800
4700
6800
5500
4700
6800
6400
5000
23800
4400
7600
4100
3900
4300
4200
7200
4200
7400
10800
4600
4200
3800
3700
4600
4200
4400
3700
3800
5400
4800
4400
4200
4400
4500
4300
4100
5000
6000
5900
4700
4400
6000
4600
6000
4300
4400
4300
4700
6800
5100
5000
7100
7100
4900
4800
4700
4300
4300
23100
7300
4100
4200
6400
4100
3900
4700
4100
7200
8000
4300
4200
3700
4200
4000
4000
4300
3700
4300
5500
4400
4300
4300
4500
4300
4200
4700
5900
5200
6000
4600
4400
6400
4400
5800
4400
11200
4400
4500
6900
4900
4900
7000
7200
8200
4800
5000
4800
5200
22500
6700
4300
4000
6600
3900
3800
4700
4900
6700
8100
4100
4000
4000
4100
4000
4000
3800
3800
4900
4700
4200
4400
4400
4000
6200
6400
4700
4700
4800
7000
4800
5300
6400
4500
5800
10500
4600
4300
4300
7300
4600
4800
6500
6800
4700
4900
4600
4900
4900
22600
6600
3900
4300
6200
3700
3600
4200
4000
6300
8100
4000
3900
3900
3700
3900
4100
3800
3800
4000
5500
4300
4100
4200
4100
7000
5800
4500
4100
4800
5800
4500
4400
4600
4700
4600
4500
4600
13000
6200
6800
5100
5300
7100
7000
4900
5000
5100
4800
5000
23400
7100
4500
4100
7000
4100
4300
4300
3900
7000
8000
3900
3800
3600
3700
3700
4000
3800
3700
3500
4400
6100
4300
4100
4300
6100
5100
4100
3900
4200
5100
5000
4700
4300
4500
5200
4200
11000
6100
6200
6000
5000
4900
7000
4700
7300
5000
4900
4900
4800
27000
7100
4200
4200
6600
4300
3800
4000
3800
6400
7100
4000
3900
3700
3800
3900
3800
3800
4600
3800
5000
4400
4400
4000
5000
5400
5300
4900
4100
4100
6100
6200
4600
5000
10600
4600
4400
4500
6900
6200
6400
4900
4900
7100
5100
6800
4900
4900
4800
4900
32900
4400
4100
7300
6700
4300
3900
4100
3900
3900
8700
4200
3900
3900
3500
4300
4100
4000
3800
3900
5800
4300
4300
5700
4500
4500
4200
3800
4400
4900
5800
4700
7000
4400
4800
4600
12200
4700
4500
4300
6600
5300
4800
4700
7200
4900
6400
4900
4900
4900
23600
4400
4400
4300
6400
4500
7000
6500
4200
4200
7200
4600
4100
3900
6700
4100
3800
3900
3800
4000
5300
4300
3800
5700
4500
4300
4200
4200
4300
4500
12900
4500
5400
4700
4900
4600
5500
4400
4500
4500
7800
4900
4900
4700
7200
5000
7800
4800
5000
5100
24900
5600
4300
4400
7700
4200
7500
6200
5300
4200
6500
4300
4100
5400
4100
4000
3800
3800
5300
4200
5600
6000
4600
4200
4600
10800
4400
4600
4300
4100
5900
4700
5700
4500
5200
4500
5600
4500
4300
4300
6400
5300
5300
6600
6600
4800
5800
4800
4800
4900
22600
4200
4200
4500
6200
4200
6100
6300
4300
4000
7600
4200
7000
3400
3300
3800
4200
85900
14200
4900
8000
5600
4700
4900
4300
4600
4400
4600
15000
4600
6100
5600
5000
8900
5200
7300
5100
4700
6000
4600
7000
5200
5000
5200
7300
5100
6600
5600
5400
5100
23300
4300
4600
4500
6400
7900
6600
6500
5200
4700
7800
4100
4000
4600
4200
4000
4400
4200
4000
4900
6100
5300
4500
4200
4200
5500
4300
4100
4400
4200
12200
4400
4200
6600
4900
4500
4700
4800
4600
4500
6200
4900
7000
4700
4700
4600
7400
4900
4800
4600
21700
4200
9200
4100
7000
4500
6400
5700
4100
4400
7100
4100
4800
3800
3700
3800
3800
5100
3800
3800
6200
5700
4400
4300
4200
4300
4200
4200
4600
4400
5100
11300
4300
6200
4900
4200
4500
4500
4500
4800
5900
5200
6500
6500
5300
5000
6100
5100
4500
4700
25200
4700
4200
4100
6700
4000
7100
15900
5500
4500
