671400
27400
25900
19600
18700
24400
93800
118900
27400
20600
41300
33300
25400
29900
20400
22000
30700
27200
33000
23000
42200
36700
31800
29900
24500
36100
25900
24700
26200
25500
38500
34000
32200
49800
41900
47000
32400
45600
43600
33700
47400
36000
28600
328900
34400
26000
19500
42100
20700
22600
33500
21800
25500
12100
10800
13200
13100
11200
10700
10800
20900
21600
17600
12900
13300
14300
22500
21000
21400
13800
27800
15000
14400
13500
12800
12900
17500
12300
11800
12000
30900
14400
14600
27700
25900
22600
15200
24300
24400
17900
27300
23500
14400
30900
19400
15200
14600
27800
19600
17000
34200
13800
17700
10100
11200
10900
10300
8900
8500
8600
13900
11100
11200
10700
10300
12900
10000
24100
11800
10300
33000
13100
15500
12700
11200
10400
12600
25000
11900
13000
23500
12700
12600
26400
24100
19800
13800
21100
20300
14100
27000
24000
14500
33100
20300
13600
13700
27900
14800
14400
14700
9900
8200
10100
8900
9300
8700
8900
9200
8600
13500
9000
18100
10400
9500
9000
8100
27800
10000
9800
13300
10900
9900
11500
9200
10200
16500
12900
23700
11200
19300
12000
11400
19200
21200
17100
12500
17700
20600
13300
19100
27200
12700
31600
14500
13300
13000
25600
13400
14200
17700
10100
8500
7900
8600
8500
8000
7600
7100
7600
11000
8400
9800
9200
8900
8800
8400
21400
9800
9500
15100
10500
10400
44300
16800
13000
21500
19700
964700
35400
18800
15000
12600
13900
13300
41800
16900
15700
19600
22600
21900
23300
18000
29800
18000
20800
16900
35600
18100
23700
21500
11000
6700
5700
5400
7800
7300
5100
5000
5600
10600
7000
7400
6300
6200
6400
6000
11600
10400
7000
9700
7500
7800
7700
6800
7400
11800
8100
11100
8100
14500
8900
8200
9000
8200
7900
14300
10200
8300
9500
12400
9700
13900
15500
16600
15200
10200
15400
14600
10900
55000
22000
16400
14000
12100
12000
15900
16600
13900
12700
18200
13500
12300
13900
13400
12400
16700
18500
16200
22500
15200
18200
14000
18500
21200
15400
13700
13100
13400
13000
24100
14300
13400
13100
13400
13200
14100
13300
13800
14000
108300
30700
15100
14000
11400
7000
6400
6500
10100
6900
24800
12000
12000
12800
14300
12100
13900
14200
11600
11300
16600
12900
12000
13500
16100
12400
12100
12400
12100
12800
14000
12300
12200
13500
108000
27500
25300
20900
19900
20200
23900
20200
18900
20200
19900
19300
24100
19300
19200
20000
106200
18400
11400
19200
14900
11200
10100
9700
17500
13300
13500
11300
11400
15500
13600
11300
14000
32700
11400
16000
14300
37700
16600
14200
10000
18400
20900
18600
15400
11400
22600
13800
12600
14400
20000
16800
13200
12900
12400
16700
16800
20200
12600
13000
12800
13100
13100
12800
13000
14000
108800
11400
9300
17300
16500
10000
11400
9200
15800
13100
10800
10100
12100
11000
12600
10100
14300
9600
9600
9600
10800
12400
37200
13600
11200
11700
13500
16200
12000
16500
16400
10800
11300
19100
12200
11600
19100
12200
11400
11900
14800
12500
12600
11100
11600
12500
13100
16800
12800
13700
93600
11500
8900
11900
12600
8500
8700
14100
13700
8500
16400
10800
9800
11000
11900
25900
11600
17000
8500
8200
9700
12200
12700
12300
9400
9400
11300
11600
12200
11100
22000
10100
9600
11600
10800
9700
9900
10000
9900
9800
11700
10200
10900
10600
15000
9100
11500
12800
11100
11000
39600
9400
8800
13500
11800
16800
8600
6000
10000
6000
8100
5500
5300
5500
7100
5600
7800
7500
5800
5300
6900
5800
16300
6400
5800
6700
8000
17800
7900
6100
11200
6500
6300
9000
8600
6200
6500
8400
6100
6100
8300
6700
6800
6900
11500
6600
6700
6600
7600
6600
27300
5500
6200
6700
6200
6000
6400
6200
6400
6300
38900
4400
2900
5300
2900
3000
2900
2800
3100
4400
4800
3300
4100
3200
3000
4800
3100
4100
3900
3900
5000
9700
3400
3400
5000
5300
5200
3300
3400
13000
5900
3800
3800
3800
6000
3700
3700
3500
3600
3500
22300
3700
3100
5200
3300
3500
3200
3200
3900
3200
5900
4500
4400
5300
3800
4500
5200
4400
4200
4500
18600
5400
7000
4400
3000
4500
3100
4400
4100
4100
4700
4300
3300
3500
5100
4800
4700
3300
3200
4900
5100
3500
3400
3800
8000
4000
3500
3500
3400
3400
16900
3400
3000
10000
3200
3100
3400
3200
3000
2900
5600
3000
4800
4600
4300
23200
6500
4200
4400
4600
5900
4900
4900
8000
5300
8500
6200
5100
4900
7600
7500
5800
5500
5500
9000
8600
8300
6000
5900
8700
8800
6500
17100
6500
12500
13100
5900
5800
6200
6200
47100
6500
5400
11100
9900
5100
5300
5300
5300
5200
10600
4900
4300
7500
2900
3000
9700
5100
4600
5000
10300
5300
5100
7800
5200
5300
5200
4600
5500
7300
11800
5900
8000
5400
5400
9600
5300
15000
21800
9300
11700
5900
6300
6000
10200
6000
5700
5800
5900
6000
37100
5700
4900
9200
4900
4800
5400
5700
5100
6000
7000
4500
4200
5200
4000
4000
4700
4300
4300
4300
5400
4800
4800
6100
5400
21600
4600
4600
4200
19900
9000
5000
6900
5300
4700
8300
4900
8400
7000
7300
8300
5600
5600
5800
9000
8800
8500
5800
5600
11400
32700
5300
4900
9100
5000
4800
11600
4900
4900
4800
6800
4400
3700
4800
3800
4100
5100
4500
4400
4600
5200
5100
4700
6100
4500
4500
4500
4400
4300
6200
7700
4900
7000
4800
5000
8200
4900
7900
6900
7400
7400
5400
5300
5600
8500
8400
8900
5300
7500
8400
28600
7000
4500
6200
10900
4800
4500
4600
5900
5000
25200
4600
4200
4200
4200
5300
4700
4300
4100
4300
6500
14900
4500
4400
6000
5800
6000
4800
7200
4400
16400
5900
9300
7100
5100
6500
4800
4800
5000
5200
10400
5800
5200
9600
5200
5100
16500
5500
9600
5500
25800
8600
8000
6100
4500
4300
4400
13200
4300
9200
7600
4300
4400
4000
3800
5300
4200
3900
4400
5500
5200
13100
23600
5500
7500
5200
6400
5100
6400
4900
7900
5700
15700
7800
5300
5200
3700
3100
3100
3400
4800
3500
3500
8400
3300
3200
5900
4300
4800
8100
20200
3300
4400
3700
2700
2600
2800
4500
2700
4400
12500
3300
3500
2900
2400
2600
2900
2900
3300
3000
3700
2700
2700
2800
2900
2700
2800
2700
2800
3300
3900
2900
4600
3900
2900
3100
2800
2900
2700
3000
4200
3000
3000
4700
3000
3000
4500
3100
4500
3000
13500
3100
4700
7000
2500
2500
2500
4500
2700
5100
4800
3100
2900
2400
2400
2400
2500
2500
3400
2800
3200
3000
2800
2800
2600
2600
3000
2500
2700
2800
3600
5100
3000
2800
4100
2900
4100
2900
3900
3100
4200
3000
3000
4500
2900
2800
4700
2900
8600
3000
13700
2900
7300
3400
2500
2500
2500
5000
2700
4300
5200
3100
3200
2900
2400
2600
2500
2600
3100
3100
3300
2800
2700
2700
2700
2800
2700
2600
2600
3000
3200
4700
2900
2700
4000
2900
4500
2900
4200
2800
7900
3000
5500
4700
3100
3000
2900
3300
3000
3100
12800
2700
4700
2700
2500
2500
2700
4300
3800
4800
5000
3200
3300
2600
2500
2600
2600
2700
3000
2900
3300
2700
3300
2700
2900
2600
2600
2600
2600
3000
3100
4700
2900
7600
3900
2900
4800
3000
4100
2800
4500
3300
5500
4900
3100
3100
3300
4800
3200
3000
12600
3300
2600
4500
2700
2500
4400
2800
4200
2800
6600
2700
2600
2600
3000
3100
3000
2400
3100
3000
3600
4100
3300
2900
2600
3800
2600
2800
2600
2800
3700
2900
4100
8600
3000
3100
3300
3100
2700
2900
4600
3300
4500
3100
3100
3600
4500
3300
3000
5400
15600
3000
2800
3100
2500
2600
2800
2800
2700
2800
4400
5200
2600
2600
2800
2700
3300
2900
2500
3000
3500
7900
2700
2600
2600
4100
2700
2800
2600
2800
3700
3000
4400
5200
2900
2900
2800
3200
3200
2900
4300
3000
4700
3100
3200
2900
4400
3200
2900
5600
15100
2700
2500
2700
2600
2500
2500
2800
2500
2700
4200
2700
2500
2500
2400
2400
7000
2500
2500
2500
3300
2800
2800
2800
3700
5000
3500
3000
3500
3600
3600
3100
4600
4700
2900
2800
2700
3200
2800
3000
4300
3900
4600
3100
3300
3100
4500
3100
3200
5300
14900
2900
2600
2800
2500
2700
2600
7000
2700
2600
4200
2700
2500
2500
2400
2400
3300
2400
2400
2500
3300
2900
2700
2700
3500
3400
3600
2900
3400
3500
4000
4200
2900
2900
3100
4100
2800
3200
2800
2800
4200
2900
4800
3500
3300
2900
4400
3000
2900
5200
18900
2700
2500
2700
2500
2500
2500
2900
2500
2600
4400
2600
2600
2400
2500
2500
4300
2500
2600
2500
3300
2900
2800
3100
3700
3600
3700
2900
3700
3500
3800
4200
3100
2900
2900
4300
3500
3200
2900
3200
3800
3700
4600
5400
3100
3300
3500
3200
3100
3200
15200
2900
2500
2800
2500
2500
2700
2800
2600
2600
4300
2500
2700
2900
2600
2300
3000
2600
2400
2400
3100
3500
2700
2700
3200
3500
3300
2700
3600
3300
3900
4100
3100
3300
2800
4300
2900
2900
2800
2900
3900
3300
4500
4700
3100
7400
3500
3100
3000
3400
12100
2700
4500
3100
2700
2700
4600
2900
3100
6700
12400
2800
2600
2500
9600
3100
2800
2600
2600
3200
3400
3900
2800
2800
2700
2700
3700
2700
2600
2700
3800
2900
3300
2900
3700
3000
2900
3400
2900
3000
4300
3300
3100
3100
4300
3600
3200
3000
3400
2900
12300
2700
2500
2800
3700
2700
3900
2600
7300
2500
5300
2700
2800
2600
3100
2600
2800
2400
2600
2600
3400
3400
2800
3000
2700
2700
3300
2800
2600
2600
3700
2900
2800
2800
3800
2700
2900
2800
2900
2800
4700
2900
3000
3200
4200
3000
3000
2900
3200
3000
11700
2700
2600
2600
3700
2700
4700
2500
2500
2500
9000
2600
2600
2400
3100
2600
2500
2400
3100
2800
3500
2900
2800
2800
3400
3400
3400
2900
2900
3600
3600
3700
3600
2800
3800
3300
2900
4100
2900
3100
4100
3000
3000
3100
4400
3100
3000
3000
3200
4800
12500
3100
2500
2800
3700
2700
3600
2400
2500
2700
4900
2600
7300
2600
2900
2600
2700
2400
2500
2600
3300
3000
2800
2600
3600
3300
2800
2700
3000
3300
3600
3000
3000
2900
2900
2800
3700
3000
2800
2700
3900
2900
2900
3100
4000
3100
2900
3000
3000
3000
11900
2400
2500
2600
3800
2600
3700
2600
2500
2500
4500
2400
2300
2500
7000
2600
2500
2400
2900
2600
3200
2800
2900
2600
3400
3600
2900
2800
2800
4200
4600
3100
2900
2900
2800
3300
3800
3100
2900
3100
3800
3300
3000
2900
4300
3000
3100
3100
3000
3100
15100
2600
2600
2600
4000
2500
3600
2800
2600
2400
5000
3000
2500
2500
3000
7100
2500
2400
2500
2700
3300
2800
3000
2700
3500
3400
3300
2900
2800
3600
3500
3000
3100
2900
2900
2900
4000
2800
3000
3000
3800
3300
3000
3000
4900
3000
3000
3000
3300
3100
11900
2700
2700
2900
3800
2800
2500
2500
2700
2700
15300
9300
2700
2900
2600
2500
7200
2600
2800
2600
3400
2700
5600
2600
2500
3200
4300
2700
3100
4300
4200
4000
2900
2900
3000
2900
4900
2800
2700
4200
5900
3100
2900
3000
4000
2900
3000
5000
3200
4100
14100
2500
2500
2500
3500
4000
4900
2600
3900
3600
13200
2600
2700
2600
3000
7100
2600
2600
2500
8700
3400
2800
3300
2800
3100
3200
2700
2900
3000
3200
3800
5200
2700
3000
2800
2800
3900
2800
2600
2800
7100
3000
2800
2900
2900
3000
2900
6400
3500
4000
11900
2700
2400
2500
2400
4400
4200
2500
2400
2400
5500
2700
2600
2700
7100
2700
2500
2500
2600
2600
3000
2700
2800
2900
2700
2600
4000
2800
2800
2700
3500
2800
2700
3000
2700
2800
3900
2800
2600
2700
4900
3000
2900
2900
4200
2900
2800
4400
3200
4400
11700
2600
2800
2600
2400
4100
3900
2500
2400
2300
4900
2600
2500
2600
2500
6700
2600
2400
2500
2500
3300
2800
2800
3200
2900
2500
3300
2600
2700
2900
3200
2800
3600
2700
2900
3600
2900
2800
6700
3800
4900
3100
2800
2800
2800
2700
3100
3900
3000
4100
13700
2700
2700
3500
2800
4000
5900
3200
3700
3700
7500
4900
4300
2800
2700
7500
2700
4000
2900
2700
4100
2900
2900
3000
6000
4200
5900
4500
4700
3400
3500
3500
7100
2800
3000
4000
4800
5200
6500
7100
6300
5200
5000
5100
4800
5000
4700
3200
2900
3000
16100
2600
2800
3000
2500
4200
3800
2600
2400
2300
5200
2800
2600
3200
2500
7300
2800
2500
2600
2500
3200
2800
2800
2800
2900
2600
3400
2700
3000
2700
3200
2900
3500
3800
3300
3800
4400
2900
3800
4100
4000
2900
3100
2900
3000
3300
7300
3000
2900
3200
13300
2500
2600
2500
2500
4900
2600
4400
2600
4300
15000
2900
3000
2800
2700
2800
2700
2600
3000
3200
5200
3000
3100
2700
3500
2900
2800
2800
3300
2900
3800
3100
2800
3800
8600
2900
3100
3100
3000
2800
4300
3100
4900
3000
3000
4300
3100
3000
3100
3000
12100
2700
2700
2600
4300
4300
2900
2400
2300
4000
5500
3000
2900
2800
2800
2600
2600
3200
2700
6500
3700
2800
2900
2900
3600
3400
2700
2600
3500
2800
8000
2900
2900
3900
3900
2900
2800
2900
2900
3000
4000
3000
3900
3000
3000
4000
3100
2800
2900
2900
12100
2600
2400
2500
4000
4100
2400
2400
2600
3900
5800
2900
3100
2600
2600
2800
2600
2500
2600
3100
3800
2900
3700
2800
2900
2700
7500
3000
3500
3600
4100
3100
2800
3700
4100
2900
2900
3100
2900
2800
4200
2900
4200
2900
3100
4300
3000
2900
3100
3000
14300
2500
2600
2500
4300
3900
2600
2400
2400
4300
6100
2800
2800
2900
2800
2500
2400
2600
2800
2900
8100
2900
3400
2700
3000
2700
2800
2800
3500
3400
3600
3000
3100
2900
4100
3200
3300
3000
3700
3000
4100
2900
4000
3300
3000
4000
3300
2900
3000
3400
12300
2500
2400
2400
4000
4100
2800
2800
2300
3600
5300
2700
2700
2700
2800
7000
3400
3000
2700
3200
3900
2800
3500
2800
2800
2700
2900
2900
6900
3600
3500
3000
4400
3500
4100
2900
2900
2900
3900
2900
3900
3000
3100
4500
4400
2900
3000
3000
3500
3000
11600
2500
2600
2500
4800
3900
2700
2400
2300
7900
5000
2800
2800
2700
2700
2800
2700
2800
2700
3100
3900
3100
3400
3000
2800
3200
2800
2700
3700
3600
3700
2900
2900
3100
4000
3100
2900
2800
4000
3000
5400
3100
3100
4500
4700
3600
3000
3000
3300
3000
12900
2500
4100
2400
7100
3800
2800
2600
2500
2500
6200
2800
2900
3200
3000
2600
2600
2600
2600
3100
3200
2800
2700
2800
2800
2600
2700
2600
7500
2700
3600
3100
3400
2900
2900
3900
3000
2900
2800
3100
4400
2900
3100
3000
3100
3200
2900
3000
4100
3100
11700
2600
2500
2900
4200
3800
2600
2700
2400
3800
5100
2900
2800
2600
2900
2700
2700
3100
3100
2700
3600
2800
2900
2700
2700
2600
2600
4500
2700
2600
7800
3000
3500
2900
2900
3400
2900
3300
3000
2900
4200
2900
3000
2900
3100
2800
2900
2900
4000
3000
12000
2600
2400
2500
4200
3500
2800
2900
2900
3600
5600
2900
2800
2600
2600
2800
2700
2700
2900
2700
3000
2900
3100
3700
3100
2800
2800
2900
2800
3000
4600
2800
3900
3000
2800
3600
3200
2800
2800
2800
4100
2900
3200
2900
2900
2800
2800
3000
3800
3000
11300
2800
2500
2600
4600
5100
2600
2400
2300
3700
5100
2900
4400
2800
2700
3000
2700
2900
3000
2900
3500
4200
3100
3600
2900
2800
2700
2700
2700
4000
3400
4200
3100
2900
2800
2900
8300
2900
2900
2800
3900
2900
3200
3000
3000
2800
4200
3300
3900
3200
11500
2500
2500
2500
4100
5300
2600
2400
2300
3700
5300
3100
2900
2600
2700
3000
3000
2700
2900
2700
3300
3500
2900
3200
3100
2800
2700
2800
3000
3400
3500
3200
2900
2900
3800
4200
3100
2900
2900
2800
7900
3500
4200
3100
3000
4300
3100
3000
3000
3200
11600
3800
2500
2500
4100
3700
3000
2400
2700
3500
5300
3100
2900
2800
3100
3100
2800
2700
3100
2900
3100
2900
4700
3800
2900
2900
3000
3300
2800
3300
3600
3000
2900
3100
2900
2800
2800
2900
2900
2800
8200
3000
4100
3100
3200
4500
3100
3000
3000
3200
11800
2700
2700
2600
2700
2500
2400
2600
4000
2600
6900
2900
2700
2600
3200
2900
2600
2500
3100
2800
3500
2900
2800
2900
2900
2700
2700
2700
3000
3300
3700
3100
3600
4000
3000
3000
2900
2700
3800
2900
4300
3100
3000
7900
3000
3000
3000
3300
3100
3000
11400
2600
2800
2700
2500
3800
2500
2500
2800
2500
5700
3200
2800
3100
2600
2700
2700
2600
2900
2700
3100
3000
2900
2700
3100
2900
2900
2700
2600
3400
3800
3000
3000
3800
2900
3000
3000
2900
3500
2700
5000
4800
3000
2900
3000
2900
4100
3000
3000
3000
15300
4800
2600
2600
2500
5900
3800
2800
3900
2500
5900
4300
2900
2900
2500
2700
6200
2600
2600
2600
4400
3000
2900
2800
2900
4000
2900
2700
3400
4000
3600
5800
3100
3600
2900
5600
2800
2800
3500
4100
8700
3100
3700
3000
3300
3100
3100
3000
3000
3200
11100
2600
2500
2600
2800
3400
2800
2700
2600
2400
7000
3100
2800
2900
2600
2900
2700
2500
2700
2900
3000
2900
2900
2900
2800
2700
2800
2600
3700
2800
3600
3000
2900
2900
3200
2900
2800
2800
3400
3900
5500
3000
3000
3000
2900
2800
3100
3000
7400
3100
12200
2600
2600
2800
2900
3500
2800
2400
2600
2500
6100
2900
2800
3200
2700
3000
2600
2500
2700
2600
3000
3000
2900
3100
2800
2800
2800
2700
3500
2800
3400
3200
3000
2900
3000
3200
4200
2900
3000
3800
3700
3800
3200
4600
3400
3100
3100
8300
6100
2800
13300
2800
6600
2300
2200
3500
2200
2600
2200
2600
5500
2800
2500
2600
2200
2300
2300
2300
2500
2300
2700
2600
2600
2500
2600
2400
2400
2700
4600
2700
3200
2600
2600
2800
2600
2600
2600
2600
2700
3300
3600
2700
2700
6100
2900
2800
2800
2700
3500
2700
11200
2200
2200
2300
2400
2200
2300
2300
7600
2400
