1061500
32900
21100
25800
18200
23500
27100
20200
24000
122700
38700
30900
24400
24300
24000
21300
34800
23800
21200
20200
40100
147000
53500
33800
48000
47000
33500
33400
34700
42600
43200
37800
39800
44500
39300
38700
1138200
65800
44600
42800
77700
47000
37100
42900
36000
40900
32800
74800
30400
30600
40000
22000
15500
16600
15100
16500
17600
15000
14300
14700
24500
25600
23300
16200
14900
18600
29300
86300
18900
12100
31200
13300
13800
23000
28200
15000
20200
13700
12300
36000
26100
15900
14100
14000
17100
15100
13600
13600
12500
17300
24800
16200
14100
14100
14800
14100
13400
32300
16200
15900
29700
10700
24300
11300
11000
9300
8900
7900
7400
12100
12500
8800
10700
10700
8600
8800
8800
13800
12700
15800
28800
11700
10800
24700
17700
10700
9800
23900
10900
23100
22800
13400
11700
11800
11100
10900
10800
10800
11200
11100
22900
14000
12900
12900
11900
11600
11500
26100
14200
13800
15700
9200
7900
7800
8800
8100
8400
7300
9100
8100
14300
8800
14700
8800
8700
8000
8000
7600
8400
17800
18900
16700
12000
11300
9300
8700
25600
10900
13900
9200
25100
12700
11100
11200
12300
10400
9600
10000
9800
10500
17400
12200
16100
33200
24100
33100
21400
41000
20900
29700
18200
14400
10900
10100
11600
12000
15200
10700
10500
12100
16800
14400
15000
13500
13100
13900
12200
11400
13800
19000
19400
20400
17100
29100
15200
13700
29000
15200
26100
14200
19700
17100
15100
25400
24800
16900
15800
15400
19700
31100
25500
20000
18600
24100
18800
20100
18800
35100
20700
21600
17400
55400
14200
10500
9600
11200
11100
9400
8600
8700
17200
12400
11700
10600
10000
10400
10200
10700
10100
17300
13000
17000
13100
12700
11000
10800
25000
12300
10600
16200
20300
11300
10400
36600
24100
13200
12000
14100
11200
27100
18200
13600
12600
12400
13700
10500
9000
9600
9300
10300
37500
29000
18200
23200
16800
22300
22700
19500
22700
18000
20200
19100
17200
18800
17000
28100
20000
19000
22100
19400
34600
27600
20200
20000
18600
18600
31600
19700
20000
18500
22400
19600
18800
19700
19100
22100
19900
21100
20500
19600
103300
14700
12000
10300
9800
9700
8900
9500
9000
10300
13100
21900
12200
12900
11600
14500
11300
11500
11100
26900
16000
12800
12700
14600
11900
21600
13400
14600
13400
13800
29200
14800
13900
15300
17400
12500
24300
16700
13000
13400
17500
13400
13000
14700
13300
13200
13100
13700
23100
14600
86800
13900
10300
9100
9100
14700
9600
9100
8900
9100
16800
9800
9600
10900
15100
10500
12300
10800
10200
21000
19900
12500
11300
13800
11100
18200
12300
10700
16100
11600
24800
18500
12100
13000
11600
11900
27500
12800
12100
1230600
23200
13100
12800
12800
12900
13100
38900
28100
13000
14200
541500
19500
10200
9200
9000
8900
8800
8700
9000
8900
18300
11000
9600
11500
10200
9800
430300
14400
32800
28900
12800
7500
7800
7400
13300
13100
7900
7600
11200
7500
9400
8000
7800
7900
8500
12500
7800
8000
7800
8700
12300
8300
8400
8300
10200
8800
8400
9200
9400
32100
28700
5400
5200
5100
5800
5200
5500
5100
5200
5100
10200
7000
6300
6500
6400
6100
11600
7700
6200
7000
10000
7300
6800
6600
6700
10100
7700
6300
8300
6200
8400
6800
6800
6900
6500
12200
7200
7700
7000
6600
16700
7000
6900
6700
8500
7100
12500
206400
29300
6300
25900
5400
5100
5000
4800
6100
5000
4900
4800
4800
5700
4300
4500
4600
4300
4400
4400
9300
4400
5300
9400
4900
4900
4800
4800
6900
5000
4600
7300
4600
6400
5100
5100
5300
5200
9300
5300
5600
5300
5200
15400
5800
5700
5200
5400
5400
14100
5500
6500
5900
31100
6000
5000
5400
4900
5100
5000
5100
5700
5100
39000
4900
4500
6900
4600
7100
4500
4300
4400
4200
6600
14400
8500
4900
5000
4400
4700
4700
4700
4900
6600
6700
5100
5600
4800
4800
5000
5000
5200
16800
7300
5500
5500
5500
5600
5700
5500
5300
14000
5200
26400
9100
4800
4800
4600
5200
4700
4900
4800
4500
6700
7000
4400
15700
9100
7300
57300
6700
17500
3500
6100
7800
44100
11600
6600
7200
6300
6000
7000
7000
19100
5900
2900
2800
2600
2900
2600
2700
7300
6100
9200
3000
2900
3700
2800
2700
2900
5600
6200
3000
14800
2500
2300
2300
2700
2600
2400
2500
2300
3000
11700
3700
4600
3800
5400
3700
3500
2500
3600
2400
19600
3900
2800
5900
2900
4400
2800
2500
2800
2500
4200
2800
2600
2700
2600
2700
6800
4000
15800
17800
7500
5000
4400
12100
4400
4300
4400
4800
21900
5000
24600
3900
3500
3700
3700
3600
3800
4000
4000
3500
5900
3800
3600
3700
5300
3700
3600
3700
5100
3700
7200
3900
3800
6000
4100
5600
13300
4100
3000
2400
3700
10600
7800
2700
2700
2400
2600
2800
2500
2500
4100
2700
2800
2800
2600
2600
7100
2600
6000
2700
13300
2500
2200
2400
2300
2200
3400
2500
2200
2000
3900
2400
2400
2200
3000
2400
2300
2400
2900
2300
4400
3400
3700
14900
4100
201600
10500
4400
8500
3900
10200
13600
8600
4200
4400
3200
3600
3800
3900
4300
6100
7900
8100
4400
9400
10500
4500
4300
8800
18300
26500
4300
3800
3800
4000
3800
4000
3800
3700
3800
5000
4300
3600
3600
4200
3700
3500
3600
4300
4100
7700
4000
4100
6100
4200
5600
4400
3800
4000
3900
5700
7300
7300
4300
4300
4200
4200
4200
3900
4100
6000
4500
4700
4700
4500
4800
4400
4300
9000
14900
22700
3700
3600
3900
4200
3600
3900
4000
9800
4100
19400
4400
25600
3800
5700
4000
10000
3800
4900
7500
6100
4100
3900
4100
4300
4100
4100
4000
6600
3900
8100
4500
4400
4500
4400
5200
6600
4800
4500
4200
6700
5300
4700
7100
4500
6900
7100
4600
6900
7100
23400
3900
3900
3700
3800
3700
3500
3700
3600
3900
9200
4000
3800
3900
10300
4800
4800
4000
3800
3700
5600
4200
4000
4000
4400
4200
4000
3900
4100
3900
8100
4600
4300
4200
4600
4100
6000
4400
4400
4200
6600
4400
4500
6400
4100
7000
30000
5000
7000
7000
22600
3900
4100
3700
3700
3800
3700
3900
3600
3700
10400
3600
3500
3800
4400
4200
5200
3900
3700
3900
8400
4200
5600
4100
4800
4100
4100
4100
4900
4900
8300
4400
4400
5100
4300
4600
5900
4200
4500
4400
9400
4500
4600
6700
4400
7300
6500
4400
6200
21400
22600
3700
3900
3700
3700
3600
5400
3800
3800
3700
6900
3800
3800
3700
15300
4400
4400
4900
3600
3800
4600
5200
5400
3900
7000
4200
4000
3900
6400
4200
6300
4400
4100
4100
5200
4700
4200
4300
5500
4100
7300
4300
4400
7300
4400
7300
7500
4200
6400
7600
24000
4900
3900
3400
3600
4700
3700
3800
3700
4800
5100
3900
3700
4800
4800
4800
6000
4000
4600
3900
6100
4300
7400
4200
6100
5300
4500
4300
7300
4200
6400
4600
4400
4300
5500
4400
4200
4500
5500
4200
9500
4700
5500
4600
4700
4700
8300
4500
5800
4600
21600
3800
4900
3800
3600
3500
4800
4400
5100
3700
5600
3900
6100
3800
4000
5100
3900
3700
4200
4800
4600
4000
9400
4000
5000
4100
4200
4000
4800
4200
5300
4500
4500
4200
4300
4200
4000
5300
4000
4000
7600
5100
4500
4500
4600
4300
6600
4700
4500
4700
22100
3900
4000
6300
3900
7000
6100
3800
6200
6000
12400
6400
3900
3800
4000
3600
3900
4300
3800
8000
5300
4200
4100
4200
4000
4200
4000
8200
4000
4300
5600
4300
10300
5400
4800
4300
4200
4500
4100
4500
5400
3900
4500
4500
4700
6500
4400
11400
4500
5800
27100
6100
4100
4000
3700
3900
3900
4200
6200
4100
6400
4100
4100
4100
3900
4000
7900
4400
4000
3800
6400
4400
4200
4000
4300
4100
4000
4700
4300
3900
5400
9900
4400
4300
4400
4000
4400
4200
3700
4200
6400
4600
4300
4700
4500
5500
4600
6100
4400
5800
22000
5800
3900
3500
3700
3700
4100
3700
6500
4200
5600
3900
3900
4000
6300
3900
3700
4200
4200
3800
4700
4100
4300
8800
4200
4200
3900
4400
4000
5100
5800
4400
4500
4300
4300
4300
4300
4200
4000
8700
5500
4000
3400
4000
4200
5400
4200
5900
4500
5200
21300
5900
3600
3200
3800
13900
5300
4000
6400
3700
6900
4000
3900
4000
3500
3500
3700
4300
3900
3600
4500
4300
3900
4200
4100
4300
4300
6400
4000
8300
5400
4500
5300
4700
4300
4200
4400
5700
4500
4400
6200
4700
4800
4300
9700
5800
4600
7300
4500
20900
22500
5800
4200
3600
3700
3800
3800
4300
6500
4300
6100
4000
4100
4000
4200
3900
3800
4800
4400
3900
4800
4200
4400
4400
4400
4300
4000
4500
4200
13800
5800
4500
4500
4800
4600
5700
4400
6400
4400
4600
6000
11900
5000
5400
4700
4700
4800
9400
4700
4900
22100
6100
3900
3900
3900
4000
3600
3800
5700
3800
6200
3500
4200
4400
3800
3700
4000
4800
4000
3900
4900
4100
4100
4400
3600
4600
4200
4200
4000
5400
5200
4400
4700
4400
4700
4300
4500
5700
4700
4500
6100
6000
4500
5100
4600
4500
4900
4500
4100
4500
21300
3700
4000
8500
4000
9700
3900
7000
4400
5700
8000
3900
2700
2900
2500
2400
2500
2600
2700
2500
3400
2600
8200
2700
2600
2600
2700
2800
3700
3400
4000
2700
2800
3800
2900
2700
2800
2800
3000
3700
4500
3000
4300
6400
3100
4500
3200
3000
3100
2900
14000
2700
2700
4000
2500
2600
2400
4000
3900
4100
5400
2700
2800
2900
3200
2400
2600
3100
3300
2500
6200
2600
2600
2700
2600
2800
2600
2500
2600
3300
3500
2800
2600
3500
2800
2900
2700
2700
2700
3700
4300
2900
3900
3000
3000
4200
3100
2800
2800
2900
13500
3100
2500
3900
2400
2300
3300
3800
4300
3900
5100
2600
2600
2900
2800
2500
2500
2900
2500
5600
2900
3600
2900
2800
2600
2600
2500
3000
2600
2700
3500
3300
3000
3700
2800
2600
2700
2700
4900
3400
3900
2800
4200
2900
2800
4400
3100
3400
3400
2900
12900
2500
2400
3800
2300
2500
2300
3600
3800
3700
5100
2600
2800
3400
2600
2500
2600
3400
2500
2500
3300
3600
2800
2900
2700
2600
2600
2800
2800
2700
3300
3000
2800
2800
10100
6300
2800
2400
2300
3500
3700
2600
3500
2800
2500
3600
2800
2400
2400
2400
11000
2100
2000
4000
2000
1900
1900
3500
3500
3100
4300
2300
2300
2500
5000
2000
2700
2500
2300
2100
2500
3300
2200
2300
2200
2300
2200
2400
2200
2300
3100
2300
2400
2800
2400
2300
2400
2300
2500
5100
3400
2500
2500
4000
2500
2700
2500
2500
2500
3700
10900
2000
2000
15300
2100
2200
1900
3300
3600
3400
4200
2300
5100
2700
2400
2100
2400
2900
2200
2100
2600
3200
2400
2400
2300
2300
8300
2600
2300
2200
3000
2400
2500
2400
2600
2300
2300
2300
2400
3400
3400
2500
2500
3800
2600
2400
2700
2400
2500
3900
11200
2100
4100
2100
2000
4700
2500
2000
2100
2100
5300
2600
2500
2200
2200
2200
2700
2400
5400
2500
3900
2400
2400
3600
2400
3100
3600
3200
3900
3200
7200
2700
2600
2700
2700
2700
2500
2400
2400
7200
6500
6800
2800
2700
2600
6000
4300
2700
2700
2600
15400
4300
7500
2400
2500
2300
2200
2200
2300
2500
4400
2500
2500
2500
2700
2200
2100
3200
2200
2300
3900
5100
2500
3300
2200
3500
3200
3300
3100
3200
3500
2600
2400
2500
2700
2400
2400
2400
4400
2500
7100
6400
2600
2600
2700
5500
4300
2800
2500
2500
11800
4600
4300
2500
2100
2100
2500
2300
2500
2200
5200
2600
2300
2400
2300
2400
2100
3100
2600
2300
2700
3500
3400
2500
2300
2500
2400
3500
3500
6200
3600
2500
2400
2700
2500
2400
2700
2500
3200
2500
3800
5200
2700
2600
2500
5300
4200
2600
2500
2600
11200
4400
5600
2400
2100
2300
2100
2100
2100
2300
4300
2200
2200
2200
2300
2100
2100
2300
2200
5100
3100
3200
3000
2200
2300
2300
2200
2800
2700
3100
4400
2400
2600
3900
2600
3400
4100
6700
3500
3500
3900
4300
2700
2600
2800
4900
4000
3000
2600
2500
11400
4100
7000
2900
2100
2100
2100
2200
2000
2100
4400
2500
2300
2300
2200
2200
2200
2600
2300
2200
3200
3200
3200
2400
2300
2400
2700
3100
3300
3200
4300
2500
2800
4200
2600
4300
4300
3900
3600
3700
3800
2700
2700
4100
2700
2700
6100
3200
2800
5500
13700
5300
5300
2700
2100
3000
2100
2100
2000
3000
4400
2400
2300
2200
3000
2300
2100
2600
3500
2300
2600
5800
2900
2300
2200
2400
2200
2700
4000
3400
5300
2500
3300
4800
3400
3500
7300
3700
3500
3700
5400
2800
2700
2800
2700
2600
2600
2800
2700
2700
12000
3900
2400
2200
2100
5100
3900
2500
2100
2100
5300
2400
2300
2200
3200
2400
2500
2100
2000
2300
2900
2400
2500
2400
2300
2400
2300
2600
2300
2400
3300
2400
3100
2700
2600
2500
2500
2400
5000
3100
4900
4000
2800
6500
2600
2700
2700
2800
2700
2600
12800
2400
2300
2300
2500
2200
2200
2100
4700
2200
4800
2900
2300
2400
2400
2400
2300
2400
2700
2800
3000
2400
2600
2300
2300
2300
2300
2500
2300
2300
3100
2400
3000
2800
2400
2500
2400
2400
3200
3000
4700
3600
2600
6900
2600
2500
2500
2800
2500
2600
12900
2200
2100
2200
2300
2100
2100
2000
4200
2200
4600
2300
2200
2300
2200
2400
2100
2400
2400
2500
2700
2600
2300
3700
2900
2500
3500
3200
2300
2300
3900
2500
3200
2800
2300
2400
2400
2500
3400
3000
4800
4000
2500
6900
2600
2400
2600
2700
2600
2500
14300
2900
2200
2100
2300
2100
2000
2300
4600
2400
4500
2500
2400
2300
2500
2300
2600
2900
3000
2300
2800
2500
2600
2400
3900
2600
3000
2400
2300
2500
3100
2700
2800
2500
2500
2400
2800
2500
2400
2500
4800
3400
2600
6300
2600
2500
2600
2700
2600
2500
12500
2200
2100
2000
2200
2000
2000
2000
3900
2400
4400
2400
2300
2500
2500
2200
2100
2100
3000
2400
2700
2500
2500
2300
3100
2600
2900
2400
2600
2600
3000
2600
2800
2500
2400
2500
2700
2500
2600
2500
3300
2600
4200
2700
2600
2600
5400
2800
3800
3500
12400
2100
2200
2200
2100
2100
1900
2000
4100
2600
4600
2500
2200
2500
2300
2100
2100
2300
2900
2300
2600
2500
2400
2300
3000
2700
3000
2400
2300
2500
3000
2700
2600
2500
3100
2800
2700
2500
2500
2600
3300
2700
3700
2600
2600
2700
5500
2700
3800
3400
12700
6200
2300
3300
2200
2400
2100
2100
2200
2300
5900
2700
2300
2300
2300
2200
2500
2800
2700
2900
3200
3700
3300
4100
2500
2500
2400
2500
2700
2500
3700
2600
2500
2500
2900
2600
3900
2700
2500
2500
5500
2600
2700
2700
4200
4200
2600
2600
4200
2600
14400
2400
2200
4300
2300
2600
2300
4100
4500
2600
5000
2400
3100
2500
2400
2300
2400
3400
3100
2500
2900
3600
3400
3500
2300
2400
2400
2500
2400
2400
3400
2600
2500
2700
2700
2500
3900
3100
2500
2500
5300
2700
4200
5700
4500
4100
2600
2600
4100
2700
12100
2300
2100
4000
2200
2500
2400
4100
4100
2500
4700
2700
2900
2500
2400
2300
2200
2900
2800
2400
3500
2800
2400
2600
2400
2600
2400
3200
3400
3400
4500
2500
6000
2600
2500
2400
3900
2600
2500
2600
5400
2700
2800
2600
4000
3900
2600
2600
4000
2800
10900
2100
2500
3800
2500
3300
2600
6900
4200
2400
4800
2600
2500
2500
2400
2500
2300
2600
2600
2700
3500
5500
2400
2500
2500
2400
2700
3100
3100
3800
3800
3700
4000
3700
2700
4100
2600
2500
2900
2500
5300
2800
2600
2500
4200
3900
2800
2600
4800
2700
10700
2300
2100
4200
2200
3200
2200
3900
6900
2400
5000
2400
3000
2700
2400
2300
2300
3100
2900
2400
4200
2500
2500
2700
2600
2500
2500
3600
3300
3600
3400
3800
3900
4000
2800
2600
2600
2700
2700
2800
3600
2600
2900
2700
2700
2700
4400
2900
2700
2600
13700
2400
2100
4200
2200
2200
2200
3700
4000
2500
5600
2500
2900
2600
2200
2300
2200
3000
2900
2300
3900
2500
2400
2800
2600
2400
2400
4000
3200
3500
3200
4000
3900
3600
2900
2600
2600
2500
2900
2500
6200
2800
2600
2900
2800
2700
4300
2700
2700
2700
13200
2500
2200
2200
4000
3900
2200
2300
4100
2500
5300
3600
2900
2300
2300
2500
2300
2200
2300
3200
3500
2700
2400
2400
2500
2700
3300
2500
3000
2500
4300
2800
3500
2600
2600
6100
2700
2600
2700
2600
6700
2700
2900
2700
2900
3900
2700
2900
2700
2600
11600
3700
2800
2200
3700
2300
2400
2500
2500
2300
4900
2500
2400
2300
2300
2500
2300
2300
2200
3000
3400
2800
2400
2300
2300
2400
2500
2600
2900
2500
4000
2500
3500
2700
2500
5200
2700
2600
2500
2500
4600
2600
2700
2600
2800
3700
2600
2800
2600
2600
11500
3700
2200
2200
3900
2200
2500
2200
2300
2400
5300
2600
2400
2400
2300
2500
2400
2200
2300
2800
2800
2600
6100
2600
2600
3000
2800
2400
2500
3700
4200
3100
3600
2700
4200
2500
2600
2500
2600
2500
4800
2600
2700
2600
2600
3700
2600
2800
2700
2700
10900
3700
2200
2100
3600
2200
2400
2200
2300
2200
5200
3100
2600
2400
2400
2400
2400
2400
2300
3000
2900
2500
3600
5400
2500
3100
2600
2600
2400
2500
4100
2700
2700
2700
2600
2500
2600
3000
3900
2700
4700
2500
2800
2700
2600
4000
2600
2600
2600
2600
11300
4000
2300
2100
3700
2300
2200
2200
2300
2200
4600
3400
2400
2800
2300
2300
2600
2200
2300
3700
3200
2600
3100
5800
2500
3000
2400
2500
4200
2500
4300
2600
2600
2700
2700
2500
2500
2600
5300
2600
4900
4600
3900
3100
2800
2700
2700
8800
3100
2600
8500
3800
2200
2000
3600
2200
2100
2300
2100
2200
4700
2600
2400
2300
2300
2300
2500
2200
2200
2700
2700
2400
3000
2400
2400
2900
2400
2400
2400
2400
4500
2500
2500
3800
2700
2500
2600
2500
3500
2500
4300
2800
3800
3300
2900
2500
3100
2700
3500
3400
9700
2200
2600
2200
2100
3800
2300
26600
10300
5000
