848800
36900
30000
25100
21800
29900
44800
20900
23700
35800
46100
31800
31300
28800
172100
48400
38200
31100
30500
41600
50000
54700
34400
34500
27300
34600
27500
29400
51700
53200
55900
36600
35200
55500
50300
75500
1176100
63800
59400
84700
57700
50600
65200
33100
34500
65200
34900
43300
21700
28600
29600
22900
24200
18000
14200
17400
16600
23900
22700
14100
27200
17400
18300
17100
29000
33400
29200
20500
13800
52100
56100
43800
46800
22500
19000
22800
19500
17000
32600
42300
43300
22600
20300
23200
19200
83900
22200
25100
52200
24800
49800
22700
57600
29000
23700
45200
22000
22400
21400
24200
25400
19400
29700
16200
14300
19000
15900
15100
16800
15400
35900
19900
30600
22000
16100
26300
17100
16600
16800
27300
47700
42500
24100
22500
18900
17800
15900
45700
30200
28600
36000
20400
19600
31800
20000
37800
21300
18600
34900
27600
45600
25400
34500
21100
20500
40800
20900
19800
20000
33400
17600
14000
12000
11500
13400
15200
11200
11100
10300
16500
30300
13700
34700
15100
16600
35300
15800
15700
16800
23700
30600
16800
18200
18800
25400
29500
35100
16900
16000
24200
38700
17900
17200
20900
16600
26900
18100
22100
24900
20100
36400
20600
32700
21200
21000
30700
21200
20500
18000
23400
18900
13900
12800
12100
12200
15400
13700
12000
11300
12100
24000
14700
24800
13500
13700
17800
14800
16300
15100
26800
21100
15500
19400
49700
24000
22100
25800
25000
30200
21700
27900
25100
19600
21900
21300
36600
19700
17500
26200
30100
27900
20300
34300
21400
21300
58700
24400
22500
22100
27000
17100
13600
12100
12100
10600
20400
22000
12900
11300
11200
23600
18200
21800
14000
17900
18100
13100
12500
11700
17100
20600
15000
16000
16700
19200
20400
18300
14200
13600
19100
20600
33000
17100
18900
18800
19200
15700
16800
24100
25700
24700
18500
18900
18300
17600
28400
16000
12600
39900
69100
48200
26900
14200
48200
14100
12900
13500
25300
15200
13900
24700
19700
15700
26200
15300
13300
14500
13700
13300
14900
19400
24300
14100
17300
19400
17600
21400
20100
15000
16300
18000
15200
14300
15500
19900
9600
9200
11000
11600
18300
142200
27600
12000
11000
10000
10200
9700
9700
8600
9800
20400
10900
13800
13000
12400
11300
10000
10500
9200
19900
13800
14500
10400
14200
12000
10800
11200
11800
10600
10800
16500
12800
11800
12400
17200
10200
15400
17000
12000
14800
15200
15600
11500
13500
20600
12400
12200
13200
12600
42300
124800
27400
14000
14600
11300
10500
11900
10500
28900
15100
30500
13000
11100
21200
25100
13300
13300
12200
11200
19200
14700
16700
18100
17600
11800
32100
13500
12200
12400
12600
21400
14800
13000
15100
21300
17500
17200
19700
17300
23400
21300
13900
14000
14500
19500
14800
19100
14200
14000
23300
94900
20200
25900
10400
22400
11500
10600
10800
38300
44300
24800
14500
11000
14000
11800
11500
9500
10600
10500
11700
11400
12800
10800
13800
11000
13000
14500
11300
13300
11800
15000
19100
11300
17500
11800
15900
12200
10200
7500
8300
14100
7800
8000
8000
14100
7400
7800
34600
36700
12100
86000
25400
5900
5800
7300
5100
5600
5300
5400
4900
15900
7900
6000
6700
9900
7800
6100
7500
6000
8200
7900
9100
7700
7100
7000
7000
6200
6400
7000
6800
11500
10600
7700
7100
8100
7100
6800
6700
6700
9000
14800
7700
10300
7000
6900
7200
9700
18200
7900
7200
33000
8400
16500
5000
5000
4900
4900
5800
4900
5300
13200
7100
6500
10600
6300
6400
5900
6700
5600
6400
7500
9700
8300
7200
7400
7200
6500
7400
6000
6200
10600
9600
6700
9500
6800
6700
6400
9800
7100
6500
10200
7000
14700
8100
7100
6700
9300
11300
8300
8400
23500
5700
6300
5800
10200
5500
5100
5800
5000
8100
30600
14500
6400
19000
5300
5700
5000
4700
4700
4600
7500
4900
5100
5500
7100
6600
5300
4800
5100
4900
7800
5700
7000
8000
5300
9300
6000
6000
5100
5600
8200
6400
6600
6200
5600
14300
6000
5700
5700
8200
24800
5000
4500
4800
5300
8100
4800
12300
5500
4600
9600
5500
5300
4800
39000
4800
4800
4000
4300
4300
5700
4700
4800
4700
6800
7900
5200
4600
4500
4600
6200
6700
7000
5000
5800
7100
5100
4600
4600
4500
7400
5000
5300
6000
5500
8000
5500
4800
4600
5900
23100
4500
4500
4500
4700
7300
4000
4500
3900
3800
8900
4300
12600
4800
5000
5200
4200
4500
4100
7000
5300
5900
5700
4600
4700
4100
5800
4200
4100
4700
5400
5000
9800
4300
4300
6800
4900
4600
4900
5200
7100
4300
4200
4500
4500
5900
4500
4200
4100
4400
19000
14100
4500
4000
3900
6600
4200
3900
3900
4200
7900
4200
4600
3800
4600
4000
10500
4300
5200
5800
5700
6700
6600
6300
4800
15500
7400
4600
5200
4900
13900
5600
4800
5100
4800
9700
4900
4700
4400
5300
11400
9700
5200
5500
5000
9500
6400
5100
5400
26400
23300
4800
4200
4500
4200
7300
4800
4500
9300
4400
8500
4400
20200
4300
5200
3900
4000
4200
4300
4200
4600
14600
6000
4800
4500
4600
4600
4200
4200
7400
6100
5200
4600
6900
4500
6900
5100
5600
4700
4500
6700
4800
8700
5000
5900
8200
5300
4800
4600
4800
23000
4000
4500
4300
3800
6800
4500
4000
4600
4200
7600
5600
3700
4400
4900
4100
3900
3600
3900
4400
4400
12000
5300
7100
23900
4900
4200
4500
4000
4900
5300
4100
4900
4500
4500
16100
4700
4200
4300
4500
6500
5200
7400
4800
5300
8300
4900
5000
5200
4400
19700
3400
4700
3900
3500
7000
4300
4200
4100
4600
10900
4400
5300
4200
3900
3600
3800
5600
3700
3700
5500
4400
6500
5800
4800
4300
5300
4000
4600
4100
5800
8100
6600
4800
4500
4600
4500
6600
4400
4700
11700
5700
7500
6300
7000
6200
11900
5000
9000
4700
23900
4200
8600
4400
5300
4000
12800
4400
5400
3900
8100
3800
4000
5800
4000
3400
3800
3500
8100
4200
6300
5700
6200
9200
3600
3400
6100
3500
3500
3400
5800
18100
12400
4700
4900
5700
4200
6200
6600
4200
11600
4600
7800
4500
7600
4500
5600
5700
10600
5100
24900
4000
7800
3900
3700
3900
11500
5500
3900
4300
6900
8300
3300
4400
3400
4600
3600
3600
3400
4600
5900
4100
5500
5300
3800
3700
3700
6400
3700
7400
7900
5600
8100
4700
4400
5300
4200
6100
5500
4300
7600
4800
9100
4700
13400
4700
4100
4800
6700
5100
21300
4600
7000
3600
3800
3400
7700
3900
3800
4400
7900
4100
3600
4600
3700
3400
3600
4000
3700
3600
4900
4100
5500
3900
3800
3800
4100
5000
3900
3800
5400
4200
5900
6400
4200
3700
5100
5000
4300
4200
13800
4500
6400
4700
6800
4300
5300
4700
8000
5300
19100
4200
6600
3900
3700
3700
9300
3900
3600
4600
7600
3200
3500
4500
3700
3400
3700
3500
3400
3700
3800
3600
8000
4500
4300
3900
4100
5100
3900
3700
12700
4500
5800
6200
4400
4100
13400
4100
4300
4900
6500
7100
7000
4300
5100
4600
4600
7400
4800
4800
18400
4300
23800
4400
9600
3600
7800
6000
8000
4600
18700
3600
3800
4400
4600
3700
3900
3300
3600
3500
10400
3700
5800
3400
4100
3600
4000
4900
4800
3400
6800
4200
5300
5600
4100
3300
6100
3800
4800
4300
5300
6900
7500
5100
4500
4200
4300
7500
4500
4100
18700
4000
6700
3500
6100
3600
4000
3000
6200
3400
12600
4600
4700
3900
61900
6800
6100
5000
4400
4700
16600
8800
8200
6200
5900
5800
5300
5900
8000
9200
10500
8100
14300
9400
8300
6000
8500
6500
6300
8400
9300
11900
7700
7700
12100
8800
8100
8200
8300
8100
31000
12200
8200
8600
8200
8100
8500
12500
9200
12000
18800
6200
4700
6000
5000
5000
4700
4700
5800
10800
9500
6500
8200
6500
6000
6000
5800
6400
10200
8300
10000
7100
7400
11100
10500
7600
7700
7400
7500
8200
10600
11900
8200
8900
11400
8200
8200
8000
9000
8100
41500
19700
7600
7900
7200
7100
7500
10200
8000
27800
13400
5200
4600
4700
4500
4800
7000
15400
18400
20400
11100
7100
5000
4400
6000
6400
4100
4600
4800
4100
6200
4600
4700
6300
23300
4100
5200
4300
4700
4300
7100
13900
5300
5000
6900
4800
5100
5000
6300
6300
26500
15200
4200
4100
4400
4300
4300
6700
4000
9600
12600
5100
4200
3900
4200
4100
4200
4000
5100
4100
4900
4000
4800
4500
6000
5100
4400
4200
4200
4400
7000
4800
6300
4700
4400
4700
4600
4500
7900
6600
7300
7200
6400
5800
7100
5100
4700
11800
4900
5700
23400
6400
4100
4400
4100
4200
4300
6700
4400
6900
8900
4200
4000
4000
4600
4400
4000
3800
4800
4200
4700
4600
5200
4300
5900
5300
6900
4200
4400
4300
7500
4700
6200
4700
4600
4500
4300
4500
6000
6100
14700
4800
4900
7700
7500
4800
5100
4700
4700
4700
23500
6600
4200
5600
3800
4000
4200
9700
4300
6300
9900
4200
3900
5600
4100
3800
4300
4200
5200
3800
4600
4800
4500
4200
5700
5500
4500
4500
4300
4200
7700
4600
13500
5600
4700
4600
4700
4700
10400
6400
5900
4800
8400
7400
7200
4800
4800
5400
4500
5300
19000
10000
4900
4100
7300
4100
4100
3800
4900
4100
9100
4800
4900
4600
5800
4700
4500
4500
5200
4400
6200
5200
4900
5000
5100
6200
4800
4800
4800
5800
6300
5300
6700
6300
5800
5400
5300
5100
5500
5400
9600
7500
7600
5600
5500
6000
5400
5600
5800
5400
23800
5100
9600
5300
5100
4700
4800
5100
7800
4700
7900
4800
5100
4800
4500
5100
4500
4700
4600
4500
6100
5000
4900
5100
4700
5800
4800
4800
5100
4900
6200
5500
11700
9400
4700
5200
5000
4800
4700
4900
7500
139900
17400
12100
15200
11200
9700
9700
10100
9600
69500
2700
3900
2800
2400
2300
3800
2400
4200
2500
7100
2600
2800
2500
2500
2300
2400
2200
3000
2600
2800
2500
8100
2600
3300
2500
2400
2600
3500
2600
3600
2800
3400
3500
2600
2600
2500
2400
2800
6200
6800
4400
3800
2700
2700
2800
2700
2800
2700
2700
20200
2400
3500
2600
2200
2300
2500
2600
4200
2300
6400
2500
2900
2700
2400
2400
2300
2300
2500
2200
2900
2600
2900
2400
3200
2700
2700
2400
2600
2500
3600
2600
2700
2800
2800
3600
2700
2600
2900
2600
4700
3700
3600
2700
2900
2900
2700
2900
2600
2900
12700
2300
8400
2300
2200
2300
2200
2600
3700
2500
5800
2700
3100
2400
2400
2400
2200
11100
2500
2300
3000
2700
2400
2400
3400
2700
2400
2500
2500
2900
3400
2700
2800
2900
2600
10800
2800
2600
2600
2500
3700
2900
4100
3800
3100
2600
2700
2600
2900
2800
13200
2400
4200
2300
2200
2300
7300
2500
4000
2300
5400
2500
3200
2500
2700
3600
2300
2500
2400
2200
2600
2700
2500
2400
3300
2700
2400
2600
2500
2500
3300
2600
3200
3000
2500
3600
2800
2600
2600
2600
3800
2700
4100
3700
2800
2900
2700
2900
2800
3000
13300
3900
3700
2400
2400
2400
2300
2400
7000
2400
6400
2700
2300
2500
2400
2300
7900
2400
2500
2200
3000
2500
2300
2600
2500
3800
2800
2500
2500
2400
4300
2800
3800
2700
3000
2700
4000
2900
2700
3300
4100
2900
3800
3100
4100
3100
2800
5000
4600
2900
14600
2700
3800
3700
4700
2600
4000
2700
2800
2600
4300
2500
2500
2400
2900
2400
2400
10800
2300
3400
2900
2600
2300
3600
2500
2700
2700
3400
2400
2400
5200
3100
3500
2700
3700
2600
3600
3800
3400
2700
8100
2900
5100
3100
4100
4200
2900
2800
5600
3000
13900
2600
4900
5200
5500
2500
5100
2700
2600
2300
6400
2600
2600
2300
2200
3300
2400
2500
2300
2200
4200
2500
2700
2600
3700
2500
2600
2400
2500
2400
3100
2600
4500
2700
2500
2700
5000
2800
2700
2700
4800
4600
4600
3000
5000
3100
2900
4000
4200
3300
16800
2500
9500
3800
4600
2800
4000
2600
2700
2400
5000
2800
2700
2500
2600
2300
2400
2600
2400
2300
2800
2500
2700
2700
2500
2500
2500
2800
2500
2500
3200
2700
2700
2800
2800
3800
3500
3000
2600
3300
4000
2800
4800
3900
3900
3200
2900
2800
4100
2700
12600
3000
10800
3800
4500
2600
3900
2600
2500
2700
5000
4200
2600
2500
2600
2300
2500
2300
2500
2500
3400
2500
2600
2900
2600
2500
4100
2500
2700
2500
2900
3100
2600
2800
2800
3900
3500
4500
2900
3000
3800
2800
4000
3100
2900
2800
4800
3000
2900
3200
19000
2500
3800
4200
4500
2600
4700
3500
2700
2400
4900
2900
3200
2500
2400
2300
2600
2300
2400
2400
3100
2600
2500
2700
2500
2600
2600
2400
2500
2400
3400
2800
2700
4300
2700
3700
4400
2800
2700
3600
4400
3200
5200
3100
3100
2800
4800
3000
2800
2900
15900
2600
4200
2800
4000
2800
2500
2400
4700
2500
11900
5100
4400
13400
4300
5700
4300
4300
4900
4300
5800
4900
6700
4500
4400
6300
4700
4300
4600
5700
6400
6600
5000
7400
5000
4600
4600
6900
7300
4900
11000
6300
5000
5300
8200
5200
7600
5200
5600
5200
30100
4900
4300
15100
9000
4200
8700
4600
4300
4000
9300
8700
4200
4200
5600
4400
4100
4400
4400
11500
6700
4000
11300
28700
9400
8900
4600
4600
4500
6000
6700
5000
4600
6800
4900
4700
4300
7100
7100
5000
10600
5800
5200
4900
7800
4900
15300
5000
4900
5200
29500
5000
4100
8500
7400
4100
12000
4700
4200
4200
8600
4800
4200
4000
4300
4300
4100
4100
3800
4200
6400
5800
4700
4600
4500
5500
4800
5400
6100
4700
8400
4900
5500
7400
4900
4700
4700
6900
6900
12700
11200
5500
5400
5300
8000
5400
8500
5000
5200
5300
31500
4600
4500
8800
8200
4800
7700
4400
7400
4200
7600
5900
4200
4200
4000
4500
4200
4200
4000
4200
6500
5600
4800
4300
4400
5400
4700
5400
6500
4200
6400
5000
6900
4500
4800
7200
5900
4700
4900
7100
10200
5200
5200
5400
7500
5100
9200
5400
5100
5200
28800
5200
5100
8400
8100
4800
11100
4500
4200
4300
7500
4700
4100
3900
4100
4100
10900
4000
4000
4000
6500
5500
4600
5000
4500
5600
4500
5200
6600
5600
6600
5000
7300
4900
5000
7200
5000
5100
5000
6300
7100
5500
5000
8000
5600
5000
5300
8100
8300
4800
28400
4900
4600
8500
14700
4700
11800
4500
4300
15100
7300
4500
4100
4000
4900
4800
4400
4600
4200
4400
11000
5500
4600
4600
4200
5500
4500
5200
5700
4200
6200
4900
6700
4700
4700
7000
4900
4600
6300
7200
7000
4800
4900
7300
4500
5500
4500
6900
13200
4800
28900
4600
4500
4600
7900
4800
8500
4300
4900
4600
16000
5200
4800
5300
4200
4900
4800
4700
4800
4700
5900
4500
4600
4500
4800
4700
4600
4700
5300
6000
6500
6800
6400
4800
4900
4600
4500
4300
5900
4500
6800
5100
5300
5000
5400
4800
5000
4400
5000
4900
23800
7200
4100
4200
4200
4000
3900
4300
6800
4200
17800
4300
4100
3900
4000
5300
4000
4600
3600
4000
4700
4000
4200
4200
4300
4200
4100
4200
4500
5500
5900
6200
6000
4600
4400
4500
4600
5100
5700
4600
6600
5000
5000
4600
4200
4600
4700
4700
5200
4800
25700
6600
3800
3600
3600
3700
3700
5000
7500
4100
7500
4200
4100
10400
6500
4800
4200
4000
3800
3600
4600
3800
4400
5200
4200
5200
4100
4200
4500
4200
7500
6300
7300
4600
4600
4700
4600
4700
5700
4400
6500
4600
4600
4700
4400
4600
4900
4500
5300
4800
23900
7800
4100
4000
4400
4100
4100
4100
6500
4100
8000
4200
4100
4000
3800
12100
3900
6500
3700
4000
4700
3900
4100
6000
4200
6300
4300
4200
5000
4800
5500
4500
4200
4700
4400
4300
4500
4400
4200
6000
6200
4700
4700
4700
4500
4500
5100
4800
4800
4600
24600
6400
4200
4500
3800
3900
4300
4400
6300
4500
7400
3800
3600
3800
3400
4200
3500
3800
4100
3500
10400
4500
3800
5000
4800
4700
4100
4500
4500
3900
5200
4200
4400
4600
4500
4000
3900
4000
4400
6000
6200
6500
6500
4700
4500
4700
4900
4700
6200
5000
22900
6200
4400
3700
3700
3800
4200
4200
6300
3700
7100
3900
4100
4200
3700
4500
4000
4000
3800
3700
4700
10300
4000
5000
4300
5500
4100
5700
8600
4400
5600
4700
4700
4300
4200
4300
4100
4800
4600
6500
5700
6600
7000
4700
4600
5000
5100
4700
6600
7000
57000
5700
4600
4800
4500
4500
4400
4400
4600
4500
9800
4600
4200
4100
4100
4900
4000
4300
3800
3900
5700
5800
4300
4400
4200
10500
4200
5300
4400
4400
6000
6200
5600
4600
4900
5000
4800
4900
4500
4700
6800
5100
5000
6000
5000
7100
5200
5000
5400
4900
23600
6600
6200
6100
4500
4100
4100
4300
4100
4200
7600
4000
4600
4000
4000
3700
3900
3900
4100
3800
5200
5400
4100
4400
4900
4600
4500
5200
4300
4000
12500
5900
4400
4800
4700
4800
5900
4700
4800
4700
7300
5200
4800
4900
4800
6700
4800
4900
5000
5100
29500
6500
6300
5900
4100
3900
4000
3900
4100
3900
7300
4100
4200
3900
3900
4000
3900
9400
3800
3700
4500
4700
4200
5600
4200
5900
4200
4100
4200
4300
5900
6100
4300
4400
5700
4800
4400
4300
4400
7000
6600
5100
5600
4900
4800
6600
4800
4700
4900
4900
15700
6400
6000
6200
4400
3900
3800
4200
4100
4200
7700
4200
4300
3900
3700
3700
4300
3900
3900
3800
4600
4200
10100
5300
4200
5600
4700
4000
4200
6100
5800
6200
4500
4300
4300
4400
4500
5600
5500
4100
6200
5100
6500
4700
4600
6700
4600
4700
4800
5100
14000
6000
110300
8500
3700
3100
2800
2800
4900
2600
6900
2600
2900
3000
2700
2600
2600
2400
2600
2400
3100
2800
3000
4200
2800
11400
6400
2900
2700
2800
3900
3900
2900
2900
2800
3000
3100
3700
2900
2900
4100
4400
3100
3100
3000
3100
3000
3000
3100
3300
10800
4500
4000
4400
2900
2500
2400
2600
2400
2500
5800
2700
3500
2400
2500
2500
2600
2700
2500
2500
2800
3000
2700
3400
2700
3900
2600
2600
7900
2700
3400
4000
2900
2700
2900
3000
2800
4000
2900
2800
4000
4300
3200
3600
3200
3000
3200
2900
3000
3000
7600
2800
2600
2500
2500
3900
2600
2500
4200
2500
