612000
31200
26200
22900
18800
22100
37900
21100
24900
18700
32900
26700
25000
23400
23100
82400
37800
41100
29800
35400
49400
45100
39500
32600
33100
46600
45600
36000
38900
36100
54800
37300
201200
43200
38800
36900
987300
46100
22500
63400
50700
40900
56500
25500
52900
19700
16400
19700
37100
38400
14100
12800
10000
16300
10700
12100
10300
14700
15800
10400
19400
12500
13300
15400
12400
18000
14900
18300
13800
15500
18600
12900
13800
14900
12600
13500
18200
13500
12500
13200
21100
13900
21900
17500
13900
13900
14400
15700
12900
33900
29200
30700
30100
16800
27000
16100
16600
15100
26000
25400
13500
10300
30800
13300
12600
12400
9700
11100
13600
9700
13500
10900
12800
11200
10800
11500
10800
11300
10200
10600
25600
12900
13600
13800
11500
19800
11600
24000
12000
11000
18000
11800
20000
15600
12700
11900
12300
11400
11900
19000
23000
20900
23800
15000
24500
14700
13300
13000
20400
23400
12700
9700
8500
14800
8800
10700
8000
12900
8600
8000
13000
10100
14000
14100
9700
9400
9100
8500
8500
9800
13600
11400
11100
12000
10700
9900
9700
9500
9200
9200
21300
12200
16800
14900
14000
11500
11700
13800
11600
18700
34800
19900
20500
14300
21300
14200
12400
12700
20200
28400
11400
9000
11600
13400
9800
12800
7500
12200
8900
7900
13200
8800
10100
9400
8100
8800
8900
8200
8400
9000
11900
9500
14000
20900
12200
9400
17600
12800
13400
13300
20100
16600
13600
17300
16300
40600
20400
16400
15500
17100
25000
33100
30400
18100
38700
23300
16800
15900
35900
39200
19100
17800
9200
50400
11400
16700
9400
21900
11000
9200
13600
10600
12900
9800
9700
9700
9800
9400
9000
9200
38900
18900
17700
14000
12700
11400
11100
11400
11000
12700
15900
13000
12600
16200
15700
14500
12700
16300
14400
16200
20200
16400
37600
17900
16400
16900
15900
14400
15400
34800
43800
26400
32900
30100
32500
27500
34100
34700
23200
21400
114800
82000
23900
25700
34100
20200
19400
35700
21600
26000
57000
22000
24100
22700
20600
17200
15600
48400
16300
14700
19100
42100
15600
41500
15600
14700
13600
15200
13900
20400
103600
13600
11100
11500
10800
10200
32800
11800
11000
10300
26100
11500
11200
29100
12800
12400
11500
12100
11000
19100
38500
29300
14400
17300
19200
14000
12900
21100
13500
12700
22300
12700
12900
14500
13500
13400
14700
23500
14600
13700
16200
28600
14700
32600
14200
13400
13600
19100
17700
16900
89600
41800
130000
14800
11200
17700
31800
10900
10400
9700
12800
10400
10300
21200
10600
10500
11300
10500
10600
11500
16400
12200
15200
18500
16700
16200
12200
42600
13000
19600
25000
13500
12600
14700
12900
12600
12400
20500
12800
17800
16000
23100
14000
23900
13600
18200
13400
16700
13300
14900
96400
11500
9500
9200
9100
9400
19600
10600
9500
12300
20500
10100
9600
14700
10100
9800
9700
10000
10100
9700
13900
10100
14300
21200
14100
13700
11500
17600
10900
11200
23700
17400
16300
19700
17200
13600
7800
18700
7900
8200
11400
16600
8600
24500
9000
8600
7300
7700
18400
9100
90000
7500
6400
12400
9100
7100
18100
7200
6600
6400
10000
7900
7700
10700
8300
7700
7300
7200
7800
7300
14700
8100
10100
10800
10800
10700
9100
10100
8100
13000
22600
14000
9400
8300
37300
8200
7700
11300
7800
8100
15000
9900
8400
9100
10100
8900
8300
12600
9400
30900
75800
6200
5400
5400
5700
6000
11200
7400
5100
5100
7000
6100
6300
7600
6500
6300
11500
10100
6400
6000
8700
6400
7400
8500
8300
8000
6500
7800
6800
6300
12900
9700
6900
7300
9500
7000
7200
39200
7500
7300
11800
7300
7400
7000
8000
7800
7200
10800
8600
7600
29400
9800
5200
15900
5600
5000
7900
5400
4900
5000
36500
7300
7100
8800
7000
5800
5500
5400
5400
6200
10800
6400
10800
6300
5100
12000
4400
4400
4900
4600
6300
8200
5100
7300
6100
10200
5100
5200
4900
5000
11300
5200
5600
9300
5300
5300
5800
5300
5300
5400
29900
8200
4900
4800
4900
4400
4400
4500
5400
4500
6000
4200
4400
4200
4800
4100
4100
4200
4100
4200
5300
4500
5000
5000
4300
4400
10100
4200
12500
4400
6400
8500
4900
6800
6200
3900
3100
5000
27300
6700
29900
5300
5300
11700
5200
5100
5300
5300
9400
5100
31000
8300
4400
4300
4500
4400
4600
4900
4600
4400
5600
4100
4000
4200
4100
3900
3700
3900
4000
4000
4800
5600
5500
4300
4400
4400
6200
4400
4300
4200
11900
6500
4900
6100
6500
9200
10800
4800
5200
4800
10400
5200
5300
8800
5400
5000
5100
4900
5400
5200
25800
7700
4400
4500
7700
4500
4700
4900
4500
4900
12300
4400
4000
4100
4500
4300
4200
4100
12000
4400
5100
6400
7300
4700
4600
4700
4800
4600
4400
5300
11200
4700
4600
5000
5100
4800
4900
5000
4800
5500
9900
5300
5100
8600
5300
5000
4800
4800
5000
5000
26800
7400
4200
4300
4600
4200
4200
4300
4300
4700
5400
4200
4100
4400
7400
3900
3900
3900
4000
3900
4700
5600
7700
4600
4100
4200
4400
4200
4400
4400
6000
4800
4800
9600
4800
4600
4900
14600
4900
4900
7100
9600
5600
7300
7200
6800
5600
5400
5100
5500
25500
8300
4400
4500
4400
4500
4500
4900
4300
4300
5100
4800
4000
3900
3900
3700
3700
4100
4200
4800
4600
5700
6800
4300
4400
4100
4200
4100
7100
4400
5500
4500
8400
4700
4600
4400
4600
5200
4600
4400
6200
6800
5000
7200
7400
7000
5300
4800
4500
4900
28500
4600
4400
8300
4200
4100
4500
4200
4100
3800
17000
3600
3600
3300
3300
2600
2800
2700
2400
2600
4800
3000
2900
2800
2700
2700
2800
2700
3800
2900
4100
3600
2900
4200
4200
2800
2800
3000
2700
4500
4900
9400
5100
3200
3100
3300
4700
3000
3200
5700
14500
5700
2800
2700
3700
9500
5600
12400
4900
5900
5900
13300
3400
9200
2700
2700
3600
4300
2600
2400
8400
3800
2900
2900
2600
3800
2800
2700
4900
8900
6800
3000
3000
5100
8800
3000
3800
2800
2800
6000
5400
5900
3200
3000
3100
3900
3700
3000
3000
5800
15700
5500
2800
2700
2800
2700
2700
6100
2800
3700
4400
2900
2600
3600
2600
2600
3800
3100
2600
2400
5100
3800
6500
3900
4500
2800
2800
3000
2600
4100
4800
3000
3000
5000
4100
2800
3700
2800
2700
5400
5100
4700
7100
3100
3000
3000
3300
3000
3000
4900
14900
4500
2900
2700
2900
2700
2700
4700
2700
3200
4800
3200
2500
3200
2600
2500
2900
3200
2500
2600
4400
3900
3000
4300
4000
2700
2700
2900
2600
3000
5300
3100
2900
3100
2800
2900
3100
6200
4800
3300
4500
5500
3300
2900
2900
2900
3100
3000
3000
4800
13900
5100
2600
2600
2800
2700
2700
5000
2700
2700
4000
3100
2800
3200
2600
2500
2800
5300
2600
2500
5500
3700
2800
4300
3700
3000
2700
2800
2700
2800
8100
3200
4600
4500
4600
4800
5100
4600
8000
4800
6500
5100
5200
8500
8100
5800
5300
5100
5100
9000
22400
7400
4100
2700
4600
3600
2700
4800
4000
2800
4100
3300
2600
3100
2600
2500
2900
3000
2600
2400
8600
3700
3300
3800
3900
3000
2700
2700
2700
2600
5300
2900
2900
2900
3000
2900
2900
2900
4800
2900
4300
3100
3400
4800
7600
3000
3000
3200
2900
5300
13000
26000
3000
2900
2800
2400
3900
3900
3800
16100
19500
4400
4000
4200
4000
6100
4000
7300
4400
4100
8300
4400
4500
10200
5600
4400
5800
4500
5500
4700
6600
9400
4600
6600
4900
4900
4700
4500
4900
6500
7400
5000
5300
5000
7500
8600
7700
4900
4800
4600
25300
4200
4300
4300
4000
4200
4100
8000
4100
8100
6800
4900
4300
4200
5800
5400
4400
4800
4200
4300
5700
4700
4600
5600
4800
4100
5300
3400
4600
3300
6000
4100
4600
7200
4400
4300
4800
4200
4100
6900
7500
4700
5000
4900
7400
7900
10800
4900
4900
4800
24400
4000
3800
3800
3700
4000
3900
9600
3900
3900
7200
4200
5000
4000
6000
5300
4000
4000
4200
3800
5100
4400
4500
5000
4400
9800
4600
6300
4900
4400
6600
5200
4500
6500
3700
5000
4400
4300
4300
13600
7100
6000
4900
4900
7100
12900
7500
4800
5000
4800
30400
4200
4500
4000
4200
3900
4000
7300
4100
4400
7900
4200
4400
4100
5300
5000
3800
3900
3800
4000
5800
4800
4400
4300
4300
6900
4200
6000
4200
4000
5500
4500
4500
6500
9500
4900
7000
4800
6600
4900
7300
5300
5200
6300
7000
7300
12400
4700
4900
4900
23700
4200
3900
3800
3900
4000
3900
8000
4600
4100
6100
4200
4200
3800
5400
5000
4200
4300
3900
3800
5600
4800
4600
4700
4400
7000
4200
4600
4000
4000
5500
4700
4500
6100
7200
4700
6800
4700
7200
5000
7000
5600
5200
16200
5200
5500
5200
5100
4600
5900
26800
4700
4000
4100
3900
4400
4300
7400
3700
3700
5400
4500
3800
4400
4700
4700
3800
3900
4000
4000
5200
4400
4100
4400
4500
5400
4300
6000
4300
4200
5700
4500
4600
7100
6100
4300
6100
4700
6000
4600
12000
4800
5000
7700
4900
5600
5200
5300
4800
7300
25900
6600
4200
5700
7200
7700
7800
4300
4900
4000
10100
4400
4300
5600
3900
7400
4100
4200
59800
5800
13700
10800
6100
6100
6200
6200
5800
5200
6200
5900
8600
7100
6900
7300
7700
7200
7100
6400
14800
7500
20000
12700
10500
9000
8800
13700
12800
8800
8800
8800
30500
13400
8300
13600
8500
8400
15800
8600
11200
8600
18000
5600
5000
5300
5600
5600
5000
4900
5200
5300
7300
7700
6400
6700
6200
6100
6000
6500
6200
6100
8800
7200
7100
7100
7300
7300
7300
7000
9100
7500
10600
11100
10300
8500
8100
8600
10500
10800
8400
8400
29700
9200
8600
11500
10600
8100
10600
7200
10500
15400
24100
4100
4200
12300
4500
4000
3800
4000
5100
3900
10100
4400
4500
4300
4600
4200
4500
4100
8200
4700
6200
4800
4700
4800
4600
4900
5200
4900
13900
5100
6800
10800
5800
5400
4800
7600
7000
5000
5100
5200
23100
4900
4600
6200
4300
4300
6000
4500
6200
4400
7100
4200
4100
4000
4100
9900
4000
3900
4300
4300
5300
4500
4600
4400
5000
3700
3500
4000
5100
4500
5300
6100
5500
4300
4400
4800
4700
4500
4600
4800
6000
7600
4900
3100
3100
2800
5900
2900
3100
3000
14000
2800
2500
3800
2400
2400
4800
3300
3800
2600
5800
2600
2600
2600
2600
5000
2600
2500
2600
2800
7200
2700
2800
2800
2800
2600
2700
2700
3700
2800
4100
4400
2800
2900
3000
2800
2800
2800
2800
2900
3600
3800
3100
2900
3000
3000
3100
3000
4600
3300
13300
2800
2600
3800
2600
2500
3800
2600
3700
2600
5100
2800
3200
2500
2400
2600
2700
2500
2500
2400
3100
2700
2700
2700
2800
5900
2600
2800
3600
2800
3300
3900
2800
2900
9800
4500
3200
2900
2800
3300
3800
3100
3100
2900
2900
2900
3100
2900
4000
3200
11700
3800
3700
2600
2600
2500
4200
2500
2800
2800
9100
4400
4300
4400
4200
3900
3900
3800
2900
2600
3300
2700
2800
2600
2600
3500
2800
2600
2700
2700
5200
3600
3600
2900
2800
7100
2900
2900
2800
2800
4900
3400
3100
3000
3100
3300
3100
2900
3100
3300
13500
2700
2600
4700
2500
2500
2700
4000
2700
2500
5500
2900
2800
2800
3200
3100
2600
2500
2500
2400
3300
2700
2700
2700
2600
3300
2700
2600
2700
2700
4100
6500
3400
3200
2800
3500
2800
3200
2800
2800
4500
3000
2900
3100
3000
3100
3000
3000
9700
4200
12500
2600
2400
3800
2400
2800
2700
3600
2700
2500
5800
2700
2800
3000
2600
2500
2500
2700
2600
2500
3200
3100
2800
2800
2800
2700
2900
2800
3400
3700
4500
3600
4000
2800
2700
3500
2800
2800
4300
2800
4700
3100
2900
2900
4100
3000
2900
2900
3000
4700
12700
4400
2400
6700
2500
2600
4800
3600
2600
3500
5700
2900
2800
3400
2600
2500
2500
3000
2600
2500
5700
3100
2800
2700
2800
5300
2700
2800
2800
3700
3200
2900
4000
2900
2900
4900
3000
2900
2900
3500
6900
3300
2900
2900
2900
2900
3200
3000
2900
3000
11800
2400
2500
3600
2400
2500
2500
3900
2500
2500
4900
2900
2600
2700
2600
2700
2500
2500
2400
2400
3900
2800
2900
2800
3100
2600
2700
2700
2700
2900
3300
2900
3100
2900
2800
3300
3100
2800
2900
2900
4600
4100
3700
5900
3100
3600
3300
3100
3000
3000
12300
2700
2800
3900
2600
2400
2500
3700
2600
2500
11400
5900
2400
3100
2400
2200
2200
2400
2200
2200
2900
3800
2800
2400
2800
2400
2400
2500
2400
2600
3300
2500
2700
3400
2500
3300
4300
2600
2500
2500
4700
3900
3900
2800
2600
6800
2700
2700
2600
2900
13100
2300
2300
2100
2400
2400
2300
2200
2400
2200
7800
4000
4100
3800
3900
3800
9100
3800
3700
4600
5300
4100
4000
4200
4500
4200
4000
4200
4500
4300
6200
4400
4300
6000
5800
4600
4300
4700
3600
4700
7800
4800
5000
4800
4600
4700
4900
4300
6500
6000
22600
3800
6500
3400
6300
4000
3900
4200
7100
6900
14500
4600
4300
3600
3700
3300
3500
4300
3700
3400
4700
4400
3800
4300
3700
4900
4300
4700
4200
4500
5500
4400
4100
6100
5800
4700
4300
4500
4500
4300
8300
4500
4500
4900
4900
4300
4700
4400
6700
6100
21800
3900
5200
4100
6500
3900
3900
3800
11100
6700
5800
3700
4200
3800
3800
3800
3800
5100
3500
3300
4600
4200
4200
4200
4100
4100
5700
4100
3300
4200
5600
4400
4000
5300
3900
2800
2500
2700
2800
2500
4700
2800
2900
2800
2800
2700
2900
2700
3700
3800
20500
3300
4000
2600
7300
2700
2800
2500
3700
3700
5100
2400
2900
2500
3000
2400
2300
2700
2500
2200
2900
2500
2600
2500
2600
2400
3700
2600
2400
3600
3200
2800
2600
2600
2700
2700
3200
2600
2700
2500
4800
2700
2600
2800
2900
3000
2700
2600
3800
3600
16700
2400
3700
2900
4700
2300
2400
2400
3600
3800
4500
2600
3300
2400
2800
2400
2400
3300
2200
2200
3000
2600
2600
2700
2600
2400
3300
2800
2900
3300
3700
2600
2800
2600
2600
2700
3000
3100
2700
2500
3600
2900
2800
4100
4500
3000
2800
6300
2900
3200
11900
2300
3800
2400
3700
2300
2600
2600
3700
3500
4900
2500
3400
2400
2900
2600
2300
3200
2200
2200
3000
2400
2500
2500
2600
2700
3300
2500
2800
3400
3500
2700
2600
2700
2500
2700
2600
2800
2600
2500
3700
2800
2700
7000
4300
3400
3000
3100
3000
2700
12600
2600
2300
2400
2300
2500
2400
2300
5500
4000
7900
3100
2800
2900
2800
2400
2300
2600
2400
2400
3400
2600
2600
2500
2500
2600
2500
2500
2400
2800
3300
4000
2800
2900
3800
3500
2900
2600
4100
2600
3900
3000
2800
2700
3500
3100
2700
2800
2800
3000
11300
2500
2500
2400
6700
2300
2600
2300
5900
2400
6200
2600
3600
3800
4000
3700
2500
2400
2500
3200
3400
3300
2900
2500
2400
2500
2700
2500
2400
2400
3400
3700
2800
2500
3900
3400
2700
3500
2600
2600
4000
2700
2700
2900
2800
2800
2700
2900
3100
2800
11800
5300
2500
2200
3700
2300
2400
2800
4500
2300
5800
3400
2800
2500
2800
2400
2400
2300
2600
2600
3400
2900
3100
3100
3300
2600
2500
2500
2500
2500
4700
3600
3100
2800
4000
3900
2800
2600
2600
2800
3900
2700
2800
2700
3100
2800
2700
2800
2900
2700
15800
2500
2400
2400
3500
2600
2300
2300
4300
2600
5900
2700
2900
2400
2900
3100
2400
2400
2400
3200
3800
2600
3300
3500
3600
2600
2600
2500
9600
2900
3400
2600
2900
2700
2700
2700
2900
2700
2600
2600
3700
3000
2700
2600
2800
2800
3000
2800
2800
2700
14300
2300
2300
2200
3800
2300
2500
2200
3800
2200
5100
2500
2600
2700
2500
2400
2400
2300
2300
2500
3500
3000
3100
3300
3000
2600
2700
2700
2500
2500
3500
2600
2700
2900
2600
2600
3100
2800
2900
2700
3700
3800
3000
2800
3800
3900
2900
5800
4200
3500
16400
3700
3900
3300
6600
5100
4600
4400
7200
3800
6900
3600
4100
3600
3100
2600
2700
2400
2600
2900
3800
2600
3200
3300
3200
2600
2700
4800
2600
2600
3400
2700
2800
3400
2600
2600
2700
2900
2700
2700
3700
4200
2900
2800
7400
4000
3000
4100
4400
4000
17400
4000
3500
3800
3600
6600
5700
5700
4900
4000
8000
2800
2900
2500
2300
3100
3300
2300
2900
2500
4300
3600
2700
2800
2600
2700
2600
2500
2700
2700
3900
2800
3500
2800
2700
2800
2700
2700
2800
2600
4200
2900
2900
7300
2900
4300
2900
2900
2900
2800
11600
2800
4600
2800
2600
4200
2500
2400
4100
2500
5400
2700
3200
3100
2700
2900
2900
3100
2600
2400
4500
3700
2800
2600
4300
2700
2500
2600
2500
2800
3600
2800
4400
2800
2500
5600
2600
2800
2700
2700
3900
2800
2900
4300
2800
4200
2900
2700
3100
2800
20100
2600
4000
2800
2600
3900
2800
2300
4200
2400
5400
2700
3100
2900
2700
5700
2700
2600
2500
2600
3700
2900
2600
2500
2500
3700
3500
2800
3400
2500
3600
2700
2800
3400
2700
2700
2800
2700
2700
2600
3800
2900
3500
4200
2800
4100
3000
2800
3000
2700
12100
2500
4100
2500
2400
4000
2700
5300
3800
2500
7000
2500
2700
2700
2400
2500
3800
2700
2400
2500
3800
2700
2500
2600
2500
3300
3300
2800
3300
2500
4500
3900
2600
2900
2700
2700
2700
2700
3700
3100
3900
2700
2800
4200
2800
4500
2800
3000
2700
2800
11800
5200
3900
2700
2600
4200
2400
2300
4000
2400
5600
2500
2900
3200
2700
2800
2800
2600
2400
2300
3900
2700
2600
2600
2700
3900
3700
2600
3400
2800
4800
3900
2900
2800
2800
2800
2900
2700
2600
2700
4000
3100
2900
2900
3100
5800
2900
2900
3000
6300
11700
2400
4500
2500
2600
4000
2600
2300
4000
3100
4800
2700
3300
3000
2600
3000
2800
2800
2700
2300
3900
2600
2600
2500
2600
3700
3700
2600
3400
3100
4700
4000
2900
2900
3100
2700
5700
2800
2700
2800
3700
3000
2900
3400
3100
2900
2800
2900
3000
2800
11100
2400
2600
4000
2700
4500
3000
2500
3500
2700
