1083200
42300
29400
26800
25000
38200
38500
36000
35000
36300
46700
35400
34400
31600
32400
58500
32400
38600
33800
46600
63900
56500
52400
41300
57200
44600
39500
38900
38000
34200
98900
46500
64900
64400
65500
37100
1007400
54500
26600
35200
77400
43000
34500
34400
107500
66400
57600
28800
27300
30500
30300
33800
24000
16600
22500
17900
16400
31500
22700
16400
26100
18100
18000
18100
20400
42400
19400
20900
16700
27100
33300
21600
19800
21200
35100
26900
23600
20400
19100
20700
37300
21800
33500
38800
35500
22400
19200
18100
17600
19500
36400
28600
22100
27900
39300
41300
69300
16600
15300
15100
12800
16500
11300
8700
8500
9200
8400
14300
13100
8900
27500
11400
11000
9500
10000
10300
9200
9600
9300
9500
18200
12700
11100
11800
20800
11800
10700
36800
12100
10600
26800
11800
20400
30200
22200
15100
11700
11700
11900
11800
18800
13200
17400
12400
25200
26700
30300
14100
13200
14400
10100
11500
8700
7900
9000
9000
8200
15300
15600
14900
19600
10800
13200
9000
9600
8900
8800
9500
8900
9400
13200
9400
10100
16600
10100
20300
10900
10400
9500
19600
19900
11600
20700
19100
18300
12000
18300
29500
26200
19900
27100
19700
15900
17900
38700
44700
34100
20800
18400
22400
16900
26200
12500
11200
12300
13300
10900
17400
17300
11200
22100
17900
14700
11900
11800
12100
13300
13800
13900
14800
23400
14300
16000
31300
15300
34600
28200
23500
16500
19300
24700
16300
15200
24500
23500
41000
18800
17600
16600
19000
26700
18200
17000
17200
26500
29000
24000
17900
19800
19100
23100
17000
11800
10500
9800
17100
11100
14100
15200
10700
27100
14300
16000
12300
15700
12900
12700
16900
16600
12800
18200
12800
14600
15100
13700
23100
14300
21600
13800
19500
20100
15700
14800
15800
23100
14400
14000
15400
15700
18600
21000
17800
25500
24400
23100
46000
14700
15000
14800
18300
30700
30300
24500
23300
21500
21300
20400
29500
23900
21300
26300
22600
28400
25600
22600
25700
23600
24100
22800
20500
25500
23400
60300
21800
19200
20700
32400
26400
19800
16900
28100
26800
20200
19700
19900
38400
31600
40700
22300
23500
111000
11800
11000
10300
10300
9600
11000
11000
23800
11800
32800
11000
10600
11200
13500
13300
12200
14700
11500
10900
13200
11800
18700
16500
11800
12000
12200
11600
11700
12500
13800
12100
13000
13100
12700
11900
20100
26000
18900
13200
15900
23700
13700
16100
12600
31100
22700
22900
15300
17100
88600
14700
11200
10500
10500
9500
9400
10200
22400
10800
13200
14300
10100
14600
12300
28800
12500
12400
11000
16100
12700
14900
12100
14800
11900
11300
12900
15200
38900
12000
20300
12000
11900
13600
12000
11600
17600
20000
13100
19600
16100
16400
22400
13600
12900
18600
17800
16300
14700
15400
646400
212000
15200
8300
7400
7100
6900
7300
15500
18100
10300
8000
7400
8000
9000
8800
8200
9100
7600
7900
16400
15600
8700
8700
8000
8000
10300
13400
10100
9400
729300
47700
15200
9600
9800
8300
8100
8400
8100
8000
11500
13200
18700
8400
7900
13400
12900
12000
11600
9500
39000
15400
6400
6000
6600
6000
6000
6300
12800
13800
9500
8000
7100
7400
80000
16200
9400
14300
8100
7900
9100
10900
9100
8400
8000
9500
9100
11500
10700
8400
11900
36200
84200
25300
17600
5900
4900
5200
5000
5300
19000
10200
5500
5100
5100
5600
19600
15500
5500
5200
27500
4200
4100
3900
4200
3700
3800
4100
7200
4000
5600
4400
4200
4500
6300
5000
4400
4900
4300
4500
5000
6000
5000
5100
4900
4600
4800
7000
5800
4800
5500
4800
7000
5000
4700
4700
5100
4800
4600
4700
6300
4900
5200
7300
4900
5300
8400
13700
5100
5300
16400
10400
8100
4200
3700
7600
6700
6500
3700
4000
42600
14500
5400
4300
5000
4400
5400
4700
4500
5000
6400
4900
6500
4400
6500
4500
5400
4800
4700
8000
6700
7700
5400
5400
5000
5100
5700
5200
7200
4900
7000
5500
5800
5800
5400
5700
8000
5900
5500
5400
25700
4800
9500
13800
4800
4500
4700
4500
4800
4900
7100
5100
4300
6000
4400
4300
4200
4400
4100
4300
5800
4800
6300
4600
41400
10800
5600
5200
5300
4900
7100
10600
5300
5200
8600
5100
4800
5100
7800
4700
6900
7800
13400
5100
5100
9200
8400
5600
6000
4900
26500
4600
17100
8400
5400
4600
4700
4300
4600
4500
5900
4100
4100
5200
4300
4100
4300
4100
4200
7900
5000
6100
14300
4600
4500
5300
6300
5200
4300
5900
10100
7200
4600
4900
4900
4800
4600
4700
7100
4700
6400
5100
4900
5400
5600
4900
8200
6000
5500
5300
32800
4900
11400
8700
4500
4800
4800
4400
4300
4300
6000
4200
4300
5100
4300
4300
3900
3900
4100
4000
5000
6000
4500
4700
4300
4900
6900
4400
4300
6100
6100
4800
8000
4700
8400
8000
4900
4900
5100
5000
7300
4500
4900
4300
4100
6400
10900
5800
22100
11800
24800
4400
15800
7600
4200
5000
4700
4400
4400
4400
22100
4400
3800
5000
3700
3500
3800
3700
3600
3400
6400
5500
4200
4000
4400
4100
6000
4300
4400
5300
5900
4700
6600
4800
8200
4400
4200
5200
4500
4600
7000
7500
4900
13300
4900
5300
5200
4700
7300
4900
27900
4300
9300
7300
4200
4400
4800
4300
4300
4200
4700
3800
3800
4700
4000
4100
3700
3700
3800
4300
4700
5800
4800
4300
4000
4300
6600
4600
4400
6300
5500
4900
7000
4700
8000
4600
4500
4600
4600
4800
13700
7800
4900
4700
4900
4800
4600
4800
7400
4600
21400
4400
4000
3900
3900
4500
6500
19600
4400
4900
10000
13700
4200
4000
4100
4700
4400
4000
5200
5400
5800
5000
5700
6400
4500
4600
6900
4500
4700
7200
6100
6200
4800
5000
4400
9500
4500
4600
4600
4500
9400
5000
4900
5000
6000
5100
17600
5500
9200
5000
23600
4500
4200
5400
4000
4000
8100
4200
7600
4500
8600
4100
4100
4000
5300
3800
3900
4000
5000
4000
5200
5500
4500
6400
4300
5400
5500
4200
6800
7000
7400
4900
4500
4700
5300
7400
4600
4500
5700
4400
7300
5000
4800
5200
6200
5200
6000
5100
5100
5000
23500
4500
4300
5500
3900
3800
8900
4100
4100
4500
18000
4300
4300
4200
3700
5000
3900
3800
3900
5200
4700
5600
5600
4400
4300
5600
6600
4100
5200
7300
5900
11600
4600
4800
4600
7000
4800
6900
4800
4800
6800
5100
5000
4800
5200
4800
4800
26300
20000
15700
49800
71100
11800
9200
9100
8300
16900
12600
9300
8400
15100
9100
8600
8400
8200
7900
8900
3600
2500
2400
3100
3500
2600
2600
2900
3400
4900
2900
2500
3300
3500
3100
2900
4200
4400
2900
10000
2800
2700
4100
4600
3200
2900
3100
3000
3200
2900
3400
3100
3200
12200
2800
2500
2500
2500
2400
4000
2700
2500
2500
4200
2800
2600
2900
2400
2300
2600
2500
2400
2400
2800
3200
2600
2500
2500
3200
3000
2700
2600
3200
3200
6300
2900
4200
3000
2800
3700
2900
2800
3700
8400
3100
3000
3200
2900
4400
3000
3200
3000
2900
12300
2800
2400
2300
2500
2500
3900
2700
3600
2500
5100
2600
2500
2500
2400
2300
2700
2300
2500
2800
2900
3500
3200
2600
2700
3200
3700
2600
2600
3200
3600
3000
2800
3900
2800
2800
4000
2900
3200
4300
3800
7600
3100
3100
2800
4400
3000
2900
3100
2900
13600
3100
2500
2900
2500
2500
2400
2800
2500
2600
5300
2600
2500
2600
2300
2900
2500
2400
2700
3000
13900
2700
2800
2600
2600
2600
3400
3600
2600
2600
4000
2900
2900
4300
4400
4100
3800
3000
2700
3200
4500
3200
3600
7600
4600
3600
7600
3000
4600
3100
13200
2700
3000
2900
2600
3100
2900
6400
2900
4400
5200
2900
2500
2400
2400
2600
2600
2600
2500
3400
8000
2900
2600
2700
2500
2600
3400
5800
3000
3200
3400
2800
2800
4500
4100
3800
3000
2900
2700
2900
4300
3100
7900
4800
4600
3100
3100
3100
4700
3300
12000
2600
2600
2900
2700
2700
2500
4500
2500
4500
3800
2700
2700
2500
2400
2700
2500
2600
2900
6000
3100
2700
2700
3100
2600
3500
2600
3000
2800
3500
4200
2700
3300
4600
4000
3800
2900
7100
2800
2800
4200
3000
3100
4900
4500
3000
3000
4200
4200
3000
11900
2600
2500
2900
2800
2700
2700
5000
2700
4500
4100
2700
2600
2500
2300
2400
2800
2600
2500
3100
3200
2800
2600
2900
2900
3400
2700
2700
3000
3500
4600
2900
2900
7100
2800
2900
4100
3900
2800
3100
4000
3500
3300
5400
4900
2900
3000
2900
4300
3100
13200
2800
2500
2700
2500
2800
2500
4400
2500
4400
4200
2700
2500
2600
2400
2500
2500
2400
2700
3000
3000
3100
2700
3000
2500
3600
2700
2800
2800
7700
4600
2800
3000
2800
3000
3000
4000
4200
19900
3000
14000
3100
3300
10800
4900
6500
3200
3200
3100
3100
12500
2700
2600
2600
2400
2500
2700
4300
2600
4000
4700
2700
2600
2900
2400
2600
2500
3600
2500
6500
3000
2700
4500
8400
4200
4200
2600
2700
2700
3300
9900
2900
3000
3300
2700
2800
4400
3900
2900
2800
4100
2800
2900
4500
8500
3900
2900
13800
2700
3000
12800
2900
2800
5200
5000
2800
2600
2400
4800
2500
108700
5300
4300
4200
4000
5700
4100
3800
4400
11700
5700
4500
4400
6500
4100
4100
5900
4400
5700
5900
10100
4800
12100
4500
4300
4600
5100
4500
7700
4800
7500
5100
4700
5000
5200
11100
8400
4800
5100
5000
24200
4400
4400
4300
8000
4200
4100
6800
7700
7500
6900
4500
4800
4300
4200
4900
4400
4100
3900
4300
6800
4600
4200
5700
4400
4300
12500
4400
5500
5700
10200
4700
5600
4800
4300
4700
4900
4400
6900
4600
7000
4900
4700
4900
5000
10000
7500
4700
5100
4900
23400
4000
4200
3800
7500
4000
5700
4000
7200
7400
7700
4400
5400
4200
4400
5400
4000
4100
5200
4900
5400
4300
4100
4400
4300
4600
4200
4400
4500
6800
9400
4600
4800
4600
4700
4500
4800
4600
7100
4700
7800
5100
5000
5000
5200
9500
7600
4800
5100
5100
257000
5700
4700
4000
9000
4300
4100
4100
13400
29300
9100
4600
4600
4200
3900
4800
4000
4100
3900
5100
5100
4500
4400
5900
4600
4400
4300
4400
4500
6200
5700
4400
4600
6700
4800
4600
6600
4600
6400
6100
7000
5200
4800
5100
5000
10600
7700
5100
5300
5200
28000
4200
4300
4200
7000
3800
4000
4100
7200
8600
8200
4500
5300
4200
4200
13000
4100
4000
4100
5400
5100
4300
4500
4600
4600
4500
4500
4600
5400
6100
6500
4500
4700
6200
4600
4600
6700
7600
6800
11700
14500
6300
5900
10800
4800
5200
4800
4900
7700
4900
21300
4100
4200
4800
7100
4500
4300
4300
8200
6700
6500
4300
5100
4100
4100
4700
4200
3900
3800
4900
4900
4200
5300
4600
4400
4100
4100
4100
4500
6100
6100
4600
4500
6600
4600
4500
7400
4700
12600
6700
10500
5100
5800
5000
4900
5100
5200
4800
7500
4700
22100
4200
4100
4100
4000
9900
7100
4000
4200
4200
10800
5800
4500
4100
4100
4000
4800
5100
7200
4200
5800
5900
4500
4400
4400
4400
6000
4800
5300
5500
8800
4800
4500
4600
10700
4600
4400
7000
5000
4700
8100
5000
4900
5000
5100
4900
5000
5000
5400
6000
36200
7600
4200
4200
4100
4100
3900
4000
4200
4000
8000
4500
4000
4400
5000
4100
5000
4400
4100
4200
5300
5600
4300
4500
4100
4200
5500
5800
5400
5800
10800
4600
4400
4400
5900
5200
4500
7900
5900
4500
9000
4800
4900
5900
4400
2900
3100
9300
7800
4400
31300
7800
3500
3400
3500
3200
3500
3500
4800
3400
7100
5100
3600
3500
3500
3600
5900
3600
3600
3400
4500
5300
5100
4300
3900
3700
10500
5800
5500
4000
8200
4000
3900
4400
4300
3900
3900
4200
4000
4000
6300
4300
4400
4100
7600
4200
4400
4000
4600
5200
21800
6600
3700
3600
3600
3500
3600
3500
3500
3300
6800
3700
3300
3400
3400
3500
3700
3300
3400
3400
4500
4400
3700
3800
3800
3700
3700
10800
4800
3800
5200
5500
4000
3900
4000
3900
6500
4100
6700
5500
6700
4300
4800
4500
4300
4400
4300
4100
4300
4300
27800
6500
3300
3400
3400
3700
3400
3400
3600
3600
6200
4000
3400
4500
3600
3500
3800
3600
3600
3700
4900
4800
3800
3700
4000
3800
9900
4600
4600
3800
4800
5200
4000
3900
4000
4100
6500
4000
5900
4900
8600
4100
4200
4000
4200
4400
4300
4200
4200
4200
22600
6700
3600
4100
3500
3400
3400
3500
3700
3300
6800
3600
3700
4400
3400
3800
4200
3500
3400
3500
23200
4900
3800
11700
10400
3900
3900
4900
5400
3900
5500
5400
4100
5800
3800
4000
6700
4100
6900
5700
8300
4600
5900
4700
4800
4800
4800
4800
4800
5000
25500
4000
3800
3800
3600
3400
5400
3600
3500
3700
10500
3200
4400
2300
7600
2500
2800
2400
2400
2400
3400
2600
2600
14700
8300
3300
3700
2500
2800
2400
32000
7100
3900
4700
3600
5200
4500
6100
4800
4800
16300
4700
60200
6700
4000
4000
8400
4900
4300
3100
15000
2500
2500
2400
6300
2400
2200
2300
2600
2200
6200
2400
2600
2600
2400
2600
2500
2500
2400
2300
2900
2800
2500
3300
2500
5400
2500
2500
2400
2400
3400
3700
2700
3300
3600
2700
2800
3700
2700
2600
3900
2800
4100
3100
4400
2800
4100
3300
2700
2900
13000
2600
2400
2300
2200
2500
2100
2300
2200
2200
6800
2600
2900
2400
2700
2800
2800
2300
2800
2400
2900
2600
2900
2500
2700
2700
2900
2600
2600
2600
4400
4900
4200
3500
4300
2800
2600
3700
2700
2600
3900
2800
10300
2800
2800
2800
4100
2900
3800
3000
20200
2400
2300
2400
2300
2200
2200
2500
2300
2200
7600
3400
3100
2300
2500
3600
3000
2600
3000
2400
3000
4000
2900
2500
2600
2800
2800
2700
2600
2600
3300
3600
2800
4200
3200
6300
3600
2700
2700
2900
3900
2800
4000
11700
2500
2600
4000
2600
2400
2600
11700
2200
2200
2100
2300
2000
2000
2100
2300
2000
6300
2400
3000
2300
14600
2800
3000
2600
2600
9800
3200
2700
2600
2600
2500
2900
2800
2500
2600
2600
6800
2600
2700
16600
2800
5100
3500
2600
3300
3700
6400
6100
3300
4200
12000
2700
2700
4000
2600
2800
10900
2300
2100
2000
2000
2300
3700
3100
2100
2100
6300
2400
2400
2200
2200
2500
2300
2200
2100
2400
2500
2800
2400
2500
2300
2400
3000
2700
2600
2200
2800
2600
2400
3200
2500
3200
2400
2400
2700
2400
3400
3400
2500
3400
3400
3300
2600
8200
2600
2500
12200
2100
3700
2100
2100
2400
3400
2500
2200
2200
7200
2600
2300
2300
2200
7000
3200
2800
2300
3000
3100
3600
2500
3500
2600
2500
3300
2500
2500
2500
3600
2700
4400
2700
3700
2700
2600
2600
2500
3900
4100
2900
2700
2700
4000
4100
4200
4300
2700
4200
12000
9100
2400
2500
2400
2300
4200
2300
2300
2500
6700
2700
2500
2500
2800
2300
3000
2900
2700
2600
3100
3500
2400
3300
2700
2300
3200
2800
2400
2300
3500
2700
4000
2800
3600
2500
2700
3200
2400
4000
4500
3500
2500
3800
4200
22100
4400
4300
3000
4200
19500
4600
2300
2400
2700
2400
4400
3000
2900
2500
6800
7200
2400
2800
3000
2500
3100
2500
2800
2300
3400
3500
2700
2400
2700
2900
4400
3600
2500
3600
4900
2700
3000
2600
8500
2700
2600
2700
2500
3600
3800
2700
2600
2600
4200
4500
4100
4200
3700
4300
11600
3900
2400
2300
2200
2400
4000
2300
2300
2200
7800
2600
2300
2400
2900
2300
2800
2300
2800
2400
2800
7400
2500
3000
2500
2400
3700
3400
2800
5600
3500
3700
2800
3700
2800
2600
3600
2900
2500
2500
3800
2800
2700
2600
4100
3900
4200
4200
2500
4200
11000
4000
2100
2400
2200
2200
8700
2200
2400
2300
6500
2500
2300
2400
3800
2900
3000
2400
3000
2300
3200
3400
2600
2800
3300
2700
3700
3700
2500
3600
3200
4100
2700
4500
3700
2700
3800
2600
2500
2500
3700
3000
2900
3000
5500
4400
3900
2800
7600
6400
10900
4700
2300
2100
2500
3200
4400
2800
2700
3700
6500
3000
2400
2700
2800
2300
2600
3100
2700
2400
3000
2700
2400
2800
2700
3100
16800
3700
2600
3400
3500
6000
2900
4100
2800
2700
4000
2800
2600
8100
3800
3400
3200
2900
4600
2800
3000
3000
2900
4800
17400
2800
2500
2600
4200
4400
4300
6700
2400
4200
8300
2600
2700
2300
2400
6600
7500
7100
7300
7300
10000
10900
10000
8500
21300
8000
11800
10200
8100
7500
26300
8600
10400
10900
2600
2600
3700
2500
3300
3600
5700
2900
2800
2800
2900
2600
2700
2800
3900
4300
12200
2400
2400
2300
2300
2400
2400
2300
2100
3800
6200
2600
2900
2400
2300
2400
2300
2300
2400
14500
3700
3200
2600
2600
2700
2600
3400
3400
2700
2500
8600
2800
2800
2900
2700
6600
3800
2600
3300
3500
4200
2800
2700
2900
2700
2600
2700
2800
4100
2800
11800
2300
2200
2100
2300
2200
2100
2200
2100
3500
5800
2500
3000
2500
6700
2400
2300
2300
2400
2500
3600
2700
3500
2600
2500
2500
4200
3500
2700
2700
3700
2700
2700
3000
2700
2600
8000
2500
3300
3700
4000
2600
3400
2900
2700
2500
2600
2900
3800
2700
12300
2500
2400
2300
2600
2400
2300
6000
2100
3500
6400
2800
3200
3700
7700
2600
2400
7700
2300
2500
3700
5000
3800
2700
2700
2600
2800
2700
2700
5700
3200
3400
3700
21600
3100
2800
3900
3900
3900
6200
4000
2800
4300
11800
3000
3900
3000
3100
4000
2900
12300
2500
2500
2300
5000
2300
2100
2100
4700
3800
5900
2600
2900
4300
2500
7500
2400
2400
2500
2900
3700
2800
3400
2800
2700
2500
2700
2900
2600
2700
3400
3500
2800
2800
3000
2800
3400
4200
2700
2800
4000
3000
3200
3000
3000
3600
4200
2900
4000
5800
11800
2600
3000
2400
2600
2400
2300
2500
2300
3800
5600
2700
3000
2600
2400
6900
3600
2600
2400
2500
3600
2800
3100
2900
2600
2600
2600
2700
2800
2800
4000
6200
3800
2800
3000
2700
3400
3900
2800
4400
3600
2700
2800
3600
3000
2900
4600
2800
4200
5400
12000
2700
2400
2400
2500
2600
2400
2400
5200
2500
