635900
37700
112800
25300
20400
22300
30200
20700
40900
20300
40700
27400
24200
30500
41000
26800
19500
22400
24300
21200
36600
35300
31900
26000
26000
39600
24800
39300
27900
25000
39400
27000
45100
48400
47300
29500
954900
40700
25600
28700
62900
27700
25300
28200
30500
36600
18400
18100
51300
22800
19100
17500
18800
12900
17900
13200
22600
13400
11200
19400
21700
13500
14600
15300
39400
18200
13100
14100
12500
11300
22500
16000
16800
16700
13000
13700
14700
26800
13800
13700
29100
14500
23200
26600
23800
15800
13700
13000
13000
14600
28400
17400
31100
16300
13400
16700
14900
14100
28200
17600
18800
11500
14800
9500
8700
10100
13700
10500
9500
13200
14800
11000
20100
12300
10600
10900
10400
10200
21500
11800
19900
12300
13900
13500
10700
11200
11800
51400
17600
12200
26100
12100
33100
32300
22800
13400
12800
12600
12200
12800
19100
13000
12800
13200
11800
12300
12000
12200
30300
18100
11100
9200
8300
156900
68000
24300
16300
11400
9400
13000
25500
42700
142700
19800
18300
30900
24600
24100
62500
28000
38400
26700
31500
36900
63300
31100
26800
15700
15100
14900
34000
19000
36200
31300
41400
19200
16700
16300
16300
19600
35800
20600
17300
19700
26300
22300
18200
21800
35300
29100
42300
15700
12700
12000
14300
15300
21800
14700
12800
19400
19800
15200
26900
15100
14100
14300
14100
12800
27000
15500
18000
18100
21900
29100
35100
17800
25500
15500
15300
13800
18200
15000
16700
18000
15400
15800
15200
29200
18100
18000
33700
18200
16600
18000
17200
23300
17600
17300
31300
22900
16300
13300
11800
11000
10400
15100
17400
12600
10800
14400
13900
14200
20700
60200
12300
12400
12200
10800
19800
12200
19900
18600
14300
15900
25600
13200
13700
11800
12000
11400
13300
10900
15900
15100
12600
11200
12700
22000
11900
13300
21200
11600
24400
21600
22700
16000
12800
13200
12700
18500
37900
33800
18500
28300
18400
42300
16900
13000
12700
12400
22000
14400
12500
20700
13000
12400
15900
12700
13500
40700
15200
18200
13000
14300
20900
13600
20500
17500
15700
12900
15000
13200
22300
22700
14000
13400
13900
19600
25300
19300
80900
7200
6400
6400
6700
6600
6400
6400
6300
6500
15200
24600
13000
12300
11900
13300
11000
13200
12000
11200
14500
12100
11900
15400
11900
11800
14000
12600
12300
14100
13200
12000
12200
12700
19700
8400
16100
10900
7800
9500
9800
13600
21500
16900
8300
8000
10100
12800
12600
13100
58000
9300
6400
6400
6300
6900
6200
6200
6300
6400
9500
12300
6700
7200
7400
6700
7500
8600
9500
10600
8000
11300
20600
9400
8200
8100
7600
7400
7300
7000
8700
8000
7500
12300
13300
8500
12200
13600
8000
10200
9400
8300
15100
14100
8400
8000
10000
13100
13300
13000
64400
6900
6100
6300
6600
6100
7400
6300
6100
8300
10400
10100
6600
7100
6800
6900
6700
9000
8300
6600
7400
14200
9200
8200
7500
7200
7100
7500
7800
7800
11500
7400
7400
12400
8100
7300
12600
7700
7400
12300
9400
7800
14700
14300
8000
8200
7900
16800
12800
13100
64400
6500
7000
5800
5800
10200
6300
5800
5900
6300
9500
9500
6600
6900
6400
6500
6400
9000
9800
6700
7000
11200
7900
8100
7000
6900
6900
7100
6900
7100
12300
7300
7900
10800
7800
12700
13300
7400
7800
11200
8500
7500
7700
7700
15900
7800
17700
12600
8000
8000
56700
5600
5600
5700
6500
5700
5700
5900
5900
7100
7600
6700
6200
6300
6100
6200
6300
7400
6600
6100
6900
8500
8200
7700
6700
6700
6600
6900
7200
6600
10300
7000
6900
9700
7200
7100
12000
10200
5500
7400
10700
10100
8000
6100
10900
5600
9400
9200
6100
5600
55000
4200
30600
7700
6200
5000
5700
9800
10500
24300
29500
9900
9500
8200
8400
9200
8000
7800
11000
7700
10200
9200
8200
8100
10500
8100
9300
7800
8200
8400
9700
8600
11200
10700
8900
8700
8700
28800
9500
8800
20000
9000
16600
10200
8900
17100
37000
8200
12800
8400
35600
6100
5800
5900
9200
5900
5800
6600
5700
5600
11100
12000
10400
6900
6700
6800
26100
6400
9100
6400
8100
7200
6900
7100
10500
6900
6700
6800
6700
6600
8200
12800
9500
7400
7800
7600
7200
10200
7400
7100
9400
7600
9800
7600
7300
8200
6700
7200
10600
7400
35000
5200
5100
5700
8400
5200
5000
5500
5000
5100
7600
7200
7300
8600
6000
8000
6400
6100
6300
6300
16300
7300
7800
6500
7000
6800
6500
6700
6500
6300
10400
7000
8400
6700
6700
6800
6800
9200
7400
6600
8700
7200
9300
7300
7400
7200
7700
7600
10700
7500
32000
5400
5000
4000
9900
8700
7400
5000
4600
4900
6500
6300
5600
4500
4500
4500
4400
4700
4600
4800
8900
5200
7500
4800
5300
5500
5300
4800
5000
5100
6800
5500
5300
5400
5800
5400
5200
5000
6500
5700
6900
4900
18000
5900
5200
5000
5500
5500
9200
5700
24500
4900
4900
4700
19200
4800
6200
4700
5400
4900
6500
5900
6400
4700
4400
4600
4400
4500
4300
4300
7300
4800
6800
5400
5700
4600
4700
4800
4900
5000
6600
5500
5200
5300
5200
5100
5200
5300
5300
5300
7400
5600
9800
6800
5400
7200
5900
9200
5800
8400
27300
5600
4800
14400
8000
4800
4700
4500
4500
4600
5400
5000
4900
4500
4300
4100
4200
4000
4100
4500
6100
16700
6200
4700
4700
4300
4900
4700
4700
4500
6400
5500
5000
5300
4800
5000
4800
5400
5100
4900
6700
5500
8400
6000
5500
5400
5500
9600
5500
5700
23200
4700
7700
4600
22200
5200
4800
12300
10000
8000
9300
4900
4500
4200
6400
4300
4300
4500
5700
4500
7700
6300
5000
5000
4400
5200
4700
5200
4600
4500
9600
5300
6900
5100
5200
10500
9500
5300
5100
8900
8800
5700
5100
5300
5300
6300
10600
9000
6000
5600
27700
6400
4800
4500
10700
4600
9800
4700
5900
8400
7500
4400
6300
23900
5700
4200
4100
4000
3800
4100
13100
6700
4600
4600
4500
4700
5900
4500
4700
4400
7400
4700
4600
6000
4700
4700
6500
6200
4800
7400
8900
6600
5200
5100
5000
5100
12200
9100
5100
5100
24000
4400
5500
4300
9900
4300
8000
2800
2600
5300
4400
2600
4000
2400
2500
2400
2400
3400
2400
2300
3300
4900
24200
3700
4800
2800
3200
3700
4500
3000
4500
3000
2800
3100
2900
3700
3800
2900
2800
4900
6500
3000
2900
8300
2900
3700
4300
4000
3100
3200
13800
2700
3000
2700
5400
2800
6000
2800
2500
4400
4000
2500
3600
2700
2400
2500
2400
2300
2300
2500
3000
2800
3000
2700
5500
2800
3000
2700
3500
2900
4800
4100
2800
2900
2700
3400
2700
2700
2900
2900
9500
3100
2900
2900
2800
3100
4000
4200
3100
3100
13300
2700
2900
2600
5200
2500
4200
2600
2600
4100
4200
2500
3200
2400
2500
2600
2400
2400
2400
2300
3200
2800
3100
2600
3900
2600
2600
2700
3700
2500
4900
3800
3000
2900
2700
2700
2900
2700
2900
2700
8200
2900
3000
3200
3100
3100
5200
3100
2900
4600
13600
2600
2800
2500
5300
2600
4700
2600
3300
4300
4400
2600
3200
2300
2400
2300
2900
2500
2400
2500
3000
2800
2700
2600
3800
2700
2600
2700
3600
3100
4700
4000
3000
2900
3200
2800
6800
3200
2900
2700
4000
3100
3100
3200
2900
3000
4600
3000
2900
4900
12400
2700
2700
2600
2600
2600
4300
4400
2700
4400
20100
5000
4100
4100
4100
4100
3900
4100
4000
4000
5700
4200
4300
4200
4200
4200
4400
4900
4300
4000
5900
4400
13600
8100
4500
4600
4400
6200
4700
4400
6900
5000
5500
6300
5000
5500
7800
4700
4900
7500
24900
4200
4100
5100
6600
5700
4400
9500
5900
7600
7900
4200
4300
4000
4200
5500
4700
4100
4100
4300
7600
4500
4600
9600
4100
4000
4200
4000
5200
4100
5500
5700
6100
4100
4400
5800
4400
5400
4500
5600
7200
4700
5200
6000
11500
5200
6600
5100
4700
6000
23100
4100
4100
4000
6300
4000
3900
6200
4100
6100
5600
4100
4500
3900
4000
4100
4000
4600
4000
4000
4700
4500
4500
4400
4500
4600
4100
4500
4500
4000
6700
4600
6300
4400
4500
4700
4500
6200
4600
4500
6400
4900
5000
6300
4800
5000
12600
5000
5100
6400
21500
4700
4700
4400
7000
4600
4300
10600
4500
6800
6600
4400
5000
4500
4400
4800
4100
4300
3800
4100
7600
4400
4200
4200
4200
4300
4100
5000
4300
4000
5600
4900
4600
4700
4500
4600
4600
4700
4600
4600
6700
5000
4900
6700
4900
5100
12500
5100
4900
6100
198700
12400
3100
2600
56600
6400
6700
9500
6800
8900
20900
4000
5000
3500
3600
4200
3800
4400
3400
3500
27200
4500
4700
4600
4400
5000
4900
4500
4400
4300
6600
5600
5900
9300
5200
5800
5000
5300
5400
5000
7600
5900
8400
6900
6100
5800
5800
13900
5700
35200
57000
10800
21600
8900
13300
7200
7400
11500
6100
7600
7200
6200
4200
3700
3100
4000
3300
3200
3100
3200
5900
4500
4100
4200
4400
4200
4100
4500
4300
4000
5900
5000
5200
5300
4900
4900
4900
5200
4700
4700
6700
6400
8100
5600
5900
5700
5500
7400
23900
5000
26800
4800
4700
16700
4400
4300
6800
5100
5100
7000
8900
4900
4400
12100
9800
4300
5600
4500
4400
4100
5500
6400
5400
4400
4600
4900
4300
4200
4400
6100
6100
5000
6500
5100
5300
6700
4900
5100
5000
6300
7800
6700
5500
5400
5300
5500
5300
7900
5400
5200
23600
8300
4600
4400
4600
4700
4700
4900
4500
4600
7200
4800
12000
4400
4400
4400
4600
4500
5300
4500
6900
5900
4900
4800
4900
5200
4800
4400
4600
5900
6200
4900
6700
5100
5100
7000
5300
5200
4800
6800
7800
5400
4500
4500
4900
5500
5300
8400
5400
5200
23500
8900
4600
4400
5500
4500
5400
4500
4700
4500
7300
5300
11200
4200
4300
4200
5000
4200
4300
4500
5300
4200
4800
4800
6500
4700
4500
4800
4500
4500
6200
4900
6700
5200
4900
18800
5200
5100
5300
6900
16000
5300
5000
9500
5600
5100
5100
7600
5300
12200
22700
7600
5300
5500
4300
4700
4800
4800
4600
4800
6200
12200
5700
5100
4500
4500
5100
4300
4200
4500
5300
4800
5000
4700
6400
4800
4700
5500
4900
4800
6200
7200
5100
5100
8200
5000
5300
4900
4800
6900
7100
5300
5300
5500
5100
5300
5400
7700
5000
5300
23200
7400
4400
5300
4400
4900
4600
4800
4500
4600
5800
11600
5000
4300
4300
5600
4900
4300
4200
4100
5200
7100
4700
4600
6100
4700
4700
12300
4700
4600
6100
6900
5000
4700
4800
4800
5100
5000
5300
9200
6800
5100
7300
5500
5200
8900
5500
5300
5600
6800
22000
8100
4800
4400
4400
4600
4800
4600
5300
4600
6200
11500
4800
4200
4300
4600
4400
3900
4300
4700
4900
4500
4700
4800
5900
4600
5000
4800
4400
4400
6100
7600
5100
5000
5000
4900
5100
5000
4900
6400
6300
5200
9900
5300
5400
7800
5300
5300
5200
7000
24700
4700
4400
4700
4400
4000
4200
7400
4500
4800
11300
4800
4500
5400
4400
4500
4300
4600
4500
4400
11800
5500
4600
4900
5200
5800
4900
5300
4600
4900
6400
10700
7600
4300
5800
5800
4300
4500
4800
4600
6600
4500
4800
4700
4800
4800
4700
7200
4800
4800
27500
4000
4500
6200
5900
6000
3900
4200
3800
3900
6400
3800
3900
3800
4400
4400
5400
3700
3700
3600
6200
4900
3800
4200
6400
3900
3900
4100
3900
5300
5300
5600
4200
4800
5800
6700
4200
4100
4100
5800
8800
4400
4700
4900
4700
6200
4600
6700
6500
4500
23500
3900
3800
7400
7500
5800
12900
4100
4000
3800
8000
4000
3800
3600
3700
10800
3800
3800
3800
3500
4700
4100
4000
5500
4000
3900
4000
4000
4000
4100
5500
4500
5000
6500
5800
5400
4300
4400
5300
4400
6400
4400
4700
4700
4600
4700
4200
6500
4700
5000
21800
3800
4000
5700
6000
5700
3900
3800
3900
4100
6700
3800
3700
3600
4000
4500
3600
3600
3500
5600
7500
4000
3900
7400
4000
3600
4600
4300
4000
4400
6500
5700
4200
5700
5700
4300
8000
4300
4200
4300
8100
4600
4600
4500
4900
4600
4700
8400
4600
4500
22300
4900
3800
7000
5600
9200
3700
3900
5100
3800
6600
4300
3800
5300
3800
4200
3600
3800
5000
3500
5100
3800
10700
5200
4200
3800
4300
3800
3700
4100
5200
5500
4200
4200
5200
4300
4400
4300
4300
4100
5800
4500
4600
4400
6100
6500
4800
6400
4700
4600
28400
4000
4100
7300
5700
6100
3900
4400
4100
3900
5500
3800
4000
3600
3800
4400
3600
3700
3400
3700
5200
4400
4000
5500
11900
3800
4300
4000
4000
4200
4900
5800
4300
5900
6500
4200
4400
4300
4700
4500
5700
4500
4800
4600
6500
6600
4600
4400
4900
4700
19300
4400
3600
4000
3700
4100
3800
6400
3800
3800
10500
4600
4900
4500
3800
3700
7600
3900
4400
3800
5600
4400
4300
4300
4500
4000
4000
3900
4100
5200
5700
4700
4400
4300
4200
3900
5300
4700
4500
4300
6300
4900
4700
5000
4700
5000
6300
4900
5100
4600
20800
5900
5100
4200
3900
6100
4300
3500
3800
4100
14600
3900
3800
4200
3600
3900
3700
4000
3700
3800
5300
4200
4000
4200
4500
4000
4200
4100
4200
5000
5700
4500
3500
4200
4200
4500
6700
4500
4300
4400
6700
5700
4300
5000
5000
4200
6500
4700
4500
5100
21700
12200
4100
3900
4000
5900
3900
4100
3700
4100
8000
4000
4000
3900
3700
3600
3900
4200
4000
3800
4500
4200
5800
4100
4100
4200
4000
4000
4300
4200
6600
4300
4500
4300
4600
4400
4300
4400
4500
4800
9700
6100
5900
4500
4200
4600
6000
4900
4500
4800
26000
6200
4000
4500
3300
6000
4100
4600
9900
3800
6400
3700
3900
3700
4200
3400
4300
4000
3900
3800
4500
4100
6500
4700
4100
4000
4100
3800
4300
4000
5500
4700
4800
4300
5000
4500
4900
4300
4400
5700
5900
5800
5300
4600
4700
4500
6100
4600
4500
4600
32800
6500
3700
3800
4100
5600
3800
4100
3800
3900
7800
4200
3900
3800
3700
3800
10900
4300
3500
3800
4700
4700
5300
4400
4000
3500
4000
4000
4700
4500
5600
4800
4500
4100
4500
4700
4700
4900
4500
6100
6400
5500
5900
4700
4700
4700
5100
4800
4800
4700
24800
6100
4000
4100
3600
5600
4000
4000
4000
4000
7600
4100
4000
3900
3700
4200
3900
4600
3800
4000
4700
4100
13200
4300
4800
4200
4100
4200
4400
4100
5600
4400
4200
4000
5200
3900
4100
3900
3800
5600
5100
4600
4500
4200
5000
4700
5000
4700
4800
5100
24200
6000
4300
4600
4200
4200
6000
4200
4300
4200
9600
5500
4500
4400
4700
4400
4300
3900
4600
4400
5700
6400
5000
4500
4800
4800
4500
6100
4600
5900
8700
5600
7500
5100
4500
5100
5000
5000
4800
4700
9600
4600
4700
4900
4700
7200
10900
5000
5100
4700
24100
4400
4000
3900
4000
4200
4700
4200
6700
6300
7300
4000
4100
3900
3800
3400
3900
4600
3800
3900
5400
5700
4300
4100
4100
3800
4200
5900
4100
5300
8100
4800
4500
4800
4500
4400
4600
5000
5100
4600
7000
4700
4300
4300
5500
7000
4800
10700
4900
4900
22500
4100
4300
4100
3900
4000
4000
7200
11800
7500
8000
4400
4300
4100
4100
4200
4300
4100
4000
4200
9700
4400
4600
4400
5200
4000
4100
3700
4800
5000
8500
4300
5200
4500
4500
4300
4400
4000
4300
4600
6800
4800
4900
4400
4700
7200
5200
4500
4500
4600
21800
4000
3900
3700
4000
4000
6900
4300
6100
6000
6700
4300
3600
3700
3500
3500
3900
3800
3800
3500
5800
4300
4000
3700
4900
4100
4200
4100
4800
5300
5100
6100
4900
4100
4300
4200
4100
5600
4200
5700
6200
4600
4400
4300
4300
6800
4900
5100
11300
4400
22800
3700
3600
3900
3700
4500
4200
3900
6300
5900
6500
4200
3900
3500
3500
5800
3600
3400
3500
3400
5100
4400
4200
4100
4900
4100
3600
4100
4700
5000
5400
6100
4600
4300
4600
4500
4600
5800
4500
5800
9400
4700
4800
5200
4900
4800
5100
4800
4700
10500
23200
4100
3900
4100
5000
4100
4100
3900
6600
6600
6700
3900
3900
4700
3700
3700
3900
3700
3800
3800
5600
4300
4500
4100
4800
4300
6700
3900
4800
5800
5500
6100
4600
4700
5100
4800
4300
6000
4300
5800
8300
4900
5000
4800
5000
4700
4800
4600
10600
4800
21300
4100
4100
3900
4100
7100
4200
3700
3900
4000
9600
4600
4400
3900
3900
3900
4100
4000
5200
4200
6400
4500
4400
4100
4100
4700
5300
4200
4200
4300
5900
4500
4800
5900
4800
4800
4600
5300
4700
4700
6400
6800
5200
7000
5000
5200
5100
5300
4900
5100
30100
4400
4400
4200
4200
3900
4400
4100
7100
4100
7200
5000
4200
4000
4900
4200
4000
4000
3900
3800
6400
4300
4500
4100
4000
4300
5400
4300
4100
4300
6200
4600
4600
12200
5000
4600
4500
5000
4500
4400
7100
12400
5100
6700
5300
5100
4900
4700
5100
5100
23200
4500
4300
4200
4000
4000
4000
4100
4200
4200
6700
4900
4300
4200
4800
4000
4200
4000
4100
4200
6100
4700
4500
4500
4200
4300
4400
4300
4400
4400
6700
4600
4500
5900
5100
4600
4500
4600
4900
5000
6300
7200
5000
6800
5300
5300
11200
5000
5200
4900
21900
4400
4200
4100
4100
4200
4200
4200
4100
4000
7300
4900
4300
4100
5400
4500
4000
3900
3800
3800
6300
4800
4800
4500
4400
4200
4500
4300
4200
4400
7100
4600
4200
4700
4500
4800
6000
4700
5300
4700
6600
6700
5000
7500
5100
5000
5100
4700
5100
5100
30100
4200
4300
4300
4200
3800
4200
4400
4000
4100
7300
5100
4100
4900
4700
4500
3900
3900
3900
3900
6300
4300
4400
4300
4200
5100
4300
4400
6700
4400
17400
4500
4700
4300
4800
4500
6300
4600
4400
4700
13300
5000
5100
6800
5100
4700
4900
4700
4700
6900
15100
4400
4000
4100
4100
10200
4300
4100
4000
4500
6200
4400
3800
4000
4300
3600
3900
3600
3700
4000
5800
4100
5200
4200
4500
4200
4000
4300
4000
4800
7200
4600
4400
4400
4700
4900
6100
4900
4500
4400
6700
4600
4800
7400
5000
4900
4600
5100
5000
4600
13300
6200
4200
6100
4400
4000
4000
3800
5000
3800
