120900
673100
25900
29100
18600
23900
134200
23600
22700
18600
61700
30100
49100
55700
35100
34300
29400
32000
31800
25900
85100
160100
41100
58400
32100
43100
32700
46500
36400
31900
46200
29500
26700
48700
41400
26700
1003900
89900
62200
95700
49900
20200
16800
54400
29300
83800
28200
29700
26100
50500
29400
24100
23600
20000
21100
19600
17200
16900
16500
16600
27100
25500
17600
17300
16800
21200
18500
25100
18600
18100
27600
33200
27200
37700
26500
28500
21800
20200
18600
18800
43900
23400
22400
22800
22600
22300
22400
26500
22600
128800
34000
19900
15400
36400
17400
62300
63100
30500
41100
67900
44700
12900
54400
13600
9800
10100
10300
8400
9600
11400
15800
40400
17000
17000
22400
15000
13000
13400
13100
13400
20500
21800
16900
26100
17300
24700
13200
54000
19000
18300
26900
18500
19300
19500
24900
17500
28400
19500
21400
128100
35300
15400
16200
23600
14200
19900
13900
12300
15600
24000
13900
12900
8600
10400
8600
33300
35500
14200
9700
9200
29600
32500
22200
14200
14900
14300
22100
13900
13600
117800
31200
29400
14200
14000
11300
10400
9400
10400
9400
8700
32500
12800
11000
11800
11300
10200
10100
10300
10600
20300
22600
18900
26400
42700
20800
37500
19900
20700
18200
32500
18900
14000
12100
11800
13300
13700
11000
10800
11300
15100
15800
21700
18400
13800
13300
14800
14000
11100
8900
8100
21000
10700
11900
37000
14800
13800
12800
12300
12800
9800
21300
23500
15900
26500
19300
42800
17200
15400
13800
15100
22600
17200
1321100
153100
63400
40400
16800
14600
10500
25100
19800
7200
11500
6000
5600
7900
7500
6200
5900
6100
13400
23400
10100
8400
7600
7700
128700
7700
6100
4900
9200
12400
13400
5100
4700
5000
5200
4800
5000
4900
5700
14300
6200
16600
6700
5300
6100
5100
4800
5600
7300
7800
5300
5300
5500
5100
5700
5400
5400
15500
37500
32500
19400
44500
19600
18800
19300
17100
16900
20900
24100
20300
18700
25100
18600
18600
29000
46800
26100
55100
33100
127700
260000
12400
7100
5700
6300
5400
5400
5600
16900
6000
30700
6700
5700
5900
8000
5800
5900
12800
65400
9900
96300
13000
8700
29100
8200
6900
24500
7400
30500
8800
8300
8000
7800
7600
7500
7900
7600
7700
9400
8400
7700
7300
7200
8000
15300
9700
13600
8600
23100
60500
19300
10300
14300
8600
8300
9400
8500
8200
33200
9700
20700
10100
16200
8800
9100
8700
446100
17700
96600
17500
9000
7300
7800
26500
7500
6400
15800
7300
9900
8100
7600
7400
7200
7100
10000
7400
7300
13300
9900
11400
8800
11000
8600
10400
8700
8400
7100
6000
15000
13400
33900
13000
8400
8100
8500
8000
7700
8000
17400
8700
24400
8700
9100
8400
12800
10700
8500
9100
235800
13300
5900
4700
4700
13500
8600
4200
9600
9400
8400
5200
5100
5200
5200
7900
4600
5100
4900
4700
5200
7400
5000
7500
5100
7200
5000
5000
4900
4700
6200
5200
5300
5500
5600
5300
13500
5200
5200
5200
19100
6000
19200
5300
5100
5500
5100
9700
5200
6100
19700
4300
5700
24300
4000
9500
3500
4300
8200
4400
8400
11200
4500
4100
4400
4000
4000
4100
4000
4300
4500
6600
4700
6400
4500
5800
4200
4200
4200
4400
5400
4400
4700
4600
4300
4700
7200
4400
4400
4600
14100
8400
7900
4600
4800
4600
4700
8200
4600
4800
16500
3500
3500
3600
5600
14200
3300
3400
6900
3400
5200
4100
4000
4400
4000
4000
4100
4000
4600
4100
4400
6000
4300
6700
4300
5500
4300
4400
4800
4100
5000
4500
11400
5000
4900
4500
11600
4800
4400
4500
8100
7200
7200
5300
4500
4500
4400
4700
4400
4600
20000
3400
14900
3500
3200
3600
978800
37100
10500
4900
23800
17000
6900
6200
4100
6500
4100
4100
4200
8600
8800
3300
5500
2800
2800
2600
4900
3000
2700
4900
4500
3100
6600
3000
3000
3300
3000
2900
6500
6600
4900
3400
3300
3200
3200
3100
3300
3200
3900
3200
18600
2800
2900
6800
2900
7500
3300
2800
25300
5600
5800
10100
4100
4600
5800
6000
3900
4500
3800
4000
9000
4500
7900
4400
4800
3900
3600
4100
4400
7600
6900
6400
10900
5200
5000
9300
4900
5100
4700
19500
7500
5400
5000
5300
5000
4900
5000
5100
5000
5000
30000
4600
4100
12100
4700
10200
4200
4200
10700
5100
5000
6200
4400
4200
5600
6800
4100
3900
4000
4000
9000
9300
4800
4400
4800
8300
5800
4500
4300
4300
12800
4900
10500
4900
4400
4700
4500
4700
4500
10000
11100
5100
4800
5200
4500
5000
5000
4800
5100
4900
29400
4700
4300
11700
4400
15800
4200
4600
11200
4600
4800
5300
4000
4200
5300
5200
4100
4100
4600
3700
8000
7200
4600
10800
4600
8400
4700
4400
4400
4700
11500
4400
7100
4100
4700
4200
7400
4700
4600
32000
7800
5300
5000
14300
5300
78300
6700
4800
4600
4000
49500
4600
4600
8600
4300
7300
4400
4500
7700
4400
5100
4400
3700
3700
4100
11400
4900
3900
3800
3700
6200
5900
4500
4100
4400
5600
4300
4300
4100
4200
7800
5000
6500
5200
5000
4800
5900
5100
4900
7100
27100
18400
14300
6900
5500
9900
5600
5400
5300
9600
31200
5400
5100
17100
5000
8600
5000
4800
10200
4900
5700
24400
4000
3600
7300
10700
4300
4500
4000
4800
17900
11000
5300
4800
4900
7000
4700
4700
4700
4900
9400
8200
6900
4200
4800
4600
3400
3000
2900
5100
18600
3300
10600
4200
4000
10000
3200
3600
3100
5200
13600
3000
2800
2600
8900
2800
2900
2800
3100
2700
9100
2800
2400
3100
2500
2700
5200
2700
2700
2700
3400
5100
3800
2800
2700
2600
3800
2600
2700
2700
4000
3400
2800
2800
2700
2800
2900
2700
2900
4100
6600
3200
3100
3300
3100
4400
21500
3200
4800
3100
13000
2700
2700
3200
2700
2500
2600
2600
2500
4600
4800
5000
3500
2600
2600
3700
2600
2600
2500
3600
3400
2700
4600
2800
2600
2600
4600
2600
2600
2600
4700
2800
3800
2700
2700
2700
2700
3900
2800
4000
7600
3000
3200
3000
4400
5600
3400
2900
5500
2900
13600
2500
3600
2500
2400
2400
5300
2400
2400
2300
5400
2500
2900
2500
2400
2500
2500
2500
2300
3500
3100
2600
2700
4700
2700
2900
4600
3500
4000
3800
3900
4000
2800
2800
2600
2800
4000
2600
2700
5300
6800
3100
4500
3000
3000
5200
2900
2900
5600
3000
14300
2500
3600
2400
2600
2400
3400
2500
3000
2400
4100
3500
4400
2600
2400
4700
2500
2500
2400
2500
4200
2700
2600
4400
2600
2600
3300
4200
3200
3900
4500
2700
9600
4200
2800
3300
4100
2800
2600
2900
5500
3000
3000
3300
2800
4700
2900
2900
4400
2900
13300
2500
2500
2800
2400
2300
2500
2600
2400
2400
3800
2700
3100
2500
2400
2600
2500
2400
2300
2500
3000
2600
2700
3800
2600
2700
3400
3500
3600
2900
3500
2800
8100
3000
3100
2800
4400
3000
2800
2800
4000
3100
3000
3100
3000
3000
2900
3000
3400
5400
11800
2500
2500
2500
2400
2500
2600
2700
3600
2500
3700
4500
2900
2400
2300
2400
2800
2600
2300
2500
2800
3200
2500
3200
2600
2700
3200
3100
3400
2700
3200
3000
3700
2900
6900
2800
3900
2800
2900
2800
3800
3000
2900
2800
3100
3100
3000
2900
2900
4300
14600
2600
2600
2400
3200
4000
2800
2500
4300
2600
5400
3300
2900
2600
2800
2500
2500
2500
2700
3100
3700
2800
2700
2700
2700
2900
2700
3500
2600
2900
4900
3200
3000
2900
3000
2800
2900
4800
2800
3000
4200
3300
3100
3100
3000
7600
3100
5400
3100
2800
14200
2700
2900
2600
2700
2500
3600
3100
2600
2500
22400
2700
2600
2600
2500
7000
3100
64600
4800
3900
12400
12900
4200
4100
4500
5300
5000
5500
4200
4200
10100
6200
5500
4800
4800
5100
5900
4900
4900
5300
8100
5800
5900
5700
5500
7600
5900
7300
7600
5900
15100
6100
6100
6000
6200
5800
6100
6200
5900
5900
4800
3400
3200
3200
3100
3100
3200
3900
3700
3200
6200
5000
4100
4000
4000
4100
4300
4100
4100
5000
7300
5100
5200
4800
4800
4700
5300
4900
4800
4800
7800
8600
5800
6000
5600
11600
5900
7700
5600
5500
15100
5900
6400
5900
6000
6200
6100
6200
5900
6900
4900
3800
3200
3200
3200
3000
3200
3900
3700
3100
5800
5100
4600
4000
4000
4600
4000
4000
4300
5100
6000
4900
4800
12500
9500
3000
3000
13000
3000
3100
9700
3300
3700
3100
3100
4900
3100
8600
3000
2900
12100
2600
3100
2600
2600
2500
2700
2800
2600
2600
5200
2800
2500
2500
2400
2500
2600
3100
3400
2700
7700
4200
2900
2700
2800
2800
2900
2700
2700
3800
3600
2900
3200
3000
3000
2900
4800
4200
3300
3100
5300
3100
3200
3500
3000
3100
2900
3200
3300
3200
17000
2700
3000
2500
2700
2600
2500
2800
2600
2500
4100
2600
2700
2600
2500
2400
2300
2900
3000
2900
3900
3300
2800
3300
2800
2700
2600
2500
2800
3200
3700
2900
2800
3800
2800
3400
3400
3800
3200
3000
5300
3100
3200
3200
3000
3200
3000
3200
3000
3000
11900
3200
4300
2600
2600
8400
2700
4300
3100
2600
5200
2800
2800
2700
2500
2800
2600
2600
2600
2600
4000
2800
2700
2700
2800
4100
2800
7500
3200
2700
4500
3200
2900
2900
3200
2900
2900
2800
2900
3100
4400
7800
8800
6500
4200
3400
3100
3800
3000
3000
14000
4500
2700
3200
3900
2600
2600
2500
2600
2400
4700
2600
2600
2800
2800
2600
2700
2600
2600
2900
3300
2800
2900
2900
2700
3500
2900
2600
2600
2700
7900
3000
2700
3000
2900
2800
2800
2700
2900
2800
3800
3100
3800
3100
3700
3000
3100
2900
2900
3000
13000
4100
2500
2800
3700
2400
3400
2500
2400
2800
4400
2600
7900
3200
3000
2700
2800
3400
2600
2600
3400
2800
2800
2800
3100
3000
2700
3200
2800
2700
3600
2900
6800
2900
2900
4100
2800
2900
2700
2800
4200
3000
4000
3000
3700
3200
2900
2800
2800
3000
13600
4100
2500
2500
3700
2400
2500
2500
2700
3000
4300
2600
2400
2900
2600
2500
2800
2700
2500
2500
3100
2800
2700
2700
2700
2600
3100
2700
2700
2600
3600
2900
2800
2800
2800
4100
7000
2800
2900
2800
3900
3000
5200
3100
4000
2900
2800
2900
2900
3000
12500
3900
2500
5900
3700
2600
2500
2700
2400
2500
4500
3000
2600
2800
3000
2900
3000
2700
2600
2800
4400
3300
2800
2800
2900
2700
2800
2800
3200
3100
3400
3200
2900
2900
2900
4500
3000
7100
3100
2900
3900
3100
2900
3100
3300
3000
3000
2800
3200
3000
12700
3900
2500
2600
3400
2500
2700
2400
2500
2400
4900
2700
2600
7200
3500
2600
3100
3200
2700
2600
3100
3100
2700
2700
2700
2700
2800
2700
2700
2700
4000
2900
3000
3100
2900
4500
2900
2900
2900
6800
3700
3500
3100
3100
3100
3200
2900
2900
3000
3200
11000
2900
4200
2800
3800
4200
2800
2600
2600
2800
5900
2900
2700
2600
3500
3200
3300
3300
2700
2600
3700
2800
2800
3600
3000
2600
2800
2700
3800
2700
4100
3900
2900
3200
3000
3100
2900
3100
2900
3400
4400
5000
3600
3300
3000
3100
9800
3200
4600
4300
15000
4700
2900
3000
4200
3100
2700
4900
2900
2900
4700
2900
2800
3900
3100
3800
2700
3200
3300
2700
3400
3000
2800
4100
2800
2800
2900
2700
3700
2700
8300
4000
3100
3500
3100
2900
2900
2800
3100
2800
4600
3000
3100
3300
2900
2900
4400
3000
4600
4200
13600
4300
2700
2700
4300
2800
2800
2700
2900
2700
6800
4900
5900
4200
4000
5000
16900
4500
3600
2900
3500
3300
3300
3100
3900
8900
4200
5900
4600
3500
4400
4300
4100
6200
5000
5100
4800
4900
3000
3300
4200
3000
3100
3000
3000
3000
4600
3200
5400
4400
14200
4200
2700
2800
4000
3200
2700
2600
2700
2800
5200
2700
2700
2700
2700
3100
2700
2800
7500
2600
3100
3100
3200
2700
3600
3700
2800
3600
2700
2800
3800
2800
2900
4100
2900
4900
3000
3100
3900
2900
4100
3100
3100
3000
3000
3300
4300
3000
4400
4400
13700
4400
2800
2600
4200
2700
2600
2600
3900
2800
5300
2900
3900
2700
2600
3100
3700
3100
3200
2700
5000
3100
2900
4000
3800
4700
2800
3700
3900
2800
3600
4000
2900
5100
3000
2900
3100
2900
5100
2900
5100
5700
3200
3000
4200
3200
3000
3000
4300
4800
17200
4400
7000
2600
4700
2600
2600
3800
2800
2600
4700
2800
3400
2700
2700
3200
2900
3100
3100
2800
3100
2800
2800
3000
3800
3900
2900
3600
3000
2900
3500
2900
2900
5300
2900
3200
2900
3200
5000
2900
4200
4700
3100
2900
3300
3000
3000
2900
3400
3500
16400
2600
3600
2700
2600
2700
4400
2700
4500
4500
8000
3200
2700
5000
8700
2800
2700
2700
2600
3300
4500
3100
4000
3000
2900
3800
3600
3200
4700
4400
4500
3400
3000
3100
3000
3200
3000
4300
4400
3000
4700
3500
3100
4800
3200
3200
3400
3200
3200
3200
12400
3100
2700
4800
2800
2700
3000
2800
2800
2600
10100
2900
2800
3300
4600
3000
2800
2600
2700
3300
4200
3000
2900
2900
3500
3700
3700
3100
3600
3800
4000
3100
2900
3000
2900
3200
2900
4200
4400
3300
4500
3400
3100
3100
3200
3300
3200
3300
3100
3400
11900
2700
2700
4600
3400
6900
2700
2700
2600
2600
5400
3700
2900
3600
2800
2700
2700
2900
2800
3400
4500
3000
3000
4300
2900
2900
3300
2800
2800
3800
4400
3200
2900
3100
2900
3100
2900
4100
4500
4400
4500
3300
3000
3000
3200
3100
3300
3100
3100
3100
13500
2700
3500
8400
2800
2700
2800
2500
2500
2500
5900
2900
2700
3100
2900
2600
2700
2700
2600
3400
4400
3300
3000
3600
2900
3100
2900
3000
3000
4200
5200
3100
3200
3100
3200
4800
4300
3100
4200
4100
9500
6000
3400
3000
2700
3000
2800
2800
3200
3800
16000
2400
2400
4000
2400
2600
2200
2800
2200
2200
4800
2400
2300
2300
2500
3700
2200
2300
2300
2700
3100
2700
2700
2900
2600
2500
2600
2500
2400
3000
4100
2800
2600
2500
2600
4200
3500
2800
3400
3600
4200
2700
2800
2900
3000
2800
2800
4200
4200
7200
11400
2300
2400
7700
2600
2300
2300
2300
2200
2400
4800
2500
2500
2700
2500
2500
2500
2200
2500
2600
3400
2500
2600
3100
2600
2500
2400
2400
2400
3200
4200
2600
2600
2600
2800
3600
3700
2600
3800
3600
3900
2800
2800
3000
2800
3200
7100
4200
4300
4700
11400
2500
2300
2300
2600
2400
2400
2300
2600
2300
6100
3100
7300
2900
2400
2200
3000
2200
2600
2400
3300
3400
3600
2700
2700
3600
2500
2500
2800
3500
3800
4000
4000
4200
8900
2900
4100
8000
3000
2700
4200
3000
4700
3000
3000
4600
2900
3100
3000
3100
16300
2700
4500
2800
2500
4800
2600
2500
2600
2300
4800
2500
2700
2300
3100
3200
2300
4200
2400
2300
3300
3400
3400
2600
2500
3500
2400
2300
2400
3600
3700
4100
4000
4000
4200
2600
5800
4000
2900
2700
9000
2800
4700
3000
3000
5000
2900
2900
3000
4000
18300
3100
7600
3300
3500
6800
17300
4000
4400
3100
7900
4000
4100
3200
3500
4800
4700
4200
3700
4100
4700
6300
5000
10800
4200
5000
6300
4000
5900
4100
14300
7200
7400
6900
8000
4900
7800
8300
5000
4200
7300
5200
8100
5100
5100
9000
5100
4900
5200
5000
24000
4900
7900
4300
6900
14400
4200
4500
4200
4600
7200
4300
4000
4000
11300
5300
4000
4000
4100
4300
4900
6600
4100
5700
4200
4300
7400
4200
6100
5200
5400
7500
7500
4900
4700
7900
4700
4700
4800
7500
7600
5400
8500
5000
5400
9100
4900
5200
5100
5000
26200
10200
8200
4200
4400
8800
4500
4100
4200
4400
6400
4600
3800
3600
4500
4400
4100
3700
3600
3700
5200
5400
4900
5500
4200
4000
4900
3800
5300
4100
5700
6600
7600
4900
4400
6500
4600
4300
4400
6700
7200
7900
7700
14300
8300
3900
7100
7500
4800
4800
23900
4700
7700
4900
4000
7600
6300
4400
4800
4100
7000
3800
3900
3700
4600
4800
3700
3600
3800
4100
4800
5800
4400
5500
3800
4400
5400
5400
5500
4400
5500
6600
14000
4600
4400
7000
4600
4400
4600
8000
6800
8100
8100
8500
9400
4800
8000
11300
5300
4900
30600
5100
8900
4500
4800
8700
4200
4800
4500
4500
12100
4400
3800
4600
4100
4300
7100
4000
3800
3800
11500
4400
4200
4100
4300
4300
4100
4200
4300
4200
7700
5800
5500
4200
5700
4800
4400
4700
4400
4800
15900
4900
4900
4900
4700
5200
4700
5000
5000
7000
23200
6300
4100
4100
4100
4300
4400
4100
4100
4000
7800
3900
4000
3900
4100
4900
4200
4200
4400
5100
5900
4300
4200
4500
4500
6900
4100
4100
4200
10000
7100
4500
5400
5300
5900
4700
4600
4900
4500
4700
6500
4900
4700
4700
4900
4700
4600
4700
4900
6800
22500
6600
4100
4200
4200
4100
3800
4000
4100
4100
8600
4200
4200
3800
3900
3900
4300
4000
3800
10400
5400
4300
4300
4800
3900
4100
4400
4000
4000
4200
6800
4700
5700
4900
7900
4600
4600
4500
4500
4300
6600
6200
6200
4800
4800
4800
4700
4900
5100
6800
22600
6200
4100
4300
4100
3900
4000
4000
4000
3800
7500
4000
4200
3800
4000
4000
3900
4500
4100
4900
6200
4600
5000
11400
4100
4000
3500
4400
4100
4100
5700
4700
4600
4600
4900
4600
4200
4400
5400
4600
6400
4900
4900
9100
4900
5000
5100
4800
5100
7000
24400
6300
4300
4100
4000
4000
4100
4200
4100
4000
7200
5000
3800
4400
3900
3900
4200
3800
3900
4500
5800
4400
4300
5600
4300
4300
4200
4300
4400
4200
5200
10700
4400
4300
4500
4500
4700
4600
4600
4800
8600
5200
6300
5500
7200
5000
4800
5100
5000
4900
26400
6700
4200
4300
4300
4400
4100
3500
4100
3900
9900
4600
3900
3900
3900
3700
3800
3700
3700
4600
5500
4400
5000
5600
4300
4300
4200
4300
4100
4300
5600
4700
4700
4300
4900
4500
4600
4500
4500
10500
7400
4700
6500
4900
6200
4800
4900
4700
4800
4700
21900
4000
4300
4300
4300
4100
4200
3900
7800
6600
