21600
9200
4000
3300
4800
3800
3100
4100
3400
2900
3200
2700
6800
3000
2700
5900
3200
3800
2800
3900
4700
2900
3200
2800
14500
4800
3600
3100
3200
3500
3100
2700
2800
3800
3100
2800
3100
2600
3100
2700
2700
2700
3100
3400
3000
2600
3100
2700
7100
4200
3400
2900
2600
2400
2300
2300
2300
2300
2300
2200
2500
2500
2300
2300
2800
2200
2200
4000
2500
2100
2100
2200
6500
4000
2800
2500
2400
2400
5700
2400
2400
2300
2400
2300
2700
2400
3000
2400
2500
2400
2900
2400
2400
2200
2300
2300
6900
3500
4500
2600
2500
2400
2300
2700
3200
2100
2300
2100
2400
2300
2400
2200
2300
2400
2100
3400
2300
2200
2300
2200
14300
4300
3500
2800
2800
2900
2400
2300
2600
2400
2400
2500
2400
3200
2500
7800
2900
2400
2300
2500
2400
13500
4000
6100
28900
3400
2300
2200
2800
2600
16400
3000
2100
2000
2100
2000
2100
2300
1900
2100
2200
2000
2000
2200
2100
2300
1900
2000
19200
2900
2500
1900
2200
2100
2000
2200
2000
1800
12100
5000
6700
2200
1700
2300
1900
5200
1400
7200
1600
1200
1100
1400
6400
8400
2100
1800
4300
1900
1600
1700
1800
5800
1800
1500
1800
1700
1800
1700
1700
1700
1700
1600
1800
1600
1700
1700
3800
2000
1600
1600
2100
1700
1600
1500
2400
1600
1400
1600
1500
1400
1500
1400
1500
1800
1600
1400
2100
1700
1400
1400
