9700
3000
2300
2200
2500
2600
6000
2100
2300
7700
2700
2600
6500
2800
3000
5300
3200
3500
2800
2600
3600
2900
2700
2600
7200
6000
2100
2600
2300
2000
4400
2400
2300
2100
2100
2000
2700
3100
2900
4300
2900
3500
3100
2900
3500
2800
5900
2600
6600
3400
2600
2200
3100
2400
2200
2300
2300
2200
2100
2200
2600
2300
2100
2100
2300
2200
2100
2300
2500
2400
2100
2400
5700
3300
2200
3800
2300
2300
2000
2300
2300
2400
2000
2100
2200
6800
2300
2100
2400
2200
2500
2300
2600
2300
2200
2300
6400
3300
2500
2600
2600
2400
2400
2200
3600
2200
2200
2300
2800
2300
2400
2200
2400
2200
2400
3300
2300
2200
2200
2200
6200
3300
2500
2400
2600
2300
2100
2000
2700
2500
1900
1600
1700
1700
1600
1800
1700
1500
1500
2000
1900
1500
5400
6000
13900
2900
1900
3300
1900
4200
1800
1700
1800
1700
1500
1600
1700
1500
1500
2600
1600
1700
1600
1600
1700
1600
1500
1500
21600
2700
2000
2000
4800
2100
2100
2000
2000
2000
2100
2000
2100
1900
1900
2700
2000
3700
1900
1900
1900
2000
2200
1900
5100
20800
1900
1600
2000
13200
1900
1600
1700
1800
1700
1600
1600
1700
1500
1600
1700
1800
1600
1600
1600
1600
1500
1700
3300
2200
1700
1600
2000
1700
1600
1600
1600
1600
1800
1600
1700
2100
1700
1600
2000
1800
1700
1700
1600
1800
6600
1700
