13200
3400
2800
2100
2600
2200
2200
2800
2200
7600
2700
2500
6200
3800
2700
5600
3200
3400
3100
3400
3200
3100
2600
2700
5800
2500
2000
1700
2500
1600
1600
1600
1600
1900
1700
1500
1600
1900
1800
1700
1700
1600
1900
31900
5500
3200
3100
2300
6600
3900
3100
2400
2800
2200
2300
2200
2700
2200
2300
5900
2400
2300
5200
2200
2400
2200
2200
2200
2300
2500
2100
2200
7200
3700
3000
2600
3100
2300
2300
8300
2400
2300
2400
2200
2400
2500
2300
2200
2300
2400
2500
2500
2300
2300
2300
2300
6600
3800
3200
2600
2700
2500
2700
2300
2500
2400
2600
2400
2400
2200
2200
2300
2300
2200
2300
2200
2300
2500
2100
2900
13200
4400
3200
2500
2500
2400
2100
2200
3500
2500
2500
2300
2300
2300
2200
4900
2600
2200
2200
2200
2400
3700
2600
5300
16400
7900
2700
2300
3000
2300
2200
2700
2200
2300
2900
2300
2200
2200
2200
2100
2700
2300
2300
2100
2100
2500
2400
2200
37200
2900
1900
1800
14000
1800
2100
1700
2900
1900
2100
1900
1800
1700
2300
1800
2100
3400
1700
1800
1800
1800
2000
1900
4200
2400
1800
1800
1900
2100
1900
1800
1900
1800
1700
1700
1800
1900
1900
1700
1900
1700
1500
1800
1700
1900
1700
1700
4000
2200
2100
1800
1900
2200
1800
1700
1900
1900
2600
2100
1700
1700
1600
1800
6400
1400
1300
1600
1700
1200
1200
1300
