12900
3400
2400
1900
2300
2200
1900
2900
2000
7200
2000
1700
14800
7200
4500
5900
3400
2600
2400
3500
2900
4100
2700
2400
7200
3500
4200
3400
3600
2500
2500
2300
3800
2400
2600
2400
3100
2500
3000
2800
2900
2500
2900
4000
2900
3400
2700
2700
6900
3800
3100
2500
2500
2400
2200
3600
2800
2400
2200
2300
2300
2300
2500
2200
3000
2200
2300
2000
2500
2700
2300
6100
14300
9200
2800
3100
2800
2300
2300
2800
2300
2300
2200
4900
2600
2200
2200
2500
2300
2200
2500
2300
2600
2300
2300
2300
7000
4400
3800
2900
2800
2600
2600
2400
2700
2500
2300
2300
2800
2300
2300
2600
2400
2600
2200
2400
2200
2200
2300
2400
6400
4100
2800
2700
2800
12700
3100
2400
2400
2700
2400
2400
2600
2500
2200
3300
2400
2400
2300
2400
2200
3400
2200
4500
5000
2300
2100
1600
1700
2000
1700
1700
1700
1500
1600
1800
1700
1600
1800
1500
1700
1500
1600
1500
1700
1600
1700
1800
6900
39900
4200
2700
2400
2300
2400
2100
18100
2200
2100
2000
2400
2700
2000
2200
1900
3500
2300
1900
2200
2000
2000
2000
26800
3800
4200
1700
1600
1400
1300
1500
1500
1500
1400
1300
6100
1500
1500
3300
1500
1500
1600
1400
1600
1300
1500
1400
3400
1800
1700
1400
1600
1500
1400
1900
1500
1600
1700
1500
1400
1400
1400
1400
1600
1500
1400
1400
1500
1400
2400
1400
