22300
5500
4200
3600
5400
3500
3300
3000
3300
10000
3200
3200
6500
9400
3200
6100
3600
4700
3100
2900
3300
3200
2900
2900
7700
3500
3300
2600
2600
2400
2400
3100
2500
2200
2400
2200
2800
2500
2300
2200
2300
2300
2400
2100
2300
2300
3100
2400
7200
3600
3600
2600
2900
2400
2300
2200
2600
2300
8800
2300
2500
2200
2500
2400
6600
2500
3500
2400
2300
2400
2300
2300
20500
3500
3300
2500
2500
2200
2300
2400
2400
2300
2200
2300
2600
2200
2100
2100
2200
2300
2200
2000
2200
2200
2100
2300
5100
3100
2200
2300
2700
2100
2100
2300
2200
2400
2200
2400
2100
2300
2200
2200
2200
2200
2400
2100
2100
2300
2200
2200
5400
3200
2600
2400
2400
2200
2300
2200
2300
2300
2900
2200
2700
2200
2300
2100
2200
2600
2100
2200
2200
2100
2100
8200
17400
3200
2500
2100
2300
2200
2000
2400
2000
2000
1900
1900
2300
2100
2000
3700
2200
2100
2000
2300
2100
2000
2000
2100
6100
22400
2100
1900
14000
1800
1900
1800
1900
1800
6900
1800
1800
1800
1800
2300
2000
3600
1900
1800
1900
2100
1800
1700
4700
2300
2300
1800
1900
1800
1800
1700
1900
1700
1700
1800
1700
1700
1900
1600
1800
1800
1600
1700
1800
1600
1600
1700
2700
2000
1700
1700
1700
1500
1500
5300
1600
1600
2400
1600
1600
1600
1500
1600
1600
1500
1800
1600
1600
1600
1700
1600
