10300
3300
2400
5900
2700
2100
2300
3000
2300
2100
2100
2200
5500
2100
2700
3900
2600
2800
2100
8000
3100
2300
2600
2000
10200
3900
3000
3000
2800
2700
2700
2400
3200
2600
2600
2500
2600
2500
2800
2300
2900
2500
2900
2500
2600
2500
3200
2500
6400
3400
2700
2500
2400
2500
2300
2200
2600
2200
2100
2400
2100
2100
2100
2300
2300
2400
2200
2100
2300
2300
2400
2100
5600
3300
2700
2200
2300
2700
2200
2100
2500
2200
2200
2300
2200
2200
6300
2300
2300
2200
2100
2100
2500
2200
2100
2200
5700
3800
2700
2300
2300
2400
2300
2100
2100
2200
2200
2300
2200
2400
2200
2200
2200
2300
2400
2100
3500
2300
2300
2300
5600
3400
3000
2300
2500
2400
3000
2100
2300
2300
6700
2700
2500
2600
2200
3300
2200
2300
2300
2300
2200
2400
2200
6200
25700
3000
2100
2000
2200
2000
1900
1900
2100
1900
2000
1800
2000
1800
2000
1800
2100
1900
1800
2100
2000
2000
1900
6000
9700
18900
1800
1800
2000
1500
1600
1600
12800
1600
1900
1800
1800
1800
1600
1600
2700
3100
4000
1600
1700
1600
1800
1500
3400
1900
2100
1700
1800
1600
1800
6000
1800
1600
1700
1700
1600
1900
1700
1600
1700
1600
1600
1800
1700
1700
1600
1600
2700
1800
2000
1600
1900
1600
1600
1500
1700
1700
2400
1700
1700
1600
1800
1500
1700
1600
1600
1500
1800
1600
1500
1600
