20000
3700
2700
2200
2600
2200
1900
3600
3600
2200
2000
2000
2200
2500
2100
4600
2400
3000
2400
9800
2500
2200
2200
2300
5000
1800
1900
1500
1600
1200
1400
1500
1400
1200
1900
1800
1500
1300
1400
1200
1200
1400
1400
1400
1300
1300
1900
1400
3000
1500
1700
1200
1300
1100
1200
1100
1300
1100
1000
1000
1100
1000
3900
1100
1100
1200
1000
1000
1500
1100
1100
1100
2800
1500
1400
1200
1300
1100
1300
1200
1200
1000
1200
1100
1200
1200
1000
1100
1200
1300
1400
1200
1100
1000
1100
1300
2500
1400
1500
1600
1200
1000
1300
1100
1300
1100
1100
1100
1000
1100
1100
1100
1100
1000
1000
1200
1200
1100
1100
1200
2900
1700
1500
1100
1300
1400
1200
1100
1200
1100
1100
1200
1200
1200
1100
1600
1200
1200
1000
1100
1200
1000
1200
2900
2800
1500
1700
1200
1200
1300
1200
1000
1500
2300
1100
1200
1100
1600
1400
1100
1100
1200
2500
1100
1100
1800
1200
1100
3900
1800
1200
1300
1200
1000
1100
1300
1100
1000
1100
1000
1700
1200
1100
1000
1000
2300
1200
1300
1200
1000
1000
1000
1900
1300
1100
1300
1100
1100
1100
1000
1100
1300
2300
1000
1000
1000
1000
1000
1000
1600
1000
1000
1300
1000
1000
1000
2100
1200
1300
1100
1300
1100
1000
1400
1100
1100
1000
1200
1100
1200
1000
1000
1300
1300
1200
1300
1600
1000
1000
1100
