15300
3300
1900
1700
2100
1900
1600
1700
1900
8000
1700
1600
1900
2800
1600
3200
1700
2300
2100
2100
1900
1500
1700
1600
5700
2300
2300
1500
1700
1300
1700
1700
1500
1500
1500
1800
1600
1500
1700
1300
1500
1300
1700
1800
1400
1500
1800
1300
4700
1800
1900
1500
1400
1200
1100
1200
1200
1400
1300
1100
1200
1200
1300
1900
1300
1200
1200
2800
6300
1800
1200
1100
3500
2300
2400
1100
1200
1200
1700
1400
1300
1200
1200
1100
1100
1100
1100
1200
1200
1300
1400
1200
1400
1200
1100
1200
3300
1800
1500
1500
1300
1200
1100
1300
1400
1100
1100
1200
1100
1400
1300
1200
1200
1200
1300
1100
1200
1300
1100
1200
3400
1700
1200
6800
1800
1300
1200
1300
1200
1200
1200
1400
1200
1300
1200
1300
1200
1100
1300
1100
1300
1900
1200
2500
3300
2000
1400
1500
1400
1200
1100
1400
1300
1200
1200
1100
1200
1200
1200
1600
1200
1200
1300
1200
1200
1400
1300
1300
7900
2800
1600
4400
1700
1200
1300
1200
1300
1100
1400
1500
1400
1300
1200
1600
1500
2200
1300
1300
1200
1300
5500
1300
16200
1800
1500
1500
1500
1300
1300
1600
1400
1200
1400
1200
1300
1500
1400
1200
1200
1500
1200
1200
2300
1600
1800
1800
8500
1700
1300
1300
1300
1100
1100
1100
1300
1500
1300
3900
1300
1800
1100
1100
1100
1100
1100
1200
5300
1100
1100
1100
