12100
4800
2700
2500
2600
2400
2100
3000
7600
2400
2600
3000
6000
2100
2000
5900
2600
2800
2100
2000
2600
2100
2600
2100
9300
4700
10600
3700
4000
3100
3100
3100
2900
2700
2800
3200
3000
2700
2800
2900
2900
2600
3000
2600
2700
2700
3700
2600
7900
3800
2800
2400
2700
2200
2300
2100
2900
2300
2300
2300
2400
2200
4900
2300
2100
2800
2100
2200
2300
2400
2400
2300
13500
4200
3000
2500
3100
2400
2400
2300
2300
2500
9000
2300
2300
2400
2200
2200
2600
2500
2400
2600
2400
2300
2500
2400
7300
3800
2800
3900
2800
2400
2200
2300
2500
4000
2300
2700
3200
2400
3300
2200
2300
2700
2500
16100
4000
2400
2200
2700
6600
3500
2700
2300
2700
2100
2400
2300
2300
2200
2200
2200
2600
2300
2200
4600
2400
2200
2500
2300
2300
2200
2200
5200
8900
3800
2700
2500
2400
2300
2400
2300
2400
2300
2200
2100
2200
2200
2500
2700
2600
2300
2600
2300
2200
2200
2100
2200
5900
14000
4100
4600
2900
2500
3500
2400
2500
2300
2400
2300
2400
2400
2300
2300
2300
4200
2600
2200
2800
2200
2200
2300
33000
3400
2300
2000
1900
2500
1800
1800
1700
1800
1800
1900
1800
1800
1700
1700
1800
1900
1700
1600
1600
1700
1700
2000
21000
1900
1400
1500
1400
12600
1500
1300
1700
1400
1400
1400
1400
1400
1600
1500
1500
1500
1500
1400
1800
1200
1400
1400
