16100
3600
2800
2300
2500
2400
2400
2000
2200
7600
4600
2700
7000
2800
2700
5400
3500
3500
2900
2600
3100
2600
3600
2900
8500
3900
3800
3100
4000
3000
2800
3000
2800
2600
2700
7200
3600
2700
2700
4300
2600
2500
3000
2600
2600
2400
3700
2600
8200
3700
3000
2700
2800
2400
2300
2300
2400
2000
2200
2200
2400
2300
4100
2200
2500
2400
3000
3600
2900
2600
2400
2300
6800
3800
3200
2700
2600
2300
2400
2200
2400
2100
2100
2400
2300
2700
2500
2400
2300
2200
2600
2300
2300
2200
2000
2200
8300
5200
3000
6400
2500
2500
2700
2300
2400
2600
2400
2500
2600
2300
2400
2300
2600
2200
2300
2400
13000
2700
2300
2300
5200
2600
1800
1600
1800
1800
4600
1700
1600
1700
1600
1500
1900
1600
1700
1600
1600
1900
1800
1600
1600
1700
1500
6900
22000
3100
2800
2200
2200
2100
2400
2100
3200
2000
2000
2000
2300
1800
1600
2000
1900
1900
2000
2000
3900
5300
2100
2000
17500
2700
2100
2000
2000
2100
4800
2000
2000
1800
1900
2100
1900
1800
1900
1900
1900
3500
2000
1800
2000
2500
2200
1900
5900
22600
1800
1700
2100
1600
1700
1700
1700
1600
13400
1800
1800
1700
1700
1900
1700
1600
1700
1700
1700
1900
1600
1600
3600
1900
1800
1700
1800
2000
1700
1700
2000
1600
1700
1600
1700
1700
1900
2300
1600
1600
1600
1800
3900
1700
1700
1600
