957000
8000
2800
2900
19800
101400
21500
5800
46600
8200
73900
6100
32900
93400
83900
10700
139100
54000
10200
186500
14300
19000
9000
4700
9200
85700
27800
7900
72900
10000
102800
8300
44800
138500
52300
12200
56000
59800
13800
186900
8200
27000
22700
5100
36600
20300
8900
25600
62700
15400
104600
10100
40200
99800
47200
15000
43500
60000
13500
174200
11200
43200
4700
4400
40800
36300
6300
34800
10200
82300
19400
10400
35500
120600
44200
13700
40900
49900
12600
133000
7100
15800
27100
6400
25500
25900
4700
13200
6900
39300
35600
6600
39700
7600
46600
15400
25200
27000
9400
103500
4400
11700
13600
3000
22600
12200
4500
15500
9300
42500
25200
6600
40700
7600
48000
16800
28200
63600
27000
8900
7900
7100
7300
7300
7700
8300
8000
9300
68800
26800
14000
30400
25100
49000
82700
69400
202000
29500
10000
8300
11300
14400
9200
9300
10300
10400
10100
10400
30200
12000
11800
11500
14700
33600
52000
75700
99200
13800
11500
8300
8500
7400
7400
7900
8400
8500
8600
8800
27900
15200
10000
9800
12400
27400
51000
53100
78400
12500
8200
8400
9000
7600
7500
7700
8900
8500
9000
8800
9300
9800
26200
9900
12100
32100
46200
51600
89800
14800
8000
8200
9400
26500
7400
28300
8400
8700
23400
19900
10700
10100
28200
10000
37200
10900
11000
10000
93900
12600
8300
8200
10600
8700
8600
10500
23800
9000
22000
9200
9700
10100
10400
10000
23600
11500
10700
10000
55000
18300
17700
22200
10100
9500
8900
8200
9600
9500
9700
49700
10600
10300
11100
10400
12400
9900
10600
34600
51100
15700
7500
7400
10600
7800
7700
10900
10000
10900
8900
30200
14900
9600
11000
10400
11700
10100
9900
33700
50200
14900
7100
7500
8900
7600
7900
7900
9500
30000
10600
9400
10100
10300
11200
10300
12000
9600
10000
31600
50700
14600
11400
7400
10400
7600
7800
7800
10000
8600
9600
9000
10800
11300
10000
32700
11000
9700
10100
31300
50300
16200
7500
7700
8300
7500
28100
7800
9700
8600
9500
9100
11000
11600
12800
31900
12100
9900
11400
10600
50700
15100
7500
7700
8400
8100
8800
7900
9900
9700
9800
10300
13200
11100
10400
68100
10700
10000
11500
9900
51000
7100
12700
13300
25800
12900
14900
12200
14300
17100
13100
13400
18600
15600
16000
14900
20700
41300
33200
14800
79000
14300
12700
12200
13400
18600
10900
13000
16500
12000
17900
12400
15900
14600
13600
13900
15700
32400
34200
8300
38700
7600
5800
5800
7200
5700
5400
5900
6900
6200
6900
6700
8500
7800
6500
7800
8100
31700
7600
7400
32600
7600
5500
6000
7000
5500
10500
6100
7000
6400
6500
7600
8400
7300
6700
6700
8100
38800
7900
7800
28000
8800
5500
6900
7400
6200
5100
6000
6200
6100
6000
21400
7100
7400
6800
6900
10200
8800
7400
7500
35200
16800
5900
5800
7400
5800
5600
6400
6600
6500
6500
6200
7600
6900
7300
7700
9900
11300
7700
7500
28200
15900
6600
6100
8300
6600
5600
6100
6800
12600
5600
5800
8600
6600
6700
6600
9000
8400
7100
8500
28500
5500
18800
6200
10800
5500
5300
5500
6600
6100
5900
5900
8500
6700
6600
11200
8200
9000
7300
8900
27300
6000
17300
5900
11400
6200
5400
5600
6400
15400
6300
6700
8600
6900
6500
6500
8200
8600
8300
9000
26800
6000
15800
6200
7300
5600
7800
5700
7100
7600
6400
7500
7600
7200
7000
7100
8200
14500
7400
9500
26400
5700
14800
6100
7400
6500
5700
5700
6500
7600
7000
7600
8600
7100
14300
6500
12500
9400
6700
6900
19800
5800
15600
6400
5700
5100
4500
4700
5700
8800
5600
6400
7200
11400
6000
27500
9900
6500
6600
6400
18600
7700
5900
7800
5800
4800
4500
4700
5100
5100
5200
5000
7400
6700
6900
22600
7000
14000
7200
6400
21300
10000
5600
6600
5200
5400
4600
4600
5900
5300
5100
5200
7000
5800
5900
23100
7300
8800
7000
6600
20600
7300
6300
5600
5100
4700
4400
4600
5300
5300
5200
5600
6800
13900
6000
21300
7900
7400
8000
6200
19900
7700
5900
6200
5800
17900
7200
4800
5400
5600
14700
5700
6200
6000
14400
47900
17500
12000
7800
6700
22700
8000
6000
5700
6300
6200
4800
12800
5700
5800
5500
5500
6300
9100
6000
6000
8600
7400
7000
25400
21200
7500
5700
5900
5700
4700
4900
4600
5900
5600
5500
5600
6400
5900
6000
5900
8400
7400
6600
22100
18200
14500
9700
5600
7100
4900
4500
4800
5500
5000
6000
4800
20300
6900
5800
5700
6900
7300
6300
6200
20000
5400
13100
5500
5700
4700
4700
4600
12600
4200
3800
3400
12700
4300
3900
3600
4800
4500
4000
4200
10700
4000
7300
3700
3600
2700
3000
2700
3200
3500
3200
3200
10400
4700
3800
11400
4300
4700
4000
4000
10800
3900
7000
3400
8200
2600
2800
2900
3200
3300
3400
9500
4000
3600
4500
4100
4700
4700
4000
4000
10400
3500
7300
3500
3300
2900
3400
2700
3500
3200
3100
3400
3800
3600
4200
3700
10600
4800
4100
4200
13500
3400
6600
4000
3000
2800
2800
2600
3800
3900
3700
3200
3700
3600
4200
3600
10100
4900
3900
3900
17300
4300
3500
3600
3300
7500
2700
3100
3500
3100
3100
3300
3700
3600
3800
3500
5200
3900
4800
4000
10800
3400
3700
4400
3100
2900
2700
2600
3700
3100
3800
3300
4200
3700
3800
3600
5500
3900
4100
4800
10400
3400
3500
4600
2700
6800
2600
2600
3100
3100
3400
3800
3700
4000
3700
3500
4900
4400
4000
3900
10800
3400
3600
4500
2700
2800
2600
2600
3000
3100
4600
4500
4200
3700
3800
3700
4900
4500
4100
3900
10300
3800
3600
4400
3100
7400
2800
2600
3300
3100
3200
4300
3900
4000
5000
3900
4300
3900
4300
4000
10400
10700
4100
5100
3000
2800
2900
2700
3100
3200
3000
3900
3700
3700
3600
4100
4300
4000
4100
3900
11700
3600
6000
3800
3700
2900
2600
2600
3700
3300
3300
3400
5500
3900
4100
3600
4900
4600
4000
5300
24300
3500
4200
3800
4500
2900
2600
2900
3600
3500
3200
3200
4100
3600
8400
3800
4500
5000
3900
4100
25200
3800
3600
3600
4600
3200
2700
2900
3600
3200
3200
3200
4100
3500
4100
4000
4300
4800
4200
4100
17800
3400
3500
3600
3200
2900
2600
2800
4200
3100
3000
7500
3800
3800
3600
3700
4500
4700
4000
4300
17700
3400
3400
3600
3200
2700
3200
2800
3700
3300
5200
3200
4000
3800
3700
3500
4500
3800
4800
4200
17300
3500
4900
4400
3900
4200
4000
3400
10200
4600
4600
3500
4200
4000
3600
3600
4400
3900
4900
11300
10500
4700
3400
3800
4500
4100
3000
2800
3600
3100
3100
4600
4000
4100
3600
3600
10400
4600
3900
4500
10900
3900
3800
5200
5200
4200
3100
2700
3300
3100
3200
4300
6100
3500
3700
4000
8600
4700
3900
4800
10400
3500
4200
4500
3500
2800
2700
2600
3500
3200
3400
3500
3900
8000
3600
3600
4700
4700
3900
4600
10300
3600
3600
4700
3300
2600
2800
2800
3200
3100
3600
3400
4000
3600
3600
4400
4500
5500
4000
5100
10500
3500
3500
4600
3400
3200
2800
2700
3400
3100
7600
3400
3700
4200
3700
5000
4400
4000
4800
4200
10600
3800
3600
4400
3500
3000
3000
2700
3500
3400
3300
3300
4000
5300
3900
4400
4800
4300
4100
4300
11100
4400
3700
4500
