53800
1322100
6100
4900
67500
17800
7400
6200
28000
78100
22700
232900
47000
10400
31900
16500
19600
112400
89200
65000
24100
4800
4400
4500
24100
8300
6900
6000
14400
34600
10500
111100
30500
9500
25500
14600
19200
114500
75300
63600
10000
4500
4500
4700
6100
31400
13500
7000
16300
31600
11100
90200
30900
10400
21400
15700
17000
99600
73900
50800
26400
18400
25700
4700
27400
16800
6100
6100
22000
11900
12500
39600
29900
9600
21500
13800
17300
90700
65400
55000
8500
4300
4200
4700
18400
25500
5800
6000
20000
10000
11000
8100
14200
30100
17400
82500
45000
99700
64600
54600
15900
28200
24600
4500
17000
15800
6100
6700
23200
14300
8800
37400
12900
50200
11900
129900
29700
11200
25100
22800
17600
14300
11500
11600
17200
16000
13200
15900
16000
106800
28200
22300
25700
25200
15600
16600
118600
12400
46500
36000
24000
13100
13100
13600
17800
14700
15500
14200
17400
49200
16800
19300
21500
18600
14300
16800
78200
11300
34000
38500
14500
11300
11900
12400
12500
15900
13300
15400
16200
38500
13500
23800
19200
14000
14100
16300
71700
10900
42700
31700
15800
10900
11600
11400
40800
15600
13200
12800
18100
14400
16000
14200
17300
14300
14100
14800
70600
10300
43300
32400
13000
10900
11800
10700
14900
16000
13200
29700
15500
13200
11700
10800
14100
37600
11500
13900
53800
8600
30200
26400
9500
8500
8500
8500
9300
11700
10500
9900
12700
33900
12300
11100
12100
34000
11000
11800
53000
8200
20900
8700
10400
8300
8800
9000
9900
9600
9500
9400
11000
12800
10700
11700
11400
10100
12800
11300
56100
7300
24200
9000
9100
8400
8700
9600
9500
9400
9300
9600
10700
12600
10400
12200
11100
10900
10600
10400
102900
28900
30500
7200
6400
5500
5200
7400
8500
6500
6300
6100
7900
8000
8700
8800
18600
7400
13300
7200
38800
5900
27200
7100
7200
5600
5500
7200
8200
6600
9500
6100
7800
6800
7200
6800
8900
8000
7400
7500
33300
6400
27400
6000
6000
5900
7200
7600
8100
6500
7000
6500
8300
7600
7000
7000
8600
9500
8200
9500
34800
6000
25600
6000
6200
5400
5600
6600
7600
9700
6800
6600
7100
7500
6900
50000
8700
9400
7100
9400
31100
5700
6000
6800
6700
5600
5300
5400
6500
6200
6200
7300
8500
6700
8500
6900
46000
7400
7100
9200
55900
5700
5700
6500
6400
5300
5200
6100
8800
5900
6000
6000
6800
6900
7900
6600
39200
7300
7100
8800
52200
6100
5700
5700
6400
5500
5400
5700
5900
6100
6500
6400
9300
6500
8400
6800
33500
7200
7100
15400
52300
5700
6500
5800
6400
5400
5200
5400
6200
5900
6200
6100
6800
12700
6800
7600
31300
7000
6900
9000
55100
5500
5500
6400
6800
7500
5800
5500
6700
6900
6200
6500
6900
7100
31400
7400
8300
8300
10000
7700
55800
6000
5700
6500
6400
5900
5600
5500
6300
13200
5700
6600
6700
6700
6900
6800
8000
75400
9900
10100
45500
5800
5600
9100
7300
6100
6800
6100
6900
6000
7100
6600
7400
7200
6900
6900
11800
8700
7500
7400
33900
33300
6400
7100
7700
8500
8000
5700
8300
6600
7200
10100
7500
10000
7000
12100
11400
8500
7200
7600
38200
22800
5700
7200
6800
5200
7400
5800
6600
7400
7500
17900
7400
7000
7000
6700
9700
7200
7300
7000
34000
22200
5900
5800
14700
5500
5800
5400
6400
5900
7400
5900
7500
7500
8400
6900
10100
7200
7100
7400
36000
37900
8600
6100
12900
4900
6100
5400
5700
5200
7000
5500
7100
6100
8300
6300
7600
6700
6600
7600
30300
22700
6200
5700
6700
5200
5900
4800
6000
5300
6700
5400
6700
5900
7300
6700
7800
6700
6500
6800
31900
5800
43300
6200
6100
5000
4600
4600
11300
6000
5200
5700
6000
7500
6000
5800
7500
6300
9900
6400
23000
5300
5300
7600
5300
4700
5000
4500
6200
5100
5000
11100
7300
7100
6400
6100
7000
6700
7600
6300
21900
5600
5500
7000
5000
4400
4700
4900
5500
5500
6000
5300
6200
6400
6100
5800
6900
6100
8000
6000
21800
5400
5800
7700
5300
4500
4800
4700
5400
6100
5300
5400
11700
6000
6400
6200
7200
6400
7900
7000
22600
5800
5500
8100
5700
4800
4900
4900
5600
6000
5300
6000
6100
5700
6000
6000
6900
7600
6300
6600
23900
5400
5300
7300
5800
4600
4700
4500
5200
5600
5400
5300
11700
6600
6000
6000
6600
7700
6000
6500
21900
8000
6800
5600
7100
5000
4500
4600
6000
5300
6300
5500
6600
6100
6500
6400
7300
6500
6200
7600
23800
6900
5900
5400
5300
5600
4600
5000
6000
5700
6600
5500
7300
6200
6300
7100
7500
6300
9100
7600
23100
6800
5700
5900
5300
5200
4600
4400
6500
5200
5400
5200
6900
6200
6200
6300
7300
11800
6400
7700
22700
7100
5800
5900
5000
4800
4800
4400
6300
5200
5700
5300
6800
5900
7200
6000
9000
6600
6400
7600
23000
6700
5500
5600
5000
5300
5200
5100
8500
4700
5900
5800
6900
6100
7500
11700
7500
6700
6900
6800
23100
7500
5800
6800
5200
5300
4800
4600
7200
5800
6000
5800
6500
6300
7600
6100
7400
6700
6500
7000
21400
5600
5700
7000
8900
5200
4700
5000
6900
6300
5300
6900
7100
7800
6600
6300
8300
6600
6300
6600
23500
6200
6100
5800
5500
4500
5000
5200
7400
6300
5400
6100
7500
8600
6400
6200
13400
6400
6300
6400
23300
6000
5900
5600
7800
4600
5600
5700
5800
5400
5700
5500
7100
8100
8900
6100
7600
6400
6700
6500
26800
5400
6200
5500
5500
4800
5100
5100
5700
5400
5800
5300
13200
7900
6300
7600
7700
6500
6600
6700
23700
6000
11400
5900
5200
4500
5400
4800
5500
5100
5300
6200
7400
7000
5900
7000
7700
8700
6400
6800
19800
5400
7000
6000
5200
4400
5000
4700
5500
10500
5200
5300
7200
7000
5700
7300
7300
8500
6400
7300
19800
5400
5400
5300
6100
4500
4900
5100
5400
7700
5300
5600
6300
5800
6000
5700
12200
6400
6600
6400
20900
7100
5000
6500
5300
4500
4600
4600
5400
5900
5300
5200
6200
5800
5900
5800
6900
6000
5900
6900
26300
6400
5200
6400
5200
4500
4600
4500
5100
5300
5200
5800
6100
5500
5600
5700
11600
5900
5900
6100
19800
6200
4900
6400
5000
4400
4400
4600
5200
5200
5200
5300
6000
6100
6100
6100
6600
6000
6200
6200
18600
6400
5000
6300
5000
4500
4200
4400
5400
4800
5100
5200
6100
6100
6200
5800
12400
6900
7600
6300
26300
7000
5900
6800
6100
5100
5200
5400
5600
5700
5900
5500
6800
6600
6400
6900
7200
6600
7200
6700
17400
5500
5500
6300
6300
10400
7000
5200
6800
5500
5900
5800
6400
6000
7000
6100
9500
7800
6300
6500
19500
5400
4800
6000
6200
4700
4800
4400
5500
5300
5300
5400
6300
5800
7200
5900
9600
8500
6300
6600
19500
11600
6000
8600
6000
4700
4400
5000
5300
5300
6200
5400
6500
5900
7000
5600
8600
17900
5100
5000
23000
3500
3700
3600
13300
4600
4300
4400
5000
4600
5300
4700
5000
6200
5000
5400
6700
5900
5000
11000
15800
3400
3400
3500
6200
4100
4300
4300
4600
4700
5400
4700
4900
4800
4700
5800
5600
4800
6100
7800
17000
3400
3800
3500
4600
4100
4000
4000
4700
4400
5500
5100
5000
4700
5000
5100
5400
10800
5600
5000
18800
4600
4400
3900
