48800
12300
4600
1706400
49200
19500
24100
5200
22900
8000
6200
12300
34200
59100
9900
75800
18300
99200
13800
64100
43300
24200
36400
31800
24600
10600
27800
7100
34400
11700
8500
10000
45700
55800
10500
67300
15900
75900
12500
58900
6600
4900
7900
5100
24400
9500
7000
85900
29400
11200
15800
9700
34900
56800
9800
65500
15900
72100
12200
52900
7100
5400
4800
6100
9900
9500
6600
77100
23900
11500
57500
10100
33600
58300
12000
63600
22900
62600
12500
63000
5000
17400
4900
4900
18900
7700
6400
93000
32100
11200
61200
8800
40100
13000
9800
12000
14200
78600
11700
48500
7000
15700
4800
4700
12900
11100
6900
81700
43000
12400
21600
36200
24500
13500
9600
12500
34500
41700
10900
64000
118300
24700
14400
14900
17800
20900
16600
18000
25700
18500
19900
17800
23000
17900
17700
18000
111500
12500
11300
12100
15600
14600
17900
80900
17400
17700
16100
16100
20200
17900
19400
17700
21000
17500
25700
17900
84700
12100
11100
11200
14100
11600
15700
12000
52100
14200
13600
14100
17500
14500
15300
15900
16800
15900
14200
40100
86300
11100
11800
11000
13200
14800
13900
12100
43700
13900
13700
14800
17300
26300
15800
16300
18000
16000
15800
15200
83300
11000
10800
11800
13300
14000
12700
12600
51000
14300
13800
14000
15600
16600
16300
15100
17500
15500
16400
15400
79900
11000
11800
10800
12700
14800
13100
13200
51000
13200
6200
6200
7600
9400
6800
6900
18600
8500
9500
7600
36700
6300
6000
5800
7600
5800
7400
6000
8900
6300
6500
9600
8200
35300
43500
7200
10900
33000
10600
9800
31700
6600
8200
9000
6300
5900
5500
6300
8100
6200
7100
6300
7900
34800
29800
7600
10400
38500
10700
7400
35000
13400
8700
9500
6400
6000
5900
6500
7100
6500
7800
7500
8700
29400
31200
7200
11100
33100
10900
7600
32800
6900
8300
8400
50300
6000
5500
6500
6700
6500
7200
13600
8900
8100
7100
7000
10100
34400
10200
7700
33100
6700
8300
8400
6300
5600
5600
6300
6400
30400
7600
7600
9900
7400
7300
8100
8800
27500
32000
7700
39800
6300
9300
8400
6600
5600
5300
6400
6100
6500
8000
7700
9200
7200
7300
8000
9400
30400
31200
7700
34800
18200
9900
6800
8700
6700
5500
5500
6400
6000
6400
6400
9900
7500
30000
39100
29000
8000
7100
7300
33100
5700
8100
6400
7100
6100
5600
6200
8500
6000
6300
18100
10800
7600
35300
95400
27600
7700
8000
7600
30900
6100
7600
5800
9000
5400
5500
5900
8900
6400
6700
6400
10400
6500
19300
29200
18000
7600
7300
7900
31300
8100
7800
6300
18200
5800
5600
22000
7500
12900
6600
6200
9600
7300
7300
6800
19400
7200
7400
7600
31200
6000
7500
6500
5800
5200
5700
5300
7600
6100
5800
6400
7500
6700
18000
8100
10600
8100
18100
32600
31500
6200
7500
5900
9000
5400
5500
5500
8700
6100
7600
6200
6800
7200
7000
8000
11300
8600
19100
24800
65500
6500
5700
5900
9700
5600
8600
5400
6400
7500
6300
12700
13200
5900
6400
6600
12600
10400
6900
6500
32800
6300
6300
6000
5900
5200
5400
4900
5700
5300
5100
5800
6500
6000
6200
6000
10800
8300
8400
6900
31400
5800
6600
6200
5400
4900
4700
4700
5800
5500
6500
14400
6600
6300
6000
6100
8700
8300
6500
6400
27700
5700
5800
5600
5600
5600
4600
4800
5600
5300
6300
5900
6400
6200
6500
6500
8500
7600
7100
6500
26200
5600
6100
6000
6500
4900
4900
5000
11500
5500
7000
5700
6600
6500
6300
6800
7400
6800
6700
7200
29200
5900
5900
5800
5900
4900
4800
4500
5800
5700
7600
5900
6900
6200
6100
6400
7900
6900
7000
6800
33700
8600
6000
5700
8000
6500
5300
5200
8700
5900
6000
5900
8500
6900
10600
6900
10400
7100
7100
51000
30000
9300
10300
6600
5600
6000
5000
5600
9400
5900
12000
5900
8100
8000
8500
7000
11300
7200
6900
28200
28400
9200
8700
6300
5800
5600
5000
5200
8600
7100
5800
6000
7200
6500
7700
7100
9600
6800
6900
27200
34400
9000
9100
6300
6000
5800
5000
5300
5900
6500
5600
5800
8700
6600
6700
6700
10600
7000
6900
27900
28900
8400
8800
7400
5700
5700
5200
5300
6400
7200
5800
12400
9100
6700
6700
41700
9000
15400
9400
7200
40100
8400
9500
6600
6000
6500
5100
6400
6300
7700
6200
6000
8900
6700
6900
6700
12400
7700
11200
7700
32300
6800
7400
23700
7200
5400
5100
5200
8500
7000
6300
6200
9300
6600
6600
6800
8200
7100
7100
7500
23700
6400
6200
6300
6200
5100
5400
11300
7000
6100
6600
5800
8200
6200
6500
8200
8100
6700
6800
6900
23000
5600
5500
6100
5700
4800
6000
5100
6200
5600
5500
5800
8900
6600
6400
6300
7900
7000
6700
6800
23800
6300
6100
5900
5600
10600
5800
5000
6900
5700
5700
5600
8200
7700
6400
6400
7700
7100
6700
7000
25000
6700
8600
6000
5600
4900
6400
4900
5800
5900
5400
5400
7900
7300
6500
7100
14400
6900
7200
6900
23400
6500
14200
6000
5500
5000
5500
4800
6000
5500
6700
5500
8100
7300
6300
6500
9700
6700
6700
7000
23400
6300
6000
6800
7200
5200
4900
4800
6000
12600
5600
5700
6900
6300
7700
29500
8100
6900
6500
7000
23500
6100
8800
6200
5900
5600
5000
4800
5900
6500
5500
5500
7500
6200
8100
26100
8600
6300
6400
6700
25400
5900
7500
12000
5800
5800
5100
4700
7200
5900
5600
6500
7000
6700
7500
31200
8200
6800
6800
7700
23700
6000
8100
6300
5600
5000
5100
4800
7500
5800
6200
5700
6900
7400
6700
26000
7900
6500
6500
13200
25300
6100
8300
6100
5500
4700
5300
4800
5900
5500
5300
6200
7400
6900
6300
6100
7200
6600
8600
23200
22700
6300
7000
5600
5300
4900
4600
5000
6700
5700
5400
5200
6900
7700
5700
5400
13800
6700
8400
25400
23000
6600
6100
6100
6200
4900
4800
5800
5800
5500
5400
5700
6700
6200
6600
6800
7500
6600
8500
6600
31400
6100
6500
13100
5900
10200
5000
4400
60600
22100
12900
12600
14700
14200
19500
13900
19300
14300
20500
14900
55300
13200
13600
17300
4000
3000
3000
3100
3400
3600
3700
4300
4400
4000
3900
4200
4400
4600
5000
4400
16500
11100
3900
4700
3600
3100
2900
3100
3400
3600
3500
4000
4200
4100
3900
4200
4400
4400
14200
5100
16300
4100
7900
5100
4400
3200
3400
3100
4000
3900
3800
4200
4800
4700
4500
4300
5100
4800
4800
5300
22200
4300
4100
5200
5200
6200
3100
2900
3500
3600
3700
4100
4000
4100
3900
4000
4700
4300
4400
4400
15500
3800
5600
4000
3600
3100
3200
2900
4300
3500
3500
9400
4600
4000
3900
4100
4800
4400
4200
4300
15400
4100
4000
13800
3400
3000
5600
3000
4400
3300
3500
4300
16000
4300
4100
4400
12500
4600
4400
4900
15200
4400
3900
4100
3500
2900
3300
3300
3700
3600
9300
3400
4400
3700
3800
4000
4700
4100
4100
4200
14200
3900
4100
3800
3200
2700
3100
3300
3400
3300
3900
3700
4300
4300
4500
4600
5500
4100
4000
4300
14200
3700
3800
4200
3000
2700
3000
3100
3500
7300
3900
3300
4300
3700
4000
4500
4800
4500
4200
4500
13900
3600
5600
3900
3100
3100
3100
2900
3300
3400
3700
3300
4300
3700
4000
4500
4800
4200
4600
4600
15100
4000
3800
4000
