62300
23200
12300
1450400
73300
25500
13600
7500
11800
104200
15400
106700
123100
38100
12200
31900
59300
75100
15800
74800
28400
7800
25900
29900
64100
6600
9800
6000
12800
97600
9900
98800
80600
31900
9100
27500
49700
71000
14700
60100
6500
6500
19400
17700
6400
7000
10000
80300
12000
82800
13000
138200
94000
29800
9500
26300
38800
58900
16200
66400
32200
7400
35600
44000
7400
14600
9100
91100
57300
7300
23000
8500
89900
33100
9700
26300
43500
58800
13200
57100
12200
5600
14700
16500
27300
10900
8400
87400
43500
7300
11000
7500
11900
101900
17700
93000
43500
68600
13500
54900
13100
11800
4600
4400
28200
7100
7900
68200
50100
8200
10800
7400
11900
84000
11100
83000
67500
46400
10800
64000
13500
10600
10000
10700
11900
19800
11600
13500
13600
14000
13100
20400
24800
13200
120000
66300
94300
13800
10700
10100
13900
12400
13200
13300
14800
14100
14300
14200
15700
15100
16200
20100
19100
18400
65400
50000
81800
12700
10500
9500
12300
10100
11200
11100
13100
12100
13000
12300
13500
13200
12900
13400
19100
23000
51200
46700
71100
12000
10200
10900
11300
10500
15700
10900
13300
12300
12000
12300
14100
13400
13200
13300
19300
14800
50300
46500
72000
13100
9800
10900
13200
63700
13500
11800
13500
12600
46300
17000
14600
13500
14200
14400
14900
18700
14700
14100
73100
12100
10200
10100
12000
10400
11700
11600
14200
13100
13600
12800
14000
13600
14700
13700
36500
9100
7700
7800
36600
5900
23000
17400
7700
5500
6400
5800
6300
6200
6500
6300
7200
6700
8200
7700
9900
8700
7900
8400
31900
8600
8100
5900
6200
9300
5200
5000
6700
5900
5900
6100
7400
6900
7600
7600
10100
9300
7200
7200
31400
10800
8600
5800
5900
5100
5100
5500
6600
5800
6000
6300
8000
7700
9000
7400
9800
8500
7900
7500
34700
6300
7300
6000
6800
5400
5800
5400
8400
6400
6200
6200
6800
6700
7500
6900
9400
8200
7600
7100
35800
5800
7700
5700
6300
5500
5100
5500
6500
6300
6300
6400
7000
7100
6600
6600
8100
8200
8900
8800
32200
5700
7200
6400
6400
4500
5500
5600
5700
6100
6200
6000
6700
6800
6800
7600
11500
7900
10600
8600
36300
7500
5800
5900
8000
6400
5400
5400
7200
6000
6000
6200
7300
7700
6400
7600
7800
7600
7700
8600
33200
53700
8500
6300
6600
5300
6300
7300
8900
6300
6000
6300
7300
7000
6900
6800
8400
7400
7500
9300
33800
22700
6100
5800
6400
5300
6400
5800
7400
7300
6900
6400
7900
7000
7000
7100
8400
7400
7400
12700
34200
22400
13200
6000
6600
5100
5900
5100
7700
6800
5900
6300
7100
6900
6500
6500
7800
6300
6000
13800
31200
16300
5200
5300
6200
5700
5900
5200
5900
7300
6100
5800
7500
7100
7100
7200
7800
6800
7000
7200
34100
15400
7600
5700
6500
6400
8100
5300
7000
6900
7500
6000
6900
7500
46000
6800
8900
7200
6900
8400
31800
5700
6100
9000
15400
6300
4900
4900
9900
5900
5600
6000
8500
6200
6400
6400
13100
6800
6600
28800
26800
6800
6600
5700
5600
5600
4900
5100
6100
6300
5800
6000
7700
6200
6100
6200
9900
7400
6700
25100
25900
6900
10700
5700
6600
5400
4900
5000
5600
5800
5900
6100
8200
6500
6300
5900
9800
6500
9900
27700
26400
6800
6500
5400
5900
6500
5500
5100
6500
5700
5700
6300
6700
6500
6500
6500
10000
6400
10500
25300
26200
6700
6400
5400
5300
5400
4900
21000
6000
5400
5900
5600
8200
6500
6400
6500
19600
7700
7100
7200
26500
7100
6700
5600
6200
5900
5500
5500
6100
6400
6700
5900
8000
7400
10800
6600
10500
7300
7600
7400
29200
5500
6000
18400
8400
5400
5000
5200
9300
5800
6200
7200
7700
7600
7000
8400
10400
7400
7500
7900
31000
8500
20500
6000
7300
5700
5400
5700
7400
6500
6200
7300
7900
6800
7500
10000
10200
7000
7600
7600
27500
8200
19700
6300
6900
5500
5600
5200
7200
9500
6100
6100
7500
6700
6900
8700
14700
7400
7600
7700
27000
7800
19400
11800
9700
4800
4900
4500
6700
5400
5300
5300
6500
6000
6000
7600
12800
11900
6100
6400
19600
7600
17400
5600
6700
5100
4700
4700
7100
5400
5500
9200
6500
8400
6200
7700
7400
6700
6900
8600
18400
7600
18200
5800
6100
5000
27100
4800
7400
5500
5400
6400
6800
6200
6200
7500
7700
6700
7400
8700
22200
6000
5800
6000
7600
5600
5900
5200
6000
5500
19200
5600
6900
6100
6000
5900
7800
6700
6400
8400
19500
5400
5600
5800
5500
5600
5000
5000
5600
5600
20200
5500
7200
6200
5900
6000
6900
6500
6400
7700
19200
5800
5800
5800
5000
5400
4600
4800
19400
5800
6500
5600
6500
6800
6100
5800
7200
6400
6300
7700
18300
6300
5600
5800
5000
4900
4600
4500
5700
9300
6000
5500
6300
5800
15500
6200
6800
6400
5900
7700
18500
5500
6000
5100
5400
5300
5600
5100
6600
5500
6400
6000
6700
5800
22200
6500
7600
6300
9000
7200
18400
5400
5600
5800
4800
9200
4700
4700
5600
5700
6900
5500
7300
8000
18200
5900
6900
6500
6100
5800
18400
5200
5200
7200
6200
5200
4100
3600
16700
4600
11600
5000
5900
16900
6200
6100
7300
6200
6600
6300
20300
7400
5300
6700
5100
4600
5000
5100
19000
5400
5500
5900
9700
17200
5900
6000
7000
6100
6100
6900
21800
6300
4900
6300
5100
4300
9700
5000
5200
14800
5800
5100
6200
16800
5800
9200
6900
6000
6700
6400
20100
6000
5400
6500
4900
4200
4500
5000
5700
5100
5000
5400
15900
5800
5800
16300
6800
5600
5800
6100
24200
6300
5100
6400
5000
4200
4400
5300
5300
5300
4900
5600
15500
6400
5700
5700
6900
27400
7400
6500
21200
7200
5500
7400
5900
4700
4900
6500
5600
5500
5600
5700
26700
6300
6800
6400
7100
23300
6600
6400
20000
5500
6200
6100
6300
4700
4800
4600
5500
5500
5100
4800
6100
5600
5800
9900
8200
6100
7300
6000
25900
5000
14500
6900
5200
8400
4400
4900
5200
5100
5400
5300
6400
5700
5900
7600
6200
6500
7200
6500
18300
5400
14000
8000
5600
4500
4600
5100
5500
5600
5300
5700
6300
5800
6000
6700
7200
5500
7400
6100
29200
6300
21100
8700
6600
21300
51000
11100
8800
7300
9000
5600
6700
6200
6300
6300
7400
6700
8100
7600
19900
5700
19300
7600
5700
4600
5100
5400
5900
5700
6100
5800
6200
6800
6300
6100
7300
6500
8500
8200
25500
5600
42700
8400
5300
5000
4700
5200
5700
5300
5600
6600
6800
6200
6000
7100
6700
26500
6400
8100
20200
5500
7200
5700
6000
4900
5800
5400
11900
5700
5300
5700
8500
6400
6300
6300
7400
6500
7900
6800
19200
6200
5700
5900
6400
4600
4800
5400
5800
5500
5400
8000
8100
6200
6700
6100
13900
6500
8100
6800
19300
7600
5900
5500
9900
4500
4500
5000
5600
5300
7400
5800
7600
5100
5100
5800
8000
6400
8000
6400
19300
5400
5800
5900
5800
5700
4700
5100
5800
5300
6500
6400
6900
6800
6300
7500
7400
6900
8300
6400
26700
5400
5600
5300
6300
4700
4600
5200
5800
5300
6500
6600
6900
6200
6700
6300
9200
6500
7100
6700
19600
5800
5500
5900
5200
4500
4700
5000
6000
5400
6600
6500
6800
6500
6000
6100
9100
11000
7200
6900
20000
5700
8000
5900
