69400
1031200
6200
3200
89200
20200
51600
4900
16700
19600
22500
104200
81800
74400
9900
118200
80300
14400
118100
10700
14400
19800
4400
6100
40100
8700
57600
6600
18200
30000
29200
7400
60000
66200
8900
91200
60700
12200
92600
11200
7400
29600
5000
5500
8200
39700
6100
40700
13000
29500
27100
8000
63700
67500
8800
83700
69000
9900
98900
10400
12600
5300
35400
5900
8100
19200
6900
6300
41500
9600
62300
8800
56800
66500
9800
92900
65200
11000
1252800
12600
6300
545900
21700
5300
9300
36600
5500
241000
44900
7900
35900
5900
8100
22400
15000
15000
36500
6900
65100
7800
3700
56000
44500
6300
9100
25000
7300
18800
47400
11200
42500
7500
11800
30000
21600
21200
45700
58700
11100
69200
14400
10500
11000
10200
13700
11200
11300
14900
13500
91400
54300
64600
26000
16600
16200
94500
104600
49100
20200
10900
15900
13100
12800
12900
14500
14700
14800
18300
16000
73400
45400
57400
22100
16300
15500
91200
99000
45400
12700
10400
16200
13800
13000
12800
15900
23600
17700
13300
14400
43000
38700
48300
20200
13700
13700
78900
72600
41700
13000
10200
11600
11300
10700
10900
15300
11700
38900
46900
14100
43600
13400
15600
17200
13000
12900
75500
77200
37400
12600
10900
13600
12300
11500
13500
15600
13300
12700
13100
14600
46400
15500
16900
16700
44200
67300
54900
80100
36200
13200
10600
13700
12500
11700
11400
13900
12600
16000
13400
18000
14200
14100
16300
15100
42100
39700
78900
76700
39700
21100
29600
8900
5900
6100
5500
7200
7600
6500
7200
9200
7000
6800
7300
20000
7700
32400
9000
62000
16300
13700
14700
5800
5200
6000
6300
12900
7300
6700
6900
8800
6800
6700
6900
8300
8100
30100
7600
55800
17100
16500
16800
7000
6600
5600
6700
6400
6700
6400
6700
10000
7200
7500
6800
8600
7300
31000
6400
61300
18100
14300
16800
7500
5500
5800
6700
6300
6400
6100
6200
7900
9000
6900
8000
9300
7200
32400
7000
56700
15900
13600
14300
23200
5700
5300
6200
6700
6000
6200
6300
7200
14300
6700
8800
9500
7600
7000
7500
57800
16700
20300
18300
5400
4700
7200
5700
6300
36100
5600
29200
28400
8400
6400
7000
13800
10300
30400
7200
24100
5900
14600
8800
8600
5100
4900
6200
7600
5700
10600
7600
7300
8200
6400
8200
9500
33400
7100
8600
26100
7600
6000
6800
7700
6400
5200
7200
8400
11900
6900
5900
7500
6400
6800
6500
8200
71800
7600
6800
27100
6000
6000
5900
5700
6100
4700
4500
6600
5400
5900
6800
7200
6400
106500
7700
8700
24500
8400
8600
27100
6400
23500
8600
19700
6800
5300
4900
6800
8600
7400
7500
6800
6400
6900
6400
7800
24500
7300
7100
26500
5700
5600
6800
5600
12400
4800
4800
5800
5700
5600
7700
7300
5700
7500
6300
8300
19200
6700
6700
38300
13000
6000
5700
5800
5300
5100
5000
6000
5700
6000
7000
7000
6600
7400
7400
7800
6700
6600
6700
32000
14400
5600
6000
8500
5400
4900
5000
6200
6500
34400
5800
7100
6300
6000
7100
18900
6500
8800
6600
23600
6000
7500
5700
6500
5100
5600
5500
6300
6400
19700
5700
6900
6500
6300
10900
19200
6500
8400
6600
31000
6000
6000
6800
5900
5000
4900
6000
7400
6200
23300
5900
6800
6500
6100
6000
17600
7400
8100
6900
23400
5700
5900
6100
6100
5200
5100
5000
8200
5800
5700
6000
6800
7600
21100
6300
46400
6600
9400
6700
23200
6000
5600
6100
6700
13600
5100
5300
13100
5900
8600
6100
7100
8400
27300
6300
10400
6900
6700
7300
24200
6400
5900
5900
5900
11300
5000
7700
6700
5300
6300
5300
6300
6900
18300
5900
7700
6600
6500
6500
32200
5700
7900
5200
8900
5100
5600
5300
6400
13000
5900
5900
8100
6600
18700
6500
7800
6700
8400
7800
26300
6200
5700
6100
5700
5600
5500
4600
6900
6700
5500
5900
6900
6600
16100
7000
8300
7200
8800
6600
24200
6100
11800
6000
5600
5600
5400
4900
7300
5700
7000
6700
7400
6400
17900
7200
7700
6700
8600
6900
24400
5600
6400
6100
5000
5000
5300
4700
6900
15600
6700
5800
7000
7500
6200
6300
13200
6400
8200
6400
23900
6200
6000
6300
5400
5200
5000
4900
6800
5600
7200
7700
6600
7700
6200
6200
7700
7000
17600
6700
21800
5600
5700
5900
5100
5400
4700
4300
6900
5400
6200
11500
6600
7800
6400
7600
7500
6800
18600
6300
24600
5600
8200
5900
14400
6500
4900
4600
6300
5600
16000
5700
6500
7400
7300
13000
8000
6800
9400
7100
22400
5600
15500
5700
5500
5500
4600
5400
5800
5600
16800
5500
6500
7100
7000
6200
7500
6500
10000
6500
23900
5600
17300
8600
5000
5100
4600
11700
15000
6500
5800
5600
7000
7000
7000
5900
7400
6400
8700
6300
21100
6200
13600
5600
5600
5500
4900
5400
5700
6700
12200
5600
6500
7000
15000
6100
7600
6400
15500
6700
21400
6200
12900
5600
5800
5600
5500
5200
5900
10000
5500
6600
7300
6300
16000
7200
7300
8900
8400
8300
20100
5500
14200
5800
5100
4900
14900
5000
5600
6400
5800
5300
6600
5900
14400
6000
7200
8400
7600
6400
18500
5600
8900
6100
5700
5000
4400
4200
5100
4800
5000
6000
6000
11600
5500
5500
6600
7400
6000
5700
17900
6200
5200
4900
5000
5200
4200
4100
4800
4700
5500
5500
6500
5600
5500
5500
6800
6900
6800
5800
26900
6700
5100
5000
5200
4500
4400
4500
6100
5200
4600
4900
9400
12000
5500
6700
6800
7100
6100
6500
29000
7000
7600
9600
5400
4500
4600
4500
5500
5300
6100
5400
5900
5900
5800
7400
7600
10700
5900
6300
18000
6800
5400
5400
14800
4700
4400
4700
10100
5400
5700
6400
6900
5900
15100
8100
6900
6500
6500
6400
25100
13100
5800
5400
5500
4800
4500
4900
7000
5200
4900
5600
6000
6200
6100
7000
7100
6300
6400
6200
17500
7100
5400
5500
6700
5200
4800
4700
6000
5100
5300
5400
6100
6000
7200
7000
7400
6500
6500
7200
21700
5300
8600
7800
5500
4500
4300
4700
5300
5200
5100
5200
6400
5800
9800
5600
7600
6100
5900
6300
25700
5200
7700
7100
4900
4500
4400
4300
6400
5200
5300
5200
6400
5800
7500
6200
7000
6800
6000
6200
20200
5600
7400
6700
4800
5100
8000
5200
6500
6300
9700
5500
6100
5300
6000
5800
6800
6000
6400
6000
18600
5100
7400
6400
5000
4300
4100
4200
6200
5100
4700
4800
6300
5900
5800
5800
6400
6200
7000
6400
18100
5400
7000
6500
5100
4500
4700
4400
6500
5200
6200
5400
6200
6700
6000
11900
6500
5900
7900
6400
20100
5700
5500
5800
6700
5800
4600
4500
5700
5200
6400
5600
9700
6100
6000
7400
7400
8200
6900
7800
26400
8600
5600
7800
4900
4400
5200
5200
5500
5200
6100
5300
8500
6000
5600
8200
8100
7700
9100
7600
14200
5300
13300
5400
3500
2700
3300
3000
3800
3900
3600
3200
10200
3700
3900
4600
4900
5000
4100
4900
11000
4900
4600
5000
3700
2900
3300
3600
5600
4800
4000
3400
4200
4000
4900
4500
5100
5100
3900
5000
11300
4600
3800
5100
3500
2900
3700
3300
3500
4500
3400
3300
4200
3800
4900
3800
6200
4500
4100
5200
10800
4700
3900
4700
3100
3100
3400
3000
3400
4200
5200
3500
3900
3800
4600
7900
6200
4200
4400
5300
10800
5000
3700
5000
