1370800
13100
4500
4200
94500
10300
9500
35600
68700
13700
7600
46400
110700
157600
17100
12600
36700
102200
17700
78300
13400
6000
18600
23200
48500
19200
7700
30500
51100
5300
5000
5200
72100
93100
6700
6700
21900
72100
13500
49600
17100
4000
11300
12000
25900
11800
4300
4300
34400
5000
5300
5100
71300
82600
11900
6200
20200
62400
10800
43000
3700
3700
12400
11300
20900
11300
4200
4000
29200
6300
6200
19200
51600
74900
6800
6300
19100
59700
10100
43700
2800
3400
22000
20000
27400
15400
4000
4300
36600
9900
9800
21300
41000
19500
6300
30300
17600
51000
9900
47100
18500
4800
13600
11600
28900
12100
4400
13400
37300
7700
8600
48100
119200
9700
14200
6800
206000
215200
16800
10900
15900
164900
39300
33600
24700
15400
15000
16000
21900
23200
17800
20700
67700
15100
14200
15100
126600
14700
31100
26400
15600
11100
154700
22700
15500
13000
15100
22900
17900
14900
15600
16200
65300
14300
14300
32300
101500
17300
30500
28000
14500
10700
10300
11200
13000
48600
13100
13800
15500
13000
13300
13600
115200
13000
11800
16500
76000
12400
22400
18000
10200
7500
8300
10200
12500
33500
9100
10100
13000
9600
10900
10100
35400
9800
9400
9800
73000
8800
33000
25900
9500
7900
7500
7700
9000
35400
9000
21800
12800
10200
13900
32200
12400
10500
10100
10000
73300
9200
22200
18200
9600
7500
7900
8300
27900
26700
8900
9900
14000
9800
11300
10000
11600
10300
9800
10100
81900
7400
7400
46700
9500
8500
8500
7800
9000
9100
17800
9500
10800
31400
9900
10100
13000
11000
13700
11700
50900
7300
7200
17500
9000
7700
7900
8400
8700
8700
14800
11200
10300
25300
13000
10100
12100
11100
11600
9900
50500
9000
7500
16100
9100
7700
7700
8000
9300
9200
9600
9000
10900
26000
10600
10100
11800
10700
11600
10400
52200
7700
7200
17500
7800
7500
7900
7800
10200
9200
8900
8900
10000
25200
11600
11700
12500
10400
10600
9900
54100
7200
7600
15700
8600
7800
7800
8000
10100
9500
9100
10700
21900
10900
11700
10500
11000
26300
9700
11000
50300
17900
5100
13100
3400
23800
3600
3200
5100
4000
3900
4600
4400
4200
6100
7700
12500
21200
4700
4700
24600
6400
4700
4300
4400
3200
3300
3200
4000
4500
3700
3700
4900
4000
4000
4100
6700
5600
32800
6400
16900
12300
3700
3700
3300
3700
3400
3600
5400
4000
4400
3700
4600
4200
4000
4200
5800
4500
26600
5100
17400
11800
3700
3700
3500
3600
3300
3500
3900
4100
4000
3700
4700
4100
4000
6000
5800
5800
54300
5700
18000
12000
4200
3700
3400
4800
3200
3200
5000
4100
4800
4100
4900
5800
4200
5200
5700
5500
27500
5000
18000
11400
3600
3600
4800
3800
3300
4400
4100
3700
8700
3800
5000
4900
4400
4100
5300
4600
27600
4600
17000
10900
3700
3600
3500
3600
3300
3500
3900
3600
3800
20900
4600
6200
4600
4100
5200
4400
4600
4300
19500
3600
12800
4400
5000
3400
3600
3400
5100
3900
3700
3700
4800
4200
4300
4500
7200
4500
4700
4400
19400
4700
4000
3700
3800
3300
3200
3300
4900
3700
3800
3700
9000
4700
4300
6400
7100
4400
4500
4500
17200
4600
3800
4100
3700
3600
3200
3600
4300
5400
4000
3800
4700
4100
4100
4300
6100
5100
4500
4400
20200
5100
3600
5100
4200
3300
3600
3300
10900
8000
3800
3600
5400
4200
4300
4600
9300
4300
4800
4200
16700
4500
4600
3600
3500
3500
3500
3800
7200
4400
3900
3600
5400
4400
4300
5200
5600
4600
4400
4800
20000
4500
3500
7800
3900
3700
3200
3500
4300
3700
3900
4000
6100
4300
4400
4500
6000
4400
4500
6100
16700
3700
3800
3900
8100
3300
3200
3700
4900
8000
4100
7900
6100
41900
4400
5000
7100
4500
25800
4300
16400
11600
3600
4100
3400
3100
3200
3500
4600
3700
4200
3700
5400
24700
4500
5000
7300
4500
29100
6700
16400
13100
4300
3700
3500
3300
3100
3800
5500
3700
3800
4300
5300
24800
4100
5400
6200
4400
23500
4600
16300
12400
4200
3600
3500
3200
3000
4000
4000
3900
3900
4300
5900
4200
5200
24400
7000
4600
23200
4700
17000
10500
4300
4100
4100
3000
19700
3500
5500
3400
3500
4400
5600
4100
5300
4200
10100
26500
6100
5600
16600
10400
3800
3700
3600
3000
3400
3700
3700
3500
3600
4100
5400
18900
4900
4200
6000
24300
4800
5400
16000
4200
10300
8000
3600
3200
3100
3100
4500
3800
3700
3500
4500
4100
24100
4600
5800
4300
4500
4600
15300
6100
3800
3600
3200
3200
3000
3200
4300
3500
8100
4000
4300
4100
20300
4500
5600
4300
4300
4300
15000
4600
3700
3600
3100
3200
3000
3400
3900
3500
3500
3800
4600
4000
19400
4500
5900
4200
4300
4300
14700
4800
3700
3500
3400
22500
3000
3500
3700
3600
3600
3600
5600
4000
4500
3900
5700
4100
5700
4300
14500
4600
4000
3600
3800
3300
3600
3500
3800
3600
3800
3900
4800
4200
4000
4600
4800
4400
61000
5700
18700
4700
4000
3600
9700
4500
4900
6300
70500
9300
9300
6100
11100
6800
7000
7000
17200
14300
37200
9700
20800
5600
5600
6200
13400
5200
4500
4700
7000
5500
6600
5500
6900
6100
6300
8000
7700
7500
6700
8000
21000
10700
5800
5900
5300
4900
5700
4700
6600
6100
6700
5500
6900
6000
6100
7500
7700
6500
7000
16900
21700
7700
5600
5600
6000
5500
5300
5100
5700
6600
5400
5300
7000
5900
6200
7500
8700
6300
6500
8500
21900
7700
5800
5900
5900
5200
5300
4900
5900
7700
5500
6100
7600
10800
7400
7300
7700
6300
6200
8200
21600
7400
5900
5500
5200
5400
5000
4800
5700
5400
5400
6000
8300
6100
7200
6100
7600
6500
6700
7400
21900
8500
5700
5900
4900
4200
11300
5000
6000
5500
5500
5600
7800
6300
7900
6400
14300
6800
6600
8400
19400
5800
6300
8000
8300
4700
5100
4600
6200
5700
6400
5600
14200
6200
7500
9100
7800
8300
6700
6300
20100
5500
6400
5800
10000
4900
4600
4700
5700
5200
5500
5300
7700
5800
7100
6100
8000
7800
6600
6400
20400
5200
5300
5700
5800
4600
4300
4200
11700
5100
6000
5000
7200
5600
6700
5700
7100
7600
6300
6600
20500
5100
5500
5600
5800
4800
5000
4500
6700
5300
6300
4500
6100
6000
6000
6400
7100
8800
7100
6400
19000
5400
5500
11200
5900
4800
4800
4500
6500
5800
6300
5600
6300
6100
6100
6000
8800
6700
8000
7000
19400
5400
5700
5600
5100
4600
4600
4600
6100
5300
5800
5700
6700
6000
6900
6200
8400
6400
7600
5700
18000
5000
3800
3600
4000
2800
3100
2800
4100
12000
3400
3500
4300
5700
3600
3800
4400
4200
4900
4100
10900
12200
4700
3700
4200
3200
7200
2900
3500
3100
3200
3500
3900
4600
3800
3500
4500
3900
4800
3900
10600
8300
4700
3500
3400
2800
2800
2700
3700
4900
3900
3400
5600
4500
3600
3900
4500
4000
5100
4500
11200
11800
4700
5000
3800
3000
2800
2800
3900
3900
5700
5100
4000
5400
4400
5600
5400
4100
5000
4000
10700
14500
4300
3800
4000
3000
3200
3000
3700
3400
3900
3400
4200
3700
3900
4000
4600
5200
8900
4100
10700
7600
4400
3500
3100
3300
3100
2800
4000
3200
3900
3300
4100
3600
3900
3800
4700
5000
4100
4100
16500
3700
4800
3800
