57700
8400
4300
5600
5400
16600
24500
1407100
7300
74000
18800
19200
49800
7400
7100
7400
35400
18800
10100
11700
10400
3300
7000
3600
4400
5700
6700
40800
6200
64400
18900
18100
46200
7500
8600
7300
35000
23700
8700
10700
3900
3200
3200
3700
19700
4500
22300
6200
6600
40900
16000
16900
41600
7300
9600
6300
32200
17500
7400
8500
3000
2600
2800
3400
11500
3800
16400
5500
24900
6500
5700
50200
40600
6700
6700
6600
33300
17000
7600
8700
2700
3000
2900
3300
6000
4300
13700
4900
5200
5900
8500
48100
7100
47800
15600
17500
42600
17900
7200
8500
5600
2800
2900
3000
3700
4500
4400
5100
5500
6500
6900
35400
15200
43800
25400
27500
40200
8700
7300
7400
9300
9100
8300
7400
8800
8300
57400
19300
12500
12800
14100
12600
17200
15500
62800
16300
109700
28400
10700
10300
13600
14600
10600
9900
11400
10500
36400
11200
13600
12100
13300
11800
13400
12100
52600
12300
74000
18000
7600
7400
43400
9900
10500
10300
10800
10600
11200
10800
12000
11600
13100
12900
11400
14100
42500
10700
53400
18300
7400
7600
9400
7400
8500
7800
9100
11400
9700
8800
11000
10200
31100
9800
11100
9400
41200
10000
48700
16200
6900
7700
8300
7300
8300
7600
8500
8700
9300
17800
14100
10000
29400
10300
10800
10700
12600
48200
51700
17000
7100
7200
8400
7600
13300
11000
11400
8600
12600
8900
10000
10100
27900
10000
10500
11500
11300
10000
49700
16600
24000
8000
9300
8500
8700
8300
8900
9300
9400
9300
9900
9900
9800
9900
10800
39600
12200
10600
50300
6900
7100
7400
7900
7600
8100
9000
8800
11400
9400
9500
11300
9900
9800
10100
10600
41100
9900
10000
51100
7100
7000
7400
7700
8000
8100
15600
4800
4800
4300
4000
4500
4900
4800
4200
12800
31800
4700
4600
20700
4000
3800
6800
3200
3100
3400
3600
3800
4300
4100
3900
4400
4100
5300
4300
5100
30700
4600
4500
17200
3700
4100
3800
3200
3100
3300
3500
3900
4400
4100
4000
4400
4200
4900
31500
5300
4600
4600
5000
17600
3700
3800
4100
3200
3100
3400
3500
3800
4400
4100
3800
4500
4400
5000
4400
5200
4600
4600
4300
16800
17600
3800
4100
5200
3500
6000
3400
4500
3700
4500
3900
5100
27500
4400
4000
5800
4700
11000
4500
17900
3900
3700
18400
3900
3700
3500
4100
5900
3700
4400
4000
4600
25000
4400
4100
5100
4400
6100
7800
17700
3700
3700
16600
3900
3800
3300
3100
5000
4100
4000
4100
4800
26000
4000
4000
6900
4400
6600
4800
20200
3800
3700
22600
3900
3500
5300
3200
4800
3900
26000
4100
7600
4200
4900
4400
5200
4400
5800
4600
18100
3700
3600
20700
3700
4300
3200
3100
5000
3700
3800
3800
4700
4400
5600
4200
5100
25100
4700
4400
17500
4300
3600
16500
3900
3700
6200
3300
4800
3800
3700
4000
4700
32500
5600
4200
5300
25300
4500
4400
16700
3900
5500
3800
4100
3400
4500
3800
4200
3600
3600
6300
4600
5100
5700
5500
5000
5500
5300
5500
17300
3700
3800
34900
4000
3200
3100
3200
5000
3500
3600
5200
4500
5100
5300
6800
5500
5500
5400
5300
17500
3700
3800
18900
3900
3400
6500
3300
3900
4000
3700
4600
4500
4300
5300
4300
4900
4800
5300
4600
16400
3700
3700
13400
6500
3100
3300
3500
3800
4000
4200
8500
4500
4400
4500
5500
5200
4500
5900
4400
20000
3900
3700
13000
4100
3300
4600
3300
3700
4500
3800
4400
4600
4000
4300
11800
5200
4700
6600
4800
17400
4100
3800
12400
3800
3200
3200
3600
3800
3700
51000
5400
4600
4200
4100
8300
5500
4600
6100
4700
17200
3900
4800
3900
4400
3500
3000
3100
4600
3700
4200
3900
4800
4800
4000
4200
5000
4300
5100
4400
16900
4200
7800
3700
3400
3500
3100
3200
4000
3600
4000
3500
4800
4100
4200
4200
5100
4400
4700
4200
16400
3800
4700
3600
5700
3100
3100
3300
4100
3600
3700
4500
5600
4100
4000
4600
4600
4400
5300
4600
16100
3700
4500
4200
3200
3100
3000
3200
4000
3800
3500
3500
4400
4000
4700
4100
5300
4200
5700
4300
17100
3600
4600
4000
3400
3400
3000
3200
4300
3600
3600
3800
4300
4300
4500
4300
4700
4900
4400
4500
19100
3700
4500
3700
3400
3200
3200
3600
4300
3600
3700
3600
4400
4200
4700
4400
4800
4600
4600
4500
16300
5200
4500
3600
3300
3200
3200
3200
3600
7000
3500
3800
4300
4000
4200
4000
4900
4300
4200
4800
19500
4300
3700
3800
3200
3000
3300
3000
3500
4100
3500
3900
4300
3900
4200
4000
4600
4400
4300
4300
16400
4300
3700
3600
3400
3100
3100
3400
4000
3600
6400
3700
4500
4400
4000
4200
4600
4500
4300
4300
16300
4600
3600
3500
3000
3200
3100
3100
3800
4800
3600
3700
11600
4400
4000
3600
7300
6700
5000
3900
12500
4200
4100
3400
2700
2600
3400
2700
3200
3300
3300
3100
3700
4100
3800
3900
4300
3900
4000
4000
12200
4100
3600
4500
3100
2600
2800
2700
3300
4000
4400
3300
3700
4300
3800
3600
5100
3900
4100
3900
12100
3500
3400
4000
3400
3400
3100
3100
3900
4900
3700
5100
5500
3800
25700
29400
5300
4400
4000
4200
14200
3600
4900
3900
3700
3100
2900
3000
3700
4500
4000
3300
8000
3800
20300
28300
4900
4100
4600
4000
13100
3600
4900
3800
3500
2900
2800
2700
3700
4700
3400
3900
5100
8600
20000
28200
5600
3900
4300
4400
12500
3600
7700
5100
3600
2800
2900
25900
3700
4000
3400
4100
22700
5900
4500
4000
4600
4400
4100
4100
12800
3900
4600
3900
3300
2900
3500
2700
3400
3900
3200
4400
4100
5100
4800
3900
8100
4200
21200
35400
13200
3900
4800
3800
3400
3100
3000
2900
3500
3700
3300
4300
3900
5300
5000
3800
5700
4100
20700
30400
13000
3700
4300
3800
3700
3000
2800
2900
3500
4400
3400
3300
4200
5300
3800
3900
25000
4100
25400
5300
14000
3700
4600
4800
3000
3000
2700
3000
3400
7100
3300
3300
4300
4100
3800
3700
23500
4100
24400
4700
14200
5800
4500
5500
3400
3100
3000
2800
3400
3400
3400
3500
4000
4300
3700
3700
22700
4200
24300
4700
16500
3600
4500
4700
3100
3300
2700
3200
3500
3300
3300
3400
3900
4400
3800
3800
22700
4000
26500
4800
13800
3600
4700
4500
3100
3300
2800
22500
3400
3900
3400
3300
6600
4700
3800
20400
4400
4900
3900
4600
15000
3700
4600
4500
3400
3400
2900
3000
4900
4500
4800
4800
6100
6500
5800
5400
6600
7100
5900
5800
47600
5500
17200
9200
3900
2800
8100
3100
3600
3200
3600
3300
4200
4100
3700
3900
4800
6600
4600
4200
12600
3800
3600
3600
3700
3000
2700
3200
3500
3400
3200
3300
8800
3700
4200
4800
4400
4500
4700
3900
12400
3700
3900
3800
3200
2800
3000
2700
4100
3500
3600
3400
4000
4400
3700
3900
4400
5100
4700
3900
12800
3600
3800
4000
3300
3000
2700
2600
3900
3200
3600
6000
3900
3900
3700
3800
5100
4600
4500
4300
12400
3800
3500
3900
3700
2900
2700
3000
3900
3800
4000
3300
4000
3800
4000
3800
5000
4400
4000
4100
12700
3900
3900
3700
2900
2700
2700
3200
3600
5900
3700
3300
4100
3700
3900
4900
4500
4000
4400
4100
12300
4900
4300
3800
