1279600
70100
34400
4800
57100
50000
35200
11600
40900
16000
18000
939700
31200
42800
49600
9300
33800
13900
10400
10000
13400
37500
4200
4600
23100
26500
28600
14900
46400
12300
10800
118600
27000
43000
43900
10100
34400
12700
10300
15200
7800
15200
4300
45700
23900
19300
18500
7500
35500
12100
10500
103500
29000
45000
40500
8900
27800
10000
10500
10400
8800
21300
4500
40000
30000
31300
39000
6700
20300
45600
25800
14800
24800
36900
44100
9100
32900
14900
10400
10700
5200
32900
4000
4400
29800
15600
17800
6200
35700
26800
32100
11100
34200
11800
16400
103400
26100
9400
9700
9300
4500
11300
3600
4000
14800
13400
24500
5600
20800
24100
30600
10300
30400
11400
11300
102800
24700
35500
36500
9600
13400
9700
11700
8700
12400
11100
11000
14100
17100
15100
12400
12700
26000
87200
34100
15600
103800
37600
14400
44400
17100
12300
12700
13000
15800
13800
13500
13800
17900
21500
15100
15000
20500
49600
15500
15200
83500
30200
14100
42700
14400
10500
10000
10500
11800
11500
14000
12000
15900
14600
13400
13100
17900
48700
15500
13700
83200
28700
14300
48400
14300
10500
10300
10600
13300
11900
14200
12100
16000
13000
13000
13800
17700
53500
13100
13400
78000
28700
15100
39200
12800
10200
10700
13700
12100
12100
14000
25600
19200
15600
14200
14200
22300
18000
49200
14200
83700
33400
16300
43600
16900
51100
48000
15200
13200
12800
15800
12300
16000
19100
15000
14600
19400
17000
14400
13400
75500
27900
10000
28300
13300
10800
13400
11400
12200
11900
12200
12600
13800
14200
13400
13500
22000
13500
18300
51100
83600
12400
9700
25900
8100
5500
5500
5600
6800
6400
6700
6400
7800
7400
7000
6700
11300
8000
9600
40100
53700
10400
177800
70100
12200
6800
5800
5900
8000
8400
9600
18300
9800
7300
14500
7600
12500
8200
9300
51800
84900
56000
10700
37000
20900
5700
5800
5600
18300
6700
7700
6900
7300
7000
6700
6800
15100
7200
8400
45700
93000
16400
19100
42600
9900
54600
6200
6300
7900
7000
9500
8200
8600
7600
8800
10000
8700
7400
7500
7700
57400
8400
8400
29800
8400
6000
5600
5700
6600
6100
8800
7500
7900
7000
6900
7200
9400
7900
30800
46600
36800
6300
9200
50600
8300
5700
12900
5500
32900
6400
6800
6600
10900
7600
6900
7000
8800
9600
37500
68300
32200
12300
6800
21500
7200
5600
6400
8300
33800
6300
6500
6100
9300
6600
7000
7100
8600
9000
32600
64400
47200
9300
5700
18900
5400
5800
5400
6000
7200
6200
7300
33300
9000
6600
6000
6800
8500
9000
33800
67600
34100
10300
7300
18200
7400
5600
7700
7800
6600
6300
9700
6200
32900
8400
7100
7000
9800
11000
33100
65700
33700
9300
5900
18300
6300
5500
6900
6200
6400
7200
7100
44100
55300
32100
6900
7100
10700
7600
7100
8600
32600
8100
5700
17100
6700
5700
4400
4700
7100
3700
4400
3900
21100
4500
4300
4100
6900
23800
4500
8800
17400
6400
9800
17400
6700
4000
3500
3400
5100
3800
3900
3800
5000
4200
4900
4400
5400
63400
4800
4600
22300
13900
4100
3900
4900
4000
3500
4200
5100
3700
3900
4100
5100
4500
4100
4200
5600
18400
4500
4600
18000
10800
4000
4200
4100
3200
3100
3600
4700
4200
4400
3800
4700
4100
4300
6000
8000
11000
5000
4500
18500
8200
3700
4000
3900
3100
3300
3400
4400
4100
4100
3900
5400
4100
4300
4200
5200
11600
5100
4700
18300
9700
3800
4300
3500
8100
5900
3500
4900
4400
4100
4000
5100
4300
4300
4300
5200
4600
4400
5000
17900
7800
3700
4000
3200
3200
3300
3500
4600
4100
4600
3700
5300
4100
4400
11800
5700
4700
4500
4600
21500
6900
3800
3800
3900
3200
3100
3700
4800
4300
3700
3500
5000
4100
4200
4100
12900
4500
4300
6400
16800
3800
7500
3600
3400
3300
3100
5900
4900
5600
3700
3600
5100
4300
4200
4100
11300
4400
4400
5400
19200
4000
6800
3600
3600
3200
3200
3300
3600
4000
3800
4200
4500
4100
4400
5800
12700
12200
4300
5000
16100
8600
7500
3700
3500
3400
2900
3300
3600
3400
3700
4200
5000
4500
5700
4200
11200
4200
4500
5100
15600
3400
7800
3900
3500
3300
3000
9000
3500
3700
3500
4500
4800
4900
4100
4100
4900
4600
8500
4500
14500
3400
7600
3500
3500
3100
4600
3100
3700
3400
3400
4000
4900
4500
4000
4100
10100
4300
4800
4500
26000
4000
3700
4700
4400
3100
3400
3100
4300
3800
3400
4100
4300
10400
4600
4200
4600
4400
5100
5500
15300
3700
3400
4600
3300
3200
3000
3300
3600
3600
3700
4000
4400
9500
3800
4000
4800
4100
5200
4200
19800
3500
3400
4400
3500
3400
3100
3300
3600
3600
3800
3600
4700
11400
5400
4000
4800
5900
5100
4100
15700
3500
3600
5900
3200
3500
3100
3100
3800
3600
3500
3500
9400
4100
4000
4500
8600
4100
4900
4200
15400
3800
3400
4500
3200
5100
4000
3100
3800
3700
3500
3800
4200
4000
4300
4900
4700
9100
4300
4500
15200
3900
3700
4900
3100
3700
3100
3200
5900
3800
8100
3600
4300
4200
4000
4900
5100
9200
4500
4300
14800
3600
4900
4000
3700
3500
3500
3000
3600
4000
3800
3500
4600
3900
4000
4300
4800
4700
14600
4300
14400
3500
4500
3600
4000
3300
3500
3400
3700
4100
3600
3500
4900
3900
3900
4200
4900
4100
12900
4200
14300
3500
4500
3600
3400
3000
4800
8900
3700
3200
4100
3200
9200
3600
3600
3600
7500
6500
19000
5800
10400
3500
5400
5100
2900
2900
3000
2700
3100
3100
4200
3100
4500
4800
3700
3600
4500
3800
10700
3800
10700
3500
4500
3500
3000
2600
3100
5500
3200
3200
3900
3700
4400
4200
10100
3600
4800
4000
4100
3900
10500
3600
4400
5000
3800
2700
3100
3000
3100
3100
3800
3200
4000
4700
4000
3700
4500
3900
3800
4000
11900
3900
11500
3600
3900
3400
2600
3000
3500
4200
5100
3200
4300
4200
4300
3500
4600
4600
25000
4300
10800
3500
3900
3500
3300
2700
2900
2600
3200
8400
3200
3400
3800
4400
3700
3500
4800
4800
13700
3900
17300
3600
3800
3800
3100
2900
2800
2700
3200
3900
3400
4100
4200
5300
4800
4200
4500
5100
12800
4000
10700
8300
3500
3500
3800
2800
2700
2800
3000
3600
3300
3600
3900
4800
3900
3700
4500
4600
14600
4000
11700
3600
3400
3700
2900
2600
2900
2600
3500
3600
3200
5600
3700
4700
3800
17400
8500
5400
4000
4200
10800
3400
3700
3400
2800
2800
3100
3000
4200
4200
3500
5000
4300
4600
3700
3900
4100
4800
4000
4100
10500
5800
9200
3600
4000
3400
2800
3900
4300
4600
5800
3200
5100
3600
3800
3600
5500
3900
4000
3900
12700
3600
3600
3600
2900
3000
3300
2700
3600
3100
3100
3400
4700
4000
3700
3600
5800
4000
3700
3800
14300
4000
3700
3600
2900
3300
2900
2800
3700
3500
4400
3200
4700
3500
4400
3500
5200
3900
4000
3900
10500
3400
3900
3600
2800
3200
3100
2800
4000
3200
3100
3400
4300
4000
4100
4000
5400
7900
3900
4600
10200
3600
3500
3800
3000
3100
3000
2800
3800
3400
3200
3300
4300
3600
4200
3700
6100
4200
4200
5200
10900
3500
3700
3500
2900
3000
4100
3000
3800
3100
3200
3400
3900
3700
3500
3700
8200
4000
4300
4000
11600
3800
3500
3600
