88000
8800
3900
2700
3200
3200
970000
40300
8400
49400
11100
96900
55500
9800
9300
86700
42800
42600
17700
140200
16400
4400
4300
4500
6600
6200
51000
49200
11100
54800
9200
29400
50700
9900
9200
70500
17100
28100
20500
130400
16400
18100
22100
5300
18900
5800
20900
6300
10900
49900
10200
29300
41100
8700
9600
78500
24700
42300
13200
125500
7100
21400
26600
6600
13800
6300
13600
6100
30600
8200
46800
65600
38200
9700
8600
67600
23900
33000
12900
124900
19800
4500
4500
4500
23900
5900
41000
6900
7000
6800
83600
42400
12600
59400
11900
28900
27000
33500
13100
133800
5700
19900
20300
4800
8900
18800
5900
5700
17500
8700
37400
52400
26000
68700
24500
54200
37300
10000
9400
62900
13700
10300
10300
14900
11500
11300
12200
13500
24300
17700
13700
16200
23600
17900
12900
14600
121800
32700
18400
10700
14000
20700
12600
12900
15300
16400
15400
14200
18900
15200
16200
16800
18800
17800
18600
17500
98100
28000
14400
12200
12600
11600
10900
10800
12600
14500
11900
14000
17600
13400
13200
14000
16700
15200
19300
17000
70100
35900
14800
11700
13000
12300
10900
11300
12300
12600
13500
16400
13900
13500
16700
14100
15300
15800
13700
15600
73100
25300
13100
10400
12100
12000
11300
11800
12700
12400
12600
13500
21300
14800
15300
16100
17700
14100
14400
13600
74000
37700
9200
6200
6800
6100
5700
5700
6600
7200
6300
7400
7500
31900
8200
7100
19700
9100
7300
8000
34600
10200
6500
7900
7400
6700
6600
5500
6300
6200
33700
8300
7800
6800
7000
6800
34600
7300
8000
47700
32500
5800
5800
6000
7400
5800
6600
6000
6400
12800
34300
7600
7400
7600
6900
7500
36800
8100
7200
41600
31600
6300
6200
5600
7000
38900
5500
5700
6200
7900
6500
9900
7900
6800
8100
6900
35200
7200
7700
41200
40500
5900
6300
11600
7300
5800
5400
6000
6100
8300
6500
6100
7400
6900
31900
9300
49700
7400
7200
42500
31500
5500
5900
6300
6700
5500
5600
30700
6100
7900
38700
6100
7200
6900
37800
11500
8900
7300
7300
7700
32300
5600
5800
6000
5600
5300
5300
5600
5800
8100
6200
6000
7100
6500
33300
8100
8900
10900
7400
7200
56100
5900
5700
22100
30000
19000
7900
5500
29700
4200
4400
6000
6200
6900
4400
4700
5800
5200
5100
4900
19000
16500
4000
5800
5400
3500
3700
4400
18500
4400
3900
5000
6100
4500
4300
12100
5400
5000
4700
5200
18100
10600
4000
5100
5500
14800
3400
5300
6000
4200
4100
4600
5900
4700
4300
4800
5300
4900
4600
4700
18800
12700
4600
5200
5000
3400
3300
4800
5000
4300
11100
4100
24300
6600
4700
5800
5500
5300
5300
5100
18200
10900
3900
5100
4600
3300
3300
3800
4800
4200
3900
3900
16900
4700
4800
5400
6300
5100
5300
4900
17700
9900
5700
5200
5200
3400
8100
4000
4700
4200
3800
3900
16500
4600
4400
6000
6500
4900
4700
4900
31200
4100
4200
5000
5500
4200
3500
3600
4900
3900
4200
3900
8100
4300
5800
4500
7200
5800
4600
5800
19600
4000
53400
4400
3900
4800
3400
4100
5700
3900
4000
5100
5500
5500
4300
5600
5300
7400
4700
4700
19200
5000
13700
4000
3400
3300
3300
5200
4200
10200
4000
3900
5700
4400
4500
4500
5500
5800
5300
4600
17800
5900
11600
3900
4200
3600
3400
3900
4300
5200
4700
3900
5000
4400
4600
4700
5300
5800
4700
5100
18300
5300
11000
4000
3700
3400
3600
3900
5200
5600
4100
4500
4700
4300
4800
4500
6600
4900
5000
4900
20500
3900
38400
4000
3600
3300
4000
3800
4400
8800
4900
3900
5000
4800
4600
4700
6900
4800
33400
4900
24100
5500
4200
3900
4200
3500
3300
3300
4200
3800
4000
3900
5300
4400
4600
23400
5300
4600
4600
6400
20200
4600
9500
7800
7200
6400
3600
3400
3900
8400
3700
3900
5300
4900
4400
16100
5300
4700
4800
6600
19600
5300
4100
4200
3800
3300
3200
3500
3900
3900
4400
5100
7100
4200
4300
14100
5600
4600
4900
6000
17400
4800
4200
5200
3900
8200
3400
10000
4100
4000
3900
3900
4500
4400
14200
4400
4900
4800
4700
5700
17800
5100
4000
4100
3700
3600
3300
3700
4200
4100
4000
4200
4500
4300
4400
4300
6400
4600
5100
14300
20300
10500
4100
3900
3700
3400
3400
3700
4000
4500
3800
3800
4800
4400
4200
4600
5700
4800
4600
15900
17400
3900
4000
5200
4900
3500
3400
3600
4000
4700
8900
4200
6600
6200
4400
5400
5500
6500
4700
5100
21900
5100
4000
3900
3800
3400
4400
3600
5300
4400
4100
3800
5900
4600
4400
5100
5100
4700
4600
4800
18300
4500
3900
3900
4300
3500
3400
3700
4000
4000
9000
4500
6000
5000
6300
5400
7600
4500
4500
4500
16900
3700
3900
3600
3600
3100
3200
3300
3600
3600
3800
3800
5800
4800
4200
5900
4700
4600
6000
4600
17100
3600
3600
3800
3500
3000
3600
3100
3800
3600
7700
3700
4100
4600
4000
4200
5900
4400
4500
5400
17000
3700
3600
3800
3300
3100
3100
3100
4600
3600
3800
3700
4300
4400
4000
4200
5500
4800
4500
5700
16100
3900
3700
3800
11700
3200
3400
3500
3800
3600
3500
3500
4400
4000
5000
4100
8300
7100
4900
4300
13800
3800
4400
4000
3600
3200
3200
3200
3600
4400
3500
4300
4800
3900
4800
4700
10300
4700
4400
4700
14400
3900
5200
4200
3500
3300
3000
3000
4400
3900
3600
4200
4100
4100
5000
4100
4900
4300
4200
6200
16800
5500
4400
3900
3600
3200
3000
3700
4700
6500
3900
3300
4100
4300
3700
8100
5700
4200
4000
4000
12300
3900
3800
4000
3100
6600
2800
2800
3900
3400
11200
4100
4400
4000
4300
4200
4600
4400
5000
4800
15500
3700
3900
3600
3300
2800
2700
2900
3700
3400
3600
3300
4200
3700
3800
7900
4200
4000
4600
4300
12400
3900
14600
4400
4200
4400
3300
3200
3700
4400
3600
4200
5100
4700
4700
4100
5400
4200
4700
4400
14600
10100
4100
4200
4500
3200
3200
3100
3800
4400
5200
5000
4400
4000
4400
4200
5900
5400
4500
5200
17100
7800
6200
3900
4600
3600
3400
3600
3800
5100
3600
3800
4900
3900
4100
3800
4700
4100
4500
9200
13800
4500
3900
3500
3300
3600
2800
2800
3700
4200
3300
4900
4000
4700
3800
4400
4600
4100
4100
4600
13700
4500
3600
3700
3100
3000
3200
4100
3500
3900
3300
3800
3900
4700
10500
8800
4600
6100
4500
4400
16300
5100
4000
4000
3500
3500
3400
3000
3700
4300
3500
3800
4200
5500
4000
4900
6500
4300
4200
4200
12300
4200
3900
3900
3600
2800
2800
3100
3900
3400
3200
4300
4200
3700
3900
5500
4300
5400
4000
5000
13900
4500
14600
3700
3300
2800
3300
2700
3400
3300
3200
3300
3900
3700
3700
4100
4200
3800
4100
5000
16500
4300
9200
4000
3300
3400
3100
2700
3300
3300
3200
3400
3700
3900
3700
3600
4600
3900
4100
4600
13200
4300
9900
4000
3300
2800
3000
2900
3300
3300
3400
3300
3900
3600
4100
3800
4300
4300
3900
9500
12800
4600
8200
3700
3200
2800
3300
3100
3400
3400
3300
3300
5300
3700
3800
3700
4400
4100
4400
4200
12200
4200
7800
3600
3000
3100
3300
2800
3500
3600
3300
3600
3800
3800
3700
3700
5000
4000
8300
4300
14600
3700
10800
4500
