97300
1202200
46300
10700
5600
4800
10100
7600
8600
72800
95600
12100
28200
48600
14100
8700
50100
10400
16300
10500
16500
30700
18100
4800
5900
6300
7300
8100
9500
23400
67400
10700
33000
39200
8900
12600
46300
12500
14900
9700
8300
4000
4200
4300
9500
17300
21000
9300
11100
326200
84800
12300
37600
36100
8500
8400
41500
9800
15400
14600
32100
21400
21700
4700
23500
17600
18800
10000
20900
70500
12300
14600
28700
43400
9300
9100
52600
11100
16300
10000
4200
3900
4300
4600
8900
17700
34400
7500
21300
7300
9800
10500
12300
51300
67800
12100
49100
9700
16000
10400
4700
3900
4300
4100
8300
16500
21500
7500
9400
7700
8700
10700
11500
36500
56100
21700
41300
145800
25900
7500
8400
7000
7000
8600
11700
8400
8000
70600
17800
15000
11200
14500
14400
11600
92000
55200
85600
7700
7500
50200
11900
10200
10100
10300
10900
10900
10900
37900
12500
13400
12400
12400
13700
12500
54800
38000
63300
11700
9700
29700
31100
9300
9800
9900
10600
10900
10900
18800
12100
12900
11900
12100
13900
12400
56700
36900
61100
9700
8700
24200
10500
9700
9600
9600
10300
11100
10700
12600
13600
12300
12200
52000
12700
12100
60200
36300
66200
8700
8400
25000
10500
9400
10600
11200
29700
43900
5700
6900
29700
4900
5100
25100
14000
8700
5100
5000
21800
4000
4200
18400
4400
3400
3500
4000
4100
4000
4300
4900
5300
4600
4500
30400
5500
6200
35300
5000
19200
4600
21000
13300
5800
22900
4100
3700
4700
41500
4000
4100
4600
5100
4800
4800
9900
5800
5100
5200
18400
4200
8700
7500
16800
3400
3600
3600
4300
32900
4000
4600
4700
4600
4400
4800
5300
6300
5100
4700
18300
4100
4200
4100
15400
3600
4400
4200
5100
44100
3900
8900
4300
4400
6800
4300
7200
5400
4800
4500
17200
3900
3800
4400
3500
3300
3600
3500
3900
18800
4100
4000
4300
30500
4300
4400
5000
6000
4800
4500
17500
3900
4100
3900
4200
3400
4000
3600
8900
19800
4200
4100
4800
31300
4400
6100
5000
4500
5100
4900
18300
3900
3700
4000
3400
3400
3600
3400
3800
21800
4100
3900
4200
36200
4400
5700
5000
4600
6400
5000
17500
4800
8400
3800
4500
22100
3500
3600
5600
4200
4500
4400
4800
5200
4300
4700
6300
5900
5500
4900
18200
9100
5700
9500
3800
19700
3500
4400
10700
4000
4700
4000
5700
4500
4600
4800
6400
5600
6200
4600
17900
4400
4200
4200
4000
3600
3500
3300
5700
22500
3900
3900
4900
4500
4800
4500
6200
5700
5700
4700
18100
4100
9200
4300
3600
3500
3700
3300
4500
21900
4000
4000
5600
4400
5200
4900
6300
5900
11000
5600
17900
4200
4600
4100
4400
3400
3500
3500
4800
22700
3900
4200
7700
4700
11200
5500
5700
9500
5300
5100
16400
4200
4000
4300
3400
3200
3200
3600
4200
24800
3800
3900
6000
4300
4900
4500
5100
5000
4500
4600
16800
5200
4900
4100
4600
4600
3700
3200
5000
22500
5300
4000
6000
4300
4200
35200
8300
4600
5800
32500
18400
4100
3900
4900
3400
3600
4700
3400
4000
20100
3800
4800
4600
5200
6400
28400
11700
4400
4300
32900
17200
3900
3900
3700
3700
17700
3900
3400
4000
4300
3800
4800
4500
4600
4500
28700
5900
4600
4400
31100
17400
3600
4100
3700
3400
3600
3700
3400
4300
4000
31000
3900
5100
18600
4500
4400
6800
4500
4600
32200
18900
4000
3800
3700
3600
3400
4200
3400
4500
4000
3800
30400
4600
19100
4900
4400
5300
4600
4600
26800
22000
3900
4100
3700
3800
3400
4100
3600
4000
3800
4000
3900
4800
19900
4500
4800
5300
4600
4700
27400
17700
4500
4000
12900
5000
8900
3500
3900
6200
3900
29600
3900
5100
4300
4500
4300
7000
4500
5100
4700
15500
3800
3800
5700
10700
3100
3000
2900
3900
3500
34000
3700
4300
4500
3800
3800
8700
9600
5200
4300
16200
3700
4000
4700
3600
3100
12800
63200
4700
3400
3500
4300
6300
3900
3900
4200
5500
4300
4500
4300
11100
3800
3700
5500
3600
3000
3000
2700
4300
4000
3400
4200
4300
4200
15600
4100
5800
4100
4100
4700
11900
3700
3700
5200
3700
3200
3000
2800
4600
4000
3600
4500
4500
4000
15600
4000
5000
4300
4600
4300
11700
3900
4300
5000
4000
3000
2900
2800
4100
3500
8600
4700
4700
4000
19300
4100
4700
4300
4200
4300
13300
9400
6800
3800
3300
3200
7000
6700
4700
3600
3400
3600
4100
4100
4300
9700
5000
4400
4100
4600
11400
3900
4100
11300
4000
2900
2900
2900
4200
3600
3300
3400
4400
4100
6100
7200
5100
4700
4300
4100
13400
3700
4300
9800
3200
3000
2800
3000
3500
3400
4300
3900
9300
3900
3800
5300
5200
4200
4100
4800
11800
3700
3700
24600
3700
2800
2900
2800
3300
3800
6500
4100
4900
4200
3900
4200
4600
4800
4200
4100
11500
3900
3700
8300
3200
2900
3600
3000
3300
3400
8600
3800
5100
4000
4200
3800
4700
4100
4500
6100
11300
3700
3900
8100
9400
2700
2800
2900
3400
3900
4400
3900
4800
4100
3900
3900
34000
9500
7300
16100
21200
14100
5900
5600
9000
5200
4300
4700
5600
5200
7300
5900
6500
5800
5900
6800
7100
5900
5800
8000
20600
16800
6400
5900
5300
4600
4500
4700
5600
5000
14000
5400
7200
7100
6300
7800
7000
6600
6400
7500
21600
8300
6300
5400
7900
4700
4600
4900
5400
6400
5300
5900
6500
7000
10000
7400
7700
6500
6200
8000
21000
7500
6500
6000
5500
4900
12300
5000
5500
6500
5400
5500
6700
6000
8000
6800
7400
6600
6400
8000
20600
7600
6300
5500
5000
4700
4900
5100
5200
6200
5400
6300
7000
6100
7300
6100
8600
6400
6500
8100
24700
7600
13400
6500
5500
5300
5100
5300
5800
6700
5700
5900
8300
6100
7600
6200
7100
7100
6200
8700
19900
5700
5700
7700
6900
5100
5100
5800
6200
6300
13600
5300
7100
6100
9100
6500
7600
6400
8400
6300
20400
5700
10200
5700
5300
4900
4500
5300
5800
6500
6100
5200
7600
5900
6000
6000
7100
6300
7800
7300
26400
5600
7200
5800
6000
5000
11300
5400
5800
5400
5300
7200
7300
6000
5800
6200
7100
6300
7700
6600
22100
5500
7300
5900
5400
4500
4900
5000
5500
5500
5500
6700
6900
7400
8000
5600
8200
6600
7800
6600
20800
12200
7300
5900
5100
4300
4700
5100
6100
5600
5400
6200
6500
7200
7600
6300
7500
6600
6400
6500
19100
5800
7800
5500
5300
4600
4500
5300
6000
5500
5000
14100
6700
7500
7100
6800
7400
6500
12900
7100
19200
5400
8400
5900
8100
5600
4900
6900
6800
5500
4900
5200
8400
5800
48500
6200
8200
6600
19300
6400
19900
5500
15400
8900
6400
4900
4600
4400
6700
5200
5500
5200
7800
5800
22500
5900
7500
7000
17700
6400
19400
5400
7500
5900
6000
6000
5500
4600
5500
6400
5400
5500
7500
6100
21600
6000
13200
6600
17800
6300
18400
5300
7800
5700
6200
4600
4400
23300
6000
7300
5600
5300
8100
7100
6100
6300
7600
6800
19800
7100
19600
5800
8100
5700
5500
16300
4700
4600
5100
11900
5400
5700
7900
5900
6000
5700
8900
6100
23600
6800
19700
5600
7800
5900
6200
4700
5000
6900
5800
7200
5500
8200
8500
6200
6100
6200
8700
6500
22600
6600
19100
6100
25000
5800
