1072400
20900
34100
165500
13700
235200
38500
15400
86700
8900
46900
40000
50300
8000
1669100
10700
71700
14700
622200
15300
14500
37400
15900
6900
8400
32500
553900
16000
148200
11900
403900
366100
50800
7800
70700
14200
36900
15300
611700
11100
5300
16900
3400
3600
11000
6300
26100
12300
23300
6100
27300
30000
25700
5900
35900
7200
31500
9500
64000
9200
3800
7400
23600
4000
25200
5700
17200
11700
6900
21200
16500
6900
24100
6700
31000
6300
28200
8300
347800
9800
3200
22000
3900
3400
9400
5400
20500
10000
6900
29300
15800
6200
27200
7100
22900
23600
23400
8900
65500
8500
4300
12100
8000
3700
18300
5400
18600
14300
7000
24000
17900
6600
28900
7200
29600
24500
32700
14400
33700
17100
8300
648400
20600
12400
14500
12900
44100
15700
15100
15400
14600
18400
67800
14800
22900
14900
96600
9700
9200
43200
13000
12300
12100
42100
12900
14100
32700
11600
12700
12600
12500
12900
66700
12900
14200
13100
73100
9900
9300
25800
29100
10500
10200
12700
12900
37700
11300
11900
13200
12700
17700
12900
56800
13800
15000
12700
69800
9500
8900
24700
10800
10600
19800
11300
12100
35700
11700
12800
13400
12800
31800
13400
52400
13000
14800
12800
69900
9700
9200
24300
24900
5500
5000
29700
6700
48400
6100
6100
7500
7000
26700
6500
16500
7500
7000
7700
35600
5600
5200
19300
6100
5200
5200
5200
6000
30700
6000
6200
6700
36800
30300
6900
7200
7600
6800
6900
72300
5500
8400
5400
9400
5700
6100
5800
6900
9100
6100
6100
8400
8100
6500
7700
12200
8800
11400
8000
57500
18900
5900
6400
7000
5500
5700
5600
6600
9100
6200
6300
9000
8100
7300
8000
9700
10000
7200
7200
57800
18200
6500
6200
6300
5400
5300
5600
7200
8300
6000
7100
13000
8200
7400
8400
10200
8600
7000
7700
57500
17500
5800
6400
7100
5100
5000
5700
7300
6200
5800
9100
6900
6600
6800
6500
10300
8600
6900
6800
56300
19000
10200
8100
7100
5100
5300
5300
7100
6800
6100
7200
7300
7100
7700
7000
9600
9400
7500
9000
56800
16100
5200
11300
6400
5600
5400
17900
7600
28900
6100
7000
7700
7200
7300
7300
14200
8700
35500
9000
35900
8500
6400
6000
8100
5700
5300
5700
7100
7400
6200
6500
10300
6900
7300
8600
8500
9300
92700
12900
35300
6400
27500
7100
7900
5700
5900
6400
8800
7300
6500
7200
9500
7400
7000
9800
8500
9300
25100
9200
37500
6200
26800
6300
8000
5600
5400
7500
7600
7400
6100
6200
9900
7200
9700
7600
9500
9700
25900
13400
35400
7600
32100
6000
9300
5500
5400
6600
7600
6300
7400
6300
8500
8500
8600
7000
9400
8400
29300
9300
34300
7000
24200
6100
7100
5800
8400
5500
7900
6500
6500
6300
7800
8400
7300
7500
11200
7300
24100
9500
33500
6000
24100
6800
7300
5400
9700
5500
7600
6200
6800
6600
7500
8400
7000
7000
9900
7600
24400
9200
32200
8400
25800
8800
13800
4900
4100
4500
9800
5500
5200
5700
7700
6200
5900
6000
11500
9600
7700
6300
23300
5700
6000
5800
5800
4700
4500
5900
5400
5300
5200
5500
7000
6200
6000
14600
7700
6600
11400
7000
28500
5900
5600
5900
11700
4700
4900
4800
5500
10500
5400
5600
7300
6000
6000
6000
7400
6500
7600
6800
23500
5600
5600
5900
6100
4700
4800
4700
5300
5500
6200
6100
6400
5900
6100
6300
6900
6600
8100
6300
23300
5600
6200
5400
5400
4300
4300
10800
5300
5100
5200
5400
6100
6200
5800
6200
8500
6300
6000
5900
22000
5600
5100
5000
5000
4400
4500
4600
5300
5200
5400
5500
6800
8200
5900
4900
8700
7400
6300
6100
23000
5500
7600
5400
6800
4800
8200
4700
6100
5400
31700
6600
6700
6100
6500
7900
7400
7900
6500
7800
24300
7500
5800
6400
5900
4800
4900
5200
6300
5600
19800
7100
6600
10900
6100
7300
7900
8000
6500
8000
24000
7300
5800
6400
6200
4800
5100
18600
5600
5600
6500
5600
6700
6000
6100
7300
7100
6900
5200
7400
23700
7200
6000
6100
5800
5200
5100
5700
10200
5800
7200
6000
7100
6700
31600
7400
7600
7500
7000
7700
25300
7800
5900
5800
6000
4700
5100
5300
5600
5900
6700
5600
6800
7100
23400
6900
7200
6900
92000
14600
49400
12600
4900
4300
4800
3000
3400
3100
3900
3900
4500
4500
4400
6500
18300
5300
5300
4600
4500
5700
15200
5100
3900
5200
4900
3100
3100
7200
3700
8200
7700
3400
5200
4300
4100
4400
5600
5100
4300
4100
13600
4100
5000
3800
3900
3100
2900
3000
3700
3500
3700
3600
4800
3700
4100
4400
4500
4200
4000
4000
12900
3800
5100
3800
3900
2900
2800
3400
3400
3500
4000
3500
5000
4400
3900
4600
4800
4100
4200
3900
12500
3600
4700
4100
3800
3100
2900
3400
3600
3400
3500
3300
4100
4000
4500
4000
4900
4300
4100
4100
12300
6400
4600
4200
3100
4500
3300
3100
3400
3500
3200
3200
4000
3700
4500
3800
5300
4400
4200
5400
13100
3700
5600
3800
3100
3100
2800
3500
3500
3300
4300
3300
4100
3700
4400
3800
8000
4200
4400
5000
12700
3700
3700
3900
3300
3000
2800
2800
4700
3400
3400
3300
4700
3600
4500
3900
4700
4200
4000
17200
13200
3800
6600
3700
2700
2900
3000
2800
4400
3100
5000
3600
5100
3700
4300
3900
4600
4200
3900
12800
14600
4300
3800
3700
2900
2900
3200
2900
3600
3300
3400
4000
4700
4600
4300
3900
4500
4200
4000
14700
12600
4100
3700
3700
3000
2900
3500
2900
3600
3300
3500
3500
4900
3700
4100
3900
4500
4700
4000
11500
12600
3500
4000
3600
2800
2800
3000
2800
3600
3300
3500
3900
4500
3800
3700
4000
8000
11600
5000
4100
12700
3700
14200
4500
3100
2900
3000
2900
3600
3300
4900
3400
4400
3700
3900
6200
5700
4200
4800
4300
13500
4100
3700
9700
21900
7100
5000
4600
5900
6500
5400
5400
7900
6200
6200
6000
7800
10100
6500
6400
20000
5400
7500
5600
5700
6700
5300
5200
6000
6000
6500
5400
8000
5600
5900
5900
7500
6900
6800
11200
20000
5500
7300
6100
5600
4500
5700
4700
5700
7300
5300
5400
7700
6100
6000
6000
7600
6600
6600
6900
20200
5500
7500
8700
5100
4600
5200
4700
5700
6300
5400
5700
6500
8600
6100
6300
12400
6300
6300
6700
19800
5500
7400
5800
4800
4500
5200
4700
5500
6200
5400
5300
6600
7900
6000
6200
9600
6500
6600
7000
19000
6100
7400
5800
4900
5300
5700
4600
44700
6400
5400
21700
9600
17500
8400
12300
9700
6300
6800
7100
20900
5800
6400
6000
55500
7600
4700
4600
6200
5400
5200
5400
6500
6000
5800
17000
7400
5900
7800
6500
22100
10900
19100
6300
5700
4900
4900
5000
5700
5500
5200
5300
9000
5800
5900
7200
8800
6200
7600
6100
23000
7800
14100
6000
5700
4900
4500
5000
5600
5200
5400
5200
6500
5800
5800
6900
7200
6600
12000
6400
22100
5600
12400
5400
5800
5700
4700
5600
5600
5100
5400
5300
6400
6700
5900
6000
7100
6300
7900
6700
21300
5400
20700
5900
5700
5500
4600
4500
5700
8700
5600
5200
5700
5800
6000
6000
11200
6400
6600
8700
20900
5500
14900
6200
5400
5200
4900
4900
5600
5400
5300
6100
6400
5900
6200
6200
19500
6800
6200
8100
19100
5200
7200
5900
