45700
7700
946300
4400
24100
18200
196900
4800
29100
6500
10900
55200
36300
9000
7600
7000
62100
8600
9000
13000
19100
3100
3100
3400
10600
5100
29300
5200
14700
5400
7500
51500
35700
8300
6400
7000
49500
9900
7300
8200
3500
13200
14800
3200
6900
3900
13500
5000
15200
5100
8700
45500
33800
6900
6300
6600
49600
7400
8200
8000
4400
12100
4900
4100
17000
21100
17700
5500
24400
9500
56700
21500
48500
7500
6900
6800
49300
7500
9000
7700
2800
2800
3200
3000
6100
3900
14300
4300
9000
6100
40900
5700
15500
6200
12200
62900
49600
7700
7300
7800
2600
3000
2900
2800
7800
4600
14900
4200
8900
6700
34100
5600
14100
5900
8400
52500
32700
15200
7600
8500
9500
9100
9100
7700
8900
8400
8500
10100
10400
11900
9600
13700
16400
11600
58500
19700
73400
7800
10500
14800
11600
10700
9700
9600
11000
11400
10700
10500
12000
12000
16000
12300
13700
14400
37400
12100
71500
7300
7000
7500
10300
9700
9200
9900
10500
11500
11400
10800
11600
13000
10100
10500
11000
12400
32100
10400
54200
8700
7500
7200
7400
11100
7500
7800
12200
9500
9700
8900
10200
9500
9700
10100
10900
11400
36400
9800
52400
13200
7000
7600
27400
9100
14200
8600
9100
9900
10200
17900
11800
11600
10000
10500
11200
12100
9900
10100
56500
8200
7300
7100
7900
9200
7800
8000
9200
9700
10300
9000
18600
10000
10600
10300
10400
10200
9800
10000
50700
9500
25000
9900
12300
8100
8400
9400
32400
8900
10700
9000
10100
11200
10000
10300
10800
11500
12600
10900
51100
18400
10800
11100
8100
7600
7800
10900
27700
9500
11000
9200
10200
11300
9900
10300
10400
12000
11300
12900
54000
16900
11300
10200
8200
7500
24900
9100
8900
9000
9400
10600
10500
11000
10600
10300
10400
11400
12800
10000
51300
17200
10300
9600
8000
7600
7700
8800
8700
8500
9100
10100
35500
11100
11900
10200
10800
12000
12100
10300
48200
18600
10200
10100
8400
7600
9200
10400
8800
8700
9100
10600
28500
10600
11800
10800
11000
12200
9900
77600
23500
14800
11000
7500
4500
3600
3500
5500
4300
4200
4500
5600
24300
4900
6600
4900
5800
7600
5200
5200
33600
8900
7300
4700
5000
3600
6400
3600
5700
4300
4100
5200
5400
4600
6200
5900
6600
8100
5100
7500
17200
4100
4100
4900
4300
3800
3800
3800
5900
4200
4800
4700
5200
4500
6000
5700
5500
7600
5200
9600
17600
3900
5400
4300
5000
3800
3500
3500
4600
4100
4100
4300
5000
4900
7500
6100
5500
7500
5100
7100
17000
4100
4300
4200
21900
3700
3500
3500
4300
4000
4900
4100
6500
4800
4700
8600
5800
6300
5200
5700
17800
4100
4100
4100
5000
3700
3600
3700
4200
4300
4000
5200
6300
4500
4800
5700
5600
5300
6600
6200
17900
4400
4000
4400
3800
3500
3600
3400
4100
6700
4000
4000
5500
4800
5000
5100
5600
4900
6000
7600
17400
6100
4200
5600
10800
3800
3200
3200
5100
3800
3900
3600
5500
4100
4100
6600
9000
7100
5200
5500
37500
4000
5200
4000
3700
4000
3200
3100
5500
3800
4800
5000
8600
4500
4100
7800
6400
4700
5100
5500
43900
4300
6900
4500
4100
4500
3300
3200
4900
3600
6500
3800
5500
4100
4000
5100
5300
5300
4600
4700
42400
4000
4300
4000
4400
3700
3200
3200
4100
3700
4200
3800
5600
4500
4300
4300
5000
4800
4900
4700
37600
3800
7200
4400
3500
3000
3400
3100
4100
3500
3500
3700
4900
4300
3800
3900
5600
4400
4200
5400
33100
3800
3900
3900
3400
3000
3200
4700
3800
3500
7000
4000
4700
4100
25400
3800
6000
3900
4400
7700
16400
4300
3700
4000
3500
3100
2900
2800
3400
3100
3200
3700
4700
4200
47100
4600
5400
4400
4200
4200
29000
4000
3600
3700
2900
2700
2700
2900
3700
3000
3300
3300
4600
4300
43700
4300
5300
4100
4300
4100
27700
3900
3700
4500
2800
2900
2700
2700
3500
3200
3300
3400
4700
4200
42700
5000
4800
6900
4100
4200
28000
3500
4000
4000
3300
2900
3600
2900
3400
3600
3400
3400
22100
32000
3900
4000
5200
4000
4300
4000
27700
3800
5100
4300
3300
2800
2800
2800
3600
3300
3600
3300
3700
6400
3800
3800
5300
5000
44300
5000
28700
4800
4600
5300
2900
4400
4200
4000
3700
3400
3300
3200
3700
3600
3800
3700
5100
4500
42500
4900
13000
12600
3700
3700
3800
3400
4900
2900
4700
4000
3400
3600
4000
3800
4500
3700
4800
4000
4400
39800
14300
3800
3600
4800
3400
3100
2900
2900
4000
3900
6700
3300
4100
3900
4300
3900
4500
4200
4300
39700
14200
3800
3800
4600
4000
2900
3000
3200
3400
4200
3500
5000
4700
4000
4500
3800
4700
4100
4400
34300
14200
4000
3600
7400
3300
2800
4500
3000
3300
4000
3400
3600
4500
5000
3900
3900
4400
4200
4200
33700
14300
4100
3900
5100
2900
2900
3300
2900
3500
3600
3600
3300
4600
4300
3800
4200
4500
4200
4800
35700
14300
4000
4100
4800
3300
3400
3200
3000
3500
5400
4000
3600
5300
4700
3900
3900
4800
4400
5500
9900
13100
3700
3800
26200
3700
3200
3900
2900
4300
3400
4000
3300
4900
30100
4700
4000
4800
4500
4200
4300
14000
3700
4600
4000
3400
3100
3100
2900
4400
3400
3900
3300
4900
24300
4600
4100
5000
4100
4500
4100
14000
3700
3700
3900
3500
2900
3400
2900
3800
3300
4900
3500
4100
20100
4600
3900
5300
4000
4200
5800
13500
3900
3700
3700
3500
2900
3100
5600
3500
3500
4200
3800
6400
19800
4600
4400
4900
4000
4200
4200
13900
3700
3800
3700
3000
3000
2900
2900
3600
3300
4000
3800
5400
10100
4600
3600
4800
20700
5000
7000
12800
4100
3500
3600
3300
3000
3400
2800
3600
3300
4000
3300
5000
4100
4700
3900
4800
20500
4900
4300
11200
4000
3700
4300
3400
3000
2900
2600
3300
3400
3200
3200
3900
4300
4300
4700
5000
4000
4100
26300
10800
3600
4000
4600
3100
2700
2800
2600
3500
3100
3100
3400
3700
4200
4300
4300
4800
4200
3900
34200
15900
3700
3500
5300
2900
2800
2600
2400
3800
5100
3300
3100
3800
4300
4300
4500
4600
4300
3900
27000
17100
3600
4900
6200
5200
4600
2900
3100
3900
4100
3200
3300
4200
4000
6600
3800
4700
3900
4500
25100
10900
3800
3500
4500
3600
20400
3200
2600
4100
3600
3200
3300
3800
4000
3600
5000
4400
5000
4700
5300
10500
3400
3500
5000
3500
3000
2900
2700
3700
6600
3500
3400
3900
3800
3700
3700
4400
4700
4900
5000
11100
3800
3600
13600
3900
2900
3000
2700
3800
3300
3200
26500
4400
3500
3500
6200
4200
3700
4900
3800
20300
4300
3400
3500
3300
3200
2700
2500
3500
3300
3200
29300
4000
3700
3700
3500
6800
3900
4500
4000
11100
3800
3400
3600
3000
3400
3300
2500
3200
3400
26300
3200
6800
3600
3500
4100
4200
3700
4600
3900
11200
3600
3800
3400
4700
3100
2800
2500
3500
3200
3300
3000
3800
3700
3700
25400
5200
4100
4500
3900
11000
3400
3400
3900
3300
3400
3300
3100
3300
3500
3200
6200
3900
3700
3800
26100
4300
4700
4400
3900
11700
3500
3500
3500
3200
3600
2900
2900
3300
3300
3500
3200
4100
3600
3600
25900
4400
3900
4400
3900
10200
3400
4400
3700
