67000
1384200
7200
78400
45600
8500
29500
35600
10000
39400
50400
10900
52900
10200
12000
51100
27200
118700
52200
14900
40600
33700
6700
10100
35500
8800
26100
25100
6900
29200
34400
10100
41600
10300
12700
58500
23300
109200
44800
15000
19800
5400
5700
42300
15100
32100
8600
48100
9300
36200
35800
9100
37100
10100
14100
46400
18300
87200
85500
14100
25600
3600
4000
3600
5900
22600
5800
23100
17200
6900
34500
20000
23700
8000
9300
37300
11800
72400
26700
9900
3400
3000
3900
3400
6100
43700
5800
42400
15200
7100
13700
20100
8200
32200
22700
7600
11200
57100
26600
9800
15400
16000
4100
3500
6400
23400
6500
32800
15300
7700
13900
23300
7200
21300
22800
7500
29300
16600
9600
29200
30800
13400
108900
29400
16500
18800
16000
17600
19000
20600
19000
25100
25700
18500
19300
17800
101100
11400
49100
12200
46500
16100
14800
13200
13800
15800
14000
14300
15500
17100
16600
16900
21100
17100
18000
20400
95200
10600
34500
9500
16800
11700
10100
10400
13400
11600
39000
12100
13100
15600
14300
14900
17600
13800
17000
15300
74900
9700
30200
9700
12100
10300
18900
11200
14600
12300
35500
17000
12900
15200
13200
13700
20300
13600
13400
16200
74400
9900
36700
10700
15300
10400
9600
10700
13400
12000
46100
27900
15200
17100
12900
13400
14900
17500
16200
17900
80200
10600
35800
10900
12100
11400
10900
11600
13100
12000
37800
54000
16700
14900
15400
14200
14600
17500
18300
16200
75500
10400
10000
11700
12800
16400
11700
10800
12900
12100
12500
13500
14300
39500
21800
14500
15900
86300
13800
64400
36600
18500
6100
5600
6200
6300
5400
5200
6600
6000
6600
7800
7300
30200
6800
7400
9000
85100
7600
41500
30900
16700
5600
5400
6900
6200
5300
6000
11200
6700
6700
6500
8800
34100
7500
6800
8400
94700
7500
45300
33200
17600
5900
5400
5300
12100
5300
5100
6400
6400
6700
5900
7200
29500
6000
9100
8400
78400
6500
36700
31000
19700
6000
4700
5300
5000
4700
15000
5900
5600
5700
5800
6100
28400
5500
8900
7800
56600
43700
38200
28700
18200
7000
6000
6700
6400
5700
6100
6600
6600
7000
54000
8100
7100
7200
9500
9400
31900
7700
7700
28300
37100
5600
18400
7900
6400
5300
5900
6800
6000
7200
6300
7000
36400
6700
9700
34100
7500
8700
34900
26700
7300
4900
23300
6700
5900
6300
6100
8100
6200
12400
5900
7400
34600
7100
6400
33300
7100
9600
34700
28000
7700
5600
24000
6100
5300
5300
5200
8400
6600
5900
6900
7400
34500
6500
6600
31300
6900
8700
34300
29800
7200
5500
20100
15200
5700
4500
34600
6800
6600
6000
6000
7500
6000
8800
6200
38500
10600
7900
33800
20700
13300
5400
23900
29900
5000
4800
4700
8100
5700
32400
7500
7200
6600
7600
6100
7400
34100
6500
6700
18900
10000
10000
23100
4400
3900
3400
3200
5100
4000
10000
5800
6200
5800
7100
78800
8900
19400
6900
6900
38000
7000
8400
17100
6500
4800
4600
4800
5800
5200
5500
5500
6400
6000
8800
6600
9700
6100
6300
6100
18700
5200
5900
7300
4700
4900
9400
4400
5700
10200
5200
5300
6100
5800
5900
10700
9900
6200
6000
6400
18100
5500
5200
7200
5100
5100
4500
4900
5700
6300
5700
5400
6500
5300
7200
5400
7100
6400
6800
5900
17000
5300
5100
7100
5800
6100
4700
4600
5700
8500
10600
5800
6500
6200
5900
5800
9300
6000
7000
6300
19400
5200
5200
7300
5100
5100
4500
4500
8400
5200
5300
6600
6200
6400
5900
6100
6900
6500
5400
6300
17000
5200
6000
6900
5100
5900
4700
4400
10700
5100
5900
5800
6300
6000
6000
5800
7500
6400
6200
6400
21300
5700
5900
6000
6200
4800
4800
4600
8400
5400
5400
5500
7300
5700
5900
6000
7200
7000
6200
10900
17500
5500
4200
5400
4800
4100
4200
4400
6800
5000
5100
5200
6400
6200
5500
5600
7600
6400
6100
6100
17800
5900
5100
13900
8300
4700
4100
4500
5400
6400
5600
5700
6700
6200
6200
6700
7500
6600
6500
6100
22400
6100
6100
5900
4900
4400
4700
4400
5100
5200
5200
5600
7400
5700
5900
6000
7800
6200
5800
6200
18700
5400
5500
6100
5100
4800
4500
4600
5400
4100
4300
5300
7000
5500
5600
5900
6900
6600
6300
6500
18200
5500
13800
5400
5200
5400
4600
4700
5500
5400
5700
5500
7100
6300
5900
6200
7200
5200
12400
6500
18000
5400
5300
5600
6700
4700
4400
4400
6300
5100
6100
5200
6300
38400
5900
6400
12100
6500
7700
8600
18800
5700
7100
5800
6900
4300
4000
3400
4300
5400
10600
5700
6000
16800
5600
6300
8300
6200
7500
6300
20000
5700
7500
6000
5800
5100
4900
4700
5600
5200
5700
11200
7400
17600
6400
6400
9100
6500
12100
6400
20400
6200
7000
6500
17100
4900
4300
4500
5800
5400
5300
4800
6100
6500
7200
5700
8500
6700
7100
6200
17800
5900
6700
5500
5700
4400
5800
9300
5500
5300
5500
5300
6400
5900
7300
6600
7000
16800
5300
6200
78300
54900
18400
7300
7800
5300
5200
5000
6500
7100
8300
5500
6200
12400
8700
7000
9100
23400
6800
7200
28400
5900
7500
6700
7100
4900
8200
4500
6000
5600
5500
7600
7000
6300
6400
6300
8000
7400
6600
6200
19100
5700
5700
7800
6000
5500
4500
4600
6200
5200
5200
11700
15000
6100
6000
6000
7400
6200
6700
6200
21500
5300
5800
7600
5700
5400
4800
4800
7100
5600
6600
5400
6600
6000
6100
6300
7200
7500
6500
9800
19300
5900
5600
7400
5600
4700
4500
4800
6300
5400
11200
5300
7500
5800
5900
6900
7100
6100
6000
6600
18300
5500
5500
7100
4800
4600
4400
4700
6100
5300
5700
5500
7200
5900
6100
7000
7800
6400
7200
6400
17700
5700
5600
7600
5500
4500
4600
4600
6000
9600
6000
5500
6700
9900
6000
7200
7200
6200
6600
6400
19000
6100
5800
5600
5700
5400
4900
4900
5800
5300
5600
5300
6900
7600
6300
7200
12200
6600
6500
6500
19300
7300
6500
5900
5700
5000
4500
4800
5900
6400
5600
5200
9000
7400
6200
6100
10100
6400
6200
6500
20100
7200
5600
6200
5100
4400
4500
4200
5200
6100
6200
6000
6600
11200
6000
5900
7300
6800
6100
6300
20200
7100
5400
5900
5500
5000
4700
4700
5400
6200
6400
6200
6800
6200
6300
6200
7400
6200
7000
6400
18800
7400
6700
5600
5100
4600
4500
4500
8600
6200
10200
5900
6700
6500
6200
6400
7000
8100
6200
7200
18800
7000
5600
5800
5300
4500
4800
4500
5200
6300
6600
6100
6200
6300
6000
6300
7000
8100
6400
6500
19100
5600
5800
5500
3600
4100
3100
2600
3200
4000
3200
3100
4400
3600
3800
6000
5200
4000
4700
4000
11000
3900
3700
3600
3500
2800
3100
2800
3300
3600
3200
3300
3800
4000
3900
3700
8300
3800
4600
3900
10600
3700
3600
3500
3500
2800
2600
2700
3200
3800
3500
3100
3800
3500
3500
4100
4800
4100
4400
4100
10500
3600
3700
3500
3500
2600
2500
2800
3000
3600
3800
3200
3800
5300
3700
6600
5400
4400
4600
3900
10700
3500
3500
4000
3300
2600
2800
2700
3200
4100
3400
3400
3800
4600
4600
4300
4500
4300
4200
5700
10800
5100
3600
3500
2900
3000
2600
3100
3400
3800
3300
3300
3700
7000
4700
3600
4400
3900
4400
3900
11600
3600
4400
3500
