1432700
57300
38500
13400
75900
26500
12800
32100
11600
52400
83600
24800
84300
141900
72900
9300
24900
13000
18400
172000
13400
49900
6000
5700
31600
16400
9400
23700
8400
42600
73300
7800
72300
88400
65800
11600
15500
18600
10200
160300
12100
14800
4500
6100
53900
33300
18800
6700
8600
43100
66600
8200
65100
77000
77600
9900
19900
12100
10500
151000
6200
33100
4700
6100
37500
35000
25800
7200
38700
28100
11700
45900
56500
87400
55900
8600
13600
18500
10200
193700
11000
25400
4400
5300
38000
28500
18900
6500
40200
31400
12000
53800
10400
60800
78200
34800
16600
13000
9900
136800
9200
24200
4600
6100
28500
22900
14500
6500
33200
20100
16400
47100
17100
44100
94400
9100
60200
87900
54800
10100
13600
10700
10300
12000
19100
11200
13000
13600
15300
13800
13300
15500
26500
13100
113900
68200
69400
7700
7200
9300
10800
10400
9500
10000
12600
10900
11200
10500
12800
11600
11600
13400
17700
11400
46200
37600
67500
7400
7600
8900
11500
9500
9600
10000
11000
10300
10300
11800
14100
9500
9900
11500
13000
11200
53100
36200
51100
7000
7500
11900
8300
7600
7600
9100
9700
8700
8900
9700
10800
10400
11000
10400
12200
9500
36500
35200
51800
7700
7100
9400
9200
7500
31400
8900
8800
8700
8800
18500
15000
10400
11100
35900
11400
10600
9900
12800
52100
7100
7100
8700
9600
7900
8100
8400
9100
8800
9100
9700
11100
9800
11500
10500
10500
11200
10000
11300
55300
7700
19600
17300
8800
8000
8500
7800
8800
8900
9100
8800
9900
28200
9600
26200
10200
23300
10100
10600
52000
6800
18700
8300
8000
7800
7700
8900
9100
8700
9000
9300
9700
27000
10100
55400
29100
46000
14200
10500
71100
11000
21900
11000
10600
8300
8600
9000
10800
9700
10400
10100
10900
29500
11300
33400
19000
26700
10500
12400
53100
7400
15900
8100
10400
7500
22200
8200
9200
8600
8900
9100
25500
11100
11300
10200
10300
23200
9800
9600
50800
6900
16100
20400
9800
21500
8800
8900
9400
17100
11000
9700
11800
12300
11000
11000
12100
183200
14000
24300
54100
7100
15400
8400
9200
8800
7700
8700
9200
18300
9000
9000
10200
9800
10300
10100
10900
20400
9700
16800
50400
17300
7100
7800
8800
7600
8500
7900
8800
9500
8900
9100
9900
10300
9800
10300
10800
10200
9500
9700
50300
7900
8600
7300
8000
7800
8100
8600
10200
8600
12000
8900
10100
9700
9700
9800
10100
9500
9800
9600
49500
18300
4900
3700
3400
3300
3200
3100
3900
4000
4300
4000
4300
4200
4000
4100
12200
4600
4400
4700
19900
4400
3600
3800
3400
3100
3500
3200
3600
3900
4700
3900
6000
4100
5500
4400
6000
5100
4200
5600
17600
4300
4300
12800
5800
8900
4600
3300
3900
5100
4800
3800
5700
4200
5600
4400
6200
4500
4600
6300
16100
5700
3800
3800
4100
3900
3500
4500
3700
3800
5500
3800
8000
4200
5000
4400
4900
4500
4600
4700
16300
4000
4200
3900
3700
4100
3900
3300
4200
4000
4800
4300
4700
6400
5200
4900
5100
4700
4800
5500
18800
4100
4300
4100
3900
3400
3700
3500
4100
4000
4700
4200
4600
4500
5000
7500
5800
4800
4700
5500
17800
3900
3900
4300
3500
3600
3500
3500
3900
5200
4500
4000
4700
4600
5100
4300
8100
4900
4700
5500
16900
4000
4000
3800
3500
3400
3600
3500
3900
4700
4500
4000
4600
4500
5500
4500
5400
4600
5100
5400
16500
4100
4000
3800
3800
5800
3300
3700
3900
4800
4600
3900
4900
4300
5500
4500
5300
4800
6400
5100
16700
4300
4000
3900
3700
3500
3400
3700
3900
4700
6400
4400
6700
4300
5600
4400
5800
13000
6500
4800
16000
4000
4300
5500
8900
3400
3300
4400
4100
4500
3800
3800
5300
4300
4500
5000
5300
29000
4600
5700
17400
26800
4100
3900
3700
3900
3400
3400
4200
4300
3800
7400
4600
5100
4600
5100
5100
10700
4700
5400
17100
14200
4200
3900
3700
3600
3300
3500
3900
3800
4000
4600
4900
4300
4500
5800
5200
10900
4500
6200
23300
13000
10700
6900
3000
3300
11600
2800
3700
3400
3500
4400
4300
5000
4000
4100
5100
19500
4400
5200
13300
9900
3800
4100
3200
3200
2900
3400
8700
3400
3500
4400
4300
4900
3900
4100
4600
9400
4300
5400
12700
22300
4100
3800
7100
3200
3100
2800
3400
3200
3400
4000
4000
4600
3700
3900
4400
4100
11400
4900
10500
6600
3600
4800
3300
3200
2800
2700
3500
3500
3200
3500
12400
3500
3600
3800
4000
4100
3700
5400
10800
4000
8100
3400
3300
2700
2600
2900
3300
3400
3100
3500
9300
3700
3600
3500
4200
3900
8800
4600
10800
3400
7900
3500
2800
2800
2700
2500
3700
3100
3400
3100
9200
3500
3700
3500
4200
3800
3900
5000
10300
3600
7600
3500
3100
2600
2800
8100
3700
3100
3300
3100
3800
3700
3800
8000
4600
4000
3700
4600
10300
3500
7900
3400
3400
3400
4200
2900
3500
3400
3200
4500
4000
3600
3900
4100
9300
3800
4000
3900
10400
3500
8200
3500
2700
2800
2600
2600
4200
3200
7600
3600
4000
3600
3500
4100
9700
3900
3900
11500
10500
3500
3600
4800
4600
3200
3000
3400
3700
3800
3500
3400
4400
3800
4000
4200
9200
4600
4200
4400
11700
4200
3800
3900
3900
3000
3500
3300
3800
3600
3500
5300
4600
4000
3800
4200
4800
4200
4800
4200
11100
3600
3700
3900
3200
2700
2900
3100
4500
3800
3400
3700
4200
4700
3900
3900
7700
4100
4300
4500
11100
3600
3900
3700
3200
3200
2800
3100
4400
3400
3700
3800
4200
4100
3900
4100
4500
4400
4700
4200
11300
3700
3800
3700
3300
2700
2700
6500
4200
3500
3600
4000
4700
3900
3900
6700
4600
4500
4300
4400
11000
4100
3700
3600
3400
2900
2800
3300
4100
4200
3400
3600
4300
3900
5800
3800
5400
4400
4300
4500
11100
3700
5200
3800
3600
2900
3600
3100
5500
3600
3300
3600
4300
4000
3900
4300
5000
4200
4400
4300
12400
3900
4200
3900
3600
3200
2900
3200
4300
3700
3400
3500
4400
3900
4100
4000
5200
4300
4100
4400
23000
4100
4000
4100
3600
3300
3000
3000
8800
3500
4500
4400
4400
3900
3900
4200
4700
4800
4200
4200
12800
3500
3500
3600
3200
2900
3000
2700
3100
3200
3500
3500
4600
3800
3600
3900
4600
3900
8800
4000
11300
3500
3400
3500
2900
3000
2700
2700
3400
3300
3800
3600
4700
3900
3800
3700
4500
3900
4000
4600
11500
3500
3500
3700
3300
3000
2900
2800
3200
3300
3800
4200
4600
4000
3700
6700
4400
4200
3900
4000
10900
3700
3600
3700
3200
2900
2700
3200
3200
3900
3500
4600
4300
3800
4300
4900
4500
4300
4100
4100
10900
5400
5000
7700
3000
2700
3100
2800
3800
3400
3300
3300
4000
3700
4700
4200
4700
4000
4000
4200
10800
5000
5700
5200
2700
2800
2600
2700
4100
3000
3200
3400
3500
3400
4200
4300
4300
3900
4200
3800
10500
4200
7000
4200
3300
2700
2700
3100
3100
3200
3300
3300
3800
4000
3600
3800
4400
4000
3800
3700
11700
4300
4100
4700
3100
2600
2700
2600
3400
3400
3300
3300
3800
3600
3500
3700
3900
4100
4400
4500
14700
4200
4200
4400
3600
3000
3000
2800
3300
3200
3200
3500
3600
3800
3600
3600
4200
3900
5200
4900
10000
3800
3500
3600
