49200
8200
1354300
10500
25300
68600
16800
6600
21800
61300
7600
7900
14900
8600
86900
76400
19500
67600
35600
11100
10800
18000
19400
5000
9200
41300
7200
6100
20200
59400
7600
6900
12000
8800
58900
60600
13900
55900
23600
10600
5500
14800
15200
4800
9700
5600
48700
6600
18800
56300
15400
7400
22500
8100
60400
59700
13800
54600
25800
12400
4400
15100
13900
6600
6000
13900
38100
6300
10300
50500
9300
8400
12500
9000
67000
74000
15200
48800
34200
10000
6600
4300
4200
4200
29900
8600
25900
5900
119200
48200
14800
54800
20100
41300
8400
8900
16700
48600
38200
10000
5500
26500
4500
4400
8300
20900
28100
6100
9600
31900
9700
15500
26900
93300
7700
6400
10100
6700
38400
36000
10200
7600
7100
7300
15700
8600
8100
9400
9800
10300
67600
26400
48700
11800
11600
16800
99600
7700
7400
17500
11900
9700
9200
10200
12100
10100
10200
10600
12800
11000
33700
11500
46500
11700
9700
11000
71500
7000
7300
21400
10700
7700
7500
8400
9100
8600
8800
8900
10100
9500
51700
9800
40000
9500
9500
12500
68500
8600
7400
18100
10500
8000
7700
8500
9300
25800
9600
9400
12000
9600
14500
10000
38900
10100
9600
10800
68000
7300
7000
16600
9800
7700
7900
8400
9400
21100
8900
9000
11600
11500
10300
10000
10700
9800
42600
10300
67500
7100
11400
16000
8600
36200
4000
3900
4800
3800
3700
4000
6100
4300
21700
4200
13000
6200
22100
4900
50600
3800
4000
6300
3700
4900
4300
3600
4100
4000
5200
3800
4900
4200
4200
4400
5100
6300
4500
5300
18500
3700
3800
3800
3900
3300
3400
3900
3800
3900
4400
3900
4900
4300
4200
4200
5200
6000
4400
4500
21000
3600
4000
3700
3500
3300
3200
3200
3900
4400
4500
4400
4700
4500
5000
4200
5200
5400
4600
4500
18500
4000
3700
3900
3400
3000
3400
3100
3900
6800
4100
4400
4600
4300
5200
4200
5000
9900
4400
4700
16300
3800
4100
3700
3700
3700
3300
3400
3700
4400
4900
4300
4700
4400
6200
4200
5500
4500
4700
4800
16700
3700
3900
4000
3200
5300
3100
3100
3800
4000
4100
4300
4400
4400
5400
8500
5500
5100
4500
4700
16300
5300
3800
4000
7800
3600
3300
3300
4800
3700
48100
26900
5000
5200
6700
4100
5500
10000
4800
4500
16800
3900
3800
4400
3600
3200
4200
5800
5700
3900
21000
25200
4800
5100
5900
4200
5400
5900
4500
6100
16500
3900
3800
4400
4000
23300
3900
5100
4900
28100
4200
3700
4600
5000
4900
4300
5300
5900
4500
4900
16900
4000
3800
3700
3700
3300
3800
4200
4500
4200
3700
3800
5800
4100
21700
23400
5200
5400
4400
4500
17800
8000
3700
3800
3800
3700
3800
3700
4300
3800
3800
3800
5300
4900
21600
23400
5200
5400
6200
4600
16400
4300
5100
3800
3600
3000
3400
3500
4300
3800
3800
3800
5200
4000
19900
24600
6100
5900
6600
4400
17500
5900
4000
3800
3900
3300
3300
3400
3800
4800
3600
3700
5600
4100
5000
4100
7200
4900
26000
4400
20700
3600
5100
12000
3400
3100
3400
3400
3900
3600
3900
3600
4500
4000
3900
8500
5600
5500
23000
4400
19400
3800
3900
11000
3700
3200
3500
3300
3800
4300
4000
3800
5100
4300
4000
4000
5200
10000
24000
4500
16800
3700
3800
11400
3800
3200
3500
3200
4300
3700
3700
4000
4400
4400
4400
4100
5400
4900
23100
5000
16400
3700
3700
10800
3600
19100
3900
3500
3900
5100
7500
5900
6400
5700
4500
4300
5100
4700
7600
7400
22700
4000
3800
12700
3900
3100
3700
3500
3700
3700
3700
3800
4900
5900
25500
4300
5100
4300
4500
4300
17800
4300
11400
3700
4800
3400
3500
3300
3900
3900
3600
4500
4900
5700
5300
66500
5400
4600
5500
5500
17200
4000
7500
3800
4000
3200
3400
3300
4300
3800
4700
4500
4700
9500
5300
17500
5100
4400
5800
4700
16400
3600
3900
3700
4600
3400
3500
3200
3800
3900
4200
3700
4700
5000
5100
16600
5300
4400
4400
4500
16200
3600
3500
3900
3900
3300
3400
3400
4200
7800
3700
13600
4300
4700
4000
5000
4900
5000
4400
4500
16600
3800
3600
3600
3900
3200
3800
3400
3800
3800
3900
3600
4400
4000
4100
4800
5000
5200
5000
15000
24300
4400
3600
3400
8500
3200
3200
3200
4000
3600
3800
3600
4300
4000
4000
5000
5100
5300
4600
65500
32900
9200
6300
28100
26600
7400
6100
8400
11300
7100
18900
7100
8400
9100
10500
9700
8900
7700
7900
7700
29800
6200
7300
6200
7100
18100
5200
6200
7500
5800
7000
6100
8200
8000
6900
9800
8300
6700
7100
7300
26900
5400
5400
5900
6600
5200
12800
6100
22100
9800
6300
7500
7500
8500
6700
8900
8300
7200
7100
7300
27500
6200
5600
5900
6300
4900
5200
6000
17300
6400
6600
9100
8900
7000
9200
7200
10100
7000
6800
5700
29100
5100
5500
5300
4800
3000
3700
3500
10500
3500
3600
5300
5000
4300
4700
4300
5300
5500
6900
6200
15100
3600
3500
4600
3500
3000
2900
3400
9500
3600
4300
4100
4800
4000
4500
4200
4800
5400
4400
6300
15000
3700
3700
3800
7900
5500
6000
5400
6600
13300
5500
5300
27600
7600
7300
9500
14600
9200
8900
13600
20100
5900
5400
6000
5900
4800
5000
4800
6900
5700
4400
6900
24500
7200
7200
6000
10900
6300
7900
7000
19200
5700
5700
5700
5500
4500
4400
4800
5200
5100
7100
6400
18000
13100
5400
4000
6900
4200
5100
4100
12200
6700
4000
3700
3500
3100
2700
10900
3200
3300
3900
4100
15700
5600
4000
3700
6800
4100
4800
4200
11500
4200
3500
3800
3700
7400
9400
2900
4100
3200
3800
4400
4100
4800
3900
3900
11900
6100
5900
4200
10800
4100
3600
3600
3600
2800
2700
2900
3100
3100
3800
4200
4200
4200
4300
3600
15400
7700
7200
11800
20600
5300
8300
5800
7500
16100
4900
5700
5600
5600
19000
5700
6400
6100
6000
6900
10700
6600
6200
6100
19100
5400
5700
6400
6400
6700
4100
3800
5400
4800
15100
3300
4100
3600
3900
3700
5400
4500
4000
3800
11300
3600
3600
7000
4200
2900
2600
2600
3500
15800
5200
5800
6300
5500
5800
5900
8300
6200
6500
6200
25500
5700
5600
5200
5400
4000
4600
4700
6100
5200
4900
6000
5000
3700
15300
3700
5000
4100
3900
4300
10800
3800
3600
3600
3800
2800
2700
2900
3400
3200
3600
3900
4100
4000
10300
4800
4600
3900
9600
4200
11000
3500
3600
3500
3500
2900
5100
2700
3500
3300
3200
3800
4100
3700
9200
3700
4300
4100
3800
4200
11300
3600
3500
3600
5400
4300
10400
15700
5400
5200
6400
6900
8000
6300
5500
6000
7000
5500
4000
4300
11800
4000
3600
3900
3200
10300
3100
3000
3500
3200
3800
3200
4800
3600
4100
4300
4800
3900
4000
3900
17100
3500
4100
3600
3000
3000
3100
2800
3500
3200
3300
10300
4600
3600
3800
4300
4900
3800
4100
4000
12300
3600
4000
3900
3300
2900
3600
3100
3300
3300
3400
9200
3900
4200
5200
4000
8800
4200
4000
3900
11400
3700
3600
3500
3600
2700
2800
3000
3700
3300
3400
8700
3700
3600
4400
3600
5200
3900
4500
4700
11300
3600
3600
3500
3300
2800
3200
2800
3500
3400
3200
13100
3800
3900
4400
4500
5300
4100
3900
5300
11200
5500
3700
3900
