54800
998400
4200
50200
25700
11500
11100
36000
37000
15200
6500
12800
68000
40100
60200
12500
93300
50300
16400
78200
40200
5500
8800
49700
20900
8400
8900
36500
44900
20700
11400
8500
67200
39600
42100
9900
97000
51200
14300
73500
6300
4500
8600
4800
8500
48200
30700
48800
44900
22900
8700
8300
73200
36800
40300
10200
79600
40700
13500
72300
8700
5700
5800
22800
7800
44500
6800
37900
32300
9300
9400
36300
59000
36300
55100
9600
89100
33200
13100
86600
7700
4000
5500
24100
8100
40300
6200
45100
42900
9400
9700
35500
42600
56000
9000
9900
99500
38500
14400
58100
7700
4300
5300
18100
7800
42000
25000
36500
32300
14800
12200
62700
44900
45600
9100
8800
58600
38400
32500
10100
13300
10400
10400
10000
11800
11800
13500
16900
15700
19900
15000
125600
33200
16200
18400
16000
95100
11200
38200
11200
16400
12700
13100
13300
14400
14300
15800
14100
17300
16200
17700
62000
22200
15700
18400
17000
72500
14000
34100
10300
20100
11000
10600
11400
12500
12200
12000
12300
15400
14200
15700
60700
18200
13600
15900
14400
68800
10000
47200
10100
15700
11000
10700
11200
13100
12300
11900
12400
14300
52200
16600
13900
30500
14000
16400
13900
73300
10600
34800
11600
14100
11700
11200
12100
13100
12500
12800
27000
19200
14500
17100
14500
17600
14900
17100
54800
78400
10700
35400
10900
13200
12000
11200
11600
13000
13000
12600
12800
14700
14500
20300
15200
16800
51600
18400
61600
78500
10800
13500
11900
14600
12600
12600
12600
14000
12800
13600
13000
15600
19100
14200
16000
18200
16200
15500
56800
75400
13500
13200
12500
13300
15300
11200
12400
12900
12300
13400
13000
15100
13700
13900
15200
15300
16000
14100
54900
142500
19500
18200
12400
15500
10600
9500
14200
19500
43600
7100
9500
11700
10000
8300
9100
20700
12000
7900
50600
45900
10000
8800
8800
7900
5600
5900
5600
8500
6200
6400
7900
7300
8100
6900
14000
8800
8900
7500
44600
38700
8900
7600
9200
7200
5800
5500
5600
7800
6100
6500
7100
7700
7100
6900
7700
10200
44300
8300
10900
34100
6100
7300
7200
12500
5300
5500
5500
7300
6500
6200
7800
9300
7000
7000
7000
11800
8000
7400
9600
34600
8100
6500
54500
12000
7000
5700
5700
6500
40700
6300
6300
9400
6600
8100
40200
8500
8200
7100
7600
30200
5100
9200
6100
6100
6800
5300
7600
9300
33400
6200
6400
8100
6700
6600
40900
8600
6800
15300
7500
29200
3900
4200
3900
3600
3700
4100
3100
4300
4900
23200
3900
5600
4100
4000
26600
5100
4400
4600
4800
17300
3600
3800
3600
4000
4000
32000
3700
4300
4700
4100
3700
4700
21100
4300
7700
5000
4600
4400
4600
17000
3900
3700
3800
3900
3400
3300
3200
3800
4300
3900
3600
4900
24000
4100
4100
6000
4400
4500
27100
16900
4500
3600
3700
3500
3500
3200
3300
3700
4400
3700
3600
6600
22400
4200
5100
6400
5900
4300
29100
18400
5900
4000
4900
5600
3300
3800
4200
4400
5600
3800
3800
5800
4100
5200
4700
8500
4500
5800
4700
17000
4400
4400
3700
6200
3300
3500
3400
4700
4300
4000
3800
5100
4200
4200
4300
5500
4500
5500
4600
16700
3700
3700
4200
3400
3100
3800
3400
4100
3700
4300
3800
7500
4200
4200
4400
5000
4900
5400
4700
16600
4000
3700
5700
5800
3900
3600
3200
3700
3800
4100
3700
5100
5200
4200
4200
5100
4400
5700
4500
18300
4000
3700
3800
3400
3200
3500
3300
4000
3700
4300
3800
5200
5100
4500
4200
5200
4400
4900
5400
16500
3700
4000
3800
3100
3300
3400
3200
3800
3600
4400
3900
5000
5000
4100
4300
5500
4700
4500
6300
16700
4200
4900
7000
3800
3300
3500
3400
4000
5100
3800
4400
4800
4200
4100
4100
5000
5200
4300
4300
17200
4200
3600
3700
3600
3600
3100
3400
4300
3700
3800
4200
7600
4400
4500
4300
4800
5900
4400
4600
16300
3900
3500
3900
3300
3600
3400
3200
3700
3800
4400
4300
4600
4100
4300
4500
5000
6000
4700
4200
17400
4500
4400
3600
3100
3500
3100
3000
3700
3700
4100
6900
4300
4400
4000
4700
5400
5300
4300
4500
17300
4000
3600
3900
3500
3500
3400
3400
3700
3800
4400
3800
4400
4200
4100
5500
5100
4700
4400
4700
16600
3700
3600
3800
3100
3800
5000
3100
3800
6400
4100
3600
4500
4100
4700
4700
5000
4900
6700
4500
16200
4600
3900
3700
4100
3200
3100
3900
4200
3600
3900
3600
4900
4500
4200
4200
4700
68200
14300
4700
16700
4800
3800
3500
3400
3300
3200
3200
3800
3700
3900
3800
4200
6100
4200
4000
4800
11700
10500
4300
16400
4300
3600
5100
3400
3100
3200
3200
3700
3700
3600
3700
4700
4300
7000
4100
4800
10900
10400
4500
16000
4900
3500
3500
3600
3200
4200
4100
3600
3500
3800
3800
4400
4500
4100
4200
4700
10900
11800
4400
16600
4700
3700
4900
3500
3300
12200
3400
3800
3600
6600
3700
9800
4000
4200
4400
4800
4800
4700
4400
16300
4400
3900
4300
3400
3100
3500
3200
4000
3600
4400
4000
4200
4200
4100
4100
5100
5300
4500
4400
16300
7200
7000
4000
10500
3500
2900
3000
3500
3900
3300
3700
4200
4200
3900
3900
7800
8000
5200
4000
29300
3800
4500
3700
3400
3200
2900
2900
5200
4200
3300
3200
4500
3700
5500
3900
4500
4700
4600
4000
19300
3800
4800
3900
3700
2800
2900
2800
3600
4200
3400
3500
4000
3800
4300
3800
4500
5000
4200
4400
18800
3500
4400
3700
4700
5800
4500
2900
3600
3900
3700
3400
9800
4900
3900
3800
4400
5000
5600
5800
37300
5200
6900
5700
5200
4900
4200
4500
4700
6800
3700
5300
4700
4500
4000
4100
5000
4400
4100
4200
25400
4200
4900
3700
5800
3000
2700
3100
3400
4000
3300
3400
4200
4800
4100
3800
4700
4000
4100
14000
12500
5400
3900
4300
3900
2900
2800
5900
6000
3500
3200
3200
6400
4000
3900
4500
5800
4100
4100
3900
20800
3800
3900
3600
3400
2800
4600
3200
4300
4000
3200
3400
4200
5200
3900
3600
5800
4000
4100
4000
19700
6500
3700
4100
3800
2800
2800
3400
3500
3200
3500
3300
4300
3800
3900
3700
5500
4300
4000
3900
18500
3600
3600
3600
3300
3100
2800
3000
3500
3200
3500
3300
5400
3800
3600
3800
5300
4100
4300
6900
17900
3700
3900
3600
3200
3400
2800
3100
3900
3300
3400
3300
5100
3900
3700
3800
4700
4100
4100
4600
17900
3600
4500
3700
3000
3200
2800
3000
3600
3200
10800
3400
5200
3700
6400
3700
4600
4100
4200
4100
13800
3600
3800
3500
3100
2900
7800
2900
3600
3200
3100
5400
5600
3700
3600
3800
4500
4100
4000
4000
46300
5100
3900
3600
3400
3100
2800
2600
3500
3200
3200
4000
4900
4200
3600
3900
4900
4100
4000
3900
19400
4900
4100
3700
3600
3300
2800
3700
6300
3300
3400
3300
4800
3800
3600
4200
4500
6700
4400
4200
18600
4400
4200
3700
3700
3300
3100
2800
3500
3200
3500
3300
4100
3600
4200
4800
4800
5800
4000
4600
17800
4800
3900
4000
3200
3200
2700
2700
3500
3200
3400
3300
3800
6400
3500
4500
6100
4600
4000
4100
17700
4400
3700
3700
3800
3700
2800
3000
3300
3300
3600
3300
4100
3700
3700
4700
5400
4200
4400
9500
14100
3800
3600
5300
