53200
7800
3100
4700
46600
3900
29800
15600
22600
1437700
9200
7700
51300
9000
25000
85400
45700
26800
33600
126700
14900
4400
19400
8500
12600
7500
6500
8700
12400
55200
7500
7800
31900
9000
14900
97300
55600
30900
26300
92100
9200
4800
6300
4700
9500
5900
11700
9600
11400
56900
8500
7700
40000
9600
19700
77600
52100
29200
25800
85100
18300
4200
7700
23000
10500
6100
5800
7700
11900
26400
8100
11600
37700
9100
14400
72100
43300
23700
25000
92100
8200
4100
7900
25600
10100
8200
6000
8100
14000
24200
21400
11200
13200
70700
8800
9500
47300
22600
24000
72700
7200
4200
5200
25000
8800
5300
5500
8100
14000
59500
19400
11600
13300
71700
9600
8700
32500
20900
16600
89700
76700
18500
18900
57900
22700
13700
14100
15100
16100
15700
17400
58200
22600
46100
15700
15100
117300
9300
9800
15700
13800
12800
89200
13100
16500
13400
14400
13600
15100
14900
15300
50600
18100
44300
13700
13100
90200
9200
9700
9500
25200
12400
10200
10800
32800
11700
12700
48900
13400
12900
16200
45800
16900
37800
13800
13800
100400
9600
9300
9600
11900
10100
10400
16600
32700
12300
13800
50200
15300
43900
13100
13800
16700
41900
13300
13500
90900
10500
9700
10000
12200
35600
10700
11400
45700
11500
15200
64600
18400
14700
13800
20600
15300
14100
21200
61800
98200
11200
9900
10400
12700
11000
11300
11400
34800
32600
13600
48800
18400
13500
13500
12900
13800
14100
16700
45200
76900
22000
9900
10900
15400
12400
13800
11300
12500
11900
11800
12500
13800
13700
48800
14100
18300
16300
31000
52300
37900
6200
6400
5900
9400
5700
5700
5700
6300
12400
6200
6300
7700
8900
33500
7300
12400
11100
7500
44200
33600
5900
6000
6300
6800
5500
5300
5300
8300
7600
6600
6200
7600
6600
35000
6700
11900
9800
7700
45300
41800
5900
5800
6600
7400
5200
5500
5200
8100
7600
5500
5800
7200
34100
7100
8000
11800
10500
7400
52700
33500
6100
5800
6200
10200
5900
6000
6700
9200
8800
6400
6800
7800
6900
62500
14300
9800
8400
37300
7600
37200
6100
6200
5900
7100
5700
5500
5300
8100
8100
6600
6100
9200
7000
6900
7300
7900
7300
33500
8000
35400
8500
6200
25600
8600
5700
5300
7800
6700
6600
8200
7300
7600
6900
7800
6800
12000
66500
7700
11400
34200
6000
6000
6400
6700
8000
5900
7000
8600
6100
9300
6100
9900
7300
6600
13200
12000
34800
7700
9900
34400
6400
6200
5900
6500
6600
5500
5500
6500
6100
6100
9600
7600
6500
7000
6700
11600
40000
7500
9900
30300
5700
6300
5500
6300
6200
5100
5200
6400
8400
6100
14400
7000
6900
8100
7600
11000
29900
62300
19600
35100
7200
6600
7800
11400
8700
5800
5500
7700
42300
6800
10900
8300
7700
10000
7300
9600
7900
7400
7600
27800
5900
5600
6100
13900
5900
5100
5300
6200
6100
6200
8400
7700
6800
9000
7900
8200
7900
7300
8400
32200
19600
5900
33600
13200
5600
5700
6200
7000
6300
6200
8700
12500
8700
6700
6700
10300
6800
11200
7500
36300
5800
5700
7000
6300
5100
7000
5700
6400
7800
5800
8700
8900
8100
6900
6900
10200
8600
12100
9100
30400
5500
5900
7200
6600
5300
12300
5900
6600
6900
6000
6600
8600
6600
7000
6900
8000
7200
8300
7400
30800
5800
5900
6000
6100
5500
5800
5700
6400
6100
6200
6300
7100
7200
9300
13600
8600
7700
8700
14300
33300
9300
7100
6600
6100
5200
5900
5800
6600
6200
6200
7400
7300
6800
7200
8300
10100
7200
7200
6900
30400
5400
6800
5300
5700
5100
5400
5400
6200
8100
6300
5500
6700
6700
6400
15000
11000
7300
6900
6800
26500
6100
8600
6300
15200
4800
4600
4700
6600
5000
5800
5400
7000
6100
6100
8000
13000
9400
6600
6800
27400
6100
5900
6900
5600
4700
5000
4700
7800
5500
6100
5600
7300
6500
6400
8600
8300
7500
7000
6800
22700
6100
6100
6000
5500
4800
4800
5000
5500
6300
5200
5200
6400
6000
6200
8700
7600
6800
7000
13300
19200
5900
5200
5500
5500
4500
4300
4800
5400
5800
5500
5300
12900
6000
7800
6200
7400
6200
6800
6900
20200
5800
5500
5800
5200
4600
4700
5100
5400
5300
5100
6000
7500
8500
6800
5900
7300
6000
12100
8400
19700
5800
5800
5800
5300
4600
4600
4800
5300
5300
5600
5200
7600
6000
6800
6000
6900
6400
6100
8100
18900
6200
5900
5900
6900
11800
8700
4900
6200
5600
119300
31400
28800
14300
19200
169900
25300
22100
14800
74100
12500
3800
4000
3900
4100
3400
2700
2800
3700
3100
4700
3500
4700
3700
3600
31600
9600
10700
3900
24100
11300
3600
3500
4200
3200
3600
2900
2700
3400
3400
3900
3200
4600
3800
3600
27200
6000
4100
3900
21700
11000
3800
3500
4000
4100
3300
2800
24300
3600
3200
8600
3300
4100
3700
5400
4000
5800
4400
4000
21700
10900
3600
3800
3600
20500
3300
3600
4600
3400
3500
4400
3400
6000
3600
5100
3600
5700
4300
4900
28200
11000
4100
4100
3800
3800
3400
2700
2800
4800
4100
3900
3800
3700
3800
4700
3800
5200
4100
4000
28300
12500
3800
3900
10800
3800
2900
7400
3000
3700
3200
3100
3800
4700
3800
3600
26100
4600
3900
5700
5100
11200
3600
3700
3700
3500
2900
2900
2800
3500
3100
3100
3300
7000
4100
3500
25000
4500
3800
4000
4900
15000
3700
3800
4400
3100
2700
2700
2800
3800
3400
3000
3700
4600
3800
4000
25000
4600
4100
3900
5000
11300
3500
4000
3900
3700
4800
23200
3000
5600
3300
3400
3700
4700
4700
4000
3900
9700
4000
4000
4900
12300
3400
3700
4900
4500
2800
4000
3600
6200
5200
3500
4500
5400
4200
4100
3900
6000
4400
4200
27500
11500
3500
3600
4700
3200
2700
2700
2700
3700
3300
3200
3700
4000
8400
3700
3700
5400
4400
4300
23900
11300
3600
3700
4800
3600
3400
4200
3300
3700
3200
3200
5000
4200
4400
33800
3700
4700
5700
9400
3900
10900
3600
3600
4900
3500
3200
2800
3800
3500
3600
3300
4000
5300
4400
25100
3900
4600
4000
3900
4500
18600
3900
3600
4900
3400
3000
3000
2700
3400
4000
3400
5200
4900
9900
25500
3700
4700
5700
4100
3900
11300
3500
3500
4900
4700
3300
21600
2800
3500
3700
3400
3400
3900
4400
3800
3900
4400
4400
3900
3900
10900
5300
3400
4500
3500
2900
2600
6900
3300
3900
3300
3200
4000
3800
4300
3600
4600
4800
24600
4200
10600
3700
3800
4700
3400
3300
2700
2600
3600
3800
3400
3900
4700
4900
3800
4200
4400
5200
23600
4000
15200
5500
3800
3900
3400
3900
4000
3200
4000
3200
3200
3200
4000
3700
3500
3900
4700
4100
5400
4000
10400
3500
5100
3900
3100
2600
2700
4400
4100
3200
7100
3300
4400
3500
3400
3700
5000
4200
3700
4100
12200
4000
3800
3900
3200
2800
2600
2900
3200
3200
3500
4000
3700
3700
3400
3700
5600
3800
4100
4300
10800
3300
5100
3500
3000
2700
2500
2600
3200
3600
3000
8500
4700
4700
4600
4200
4400
3700
3900
4300
10400
3400
3700
3300
3100
2900
2700
2700
3100
3100
3000
4200
4600
3900
4100
5400
4800
4200
4000
3800
10700
5000
6800
3700
4500
2600
2700
4100
3100
4600
3200
8400
4800
4300
5100
3800
4300
3800
4000
3900
11300
3800
3600
5500
