1053800
15500
10100
4300
40000
3800
68800
34800
43300
49600
13500
19300
50400
11500
9900
10100
54300
16600
158900
12800
16200
4700
5000
26800
17800
6600
38900
17900
29400
44500
7500
11300
46600
9600
12200
9000
52700
13900
94300
11000
20800
15300
5100
25200
28900
8200
6000
6300
25500
42700
7800
10700
45100
8700
9400
8700
50700
16200
100900
10500
12300
15800
4500
5600
20800
9100
6200
5900
29100
26000
35700
162500
49000
12900
8500
9600
47100
14100
99700
10500
4100
3800
4000
17400
23800
7500
6100
6600
25400
6600
55300
16900
32000
42900
8600
14500
42900
12600
76000
10100
17000
4200
4400
17400
25400
9100
5800
5600
21600
8300
49300
41000
38500
43100
27500
12300
49500
10100
9600
9800
16200
10400
9400
17800
16100
101600
27800
18000
23800
17400
18800
17900
30000
16600
20800
16500
105600
12200
15300
10900
16600
13600
14500
13100
16600
68800
17300
17400
19200
15700
17800
17200
22800
14300
17700
14700
77900
9900
13100
11100
14500
11100
11400
11000
12800
12200
50600
16600
24200
14300
15100
15400
21100
14200
16600
14900
81300
10000
13700
10700
18400
11300
11900
10900
13600
12500
12300
14300
16000
56300
16900
14800
22400
14100
16400
13900
82300
10200
13000
10400
11600
10400
10900
11300
16600
12100
12100
29600
19100
60700
16800
15000
18000
14300
16900
17200
80000
10400
14300
10500
12700
10500
11500
12600
12700
12600
19400
13700
15900
52900
17600
14400
17800
15100
16100
18400
79100
11100
15100
12300
13000
11000
11400
11800
11900
13400
12700
19200
14200
14000
15300
14500
15200
13700
14900
116500
42000
6700
6500
6700
7100
5600
5500
5500
6300
8000
6600
6200
7400
7500
8800
7200
8400
8100
7300
65200
35200
6200
5700
6000
7100
5400
14300
5100
6300
6800
6300
6600
8000
6900
9700
7000
6700
6600
7000
69300
49800
6300
6200
6400
6900
5300
5300
5200
6400
6300
6200
6200
7100
9300
8400
7000
8300
7200
7800
61400
31300
13900
5800
6400
6800
5500
5500
5800
6100
6300
6200
6000
6800
8900
7100
51300
9100
6800
6400
4700
17900
3900
3700
4200
4100
3000
3000
3200
3700
3600
3700
3500
4000
5100
4600
4200
4800
4900
5400
10700
16800
3800
6500
18600
6800
5700
6400
6200
6800
6000
6300
5400
8300
5200
4300
4000
5200
4300
4800
43400
29700
6000
6300
6900
8200
13300
6300
7200
8600
6800
6700
6100
7500
6700
6500
6900
10300
7200
7200
46200
31000
5800
5400
5700
14800
9200
5600
5300
6600
6200
7600
6700
7000
7000
6800
6900
8400
7600
7100
42500
28100
5600
12400
5800
14200
3500
3000
3600
4200
3600
4700
4000
4400
4900
4200
4100
8000
4100
4300
40900
26600
6500
5300
5500
7000
5200
5600
6000
6300
6100
8000
6300
7600
7100
7800
48200
9800
7800
8900
7400
37600
5500
6400
6200
7400
5900
6000
5900
6900
6200
8000
7200
7800
7900
10200
7900
9400
7500
7800
7400
27800
5700
5300
26300
8000
5200
5300
5100
6400
6100
38000
6000
8800
8300
8000
6500
9500
35500
9200
10400
29500
7000
5800
6100
6000
6800
4700
4900
7600
5600
34200
5700
8400
8600
7900
6500
11600
35300
8700
6900
27500
5500
6800
5500
5800
12800
5500
5600
6700
32700
6000
5900
7500
7900
7300
6400
8100
40300
9200
7200
26500
5600
5900
5500
6100
6100
5300
5200
6200
6500
5900
6100
7100
6800
33000
6900
7700
36100
14400
7600
27500
5500
5600
5700
5900
6500
5500
5400
6400
6100
30800
9800
7300
6700
31500
6700
8000
9100
7200
6800
27900
5900
5700
6100
6200
5800
6100
5500
6700
6500
6200
6000
7400
7600
37400
16200
18500
11300
6400
6400
19100
23800
7400
5400
8300
4900
4600
5100
7500
5800
6500
5500
8900
6400
6900
5800
8800
6500
6200
6600
18500
5400
6300
5400
5200
4600
5600
4500
12900
5500
5200
5200
9900
5800
5700
6300
7900
6300
6400
6200
19200
5300
5500
9300
5100
4700
6000
4800
5900
6300
5200
5700
8700
15900
6500
6600
9200
7000
6700
8500
14900
5400
13400
6300
5300
4800
6500
4400
5500
5200
5300
5500
8100
5800
5800
6300
7000
7000
6200
6800
19900
5500
5600
5400
5000
4800
5200
12700
5100
5300
140000
38300
36200
33100
14600
40100
16700
7400
8400
6600
20200
14500
5900
12600
5600
4500
5400
4900
5600
5900
5400
5500
7900
5900
6200
6000
9200
6100
6200
9500
20000
5400
5500
5700
10200
5100
4400
3700
5300
4600
109800
6500
10700
6000
6100
5900
7300
6400
6300
7600
19200
5600
10100
7100
5300
4200
4700
4800
5500
6200
24300
5200
7700
6800
6000
5800
6700
6200
6000
6200
18400
5500
6800
6600
5200
4300
4200
10600
5900
5000
18400
5500
7400
5700
6200
5700
6900
6300
6200
6100
18400
5100
7400
6600
5700
4600
4400
4600
6200
7500
5300
5200
6200
5900
19800
6400
6900
6000
6100
6100
17900
5000
6700
12900
4700
4300
5000
4500
5900
5000
5100
5300
6200
5800
17900
5900
8200
6000
6000
6100
17900
6100
6500
7400
5300
4400
4600
4600
6500
5100
5200
6000
6100
6700
18400
5900
14200
6600
6200
6300
18500
5200
5300
5600
6400
5900
4600
5000
5800
5100
5200
5400
6400
5900
6200
7500
7700
8400
9000
7600
19700
7700
5800
11500
5800
4500
4800
4600
5600
5700
5400
8000
6700
5900
5900
7100
7300
7800
7900
8200
19400
7400
5600
5800
5000
4400
5400
4400
5900
6100
5200
6000
7300
5900
5800
7800
7400
7800
7600
13300
20400
7700
5800
6000
5000
4400
4500
4500
6200
6000
5300
5500
18000
6300
6000
6100
7300
11800
8900
20600
20500
8100
5500
8600
5000
4500
5000
4500
7100
6900
5300
5900
8200
6000
6700
12000
6800
6300
6100
8700
19700
7400
6500
5700
5300
4800
4600
4500
6700
6000
5300
5300
7100
5800
5300
6800
6900
6600
6400
8800
19900
7600
7700
8200
6700
4900
5700
4800
7400
5500
5500
5500
8400
6100
6300
7700
8700
6500
6700
9100
19800
8800
7600
6500
5300
5300
5300
4800
7000
5600
5500
5600
8100
6200
6100
13700
7700
7300
6500
9100
23000
7700
8500
5800
5500
5700
5000
5100
6000
5300
6700
5600
8400
6300
6300
7600
7800
6700
7300
8400
20100
7700
7800
6100
5500
5900
5600
4800
12100
6000
6700
5900
8900
6000
6100
6300
7500
6500
6300
8800
19400
7900
7700
5700
5500
5100
5400
7300
5400
5300
6500
6400
8100
6200
6200
6000
8900
6400
6700
13700
21500
13000
7700
5800
5000
5400
5200
4700
5700
5800
7600
5600
8200
6300
6100
6000
9200
6400
6600
8500
20200
6200
6100
7700
6200
5600
13500
4600
5600
6100
5400
6400
6500
6000
6700
5900
7200
8000
6400
6300
18800
5700
5900
15900
5700
4800
4700
4700
5400
6200
5300
5800
6200
5700
5700
6400
7200
7600
6400
6100
18800
5500
11600
13800
5200
4700
4500
4400
6400
5400
5600
5100
6700
5700
5900
5900
7400
7500
8600
6100
20000
5500
5100
12300
4900
4600
4700
4000
5900
5100
5000
5400
6700
6500
6000
6700
6900
7500
5800
5900
23800
5300
5200
11400
5100
4400
4500
4900
5900
5400
5200
5100
6000
6700
6400
6600
7200
5900
6700
6000
18000
5300
6200
10800
13600
4700
4200
4200
5700
7500
5200
5000
6100
6500
5600
6400
11600
6100
6300
6300
18700
7400
5600
5300
