115400
1013300
4300
3200
8700
38000
4100
4200
6900
61100
31000
6600
51400
13200
140600
99100
61900
115500
39400
1111700
39600
4900
6600
6600
10200
22900
6300
6000
10000
37500
23200
7400
219200
18300
94500
49800
38800
60300
19600
53300
3800
11300
3900
4800
5300
12800
4000
4000
6900
23800
15100
5500
32100
8100
60300
54300
33100
62200
25500
42600
3900
19400
3500
5300
5100
11700
4300
3900
6300
23200
5100
6000
28200
8600
61400
47000
33300
52300
19300
41700
15500
14100
3800
4400
5700
18700
11700
4400
6900
40000
5300
6000
9700
58400
40800
6800
30300
50800
18900
43600
4700
2600
3600
3200
5100
19700
17600
4200
9400
33400
5100
5200
8300
39400
37500
6400
28600
9400
75400
58200
8800
7100
8000
7400
8200
8400
9100
10100
9700
10600
9300
12700
65400
18600
13000
11500
68300
25000
7100
7500
11400
9600
10700
9400
10200
10400
10900
11600
11600
12200
11500
15700
42500
12800
13000
11800
67300
16200
7200
7400
10500
9200
10600
9600
10900
10400
11400
10500
13200
12100
11500
12200
28500
12900
12700
12500
66100
16200
7200
7200
9500
12200
10200
9600
10800
10300
11600
10500
12000
12600
11100
10700
29700
9700
10900
9700
51100
16800
7000
7200
8100
19500
8300
7700
8500
8700
9300
18100
11500
10200
11200
11100
11000
14700
10300
11400
51300
26200
7300
7300
7800
7500
8200
8100
8600
8700
10900
8900
9900
11300
11900
10800
10600
12000
9700
10600
66500
15900
8900
8100
9000
8500
8600
7800
9000
9000
8900
9300
11200
9600
9700
10600
12000
9800
10200
10200
50600
8000
7400
26900
8100
8100
8100
8500
8800
8800
8800
9100
11300
9700
9900
10100
13600
10100
11600
9800
54100
7900
7400
21400
8000
8400
9200
8000
9100
9600
10900
9200
10800
11700
10300
10300
10200
10200
9700
9800
51600
8100
7700
22100
8500
8600
8400
8700
9500
9600
8900
9600
9900
10200
13400
11100
10400
9700
10500
9700
52100
8300
7200
30200
4500
16600
3500
3400
4900
4700
4100
3900
5200
4700
4500
5100
13900
5900
4800
5700
25000
5600
5200
21600
4200
4000
4100
3500
6000
5100
4500
6900
4800
4500
4300
4300
6000
4600
4300
4900
16800
3700
3900
17600
4600
4200
3500
3200
5400
3800
3600
3800
5100
4800
26300
23900
8100
29700
4700
5100
18100
4400
6300
4200
3900
4100
3600
4200
6400
4600
4100
4200
4900
5000
37000
4200
5200
33600
4500
4700
18400
4000
5500
3800
4100
3600
3300
3700
3900
7300
3900
3600
4600
4100
27000
4600
5100
23500
5200
4300
16700
3500
5300
3800
3600
3600
3000
3400
4000
4400
3600
3700
5900
22900
4100
4100
5500
23000
4500
4500
17400
6300
4800
4300
3600
3500
3400
3300
4000
4500
3700
3700
5300
4300
24300
4100
5100
4800
23800
5800
17300
3700
4900
3900
3900
4000
3300
5200
4100
4500
3700
3800
5600
4200
4400
4500
6500
4400
25600
6000
17100
13300
3800
4800
3600
3200
4300
3200
4100
4800
3600
9000
5500
4100
5600
4000
5900
20700
5100
4800
17300
3600
3700
3600
3200
3200
3000
3000
5200
3500
3900
4200
4200
4300
4500
6700
4900
22200
5200
6200
19200
4400
4400
5100
3800
3100
3100
3300
3700
3700
3800
3600
4800
4000
4600
4100
4800
20800
5200
4300
19800
4000
3900
4000
3600
3500
3300
3100
3700
3700
3600
3600
4100
4800
4100
6600
5000
18400
5700
4300
16100
4400
5700
3700
3400
3400
3100
3100
3900
3500
5200
3800
4200
4100
4000
5200
18400
7100
5200
4500
16800
3800
4000
5600
3200
3100
3100
3100
4700
4300
3800
3600
4100
4100
4000
4700
5700
4600
5000
4700
16300
11000
4500
4000
3900
3600
6300
3200
4400
4000
4300
3900
4400
4200
4100
4100
5100
4700
4500
5200
17200
3700
3900
3800
10400
4700
3100
3300
3900
3500
4300
3600
4400
5500
4000
4200
4800
4300
4500
5200
15600
3900
3600
4000
6300
3500
3100
3300
3900
4300
3600
3600
5000
4000
4200
3900
4900
4100
4300
5700
14700
3400
3500
3900
3300
3300
3200
3100
3600
4100
3900
3500
4300
3900
4800
4000
4800
4200
4400
5000
15300
3400
6400
3700
3400
3700
3100
3100
3800
4000
3800
3500
4800
4000
6100
4200
4900
4300
4300
4600
14400
3700
3500
3700
3100
3400
3000
3100
9200
4300
3500
3500
4400
4300
4700
4100
4900
4200
4500
4300
19000
3900
3900
4600
4200
3100
3000
3100
3700
3600
3400
3700
4000
4100
3800
5200
4700
4200
4700
4300
15100
3700
4000
3600
3000
3700
4600
3100
3900
3500
3400
6600
4200
4000
3900
4500
5100
4100
4300
4200
14500
3500
3900
5200
3300
3300
3200
3100
3500
3600
3600
4000
4200
4100
4100
4500
5000
4400
4000
4400
14400
3700
3500
3500
3500
3600
4700
3300
3700
3500
3700
3600
7200
4000
3900
4100
4600
4300
4500
4200
14600
3400
5000
3800
3100
3500
3600
3000
4300
3500
3400
3900
4000
5400
4400
4000
5000
4200
4900
5400
14200
3300
3600
3600
3100
4000
3100
3100
4100
3400
4200
6500
4200
4200
3900
4000
4700
4300
4400
5000
14600
3600
3600
3600
4900
4200
3200
3800
5700
4200
4600
4000
5600
4100
4000
4500
26400
4400
7200
4400
14400
4100
3600
3800
3500
3000
3800
3000
3700
4900
3600
4200
4400
4600
4100
4100
57000
4300
4200
4300
14100
3900
3500
3600
3700
3000
3600
3200
3500
3500
3800
4300
4500
4700
4100
4400
15100
4400
4300
4700
14400
3600
3900
3700
3500
3100
3100
4600
3700
3400
3600
4300
4300
4900
4100
5300
13600
4300
4500
4300
14300
3500
3600
4100
3300
3000
3400
3100
3400
3600
3500
4600
4400
4500
6800
4500
5500
4700
4500
17300
14300
4900
3600
3700
3400
3300
3000
3300
3500
3400
3700
4000
4300
4500
4100
4400
5300
4400
4600
4500
21400
5000
3800
3600
10000
3200
3000
3500
4300
3600
3800
3600
4100
12200
3600
3700
8600
18000
4800
5900
11400
4000
3700
4100
3700
2900
3100
2900
3400
3300
4000
3700
4200
3700
3800
3900
4300
5300
4100
7300
16400
3800
3700
3700
3200
2800
2700
2900
3400
3200
3500
3800
4600
3700
3700
4000
4200
5100
4100
4400
11700
4000
3500
3700
3300
2700
2800
2900
3400
3200
4000
3700
4100
4100
3800
4100
4200
6800
4300
7200
13300
4100
3700
3700
3600
2900
2900
3300
3400
3300
3500
4000
4300
4000
4100
4200
5500
3800
3900
4000
10000
3500
3700
3500
3100
2600
2700
2800
4500
4500
3400
3500
3800
3600
3600
3800
4300
4000
3800
3800
12800
4600
3600
3700
3100
2800
2700
3000
4300
3300
4000
4200
4200
4000
3700
3700
5000
4600
4000
4400
13500
5000
3700
19700
2900
3400
3000
2800
3200
6200
3700
5600
3700
3400
3600
3500
4300
3700
4100
4000
10000
4400
3400
10500
3000
2900
2700
2700
3500
3100
3100
3400
3700
3800
3500
3500
4300
3700
3900
4200
10300
4300
3600
10300
2900
2900
2600
2700
5800
3000
3300
3200
3500
4100
5900
3600
5700
3800
3900
3800
12200
4400
3600
10700
2900
2600
2600
2900
3500
2900
4600
3200
5500
3500
4200
6100
4900
4600
3700
3800
10100
5100
3800
12900
3000
2800
5600
2800
3000
19800
3600
3200
3700
4700
5100
3700
4200
4400
3900
3800
10600
3900
3500
3500
