19000
1700
1200
1200
1100
1400
1400
1000
1100
1200
1700
1300
1500
1200
1100
1100
5400
1200
7200
1100
1100
1000
1600
1100
1200
1100
1000
1000
1100
1000
1100
1100
1100
1000
1300
1200
1300
1100
1200
1200
1100
1000
1200
1100
1100
1000
1200
1300
1300
1000
1000
1000
1300
1000
1200
1000
1000
1100
7500
1200
1300
1200
1200
1100
1100
1100
1000
1000
1300
1000
1300
1100
3300
1600
1900
1000
1200
900
1000
900
800
1100
1200
1000
1200
1100
1000
1100
900
900
800
900
1000
1400
1000
900
1200
1000
1200
900
1000
1000
900
1000
1000
1100
900
1100
1300
1200
1100
1400
1000
1000
1000
900
1700
1000
1000
1000
1100
1300
1000
900
900
1000
1200
900
1000
1000
900
1000
1200
1100
1000
1000
900
1000
1400
1000
1000
1000
900
1100
2100
900
700
700
1100
600
600
700
600
500
700
600
1200
600
600
600
600
600
600
500
3400
600
600
600
700
600
800
500
600
500
600
600
700
600
600
500
700
500
500
500
500
600
600
500
600
500
500
500
500
800
600
600
600
600
500
800
600
600
600
600
600
500
500
600
500
600
600
500
600
500
500
600
2300
1200
600
600
600
500
500
600
700
900
600
500
1100
700
600
600
800
600
800
600
600
600
600
600
800
600
600
600
1300
600
600
600
500
500
800
600
700
600
600
700
600
600
600
500
500
800
600
600
500
600
500
700
600
600
600
600
600
700
500
500
700
700
600
800
500
500
600
500
500
500
600
500
1400
800
600
600
600
700
600
900
500
500
600
500
900
600
700
600
600
500
500
600
600
600
500
500
800
600
600
600
600
500
600
500
500
500
500
600
700
700
600
600
600
500
600
600
500
600
600
600
600
800
600
600
600
600
600
800
600
500
600
600
600
900
500
600
600
600
700
800
500
600
500
600
1300
900
700
600
900
600
600
800
600
600
600
600
800
600
600
500
500
600
800
500
600
500
500
500
800
700
700
600
600
500
700
500
500
600
500
600
4400
600
500
500
600
600
800
500
600
500
600
500
600
500
600
600
600
800
600
1300
600
600
600
700
600
1300
700
600
600
500
800
600
600
600
600
500
1000
600
800
600
500
800
600
600
700
600
500
800
600
600
600
1200
600
500
600
600
600
600
600
700
600
500
600
600
600
600
600
2500
1200
600
600
700
600
600
500
500
600
800
500
600
700
700
600
900
600
600
600
600
700
800
600
600
500
600
600
600
600
600
600
600
500
700
600
500
500
600
500
500
1200
700
600
800
1200
700
700
600
600
2000
700
500
700
600
600
700
3400
600
600
600
600
600
600
600
700
700
600
600
500
600
600
600
600
500
800
600
700
600
600
500
800
600
600
500
600
600
600
900
600
600
500
600
500
800
400
500
600
600
600
700
700
600
600
500
700
800
600
500
600
600
600
500
1700
900
600
600
500
600
600
3400
600
600
600
500
1000
600
600
1800
700
600
700
600
600
500
600
500
1100
600
600
700
500
600
800
500
500
600
700
500
800
600
600
600
600
500
800
500
500
500
600
600
900
600
600
600
700
600
900
600
600
2500
600
600
900
700
600
600
600
500
600
700
600
600
600
500
1200
700
900
600
600
600
600
600
500
700
600
600
700
600
500
600
600
500
600
600
600
800
600
600
600
600
600
600
600
500
500
500
800
500
500
600
700
500
700
600
600
500
600
600
700
600
600
600
700
600
800
600
500
600
500
500
800
600
600
600
600
600
700
700
600
600
500
500
500
700
600
600
