12900
2100
1300
1200
1000
1400
1100
1000
1000
1100
2200
1200
1500
1200
1100
1200
1100
1100
1100
1100
1200
1200
4600
1100
1400
1300
1200
1100
1100
1100
1100
1200
1100
1100
1400
1100
1500
1100
1100
1100
1200
1100
1300
1100
1000
1100
1400
6700
1400
1100
1100
1100
1400
1100
1100
1100
1100
1000
1500
1100
1300
1100
1200
1100
1200
1100
1100
1100
1300
1000
1300
1000
6500
3700
1500
1000
700
700
1000
700
600
900
600
500
800
800
800
600
600
600
500
600
800
700
600
600
800
800
700
700
600
600
600
600
800
900
600
600
600
3600
700
600
600
1100
700
700
600
1000
1500
600
1000
1200
700
700
600
800
700
600
600
600
600
800
700
700
600
600
800
600
600
500
600
600
800
600
2800
1000
600
1400
1100
700
1800
800
700
600
700
600
800
700
600
600
700
700
600
600
600
600
700
800
800
600
600
600
600
800
600
700
600
500
600
700
700
600
600
500
600
700
600
600
600
700
500
700
700
600
600
600
600
900
600
600
600
500
600
600
700
700
600
700
800
600
600
600
700
600
800
600
2600
1100
800
700
900
600
600
700
1700
700
800
600
800
600
600
1200
800
700
600
600
600
900
600
600
800
700
700
700
600
600
700
500
1300
600
600
600
900
600
600
700
700
600
800
600
700
600
600
800
700
600
600
600
500
700
600
600
600
600
500
700
700
600
600
600
700
700
600
600
700
600
700
800
1300
900
700
700
600
800
600
600
600
600
600
800
700
700
600
600
600
600
600
600
700
600
600
600
700
700
600
700
600
600
700
600
600
600
600
600
700
600
600
600
700
600
600
600
600
600
600
600
700
700
600
600
600
700
600
700
600
600
600
600
700
700
700
600
800
600
800
700
600
700
800
600
1200
900
600
700
600
600
600
600
700
600
600
600
700
600
600
600
700
800
700
700
600
600
600
700
700
600
1000
1800
800
600
1000
1100
600
700
800
600
700
600
600
700
800
600
600
600
1400
600
600
600
600
700
600
700
600
600
700
600
600
600
1800
600
700
700
600
700
700
600
500
600
700
500
600
700
1100
700
600
800
600
700
600
600
700
900
700
700
700
600
600
1300
600
600
600
1100
700
900
600
600
700
600
600
800
600
600
600
1700
600
600
600
600
600
700
800
600
700
600
600
600
800
600
700
600
700
800
700
600
700
600
600
500
700
600
600
600
700
600
600
600
600
600
600
500
800
800
600
600
2000
900
600
1000
600
700
600
700
700
800
600
600
700
700
600
1400
600
800
600
600
600
700
600
600
700
600
600
700
600
600
600
600
600
800
700
600
700
600
600
600
600
600
500
600
600
600
600
500
700
700
600
600
600
600
600
600
700
600
600
700
700
700
600
900
600
600
600
600
700
900
600
600
1400
1000
700
700
600
600
600
800
600
600
600
600
700
600
500
1600
700
700
600
700
600
600
600
600
800
700
600
600
600
1100
700
600
700
700
600
600
800
700
600
600
600
600
700
600
600
600
600
600
1200
700
600
600
600
600
3900
700
600
600
600
600
1900
600
700
600
600
700
800
600
600
700
600
700
1100
800
600
600
600
600
800
700
600
600
600
700
900
1400
700
600
600
600
800
700
800
700
600
600
900
600
600
700
600
600
700
600
600
600
600
600
800
600
600
600
600
600
700
500
600
600
600
600
1000
600
600
700
600
600
900
600
700
600
600
600
700
700
600
700
600
600
700
600
600
700
600
600
