24100
1700
900
800
600
600
600
800
800
1200
1300
700
1000
800
600
600
500
600
600
600
500
600
700
600
1000
700
600
500
600
500
500
600
600
600
700
900
700
600
500
500
700
600
500
600
600
600
800
600
800
700
800
600
600
500
500
500
800
600
800
500
1000
600
500
500
500
600
600
800
600
500
700
600
3700
1400
1000
900
900
1000
900
1000
1100
900
900
900
1100
1300
1000
900
1000
900
1000
1200
800
900
1000
900
1100
1300
900
1000
900
900
1100
900
900
900
900
900
1600
1000
1000
900
900
900
800
900
900
900
1200
900
1700
1100
800
5800
900
900
900
1000
900
1100
900
900
1000
900
2600
900
1000
1000
900
1000
1200
900
900
1000
6200
1600
1100
1200
1200
1400
1100
2700
1100
1100
1100
1200
1800
1100
1000
1100
1300
1000
1000
1000
1000
1200
1000
900
1300
1000
1100
1200
1100
1000
1000
1000
1000
9900
1000
1000
1300
1100
1100
1200
1000
1000
1500
1100
1100
1200
1000
1000
1300
1000
1100
1100
1000
1100
1000
1000
1200
1100
1100
1000
1200
1100
1300
1100
1000
900
1000
900
900
900
1200
1000
3200
1400
1100
1300
1300
1100
1100
1000
900
1300
1000
1000
1100
1100
1100
1900
1100
1100
1200
1100
1000
1300
1100
1100
1300
1100
1100
1300
1900
1000
1000
1500
1000
1000
1100
1100
1200
1400
1100
1100
1100
1000
1100
1300
1100
1000
1000
1100
1200
1100
1100
900
1100
1000
1000
1000
1000
1100
1100
1000
1400
1100
1100
900
1000
1000
6900
1100
1000
1100
1100
1000
6700
1200
1000
1100
900
900
900
10200
900
900
900
900
4100
3500
1000
1000
2600
1000
2300
2000
900
2100
2100
1000
2100
1000
1000
1000
1100
1000
1200
900
1100
1100
1000
1100
1200
1100
1100
1000
1100
1100
1300
1100
1100
1100
1100
1100
2200
1000
1000
1000
1100
1000
800
1000
1000
1100
1100
1200
1300
1100
1000
1000
1100
1400
1100
1100
1100
1900
1200
7100
2900
1500
1300
1300
1100
900
800
1100
1000
1000
1000
1300
1100
1100
1000
1000
1100
1000
1000
1100
1000
1000
1200
900
1000
1100
900
1100
1100
1100
1000
900
900
1000
1100
900
1100
900
1000
900
1200
900
900
1000
900
1000
900
1000
1000
900
800
1000
1100
900
1000
800
900
900
1000
1900
1100
1000
1100
1000
1100
900
800
800
900
900
1000
900
1900
1000
700
600
600
800
700
600
600
600
600
600
600
600
500
1400
600
600
500
800
600
600
500
600
700
800
600
600
500
600
600
2000
600
600
600
600
700
4600
600
600
600
600
600
700
600
500
600
500
600
800
600
600
500
500
600
800
500
600
600
500
600
600
600
500
600
600
800
600
600
600
600
600
1300
1100
600
600
800
600
1100
1200
1400
600
600
600
800
900
600
700
600
600
700
500
600
600
600
600
800
500
600
600
600
600
600
600
600
700
600
600
600
600
600
600
600
600
600
900
600
600
700
600
700
600
5000
700
600
600
600
500
800
600
500
600
600
600
800
600
600
600
600
600
500
800
500
900
2000
700
600
700
5400
800
600
600
600
600
900
600
600
500
600
1600
800
600
600
600
600
600
800
600
800
600
600
600
900
600
600
600
500
600
800
600
600
600
600
500
800
600
600
600
600
600
800
600
600
700
700
600
800
600
600
600
600
600
500
500
700
600
700
600
700
700
500
600
500
700
600
500
1800
800
700
800
500
600
700
600
600
800
600
600
800
600
700
600
600
600
600
600
900
600
600
600
1000
500
800
600
500
600
600
600
800
600
600
500
700
600
800
600
600
600
600
600
5600
600
600
600
1100
1100
1000
600
600
500
500
600
800
600
600
600
600
600
900
600
600
600
600
500
800
700
600
600
