1481700
39400
121600
123500
18300
7000
7400
277500
12800
10600
37900
10800
130600
92600
9600
9700
57200
10700
12200
9900
10400
14100
12900
11500
163400
128200
15000
93800
12700
15700
15400
47200
14400
48700
14900
14700
163400
62500
18700
133000
20200
16800
35600
15100
18600
16800
18400
18300
174400
19800
240500
20200
88700
18200
259100
81600
19300
21700
19100
18700
16600
41300
35400
41500
40200
5600
5400
5600
5600
10300
63800
6600
83500
170800
12800
11600
52500
11700
13200
11800
12200
15900
20200
14800
147400
129100
17800
84100
18700
17400
17700
47000
16900
47300
18300
20100
183000
63800
19200
135400
24700
20000
41000
20300
24200
21800
24400
23400
192400
26600
250000
27900
96900
29600
299100
66200
25400
28200
25500
25000
9800
20500
15900
16400
24600
7300
7700
9300
7800
8200
31300
8500
45000
12700
79400
66800
14400
11500
13400
92100
12800
12700
14000
12700
92400
74600
16800
53000
19600
19900
17600
33100
16300
34300
19300
21500
125900
42400
20200
82800
25500
20900
33300
20700
23300
24400
24700
23400
118300
27800
143000
27800
68200
13100
178300
48600
13900
16000
13200
12500
7200
52500
14800
13700
30700
6200
5000
5600
5000
32700
32900
50800
89100
9300
67300
51200
9400
35000
7700
87000
18800
22400
6600
6500
91500
52800
8400
20700
44000
11300
8300
8900
8500
10800
10500
11500
95300
32500
10800
78900
14700
10400
20600
10800
12600
10400
12100
9600
105900
15900
79800
10800
31600
8100
93700
25300
9000
10000
8300
8400
5300
7300
6600
6900
7500
2700
3000
2900
2600
2700
13800
2900
24000
5000
29800
21500
5200
8000
6100
29900
9500
9700
4100
4300
35100
24000
5500
5200
14800
5400
5400
5300
5700
6700
7500
7900
37300
40000
13000
26500
10900
8200
7900
19300
8500
25200
7700
8700
50000
15300
68400
9000
30200
8300
76100
30500
11500
10000
8100
8600
4100
23700
10600
9100
10200
3200
3900
2900
2900
3100
16300
2800
26500
4600
28000
28600
4800
8200
4900
35400
14000
10200
5200
5400
30100
24300
5500
5300
23800
5300
5900
5400
5700
8200
6700
6200
45100
33300
8000
25600
13500
8700
8000
22100
7300
18800
7100
8700
58600
28500
19500
63200
11900
11100
20200
12500
21200
12800
13300
13800
14100
6300
5600
112700
20500
12900
12500
12900
12300
13300
14400
17100
14900
66200
14900
14100
14300
14200
68300
15500
15100
133100
11200
9600
44500
10500
11300
50600
44600
16800
9900
11300
10200
54100
10100
11200
23900
13200
10900
38400
38500
11700
46400
11700
10500
9800
11300
11500
126800
20900
16100
10300
19400
16200
10700
8800
13200
11500
17100
9900
28500
8300
7500
9800
6900
8500
8800
8600
8300
6800
8500
7000
10000
26200
14100
8700
8400
8200
26600
9200
9100
63300
8500
8300
32500
10000
11000
37000
37000
10100
12300
11400
9700
48000
9900
11000
12200
10900
10700
34300
46000
13600
46700
11100
11300
10800
12300
12800
115800
13100
187800
84200
105700
82900
44600
55800
55000
22100
28500
13700
20200
13700
13700
40400
12800
13400
13600
12900
13200
13400
13400
21400
64400
57500
17500
39600
16300
16300
15600
83400
16000
15600
18200
17000
60900
25900
22100
72200
74900
32700
20300
22100
22100
111100
26500
67500
29900
15900
18800
35000
51400
36300
108700
20900
19400
17700
21700
30200
311200
32200
40700
13300
25600
17800
13400
8700
10900
11200
16400
8700
14600
8100
8000
6900
7300
7400
7700
15100
28000
43100
7100
7300
9500
8600
8400
20100
8400
9200
30200
8600
39800
8400
15400
9400
10400
27600
11000
12300
9900
9700
31400
11600
11000
68800
15700
10800
14300
12600
11900
31100
46300
12700
48200
11300
11700
11500
13000
21700
152900
13600
18000
10700
24000
18000
10900
9100
11400
10500
27300
9300
14800
13400
8200
7700
7400
9100
7900
7200
7100
9100
7400
11500
10500
8800
8600
21700
8500
8500
8600
8800
8300
78900
10100
8900
10800
31000
14500
12700
32600
9800
29800
14400
12400
73300
10300
10800
33300
11800
11900
33700
38600
11200
12900
12700
11500
51800
10900
12000
108400
12900
16000
11700
19300
15100
9100
8500
12200
16200
16600
9200
12400
7300
7700
6700
7300
8200
7400
7000
7200
6900
7100
6900
8700
38200
13500
17100
11300
7400
25700
7900
7500
7600
8500
27600
9600
25200
12100
8900
9400
9100
42400
15700
10500
54800
11600
9500
31300
13100
12800
39300
37700
29400
9800
11600
9900
37600
10300
12800
56100
15200
8700
13200
15200
14700
16200
8700
8400
8900
10300
12000
10400
6100
6100
7000
6200
5700
6900
6100
5900
6700
5900
6000
8200
7200
8400
9500
7400
8500
7700
7100
8200
7400
11900
7600
9800
20400
8500
8700
9100
8800
8700
8900
9200
9000
8900
9400
10900
28300
10600
15800
12500
10100
10200
10500
28300
9800
10200
9900
58000
8500
10000
8300
10300
10300
8400
10600
22900
8800
10100
12600
9500
7800
8400
6400
6100
6600
6100
5900
6100
6200
6500
6200
8500
7200
8200
8400
8500
7200
10200
7500
12600
7400
7600
7500
11300
20100
8500
8700
9000
8800
8600
9100
9200
8900
9200
10500
11200
30600
14700
9800
13400
10100
9500
9800
31400
10200
10200
9700
54800
9000
8500
9700
10300
10200
8400
15000
18100
8800
11700
12900
8900
9000
8100
6500
6000
6300
6100
8200
6100
6600
5900
8100
9200
7500
7400
8300
7800
12300
8400
7400
7500
7900
7800
7500
9400
21100
8400
8500
9000
9200
8600
8900
9100
8800
8800
9000
15500
28900
9800
10000
10800
9900
9700
9400
30000
10000
9700
10600
55700
8600
8900
8700
9800
12900
8300
10300
17300
8800
10000
10600
8200
6300
5700
6200
6100
8000
6000
5800
6000
5900
6900
6000
10600
17200
7900
8000
8900
7700
8900
8500
7300
8500
7600
8500
10400
9700
11100
10700
9800
9000
11300
10100
9900
9200
10200
10000
15600
36300
9900
10000
10900
9700
9900
9700
31000
11200
9800
9900
54700
8700
8300
8600
14600
9700
8300
9900
17400
8300
10400
10600
8500
6800
23500
6200
5900
5900
6000
6100
6200
6200
6200
6200
14700
7400
7500
8000
7300
7700
8100
7300
7400
7300
7800
7400
9500
8500
9900
9600
8800
8800
9200
8700
8900
9500
13200
9800
10900
20500
9500
9900
9800
9700
10000
9900
9800
11000
30400
10300
57700
9200
10200
14600
10200
8500
10600
11400
19200
8600
10400
13400
11000
6900
6300
6500
8600
6500
7200
7100
7100
6200
6000
6300
14400
7500
7800
8200
7500
7200
8700
7600
33000
7700
7300
8000
10900
8900
10500
10000
9000
8900
9200
13600
9100
9300
9300
9200
10800
20300
9700
9900
10200
9700
10000
9800
9900
10200
9900
10800
60500
14000
9100
8400
10800
8700
8900
8700
16100
8700
9200
8600
9900
6000
6000
6800
6400
6700
6200
5900
6200
6700
6100
7500
8400
7700
7400
7300
7200
12500
7700
7500
7400
7500
7600
7400
10200
9900
8600
10000
8700
8800
8800
9200
8800
10700
9300
9000
12800
15600
9900
11400
10100
9900
9800
38900
9900
10400
9800
9900
65800
8700
12500
12900
11800
14200
9000
8900
9200
9000
9200
9000
7900
6500
6200
6300
6400
7900
6400
6200
6500
6000
6100
5900
7900
7500
7700
7300
11900
7400
7500
8400
7500
8000
7500
7600
9700
9900
8800
8600
8900
8900
9000
9200
8700
9100
9100
10400
16400
11700
10100
11300
10300
9800
9600
37800
9700
9900
10200
10500
66500
8500
10300
8500
11100
14100
9600
8600
8700
9000
9000
9000
7700
6000
5900
6200
6100
6000
6500
6100
6100
5900
5900
5800
7800
7400
7500
8200
11900
8000
7300
7500
7700
8900
7700
7300
10000
9800
8800
8700
9000
10900
10300
10400
9200
9100
8800
13900
12800
12800
10300
11100
9900
10200
10400
39200
9900
9900
10100
10000
69900
8800
10300
8500
10800
14400
8400
9000
8600
9000
8600
8900
7700
6300
7100
6300
7000
5900
6400
5900
7100
6200
5800
6100
12100
7300
7600
8800
7200
8200
7600
7400
7900
8300
7400
8000
9200
9100
8900
8600
9200
8900
9600
8900
9200
9000
13200
8800
14700
10900
10000
11200
9900
9800
9800
36300
10000
10100
11000
6700
74700
4500
8600
4800
6200
9900
4300
4200
4500
4300
4500
4200
6400
5200
5200
5300
6500
5200
5400
6600
5700
5100
5100
9500
5700
5700
5800
6400
5500
6500
5800
5700
5800
6500
6000
5900
6500
6800
6400
6100
6000
6200
6200
6800
6300
6300
6700
6400
7400
7400
7700
6300
6100
6400
6200
6300
6300
6600
34000
6500
64800
4500
5200
4200
6500
10200
4000
4800
4300
4400
4200
4300
6500
5500
4900
5400
5800
4900
5400
5300
5200
5200
4900
9500
5900
13900
5500
6400
5400
6300
5700
5600
5700
6300
5900
5600
6500
6200
6900
6600
6000
7800
6300
10800
6100
6300
6500
6600
6800
7200
25600
7900
6200
8000
6500
6200
6100
6500
6400
6600
56800
5400
4400
6300
4300
4100
4300
14200
4200
4300
4200
4300
7800
6900
5000
5300
4900
5100
5100
4900
5200
5300
5200
5300
6700
5400
6100
10200
6900
5500
5700
5500
24400
5800
27400
5800
6900
6300
6400
6100
6300
6700
7000
6300
6200
11800
6200
6200
8300
7100
6300
6100
6400
7200
7500
6400
6500
6400
6400
6100
55700
4400
5300
5800
4100
4500
10300
4100
4300
4200
8400
6500
6800
5200
4900
4800
5700
5000
5100
5100
5000
5700
5100
5100
13400
6700
7100
5600
7600
6600
5500
6700
25400
5600
30900
5500
8900
6000
7100
7300
10900
6100
7100
6600
6300
7000
6200
6400
9300
6000
6100
6200
6200
7000
7100
8200
6400
10700
6200
139100
66000
5200
9000
4300
4600
4500
14800
4400
4200
4400
5700
6500
7800
5200
30400
8000
5300
4700
4800
4600
8500
5300
4900
5000
6600
5700
5200
5300
25500
5300
5400
5100
5100
5900
5200
7300
11100
5900
5800
5800
5600
5800
6600
5900
5700
7000
5800
5600
7700
5900
5700
5800
5600
11500
6700
6100
5900
5900
5900
6000
50200
3900
5000
3900
5600
4800
9900
3700
4000
3700
5500
10100
6900
4600
4700
4600
5100
4800
4600
4800
4800
5400
5000
4800
5900
5400
5300
5200
5200
5600
5400
5000
5000
5700
5200
5900
11100
5600
6300
5900
7100
6000
5700
5600
23400
5900
27800
6400
7400
10100
5700
5500
5800
6700
6700
6200
5900
5900
5800
5800
49900
3900
4900
3500
3900
3900
13100
3800
4300
3800
5100
5800
6300
4900
4500
4800
5300
4600
4700
4600
4700
5200
4700
6600
6000
5500
5100
5200
5100
5000
9300
5100
15700
5900
5200
20300
7300
6000
7000
5900
7400
5900
6400
6000
23900
6400
34100
6000
6500
6400
5900
5800
6200
5800
6800
5900
5800
6900
5700
5800
47500
3700
8800
3600
3900
3800
9100
3800
3800
4000
6500
6200
8800
5000
4400
4700
5000
4800
4700
4600
4900
5100
5000
4900
10400
5600
5200
5300
5200
5300
5400
5800
5300
5900
5300
6000
7200
20300
6400
5900
18800
6300
6200
10800
24100
6400
27800
6200
7300
6600
6100
7900
6300
6400
8700
6300
6400
12000
6400
6300
59800
4900
4000
4200
4100
9500
5000
4100
12000
4200
4500
4400
10500
17700
5900
5400
5000
5500
4900
5100
5400
5000
5200
5000
10600
6200
6600
5200
6100
14400
5600
7700
5800
5700
5500
5800
7500
6200
6900
8800
5600
5500
6400
5700
5800
10000
6200
5800
6900
6800
5900
5700
5800
5800
6200
5800
6700
5900
6800
5900
50000
3900
10000
3900
4000
3900
13000
3800
5000
5000
4000
4000
6500
4600
4600
4500
4700
5300
4600
4700
4500
4700
4600
9300
5600
5400
5500
5000
5200
5000
5100
5300
5200
5200
5300
5200
6400
5800
6300
5500
5800
5500
6600
5700
9900
5800
5800
5700
6400
6400
5700
5500
5600
5600
5600
7700
9700
6300
6300
6200
56500
4000
5300
4000
4100
4200
11600
4000
5100
5800
4200
4500
8600
4900
5100
5100
5100
5200
5000
6500
6800
7800
5200
5800
5900
13100
7500
5400
5700
5000
5900
5700
5200
5300
5200
5300
6500
5500
7800
5600
8600
5800
6400
5800
7100
5800
5900
10200
6600
6700
5700
5700
5700
5700
5600
5600
6600
5700
5800
6700
51600
4900
5100
10500
3800
3800
12200
4600
5000
5300
5300
4300
8600
6200
11300
5300
11500
5200
4900
8700
7600
9500
8000
6200
5900
5600
7400
7700
11800
5500
5800
6100
6800
5600
5800
5700
7200
6400
6600
5800
5900
5700
6000
5700
5900
6000
6000
5700
25400
7900
6100
6200
6700
6800
6100
10800
6900
6000
5600
5900
48800
5200
5500
3700
5200
4000
16400
17300
5300
5300
4900
4100
10500
7100
7500
8800
7600
8700
7800
11500
9100
9100
9200
9900
11500
10100
10500
9600
10400
9600
9800
13500
5700
6000
5800
5500
6400
6700
6700
6200
6200
12700
6000
6200
6300
6200
6100
6200
7600
6300
11300
6300
5900
6100
7000
6300
6400
6300
6200
6200
53400
4100
5200
4000
4000
4100
14400
4000
9300
5100
4200
4400
7100
5000
4800
4900
5200
4900
5100
4900
5200
7000
5400
5900
5800
5400
6700
5700
5900
5800
5500
6100
5800
7600
5700
7000
7400
7900
7900
7300
7300
6100
7300
7300
7300
6600
7400
7500
9900
7200
8300
10500
6000
6300
7200
6300
7200
6300
6300
6200
53700
6000
4100
3900
4300
4000
11500
4100
5300
4400
4200
8500
8200
5000
5400
5200
4900
10000
5000
5100
4900
5300
5100
5100
5900
5500
27400
6000
5600
6000
5800
5400
5500
5500
5700
7900
6700
6200
5900
6500
10900
6700
6100
6100
8600
6200
6300
7000
7500
6100
24700
6500
6300
6200
6000
6400
6200
10700
6600
7500
70000
5300
9600
4100
4200
4100
4300
5100
4200
4400
4300
14900
7100
5000
4900
4900
9300
4900
4900
6000
5100
5000
5300
6600
5800
5400
25300
7200
5600
5300
5600
6000
5600
5300
5700
6100
6500
6000
5700
10100
6700
6500
6000
5900
6800
6000
6300
6700
7200
6100
23600
6100
6200
6100
5900
6200
10400
6400
6000
7400
71400
5200
9600
4000
4100
4000
4300
4900
4100
4300
5900
16000
7200
5300
9400
4900
5300
4900
5100
5000
5900
5100
5300
24300
5700
5600
5900
5700
5400
5600
5700
5500
5700
6100
5900
5700
6400
5900
10400
6100
6600
6600
6900
5900
6700
6300
6400
6800
7000
6200
23400
6600
6200
6000
6200
10400
6300
6100
6200
7100
71100
5200
9400
4100
4200
4000
4200
5000
4100
4300
4200
14200
9100
9500
5000
4800
5100
5000
5000
5000
5100
5200
5400
5300
5800
5300
6400
5600
5500
5700
5500
5500
5600
5600
5800
6200
6400
6100
31100
7300
6100
6200
6600
6400
5900
6300
6300
7100
6900
6100
23600
6100
6100
5900
10500
6300
6100
6100
6100
7000
72300
5100
9200
4000
4000
4000
4300
5000
6100
4400
4200
18300
6700
5100
5000
5100
4900
4900
5000
4900
5000
5000
5600
5300
5600
5800
6400
6000
5600
5500
5600
5600
5600
5800
5600
5700
6300
16900
25600
6600
7300
6100
6200
6200
6100
6200
6300
6900
6800
6000
6100
5900
7100
6900
6000
28500
7300
6100
6400
7000
173000
5500
11600
4100
4200
4000
4300
5000
4200
4400
4200
18600
7200
5400
4700
5000
5200
5200
4900
4900
31500
5100
5600
5100
5800
5500
5800
5700
5600
5400
5600
5500
5600
5500
27300
5600
6300
6100
26000
6800
6800
5900
6200
6100
6000
6200
6300
6900
6700
6000
10200
6200
6800
6800
6100
5900
7700
6100
6300
7000
92100
4300
9500
4000
4600
5000
9600
4200
4000
8700
4200
5500
7900
10100
5600
5000
5200
5300
5200
4800
5000
5000
5200
5200
6100
5500
6000
45100
5500
5500
5800
5500
5600
5600
5500
10400
24500
6300
6100
25800
6100
6000
6800
6200
6000
6100
6300
7000
8100
7000
10500
7100
6300
6200
6100
6300
33200
6200
6500
7200
50800
5700
4100
4200
8200
5200
11000
9900
10000
4400
4200
5400
8200
5400
6800
5200
5500
4900
5200
4900
5100
4900
5200
5100
5800
5400
6200
42500
5500
5600
10300
5500
5700
5600
6000
6300
24600
6000
6100
25500
6000
5800
6300
6000
7600
5900
6200
6800
12100
6900
6200
6800
6200
6100
5900
6200
33800
6200
6200
7100
49600
4100
3800
8200
8400
4000
11500
4200
3900
4100
3900
4000
7300
5800
5100
5200
5400
5000
5300
4900
22300
5200
4900
25100
5800
11000
5600
5400
5800
6000
5400
5500
5500
5700
5500
5900
26300
6100
6000
25900
30500
6200
6200
6100
10700
6000
7000
7000
8000
7000
6200
6900
6200
6100
5900
6100
32800
6000
6200
7100
54500
4200
3800
4100
8700
3800
10800
4600
3900
4300
4000
4300
7100
5200
4900
5000
5200
4900
5200
4900
5000
5000
5200
5100
5700
7600
6800
6000
6700
7100
5500
8000
5400
7000
5600
6900
7300
7000
7700
46200
7200
7200
7300
6100
10600
27200
25100
7000
8100
7000
6300
6800
6200
6200
6000
6200
32300
6200
6200
7200
50000
4200
3900
4000
7900
4100
10800
4300
4000
4200
4400
5600
7400
5300
5000
4900
5600
5000
5200
9600
5100
5300
5100
5400
5700
6300
5500
5600
5600
6300
5700
5400
5700
5700
5600
6700
6500
10200
6900
42600
6200
6800
6200
6100
6200
31200
6400
7100
24300
10400
6500
25400
5900
6100
6200
6300
6000
7600
6300
7300
50000
4100
4000
4100
8000
3900
11600
9000
4000
4300
4000
4100
6900
5600
7200
5100
5300
4900
5100
4900
5200
5600
5200
5200
5600
6000
5500
5300
5600
5800
6100
5500
5900
5700
5600
10000
17800
6000
6900
42700
6100
8200
6100
6200
6100
7600
6200
6900
29300
6300
5900
26300
6100
6600
7500
6100
6100
6100
6200
7000
52700
5200
4400
5000
4100
8600
4000
4400
34600
4200
4000
5100
7800
5600
5000
4900
5700
4900
5200
5100
5600
5100
5000
5100
6400
5600
5300
5700
5600
5400
5600
5600
5800
5600
5800
10800
6800
6100
6000
6100
6100
6300
6300
5900
6200
6200
6400
6300
6800
6300
8300
6200
7100
6100
10500
6000
7100
6200
6200
6000
52500
4300
5200
4100
4000
4200
5400
5600
5300
4300
4100
4200
6500
5200
5100
9800
4900
4900
5600
4800
5400
5000
5500
5200
6300
6100
5300
5500
5400
5400
5300
5600
5600
5400
6300
6300
6400
6100
5800
10900
6200
6200
5900
6100
6300
6200
6200
7100
6800
5800
6000
6000
6800
6300
6000
6100
6200
6200
8000
11400
50300
4000
5100
4100
4000
5100
7000
5200
5100
4200
4300
4100
6900
5100
5100
5400
4800
5200
5000
5000
10400
5600
5600
5300
5800
5400
5600
5400
6600
5400
5400
5700
6300
7200
5900
5500
6500
5800
6000
6000
6100
5900
6000
12300
10400
11400
6400
10000
9600
10400
10100
10400
11600
6100
6000
6100
6200
5900
6000
6200
55600
5600
5000
4100
3900
4100
4800
5000
5200
4100
4300
4000
6600
4900
5100
5100
5000
5000
4800
5000
5100
5100
9000
5700
5800
5400
10200
5500
5500
5600
5600
5600
6100
5400
5800
5500
58300
15400
12300
9100
10200
6400
5900
6300
6300
8900
6300
14100
7100
6100
6100
6900
7000
6400
6300
6900
6000
6100
6300
6500
129400
4400
5000
4000
4000
4000
9700
5000
5200
4300
4000
4300
7100
5400
5400
5200
7900
5500
5000
5100
5200
5200
5200
5100
5800
5400
5400
5400
5400
5700
5500
10200
6200
5600
5700
5500
7200
6100
5800
6000
6700
6200
5900
6300
6300
6400
6100
7800
6700
6400
5900
10400
6100
6800
6300
5900
6200
6300
6400
6300
100500
10900
9600
3800
4000
3700
5000
5000
5200
8600
4300
13700
6500
5100
5400
5200
4800
5200
4800
4900
5400
4800
5500
4900
5600
5500
5400
5200
5500
5400
5500
5500
6400
5500
10200
5500
13500
6100
5700
5700
6000
6000
6600
6000
6000
6400
6200
7200
6500
5900
7200
6200
10400
5800
6100
8900
17000
6200
6100
6500
51700
4300
3900
4000
5400
3900
4200
3900
4300
4000
4200
4000
8000
4700
5000
4800
5000
4600
4900
4600
5100
9300
4800
5200
5700
5200
7200
5100
5400
5700
5300
6200
5200
5900
5200
6000
6400
6600
5700
5800
53200
6100
5800
6100
6800
6000
5700
6400
7800
6300
6000
5700
6100
7000
6300
6900
6000
6100
5900
6200
54400
4200
4000
4000
4300
4200
5100
3900
5200
5200
4200
3900
7300
6700
4600
4800
4600
5000
4700
4900
5000
4700
5100
4900
6300
9600
5000
5100
5100
5100
5100
5700
5400
5800
5200
6000
6200
6300
5900
5900
40900
6000
5700
6100
6000
5600
8200
9000
9700
6900
5700
6800
7100
7800
7200
7800
7000
5700
7100
8000
51900
5200
3800
8900
3800
3700
5100
4400
5100
5200
4200
3800
7500
4800
4900
4600
4800
4900
4800
5100
4900
5000
4800
5100
6000
5600
6400
5900
10000
6300
5500
5200
5900
5600
5300
5800
6000
6300
6600
5900
81800
5800
5900
5900
6100
5600
5900
6200
13000
5800
5900
7600
6000
6800
6100
6700
5700
6000
6100
6100
49500
3900
3900
4000
3900
3700
5000
9000
5000
5100
4800
5500
7300
4700
4800
4700
4900
4700
4900
4700
5000
4700
29500
5300
5900
6800
5400
5800
5300
5300
5300
11200
5800
5400
8500
7700
9900
10400
8900
5900
5700
7000
7200
7900
7400
6600
6000
9200
7800
6000
11100
5600
5700
6700
5900
6600
6000
6000
6000
6500
68800
8500
5900
4700
4100
12200
7600
5000
6400
14700
5000
4700
9400
9700
5700
5800
4400
4800
4800
4700
4800
4500
4700
4600
5900
5300
5200
5500
5200
5300
5000
5300
5500
5300
5300
5200
10700
5800
5700
5300
5700
5700
5500
6400
5600
6600
5600
6600
6700
6600
5800
6000
33800
7000
5800
5900
5900
5500
5700
6000
49400
4100
3700
3900
3600
3800
5100
4200
5100
4900
4000
3600
7000
4500
8900
5000
4400
5000
5200
4700
4600
4700
4700
4700
5900
5300
4900
5600
6100
4900
5400
5000
5600
5300
5100
5400
6000
5600
5500
12100
11200
8600
8000
11900
8300
9000
9500
11100
10500
10100
8800
9200
43500
8200
9000
14400
8400
8500
8600
9300
81600
6600
6000
5600
15300
7900
6000
6900
5000
5100
6200
5800
