52200
11800
12000
6300
1213100
40700
5900
6900
9600
6500
6600
7400
61500
60000
14300
13400
14900
39900
15800
14400
14700
20000
16000
15700
46200
17800
184200
67000
18600
19500
18600
19200
127300
25600
20700
19600
121600
167700
127400
23700
23700
23800
23100
23700
28100
25400
23700
24500
228900
141500
31000
31800
35600
362900
29200
30200
424000
32500
29800
32700
16400
34900
8000
8100
10600
9000
8900
10700
9100
9600
10400
10800
56800
53700
11800
13600
12900
16000
15400
15000
16800
14600
15500
16700
39100
17100
127200
61900
17500
17700
18700
18000
91500
21500
29200
20200
101100
132000
110900
21600
23700
22300
23300
22500
28000
23800
23700
23700
196200
118200
32800
28600
33500
283100
30100
27800
259200
29000
29200
27700
10900
10600
15200
7900
9900
8200
9400
10500
8900
9700
11400
10400
23200
13300
14300
13200
25100
26400
35900
14600
16400
17000
15500
15700
47200
17200
89400
45600
18000
18600
18600
19100
68100
23000
20000
19300
77800
106100
84900
21400
20200
25800
28500
11600
18200
9900
10400
10500
137400
151700
20000
16300
18000
227300
9900
12600
143000
7900
8200
8100
5000
7400
5200
2600
4100
3500
2900
2600
2600
2600
3000
2700
9400
4000
4500
3800
15900
9300
13700
4400
4000
4300
4600
4300
18600
23500
33700
29500
9500
10900
9400
26900
29900
8400
8600
9400
56100
93500
66000
10900
15100
10500
10000
10600
12900
10100
11700
10300
112900
84800
15500
17700
20300
184300
13100
12200
216600
12800
9000
9500
4800
18900
3800
4100
5800
5700
4400
3800
4100
4000
4700
4300
50000
6000
6500
7100
26400
11000
17200
6100
6800
6700
6500
6300
17000
24600
12900
13100
8200
10300
13300
21200
19200
8400
8200
8400
24200
9800
71000
31500
10100
19400
9900
10300
46000
13100
10700
10000
80400
51300
15300
13700
16200
134500
11800
12300
137800
13600
12300
12400
9300
4000
8000
4300
11300
5300
4400
4400
4800
4600
4000
4300
31600
5900
6000
6500
13300
12200
34200
6800
7100
6800
7200
9700
21800
43900
29300
13700
14000
10500
11200
46700
18100
8500
8100
8500
29000
16100
71200
24500
17500
10400
12400
9500
66000
13000
10400
10200
46700
88100
46100
20700
12300
13000
12200
24400
15900
54900
29500
12800
152300
30200
17200
17500
18300
18000
17200
17700
24800
17600
20100
23000
20300
20000
19000
26300
19300
20300
21800
18000
15200
25800
21100
44000
32200
22900
22800
26100
26400
21600
21900
22900
174500
21700
24500
21600
35400
30000
23300
68700
19300
17100
15800
22000
11600
37400
10500
11200
105800
10400
10800
13500
8300
15600
8400
10000
10600
24500
8400
9700
10000
6600
6500
6400
6600
6300
10500
6800
6500
6800
6700
28800
8700
8600
7800
9100
7800
8400
8400
7600
7900
7700
8800
9100
11000
11900
9400
11600
10000
9500
9900
10100
42300
10000
12500
9600
11900
11300
14200
37100
11300
10200
10600
10300
10600
34500
10400
10600
86600
10200
12800
12600
8000
15000
10600
9700
8700
23300
10000
9600
8200
7200
6300
6600
6400
6400
7500
6500
6500
9400
6600
6800
30900
7600
7700
8000
9000
8100
8000
7700
9100
8000
8200
8700
11000
9800
9600
10600
12700
9400
9700
10200
43800
9800
10100
9400
10900
13100
11400
38800
11400
10300
10700
10300
10200
35100
10900
10800
85900
10100
10300
12800
8500
18100
8800
9700
8500
22700
8600
9600
11100
6800
6800
6300
6600
6300
7100
6500
6600
6700
6500
6800
33500
7900
7600
8000
8700
7800
8300
7800
9100
8100
7900
9100
10500
10000
9300
11400
9200
10100
13100
9300
40600
9200
10400
10100
11900
11700
12000
37200
11600
11700
11600
11600
10200
37700
10300
11300
89200
10500
10900
13000
8900
15200
9500
12300
8700
22400
8600
9800
9300
6800
29200
6400
6700
6400
7200
6400
6600
6700
6500
6800
39000
8100
7800
7700
8500
7700
8100
7900
8700
7800
8100
8800
10700
10300
9200
12400
9200
19300
12600
9600
11900
9100
11200
10500
12600
10700
10400
11700
11400
10400
10400
13000
43500
40100
11600
11300
86600
9700
10500
12300
8400
14100
8700
9500
8500
25500
8600
9800
21200
6800
6500
25700
6400
6900
8600
6400
6600
6600
6500
6900
30200
7700
10600
7900
9000
7900
7800
8200
8700
8000
7800
8800
10900
10100
9100
10200
9500
10100
10300
10200
11900
9200
10600
10500
12700
10800
10500
11800
11500
10700
10300
12100
42900
13000
11800
10300
105200
10000
12400
15600
10700
8500
8500
8600
16800
17700
8500
8800
9400
8100
6300
9200
6300
7100
6700
7000
26000
6400
6600
6900
27700
9500
19300
7600
7800
8400
36000
7600
8000
7700
11200
7700
11000
9100
32800
37800
9200
9200
9200
35100
11300
9900
11600
9800
21800
10100
68900
11500
9800
32200
10900
70900
15000
15100
19300
19600
365300
13600
13900
21100
13900
10900
10300
13600
16200
9900
7900
8500
34500
10000
9700
6400
8700
6600
6600
6600
6900
6600
6400
6700
29300
7700
20500
8200
7600
8500
35500
7700
8300
7800
8300
10500
10300
9300
32500
38100
9500
8900
9200
41300
11100
9100
9400
9700
14000
10200
68800
9900
10500
30400
9900
66100
18400
10200
12100
10600
52900
9400
9300
13600
9000
8200
8200
10300
16300
9700
8100
8200
8000
18600
5400
5600
5900
6700
6100
5700
24200
20300
5600
5800
7400
6900
6900
6600
7300
7700
6800
7100
21800
7300
9700
7700
9500
8500
25900
30500
8000
8500
8200
28100
10300
8800
8500
8200
13100
9600
58000
9400
9000
24200
9200
45800
9700
9200
11900
10900
52600
9600
9300
13100
9100
8400
7800
10100
15200
9600
7900
8600
8200
15500
8100
5400
7900
24700
5500
5700
5500
6100
6000
5700
7100
6700
7600
7000
7600
7900
6900
7300
21000
7000
25400
10300
23500
8200
29900
8200
8100
9800
29000
8200
13900
14700
12400
10200
15200
9200
56100
10200
9000
24500
9300
46000
9400
9700
9300
13600
53200
9200
9200
13600
9000
8300
8100
9800
15600
9100
8500
8000
7500
5800
8100
6600
6500
8300
5500
6800
5600
26700
5800
5600
7400
6800
6600
6800
6700
8000
6900
6700
21200
7100
7100
7700
50300
8300
19200
23500
8300
10600
27600
9200
8600
8600
10700
8400
12100
24000
28200
32000
29300
13800
14400
51100
19500
16600
15100
62100
92900
14900
13900
24600
15100
11900
12200
15700
27300
14300
13100
11100
12500
6100
6000
5700
7400
5600
9900
5800
8100
6000
5700
5800
7600
6900
8800
6900
24700
8000
7500
7000
36800
7200
6900
8500
29400
8100
17500
8700
8400
9700
27800
8500
8200
8400
9900
8500
12200
9600
27800
33500
9400
31200
13400
91100
24300
17100
16300
15100
98900
19100
38000
8800
8200
12900
8600
19300
8300
8300
8300
13100
9300
5800
6400
5500
6800
5400
7600
6900
5600
5800
5600
5800
7400
7200
6800
7000
6700
9900
7100
34800
7100
6900
25900
7700
9000
9300
8100
9300
8300
9000
8200
8500
8300
11000
8500
10200
10600
9300
9400
9000
27800
9100
10700
10500
9200
10500
10800
30000
66600
9500
10900
17600
11900
11400
11400
13800
28700
8200
8400
8200
9700
5700
5700
6200
7300
9300
7100
6300
5900
5600
6700
5700
7500
8300
7400
6700
6900
6700
7000
32100
6800
7100
25400
6900
9100
12100
7800
8900
8600
10500
8300
8600
8100
8600
8300
9700
10100
8900
9500
9300
28300
11700
10500
10700
9200
9200
9400
28400
52200
8200
8100
14800
9700
10000
8300
13000
23300
8300
8400
8500
10000
5600
5300
5800
5300
5600
5900
5400
5600
5500
6100
5500
7500
6900
7900
24600
7400
9600
7400
7400
7200
7100
31200
7500
9000
9000
8200
8900
8700
9000
8300
9500
8600
8500
8100
10300
11700
10000
9300
9200
31300
10300
12300
11400
10000
9400
10100
31900
52400
7900
8300
14900
9300
10700
8300
10200
23500
8400
8100
8600
9000
5600
7200
8800
6400
5700
5400
5700
5900
5600
6300
5600
7100
7400
8200
7200
7600
7000
7800
8700
7300
7100
6900
7200
8700
8700
10900
8100
8700
8300
9000
33500
8900
8500
26900
8500
10400
8800
9500
9400
30100
9400
10400
10200
9500
9200
9600
27600
51700
8500
9000
14700
9300
9500
7900
12800
22800
8400
8300
8500
8500
5600
23200
5900
5600
5700
5600
5700
5500
6000
6100
5700
7200
6900
7500
10300
8500
6800
7700
7500
7000
7300
7200
7000
8800
8700
8400
8400
8200
8500
15200
34100
8700
30500
28200
8600
12500
10600
9600
10700
9200
10500
9200
9200
9500
9200
9200
10600
54400
8300
7900
14700
9500
9700
8200
10200
23000
13800
8100
9500
8900
5600
21500
8800
5700
5400
5600
5500
5700
6200
6300
5800
7200
6800
7900
6900
8000
7000
10400
7700
6800
24900
7300
7100
11400
8400
8600
8400
8400
8700
8500
32100
8500
8800
26800
8600
10200
10600
8900
14200
9000
10500
9800
9200
10400
9200
9200
10800
53000
8500
8200
8600
14500
8100
10000
12400
8500
8200
8300
24000
8000
5900
5600
5500
5600
5400
5700
5500
5600
6300
5500
5800
7500
6800
6800
6600
6800
6900
6900
6700
6700
7600
7200
6900
8400
10900
9300
8000
8200
8900
8600
8200
8400
9400
8900
8200
10600
9400
9900
9500
9000
9200
10700
9300
11800
10500
9200
9400
52600
9400
7600
7800
7900
8300
20200
7900
9500
8100
8900
8000
7600
5600
6200
5600
5500
5400
8600
5600
6300
5800
5500
5800
7500
6800
6900
6800
6600
6900
7100
7000
6800
6900
6800
7800
8500
8000
8700
8200
8100
8800
11200
8300
15800
9100
8600
8300
10100
9200
9900
9100
9200
9000
10800
9000
9000
10500
9100
9200
53800
9000
8000
7600
7900
7900
19700
8100
9400
7900
8400
7800
7700
5500
5800
5500
5800
5400
5400
5700
5900
5800
5600
7500
9800
7100
6800
6600
6800
6800
7200
6900
6700
7500
7000
7000
8700
8600
8700
8600
8000
8900
9500
8500
8000
8900
8500
10900
9900
9300
10000
9100
9300
8900
10400
9200
8900
10600
9200
9300
51500
10500
8000
7600
8000
8900
19900
9000
10100
7900
9500
7800
8500
5500
5800
6400
5400
6700
5700
6500
7000
5700
6600
6700
6900
7900
7100
7600
7700
6700
10400
7100
6900
7800
6800
7100
8800
8200
7900
8700
8500
8100
8200
8600
8300
8300
8300
8600
11100
8700
10100
8900
9300
10800
10900
9500
8900
10100
9300
9300
54000
9000
8100
7600
8100
7900
19300
7800
9100
11100
7900
8300
6900
5600
6000
5500
5600
5500
6000
5500
6300
5800
5700
5800
7100
8700
7400
6800
6900
8100
7000
7000
7200
7900
7100
8400
11900
8300
8300
8200
8400
8800
8700
8400
8500
8500
8400
8700
9500
9000
10300
8800
9000
10300
9200
12300
9200
10300
9600
9500
51600
9100
8000
7500
7700
8100
20200
8700
9400
8400
7900
8200
7100
5700
6000
5500
8400
5500
5700
5500
6500
5900
5600
5800
7700
6800
7000
7000
22300
6900
24800
6800
7200
8000
6800
7300
8500
8400
10900
8100
8400
8000
8800
8300
8500
8200
8300
8500
9800
8900
10300
10200
8700
10300
8800
9000
9400
12800
9400
9000
52100
8300
9500
8200
8000
8100
10000
8300
8100
9900
8000
8500
8200
7400
5500
5600
6100
6000
6000
5500
5700
7500
5800
5700
7400
10600
6800
7300
7100
6900
6700
7000
6800
7500
7600
7000
8800
8500
8900
8300
8400
8500
8200
8400
8700
9000
11800
9200
10200
9200
11700
10800
8900
9400
9400
9300
10600
9300
9400
11100
52700
8300
10700
8400
7900
8700
16400
9700
15600
8500
8900
8200
8100
5900
6600
5400
5700
5500
6100
6000
5500
5700
6000
5700
7300
8700
6900
7400
7200
6800
6800
6700
6800
7000
7800
7100
8700
8200
9300
9400
8200
8400
8300
8200
11000
8600
9200
9900
10100
9200
10800
10400
9100
9200
16600
6600
12300
6300
6000
6100
53700
4400
3900
4200
4000
4000
16300
5100
12700
4300
4000
4400
10100
4700
4700
4500
4700
4600
5100
5100
4700
5500
4600
4900
8400
5200
5200
5200
5800
5700
6300
5300
5200
5300
5200
5600
6400
6300
6500
5800
5800
5400
5700
5800
5900
5900
9500
6700
6500
6200
6900
6700
5800
5900
5800
5700
6700
5900
5700
7900
46700
7300
3800
3900
3700
3900
11400
5000
11400
4000
3800
4400
6800
4700
4700
4600
6300
4700
6800
5200
4800
4900
4600
4800
5300
5100
7900
5300
5500
5600
5600
5300
5100
5300
5100
5500
6100
6400
5800
6200
5800
5800
5600
5800
5900
6000
9100
6000
6500
5700
6500
7700
5600
5900
8200
5900
6600
6200
5700
5900
46700
4000
3800
6600
3700
4000
11500
5000
11100
4600
5000
3900
8000
4600
5300
4500
4700
4600
4900
5300
4800
4700
4800
4700
5400
5200
5100
8200
5700
5500
5600
5400
5300
5300
5300
5300
5900
6400
5700
6300
5800
5800
5700
5500
5900
6100
6600
8800
6400
5800
6600
5800
5800
6000
6000
5900
5900
6000
6700
6700
46100
4000
3700
3900
3800
8200
11700
5000
11100
3900
4000
3800
6500
4900
4700
4500
5100
4600
4900
5100
9200
4800
4600
5100
5300
5000
5100
5000
5700
8400
6400
5100
5300
5100
5300
5500
6000
6300
5700
6100
5600
5800
5800
5800
25500
5900
6400
5800
8900
5700
6500
5700
5500
5700
5900
5800
6000
5900
6700
6800
49600
3900
4800
4900
6600
3800
12800
3900
4900
4100
3900
4100
6700
4800
4800
4600
4800
5400
4700
5800
4700
4900
4900
4700
5700
5200
5000
5200
5000
5400
5400
5200
5400
5600
5800
15200
6400
6400
5800
5700
5500
5600
6300
6500
6600
5800
5900
5900
6700
5800
6100
8500
12200
9400
9400
10200
9400
7300
6100
7800
46700
10100
3700
4900
4000
3700
4000
4900
4000
4000
3900
4100
7700
7700
4700
4800
4700
5200
5100
5200
4800
5200
4800
5000
6900
5400
4900
5100
5000
5100
5000
5000
5300
5500
5800
5400
6100
7300
6400
6400
5600
5600
7200
7200
7300
5700
6800
6600
7200
6300
6400
6500
6500
5700
7100
8600
5900
5900
5900
6800
46900
10000
3600
4800
3800
3700
3900
4800
3700
3900
3900
4000
5800
4700
4700
4800
7500
4500
5100
5200
6700
4800
4800
5300
6000
5200
4900
5100
5100
5700
5300
5700
5200
5300
5100
5300
6000
6200
5700
8100
5700
5600
6400
6400
6400
5600
5800
5900
6500
6200
6300
5700
5600
5500
5700
5800
5800
5700
8200
6900
46900
9100
3600
4700
3800
3600
4100
4900
3900
3900
3900
4000
6300
4700
4800
6200
4900
4800
5000
7800
5000
4600
5000
5300
5300
5300
5700
5100
5400
5800
5300
6000
5400
5200
5400
5500
5900
5600
5700
5900
5700
5600
8500
5800
6100
6500
6800
6900
6600
5600
5600
5600
5600
5600
5700
5900
5700
5800
5900
9200
47200
8900
3600
4700
3800
3600
3800
4800
3700
5000
3900
4000
6100
4800
4700
4800
4800
4600
5100
5000
4800
4800
4800
7700
5300
5100
5700
5100
5500
5700
5300
5600
5300
5500
5200
5400
5800
5600
5500
5700
5700
5700
5600
5800
5800
8900
6600
6100
6300
6600
5700
5700
5800
5700
6700
6600
6600
6000
6600
5900
50400
10500
3800
4700
3900
3700
3900
4800
3800
3800
3800
4000
6400
4800
4800
4900
4800
4600
5100
5200
4800
4900
4900
5000
5500
8000
4900
5100
5000
5600
5800
5800
5100
21200
5400
6700
6000
5700
5700
5700
5600
5700
5800
5800
5600
9100
6500
5800
6400
6400
6300
5600
5500
5800
6500
7100
6900
5900
6000
5800
49700
3700
3800
3600
3800
3700
3800
4000
4400
4100
4000
5100
6900
4600
5200
4600
4700
4500
5200
4600
4900
30800
5200
5000
6100
5800
6700
5100
8400
5800
7100
5400
5200
6100
5100
5600
20100
6000
5800
6500
7100
6500
6000
5800
6600
5900
9300
5900
12900
5800
5900
7000
7300
5900
5900
6800
7100
6800
7000
9900
48100
4100
4000
5500
5200
4200
13500
4300
5400
6700
4200
5700
7400
5300
7400
4600
4800
4800
4800
4900
4600
5100
4700
29600
6000
5600
5000
5100
5600
6000
5100
5300
5100
5700
5200
5800
21200
5600
5700
6300
6400
6600
5700
5700
7500
6100
6500
5900
7600
5700
8400
6900
10000
16300
108600
11000
8000
7700
7800
7700
61600
4700
4500
12200
5800
4500
16700
4400
5500
6800
4200
6300
7900
5100
4900
4700
4800
6600
4800
4800
4600
5100
8400
4900
5700
5300
5200
5300
5100
5300
5800
5200
5400
31600
6000
5500
19600
6300
5900
6500
9300
6600
5700
5900
6500
5900
9000
5800
7700
5900
6000
6900
6700
5800
6000
10700
7100
6900
6900
7300
57800
4200
4500
5400
5200
4200
15000
4200
8000
6600
4300
5500
6500
5000
4800
4800
4700
5200
4800
4800
4900
5100
4900
4900
5200
5200
5200
5800
6300
5100
8600
5400
5300
32100
6000
5300
7200
6700
6000
32700
6900
6600
18800
6800
9000
5900
6000
6100
7700
5800
6100
6900
6900
5700
6000
6700
10100
7400
9500
9100
48600
4100
3600
5700
5300
4100
12600
4100
5200
6400
4300
9700
10300
5300
4700
5300
4600
5300
4800
8600
4900
5300
4700
5000
7100
5300
8800
5300
5100
9600
8600
5400
5500
42900
7300
7500
8800
8300
7900
5500
6700
63700
6700
6000
6000
5800
8700
6100
19100
5800
5700
7000
6700
8400
6100
5800
7000
6000
7100
7300
51500
3900
5100
9500
6300
5400
15200
3900
6600
9300
5100
6300
8800
8600
4800
4800
4700
5200
4900
4700
5000
5300
5000
5300
5700
5000
5400
5100
5300
5200
5800
5300
5400
30000
5900
8300
6800
12200
7000
6200
6900
10500
8300
6200
6200
6000
33000
6400
25500
6100
6200
7400
7100
6900
6100
6200
7000
6100
7200
5900
50200
4800
4100
9100
5500
4300
4200
5400
5400
5200
5600
5300
8500
4600
4800
4700
4800
4800
4600
4700
4600
5000
4700
4900
5400
5100
5100
5000
8400
5200
5300
5300
5200
5500
5200
5400
6000
5400
24600
6200
5800
5700
5700
5700
5900
39000
6000
6100
6900
9000
5900
6600
5900
5700
5900
6500
6500
6300
6500
6100
47100
8800
3800
4700
4200
17700
4200
4100
6800
4100
5100
4800
6600
5100
4900
4700
4700
4800
4900
4700
5000
4700
5200
6700
14700
15400
5200
4900
5200
4900
5100
5100
5100
5000
5800
5100
6100
5200
26300
6300
5600
5600
5500
5700
5700
5500
6200
31000
6400
5600
5600
6200
5500
5600
8500
6200
6200
6100
6300
6000
47000
8200
3500
4400
3700
4400
3700
4000
14200
4100
4700
4600
6700
4700
7600
4600
4700
4500
7000
4600
4800
4600
5600
4900
6600
5200
4900
5100
5200
4900
5200
5100
5300
5100
5300
5100
6000
5400
23400
8800
5600
5500
5600
5600
5700
5500
5700
5800
6100
32800
5600
6000
5400
5600
5800
6100
6100
6100
9800
6000
65800
9600
3500
4800
3800
3800
3700
5600
3900
4200
4800
16000
7000
4700
4600
4700
4500
4500
4800
4600
4800
5100
8100
22400
5300
4900
5100
4800
5100
5000
5100
5100
5200
5200
5100
5200
6900
5400
5500
5600
5500
5500
5700
5800
5500
8600
5700
5800
6200
5600
5500
19200
6500
5500
5500
6400
6100
6200
7800
5700
48400
8100
6400
4400
3700
3700
3900
3900
3800
3800
4700
4500
6300
4800
27700
4900
4600
4500
4800
4600
4800
4600
5800
4900
5400
4900
5200
4900
7900
5100
5200
5300
5100
5400
5100
5400
6000
5600
5300
5600
5700
5700
5500
5800
5700
5900
5500
5900
6300
7000
26600
6500
6100
6200
5800
5700
5800
5800
5800
5700
46600
8000
3700
4400
3600
3500
3800
3800
3900
3700
7400
4700
6100
4900
4500
4700
15700
4900
4600
4700
18600
4600
5200
4800
5200
5100
4900
5000
5400
5000
5400
5000
5200
5300
8100
5200
5600
7000
5700
5500
5400
5700
5700
5800
5500
5800
6000
5600
6100
5500
23600
6500
5600
8300
5800
5700
15900
5800
8000
5900
46600
3800
3500
4800
3800
3600
3800
4300
4500
4600
6000
4000
7500
5000
4700
5100
4500
4700
4700
5200
7800
4600
5100
4600
5500
5600
5600
5000
5600
5500
5100
5300
5000
5200
5200
5200
6800
5800
5500
6300
5700
5800
8300
5500
5800
5700
5800
5600
6600
24600
6600
6000
7600
5800
5500
6000
5800
5900
5800
36800
46700
3700
4000
3600
3900
3600
4000
3700
5100
4000
3800
3900
6300
4600
4500
4700
4900
4500
4700
4900
5100
5000
4800
4900
8700
5400
5500
5200
5200
5400
5200
5100
5200
5100
5200
5400
6600
5600
5500
6200
5700
5600
6900
5700
5500
5600
8300
5900
6400
24800
6600
5400
5700
5800
5600
5700
5700
5800
6200
6700
48400
6400
3500
3900
3700
3500
3800
3700
5000
3700
3800
4000
6200
4500
4800
4600
5100
4800
4600
5100
4700
4800
4700
4800
29100
5300
5000
5700
8000
5200
6800
5200
5200
5200
5100
5200
6600
5500
5500
6100
5800
5800
5500
5700
5700
5500
5700
5800
6300
26000
6400
5700
5400
5700
5600
5800
5500
5700
5700
6900
46900
3800
3500
3700
3700
3700
3600
6400
5100
3900
4000
5400
6100
4500
4600
5000
4700
4700
4600
6300
4800
4500
4700
4600
5800
5200
22300
5500
5300
5100
5100
5200
5600
6800
5100
6300
7300
9700
8600
7800
8000
8300
5700
5700
6500
6600
5600
5800
8000
26100
9700
5800
5700
7900
5700
5800
5700
5600
5600
6600
47500
3700
4200
3500
3700
3500
4000
3600
4900
4100
3700
6400
5700
4600
4600
5300
4700
4600
4700
4900
4800
4500
4800
4800
5600
5100
5200
5500
18700
5400
5000
5200
5400
5100
5300
5000
5900
9100
6300
5600
5700
6200
5800
5700
5600
5900
22900
5800
7200
5700
5500
6800
8400
5700
6400
5700
5800
5600
5800
5900
48600
3900
3500
3600
3600
4200
3700
3600
5300
3700
3900
3700
5300
4500
4700
4500
7900
4700
5300
4900
4700
4600
4600
4800
5800
5100
4900
5600
15700
5300
5600
5000
5500
5000
5300
5400
8300
6100
6200
5400
8600
6200
5700
5700
5800
5700
5900
6000
7100
5400
5600
6600
7100
5700
5700
5500
5700
5700
8700
5800
48000
10000
4700
3900
3800
3700
3900
3800
4000
3800
4000
4900
