1256900
23000
15100
10300
121600
6200
13300
6400
6900
6200
64800
7200
50700
9400
8200
10800
255200
10500
28900
72900
11000
87200
10300
10500
103500
11300
11200
86300
13700
106200
16600
11900
16700
12200
14200
237700
25300
103500
54400
46100
16500
16800
50200
70200
17800
16500
24700
17000
131300
124600
18000
135300
26300
385700
26100
83500
269900
25200
427700
26500
43000
29900
6900
37800
33800
8200
8200
10800
56500
8500
8700
64300
54500
19600
10900
15700
136400
11700
33800
76200
14000
110700
14400
15700
100600
14800
14900
82400
15400
94300
20100
16200
19500
15900
22400
111700
26000
87200
53200
51600
22200
21100
59600
76100
23300
20700
22200
22400
121600
121400
23700
120600
28200
139500
24400
31600
164300
23800
251200
25100
18500
21200
6700
11700
15900
7000
8100
10600
21500
8000
8700
28200
54700
10600
22500
10500
64500
11300
14500
58800
58100
13400
57400
12300
87500
15600
15400
78400
16200
103300
19700
16500
15800
16400
23700
84900
24800
52200
37300
36600
22100
22500
50900
48100
22400
20300
22900
22500
79300
77300
25500
86400
27800
102900
24000
24700
112000
14100
206100
16000
9000
4000
4000
4300
10800
4300
4900
7100
16300
4600
5000
26200
38000
6400
14700
6800
56300
6500
8700
49300
49500
6900
31700
10900
27800
8400
7900
11200
85000
8000
18700
86000
10800
41700
8400
9600
16300
55900
29300
30800
12400
12500
237100
87500
10400
7400
9100
8500
39700
44900
8600
37200
17400
49500
8700
9300
52300
9000
177600
15300
44200
25600
4500
4500
4700
4600
4800
7100
5700
5000
5000
5100
34200
8200
6700
8400
67900
7000
8500
6700
6300
7100
25200
6600
23900
25200
8000
11900
58200
8900
43100
38000
14100
108500
11600
9000
118600
8400
7800
83500
12000
59300
15900
10400
10900
10800
13800
92200
64200
63000
12200
64600
16700
68500
13600
12700
100500
13000
125400
13700
19000
9800
4100
11100
13900
4200
4400
5400
17100
4600
5400
21200
30700
6000
17300
6000
35300
6900
7700
24500
26900
13700
36200
8600
29200
11800
8500
10300
62300
8700
23900
57700
10200
42100
25700
8700
52000
18600
10000
52900
29000
42200
14500
10100
10600
10700
12000
80300
18300
44500
25200
31900
14800
14900
33700
30700
14300
18700
15000
14700
19700
10000
9400
9400
9500
9900
9500
9700
8900
9700
9700
10400
12300
10800
11400
13100
198000
167900
21300
18700
21400
38100
19900
22800
22000
21200
94400
17600
19800
16800
15000
15100
16600
15400
15700
15000
91800
16500
16100
23900
15700
15400
90500
53000
17100
71400
10300
10500
101600
8400
9900
21900
8800
15400
20300
11900
8300
8000
15300
9200
10300
6800
6900
6400
6500
6500
6500
6400
6500
6600
6500
7100
8500
7800
7700
13000
31800
33300
7900
9500
8600
8900
7700
8400
9800
9200
25300
10900
9300
9200
10100
9300
10900
11500
14500
9200
31000
10400
9900
10800
9800
9900
34000
28300
9900
41000
10200
10600
90800
8000
9500
33300
9500
10900
20800
9300
8500
9300
14900
9000
10600
8300
6500
6900
6600
6500
11100
6800
31800
6800
6500
7300
8400
7900
7800
7700
9100
8300
8000
31300
7800
8100
8100
8000
9800
9300
29900
9500
9200
10500
9600
9500
9200
9300
10100
9600
30800
10500
9900
9800
10100
9900
34500
32200
10000
41700
10200
10100
88500
8100
9300
20900
9300
9100
18600
9400
8000
8500
19000
9000
9900
6700
6300
6600
6600
6400
6200
6500
6500
6600
6900
7300
8100
7900
7700
7500
23200
7700
7700
8400
7600
12100
8400
7900
9600
9100
8800
10100
32300
36800
9200
9500
10000
9200
9500
9400
30600
14900
10000
10100
10000
9900
39000
33200
9200
33700
9300
9200
56300
7800
9300
23300
10400
11600
18400
9200
8200
7700
14700
9300
18700
6900
5400
5600
5400
5400
5900
25800
5600
23300
5600
6100
7100
6700
7100
6600
6700
25000
10300
10200
9000
8700
7000
8600
30300
10900
11700
30300
58400
50700
14200
15900
17000
42000
22400
17900
26600
17600
51900
18400
20600
16800
148200
19100
16400
19100
21800
15300
119200
12500
14900
33500
15100
14300
31900
14200
11700
13200
23600
15300
13400
10100
10300
15700
10100
9700
10300
10700
10200
10200
10300
11600
12500
37400
39300
13400
12800
45000
12600
12900
13100
14200
17400
12500
15100
14900
14500
16200
49500
50900
14500
14400
17100
14300
14800
15000
16600
56900
41700
15500
15200
15900
16300
15900
15700
15600
15800
15200
145100
12600
14200
13200
12300
12800
36500
21400
13000
25200
13000
13300
13000
10200
10400
14700
10200
10900
10400
10100
13200
10200
10400
10500
15000
11800
12300
12500
12300
12200
12700
57100
14500
17900
12600
13000
15800
16800
16200
16500
14200
45000
14500
14600
15900
107400
14700
20100
19100
40900
53300
17300
15900
20000
61400
16200
16000
28100
16100
17300
132700
15100
17900
12300
8600
8700
8100
10900
11500
8700
8000
8500
9500
5700
5500
5500
6100
5600
6100
6300
7300
5900
6100
12500
8900
6900
6900
6700
7200
6800
7000
31600
8000
7200
7100
7200
9400
9400
9700
9400
8400
28400
8400
8300
8300
60700
8500
8600
11600
23200
28100
9500
14200
11100
32800
9200
9600
9300
9500
10200
56500
8300
13600
9800
7900
8500
7900
14200
10800
15500
8600
8200
8900
5600
7000
5500
6300
5500
6000
6100
6000
5800
6200
6100
7600
6900
6900
7900
6900
7100
7200
6900
12800
29300
7400
6900
9400
9500
9600
9600
8300
23300
8600
8800
8300
60800
8500
8600
11200
22500
28800
9700
9300
10600
32900
9200
9600
13200
9500
9500
56700
8500
13500
9600
7900
8200
8500
9900
8500
8000
8400
8100
8900
5600
7300
5500
6000
6300
10200
6000
6700
5800
5600
5700
8400
6900
7600
9100
7200
7300
7000
7300
8300
30700
7100
7300
12800
8300
12600
23400
8400
8900
8700
63300
9600
8400
8800
8600
10800
22900
31700
9600
9300
10600
32300
10500
9200
10100
9300
9800
55200
8200
13700
9100
12600
8100
8600
9900
8600
8000
8500
8100
7400
5300
6200
5600
5900
5700
5800
6200
6000
5600
5800
5600
7900
7300
7100
7900
7300
6700
11000
7100
7700
7200
7000
7400
10500
9400
8200
8600
8300
21200
8500
30800
9500
8300
53300
8500
10100
11000
10400
10800
9600
24200
13800
14100
14400
156500
18000
16400
115900
13200
24900
17400
13200
12600
13900
18800
14200
13400
16600
12800
13900
9400
9600
9100
18000
19200
10100
11800
10400
10000
9600
9600
12600
12200
11200
14000
12400
11400
12600
12600
13600
11700
11600
11700
19000
13200
13100
13400
13500
14200
13800
58200
16500
14000
13800
13700
16600
21100
17100
18000
15300
47900
14500
46700
14500
105200
15100
15300
110700
21100
23100
12000
12400
21600
26800
12300
13000
12400
12600
13500
24300
8700
37100
8200
8200
8600
8400
8800
8700
8800
9000
8500
10200
9300
8900
9200
9100
9300
9500
11400
10500
15500
9900
10600
11100
10500
10500
10700
10100
10500
11900
10500
11400
10500
10600
10700
11100
9100
9400
12000
16600
10300
10200
10300
12500
10200
10500
10600
96200
7000
10200
10200
7000
9500
7300
9100
9400
7100
13400
10600
15400
12100
12000
13700
46700
12100
12700
12200
12400
12500
12700
12800
14700
13500
13900
13300
13700
13400
13800
15500
15900
15000
17400
14100
19900
16600
15200
18200
16800
16600
17400
13100
17300
17000
17200
15400
21000
11400
10100
17200
10200
9900
10200
10300
12800
10400
10400
10300
96600
7700
9700
10200
7300
10400
7000
9200
9100
7000
7100
13000
11300
8700
8300
9000
8600
8300
8500
8300
8400
10600
8600
8800
10500
9300
34300
9400
9200
10400
10400
10700
9500
9600
10400
10400
11200
10500
10400
10600
10100
10700
11800
12900
10600
10900
10400
10700
11700
10400
10400
17700
10200
10100
10100
12200
12400
10500
10500
10700
98900
6900
9000
10800
7200
9300
7300
9200
15000
7300
7300
7300
11500
8100
8400
8200
8900
8300
8100
8300
8100
8400
8200
8600
10300
11300
34200
9500
9000
10100
10000
10400
9400
14800
10200
9300
11000
11200
10300
10100
9900
10300
11100
12200
12100
10900
10900
10700
11900
10500
10200
17900
10300
10300
10400
10500
12200
10200
10300
13100
96000
8700
9400
10000
7200
9200
7100
9300
9200
13000
7200
7400
10000
8100
8200
8900
8300
9100
8200
8100
7900
8400
8700
8700
10700
9300
33200
9300
11500
10400
10100
10500
9800
14900
10000
9500
11200
10500
10400
11200
10300
10300
10600
20500
12100
10500
10400
10800
11400
10300
10300
10800
15800
10300
12800
10700
10400
10700
10600
10300
98800
7300
9800
10000
7400
10200
7300
9400
9500
7200
12800
7300
10500
8300
8400
10100
8400
8400
8500
8400
8500
8400
9400
8400
11000
9900
33500
9300
9300
10700
14100
13800
9000
15700
10900
9300
11300
10400
10200
10400
10200
11300
10800
12700
12500
10800
10700
10700
11200
10300
10300
16200
9900
10400
12800
10100
10300
10500
10500
10900
100300
7500
7100
10100
7200
7100
7100
7200
10000
7100
6700
12200
12000
8300
8000
8200
8500
14200
8200
8300
11100
9300
8700
9400
10200
9400
9300
9500
9100
10200
9600
43700
9000
9400
9200
9800
56400
15900
10000
10400
10200
10200
10100
11500
10600
11700
11700
42900
12600
10500
10300
10300
10300
11800
10500
15900
10700
12100
12100
12000
95800
15200
7700
9100
6900
7200
7000
7100
9200
7600
7800
7200
11400
8300
8100
8700
8200
14300
8700
8600
8400
8700
8400
8600
10000
9300
9100
9100
8700
10400
9500
41600
9400
9500
9200
9600
56500
15900
9900
17000
10500
10200
10200
10900
11000
13000
14500
49700
13500
11600
10900
11200
11300
12900
11500
17300
11300
11300
13200
13300
95600
14700
6600
8500
6400
6700
7900
12300
9000
9900
6200
10300
18600
12900
12200
13100
12000
11200
18100
8100
7900
8200
8700
9300
16700
9000
11400
9600
45200
10800
10800
11100
20300
10600
10000
11500
56300
16600
10000
10400
10300
21600
13600
10700
10300
11500
10800
43400
11600
10500
10100
10300
10400
11900
24700
21400
9200
9100
11300
10300
153200
25500
7200
10400
10500
5600
4500
4800
6000
5800
4300
4400
8800
7700
5600
5200
5200
12000
5300
5200
5900
7100
5000
6800
25900
5600
7200
5600
15500
5400
5300
5500
5300
6000
6000
7900
6300
5600
5900
10800
6000
6700
5700
58800
5900
6100
6100
6200
6800
6900
6300
6000
5900
6900
6500
10400
5900
6000
8200
7100
50200
13000
3900
5000
3700
3900
3800
4000
5000
3900
3800
4000
9200
4900
4700
5000
6100
11800
7600
7600
6900
7100
6700
6400
7800
8100
8200
7800
7700
7900
10100
5500
5400
6000
5500
8700
6400
5800
5600
5800
5800
11100
5900
25900
6000
6200
5900
6100
31000
6000
6000
5800
6300
5900
6100
6100
5900
11300
6100
23300
48500
7400
3900
5300
3800
4100
3800
4100
5200
3900
4100
4000
7500
6600
5200
4900
4700
9200
5100
5300
4800
5000
5000
4800
6100
5200
5300
5300
7000
17800
5700
5400
5400
5900
5500
6000
5900
5800
5600
6100
10400
6600
5900
24100
5800
6100
6000
6100
30600
5900
5900
5700
5900
5800
6300
5800
7600
8200
7000
24100
51200
4000
4800
3900
4800
5900
4000
5000
3800
4900
6100
6100
8200
4800
4800
4700
5600
5400
5100
4900
4800
11100
4900
5000
5800
5100
5300
5000
5900
5600
6100
5900
24000
6100
5500
6800
8500
5800
7000
18600
11900
5900
6000
6000
7000
6100
6100
6100
9100
6100
5900
6000
5900
6000
6000
6300
6100
43300
6100
6500
51900
4200
5400
4000
4000
4200
4000
4000
6000
15700
4000
11300
8400
5000
6700
5300
4900
4700
5000
6300
5600
4800
4900
5000
5700
5100
5300
5200
5900
5400
5900
5900
28500
6100
5500
5400
6400
5900
6800
19100
6700
5900
6000
5900
6900
5900
6100
6100
12900
5900
5800
5900
5700
6000
6100
6600
6000
29700
6100
6700
52600
4000
5300
8100
3800
5300
3800
4000
5300
11000
4000
11400
6900
5100
5700
5100
5100
5000
5700
5000
4900
5500
5500
5200
5800
5300
10300
5400
6100
5500
23500
5400
5500
5400
5500
5400
6500
7300
7200
18300
6800
5900
6000
9900
6900
5800
6000
6000
10100
5900
5800
5900
5900
5700
6000
5900
5900
30400
7600
10900
51700
4800
5000
4100
3900
4000
3900
4000
5400
10700
4000
10500
7900
4900
5200
5100
5000
4800
10000
4900
4600
5100
4800
5100
6100
5700
5500
5300
6000
5400
5500
5400
5500
5300
5500
5500
6200
5700
5800
17700
10700
5800
6800
7000
25200
7300
6000
6100
8300
5900
5700
5900
5800
6000
6000
10000
6100
27800
6200
6000
51800
3900
5100
4000
3900
4000
3800
4000
5300
10800
3900
14300
7600
5000
4900
5000
4800
5900
5100
5000
4900
25200
5000
4800
5600
5300
5500
5400
7500
5300
5400
5200
5400
9400
5400
5600
6400
5900
5800
5800
6800
6000
6800
6800
23100
6800
6100
6100
6700
5900
10900
18600
6900
5900
6200
6000
7000
6200
6300
5900
51000
3800
5100
4100
3900
7800
3900
3900
5300
10300
4200
9900
7700
4900
6300
5300
4900
4700
5300
4900
4700
28200
4900
5000
5300
9400
5400
5100
6700
5400
5100
5400
5400
5200
7200
5600
6300
5900
7200
5900
6900
6000
6700
7100
28600
16300
6100
6000
6600
5900
7100
18700
7000
6100
6100
5900
7100
6100
6000
10100
65000
4400
4200
4000
4100
3800
4200
11100
4300
10900
4200
3900
9500
6400
4800
5400
4900
6500
7200
7400
4900
105900
10600
7400
15600
9200
9500
5800
5300
5700
5700
6900
8800
5200
5900
5500
6400
5700
5800
5600
5600
5900
5600
6800
5600
6000
11200
11500
7200
6100
6000
7100
6900
5900
5900
5800
5800
5900
6000
5900
72800
4000
4100
5100
3700
3900
3800
9100
4200
10800
3900
4000
7200
4600
4700
4600
4800
5100
25700
4600
4800
4800
4900
4700
10300
5100
5100
4800
5000
5000
5300
5000
5800
5600
5600
5400
6300
5700
5700
5800
5500
5900
5700
10100
9500
10100
16700
12800
11600
10300
9800
12200
12000
8900
9700
7400
5700
6100
5900
6000
70700
3900
3700
5200
3800
3800
4600
8400
4000
9300
4000
3900
7300
4700
4700
4600
4700
5200
4700
4900
5200
5000
4900
4700
5500
5000
9300
6200
5200
5200
5800
5400
5100
24400
5300
5600
6300
5400
5700
5600
5700
5800
5600
6400
5700
9600
6500
7200
6700
5900
6200
6900
7000
5700
5900
6000
5800
5800
5900
5900
68300
3900
3700
5000
3600
3800
5900
8500
3800
9100
4000
3700
6900
4800
4600
4800
4700
5300
4900
4700
7800
4800
4800
4600
5500
6800
5100
7300
6400
6200
5900
6300
5300
26200
5500
6400
7800
7200
6500
5600
6700
6700
6900
5600
11800
5700
6700
6000
6700
5600
5800
8300
6900
5800
5700
5800
5700
6000
5800
6000
66900
3900
3900
8600
5900
6500
5800
12900
5300
13200
5700
6000
8600
4700
4500
4600
4700
6800
5100
4600
4700
6900
4800
4700
5500
10100
5900
6300
7200
8500
5900
5300
7100
27200
5300
5400
6600
5900
6800
6800
5900
5700
5600
5600
6700
9900
6500
6000
6700
5800
5900
5700
5800
5900
5700
6900
5900
5800
7000
7700
66600
3700
3700
5600
3700
3900
3900
8400
4000
9300
3900
3900
7700
4800
4500
4800
4700
5000
7800
4700
4800
4800
4900
6700
5200
9500
5300
6100
5300
5100
5700
5200
5100
24800
5400
5200
6800
5800
5500
5600
5600
23700
6000
6000
11000
6000
6600
6400
6600
5900
6400
5800
5500
7100
5800
6900
6400
5800
6600
7300
51400
4200
8400
6100
4900
3900
3900
4000
7600
4100
3900
4000
7700
4600
5300
4500
4700
4700
4600
4800
4700
4800
4700
4700
5500
4900
5200
4900
5900
9600
5100
5400
5000
5900
7300
5200
6700
6000
5700
5700
5700
5800
6100
6100
5700
5900
5900
6600
6700
5800
5500
10500
5600
5800
6500
5800
5900
5700
5800
6000
48400
4000
4400
8900
3700
3900
3800
3900
5200
4000
8800
14200
8700
4900
4900
4500
4800
4800
4500
5100
4600
4900
4700
4800
5500
6400
5200
5000
5600
5200
4900
5200
5000
6200
6800
5400
5900
9800
5700
5800
5600
5800
5700
5500
16000
6500
5900
6500
6600
5700
5600
6400
5600
5600
6600
5800
10300
5700
5900
6200
48000
3900
3500
8100
3600
4400
3700
3700
5100
3900
8700
10100
7300
4800
6400
4800
4600
5100
4600
8800
5000
4700
4700
6800
5500
6000
5100
5100
5000
5200
5100
5500
5400
5300
5200
5200
6100
5700
5600
6800
5500
5700
5800
5500
9900
5900
5800
7200
6500
5700
5500
6300
5500
5900
6400
5700
5600
5600
5800
5900
48200
3600
8100
8200
3600
3800
3700
4900
4900
4400
8800
15900
7000
4700
5100
5600
4700
5100
4700
4800
4800
4800
4700
4800
5300
5000
5200
4900
9300
5200
5100
5400
5200
5600
5200
5400
6100
5700
5500
5700
6300
5900
5800
5700
5800
6800
6000
6000
8300
10300
5400
6600
5900
5700
6400
5700
5600
5700
5700
6200
50100
3700
3700
8100
3500
3800
3700
3900
4500
3800
12800
9800
6500
4800
6200
5600
4600
6700
4700
4800
4800
4800
4700
5300
5300
5100
5200
6000
6400
9300
5100
5200
5300
5200
5300
6400
8100
5800
5600
5600
6800
5800
5700
6000
5400
6500
6000
5900
6200
6000
9500
6200
5900
5800
7100
5900
5800
6000
5800
6800
46400
3600
3900
7700
3600
3700
3800
3800
4700
3800
9500
13900
20700
4600
5400
4900
4700
5000
4500
4800
4800
4700
4900
4600
5200
4900
4900
5200
5000
5100
5200
5300
5200
5200
5200
5200
9900
5700
5600
5600
6200
5800
5700
29000
5800
6500
5800
5800
6200
5700
5900
5800
5600
5700
10000
21600
5800
5700
5800
6600
46100
3900
3600
4700
3800
3600
4700
3800
3900
3700
3900
4000
8000
4800
4700
4500
4800
5600
5100
4900
4800
9200
4700
4700
6200
5300
5100
5800
5300
5900
5200
5400
5000
6000
5400
5200
6500
5500
5900
6700
6000
5700
9600
7500
23000
6000
6100
6100
7700
5800
6800
6200
6000
7400
6200
5900
6000
6600
5900
10200
49800
4200
3800
4000
3700
5400
3900
4200
4000
4000
3900
4100
6900
4800
4700
4500
4900
4700
4800
4800
5200
4900
4600
9500
6100
10300
5100
5900
5300
5900
5200
5400
5000
7800
6000
5100
6400
5600
5800
6400
5900
5800
6900
10800
6600
5900
6400
6000
7500
5700
6600
5900
5900
8500
7000
5900
5900
6000
5700
6600
49100
4800
3600
4700
3600
7800
3900
4900
3900
5000
4000
5000
7800
5000
5700
4500
5700
5700
4700
5700
4700
5800
5600
6400
10200
5800
5100
5200
5100
5600
5900
5400
5400
5100
5500
5200
6400
5400
5700
6500
5800
5700
5800
6400
10700
5900
10900
6000
7600
5800
6400
5800
7900
11700
9500
8700
6000
6000
5700
5900
51400
3900
3600
3800
3600
5000
3800
3900
4100
4000
3800
4000
6400
4800
4800
4500
4900
4700
4700
4800
4600
5400
8200
5700
6400
9600
5100
5300
5100
5800
5800
6800
7100
5400
5400
5400
11300
5600
5700
6300
5800
6400
5900
5800
5700
11000
5900
5800
7500
5700
6600
5900
6000
7200
5800
5900
5900
5900
5800
6000
49100
8200
3600
3900
3900
5000
3800
3900
3800
4300
3800
4000
6100
4700
4700
4600
4800
4600
4800
4800
4600
4800
4600
5200
5900
5300
5500
9400
5000
5700
5900
5400
5300
5300
5500
5200
7000
5600
5800
6300
5800
6400
5900
5900
5800
6600
5800
9600
6600
5600
5800
6900
6300
5900
5900
6600
7000
5900
5800
6100
48100
3900
3600
7700
3600
5000
3800
4000
3900
4000
3700
4000
7600
5200
4600
4500
4800
5400
4800
5000
6200
4700
4800
5200
5700
5100
5200
5100
7000
9700
5700
5200
5500
5100
5500
5100
6700
5800
7300
6500
5800
6300
5900
6100
5900
6400
5800
5700
11100
5500
5800
6600
6200
5900
6200
6600
6600
5900
6000
5900
47800
3700
4700
4000
4200
10000
3900
4000
3900
4200
3900
4100
7800
4600
4700
4600
4600
4900
5300
4900
4700
6300
4800
5200
5700
5200
5200
5100
5700
5200
5200
5500
5400
5100
5200
5900
10300
5700
5700
25700
5600
7500
6000
5800
6500
5800
5800
6000
8100
6000
5900
6700
6700
12100
10300
6600
7200
7000
6100
7800
47600
3800
3800
3600
4100
3700
4100
3900
4200
4000
5100
10700
7800
9100
7400
7700
5800
4700
4700
4800
4800
4700
6400
6800
5900
5000
5200
4900
5100
5200
5100
5200
4900
6100
5200
5900
6000
5600
9600
22900
5700
5500
5700
5800
6500
5800
5500
5900
6600
5600
5800
6600
6400
5700
6000
9700
6700
6600
6500
5800
46600
3700
3800
3700
3900
3600
4100
3800
3800
3800
5400
10500
7300
5000
4700
4800
9100
4700
4800
4600
4800
4600
5300
5100
5200
5200
5300
5000
5200
5100
5800
5500
5200
5500
5300
6300
6400
5500
5500
26700
6500
5600
5500
6700
6500
5800
5700
5600
6500
5800
5400
6500
6400
5600
5600
5800
6400
10600
6000
5900
49500
3800
3600
3900
3600
3800
3700
4100
3700
4000
4900
10000
6500
4900
4800
4600
5200
4700
4700
4600
8700
4800
5800
6000
5400
5100
5300
5100
5300
5300
5500
5500
65400
5300
5400
6000
6700
6200
5600
5600
5700
9800
5700
5800
5900
6000
5700
8300
7100
5800
5700
6400
6300
5700
5700
5700
6500
6800
5800
11400
47800
3800
3400
3700
3600
3800
3700
4700
3800
3900
5000
10100
6100
4900
4800
4800
5000
4900
4500
5700
5100
4600
10700
5600
5300
7200
5600
6400
5500
5300
6500
5500
5500
5300
5400
6100
6100
5900
7500
6400
5700
5700
5600
5900
10300
6100
5800
6900
6400
5900
6100
22300
6600
5900
7100
5900
6800
6000
6000
5900
53400
5300
3800
3600
3900
3800
4600
3900
3900
3800
5200
10500
6600
5000
4600
4700
4800
4800
5300
4900
4600
4800
5100
4900
7300
10300
5200
5200
5800
5300
5900
5200
5200
5400
5300
6000
6200
5900
5700
5500
5600
6500
5900
5700
5900
6100
5900
10800
6500
5800
5900
21400
5700
5800
5800
27100
6600
7800
5800
5900
49000
4100
8300
5000
4700
4300
4200
3800
6400
4900
4200
3800
