106300
1540700
28800
13900
15700
111100
30700
8200
13500
8600
11700
10100
20100
66000
48700
33900
35000
11700
11900
13200
79300
15800
13800
14300
84800
17200
110200
19600
18400
17300
180000
212300
118400
20100
130200
17700
172700
20100
152100
20400
24400
140600
477400
21900
253200
15700
16300
15400
75800
17600
89000
141800
19100
146200
17700
20300
17700
18500
18300
20400
24400
4500
4800
5500
24200
5400
5200
28400
5700
6000
6400
6400
14600
30300
22400
17500
18300
8000
8200
9500
33500
9200
9700
9900
44800
13500
63700
13400
11100
12600
80600
71500
42500
12300
49800
12600
75800
14000
71800
14300
15700
60100
139300
16000
139700
14900
14900
16700
69000
16900
65200
95700
17300
120400
17800
19700
17600
18200
18300
18300
15100
5500
23000
6300
5600
5100
5200
6600
5500
5800
6300
6400
20700
19800
8100
7900
9200
27700
14300
8500
8500
10000
21700
10000
28500
11700
40100
17300
11200
11900
62000
65800
37600
12100
42800
12100
71400
13800
70100
14200
15600
52800
113200
14900
128100
14800
15000
15700
61200
17200
64900
95500
16800
112800
17800
24100
17900
17800
18500
18200
10700
4400
14400
5700
33300
35600
5300
5700
5500
5600
6200
28100
17300
27000
7700
7900
9000
25800
14300
8400
8900
9100
27300
11900
14800
42800
56000
23700
25200
17200
12200
13000
29900
13900
13000
14400
47100
14300
42700
14500
16300
36600
82100
15400
86800
15600
16900
16300
39500
17200
42700
59600
18800
70900
18600
19500
18600
18000
18900
18600
17700
3700
5600
3800
9200
2900
2600
10000
2800
2700
2900
9300
8000
18000
8100
4600
4800
18100
8600
3800
3900
4400
24700
5000
7600
32700
28700
16000
15700
24500
6100
6700
22400
5700
6300
6900
20800
8800
47500
9500
25000
8400
57100
55600
35600
29900
36100
33300
34300
13100
35700
49600
11200
89800
9100
10400
9200
8500
9100
10000
8400
4400
7000
3600
10900
2800
2800
18200
2800
2800
3200
12200
9200
20400
4100
4300
5200
18700
9400
4500
4300
4700
4400
6700
8100
22000
13400
15500
16000
10200
5700
8500
17500
5800
6300
7800
24200
8800
26400
9700
7500
8200
48700
53800
33200
7900
35200
7600
46700
9400
49200
8400
10700
46200
98800
9100
71800
13100
8800
9400
11500
11000
6000
6000
6000
5900
7200
8100
6800
6100
6700
6300
8400
9500
8000
125700
119500
14800
13900
14600
13900
20200
122900
15700
18100
16700
16700
16700
10500
9900
11400
47000
11100
46400
10200
11600
61400
12300
11900
34200
13100
11400
11100
46400
11200
11100
20900
12400
99200
9100
18300
10000
9300
8500
15600
11200
18800
9500
10900
43700
11000
7000
6400
7600
6500
7100
6400
7400
6500
7200
6600
6500
8900
8100
10000
32000
35800
7600
7800
7600
11900
8800
47200
8000
10900
10600
9800
9500
9300
9200
10700
42200
11300
38300
10000
11100
34700
11400
10500
25600
10100
10500
10200
36300
10200
14700
10500
11800
86400
8400
16100
9900
8300
8100
14500
10100
15900
8600
9900
42800
10900
9400
6400
6500
6900
7300
6500
7000
32100
6900
34600
45400
10300
7800
8100
7900
11800
7800
8300
8000
8600
8100
7900
7700
10700
10600
10200
10400
9200
9600
10100
29900
10500
33900
9300
10100
32900
11200
10400
25100
10100
10400
10200
35900
14400
10000
10600
13200
86700
11600
16400
10300
8200
8400
14500
9900
14300
8500
9800
42800
33800
7700
7500
6500
7300
8200
6500
8500
7500
8300
8000
7900
10200
7900
9000
9600
8000
12800
8800
7900
8800
8400
8000
7800
10000
10500
31400
34100
37900
9600
9200
9300
13400
10800
47800
9400
32800
11100
10000
25900
10100
12200
10200
40900
10800
11800
10600
14100
86500
8500
16000
10100
8200
8600
14100
10000
14400
8400
10400
44900
10900
6700
6500
6300
6300
7000
6400
7000
6600
6800
6500
6800
8800
21700
7800
7700
7700
13400
8400
8400
10600
7800
8500
8300
9800
9200
9300
33200
40900
42600
10200
9800
9900
16000
52600
10100
13400
12100
12200
11100
11300
10900
12200
36000
12700
76200
10600
13300
84100
8900
16000
9900
8400
9500
14100
9500
14500
8500
14900
37500
10500
6700
6800
6300
6500
8200
6400
7200
41700
7000
6600
6300
9000
7800
7500
7600
7700
7900
8800
8000
8500
8400
32400
8400
29400
9100
9400
60400
40800
10300
10700
9100
9400
11800
48200
48500
13600
11600
10900
14700
10000
9900
11700
31000
11500
31700
10300
11900
116400
10200
20900
13100
9200
8700
9200
15800
11400
9700
8800
10200
9500
6900
7800
7000
6500
6800
6600
6900
7300
7100
50000
7800
9200
10700
10500
10200
11100
20100
12600
24000
62900
73900
8200
18100
13300
9900
10000
12900
9300
11800
41000
10100
19600
9500
41700
42500
25400
23000
14600
14200
10900
10700
11800
44800
11600
11700
10400
17600
87300
8700
8700
41400
8600
8200
14100
8100
10100
8000
8600
9100
12400
6700
6300
6800
269600
7200
10800
7300
6700
13400
6600
7400
10400
8500
8300
12200
11100
11000
9900
8100
40600
48000
7800
8900
10300
10500
9300
9300
9200
10200
25700
9700
9400
9100
9400
10300
12900
12500
10100
13000
11200
11600
11600
44400
12100
12200
10200
10200
86000
8400
8500
12300
8400
8200
14200
8200
8400
8200
8100
8500
11200
11300
6400
8700
7200
6600
7500
9000
6600
6900
6600
8000
8300
8400
8200
7800
8300
7900
9500
9000
39000
8300
38600
46300
10200
9100
9200
9700
9500
10300
26300
9900
9300
9200
9100
10500
12700
16000
10400
11100
10400
9900
11100
38700
11700
11400
10800
10300
88700
9100
8600
12600
13100
8400
14100
8600
8300
8600
9500
10300
13100
6800
8300
6600
6500
7300
7400
7100
6800
6700
6700
6400
8400
10700
10700
8700
8500
10900
10100
20600
14200
13800
60100
12200
32100
10000
9200
11400
9800
13200
20400
8600
43300
56900
8700
10000
13600
14300
9700
10200
9200
9600
10400
32500
10500
11400
9500
15100
54000
8500
8300
13000
8200
8400
15100
8300
8200
10800
8300
10300
9500
5700
6200
5900
5600
6700
7400
6300
6000
6200
5600
10500
7500
9700
7100
7500
7100
7100
7300
8200
7300
7600
27000
7700
9000
8900
8400
8300
8400
10200
13000
9000
31800
40600
8800
9900
10600
10500
9600
9200
9300
13000
23100
35100
9800
11300
10300
10900
55800
9100
8500
14000
7800
8600
13900
8700
8300
8400
8400
8300
9600
5500
5600
12000
5500
5600
6000
6200
5400
6000
7200
5800
8600
7500
6700
7000
7200
7100
7100
7500
7100
9300
27200
6900
8800
8600
14700
31900
11300
9700
8800
10000
69200
77800
14100
11700
11900
9300
9700
27600
10800
11900
25400
10500
10800
9100
10300
11500
56400
12100
9500
10500
8900
9500
11000
23900
10100
10100
8400
8700
9300
5600
6200
5400
5500
5400
5600
5500
5800
5500
6100
8700
10700
10800
11400
9900
10400
10500
10000
9500
10100
10800
12700
13200
22500
12400
14100
8400
9400
11500
9600
8500
8300
8400
8400
9200
11900
10400
11900
30600
14400
9400
9400
9500
9600
10700
9100
38700
69500
9900
8300
12400
15100
8000
12700
9500
8300
8600
8500
9800
9000
6300
5700
5500
5300
5500
5600
5500
5700
5600
5600
5600
7700
6900
7500
8500
7500
7200
6900
8000
12000
9100
7500
8100
9900
8200
9600
8200
11100
10600
8600
10900
9500
11900
12400
8300
16600
14900
11200
49800
10400
10400
11900
10000
10400
11800
9900
62300
107600
21300
7500
15600
20600
8100
7400
9300
6900
7000
7200
9200
13500
9000
8100
8300
8400
8300
8400
8600
8600
8300
8200
8800
8700
15700
10500
9100
9300
9700
9200
9400
9400
9300
9700
9600
12400
10300
14900
10700
11200
11300
10600
12900
10600
10600
17200
10700
13400
11700
11800
46500
11500
10600
10500
10100
10200
12100
10800
71200
111000
12200
7900
15400
35100
10300
7700
9900
7300
7400
7500
12800
13600
9700
9900
16500
9100
8200
8000
8200
8500
8300
8200
8000
9000
8800
9900
8900
8400
8300
8900
9000
8900
9200
9500
9600
11000
10500
12000
10200
26100
11000
8900
8100
9000
9300
10600
10000
12000
25500
12700
52300
11000
12300
11400
9100
9900
11000
10400
311700
95500
8600
7300
14200
20500
7000
7400
9100
7500
15300
7400
10100
14000
9800
8300
8900
67400
47300
10200
8900
63500
10200
9800
100300
12400
20300
24700
59300
10100
17500
10000
10900
10200
10900
10700
10900
11700
11000
13100
11700
16000
11500
11200
11800
11300
13000
13700
13300
14500
11000
13800
12000
13500
13800
11700
11000
13300
14100
11300
12200
106100
8700
7000
14000
29000
6500
7000
9600
7000
7000
7300
8700
34200
9500
8500
9900
7900
8700
8400
9400
8500
8400
44700
8300
9200
16800
10200
26400
9100
9200
9300
9200
9400
8900
9600
12200
10700
9800
11600
10500
10900
10100
10200
10100
10100
10300
17500
11700
12600
10200
11500
10100
11600
11900
9800
10300
10400
9700
11500
11400
100000
18300
8700
23700
7600
25300
11800
7900
7100
9800
7400
31500
13900
7800
7800
9000
8500
8100
8800
8200
8700
8500
13100
9900
10800
9100
8900
15900
9900
9200
37400
9200
9300
9600
9300
9500
11200
10300
12200
10100
9500
9900
10100
10300
10200
11700
17400
10300
38800
10200
10000
11500
11800
9700
10000
11600
11000
10500
10300
11000
95800
13100
6700
17800
9500
7300
7100
7100
7300
9900
8700
7100
12200
8700
8600
9700
8900
8100
8100
8300
9200
8600
11800
8400
18200
9100
9400
9000
10400
9300
34700
9200
9600
9400
9400
9600
10600
10300
11300
9700
10400
10700
10500
10400
10700
17700
13500
11600
48500
13500
10800
12400
12700
10300
10000
11900
10100
10400
10200
10500
98800
7600
7000
18200
8300
7100
6900
7100
7300
9600
7700
7300
11800
8300
8300
9000
10700
8500
8200
8500
8900
8300
9100
9600
16800
36300
10300
10300
9500
9500
9100
8200
10500
9700
9400
9600
11100
10300
11700
11100
9800
10100
10500
16200
10900
11600
10800
10500
39700
12800
10200
11900
11800
10500
10300
12100
10400
10300
10500
14800
95800
7600
6600
18200
8300
6600
7100
7500
7500
10200
7400
7500
11200
8300
8000
8800
15700
8300
8600
8200
9300
11300
9000
10300
11500
9300
10200
11300
10900
10100
11400
9300
12300
11200
9600
11000
14600
10300
11700
11800
12300
11800
44700
10700
10400
10500
10600
10700
40900
10900
10000
12000
12500
10600
11800
12200
10600
16000
10500
10500
98700
7300
6900
20100
8800
6800
7000
6400
7400
9900
7500
7500
11300
7000
7700
10600
8100
8300
8200
38400
9300
8300
9300
8500
10600
9300
9200
10100
8800
9400
10500
10600
10600
9900
9600
11700
12200
9900
10200
16500
11700
44500
52800
11900
9000
7100
6700
8500
10700
14200
11700
13900
24700
8300
17500
6900
14200
7900
6400
6300
52200
4500
3700
12900
5300
4100
3800
4100
4100
6100
4200
4100
9700
5300
6500
7900
12700
7000
7700
6800
7200
9900
7600
6400
6300
5400
5400
5800
5500
5600
6800
5900
6000
6200
5300
6100
7000
15700
7800
11600
6800
6400
23700
5800
6000
6200
6100
6900
7000
6100
7200
6000
6100
22100
6500
10300
6200
7200
8200
7700
64700
6700
3900
5100
5800
4100
4000
5200
4100
4200
3900
4300
9800
4800
4900
4600
4800
4800
9700
4600
4900
4800
4900
4900
5700
5100
5200
5200
5200
5700
5300
5600
5400
5400
5900
6400
6800
6000
6000
5900
6400
5800
5900
6900
6500
6200
6000
6100
6900
6000
6100
5900
6000
6800
22900
6200
6100
6100
6200
31200
170500
5300
4000
4200
3900
4000
4000
6200
5500
6500
6000
4200
8500
4700
9200
5100
4700
9400
4700
4900
4700
6200
4800
5000
5600
5200
5200
5100
5200
5800
5200
5800
5500
5300
5800
5800
6400
5900
5600
10000
7100
5900
5800
6300
7000
5900
6300
6600
6700
5900
6000
6000
5700
6800
20600
6500
10000
6600
7600
25600
112900
4000
3800
3700
4000
3800
4200
5000
5900
5000
4800
4200
7300
5000
9800
5200
5100
4800
4700
5000
4700
5500
4800
5100
5500
5200
5400
5300
5100
5300
5800
5400
5300
5400
5600
5400
6400
7400
6600
9800
6600
7000
6400
6400
6400
6000
6000
5800
6700
5700
5700
5900
5900
6600
19600
5900
9900
5900
6100
25700
76500
4600
3700
4100
3800
4000
4000
4100
5100
6600
4800
4000
8000
4900
4700
9300
4800
4900
5400
4900
4700
4700
5000
4900
5400
6700
5500
5400
5100
5300
5400
5100
5400
5300
5600
5400
6100
6000
5800
5800
5700
11000
7500
6700
6700
6000
6600
6600
7100
5600
6000
6000
5900
6500
20100
5800
6000
10200
6200
25400
64000
4000
3900
4400
4000
3900
4000
3900
5000
5500
4900
4100
20200
4600
9200
5000
11400
5100
4700
5000
4600
4900
4700
5100
6700
5500
5300
5100
5500
6100
5300
5400
5200
5500
5400
5500
6900
6000
5500
5900
10000
6700
6000
6300
5700
5800
7100
6500
7800
6000
27100
6400
6700
6000
5900
6600
10900
6200
6100
6000
60900
3700
3900
5400
4000
3700
4500
4100
5000
4800
5200
4200
7100
5000
4800
5200
9500
4800
4900
4800
4800
4900
4700
5100
5300
5400
5500
5200
5300
5100
5300
5100
5400
5400
5600
7000
6200
5700
5800
5800
5700
11000
6500
6400
6800
6100
6600
7400
9800
6000
5900
7400
6700
6000
5800
8300
6800
6200
10200
6200
47700
4100
3800
9300
4300
5000
8100
3900
4200
4600
4800
10500
7600
5300
4700
4900
4700
4800
6700
5000
4800
4900
4900
7200
6200
6000
5100
10300
5700
8000
5600
5300
6800
5500
6200
7200
7400
6600
6800
6000
5800
6100
6200
6100
6800
6100
5900
38800
7300
5900
6500
6100
6100
29000
5800
6100
6000
6100
6100
6100
48600
8000
3700
4100
3800
4100
3800
4100
9700
5200
4000
4500
6800
5400
5000
4600
4900
4800
5400
5200
5400
5200
5100
5100
5700
5300
5300
7300
5200
6200
5200
6200
6200
5300
6800
7000
8100
7300
8000
6800
5600
6800
7000
5700
8300
5900
7000
38500
6800
6000
5900
5800
5900
23000
6000
6100
6200
7100
6100
6200
47200
7900
3700
4000
3700
3900
3700
4000
9100
5200
4000
4400
6600
5700
4900
5400
4700
4700
5000
5200
6000
5000
5200
5000
5500
5700
5300
9500
5300
5300
5300
5300
5400
5300
5700
6000
7000
6600
6700
5700
5800
6000
6000
5700
6600
6100
7200
39000
6800
6100
6300
5600
6100
20800
5900
6600
5800
5800
5900
6000
46700
8000
3700
4000
3700
3900
3700
4000
8600
4900
4200
3900
6800
4900
4600
4800
4800
4800
5300
6000
5400
4800
5300
5200
5500
5600
5200
9400
5400
5300
5300
5300
5500
5300
7300
6200
6300
5700
5900
6600
6000
6000
5900
5700
6000
33700
10900
6900
6700
5900
5600
5800
5900
21000
5800
5700
5900
6500
6000
6100
48300
3700
7700
3900
3800
3800
4000
3900
8800
4900
4100
3800
6100
4600
5100
4600
4800
4600
4900
5000
5400
6300
4900
5000
5500
5400
19000
9400
5300
5300
5400
5200
5500
5300
5400
5800
6200
5700
5700
6200
5800
6000
5700
5800
5800
6000
6400
6500
11500
6800
6900
6000
5900
5900
6000
6000
6700
6100
6100
33500
46800
3800
8700
4000
3900
3800
3700
3800
9000
4900
3800
4200
9000
6800
7500
7100
7400
7400
7800
9000
8200
8700
10100
8900
8600
9000
8300
8000
14200
18800
8900
9000
8600
9000
8700
9600
10100
9400
8300
10300
8800
7000
5900
7800
6000
5800
7500
6600
13100
6700
7700
5900
8100
7200
5900
5900
7500
6200
6000
36800
140700
4200
8200
4000
4000
9500
3800
4200
3800
4000
4000
4200
7000
5300
5600
5100
4700
4900
4700
4800
5000
5300
4800
5200
5800
5600
6000
8000
7800
7600
9200
38600
8000
8800
8700
8600
9800
10200
8700
8800
10100
40000
6100
5900
8500
6100
6800
7000
12500
18900
9400
9100
27900
6100
9000
7000
7000
89500
9100
13700
97900
4200
3900
5200
3800
4100
3900
4000
4300
4000
4300
4300
7400
4900
4600
4800
4600
4700
5700
4700
4800
10100
5600
5500
5800
5700
5700
5300
5100
5200
5700
5100
5300
6500
5300
5400
6400
6700
5500
5700
5800
29300
6300
5800
6700
7500
7000
6800
8400
18300
6000
5900
18900
5800
10700
7400
6900
29500
7700
7300
64600
4300
3600
5300
3800
4000
3800
4100
4000
8200
4000
4300
7200
4800
4700
4600
4900
4700
5300
4800
4800
5500
5100
5100
5700
5900
7800
5800
5200
5500
5300
5200
6000
10500
5500
5700
6600
6500
5700
5700
5700
25000
5600
5900
6400
6000
6700
6800
12600
17600
5800
6000
17900
6000
7000
6900
6900
28900
5900
7000
51800
3900
3800
6100
3900
3900
3900
3800
4100
4000
4100
4100
6900
4600
4800
5300
4800
4800
5000
5000
4900
5100
5000
9400
5400
5800
5800
5600
5400
5200
75200
5500
5900
5900
5200
5900
6300
6400
6700
6000
5800
9900
6600
6000
6000
6500
6800
6000
6600
16900
6000
6000
18600
6000
6800
11000
6800
28700
5900
7400
47400
3900
3700
5100
4000
3900
4200
4000
3900
4100
3800
8200
7000
15800
4800
5200
5100
4700
7200
4900
4600
5200
4900
5000
5300
5700
5700
6100
5200
6400
6200
5100
6700
6900
6600
6200
8000
7400
7400
24500
7700
6900
7600
34200
5700
6800
6000
8000
8800
6900
5700
7600
7300
24100
5800
5900
7400
7600
9800
8100
50200
4100
4800
6000
5100
3800
4800
3900
5200
4600
4900
4000
8100
5900
5700
5500
4600
5600
4700
9600
6300
5100
4800
4900
5300
5600
5500
5500
5000
5200
5100
5400
5800
5800
5100
5700
6000
6200
6300
5600
10400
5800
8300
5900
5900
6500
5900
5500
6500
6500
7900
5600
5700
25200
5600
5500
5700
5800
6700
6600
49500
7400
3900
3800
7400
3700
4900
5000
5000
11600
3900
9400
10500
5200
4600
4500
9300
4600
5000
5000
4900
4800
4900
5200
5600
7400
8000
5300
5100
5200
5200
6000
5300
5100
5300
113000
6400
5700
10700
5800
5600
6300
5500
5800
5800
6300
6400
6000
6700
6800
5900
7600
6000
7300
6300
10500
5800
7100
5800
5900
49900
4100
3900
12200
3900
5000
4900
4100
3800
4000
3900
4000
6800
4800
4400
9600
4700
4500
4700
4500
4800
5100
4600
4800
5500
5400
5100
4900
4900
5000
4900
5700
5200
5000
5900
28300
6000
9600
6300
5600
6100
6200
5400
7400
5800
6400
6800
6000
6300
6600
5500
5600
5800
6400
10000
6500
5600
6800
5700
6000
49700
3900
3700
8200
3900
5600
4900
4000
3700
4000
3800
4000
6800
8800
4500
4900
4800
27000
5100
4700
4700
4900
5400
4600
7400
5400
4900
5000
5000
5200
5200
5400
5400
6400
5700
6200
9900
5600
6300
7400
5700
6200
5400
5700
5700
6200
6300
5700
6500
6400
5500
5500
5600
10600
5900
5700
5700
7000
5900
5700
49900
4900
4600
9800
3900
4800
5000
4000
3900
4000
3800
8300
6900
4900
4700
4900
4800
4600
4700
4700
5400
5600
4800
5000
6000
5400
7300
5100
5100
5300
5300
5500
5400
5300
5500
5600
11000
5500
5600
5600
5600
5900
5700
6400
5700
5700
6100
28800
6400
6600
5600
5500
9900
6700
5900
5700
5700
6300
5800
6200
48200
3700
3700
7600
3800
4700
4900
4000
3700
8300
3900
4000
6200
4700
5800
5100
4600
4400
4700
4800
4600
5000
5100
4800
5800
5300
4900
5100
4900
5200
5100
5600
5300
5200
5700
10000
7900
5900
5700
5600
5400
5600
5700
6500
5800
5700
5700
29800
6200
5600
6400
9600
6200
6600
5700
5700
5800
6600
7000
5800
117900
3800
3800
7600
3700
6900
5200
7800
3800
3900
3800
3900
6100
4700
4600
4900
4600
4500
4600
4800
4600
5100
4700
4800
8200
7400
6600
5100
5100
5200
5100
5500
5200
5100
10000
5800
6100
5600
23400
5800
6200
5800
5700
6600
5800
5800
5900
88000
6600
9900
6700
5700
5700
6400
5600
5800
5500
6700
6400
5900
112900
11200
5600
6600
6300
13800
4500
4400
4200
6700
4400
4200
7700
4700
4500
4600
4400
5300
4700
4400
4700
4600
5200
4700
5600
5200
7200
5500
6300
5100
5200
5000
5200
5900
5200
5300
22300
6200
6100
5600
5700
5500
6300
6200
5900
6200
6300
6000
6700
5900
5800
5600
5700
6400
11200
5800
7700
5900
6000
5600
51800
4300
3700
4100
3700
4900
3900
3800
3800
3900
4000
3900
6600
4900
4500
9100
4600
4700
4600
4900
4800
4700
4700
4600
6000
5000
4800
5400
5100
5100
5000
4900
5200
5600
5100
5100
16200
6000
10100
5700
5400
5500
5700
6200
7000
6300
6300
5700
6500
5700
5500
5700
5600
6400
6500
7000
10500
5800
6500
5800
48900
3800
3700
3900
5900
7500
6000
5700
5800
4900
4100
4700
7300
4900
4800
4500
4800
4900
7100
10900
7100
7400
4900
4600
5500
5100
5200
5100
6000
9100
5400
6900
5400
6700
5300
5200
16300
8000
6200
5600
5500
10000
7700
6200
5500
6300
7400
5900
6500
5400
5700
5700
5800
6300
6500
5800
5800
5400
5900
7700
51300
3600
4900
3800
5000
6100
3800
5400
3700
4900
4100
4900
8000
5100
5700
4700
5600
5500
4700
6100
5800
4800
9100
4700
5500
5100
4900
5100
5000
5800
5200
5100
5400
5200
5100
5300
7700
5600
14800
6500
5500
5800
5700
10000
5600
6700
5900
5800
7100
5500
5600
5800
5600
6400
6400
5700
5800
5500
5900
5700
52200
3600
4500
3700
3800
4900
4100
4000
3700
3900
4200
4000
7400
4900
4500
4500
4700
4500
4800
4800
4900
5100
4600
4800
6200
5200
9500
6500
5100
5700
5200
5200
5200
5300
5100
5300
6000
5600
5400
6400
5600
5900
5700
5600
5600
6200
5900
5800
19900
6400
7000
7800
5800
5600
15100
6600
5700
6600
6300
5900
53500
3900
3500
8100
3700
4900
4300
3900
3600
3800
3900
3800
7100
5400
4800
6300
4500
4600
5200
4800
4800
4800
4700
4700
5000
5200
5000
5000
6100
5600
9900
5200
5100
5300
5100
5300
5700
5500
5400
6100
5600
11200
5800
7200
9400
9500
8700
8300
22600
14900
9500
8800
8800
6200
5500
6900
5700
6400
6500
5700
48500
4300
4700
4000
4900
4900
9000
3700
3800
3700
3900
4400
