66800
19200
1351000
110100
28300
50100
9500
88000
11300
10700
20400
11000
27000
21100
155200
17900
14600
49600
16200
16500
17200
18900
15700
61600
70100
23300
49400
19400
20500
31500
128800
155900
20800
23200
20500
144100
30700
229700
99100
23100
29300
24500
27600
24900
25000
23800
29800
24200
107700
36600
222100
51900
28900
152300
28900
34100
27900
286200
30500
30200
35300
32400
7400
8200
40600
10300
11000
9000
10000
9200
11600
10100
17500
13700
78000
15800
12900
33300
15100
13800
14900
15600
15100
74100
51100
20100
30900
17800
17400
19700
81000
92000
19800
23400
23000
96900
33500
163300
78700
23500
24100
23300
31000
24500
30400
29400
31600
25100
88000
33400
171800
49900
29000
126800
28100
34600
28800
202800
13500
13300
6600
14600
4500
4200
14700
6000
4600
6100
4600
4400
6500
4600
46200
6500
12400
32600
7400
14300
6600
31100
6500
8800
13400
7200
48700
11900
27700
8100
8100
10400
58600
61400
9200
12900
8600
72400
19500
287500
65800
12700
12600
12700
16300
12600
12900
13300
14500
12100
60100
19200
154700
31500
14400
101000
13500
17300
13900
167100
14500
13400
18500
18000
4000
4400
4300
5600
4300
4300
4500
8400
5700
33200
18700
14700
32400
56500
6100
12100
6400
24500
6600
31800
10400
7000
20000
14700
35400
19400
22300
16000
10600
8700
10000
9000
8300
22300
16700
77900
37800
14800
11200
14700
15400
11500
16000
11700
14000
12400
41600
19000
91600
23100
13500
69900
14500
17400
14200
113300
14000
14100
7700
7700
4400
4300
4100
5500
4200
4400
4800
4500
5700
16200
7700
11200
14400
18800
6200
12500
6500
22900
10500
16500
8700
8100
11600
11700
57200
12300
8900
16200
11500
9100
11000
9600
9500
21800
33900
14600
26500
14900
21700
13900
50000
51900
11800
18100
13500
67000
40000
22200
90900
23400
14300
62300
14300
17600
14500
109200
14300
14300
15500
7900
3800
4600
9600
5000
4000
4100
4500
4300
5400
5100
17800
13500
18800
23500
6400
11400
6600
23300
9800
23700
8700
9900
12500
11600
77100
10500
14400
22900
11100
9100
10900
8900
9400
30800
38100
14800
27900
10800
21200
16800
45700
41100
11100
16000
11500
60500
19100
82700
46000
13000
13600
13200
16700
13600
14100
14000
17200
13700
14400
10700
10700
10200
10800
10300
10400
10500
17700
12200
11500
11600
13700
12900
15700
158500
29100
173600
21400
142500
17500
19800
15200
15800
69000
79200
20900
17500
17000
17700
15400
15400
18000
78500
66500
31400
55500
24600
16500
16700
27000
19200
16700
19500
16800
16600
19100
16900
202400
16600
25200
17900
15900
12700
23800
27300
33900
16400
13200
32200
15200
12400
11100
11100
11500
11000
11500
11300
11300
17900
11400
12600
14500
13200
13500
53300
14600
73900
13500
56900
13400
14400
13000
15700
43900
65600
15300
17700
16900
16500
15100
15900
17700
76200
73700
21600
45400
16600
17300
17100
24200
20100
17000
20200
17400
17300
19800
17600
197500
17200
26000
12300
16000
12700
22500
27700
34000
17100
12800
30500
14600
12000
11000
11100
16400
11100
49900
14200
11000
12600
11400
11100
15400
13500
13700
53900
12800
13300
13600
13400
14800
14500
14600
89600
38400
69000
15200
18300
17600
17200
14800
15100
18800
81500
70100
18100
39400
17200
17100
19000
21500
19800
16300
18400
16100
16000
18600
20400
169700
19300
25900
12900
15500
15800
23800
28300
34000
17100
13200
28800
15400
6700
5700
25200
5600
5600
5500
5600
30600
6300
5800
24800
8200
7300
38900
8100
7300
7300
6800
7000
8000
11000
7900
7000
8900
8900
8300
24700
9500
32900
9800
26700
8700
10300
8300
11900
23500
10300
9400
10600
13900
13800
10500
14100
9600
9300
11000
9300
68100
11800
13500
8500
9600
8600
14000
16200
23100
10300
8400
18100
8500
6500
5600
5400
5700
5600
5600
5400
5600
6200
6200
5700
8000
7000
6700
6900
6900
6900
19600
8300
7900
8000
8300
7500
8800
10100
23300
40200
17900
59000
12900
47600
13300
17400
14100
18400
37800
46500
14300
18400
16700
17000
14200
14400
23400
60500
44900
11100
66000
10400
12900
8400
9700
8500
16600
15600
18700
9900
8700
17400
8400
6300
5600
5400
5700
18800
5400
5600
5400
6500
5600
6100
11100
9200
6700
6900
6600
7100
7000
6800
8300
7700
8100
6900
8900
8400
8600
30600
9200
34300
53100
24900
8900
9700
8300
10100
20400
28500
26600
11300
10400
10600
10500
10500
11600
33100
28600
10800
66600
8600
11600
8400
11600
10200
8300
10000
8400
8200
10100
19300
9800
5900
5900
24400
5700
5600
18900
9000
6600
5800
5800
5600
8600
6900
7500
6800
7000
7800
6800
7000
6800
7800
7200
7700
9400
8700
9100
24300
10700
8000
8500
8800
8300
8200
27700
8400
13200
9400
26700
12100
10500
10100
32800
9100
9000
9700
28900
10900
53100
18100
8100
11900
16000
8100
9900
14200
14700
7900
8400
9800
8200
18500
6000
5700
6000
7900
5900
5800
25200
5400
6600
6000
8300
7200
7300
6900
9700
6900
7400
7000
7100
7900
7100
7500
9200
8900
8300
25400
8100
8300
8800
8900
8300
8400
28300
11100
11400
9300
27400
9100
11000
10000
30300
9000
9100
9900
31100
10600
52400
17700
8100
12000
14900
8300
9800
14200
9800
7800
8500
9900
7900
11000
5700
6000
13900
6300
5900
9300
5600
8600
9000
8000
9600
10400
10900
32300
11300
8900
28200
7200
12500
9500
10100
7500
12500
8400
8900
25300
13000
6000
6000
5900
9100
5900
37700
6400
14500
7100
26200
5600
8800
6700
28500
6200
6100
6000
23700
7100
49500
13500
4100
11600
10400
4100
5200
11600
4800
4300
3900
5300
11200
4600
4500
22900
4900
5500
5000
5100
4800
4600
5100
5200
8500
5300
5700
22800
5600
5200
18500
21000
6200
5500
5300
5300
6600
5600
7900
7700
6400
5800
9100
6100
5900
7100
6000
5800
7500
6900
24500
5900
6700
8100
42500
8900
5800
6000
26600
7200
48200
13900
3700
7800
10700
3900
4900
10200
5000
4100
4000
5100
9200
4800
5300
5000
5200
5100
5200
4800
4800
5000
5100
5600
23200
6700
5300
22700
5000
5300
17800
8200
6100
5200
5400
5400
6800
6000
7800
5900
5700
5700
6300
6300
50700
6800
8700
5700
6900
5800
5600
22600
6600
5900
6000
5700
6000
6600
25800
6100
49300
15800
3800
7800
9900
4000
5000
9600
7600
6400
6800
7600
9300
49300
11600
26200
9400
10000
10500
8200
7600
8500
13800
8500
9400
6000
5700
39400
11400
7400
25700
5400
7100
5400
5700
5400
7100
5900
6500
25600
5900
5900
5700
24600
6600
6800
5900
5900
16800
5800
5700
23300
5600
5500
7400
6600
7000
6800
57700
6600
52100
4800
10100
3700
6700
5800
12900
3900
7000
4100
10000
5200
10100
4700
4700
4600
114000
5600
4500
4900
5000
5000
5400
4800
5800
5600
5200
5300
5200
5100
6000
5600
5300
5200
5200
6100
26100
5700
5800
6000
6700
28000
5800
5800
5600
6500
6600
34600
25600
9300
5800
5900
5700
5900
7500
5800
6600
5700
6100
28200
47900
5100
3800
4800
10800
8300
4100
5900
4900
3900
6700
5500
6800
4800
4500
4800
4400
4700
4600
4900
4600
5300
4900
4700
5500
5700
5500
5000
5100
5000
8600
5700
5000
5300
5300
5200
22600
5500
5600
5900
6600
27000
5900
5800
5800
7100
6000
37400
25300
6200
5800
5700
5500
5600
7100
5900
6600
5900
5800
33700
50300
5000
3600
5100
8200
8700
4100
3600
4100
3800
5100
4500
7900
4900
4500
4800
4600
4700
4600
4700
4600
5000
7500
4700
6100
5100
5300
5600
5700
5300
5000
5300
5900
5300
5600
5300
22300
5700
5500
5800
6400
30200
5600
7000
5800
6500
6100
34800
24300
5600
5400
6400
5800
8400
10400
6000
6600
5800
5900
28300
47300
4900
3700
4600
8000
7900
4000
3800
4000
8000
7800
3900
7000
5300
4500
4800
5000
4800
4800
4700
4700
5000
4900
4700
5800
5100
5100
5000
5500
5200
5000
5300
5600
5200
35000
6800
6100
6400
6500
5700
5500
5800
7200
6400
5800
21400
27300
12000
29900
5600
5700
5600
5600
6000
7000
5900
7100
5700
5900
28100
48200
4800
6400
4600
8200
8200
3700
3900
3900
4000
4700
4000
7100
4600
4600
6000
5000
25600
4500
5400
4600
5200
4700
4600
5600
8100
5000
5200
5500
5100
5700
5200
5600
5400
5100
22300
6000
6200
5800
5700
5600
5700
6900
6400
8400
5600
5900
5900
22300
5800
5800
5900
6700
26500
5900
8300
6000
6600
6000
36000
48000
4900
3700
4700
8000
8200
3800
4700
3900
4000
4900
3800
18300
4500
4600
6400
4600
7500
5000
5000
4800
5400
5000
4700
5900
16500
5200
5000
6100
5100
5100
5500
5600
5400
5400
5200
6400
6300
5700
8300
5900
5700
6900
6500
5800
5900
5900
5900
23600
5900
5800
5800
6800
31100
8500
5900
5800
6600
6400
33900
65200
4000
3700
4000
3800
5800
5700
4100
4900
6800
4000
12000
6700
4700
4800
7400
4500
4700
22300
4600
4900
5300
4900
6200
5500
5100
5000
5100
5000
19800
5200
5000
5300
14500
6300
5100
6400
6300
8600
26100
5700
5600
6300
29900
5600
6000
6300
5600
7300
5800
6300
16000
5700
8400
29800
45900
24200
6200
5800
5900
48800
5000
3900
4500
4300
8700
7400
4000
3800
3800
4000
4000
7200
4700
4800
4700
4500
4900
22000
4700
4900
4700
4900
5300
5600
5100
5000
5200
5000
20100
8000
5100
5200
5000
5400
5100
6100
6200
5600
25200
6000
5900
5900
29600
6800
5800
5700
5600
9000
6900
6200
16200
5800
5600
28500
45000
23500
5700
5800
5800
49500
4600
3700
4400
3600
8300
4600
4000
3800
3700
3800
3900
6300
4600
5900
4700
18400
5000
4500
4700
4700
4600
4700
5200
7800
4900
5900
5100
5000
5000
24300
7200
5400
5100
5400
5200
6100
6000
5400
24800
5600
5700
6000
31200
5800
5600
5800
6100
6400
5800
6100
16600
5500
5700
29900
49500
25700
5700
6800
7000
48300
6100
3700
5600
5100
8000
6500
5500
3900
4800
3900
5500
6500
5600
4600
5600
4600
8300
4800
4700
4700
4600
4800
4800
5200
5200
5600
5000
5600
5000
23100
5300
7400
5400
27700
5100
5900
5600
8600
5800
5400
20200
5800
5700
5600
5900
24500
5800
6400
5700
6500
16000
5500
5700
31600
46900
23500
5600
5900
6000
53400
4600
3700
4300
3700
7900
4500
6700
3800
3900
3900
4000
6400
5100
4500
4600
4500
4900
4700
4700
4800
4700
4800
4800
14900
5100
5700
5100
5200
5000
23200
8000
5200
5400
7100
6500
6000
5400
5400
24100
5700
20200
5600
5700
5700
5700
28500
7600
9100
6200
5500
41300
5700
5800
6200
29400
5600
5800
6000
28500
49900
4800
3700
4300
3800
8200
4600
3800
3800
4100
3800
4100
6700
4700
4700
4700
4800
4900
6100
4800
4800
5000
4600
5100
5400
4900
8300
5100
5300
5200
23000
5300
5900
5600
5400
5200
6100
19200
5800
5700
5500
20700
6300
5800
5700
8500
6000
5800
7300
6500
6000
38100
8400
5800
6400
37700
5700
5900
5700
6400
52500
4100
4700
7400
3800
4000
12100
16400
9800
4000
3900
4200
7000
4800
4600
4600
4400
4700
4500
4600
5400
4800
4700
4800
5300
5100
7200
5300
5000
7800
5100
5000
5100
5300
5300
7500
6100
5700
5600
5500
5400
5500
5700
5600
5700
5900
5800
5600
24400
8300
5700
6400
5800
6400
5800
6500
5700
5600
5900
6400
51500
4800
4500
4000
15800
4500
3900
4600
4900
4100
3800
14300
6600
4800
4600
4700
4500
4500
4700
5100
4600
4700
4800
4700
5900
6400
8000
5100
5300
4900
5000
5000
5100
5100
5400
5300
6500
5400
5500
5500
5600
5400
5700
5700
5500
5800
5800
5500
27200
5700
5600
6200
5600
6300
6100
6200
5800
5800
5700
5900
48400
4600
4600
3700
14300
6800
3900
4500
4800
3900
4000
14300
6500
4900
5400
4700
4400
4800
4600
4800
4500
5400
4700
4800
5500
5000
5200
5100
5000
7800
5700
5300
5100
5400
5100
5200
5900
5600
6300
5500
5500
5600
5600
5700
5700
5900
5600
5900
23500
5500
8500
6100
5800
6100
5600
6100
5600
5700
5800
6200
49200
4500
4500
3900
15100
4600
5100
7000
4700
4000
4000
13700
7000
4800
4600
4700
4500
4700
5400
4600
4600
4700
4800
4600
5400
5200
5000
5000
5000
5200
5100
4900
8000
5300
5300
5100
5700
5600
6000
5700
6100
5700
5700
5700
5600
5900
5900
5900
23400
5800
5700
8600
5600
6300
5500
6100
5700
5800
5600
5800
51000
4400
4400
3800
14300
4300
4000
4500
7100
4300
4100
15200
6600
4700
4800
4800
4500
5000
4700
4700
4600
4700
4900
4600
5300
5200
5100
5100
4900
5200
5200
5100
5300
5300
7900
5100
5900
5700
6300
5800
5900
5600
6100
5900
5800
5800
5900
6000
6200
5800
5700
5500
5700
5700
8300
5700
5700
5900
5800
25400
47300
4900
4400
3900
14900
4400
3800
4700
4600
4100
3700
16400
6300
4700
5300
4700
4600
4800
4600
5000
4600
4900
4900
4700
5400
5400
5100
5300
5100
5200
5200
5100
5400
5400
5400
5200
5800
5700
6500
5900
5900
5800
5600
6000
6800
5900
5900
5800
8500
5900
5700
5600
7000
5400
5600
8600
5800
33500
5900
27000
78300
4300
3800
4700
4500
5300
3900
7400
3900
4000
4000
4100
9300
4800
4500
7400
4700
4700
5200
5000
4900
4800
4700
5000
5900
5000
5300
5700
5800
5100
6200
5800
5300
5700
5900
5300
6500
6200
19600
5700
5800
5600
6000
5800
6600
6100
7200
6100
7000
5900
6000
5900
6700
22700
6900
7200
5900
7600
29200
7800
51700
4900
3900
4800
6000
4900
9700
4300
5000
3900
6800
4000
6200
6900
5100
4700
4500
4800
5300
4900
5200
4600
4900
4800
5900
5000
5200
5300
5800
5100
5600
5400
5500
5700
5700
8100
6200
5700
16300
5800
5600
5700
5800
5700
6700
5900
6400
6100
7100
5700
5800
8300
6600
23400
7300
5500
6000
6800
28000
6900
47600
3800
3900
3600
3900
3800
11300
4000
3900
4000
3800
4600
6400
4600
5300
4900
4600
4800
4800
4800
5900
4800
4900
5000
5200
5200
5100
5400
5200
5200
6000
9500
5500
5200
5500
5500
6200
5700
18200
5600
6000
5700
6500
6100
8100
6200
6600
6600
9800
5800
6300
6200
6600
21400
6000
5800
6000
6800
26600
7000
50700
3700
3900
3600
3900
3800
8300
3800
4100
3800
3800
3900
6000
5300
4800
4700
5000
4800
4900
4700
5300
4800
4900
4900
5200
5200
4900
5400
8100
5100
5700
5700
6500
5400
5200
5300
6600
15900
5800
6300
6400
5800
6400
6400
6000
6300
9000
5800
6700
5600
5700
5700
6500
21800
5800
5800
5700
6800
26200
6800
51200
4000
3700
3700
3700
3900
8300
3800
4000
3700
3900
3900
6000
4600
5100
4800
5200
4800
4700
4800
6500
4700
4800
4700
8100
5100
5400
5200
24700
5100
5800
5800
5300
5100
5400
5300
6800
5500
5800
6400
6300
5800
6500
9000
5800
6500
8100
6000
8600
5600
16700
21100
5900
5800
5900
6500
7000
8400
6900
6000
58300
4000
3900
4000
3800
5000
8600
4000
3900
3900
3800
4100
5900
4800
5000
5600
4800
4600
5500
4600
7800
5000
4700
4900
5200
5000
5100
5200
5200
5200
5700
5800
5100
5300
5300
5300
6400
5700
5700
6300
6300
5900
9000
6500
6000
6300
6500
5800
6300
31900
16200
5700
5600
5800
5900
6400
7100
8600
7100
5900
47700
3900
3900
4000
4900
8800
3900
4000
4000
5000
11500
5300
7200
4700
5000
7400
5700
4600
4800
5200
4700
8700
4700
12200
6600
5800
5400
7700
5300
5400
5400
5200
5400
5200
5400
5400
6500
5700
11600
6000
5800
5800
5700
8400
6900
5900
5900
6000
6900
6000
6000
6900
6100
6900
6100
5800
6800
7000
6100
8500
49300
3800
4100
3800
5200
5300
5700
4100
3900
4200
4400
4200
6700
4900
4600
5200
5400
4900
6700
5000
7900
4900
5100
5300
6400
5800
5200
6400
5300
5000
5300
5200
5300
5600
5400
5300
6200
5600
5500
5900
5800
5800
5600
8200
7700
5900
5900
6000
6800
5700
5700
6700
5900
6800
5900
5800
6900
6700
6000
8400
48500
4000
3900
3800
5100
5000
3800
3800
3700
4000
4000
4100
7800
4600
4700
4900
5100
4800
4900
4800
7600
4800
5000
4700
5400
5700
5200
6500
5800
5300
5800
42900
22200
9600
9600
9400
8900
9200
9900
9300
8800
9900
9400
6200
7200
6400
6200
6400
7100
6400
6200
7100
6400
7100
6200
6200
7000
9300
6500
9100
58800
4100
3800
4300
5200
5000
3900
3900
3800
4000
4000
4000
6500
4800
4900
4800
5000
4600
4900
4900
4900
7500
4700
4800
5400
5100
5200
6100
6500
5200
5300
5700
5200
5700
5200
5400
7200
6400
5700
6600
5600
5700
8500
6000
5800
5800
5900
6000
6400
5800
5700
6700
6000
6700
5900
5800
8200
6900
6100
8600
48500
4000
3700
3900
4800
4900
3800
3900
3800
3900
4000
3900
6400
5200
5100
5100
5000
4800
5000
5500
8700
4900
4800
5000
5300
5000
5500
5800
5800
5500
5700
5900
5200
5900
5400
5200
9800
7000
5900
6500
6200
5900
5600
5800
6000
13700
6300
5800
8200
5800
5600
5900
6100
5800
8900
5800
8700
7400
5800
6800
50100
4700
3700
4600
6000
5700
5000
3800
4700
3800
5100
3900
7200
4500
7700
5000
4900
4800
5100
4800
5100
6500
7200
7800
8800
7900
5400
5900
5700
5200
7000
6000
6200
5900
5200
5300
9800
6500
5800
6500
7300
5700
5900
6000
5900
5700
5900
6000
6600
5800
5800
5900
5600
5900
5700
8400
7000
5900
5900
6200
46800
3800
3900
4900
3900
5200
3900
4000
5200
5200
4100
3900
8400
4800
4800
5600
4800
4600
4900
4700
8000
4600
4900
5400
21800
5100
6000
5600
5000
5300
5100
5300
5200
5400
6400
5300
6200
5800
5700
5800
5600
6600
8500
5800
5900
5800
6100
6100
6700
5900
5900
5900
6600
5700
5900
5900
5800
5700
6800
5800
50800
4000
3800
4000
3800
4300
3900
5000
4000
3800
4200
4000
6800
4700
4900
4600
4700
4700
4700
4800
4600
4800
4700
11100
19500
14200
5800
8700
5600
7700
6100
6700
9500
8600
9700
6100
11700
7500
5900
5400
5800
6300
5900
5800
5700
6500
6600
8900
6500
5700
5500
5600
6300
7300
5700
5700
7800
5900
7300
5900
46400
3900
3700
3800
3700
3700
3800
7600
3800
3900
4000
4100
6900
4600
4700
4600
4800
4600
4700
4600
4700
4900
5600
4900
5800
5100
5700
5700
5300
5000
5300
18900
8000
5200
5300
5400
6200
5600
6000
5700
5600
6200
5800
5500
5800
7300
6000
5800
6500
5600
5500
5700
9000
5800
5700
5700
5800
5800
6600
6100
46900
3700
3800
3600
3800
3700
4100
4700
3800
3900
3900
4000
6700
4800
4600
7400
4600
4700
4800
4600
4700
5200
4900
4600
5800
5100
5600
5300
5300
5100
5400
5300
5200
5100
5200
5300
20200
5700
10000
6200
6200
5700
5800
5900
5700
5800
6500
5900
7100
5500
5600
5700
6400
5800
5500
5800
5700
8400
6600
6000
46700
3600
3800
3500
3800
3600
3600
5300
3800
3800
4100
3800
6300
4700
4600
4900
4600
4700
4700
4700
4600
4900
7700
4600
5700
5100
5400
7700
5400
5000
5200
5200
5200
6600
5300
5300
19300
5600
6400
6200
6100
5600
6200
8600
5900
5700
6500
5900
6500
5800
5700
5700
6300
6700
5800
5700
5900
6600
7100
5800
46200
6600
3500
3800
3600
4000
3700
4700
5200
4400
4100
3800
6300
4500
4700
4600
4800
4500
4800
4900
4800
4900
4800
4800
5600
6700
5700
5600
5500
8000
5200
5300
5300
5100
5400
5200
19300
5800
6600
6300
5800
5800
5800
5700
34500
6100
6500
6000
9200
5700
5500
5600
5800
6500
5800
5800
5700
5900
6000
6100
45900
3600
3700
3800
5200
3800
3900
3600
4000
3800
7500
4100
7800
4500
4700
4600
7900
4700
4600
4700
5000
4800
4800
5200
5800
5200
5000
5900
5900
5100
5400
5100
5300
5200
5400
5200
6300
5500
5600
5800
8400
5600
5800
5700
5800
5600
6700
8500
6800
5600
5700
5700
5700
5800
5800
5800
6700
6000
12500
11500
49500
3900
3600
4800
5000
4600
11700
4600
3900
4600
4100
10500
6100
4800
4900
4800
4500
4500
4900
4600
4700
4800
7600
5100
6000
4900
5000
5800
5000
5100
5100
5200
4900
5300
5200
5100
6000
7100
5500
5700
6800
5700
5500
5400
5700
8400
7800
6800
6900
5700
5500
5300
5600
5600
5500
5400
6500
7700
6300
5800
46200
3500
3600
7300
4800
4500
10400
3700
3900
4600
4200
10100
6100
4400
4800
4700
4500
4600
4800
4700
4800
4600
4800
4900
5400
5000
5000
8100
5100
5100
6700
5300
5700
5200
5200
5500
6000
5700
5400
5600
5600
5700
6100
5600
5700
5400
5600
6400
9400
5500
5500
43500
6100
5400
5600
5600
6500
5800
5500
5800
45700
3800
3600
4500
4700
4500
10600
6500
3700
4500
3900
10400
6000
5200
5000
4600
4600
6100
4900
4600
4500
5000
4700
5100
5400
4900
5100
5000
5200
4900
5100
5200
5400
7900
5300
5100
6300
5600
5600
6500
5800
5400
5800
5700
6100
5700
5700
5800
6500
5500
5600
5600
5500
26200
6700
6400
9800
5700
6600
6600
49600
3700
4900
5400
5400
5300
11300
4100
4600
5400
3700
13400
5800
4600
4700
5100
4500
4800
5000
4600
4700
4500
4800
4700
5200
5000
4900
5200
5200
5000
5100
5000
5600
5300
5200
5400
5700
8400
6800
6900
5500
5800
5900
5700
5700
6500
5900
5900
6400
5800
5500
5900
5800
5700
14100
16800
5900
8700
5800
6800
47500
3700
3700
4400
4700
4500
10900
3700
3800
4500
3900
9900
5800
4500
4900
6800
4600
7400
20600
4700
5600
4600
5200
5300
22400
5300
5000
5200
16100
5400
5200
5100
5900
5200
5200
5400
5900
5700
5500
10200
6100
5800
24400
5700
5800
5800
5700
5800
8000
5500
5500
6000
5800
5500
5900
5700
8500
5800
19900
7100
46700
3700
3800
3600
3900
3700
3600
4000
4900
4100
3900
4100
