1481500
21100
6300
11900
6200
83500
7300
6900
7100
7500
7600
52800
103000
78900
18600
11600
85600
90300
12500
12700
14400
78600
16000
61400
66400
153400
82500
16500
23600
164200
17100
17200
19300
19100
18400
18800
23700
163900
19500
19900
180600
21300
22200
98800
22400
20400
257700
25800
120300
31900
195600
28500
219200
25800
25700
25000
234900
28000
31300
312600
25100
16600
17600
8200
8200
7900
28500
7800
10100
7600
7600
8200
72100
51500
15300
11400
50800
48300
12300
12600
12000
42000
16000
37000
43500
82400
53900
15600
20600
120600
16600
17300
23000
18500
19800
16600
22200
108000
15000
14400
82500
14500
16500
48200
16400
17500
72600
15800
61700
17300
89400
19700
104400
18000
19500
18400
121900
18900
20400
157300
17200
5500
6500
5000
10800
6700
17900
7000
5700
6200
6700
6300
20800
14000
17000
8600
9200
19600
8500
9700
9200
46300
10300
11500
27100
46300
37900
10900
14000
68800
11600
11700
14300
13500
13000
12700
16200
78900
14200
14100
76300
14700
19000
45100
15400
17300
66900
15600
58000
17500
91100
20400
103200
18500
21600
18400
109000
25000
24000
107900
9200
9600
7000
5500
5600
5600
19300
5600
5800
7000
6700
9100
21300
10800
13900
8600
8400
27600
8600
9300
9000
15300
9800
11400
26600
23300
13300
12200
25100
37000
12000
11900
22300
23900
14000
27600
19200
48600
14500
15300
49200
15200
16600
36800
16100
15300
60100
7700
27400
8700
42800
13200
54000
8400
8200
8400
65300
8300
10500
88900
11800
2500
3900
2600
3700
2800
9000
2600
2800
3100
7800
3000
12500
16900
7600
4500
4400
11100
4100
4100
4000
22400
4600
5500
22700
18000
7500
5300
32400
21500
5400
5400
15200
38900
6800
12100
16000
26900
19200
7000
9100
46100
11100
6900
9000
8500
7100
8000
43800
8900
46400
10500
47000
8500
8200
8500
60100
8100
10300
120100
4400
5400
3600
2900
3100
2700
12200
2700
2700
3200
3500
3200
19400
14800
10600
4000
5900
16300
4000
4200
4200
24600
4700
7500
21700
17700
7300
5300
17800
39000
5700
5500
15400
15800
6600
35400
18800
39700
18700
22800
9100
55800
7100
12700
9100
8600
7200
7100
11200
49700
8100
8300
40400
8000
13900
24100
20900
8000
38600
8100
8400
163900
19300
11700
65300
12900
12500
12000
11700
12300
11700
12300
19500
13800
13100
13400
13100
122100
109200
10200
8100
7800
8900
10200
10300
9600
9300
9500
47700
9400
9800
9600
9700
11200
11500
10100
43300
44400
10300
11800
10000
10700
10700
14800
48600
36400
11700
38400
91900
8200
9600
7900
11000
8200
8300
8300
8400
14500
8500
12800
9900
20900
6300
7300
6700
7100
6400
6600
26600
6800
6700
6700
9500
8300
7700
8500
7600
55400
51900
8900
7800
9300
8800
9000
10100
9300
9000
10100
33400
9300
9300
11500
9400
10900
15000
15000
22900
46900
10000
11200
10400
10000
10300
10600
43600
33800
15700
38800
87500
8200
8200
8100
9800
8400
8400
8500
8600
14100
8500
8100
9600
22600
6600
6400
7700
11600
6900
6600
6500
7100
6600
6400
8200
27100
7700
7800
44400
8900
8000
8300
8100
7800
8100
43600
10300
9400
9200
9500
32800
9200
9000
9600
9500
10700
9200
9800
20800
39000
10100
11200
10400
9900
10200
10500
45000
33500
11500
36800
86100
8000
12400
7900
10900
8000
8300
8100
8000
14100
8400
8800
8700
6500
6200
6400
6600
6800
6900
6300
7000
8900
6500
6900
8300
32800
8100
7500
22100
8700
7800
8300
9300
8100
7700
8000
11700
9300
9100
9000
9200
40300
51300
9500
33000
9000
10300
10900
20900
33800
10300
12300
10600
10200
14300
10300
45000
33000
11800
37300
85000
8300
8200
8300
9700
8200
8100
8600
8400
19600
8400
8600
9300
6900
7800
6400
6900
7000
6400
6800
6400
7000
7200
6500
8200
27100
7600
8600
22500
9000
7900
11800
8300
8000
31300
7800
11300
40000
34200
9200
9400
40300
53200
9400
9600
9800
10900
11700
11400
10400
10300
9900
34600
10300
10100
10400
10200
13400
46100
11300
86000
8200
9000
9300
10400
9200
7900
9600
9200
24400
10500
8400
37100
8300
6100
6300
11400
6900
6500
6100
6400
7300
6300
6600
8300
36600
7700
8000
21300
8700
8100
7700
7800
7800
7900
7900
10800
13700
9000
8700
10700
42300
47800
9000
9500
9200
10400
10200
11200
10100
10200
13900
34900
10000
10100
10000
10100
11600
10600
10000
93600
16800
8200
11400
8300
8500
9200
8500
20400
14400
9700
14300
13500
6500
6900
6500
6700
6400
6300
7700
6700
6500
7000
6500
8300
8100
7500
8100
8200
7400
8500
7600
7600
47000
8000
7800
34300
8900
10500
9100
9100
9600
9000
9100
9100
10400
9400
10300
11100
10000
9800
12300
9900
40900
17300
10200
10800
9200
10400
11000
52400
9900
10600
17000
7700
9300
7800
12900
7800
7700
12800
16400
8300
6200
5200
5600
5600
6700
5800
6100
5500
5800
5500
6500
7400
6600
6900
6700
6700
7100
8000
6800
6800
34700
7200
7000
22800
8300
9400
8000
7900
8100
8500
8300
8100
10800
8300
9200
10400
8900
9000
14100
9000
25300
9200
9200
11000
8900
10600
11100
51300
8200
10200
16000
7900
11900
8200
12300
8600
8100
8200
14200
7300
5300
5600
5500
5400
6200
5500
5800
5600
6800
5800
5400
7400
6900
8400
6700
7500
7000
6700
11400
7400
7000
33600
12400
44300
11600
10500
9100
8600
10600
9400
9500
12600
14200
11100
10300
23300
14000
13200
15700
9100
26900
10000
11300
11100
9900
10500
11200
52900
8000
10500
19500
8400
7500
8300
12000
8300
7900
8400
14400
7600
5300
5400
5700
5600
7800
5500
6100
5600
5700
5600
5900
7100
6900
8200
7300
13300
6700
7200
7700
6900
7000
8500
7800
8700
9400
8100
8400
8300
8200
11000
8600
22700
32000
13000
8500
9800
9400
8900
8700
9300
24500
9400
8900
10500
9600
10400
10500
51300
12000
10300
14200
8200
7900
8200
12400
8200
8100
8500
13900
7500
5500
5200
5600
5300
6600
5700
5900
6300
5800
5600
5600
7000
7100
11500
6800
7500
6900
6600
7900
7100
7000
6800
7000
9500
8000
8100
8500
8200
7900
11600
15900
11200
45200
20700
14900
29800
10700
11700
9000
26300
9000
9000
9200
9200
11200
9100
12000
57100
7800
11100
14300
8400
7800
8400
12300
8000
8400
8000
14800
9500
5200
22000
5600
5300
6600
5700
5800
5700
5500
10300
6800
7100
6700
7800
6800
7600
6600
6800
8000
6900
24600
7000
6800
8900
8200
8600
8200
8200
8200
9200
13200
8500
38700
8800
8900
24100
9000
10500
9100
9200
9000
9000
9400
9000
10300
9200
15000
67600
7900
8200
7700
8000
12900
8100
8200
9600
8200
10100
10000
7900
5400
5500
5300
5400
5400
5400
5800
5500
5400
5600
5500
7200
10600
6600
7000
6700
7100
7200
8100
7100
6700
7400
7400
8600
8400
7800
7900
8700
9100
9300
8200
8400
8400
9100
13300
10000
9000
9200
10200
9200
9300
9000
29000
10300
10400
9500
8900
51700
8200
7900
13600
13600
14100
9300
8100
10300
8500
8100
10500
7500
5200
5300
5900
5700
5300
5400
5300
5400
5600
5400
5600
7300
6500
10800
6900
8600
7100
6800
6700
6500
7100
6600
7900
8700
8300
7800
7900
7800
9200
9800
8200
8300
8300
9200
9000
14200
8800
9300
11400
9100
9300
9000
28400
10900
10300
9400
9000
52200
8100
8000
13800
13800
13700
7900
8400
9900
8200
8100
10500
7400
5300
5400
5800
5200
5400
5400
5500
5300
5500
5800
5800
7000
6700
6800
10600
6900
6700
7900
6700
6600
7200
6600
6900
8500
8000
8400
7800
7800
9200
9300
9700
8700
8400
9200
10800
11900
8900
10000
11300
10100
10100
10000
30200
11400
11300
10000
9300
53300
8100
12700
10600
13000
15000
7800
8400
10100
8000
8400
9900
7800
5700
5500
6100
5800
5600
5400
5600
5500
5600
5800
6000
7100
10600
6800
6900
6600
7200
6900
6700
6900
6800
7300
6900
8300
8000
8600
8000
7900
9800
8600
8400
8200
8400
8800
9400
14100
8700
8800
10300
9100
10000
9300
27700
10500
10300
9000
9400
50600
8100
7900
14300
14800
13300
8800
8000
10300
8000
8400
9700
7500
5400
6300
6100
5300
5500
5300
25700
5500
5400
5700
5700
7200
10700
6900
6700
6700
8100
7000
6700
6900
7000
6800
7200
8300
7900
9700
8400
7800
9400
8400
8300
8200
8100
8300
10500
14300
9200
9100
9700
8900
10300
11000
9200
9100
9200
10400
10700
50500
7800
8400
9900
17100
13200
10300
8100
10300
8700
8300
9900
7500
5600
5900
11800
4600
23100
4700
4600
4700
4700
4600
4800
5200
5000
9500
5200
5100
5000
5000
5100
5000
5200
9500
5400
5800
5300
5700
5600
5800
6500
22700
5800
5700
5700
5800
10600
6300
5800
6200
5600
5500
6600
7600
5600
5900
5800
8300
6800
47200
4100
3800
5000
8000
3700
3900
9600
5200
5300
4300
3800
5900
5400
4500
4600
4600
4400
4600
4600
6200
5300
6200
4900
5200
5000
5000
19500
5000
5100
5000
5300
7100
5100
9400
5400
6500
5800
6100
6100
5500
6100
5800
5800
21600
5600
6400
6300
8400
6000
5700
21600
5600
6400
6500
5700
6700
6000
5800
6900
45800
4100
3700
3800
3700
5100
10800
4200
3800
4000
3800
17600
7500
4700
4500
5100
4500
4600
5100
4700
4500
5900
4900
4700
5300
5000
4700
19000
4900
4900
4800
5300
7900
7300
5800
5100
10900
5500
6000
6100
5600
6000
5700
5400
21300
5700
5700
5500
6600
5600
5400
17100
9400
5800
6400
6200
6600
5700
5800
5600
46300
3800
3500
3400
3700
4900
10800
3600
3800
3700
4000
15500
10400
4400
4500
4300
4600
4400
5800
4400
4700
4500
5200
4800
5100
5200
5100
5100
5100
18600
5100
5100
5200
5700
5300
5400
6400
9700
6000
6200
5700
6000
5500
5600
21900
5700
5500
5500
6500
5400
5500
16900
5500
5500
10400
5700
6500
6300
5700
5700
49200
3600
3700
3500
3800
4800
10300
3600
3800
3700
3700
12700
6200
4800
9000
4500
4500
4300
5300
4600
4900
4700
4700
4800
5200
5000
5200
4900
5200
5100
5000
5800
5400
6200
5400
5200
5800
21000
9700
19300
5500
5400
5600
5600
5700
5500
5600
5800
6200
5500
5500
17100
5400
6100
6400
9500
7600
5800
5800
5900
45800
3600
3500
3600
3600
4800
11100
4000
3500
3800
3800
12400
6100
4600
4400
4600
4500
8500
4800
4700
4700
4500
5200
4600
5200
5100
15100
5100
5000
5300
5000
5300
5200
5600
5300
6700
5800
5400
5600
23600
5600
5500
5600
5700
5700
5700
5700
5800
8100
5700
6500
6300
5800
6300
5700
9800
25100
5800
5700
6200
48100
3800
3400
3600
3600
4900
10300
4100
3800
3600
3800
12400
5900
5000
4700
4400
4800
4400
4800
8700
4800
30600
4800
4700
5800
5200
5100
5100
5000
5900
5600
5100
24400
5700
5600
5400
5900
5500
5400
23000
5500
5700
10800
5900
5900
5700
5700
5900
6700
6100
6200
6100
5700
6200
5700
5600
25200
5800
5500
5800
48500
3700
3800
7100
3700
3900
4800
3700
5300
4100
3800
3900
6600
4600
5100
17200
4700
4900
4800
5100
4600
4800
4500
8800
5600
5100
5700
5700
5100
5200
6200
5000
5200
5100
5600
6000
7400
6700
5700
5600
5800
6700
5800
6800
5700
5900
5800
6900
18400
7100
7300
5800
5800
5900
5900
6100
5700
7300
7400
7600
49000
5000
3800
8500
7600
3800
5000
3900
5100
4200
6700
4900
6800
4600
8700
17300
4600
5100
4500
5200
5100
4700
4800
4500
5500
5000
5700
4900
5000
5600
5600
5100
4800
5000
5800
5900
11000
6700
5500
5400
5600
6500
5800
6900
5800
5800
5600
6800
18900
7000
10900
5800
5700
5400
5500
6200
5900
6200
5700
5900
49500
3700
3700
6100
5300
3900
3800
3800
8000
3800
5500
4200
6100
4600
4600
4400
4600
4900
4700
5300
5200
5300
4800
4500
5400
5100
5900
17200
5300
6000
5600
10400
5300
5200
5300
5200
7100
7200
5500
5600
5700
9200
5800
7200
5800
5700
5800
6700
21600
7000
7000
5800
5600
5600
5700
5700
5700
5500
5500
5800
46600
4400
3700
9900
5300
4000
3700
4000
3700
3900
5300
4100
6100
4700
4500
4500
4600
5000
4600
5300
5200
4900
4900
4500
5300
5200
5700
21900
5200
6000
5100
6000
6400
5800
5300
5300
5900
5400
6500
5700
5500
5700
6800
5800
5700
10000
7000
6900
18200
7600
7100
5700
5700
5600
5600
5800
5600
5800
5700
5800
50900
4500
3600
6000
5800
3800
4000
3900
4300
3900
5500
3900
6300
4700
4400
4600
4400
5300
4600
5100
5000
4600
8700
4600
5300
5100
5700
17300
14900
5700
5000
5800
5300
5200
5300
5700
6100
5400
6800
5600
5600
9600
6600
5800
5700
5500
6800
6700
7800
6800
5800
5700
5600
7000
5800
6900
10000
6000
5800
7100
46800
3700
3800
5800
5300
3800
3800
3800
4100
3600
5400
3900
5700
4400
4700
4500
8500
5100
4600
5100
5200
4700
4800
4500
5400
5100
5800
16900
5100
5900
5100
5900
5300
5200
5300
5300
6700
5900
6700
5500
5700
5800
6700
6200
5700
5900
7000
6800
7700
7000
5800
5700
5800
10800
5900
7300
5900
5800
5800
6900
58400
5300
5600
3900
3900
3800
4000
3800
4000
7900
4000
4000
6300
4600
4700
4600
9400
4800
6700
4900
4600
4700
4600
4700
5900
4900
5500
5100
5000
5200
6600
5600
5300
5200
5000
5400
7100
5700
5700
5600
6000
9700
5600
5700
7000
5900
5600
6600
7500
5500
5600
5700
5700
5600
5900
5700
5600
5600
5900
6800
69500
3700
3900
3700
3700
11300
6700
3900
4100
3900
5100
5100
5900
4400
4600
4900
4700
5100
4900
4700
4400
8800
4500
4700
5700
4800
5400
5000
4900
5000
4900
5200
5000
5300
6300
5300
6600
5400
5600
5500
5300
5600
6100
5800
5600
9500
5700
6500
7200
5400
5500
5500
5600
5500
5700
5700
5400
5800
5800
6700
69200
3600
3700
3900
3500
10800
4700
3800
4300
3800
5000
5100
5900
4600
4700
4900
4800
4500
5100
4800
5000
4800
4600
4800
6600
5200
9300
5200
5200
5300
5900
5900
5000
5200
5200
5400
6500
5700
5600
5500
5400
5900
5500
5800
6200
5700
5800
6500
11000
5500
6100
5600
5400
6000
5900
5800
5500
7900
5900
6700
64300
3600
3600
4400
3500
11000
8500
3900
3700
3800
4600
5000
6200
6200
4600
4900
4800
4500
5200
4700
4600
4700
4600
4800
5400
5100
5100
5200
5200
5300
5100
9200
5100
5300
5200
5300
6500
5600
6300
5700
5700
5700
5600
5800
5700
6400
5900
5900
11900
5700
5700
9700
5400
5600
5600
5700
7600
5900
5800
6700
64900
3700
3500
3600
3400
10600
5300
3900
3600
3800
9000
5100
6000
4700
4500
5000
4800
4600
5200
4800
4600
4700
4900
4900
5400
5500
5100
5100
5300
5100
5500
5200
5100
5600
5300
5400
13800
5600
6200
5700
5500
5600
5600
5900
5700
5900
5700
6200
11300
5800
8900
8100
7700
7300
7300
8400
9700
9500
10300
6900
65200
3600
3400
3900
3600
11000
4700
4000
3600
4600
4800
5100
6000
4900
4600
6300
6300
4800
6200
5700
6300
25600
5800
4700
6400
6200
5000
6300
5000
6300
4900
6100
6300
5100
6400
5200
8700
5600
10900
5600
5600
5800
5600
5800
6400
5800
5700
23600
7300
5900
7000
5600
5800
5700
5800
6100
9700
5900
5700
6700
47700
3900
4500
5100
5500
5900
5900
4300
4000
4000
4000
5200
8900
5500
69700
20700
10000
9200
10100
9000
9400
19500
9500
9100
11600
11000
11000
9900
10100
10100
10000
10000
10000
9900
11800
10200
11800
11000
12400
11400
28300
11400
13100
19500
13200
10500
12200
12500
12100
10300
10100
10200
13000
12300
10200
10600
57800
11500
10600
19400
97600
7600
10000
7300
26700
9800
9600
7000
6500
10700
7700
7300
11400
7700
7900
9600
8600
8900
14100
36600
8800
8700
8400
8700
12000
10100
10300
9200
9100
9200
8900
9300
10200
10000
10700
13100
11900
10600
10300
15800
10100
10500
11600
10300
12500
10600
12300
12000
11800
10400
10400
10500
12500
10200
10300
11300
60100
10300
10700
12700
105400
7500
7000
7200
25400
9800
9900
7100
7000
10700
7200
7300
11600
13900
8200
7900
9200
8800
9200
8400
8700
7900
8400
8200
9800
9200
37500
10400
8900
9400
10400
11800
9400
9200
8600
8800
16700
9300
9900
10600
9900
9600
12100
16900
10400
10900
12500
13100
12500
10600
10500
10700
13600
17500
11500
11300
54600
11900
10800
13500
102200
8200
6600
6600
23800
10000
9000
6400
12900
10500
7000
6900
11900
8000
7900
7800
8500
8500
8100
7900
9600
8100
8200
8300
9200
8600
35200
10100
10900
9200
15700
8800
8900
8800
9100
9000
12500
11400
11300
10400
10400
10200
13200
22400
14100
12600
14100
13600
21800
19800
16000
8600
15000
10500
10600
11100
57000
11300
10700
15700
88900
7200
6500
6500
32100
9300
9000
6600
7300
10300
8500
8300
13300
9100
10600
8800
9100
21500
9000
8700
9800
9000
9900
8500
9200
10400
43800
10600
8900
9300
9800
8800
47800
9600
8600
10300
12200
11600
10900
11900
10000
10100
10100
10100
10200
10400
11600
9800
10200
7700
10000
13300
8800
10000
12500
9400
9900
10000
122300
15100
65400
4600
4000
4500
17500
5600
5700
4700
4000
6400
4100
5300
14200
4900
4400
4500
12500
5300
4600
4700
4900
4800
4700
4700
6200
5300
22300
6100
5100
4900
5900
5400
5200
5100
5300
5100
7300
11500
6600
5800
5800
5500
5600
9100
9000
8800
11600
9000
10100
8700
8900
9200
8600
8600
11700
16000
10300
13400
12100
11700
52500
9700
4000
3900
6800
3900
10300
4100
11200
3900
4300
6300
8900
4600
4500
4900
4600
4600
4500
10500
4800
4500
4700
4600
5600
5200
5400
6100
5100
5100
5100
5100
5300
5100
5300
5300
6300
6200
5800
5500
5700
5500
6300
10100
6500
135800
6000
6100
7900
5700
7600
25700
6600
5800
5700
5600
6800
11300
5800
5800
61100
5400
3900
3500
5000
3900
3800
3900
3800
4000
3700
6100
8200
4700
4500
4700
4400
4700
9200
6000
4800
4600
4700
5100
6100
5800
21000
5000
5200
5500
5100
5000
5100
5100
6100
6700
7800
8800
6100
6600
7500
9000
7800
10400
6600
33400
6700
5800
7400
5900
7500
27600
7700
7900
8900
9000
10200
16600
8800
9100
74300
5200
3600
5900
7900
5000
4000
5600
6700
8200
6300
7400
11200
7300
12400
9300
7500
7000
12100
4600
4800
4700
4800
4600
5300
6200
6900
6200
5200
4900
6300
7700
5200
5200
5000
5400
6300
6100
5700
5400
8900
5900
13600
5900
6200
32000
5700
6800
7300
5800
5500
104300
6900
5600
5700
5800
6400
8300
8700
6700
64200
6000
3800
4600
5800
3700
4700
3900
5000
3800
4900
6800
11500
4600
5600
4600
5700
12400
4800
4800
29900
5700
5000
6000
5500
7200
5400
5800
5100
4900
5300
7600
5200
5800
5200
5400
7100
6000
6500
6900
11200
6100
5700
5600
5900
5900
5900
5600
7900
5700
5700
26700
8400
5800
5500
5600
8400
11000
5700
6000
64600
4900
4800
3700
4800
3800
3700
3900
3600
3900
3700
6300
8200
5200
4500
5200
4400
9100
6300
4800
4900
4600
4800
23700
5300
5900
5000
8000
5500
4900
5200
5900
6300
5400
5100
7700
6200
5700
6300
10200
5500
7600
6000
5600
5700
6400
10300
10900
24100
10900
6200
6100
9400
6500
6900
6100
7500
38800
6000
5800
59900
4900
3700
3600
4600
3900
3900
5100
3700
3900
3700
5700
7800
5100
4500
4700
9600
4600
4700
4600
4600
4500
4600
4700
6000
5100
5000
5700
6800
5000
5200
5700
5200
5300
5200
5500
5900
6400
6600
7500
5800
22500
5800
5800
5800
5900
6000
5900
6400
6500
5700
5700
5600
5700
6400
6900
6500
33100
5900
5900
49000
3900
3700
10200
5900
3900
3700
4000
5200
4800
3900
4000
8800
4600
5300
4700
4500
4600
5000
4900
4700
4700
4700
4600
11100
5100
5200
5700
5200
5000
5200
5100
5100
5800
5100
5900
6400
5500
7400
5700
28600
6700
6000
5700
5900
10100
5900
5700
9000
6600
5800
5700
5700
6700
6500
5900
5700
7300
6500
7600
47600
8300
3700
5100
3800
4000
3700
5000
4000
3900
5000
4100
6900
4800
4700
4600
4700
4900
5100
4800
4800
4800
5100
4700
6800
9200
5200
5000
5200
5000
5100
4900
5300
6200
6300
5700
6300
5400
5600
6500
5700
6400
25000
5900
5900
5800
5700
10000
7100
6300
5600
5600
6100
6500
6400
5900
5500
6300
5700
6500
47200
4100
3800
9600
5800
4400
3600
5000
3900
3800
5100
4100
7700
5400
6200
4700
4700
5000
5100
4700
4900
4800
5200
4600
5500
5300
9900
5100
5100
6200
5800
5200
4900
5400
6000
5200
6000
5500
5700
5600
5500
6400
5600
5600
28900
6000
5700
5800
10700
6300
5600
5400
5600
6800
7900
5600
5600
5800
5700
6600
55400
5200
3800
21000
8200
3900
3800
4900
3900
3800
4800
4000
7200
4800
4500
4700
4600
5000
5100
4600
5000
5100
4900
4700
5500
5000
5800
6400
5200
9300
5800
5100
5200
5200
5200
6100
6800
6300
5600
5500
6000
5600
5800
5700
5800
7000
5900
6300
10800
6300
5700
5400
5600
6400
6500
5700
7000
5900
5700
6400
47800
3800
3600
4700
3900
3700
21000
4900
3900
3800
4900
4000
6500
4700
4600
4600
4700
5000
5100
4800
4800
4800
6000
4600
5300
5200
5900
5000
5100
4900
9700
5200
5200
5100
5300
5200
6800
5600
5700
5600
5800
5600
5600
5600
5800
6700
7500
7300
10800
5500
5900
5600
6100
6600
6800
7500
5800
6500
6300
5800
46000
3600
3700
4600
3800
4400
3800
8700
3700
15600
4900
4100
6300
4700
4600
4600
4600
6900
5100
5300
4800
4900
5100
4600
5300
5100
5600
5100
14700
5300
5800
9700
5100
5400
6800
5300
6700
5500
5700
5700
5700
5500
5800
5800
5900
6500
5900
6500
6300
5600
36500
5800
5700
6800
5600
5700
5800
5800
5900
5500
46400
5000
3500
3800
3600
7000
4700
4100
3800
8100
3800
5000
