1213700
31200
7800
73800
5900
6600
7800
12000
48400
7600
7000
7300
57400
11000
79400
12800
11300
138200
10500
129000
11100
20000
10600
10800
98400
18500
129800
13400
15100
12800
12300
67700
13500
14600
15600
13700
57100
20400
157300
19100
16000
17800
222900
19400
17500
49200
17000
78700
80300
18700
18600
21900
109700
23100
473100
27600
26800
26100
38000
27000
74200
30400
7400
7800
9400
8100
61900
10200
9400
12800
39600
12300
68900
13500
79200
15100
14300
139000
12400
155000
18000
16400
14200
12900
115600
22200
130500
15800
20800
17300
15900
78200
17100
16300
20900
16800
69400
19000
174500
25400
19800
23200
256900
25600
22900
63900
21900
78900
90800
23700
23600
24200
116700
30100
736800
47700
30000
19700
21600
19400
18000
10900
4700
5000
6100
5200
26800
7200
5800
9500
16100
8700
42500
16300
10300
61000
9200
8600
10200
9000
59100
9700
10000
9400
48900
13300
65100
13400
14400
12800
11800
35000
12300
12800
13900
12500
38200
14400
87900
17600
14700
16600
125400
17400
17000
31100
15700
48400
52700
17900
17600
17900
74100
20600
171900
22000
18400
18500
20600
18800
14200
9100
6400
5200
5500
5100
10600
5800
5800
5700
19700
8000
25200
9200
9000
27900
8100
8800
9300
8800
25500
9200
19800
10900
45600
13500
46000
17600
13500
68600
23800
60300
13900
15800
12700
13800
37800
14600
100500
18000
15200
16300
91000
20600
19400
27900
33700
73500
69900
25400
23400
23900
80600
31200
169200
23900
27900
24600
30400
25500
38000
7000
25500
5500
6500
5400
13900
6600
5800
30600
5500
6300
26300
9700
10000
46200
6800
7400
8700
6700
59400
7300
7400
7600
191700
48800
65900
44400
19200
146200
11200
81500
5900
8700
6500
5800
44000
15000
54400
10700
13800
11500
10900
62100
11000
10600
11800
10600
42000
12300
12300
13200
53500
16300
158900
13900
13900
13100
17300
13600
5300
4900
14500
5200
5100
4400
13400
5700
4500
22500
4800
6000
21400
9800
8600
29000
6800
7400
15700
6700
29900
7100
7200
12600
32600
11500
32600
11900
11800
61100
8500
62700
10100
12600
9600
9300
52700
16800
52300
14000
14200
10400
10800
53700
9800
11000
9900
6900
28400
16800
58300
12200
8600
9900
76800
10600
103400
43400
16800
65900
18100
12100
12400
9800
178500
27200
17700
21700
17200
17200
157700
18100
20500
19200
20900
19800
20500
20800
19700
20400
280400
100900
104000
15800
24200
15400
17700
16000
15200
17800
192000
16500
15500
15500
66800
25900
68000
19800
38700
16400
17300
60200
48700
19300
79400
17200
24400
16700
173700
51000
12900
12400
20400
13000
12700
19600
28200
40000
12500
46100
16300
11400
12000
61100
11800
10900
11300
11600
53500
11300
11400
11700
14600
16300
14600
13200
14300
14100
13700
19200
123900
54200
81900
13900
18000
15400
20200
15200
15700
16700
172400
16500
15600
15700
58000
17400
59900
18500
35700
21800
16900
46700
50200
19500
75600
16700
17300
16300
174500
52000
12500
14100
21600
10700
14000
17800
28400
31200
8100
25400
34900
7700
8200
7600
9000
7400
11300
6700
37100
6500
6600
6500
8400
8800
7900
8700
56900
7800
7900
7700
42100
7800
38600
7900
9900
9500
10200
9200
9300
9900
88100
9300
9400
10600
38800
11500
34300
11500
21600
9900
10200
27400
26800
11500
45000
10200
10400
10800
88600
28100
8100
8400
12300
8400
7900
10600
16300
27700
8000
23700
10300
28900
7200
6500
7200
6600
6400
6600
35300
6400
6700
6500
8400
12800
7800
7900
53900
8400
8000
7800
8400
8200
33600
7900
9400
9500
10000
9200
10100
14700
9200
10400
92200
30300
42400
9500
36800
11400
22700
10000
10000
28700
27300
11200
40900
10100
10300
10100
92300
28100
8000
8300
12200
8300
7900
10500
16300
23500
8100
24300
10600
6600
11200
6500
6800
6200
6500
6200
6700
6500
6800
6600
7800
8500
7800
7800
32700
7600
7900
8000
7900
8000
33500
7800
23400
9500
10300
9200
10000
10600
9200
38800
65800
29500
47200
9200
27900
31000
15000
13900
15800
15300
114700
10400
10600
31100
34500
12900
84700
30500
7900
8500
12300
8600
12100
11400
17100
23000
8500
22700
9700
6600
7100
6500
6800
6500
6200
6500
25800
6400
6900
7300
8700
10700
8200
10400
72600
8100
9400
7800
7600
11800
34600
9600
9400
9000
10400
13300
10100
10300
9600
9600
85300
29600
43900
9400
38200
10000
11100
26900
9900
10900
137600
10100
10300
10100
33300
13300
104800
10200
11300
8200
8100
12300
21200
13400
16900
8500
8300
16200
11000
6200
7300
6500
6600
6500
6500
6500
6300
6600
6600
7500
8700
7800
8800
31900
7600
8000
7900
7700
9000
8100
8300
12800
25600
35200
10300
11100
10400
38200
10500
9200
10000
9300
9500
11000
15700
19700
10300
13200
10200
10200
10500
10000
39500
70300
48100
10700
85500
8000
13800
13800
10200
9800
15900
10000
8500
8200
8400
17300
9600
7700
6500
6500
11400
6400
6400
6400
6400
8400
6700
7500
8100
8200
7500
28400
7500
7700
8200
7600
8800
7800
8400
8800
25100
37400
9800
10100
9200
37600
10300
9300
10500
9300
9600
10400
11300
20900
14500
11300
10500
10000
10800
10000
38500
71800
54400
10600
95300
8700
14100
12300
9900
9700
16900
10300
8800
7900
8900
17300
11600
7300
7400
6300
7700
6600
6500
10800
6500
7000
6700
6800
8200
8100
8200
8000
7900
7900
8000
29000
7900
7900
7900
9000
25500
34500
14200
10900
9200
39100
10800
9500
10100
9400
9500
10400
11400
19800
10200
15400
10300
10100
10100
10400
38500
69900
43300
10300
85200
8200
13500
16000
9900
9700
15600
9900
8700
8100
8300
17100
10400
6500
6700
6400
7000
7700
6700
6700
6300
7100
6700
8500
8000
9000
10600
8900
7900
10600
8600
9000
9200
7800
39100
12500
10800
11500
10200
33600
9500
10700
28900
9600
10500
9400
10400
34900
11000
19400
10400
11500
10400
10000
10200
14200
40900
69800
46400
11000
83300
8100
13800
12300
12200
11300
19400
11400
8500
8400
8400
17200
9400
6300
7200
6100
6800
6300
6400
6600
6500
7000
6400
6900
9100
8000
8400
8200
7600
11500
37900
7500
8000
7800
7700
8800
17900
9400
8900
32900
10000
9100
10400
9900
10600
10000
14400
62100
27100
57900
12100
15800
10300
46200
11700
75800
13900
7300
6700
8600
83600
5400
10700
8500
5300
5300
11600
5600
8300
4000
4000
13200
9300
5400
5600
5600
6000
5600
5400
26600
5600
6200
5800
6500
8100
6200
6600
6000
6100
6500
7100
10400
6100
68600
6300
7600
7100
6500
6600
29700
24800
6800
6700
6600
8100
11600
7700
8400
24700
33400
7600
7400
8000
35900
8700
7000
7500
10500
6800
8300
81900
7000
4200
6600
3900
3800
4700
4000
11700
19900
13600
3900
8100
7500
5700
7100
34800
14400
12200
14700
6200
6200
6700
6400
7200
8000
6500
6800
6800
7600
6800
6400
6700
6800
6700
7400
7900
7900
10600
8500
7500
12600
7300
7100
7900
8200
7100
7900
8900
7300
7100
7500
10500
6700
7800
6500
6800
6900
11100
8300
81100
4100
5200
4100
3900
4100
4100
3800
4200
4800
4300
5400
16200
4700
4800
5300
4600
5200
9400
4800
4800
4900
4900
4800
5800
5000
5200
4900
5200
5800
5100
5100
5100
5500
5800
5700
6300
5500
6700
5500
5600
10300
5800
6100
6300
6700
6000
5900
9800
8500
7400
5900
6900
5900
6700
5900
6500
5700
6300
7000
49600
3900
4900
4100
3700
4100
3700
5200
3900
4100
4000
5000
7300
4800
4500
4900
4800
4800
8900
4900
4700
4900
4900
10900
5800
5900
5700
5600
6000
5600
6300
5700
5900
5700
6000
5900
6700
6100
8600
5700
9400
6400
5700
6800
6300
7400
5700
5900
6700
5600
5700
5600
7400
5900
6600
9700
6100
11800
6100
6800
53600
4000
5300
4000
4000
4000
4100
4000
4600
4300
4400
8000
8300
7200
12000
5600
5700
5600
5300
5300
6100
4900
5000
4700
5400
5800
5300
5000
5900
5300
6200
5200
5400
5700
6000
5500
6100
10300
5600
5800
5900
6600
6000
6000
6000
5800
5900
6700
6500
5800
5700
5600
6900
5900
11500
6800
5800
5800
5900
6800
48700
4000
4800
4000
3600
4000
3700
3800
3800
4000
3900
9100
20700
10900
5000
5600
5000
6000
5400
4900
5100
5100
5200
5300
5500
6200
5600
5500
8500
5200
5800
5100
5400
5100
5800
5400
6000
10300
5500
5700
16400
7000
6300
6200
6200
6200
6600
9000
6800
5600
7500
5900
5700
6800
10000
5700
8600
7200
6100
5800
47900
4200
4800
3900
3900
3700
3900
5100
4100
3800
4000
5000
11500
4800
4700
5000
4900
5100
4800
5400
4600
5100
5200
4700
5300
5600
5100
5200
5700
5100
5900
5300
5200
5400
5800
5200
10400
5500
5700
5600
5600
6400
5900
5600
5800
6300
5800
6600
8300
5800
7000
5700
7000
6500
9800
5800
6600
7100
5800
6300
46600
4000
3800
4000
5400
4000
5100
4000
4000
4100
3900
5200
6900
4700
4700
4500
4600
4600
8800
4600
10300
5100
5700
16800
6300
5400
5600
5500
5900
7700
5600
5400
5600
5400
5600
5700
6600
6200
5900
6800
6300
6100
8900
6900
6800
5800
7200
6900
9400
6700
5600
7300
8300
7500
6800
38500
6900
5800
5700
6100
47000
4100
3700
4900
3900
3700
3900
3800
4100
3900
4700
4000
6600
4600
4800
4900
4600
4800
4500
4700
4500
8000
9600
4600
6400
5200
4900
5000
5600
5700
5000
5100
5100
5300
5100
5300
6200
5700
5600
5400
5600
5700
6900
5900
7500
10700
5800
5600
7300
5900
5800
6400
6400
6500
5900
24800
7800
6000
5900
5700
52600
3900
3800
4900
3700
3900
3600
4000
4000
4000
3800
4100
7400
4800
6100
4800
4900
4700
4800
4600
4700
4700
4700
4900
5200
5000
10300
5300
5200
5000
5300
5200
5300
5800
5900
5200
6100
5500
5600
5800
5600
5500
5700
5800
6100
5900
6000
13400
12200
6100
6200
6900
7000
7100
6000
26800
6200
6100
7400
6000
46500
4000
3800
9100
3700
3800
3600
3900
3800
4000
3900
4000
6400
4600
4700
4600
4700
4600
4700
4500
4700
4500
4600
4800
5200
5300
5000
4900
5100
5500
5300
5000
9500
5800
5500
5400
6400
5700
5800
5500
6400
6400
5600
5700
5800
5800
6100
5900
7600
5800
5600
10100
6400
6400
5700
24200
5800
5700
5900
5900
49400
3900
4800
4700
4100
3600
3800
3600
8300
3800
3900
3900
6600
4900
4700
5100
21600
4700
4500
4700
4500
4800
4800
4600
5400
5300
5200
5700
5100
5300
5200
6600
9500
5700
5800
6600
6700
5800
5700
5700
6400
6500
5800
5700
5700
5800
5900
6500
6300
5800
5600
5700
5900
5900
5900
5700
5800
6000
5800
5800
60700
4000
4000
5000
3900
4100
3900
4200
4100
4200
3900
4300
6500
9300
4700
4700
4700
4600
4500
4500
5200
4500
4700
4800
5200
5100
4900
5000
5100
4900
5100
5100
5400
6200
5500
5400
6300
5800
9600
5700
6300
6300
5800
5500
5900
5900
5700
5700
6400
5600
5600
5600
5700
5600
5600
5700
5600
5700
9700
6900
48600
4100
3800
4600
4600
4700
3900
10600
4000
3800
4000
4000
6000
4500
4700
5200
4500
4800
4600
4800
4700
5100
5000
4600
9500
5200
4800
5200
5100
21500
5200
5100
4900
5300
5100
6000
8000
5600
6400
5700
5700
5400
5600
5700
9700
5700
5800
5900
6500
5900
5700
5700
28800
5800
6800
5600
6600
5800
5900
5800
52300
4200
7600
4000
5800
4200
3900
4400
4200
4300
4100
4200
6300
5300
4900
5200
7600
4400
5000
4600
4800
4700
4900
9200
5400
4900
5000
4900
5000
22500
5000
5100
5000
5600
7400
5400
6800
5900
6400
5500
5700
5600
5700
5500
9600
5700
5500
5800
6600
5600
5700
5800
27700
5700
6500
6400
6600
5800
5700
5800
51200
3900
3700
3700
5000
3800
3900
3900
4100
4000
4000
3800
5900
4800
4400
4600
4500
4600
4700
6100
4800
5200
4900
4600
5300
6500
11200
10300
5800
5600
24000
5500
5500
6200
5800
5800
7100
6000
6700
6600
6200
5900
5900
6000
6100
6000
6100
10600
6600
6200
6100
6100
29400
6100
6900
6100
7100
6100
6300
6300
50000
4500
3900
3900
9500
4100
4000
4000
4200
4100
4100
5400
6400
5000
5000
4800
5100
4900
5800
5100
4900
5200
5400
5000
5800
5600
5400
6400
5700
5500
10000
5600
5500
6600
5700
5800
6500
6100
6100
5900
6200
27500
6600
6100
6000
6300
6300
6300
8900
9700
5700
5500
31500
17800
7400
6100
7000
6100
6700
6200
58000
4100
4100
3900
5400
4100
3800
8600
4000
4200
4000
3900
6000
4700
4600
4500
4800
4400
5100
4900
4700
4800
5300
4800
5500
5100
5200
5700
5100
5300
5300
5200
5300
9800
5200
5400
5900
5600
5400
5700
5600
22200
5700
6100
5800
5800
5800
5700
9100
6000
7000
9900
6000
6000
5800
5900
5900
7300
5800
29000
47300
4200
3900
3600
5200
3900
3600
4000
3800
3900
3800
7800
6500
5000
4800
4500
4800
4600
5300
4700
4700
5000
5000
4900
5400
5200
5200
5700
5600
5400
5200
5500
5100
6300
5600
5800
6000
6700
6700
6800
5600
23900
6800
16300
7300
6700
12500
7700
10300
6100
9500
7200
6200
7300
12500
6400
6300
6500
6400
6500
56900
4800
4200
4300
11300
4300
5800
4100
5400
4400
4200
4500
6800
5600
5100
5200
4800
5100
6600
5000
5300
9900
4800
5000
5600
5200
5400
5300
5400
6100
5400
6100
5700
5300
5500
5700
6700
5800
5900
5900
5900
6100
6200
6100
10200
6200
6200
7400
6900
6000
5900
6700
6100
5800
6800
6100
6100
6200
6500
6300
51100
4000
4000
5800
5000
4600
4000
3900
5000
4400
4100
4000
6400
4900
4700
5000
5100
5000
5300
4900
5400
4900
4900
5000
9900
5000
5200
5200
5100
5800
5500
5600
5400
5400
5200
5500
19000
6100
6100
6200
6100
6300
6600
6200
6100
6400
10600
7200
7000
6700
5700
6600
6000
5800
6700
6000
5900
6200
6200
6100
48500
4000
3700
10300
5000
4000
3900
4000
4800
4500
4100
4200
6400
4900
4600
5000
5000
5200
5300
5000
5900
4800
5200
5100
5400
5400
5300
5700
9600
5900
5200
5800
5900
5600
5200
5500
6000
5700
5700
5600
5700
6000
6400
5800
6600
6100
6000
6600
10500
6000
5800
6700
6400
5800
6700
6000
6000
5900
6200
6200
47800
3900
3800
4900
5000
7900
4000
3900
4800
3800
4100
3900
6600
4900
5100
4900
4900
4900
5100
4800
5300
4900
5000
4800
5200
5400
5100
5600
5700
5800
5300
9900
6000
10100
6000
6300
6500
6700
5900
9100
5700
9200
6200
8100
8200
8100
8300
8200
8700
7900
10200
6700
6000
5800
7300
6100
6200
5800
6100
6300
46300
4000
3700
4900
4900
4300
3900
3900
8800
3900
4000
3900
6700
5000
4700
5500
5000
5400
5400
4700
5200
4900
4900
5100
5300
5200
5300
5500
5300
5900
5500
5700
6900
10200
5500
5500
6300
5900
5900
5800
5800
6500
6100
6600
5900
6100
6300
5900
6800
7400
6100
6100
10800
6100
5800
6000
6400
7600
6300
6800
58200
4000
3800
4800
4800
4000
3800
3900
4900
3900
4000
4000
10600
17700
4900
5200
5500
5000
5600
5700
5600
5300
5200
5700
6400
5500
5700
6300
5800
6300
6000
6300
6500
5800
5800
5600
11700
6400
6300
7900
6200
8400
6300
7300
6300
6400
6700
6600
7600
6400
7000
6400
6400
6500
10700
6500
6000
6800
6500
7800
51700
4100
3700
5100
3800
3800
4900
3800
4200
4000
4200
4100
8100
4800
33100
5400
4800
4800
9600
4800
4900
4800
5900
4800
5500
5300
15500
5000
5200
5600
5500
5100
5800
5400
5200
5500
6200
5900
5700
5600
20800
5900
5700
5800
5900
26600
6100
6700
7700
5800
5900
6800
6000
6000
5900
5900
7700
10300
6100
5800
48800
4300
3800
4200
3800
4000
3800
4000
3900
4200
3800
4200
6900
4800
4600
4800
4700
4600
4900
18700
4900
9400
4800
7200
14000
5500
67500
5600
5600
6100
8700
5200
5700
5300
5400
5400
6000
5600
5600
5700
17500
5800
9800
5700
7000
26300
5900
6600
7700
5800
5500
6600
5700
5800
5700
6100
5800
5800
5900
9800
48600
3900
3800
3800
3700
3700
3700
3900
3900
4200
4100
4100
6800
5100
14200
4700
4800
4800
4500
4900
4600
4900
4700
5200
9600
5200
19900
5300
5000
6600
5200
5500
5200
5500
5900
5300
6200
5500
5700
5700
15700
5700
5800
5800
5600
30700
5900
6600
7500
5900
5700
6400
5800
5600
6200
5900
5900
5700
5900
5800
51700
3800
3900
3800
5300
4000
4000
3700
3900
4000
3900
3900
6200
4900
4800
4600
4900
4900
27100
4700
5000
4700
4900
5100
5600
5400
23200
5200
5700
5300
5300
5800
5400
5200
5900
9200
15700
14800
54100
6300
6200
6900
6300
6100
6900
11600
9300
6100
7200
14500
6200
7000
6400
6200
6000
6400
6500
6200
6300
6400
52900
4000
3600
5000
3700
3700
5400
3800
5000
3900
4900
3800
7200
5800
4700
5700
4900
5700
4700
6300
4700
6800
6000
5200
6400
6200
20900
6300
6300
5300
6200
6300
6400
5300
6900
7200
7100
6800
16500
6700
7100
7500
7100
5900
7600
10600
6000
6200
6600
6000
5800
6000
17500
6000
5700
6000
5900
26700
6000
7100
50900
4000
3600
3900
3600
3900
3700
4000
5000
4300
8300
7600
6300
5000
4500
4700
4700
4900
4500
4900
5000
4700
4800
4900
5300
5200
19400
10200
5400
5000
5100
5100
5200
5600
5800
5400
5900
5600
15800
5700
5800
7800
5900
5800
6400
6000
5800
5900
10400
5700
5800
5800
15600
5800
5800
5900
5600
26600
5800
7400
48300
3900
3700
8400
3700
3900
3600
4000
3900
4000
3700
3900
6800
4700
4700
4500
5100
4600
4700
4500
4600
4900
4600
5200
5600
5100
5200
5100
5300
5100
5200
5300
5100
5300
5100
6300
6300
10600
5700
35300
9200
10200
8800
9100
6400
6500
6000
6400
7400
6200
7000
22500
6200
6300
6200
6600
10900
6100
6200
7700
53400
4000
5600
4900
3900
5600
12800
4000
4100
4300
4100
14600
9900
7000
7300
5200
4800
5900
5400
4900
9800
5000
6300
4500
5400
23600
5500
5300
5500
5400
5500
5300
5600
5400
6400
6200
6800
6900
6400
6200
6000
6000
9900
5700
9900
5800
5800
5800
8100
5700
6300
21600
5700
5600
5800
5700
5700
5600
5800
5900
46900
3500
7700
4300
3900
5500
4600
4000
3700
3900
3600
13300
6700
4800
4600
4700
4500
4700
4800
4800
5000
4600
5300
4600
5600
5300
5000
5200
5600
9500
5100
5000
5300
5100
5300
5900
6000
5400
5600
7400
5800
5600
5800
5700
5700
5600
5800
5900
6200
5500
10600
19700
5500
5600
5900
5700
5600
6100
5900
5800
48500
3500
3400
4500
4400
3600
4500
3800
3700
4300
3900
16800
7000
4500
4700
5000
4400
4700
4700
4800
4700
4800
4600
4800
5400
5000
5100
5000
5700
5200
5000
5400
5100
5400
5100
5800
7100
10100
5700
5500
6100
6200
5700
5600
5900
5800
5600
6400
6600
5600
6200
19900
5500
6000
5800
5600
9900
5900
5800
5700
46000
3700
3500
4400
3800
3500
4300
3700
3800
3600
3800
12400
6000
4500
4700
4500
4600
4700
5000
9300
4700
4800
5900
4800
5300
5000
5100
5000
5800
5200
5000
5200
5000
5200
5200
5800
6100
5500
5600
5400
5700
5800
5800
6100
10300
5800
5600
6300
6600
5400
5600
5800
5700
19500
5600
5800
5800
5900
5600
5800
46300
8500
3600
4400
3700
14900
4700
3900
4100
4000
3900
14200
8800
5000
5000
4800
5000
5300
8900
4700
4900
4800
4600
4700
5100
6300
5100
5000
9800
5100
5200
5200
28900
5200
5300
5900
5900
5600
5500
5700
5600
5700
5800
5800
5700
6200
5900
6400
10400
5600
5700
5700
5500
5800
5800
5600
5500
5600
5700
5900
45600
3600
5800
8000
3700
4000
4400
3900
3900
8200
3800
4100
7700
5000
4600
4400
9600
5400
5100
4600
5800
4800
4600
4900
5400
4900
5100
4900
5300
5100
5300
5100
5400
5200
5200
5400
6100
15500
5600
5800
9900
5900
5800
5700
5700
5900
6200
6400
11900
5700
10000
9200
9400
8900
9100
8300
8300
8100
6500
5900
52400
3900
4500
3800
3700
4800
3900
3900
3800
13500
3900
4100
6400
4700
4700
4500
5100
4600
4800
4500
4800
4600
4700
10400
5900
4900
5000
4900
5300
5000
5400
5000
5200
5100
5200
5300
5900
14900
5600
5600
5800
5600
5800
5700
5700
5900
10200
6100
6300
6200
6000
5700
6300
6300
6300
5800
5900
5600
6600
5700
48700
3700
4400
8100
3700
4600
3800
3700
3600
13700
3800
3800
41500
5800
4800
4900
5200
4800
4900
4900
5200
4900
5100
5100
6000
5800
5300
6300
5300
5300
9700
5100
5400
5700
5000
5400
6000
15300
5400
5700
5700
5600
5700
5700
5800
5500
5800
5900
6300
5600
5600
10100
35400
6500
6300
6400
5900
5800
6200
5700
48200
3700
4500
3800
3600
4800
3800
3800
3800
13700
3700
4900
6400
5800
14300
5700
5800
4600
5700
4600
5800
4600
5800
4800
6400
6100
5500
5100
6100
5400
6300
5000
5300
6200
5100
9800
5900
5400
5600
5700
7400
5600
5700
5700
5600
5800
5800
5800
6200
5600
5500
7100
6200
6700
23300
10500
6000
5600
6600
5700
46500
3600
4300
3800
3600
4500
3800
3600
3700
12000
3700
3800
6100
4900
4900
4600
9400
24400
4800
4600
4600
4700
4500
4900
5700
5200
5100
5000
5000
5800
5300
4900
5300
5000
5200
5300
5800
5400
5700
6900
9800
5600
5700
5700
5600
5700
6500
5800
6000
15300
5500
5800
5800
5800
5800
5700
16500
5900
5900
5800
50700
3500
4300
3700
3500
4600
3800
3700
3800
12200
3800
3700
6500
5000
4800
4500
5300
4600
5400
21100
5000
4800
4600
9200
5700
5100
6600
5200
14800
5800
5500
5100
14300
5600
5700
5500
6300
6100
6200
6100
6000
6200
6100
6200
6000
9000
10100
6000
6100
15500
5500
5800
5800
5700
5500
13300
33200
5800
5700
18300
45900
3600
3600
8000
4900
4600
4700
3900
5300
3700
4700
4000
