1274100
70600
25600
6300
6900
11400
9500
43500
8200
9700
7500
8300
9500
9000
11800
9600
14500
20700
62900
11200
47400
14800
11600
12200
45700
61600
14200
91800
17900
14100
14200
13700
14200
14900
77800
15100
54900
75300
16700
17100
16300
22100
20900
277300
99500
19500
21000
19100
117100
25700
55800
20400
22800
21900
21400
23300
22700
21900
21500
28700
18400
18100
5400
14400
6100
23000
8300
6500
6500
7000
7900
8000
9400
9100
8900
9200
10000
10400
47400
10900
38300
11000
12200
10900
37100
40600
13300
63000
13600
13600
13700
17400
14100
14400
93300
48000
82300
82400
23000
22800
21700
23500
25100
146800
30400
23500
26700
24100
145500
38800
74800
29100
34900
30400
29600
33900
28900
29600
29200
33500
8300
8300
7500
9100
55400
9200
12900
10400
9700
10500
11100
11200
23400
31200
23000
12500
13000
14100
14400
15700
20000
15500
16100
17900
48200
56100
17900
88000
9400
10500
9300
8600
8600
9300
51300
8600
43800
58200
10100
11100
10000
10500
13500
118400
14900
10900
13600
11600
134400
18300
49700
12800
15600
12600
12700
15600
12600
15100
13100
15000
14700
18500
4700
18300
12800
4200
5400
5800
4500
4400
5900
4700
35100
33900
12800
7300
6300
7100
7800
8500
6600
6700
6800
7400
10300
7800
7800
9500
8200
11600
45200
8300
29900
9800
40700
9300
43000
59400
9900
10800
10100
10100
13300
96000
14100
11400
14300
11000
107100
17400
54500
12400
15400
18900
15500
15000
13200
12800
13500
15500
20200
9400
4100
21200
4400
4400
7300
4200
4100
4400
4700
8700
26500
41200
14300
8500
6500
6300
7000
8800
6700
11400
6600
7500
9500
8300
8100
8600
8100
10800
26600
8600
30800
8400
9300
8500
53900
44200
10500
60300
11200
10400
11000
10400
10700
10900
71400
10900
98500
18100
45700
12100
15200
11300
14400
15400
12300
12000
14200
14400
5100
4200
4300
4600
12000
4900
6700
4800
4400
4700
9600
4700
15300
21900
13500
6100
6200
6300
6300
9000
6500
6900
6100
8700
20600
19100
8300
8500
7800
10900
35200
9000
29800
8400
25700
9500
65400
38800
12200
51100
17800
10300
10600
10800
10700
11100
32400
10600
29200
35900
15700
12000
12900
12000
16300
69900
21300
13500
22400
13100
15100
10000
9200
13400
9500
9600
10000
9900
9500
9500
10400
9700
12200
12900
13600
14300
12900
11700
11400
12100
11500
11500
11600
16700
15800
14000
16200
13800
14200
14200
17100
14600
164900
31600
25200
23200
35900
23600
124400
23500
133800
97900
18300
17400
16800
16900
21000
94100
206000
32700
13000
12600
19700
13700
12900
16200
15800
13500
12700
16100
15700
11700
10700
12000
12300
11400
10800
12100
12200
11600
16000
11500
14800
13500
15100
15300
14700
21600
16000
14000
14200
13600
13900
13700
17500
15400
16900
15000
15500
20200
18700
19800
62500
18700
18200
17000
19500
17300
45500
17400
70900
62200
19700
21200
16700
16100
21100
68500
186000
35500
13000
13100
20600
13200
12200
16900
16200
13300
16800
16100
14600
11300
11200
12200
11900
11500
11000
12000
12000
11700
11500
11200
16000
13600
13300
15200
13200
13100
13200
14400
13400
16300
19100
14100
16700
15900
17300
15600
16400
17100
26200
15700
61900
17900
17500
16300
19800
20800
45500
17300
74200
63700
16900
17200
18900
17100
20900
69100
188100
38100
13300
13100
17400
12700
12600
16000
15800
12800
12800
16000
15400
53400
11600
12800
12500
11500
11300
16300
13800
10600
40000
28900
29800
16800
12600
20100
10800
8500
9000
9700
8500
10400
10100
8600
14400
9500
11200
15500
11300
10000
9300
9700
9900
9900
9500
9800
12500
10600
29100
10700
41300
35100
14200
10300
10900
10600
12000
42500
96100
19500
8300
8400
11100
8500
8300
10500
12900
8200
8800
10200
18500
10200
21500
7000
6800
29600
6600
6300
6900
6400
6500
6900
15000
9400
7700
8800
7600
11300
7900
8100
8200
7800
15200
15700
10000
36600
10700
10100
10000
9200
9600
9100
36500
12400
9500
9500
11700
11100
11700
10600
10400
10400
13000
10400
34100
14500
11900
10800
101300
19700
8200
8500
10500
8100
8600
9900
10300
8300
8500
10000
9200
6600
6800
7100
7200
6600
26100
25400
7300
6700
6900
6500
10400
7900
7900
11900
8300
8300
8600
7900
8100
8000
9600
8400
9900
9900
13500
10900
10500
9500
9900
9600
9500
9500
10000
9700
11200
20600
11800
11100
10300
10500
15100
10400
33400
12800
13400
11000
81600
11600
15900
8300
17000
14700
9500
8500
9000
9500
14200
16400
10200
6400
5700
9000
5700
5800
5800
5800
6800
5800
6300
5900
8800
8400
7100
8700
7800
7100
8200
7000
7200
64700
7100
11500
27400
8400
8600
9600
10000
9100
8400
32600
34700
26900
9000
8700
15700
10900
10300
13900
9600
10300
10600
11800
9400
10600
10700
10400
81200
11300
9200
7900
11500
15800
11600
8400
8800
8200
8500
8200
8400
5700
5700
6500
5600
6000
5600
5800
6100
5900
6600
5800
8500
8200
7200
6800
7800
9800
7000
7500
7100
56500
7300
9200
28600
8600
8300
8800
8600
8900
8500
34300
34400
30400
8500
9000
12200
9800
9300
11100
9600
9300
10900
9600
9200
9800
10300
9900
71600
9700
8200
7800
9100
14200
10200
8200
8200
8500
8800
8400
9400
5800
5800
6500
29500
5600
6000
30300
6400
5900
6300
5900
8200
7200
7300
7200
7000
7100
7200
7300
8400
7400
7200
7300
29700
9900
8500
8600
8700
8600
8400
32700
33800
26000
8400
9100
15700
9500
9700
11000
9400
9400
9400
9600
9100
9400
9600
9400
71200
9800
8900
7900
8400
14900
13900
8600
8000
8400
8100
8400
7600
5300
5500
5900
5800
6200
6100
5900
6100
5800
6100
6000
7900
24600
7300
7400
6800
6900
6800
7200
8100
30700
23800
6900
9900
9600
8600
8200
9600
8400
8400
8500
8600
59200
33600
10000
11800
9400
10200
11500
9200
9900
10000
9700
9200
10200
9800
10800
72000
10700
7800
8300
7900
14700
10000
8400
8000
8400
8200
8500
8000
5700
7900
6000
7300
5600
5700
5600
6000
8800
6200
5700
8500
7200
7000
7300
6800
7000
7100
7000
8500
7600
7200
7500
10400
10600
8400
8400
9500
8700
8300
11200
11800
62500
10200
11600
29000
10500
10500
9400
9400
9400
9200
39000
36300
31300
9900
9100
70500
10500
8000
8200
7800
14200
9900
8300
8400
11200
7900
8900
9400
6400
7500
6000
5800
5300
5500
5300
6000
5700
6300
5800
8500
7200
24700
6700
7200
6700
6800
6900
8100
10200
7000
7100
9600
9500
8500
8300
9300
8500
8400
8200
8300
58300
8600
9700
31100
9800
9300
9800
9200
11500
9100
32000
34500
29300
9400
9600
58300
9800
8100
10700
8100
8200
8300
8200
16800
8400
8300
8300
8600
6000
5400
5700
5400
19100
6500
5800
5700
5500
7300
6000
7300
7500
6800
7700
9600
7100
6900
7100
7600
7000
7200
7000
8700
8400
8300
8100
8300
8900
8500
8300
9500
8600
9400
8400
14900
26300
29300
9400
9800
9100
9400
9000
9500
9200
9200
9400
52600
8200
8100
10300
8000
11300
8300
9600
9900
8400
10000
8100
7300
19400
6100
5500
5300
5500
5300
6200
6000
5900
5700
6000
7600
8700
6900
7500
9500
7000
6800
6800
7500
7000
6800
7400
8500
8100
8100
8300
8200
8100
8600
8100
9400
8400
9800
8400
15800
21600
30100
9400
8900
8900
9800
9200
9300
9600
9200
9500
52800
7700
8400
10000
11000
7800
9500
11300
10100
8300
10000
8200
8000
7000
6800
7600
5800
6100
5500
6600
7600
6200
5500
5800
7100
7400
7000
6800
7000
24000
8200
7300
7000
7100
7000
7200
8900
10000
8300
8400
7900
8200
10200
10200
16800
8700
12800
14200
17300
30900
44100
13500
13300
11100
10200
9300
9700
10000
10600
9600
54700
8200
10700
10700
8400
7700
8100
9800
9800
8100
9900
8000
8200
6000
5400
5600
6200
6100
5500
6700
6300
6000
5500
5800
7200
7400
10200
6800
7100
20600
7900
7500
6800
7500
7000
6800
8900
8100
8600
9700
9700
8100
8300
8700
9500
8400
8200
11300
11400
28100
28800
9200
9400
8800
9100
9500
11000
9500
9200
9700
51300
7700
11100
9800
8500
10700
8400
9500
9500
8300
9800
8600
10100
5800
5200
5500
5300
6700
5600
6000
6000
6400
5500
5700
7100
6900
8400
18600
7700
20100
9500
8300
6800
8200
8200
6800
9600
9200
9000
9900
9700
9200
8900
9500
10600
8300
12000
31800
10200
8900
9600
9100
9500
9300
9300
9800
10700
9600
10800
9300
52800
10700
8700
9800
8000
8300
8000
9800
9900
8500
9500
8400
7700
5900
5600
5500
5600
5500
5600
6700
6200
6400
5800
5600
7800
9600
6900
7300
6800
19000
7800
7200
7500
7000
6900
7100
8500
9700
8300
9500
8500
8400
8400
8300
10000
11100
8400
8800
9800
9200
9400
9000
9100
9600
9300
9600
10900
9200
11000
9200
55200
17800
29100
8400
8000
8200
8100
8300
8200
8400
8300
8300
8400
5600
5700
5400
5800
6200
5600
5700
6100
6300
5700
5700
8300
7100
6900
7700
7800
7000
7400
7000
6700
9800
6900
6900
9100
8800
8100
8800
22700
8400
8400
8500
41600
8500
8600
8500
31500
9400
9500
9100
8900
9500
9000
34500
10700
9300
9600
9300
52700
8400
7700
8300
7800
11000
9500
8400
12400
8600
7900
8400
7000
5600
5900
6800
6300
5900
6100
5700
5600
5700
5900
5700
8400
7100
6900
6900
9700
7600
10400
6900
6700
7300
6800
7000
8900
8400
8600
8200
24900
13900
13100
13800
43500
9100
8600
8300
32200
9200
9200
9400
9000
10800
9100
37500
10800
9400
9200
9400
56700
11200
7700
8700
7700
8200
9400
8300
9800
8100
8200
8100
7800
6100
5400
5600
6200
6000
6200
5700
5600
5600
5500
7200
10900
5500
5300
8000
5300
6000
5400
5800
7500
5700
5200
5400
6300
5900
5800
5700
23800
5700
5900
6000
32200
8500
5900
5700
25000
5700
5900
5700
5500
6000
5700
29800
6900
6000
6100
5800
51500
4000
3600
3800
3700
4000
4900
4000
5800
4200
3800
4000
6900
4700
4600
4600
6000
5000
4800
4600
4800
4600
33900
4700
8600
5400
21200
5000
5300
5600
5400
5200
5800
6000
5400
5300
7100
5600
5700
5600
6600
5900
9000
5600
5700
6300
6400
5800
24600
5700
5700
5700
5400
5700
5600
29700
7000
5900
8500
5800
49600
4000
5600
4000
3500
3700
5300
4500
5300
3900
3800
4000
6300
6200
4500
9900
5500
5100
5000
4600
10200
4700
7800
4900
6000
5200
5600
7300
8300
5900
7000
7000
7800
6800
8100
8700
6900
7000
5700
5500
6500
5900
6600
8800
5800
5700
5600
29900
6800
5900
6200
5900
19200
5800
5900
5800
32200
8400
5800
32600
47900
3900
3700
3700
3500
3700
4800
3900
5700
4700
3700
4000
6600
4900
4400
4600
5000
4900
8200
4800
5500
4800
4600
4900
6000
5300
5000
5100
5100
5800
5400
5100
6000
5400
5200
5400
7100
6200
6000
5700
9400
5900
6600
5800
5700
5700
5700
7100
6400
5800
5700
5700
32600
5900
5800
5700
32200
5800
5900
6000
66600
3900
3800
3900
3700
4100
3800
12000
5300
4100
4000
4100
8200
5300
5200
4700
4700
4800
4400
4700
5100
7600
5100
4900
5800
6100
5200
5100
6100
10900
6300
5100
5300
5400
5300
6200
6500
5600
5800
6500
5900
5600
8700
6100
6000
5800
6000
6100
6700
5700
5800
6000
6200
7000
7000
6000
5900
5800
5700
6000
55100
4100
5400
4000
18700
4000
9900
3900
5500
4000
4000
4300
7400
4600
4800
7800
5200
4800
4500
5300
4900
5000
5100
4900
5400
5800
4800
5000
5800
5100
5900
5200
5000
5200
5300
6000
6300
8300
5600
5700
5700
6300
5700
5800
5800
5800
5800
5800
6600
6100
5700
5600
5500
6900
7000
9100
6100
5800
5900
5900
159000
8900
6600
4800
5600
4000
12900
4400
5700
4400
4200
4800
8200
5300
8300
5400
6400
5000
6000
6700
5100
7100
6600
5200
8600
7300
8700
5400
6700
5300
11200
5500
6600
6400
6200
5300
11800
5800
5800
5700
5900
5800
5800
6500
5900
5900
5800
6000
7000
6000
6000
6000
5800
6900
9500
5900
5900
5800
6600
5800
50700
5100
5100
4300
4900
3700
9200
4100
5100
3800
4100
4000
7200
7400
4500
4900
4600
4600
4500
4900
4800
5100
5100
4600
6000
6900
5700
5400
5000
5300
5300
5100
5700
5500
5200
5400
6300
9100
5800
5700
6600
5900
6600
5900
5600
6500
5900
6700
6800
5500
5600
5700
5600
6600
9500
5800
5800
5700
6200
5900
49100
3900
4800
3800
5200
4300
8700
4000
5000
3800
4000
4000
9600
4700
4500
5000
4800
4700
4800
5100
6200
4900
5200
4900
5800
5700
5700
5100
5200
5100
5200
5400
5700
5500
5500
5300
9000
6700
5500
5800
6500
5600
6700
5600
6000
5900
5900
7300
6700
5700
5700
5900
5600
5800
5900
6000
5900
5900
6000
6000
48500
3900
4700
3800
4800
3800
8600
3800
5400
3900
6700
4000
7600
4800
4700
6300
4500
4600
4700
5000
5100
5100
5000
4900
5800
5800
6000
6000
5000
5400
5100
5400
6000
8700
5300
5900
20700
6700
5600
7900
6600
6000
6500
5600
6000
5900
5800
6800
6600
9000
5800
5800
5700
5500
5700
5900
5800
5900
5900
5800
46400
4100
3900
3800
3800
5100
4900
6600
4000
4000
3900
5400
7700
8500
4600
4700
4500
4700
4500
4800
4600
4800
4700
4800
6000
5300
5300
5600
5700
5200
5400
5000
5500
5100
5100
5400
6200
7800
6100
20300
6200
6200
6100
6300
6300
6300
6100
6500
7100
7300
6000
6300
7600
6400
6300
6900
17500
9100
7200
6400
51300
4100
3800
4000
4100
4400
3900
5000
12500
4800
4700
4900
5700
4800
5100
4700
7400
4700
4700
4500
4900
4500
4800
4900
5800
5100
5400
5400
5000
5200
5200
5200
5600
5400
5700
5200
6500
5600
5700
5600
9700
5500
5800
5700
5700
5900
5900
5900
6500
6500
5900
5800
6200
5800
6200
6500
6600
6000
6500
8800
47700
3700
3800
3600
3900
3600
3900
4700
11100
4800
4700
4800
7000
4900
4600
4800
4500
5400
4500
7500
5500
4600
4900
5200
5400
5800
5100
5000
5100
5000
5200
5000
5100
5200
6500
5500
6200
5700
5700
6200
5800
5800
6100
8600
5800
5900
5600
5800
6400
6300
5600
5700
6600
5800
5800
6400
7000
6200
6600
6000
50200
5100
3900
3900
3700
3900
3800
4800
11700
4600
4800
4800
7000
4900
4500
4500
4700
4500
4600
5100
4900
4700
7800
4900
5200
5600
5300
4900
5300
5100
5100
5100
5200
5000
5300
5300
7600
5900
6000
6100
5700
5800
5900
5600
9000
5900
5800
5900
6400
6900
5900
5800
6400
5800
5800
7900
6500
6200
6900
6000
51200
3700
3600
3700
6300
4700
3900
4700
11100
5400
4800
4800
7100
4800
4700
5200
4500
4700
4800
4700
6400
5100
4900
8300
5300
6000
5300
5100
5600
6100
5300
5300
5200
5300
5300
5400
6900
5600
6300
6600
5600
5800
5900
5700
9100
5800
5800
6000
6500
5900
6000
5800
5800
5900
7600
5900
5800
5800
5900
5900
47700
3700
3700
6300
3800
3800
3800
4500
11100
4800
4700
4900
6600
5900
4800
4500
4700
4800
4700
5000
4700
4900
4700
5400
5900
8300
5100
5200
5200
5100
5300
5000
5400
5200
5200
6200
6600
5800
6300
6300
5800
5800
7600
6100
6500
5900
8500
6100
7100
5700
5600
5700
5800
5700
5700
5600
5800
5800
5900
5700
47100
5000
3800
3800
7300
10900
4100
6100
4700
3900
4900
4100
6900
4800
4600
4700
4600
4700
5200
4800
4900
4700
5300
55000
5800
5300
5600
5100
6400
5000
6100
5100
6100
5100
6700
6100
8600
6500
5600
6500
6600
6500
5700
6600
6500
5700
7300
6700
8100
5600
9500
7700
6500
5900
5500
5900
5800
6600
6500
6500
47700
4100
3900
4600
4900
12500
4000
4800
4800
4900
4200
4200
5900
4400
4700
4400
4700
24900
5000
4800
4800
4600
4800
33200
8400
5200
4800
5100
4900
5700
5000
5000
5100
5000
5800
5100
6000
5500
5600
5600
5800
5500
5600
5600
19600
5700
6500
21100
6700
6000
6800
7000
6800
6000
6100
6300
6200
6900
6900
6900
50400
3800
6400
4700
4800
9700
3900
4700
4800
5200
4200
4000
7400
4600
4600
4400
4700
4500
4900
4900
4700
4700
4700
4600
8200
5200
5100
5200
5100
5500
5100
5900
5100
5400
5900
53100
6000
5500
5500
5600
5600
5400
5700
8500
5700
5800
6400
5900
6200
5800
6400
6400
6500
5600
6200
5900
5600
6500
6500
6400
52600
3800
3800
4600
4800
9000
3800
4700
4700
5000
4000
4200
6400
4500
4700
4400
4800
4500
4900
7500
4600
4700
4700
4900
5300
5000
5200
5100
5200
5100
5500
5300
5500
6000
5600
52600
11900
5800
7700
9100
6100
6300
6200
6100
6000
6400
6800
6300
7000
6300
8400
7000
9600
5800
5900
5700
5600
6400
6500
6400
51100
5900
8400
5100
5700
10000
4300
4900
5200
5300
4200
4200
6200
4500
7400
4700
4900
4500
5100
5300
4900
4600
4800
4600
5200
5200
5000
5200
5100
5100
5300
5600
5300
7900
5900
328100
12600
7300
6400
6100
6100
6000
5900
5900
5900
5700
7300
6100
11900
6000
6000
5700
6100
5900
6000
6000
5900
6000
7000
6900
51300
4200
4100
4900
5100
16300
3800
5500
5100
5000
4000
4700
6500
5000
4900
7900
5000
4500
5400
5200
4700
4900
4900
4600
5500
5100
4900
5300
5200
8300
5300
5100
5500
5200
6000
56000
6800
43700
6000
5800
5600
5600
5800
5800
5600
5900
9800
6000
6800
6000
5900
5700
5900
5600
5900
5700
5800
5800
6900
6000
51600
3900
5000
8000
5000
10300
3800
4000
3900
5100
5100
5100
7600
4600
4800
4600
4900
5000
4900
4900
5700
4900
4800
47600
8000
5200
8400
5300
5700
19000
5700
5300
5300
5400
5400
5500
6400
5900
5800
6300
6000
6500
5900
6000
5700
6000
9000
6200
6500
7300
6000
5900
5900
6500
6900
6500
5800
5800
6700
6300
48400
4300
3800
7100
8800
5100
4000
4100
4000
4200
5100
4000
7100
99800
5100
4600
4800
4500
4700
4600
28800
5100
5200
4600
8400
5700
5600
5000
5500
19200
5600
5100
5300
5000
6000
5500
8200
5800
6000
5900
5800
6900
5800
5700
9100
5800
5500
5800
6500
6500
5700
5400
5800
5800
8300
6400
5800
5800
6700
5900
50900
3800
4000
4400
8500
5300
4000
3800
3900
4000
4900
3900
7700
4700
7100
7000
7900
8100
7600
8200
8300
8800
7800
5600
5600
8200
5000
26700
8300
5700
5300
5700
5200
5400
5300
48800
6400
5400
5600
5600
5500
9000
5600
23600
5800
5600
6300
5900
6200
6600
5400
5600
5600
5800
6400
6300
5700
5800
6500
5600
54400
4400
3800
3600
8700
4900
4000
3600
4300
3900
5700
3900
6600
4600
4700
4400
4600
4500
4600
4400
4700
4900
4800
7700
5300
6800
5100
4900
5200
5400
5300
5600
5100
5300
5300
127800
13000
5800
6200
5700
6100
24600
6200
5900
5700
27900
6200
5900
6300
6300
5700
5600
5700
5600
6500
6300
5500
5600
9200
5800
48100
3800
3600
3800
9000
22600
3900
3900
3700
4000
4800
3800
6800
4800
4500
4700
4800
4600
4700
4600
6200
6400
4800
6100
6200
5000
6700
5000
6100
6800
5100
6800
9000
5100
6300
51000
6800
5600
10700
5600
6400
20100
8300
5800
6500
7500
6100
34400
6600
5700
5500
5700
5800
6500
5800
8700
5600
5800
5800
6000
48700
3800
3500
3700
10700
4900
4000
3600
19400
3900
5000
3800
6700
4500
4700
4400
4500
7700
4500
4700
4500
5400
4900
4600
5400
5400
4900
5200
19500
5600
5300
7000
5100
5400
5100
111800
8600
5800
6400
5700
6200
19900
6300
5800
5600
5800
6000
5900
6200
31200
5800
5600
5800
9200
5800
5700
5600
5500
5800
8100
47000
6200
3700
3800
3700
4000
4800
4600
3800
3800
4800
4100
27600
4800
4600
4400
5100
4700
5400
7800
4700
5000
4900
4600
5600
5200
5000
5200
5000
5600
5300
6900
5300
5300
5600
5300
6400
5800
5700
5600
5600
5800
8400
5700
5800
5900
6900
6000
6600
5700
5600
5800
27500
28000
5600
6700
5500
5600
6000
8800
47400
3700
3800
3800
3800
3700
3600
3700
4000
3600
3900
3800
6800
4900
5200
4800
4700
4700
5100
4600
4700
4600
4900
5100
5700
7600
5100
4900
5000
5700
5000
5200
5000
5100
5700
5100
6400
5300
5700
5600
5500
5700
6000
5700
5500
5800
6500
8500
6500
5400
6100
5700
5500
24800
21200
8400
5800
5500
5800
5900
46600
3600
3700
3600
6300
3600
3800
3600
3800
3700
3800
3700
7400
4700
4500
4700
4600
26400
5100
4600
4700
4700
4800
4600
6100
5200
5100
5000
5600
5200
5400
7700
5200
5600
5400
5300
6000
7300
9700
10300
10300
10200
10200
10300
10200
10500
12200
10600
11900
10200
10200
14100
10500
48400
10500
11700
11800
10900
11400
11300
99100
7800
6800
7100
6800
7300
6900
7300
7100
7200
7200
10800
10800
8500
8300
8800
8800
10800
9200
27500
9200
9000
9100
9000
10300
9000
10000
9400
10300
10200
10300
9900
10100
10300
9700
9900
14400
9900
10300
10400
10600
11100
10300
10000
10100
9800
10900
10200
11600
10100
13500
10500
10200
49100
14500
11500
10100
10000
11400
10400
91800
6300
6400
6500
6000
6600
6300
6700
6600
6600
6400
7000
10400
8200
8100
7800
8100
7600
12400
8300
41700
8900
8100
8000
9800
8900
8600
9000
9500
8800
9500
8900
8700
9600
9000
83900
11000
15700
10500
14700
10400
11900
10400
19400
11200
10900
13300
7200
8100
6300
6600
6400
9000
8800
6400
6400
9200
6300
12600
6500
53700
4200
4300
3800
3700
3700
3700
3700
4000
3600
3900
4000
6900
4700
4700
4400
4800
4600
4700
4800
4500
4800
4800
9600
9200
5200
5000
5800
13900
5600
18600
5300
5600
6100
5500
5700
6900
6100
5900
6100
6200
8000
6800
8100
5500
5600
9200
5900
6400
5700
5600
5500
5800
5700
5700
5700
5500
5800
6500
5900
48200
3800
3600
3900
3600
17000
3800
4800
3800
3800
3800
4000
