1462200
19800
7200
125600
8300
8000
7900
128400
10100
17100
10300
10400
89400
101400
12400
11400
129300
13600
12900
16200
161400
15900
12200
18000
144900
62400
14600
14600
163200
16100
179400
84300
16300
16800
63900
17400
197600
132000
19000
18500
22000
168400
19600
294000
24300
23300
24200
25400
225900
260300
34200
140300
25000
28300
24700
23500
263600
24400
24000
24300
16800
37400
6600
7900
7200
7200
57100
8300
8300
9800
75300
11100
55000
69000
12400
11100
77300
11300
13600
13600
99300
12700
16900
13900
100900
53200
14600
19300
104600
15800
110800
52500
15700
17200
41500
17100
136900
366600
27300
29200
32900
155700
27200
187800
29400
27500
26500
29600
202300
170600
51500
117200
28700
32400
27800
31400
192700
28600
29800
34200
10200
42000
7700
9000
8700
8900
57500
11400
10500
11000
71200
11600
66300
15400
13600
51500
10800
60500
14600
95600
18500
17300
17500
17100
76100
35500
17900
18900
69300
18700
89500
42800
19200
21000
39000
23400
108100
58800
17900
18100
31000
83700
18800
119400
25000
20600
20800
25400
119300
104200
31600
70000
22400
25900
23200
25500
138800
24700
24000
23700
10500
20300
6500
6900
21100
7200
37200
8300
8100
9700
44000
9900
45200
12300
11100
41400
8800
11000
12100
50900
5700
6000
4800
5300
57600
49500
7100
6000
58700
5900
6800
7000
97200
20700
5500
10800
68100
46000
6600
6400
8100
58500
6400
99500
12900
7800
8300
9200
87100
85700
9400
52300
7500
9400
7600
15000
106600
7300
5200
4900
12800
18100
2700
3800
3100
5500
64000
4300
3700
4000
25300
4500
34000
6100
4100
26600
4300
4700
4400
28800
5800
5800
13000
4800
46000
35300
7200
10300
38300
5400
15100
7200
72000
26400
5300
5800
59700
34200
6300
4500
53000
8100
53500
48800
30600
6900
20100
6600
81000
69600
10000
50500
7700
9800
7600
7300
107200
7800
11800
8700
5900
11800
2900
3700
3400
3100
17300
3300
3300
3900
22800
4200
25300
5500
4100
23300
4300
4400
4700
32800
5400
5600
4500
5200
22100
28900
4000
3000
24000
3300
3800
4000
36200
7700
3100
3300
34000
20700
4300
3500
23700
3800
29400
17200
8100
3600
10500
3800
34900
22700
8100
7700
5300
30600
8700
51500
5300
10100
5300
6200
7500
5600
4700
4900
4800
4800
4800
8500
4800
5000
4800
5000
6700
5800
5900
6000
6500
159700
120600
148300
18800
131700
23900
16600
13700
39300
13300
12600
24500
36300
6800
57600
11900
7100
8600
7700
32700
8700
6900
7000
7300
7000
27200
6800
7000
83600
31300
7100
111300
5500
5600
9400
10300
4500
4200
4600
6100
4800
13800
5600
8200
6000
5800
5500
5800
5600
5600
5600
5700
6100
6100
5700
7800
6000
6700
6900
6700
32400
29800
41300
6300
38900
7000
6400
8200
21000
6800
6500
9300
34700
8000
59300
6700
8000
8800
7600
25200
8300
7700
6700
7100
7000
26300
6900
7000
70700
32300
6800
103400
8000
5400
9100
10300
4100
4800
4100
5400
4500
10900
5800
9300
5900
6000
5500
5700
5300
31400
5500
6100
6300
6100
41100
6500
6900
6200
6200
6300
6100
30400
8300
36800
9100
6300
6400
7700
20500
6600
6800
7400
33000
7200
57100
7000
6900
10800
6800
23000
6800
6800
7500
7100
6700
26000
7300
7100
74600
30500
6900
100900
4900
5300
8700
10200
3900
4200
4200
5600
4300
23900
8200
10000
7000
6500
5400
5700
5300
30500
5700
5800
6200
6100
5900
6900
6700
6300
18600
6200
6000
8800
6800
7300
6400
6300
6300
8400
6900
7200
8000
7400
54900
30700
43000
32400
37800
7700
7200
22400
8100
7900
6800
6900
10000
26200
6900
7200
71300
30300
6900
114900
5100
8200
8600
9700
4100
4200
5900
5300
4400
10500
5300
9100
29800
5600
5500
9800
7000
5700
5400
5800
5800
5800
8400
6500
6500
5800
6100
7300
22400
6100
6700
36000
6300
6600
6400
8300
6900
7400
7500
11700
29400
30100
40600
6800
69900
7500
7600
8300
23300
26200
6900
7800
37300
13200
43100
6700
6200
7300
8900
64500
5000
5400
8800
9900
4200
4300
4200
5300
4400
11100
5400
7600
5200
8000
17000
4700
4800
5600
4800
5200
5300
5400
4900
5700
5800
5400
7100
5300
5800
5300
6200
5600
5600
42600
5400
7800
6000
6700
7200
12900
23400
23000
31300
8700
27300
6700
6200
7400
17000
6000
24300
6900
24300
5900
43900
6100
6300
8200
6300
61000
4200
4000
4200
4500
4400
9500
4400
4300
22600
10100
4400
11700
129700
14800
6400
5800
5600
5800
5500
5100
7300
6200
5800
6800
6100
5700
26400
5900
5500
6800
6100
5900
6300
11000
5600
7500
6700
6000
6100
6200
5900
7300
5900
6100
35400
6200
6100
7500
22400
6100
8500
6200
10200
5900
7700
6400
6100
7700
32800
55800
10200
9300
5400
4300
4700
15100
4200
4400
4200
4300
4100
8300
4900
5400
5200
5000
4800
5500
5300
5100
5200
4900
8500
6500
5300
5200
19000
5400
5600
6000
5500
5700
5900
5400
5400
7500
6400
5600
6400
5900
8700
9300
6100
5900
32700
6000
5900
6900
18800
5900
7000
6600
6400
5900
9800
6200
6100
7500
32700
50000
9700
17500
5500
4900
13100
19300
4600
4400
4700
4400
4900
8100
5500
5600
5300
5300
5100
5100
5000
5100
6200
4800
5400
7600
5400
6500
6200
19400
8500
5900
5300
5500
5500
6100
5500
7300
6500
5900
6300
5800
6100
7000
6100
6200
32000
8800
6200
7100
19400
6000
7400
5900
6100
6000
6900
6200
6300
7500
36000
51700
9700
9100
5000
4000
4300
16100
4200
4000
4300
4300
4200
11300
4800
5200
5100
4700
6900
6600
6000
4800
6000
5300
6000
6900
6600
7300
6900
5700
7200
6700
6400
5300
6200
7000
33100
7100
8700
6000
19700
5800
5900
6600
6000
5800
6900
6100
6200
7100
18700
5900
9500
6100
6100
6000
7100
6100
6600
7400
33600
52000
9700
9000
7700
4200
4000
14500
4000
4700
4100
4200
4000
8300
4900
5600
5200
4700
4900
4800
4700
5000
28900
5000
5100
9000
5200
6200
6100
5400
5700
6300
5500
5200
5600
6100
5600
6300
5800
5800
19100
6000
18600
9400
6100
6000
8000
6400
6800
7800
6800
6200
6100
6100
6100
7000
6400
6300
35500
6700
6000
49200
9600
9200
5100
4200
5600
14900
4000
4100
4100
4300
4200
7400
7300
5000
5000
4700
4800
4700
4700
4900
4800
5000
5100
6100
5700
6000
6100
5300
5700
5800
5400
5800
5600
6200
5800
10000
5700
6100
19900
6100
25000
6900
6200
6100
6800
6300
23200
7600
9800
6100
6000
6000
5900
7100
6100
6200
32100
6300
6100
49900
12300
4200
7900
4200
4300
4100
5400
9400
4100
5900
22900
7900
5400
4800
5200
4900
5400
5400
5400
5300
5100
5500
5200
6700
5800
6000
5400
5800
5600
8700
5700
5700
6000
6800
6700
7300
6900
6700
6500
7200
26400
6300
6500
7000
6200
6400
6600
10200
6400
8000
6500
6300
6400
6400
6500
8700
6800
6300
6600
53500
6300
8400
4300
4300
19500
11600
9500
4300
5500
4800
5700
6900
5200
5200
5000
5200
4900
5200
5800
5000
5300
5100
5200
6500
5600
5400
5700
8500
5500
5700
5600
5800
5600
11000
7700
7100
7400
6400
6200
7000
25600
6400
6100
6900
6400
6300
9100
8700
6400
6200
6100
6400
6400
6400
6200
7500
6600
6800
6600
51100
6300
8400
4400
4200
19000
12000
9300
4400
5400
4700
5700
6700
7100
4900
5100
4900
5000
5200
5400
5300
5200
5400
5400
6200
5700
5700
5900
8400
5600
6300
6000
6200
5600
6300
5800
6700
6700
6200
6600
6900
27300
6100
7600
7000
6400
9400
6800
7300
6100
6300
6300
6400
6100
6300
6500
7200
6700
6600
6600
50600
8900
8300
4100
4300
15600
11200
9000
4500
5400
4400
5600
7200
7200
5200
5200
5700
5100
5000
5800
5400
5200
5300
5100
9200
5800
6800
6000
6000
5700
6400
6200
5800
5800
6400
5800
7500
6200
6100
6200
6900
6300
6700
26600
8900
6500
7200
6900
7200
6300
6300
6300
6200
6400
6300
6400
7300
6600
6400
6300
50600
5600
8400
4100
4200
15400
11200
9000
4400
5300
4700
5900
6800
5000
5100
4900
5100
5700
5900
5500
5000
5300
5200
8200
6100
5600
5600
5600
7100
5800
5900
6100
5800
5600
6200
6000
7100
6100
5900
6200
6400
6300
12800
6500
6500
10600
7200
6500
8500
7100
6500
6500
7100
25800
6500
6700
7300
6400
6300
6600
53200
5800
7800
4300
4100
15700
11500
9200
4400
5300
4600
5800
7300
5200
5100
5000
5600
5000
5300
7000
5000
29000
5300
5100
6300
5700
5500
5700
5500
5900
6200
6100
5800
6000
6200
6000
7400
6100
6300
6400
7200
6200
6300
24800
7000
6500
7300
6600
21600
7300
6200
6500
7100
46700
6500
6200
7600
6400
6500
6500
49900
7900
5500
4500
4500
5000
4300
4600
5400
4700
4600
4600
7200
4900
5400
5800
5400
5000
5200
5200
5300
8400
5300
5300
6500
5600
5500
5600
5800
6100
5700
5700
6100
6200
6100
5900
7700
6300
6400
6200
6400
7300
7600
7300
6300
6400
9500
8200
28200
6900
7400
8400
8700
7400
8200
7700
6400
7500
10700
7900
52100
5800
8800
4500
5600
4700
4300
4800
5200
4700
5100
4600
6800
5200
5300
5100
5100
5000
8400
5200
5300
5500
5100
5500
6500
5700
5600
5500
5800
6200
5800
5700
6200
6300
6300
6400
8500
6200
6100
6100
9400
7200
6400
6500
6300
6600
6800
6500
24300
8300
6600
7400
7500
6200
7200
9700
6300
6700
6700
7500
51500
5600
8800
4700
5700
4700
4600
4900
4400
4600
4400
5300
7700
5100
8800
5400
7000
5400
5100
5300
5200
5800
5600
5300
6600
5800
6500
5600
5900
5900
5700
6200
5700
7300
6000
5900
7900
9500
6400
5900
6300
7100
6300
6500
6300
6500
6600
6500
24400
6200
6400
7800
7200
9300
7200
6800
6300
6500
6600
7700
53400
5600
9100
4600
5600
4600
4300
4600
4500
4600
4400
7500
8900
5900
5400
5000
5100
4900
5100
5000
5300
5400
5100
5500
6400
5400
6200
7200
5400
5800
5700
5700
5900
5700
5900
5900
10400
6000
6400
6200
9000
7100
6400
6600
7100
7100
7100
6600
25100
6200
6300
7300
10300
7000
7100
7100
6500
6500
6500
7400
51300
5500
8900
4400
5900
4500
4300
7400
4400
4600
4400
4600
7000
5400
5400
7000
5700
6500
5200
5300
5100
5600
5200
5200
6000
5500
6200
5800
5800
5600
6000
5800
6000
8800
5900
7200
9600
6500
6300
6000
7200
7100
6400
6200
7100
7300
7100
6500
9800
6400
9300
6400
6700
7500
6500
7200
6500
24300
6400
6700
51900
5800
8700
4500
8200
4400
4400
4300
4600
4300
5700
4600
6900
5100
5400
5100
5000
4800
5800
5200
5400
5500
7000
5300
5900
5500
6100
17600
5600
8600
6000
6300
5800
5800
5900
6000
7100
6200
6200
6300
7000
6900
6600
6300
7100
7000
7000
6600
10900
7600
6300
6200
6400
7800
6400
6500
6600
6500
7000
6400
68300
5400
4500
8500
5700
4500
5500
4600
4700
4600
4600
6000
7700
5000
5500
5100
5200
5500
5300
7600
5800
6000
5700
5100
11400
8900
6500
6300
5800
6800
11400
5300
9800
9500
8100
40000
6900
6000
8800
7200
6000
6200
6100
6200
5900
6400
6000
6000
9600
7300
6100
6500
6200
6100
6900
7500
6300
34800
20700
6800
52000
9200
5800
4500
10100
4500
8600
9600
11600
4300
4500
4400
6900
5100
4900
5000
4900
4500
4900
4600
7900
5300
5100
5800
7100
5300
6100
5700
5300
5400
5900
5600
5400
6100
5300
28300
6400
5900
9200
6200
5700
5900
7900
6700
5800
6000
6000
6100
6900
6900
5900
6000
6000
6100
6900
7400
9100
27300
6200
6100
47600
5100
5100
4100
8900
4200
5200
9200
11800
4300
5400
7200
6700
5300
5100
4600
4800
4800
26600
4700
5000
5600
5300
5200
6100
7400
6600
5100
5600
5900
5900
5900
8300
5400
5500
5600
6200
5800
7000
6100
5700
5900
5800
6000
5800
6000
6100
6000
6600
7100
8700
6100
6100
6100
6900
7000
5900
27300
6000
6500
48400
5800
5000
4000
8600
6900
5200
9600
11900
4200
4300
4300
7500
5000
4900
4600
4800
4600
5200
4600
4900
5000
4900
5200
6300
5300
5700
5200
8400
5600
5200
5800
7400
5400
5400
5200
6100
5800
6500
6500
5900
5900
6600
6100
5900
6500
6100
32800
6800
7000
6000
6000
5900
6100
6900
8700
6100
27000
6100
6000
50500
5200
5000
4400
9600
5100
5200
9200
11400
4000
6000
4200
6700
5000
4700
4800
4700
4800
4600
4800
4700
6200
6300
6000
7000
5200
6600
6200
5100
6800
6800
6900
5500
6500
5400
6000
7000
6700
7300
7600
6800
8800
6700
7800
6200
6700
6300
28600
6900
5800
7000
6300
5800
6100
6100
30100
6100
6100
6200
6200
48100
5100
4900
4100
8600
3900
9000
9000
24300
4600
4600
4300
9900
5500
5000
18900
5100
4900
5400
5000
5300
5400
6800
5300
6000
20000
6500
6400
5400
5900
5200
6100
8800
5800
5300
5500
6100
5800
6600
6500
6000
5900
6700
6400
6000
7400
5800
28400
9400
6000
6800
6000
5900
6100
5900
5900
5900
27800
6100
6100
46700
6900
4100
7300
4400
4400
5100
5300
4300
10500
4400
4300
7000
5000
5100
4800
4900
4700
4800
26100
4900
4800
5200
4800
5600
5700
5800
5400
5100
8600
5500
5700
6000
5600
5300
6100
7500
6700
6100
5900
6000
6000
20400
6000
6000
5800
7800
9000
6900
5900
6100
6100
5900
23300
5800
6300
6100
6000
6000
8000
47500
5000
4000
7300
5100
4100
11300
4300
4200
4400
4200
4200
6800
4700
4800
4600
5100
5000
4800
5700
24800
4700
5300
5000
5700
8700
5700
5200
5300
5600
5400
5900
5900
5600
5500
5300
7400
7300
6400
6000
5900
5900
19900
5900
8600
6000
6200
6000
7000
5900
5800
5900
5900
22700
6000
6200
5900
6100
6000
6200
50100
5300
4100
3900
5000
4300
11400
4300
4300
4100
5000
4300
6700
6700
4600
4900
5200
4900
4900
4700
5400
4800
5300
5200
10000
5800
5900
5200
5500
5400
5200
26100
5400
5500
6100
5700
7300
6600
6400
5800
5900
6000
23900
5900
5700
5900
6100
6100
6800
6000
5900
6400
5800
22600
5800
6100
6300
6200
5800
9300
48700
5300
4000
3900
5200
4100
10700
4400
4100
4300
4300
6500
6600
17200
4800
4500
4900
4700
4800
7600
4600
4900
5000
5000
5900
5700
5700
5200
5400
5300
5400
25400
5300
5400
5900
5600
6000
6300
6600
8600
6200
6600
5800
6700
6600
6200
6000
6000
7300
5700
5700
6000
6000
23000
6100
6100
8900
6000
5900
6100
48100
4900
3900
4000
5000
4200
11100
4100
4300
4100
4400
4100
6500
4700
4600
4500
4900
7500
20600
4800
4600
5100
5000
5100
5900
7400
5800
5800
5400
5100
5300
26300
5300
5200
6100
7500
6400
9500
7600
6100
7000
9400
10600
9800
11000
9200
10100
7000
7700
7800
8800
36300
10300
8900
45000
7200
6500
6500
6900
6700
52700
6000
4500
4400
5600
4800
12500
4600
4800
4700
6800
4300
8700
9100
5000
5300
5200
5000
5300
7500
5200
5100
5700
7900
6100
7000
5900
5800
5900
5600
31200
42400
5900
5800
9900
6200
6600
7000
7000
6400
6600
10500
6100
7700
8000
7500
6900
6900
8400
10400
7000
6400
6600
8200
33900
6200
7000
6500
6600
6700
50100
4500
4500
4400
5100
9700
4600
4600
7600
4600
4800
4600
10200
5800
9500
5500
5200
5300
5800
5200
5800
29200
5200
5900
6500
5600
5400
6000
5800
6000
5700
6000
6000
6600
10100
6500
7000
6500
6400
10100
6800
6400
6700
6600
6700
6400
7400
7000
7600
7700
6800
10900
10100
8000
6900
22100
7800
7000
6700
6600
51700
4500
4600
4600
4600
8800
9800
6200
5500
4600
5900
4700
7800
5700
5400
5600
5400
5700
5200
29300
5800
5300
5600
5500
9300
7300
5400
5800
5700
5900
5900
5700
5900
6700
7100
6600
6900
6400
6300
7200
6600
6100
6100
6500
9500
11900
6300
8000
12000
10600
9100
10600
10500
10200
7900
25600
10300
9200
9700
7000
53700
4400
4600
4500
4700
5800
9600
6000
4800
4600
6100
5300
8100
6900
5700
5500
9100
5300
5300
5200
5800
5400
5400
5400
6000
6400
6400
5600
5800
5600
6500
6000
6600
28300
5900
6500
9800
6300
6200
7200
6600
6500
6500
6300
6800
6600
6600
7100
7500
7900
6300
8100
10400
7400
6600
22200
7800
6600
6800
6600
54500
4500
4600
4800
5000
5900
9600
9200
4600
4700
5900
4600
8000
6000
5300
5100
5300
5100
5200
5000
5600
5100
5300
5400
6000
7000
6100
5900
5900
5500
9300
6000
6500
27600
5900
6700
7100
6200
6000
6500
6400
6600
6200
6400
6600
7200
7300
10500
7100
7600
6500
7400
9000
7900
6600
22200
7800
6400
6500
6900
55000
4500
4200
4900
4400
5700
9400
5900
4600
4900
5800
4800
8000
5400
5600
5600
5800
5700
8300
5200
5500
5100
5900
5400
6000
6500
6400
5600
5800
5600
6400
5700
6600
31300
5800
7200
23600
6200
6800
6400
6500
7100
6300
6500
6400
7800
7800
7500
10600
6400
6500
7900
6700
6400
6500
7300
6700
6700
6800
6700
51600
7100
4600
4300
7500
5700
10100
5700
4600
4500
5700
4600
7900
5700
5300
5900
5400
5500
5900
5300
7200
5500
5400
5200
6000
9200
8600
5700
5900
5700
6400
5700
6600
28500
6000
6700
6700
18400
6200
6600
6600
6400
6400
9400
7400
7400
7800
7700
22000
6600
6400
7600
6300
6400
6600
6600
6700
6500
9900
6900
51700
6300
4400
5600
5900
5800
4600
9700
6500
4500
4700
4500
8100
5800
5000
5000
5300
5100
5800
5200
5300
9200
5100
5500
6100
5600
5700
5600
5800
5800
6300
5900
5600
6000
6000
6400
7100
25100
7000
6400
6200
12000
6500
6400
7100
6600
6600
6300
7900
7300
6500
6500
6200
6500
6500
7500
6600
6700
6400
10600
50700
4500
5500
5600
4600
4500
4600
4500
4500
4600
4600
4500
7800
5100
5200
5000
5400
5600
5100
5200
5300
5300
5100
6100
9000
6400
5400
5500
5400
5600
6200
5600
5700
5700
7800
6400
6800
24400
6800
6400
6300
6800
6500
6200
10400
6200
6700
7000
7400
7400
6500
6400
6300
6500
6500
7500
6400
6600
6600
7500
53400
4500
5400
4400
4400
4900
4500
4400
4400
4500
4600
4500
7600
5300
4900
5100
5400
5000
5100
4900
5600
5200
5700
5600
6000
7600
8600
5700
5700
5800
6100
6200
6100
5700
5900
5800
6900
24400
6900
6500
6000
6900
6300
6300
6900
9400
6600
6300
7400
7200
6700
6500
6400
6500
6500
7300
6600
6600
6400
7700
52900
4400
8100
4200
4300
4300
4400
4400
4600
4300
4400
4700
7700
5200
5200
4900
5400
5300
5200
5200
5500
5100
22500
5600
5900
5600
8600
5500
6300
5800
6200
5800
5900
5700
5900
6000
7800
6000
6300
6100
6000
6400
7100
6500
6400
6700
6300
10000
7200
7200
6600
6400
6300
6200
6400
7300
6600
6500
6600
7500
50800
4500
5200
4200
7000
4300
4600
5000
4500
4500
4500
4400
7300
5400
5000
5100
5400
4900
5100
5000
5600
5100
5400
5600
6000
5500
5700
7200
5700
5800
6700
5700
5700
5600
5800
5700
6700
6100
6300
6200
6000
6100
7100
6400
6200
6700
6300
7600
7100
27400
7400
6400
6400
7700
6700
6500
7200
7100
6700
6300
51300
4300
5100
5000
4200
4500
4300
7500
4300
4800
4300
4600
6800
5000
5200
5000
5300
5100
5200
4900
5500
5300
5100
5600
5900
5800
5800
5500
5800
5800
6200
5700
6300
5700
7100
5900
7600
7100
7000
7100
6300
7200
7900
7200
7400
7400
6400
9600
8800
28200
7800
9400
6500
7300
6300
6200
7500
6300
6600
6500
52300
5500
4600
4300
4600
4500
4600
5600
4600
4600
4700
8600
8400
5300
5000
5500
5200
5200
5400
7500
5400
5100
5800
5200
6300
5500
5700
5500
5900
7000
6000
5900
5600
5800
6500
6100
7000
6200
6400
6200
9200
6500
6400
6300
6400
6300
6600
6500
7500
6500
6600
6500
6600
7300
6900
6500
6600
6500
6600
6600
76800
4600
4100
4600
5600
4200
4600
4600
4500
4400
6000
5500
7500
5300
5000
5500
5100
5200
5100
5300
5800
5100
8200
5200
6600
5500
5800
5700
5800
6300
6100
5900
5800
6000
6000
15100
7500
6400
6300
6100
6200
6000
6200
6100
9100
6200
6300
8300
7200
6700
6300
6300
6100
7400
6200
6400
6300
7700
6200
6800
94500
7600
3900
4300
5400
4000
4400
4100
4300
4200
5800
5600
7200
5200
4800
5400
5000
5100
4900
5300
5700
4900
5400
4900
5900
5600
5300
9300
6200
5800
6100
6000
5800
5500
5800
5600
6500
6100
6300
6000
6100
5900
6300
6100
6200
7700
6400
6400
10200
6300
6100
6200
6000
7200
6200
6200
6300
6300
6100
6200
68500
4300
3900
4100
5000
3900
7400
4100
4200
4000
5600
5200
7300
5100
4800
5000
4900
5100
4900
5100
5100
5200
5200
4900
5700
5400
5600
6000
6000
5500
6100
9100
5600
5700
5600
5800
6300
8100
6200
6300
6800
6900
6800
6500
6100
6300
6400
7000
7400
6300
6200
8900
6000
7200
6200
6300
6300
6300
6000
6200
69400
3900
3900
4100
5100
3900
4200
4000
4100
4000
8500
5900
7000
5100
4900
5200
4900
5100
5000
5000
5500
5000
5300
5000
5800
5600
7100
6100
6100
5500
6200
6000
5800
5600
5800
5600
9200
6400
6200
6200
6000
6900
7400
6000
6300
6300
6100
7000
6700
6200
6100
6100
6300
6200
13500
9100
6300
6200
6300
6100
69400
4700
4100
3800
5000
3900
3900
4800
4200
4000
5600
5100
7000
5200
4800
8000
6700
5000
5700
5000
5600
5200
5100
5100
6200
5500
5600
5900
16500
5800
6300
6100
5700
5800
5600
5700
6400
6200
6100
9200
6300
7400
6800
6300
6800
6400
6100
7100
6900
6200
6000
6100
6100
6200
5900
6200
6100
8900
6400
6400
51500
4300
4100
4300
4500
5300
4300
4200
4400
5700
10900
4400
