1136400
10800
18000
67600
6100
5500
46100
6300
6300
6000
6600
7000
53900
44900
10000
35200
11400
19100
12600
10900
10900
13500
13000
14700
122100
57300
49200
17000
18700
25800
19500
20000
22900
20200
22000
19900
93000
118600
81800
22800
24500
305100
103800
27100
25400
24000
28800
110700
97700
358800
26900
127800
33900
30400
27200
27700
28200
29200
31800
28900
42000
7600
7500
8100
8100
43800
8900
9000
9200
12000
10500
11600
34300
40600
12900
12500
13600
12900
21300
13800
13900
14700
15900
18900
107300
60300
40100
19700
17300
23400
18300
18100
21400
19100
20000
19600
64400
54400
49200
24400
21500
217600
70700
24400
26200
24500
30400
83300
84700
225400
32800
107600
54400
31000
30400
28700
29000
28400
33000
28900
11600
7900
19500
8200
8200
8500
8400
25600
9500
11000
10700
11700
23300
12000
16100
35200
18500
13300
31700
21200
16000
14600
16200
16700
82100
54000
102800
8400
8200
13100
8300
7900
10600
8900
8500
8400
46800
45300
46500
11100
10200
163900
54900
11500
11600
10800
14700
60900
69600
198900
12900
96400
25200
14300
13300
13700
13700
13400
17600
13300
7400
4100
11200
4600
4100
4300
4500
12900
4300
5700
5700
5600
18100
5900
8400
24900
9300
7100
36300
13200
6500
6800
7400
8100
24800
35200
9700
8200
17800
8200
11100
21900
18500
6200
6400
9300
54000
25700
15900
7000
6900
66000
21400
6900
6900
7300
9400
31700
25000
65900
7900
32900
11200
8000
8500
8100
8300
8200
10200
8000
7100
2500
2400
3300
2500
16400
2600
2600
2600
3400
3100
3400
17000
4000
5400
15400
5500
4000
31400
4800
4000
4400
4100
7700
15100
13200
5500
11100
12600
5300
6900
12800
13700
5500
6000
7800
33300
18400
27600
6700
7000
9000
7200
6500
8300
7200
18800
6800
25300
65700
8400
29600
13100
8000
8100
8000
8800
8100
10500
8000
5400
2500
2500
2500
3100
11400
2500
2600
2600
3600
2900
3500
12400
4300
5200
16500
5800
4200
12000
4700
4300
4200
7200
6400
15100
14100
5400
5500
9700
5200
8000
11900
11700
5400
5900
7300
35600
19400
14500
6700
6900
11200
9700
6800
8200
7300
16100
6700
19500
18700
26300
8000
10200
68900
21500
21200
11000
18100
9900
25600
7600
6000
5700
6100
5500
5900
5500
5500
5600
5800
5500
5900
7500
6800
7200
8000
6700
6800
128400
25500
17200
103100
95300
14400
18600
15900
14600
15300
15100
15300
84500
17500
15000
16600
15200
87800
60600
16800
84300
16300
19700
14000
10100
10600
10000
46100
10300
11500
110100
8200
10100
9400
22000
8000
8100
17900
8000
10000
9800
9000
9400
6800
6100
6400
6300
31900
7300
10500
6900
6400
6500
7300
10500
7900
8100
8200
7800
8200
39300
8600
8200
36000
35100
7800
9800
12200
9000
9800
9400
8900
29200
10600
9700
10200
9300
36100
25700
10200
41600
10100
9900
12400
10000
10100
10100
38100
14500
11500
86500
9900
14700
15100
34100
15800
13600
26500
12200
15100
16100
12400
14100
10700
10700
10400
60200
51100
12100
11300
11200
10900
10600
11900
17700
12500
12500
15700
62400
12900
12100
17100
13900
13600
13100
13700
16700
15600
14700
15700
14700
14800
45800
23100
16800
17600
15900
68400
50600
20300
67900
16600
16100
20500
15800
16200
16900
64500
17100
19000
176500
14600
15600
15100
35000
12500
11900
25700
12200
16200
22300
17600
13700
15100
10300
10100
10400
10000
11300
10800
10300
10900
11400
11500
48300
12200
12800
14200
13100
13000
13100
12400
12400
13900
13000
13100
16000
54100
14800
17100
14700
15400
49500
17700
14900
63900
55600
15300
49000
19000
55300
16600
15800
20000
16300
16600
17000
50600
18000
19200
125500
13400
16100
16300
35200
13900
13300
26600
12500
15500
16200
17000
13100
10200
9900
10300
12200
10600
11000
11000
10200
10000
14200
11900
13100
12500
12300
13400
12600
12700
12800
12900
12600
13000
50800
13500
15900
47800
14700
16400
14800
20400
49600
17800
15300
53500
55000
15700
18000
16000
16100
16500
37600
16300
47500
19600
18300
18700
16400
55900
130600
15700
27500
16000
34800
14000
13600
28000
13400
18300
16400
14900
14400
11900
10100
11300
10500
11500
12600
11700
56900
10700
11600
11500
14400
13500
13900
13900
16100
13400
12900
12700
12700
13100
13400
13500
15900
41400
15300
16500
14700
15000
50700
16900
15400
58300
56600
15600
17400
16500
15800
16900
16000
17800
42700
19200
17500
19400
19900
56200
144400
13600
24600
13500
15600
21200
13800
13200
13600
35300
14200
16300
12500
10300
10100
10600
10100
11900
10600
12100
11400
16600
10800
10900
15400
12800
12500
12700
12600
13300
13200
12900
60100
13100
13200
30400
20500
13700
39300
24900
13400
13700
14300
16100
13900
13500
60200
14000
19800
15100
55100
44100
20100
15200
46100
17400
17200
15600
70300
15000
105100
12600
33600
12000
15400
16800
12800
12700
31500
12600
13200
12900
14100
9600
9600
9400
10800
10200
10900
9500
10300
9600
9500
9800
14000
12000
11300
11300
11200
15900
11700
11500
73000
11800
11600
11700
17200
15200
32700
15400
13500
14200
13400
16300
13800
17900
59500
13700
19300
15100
48400
40800
15900
14300
44100
18200
16900
15500
74500
15700
103600
12400
26900
11900
15200
12000
12500
12100
29200
11800
11800
16700
12000
9000
9100
8700
9600
9700
8800
47700
9600
9100
8700
9100
11700
10800
10900
10600
10700
12100
10700
12500
14200
14800
11200
11100
16200
14600
31800
13900
13300
13000
13300
16700
13200
12900
55900
13600
21700
13900
45100
41100
16700
14300
42000
18500
17000
14800
68100
14400
97100
13700
25800
12700
16400
12900
12800
15500
36100
13500
12500
13100
13800
10500
9300
10100
10100
10200
9200
14400
10300
9400
9700
9700
12400
29900
12600
11000
12100
12700
8800
12400
14800
9200
8600
8900
12000
9300
12500
17000
9100
9300
9600
59800
49200
11400
10600
10100
14200
10500
40100
40100
10100
10600
36500
13300
12900
12000
66000
10700
95000
7600
19000
11500
8800
8100
6900
7100
24500
7100
7300
7100
11300
39500
8900
8100
8500
8600
8100
8000
8500
8600
10400
9300
9600
8800
13200
9000
33800
10400
8700
9800
10400
9200
62700
9700
12500
10200
9900
10200
10400
10000
9900
14700
69300
10300
10100
11100
13900
12000
29700
125300
18000
11500
11000
14800
59400
14200
56500
9900
97300
7700
18900
6700
9000
7300
6800
7100
25300
7300
11700
15200
12500
8300
8300
7800
8500
8600
8100
8300
8900
8200
8600
8700
9400
9200
8900
9100
8800
10100
9300
10200
9700
40000
13300
9600
11600
9900
9400
10000
10700
10200
10000
10100
54300
10300
10400
10400
13100
12900
31700
11600
10000
10000
10100
12500
10300
10500
53100
56200
97100
7100
16100
16500
7000
6600
15400
10000
9800
7500
25700
7100
12500
8500
8200
8300
8300
9300
8100
7600
8200
8200
8500
11400
13300
8400
13300
9600
9400
9700
45800
10400
9500
9500
9900
10200
12600
10300
9700
9700
9600
10200
10200
10600
45700
10600
10500
10600
12000
10200
44100
12300
11600
10400
10200
10000
10400
11000
10100
10300
99800
7800
6800
7100
7200
10200
8700
8900
23200
30900
7300
21600
12200
8500
9200
8600
8500
11400
8200
12400
8900
8700
9100
8200
11200
9000
9100
8300
8700
9000
44500
9900
9300
9200
10000
8600
12000
9800
9700
11800
10900
11000
9900
11200
50900
11300
11900
11900
12800
13400
46100
10000
11200
9900
14500
9400
9500
12100
11200
10400
85400
7700
6500
6800
6500
11200
9300
8700
24200
21800
7400
25800
15100
8800
8500
8500
7900
9700
8600
8200
8800
8600
8000
8200
9700
8900
9300
9000
8900
11400
9200
42900
9300
14700
9300
9700
13200
9800
10200
12700
10000
9800
10200
12300
42300
13000
10300
10300
16600
10300
44600
10100
10100
10000
10400
10500
11900
12200
10100
10200
86400
7200
6900
6800
6800
14000
8800
8800
25300
22300
10500
21600
11700
8400
37000
8600
8900
8700
8600
9000
8700
8000
8400
8500
15400
9600
8900
8900
9200
10400
9100
9000
8700
9900
9300
9400
12300
9900
10300
10300
10600
9900
50400
16400
10200
10500
12000
10700
12900
10100
47100
10600
10400
10200
10300
10600
10300
11800
10500
15600
91300
7300
6700
6700
6800
9300
8500
8900
26400
21300
7000
21500
12300
10000
8300
8800
8500
8600
13000
7700
8800
43200
9100
9000
9800
9700
9200
8900
8900
10400
9000
9200
8900
8800
9000
9100
12100
9500
9800
14500
10400
9800
48800
11800
10300
10300
12000
10300
13100
10700
10100
9800
9700
10500
10500
15000
45800
10400
10400
10100
193800
7900
7000
7100
6900
13600
15500
11300
35600
31500
7100
26100
12000
8800
8800
8800
8200
8500
9100
8500
8900
8900
9000
8300
9100
9000
8900
9800
51000
11000
53000
11700
10100
10200
9700
10000
12400
9900
10300
10200
11400
10500
44400
11800
10800
10200
12100
10700
13700
10300
10500
10700
10800
10500
10600
56600
42500
10100
9900
10100
149200
11800
31900
6700
6600
6700
7300
6600
6800
9000
7100
6800
11700
7900
8100
8500
8100
7900
8100
7900
9100
8300
8000
8700
9400
8700
9000
8300
9600
9600
44500
9200
9700
9700
9100
11400
11100
9900
10600
9700
9800
10700
10500
11900
10000
10700
14100
9900
11700
15300
11500
10000
9800
10200
12000
10000
10000
11300
12100
10200
96000
8700
6800
15000
7000
6800
6800
8800
6900
6900
7900
7200
10500
8000
8000
7800
8000
8100
8100
8800
8700
8100
8100
7800
9800
8800
8700
8900
13200
9400
40600
9000
9300
9500
9100
9000
11200
10100
11100
9800
10000
14000
10500
10300
10500
11800
16100
9900
11400
11200
11100
9800
9800
9900
11000
9800
9800
11100
11000
10100
101100
9300
6500
8300
7700
6400
6500
8700
6800
7300
7200
7400
12900
8000
8700
8800
11000
38800
8400
9300
8600
8500
12600
9300
9500
8700
9000
10000
9000
8500
8700
9400
10500
10100
10000
11200
12100
11100
12000
11900
10700
11700
10700
10900
14800
12200
15900
11700
12700
12500
12400
11300
11100
11200
12800
11000
11200
12500
12800
10800
109100
9400
7000
9800
7300
7000
7100
9700
7400
7300
7400
7500
11100
8400
10500
8700
9000
9100
8700
9500
13400
8900
9200
9000
10000
9500
9500
10500
9800
9700
9800
9600
9600
9200
9500
10400
11200
10700
10600
10300
11800
11200
47300
10600
12000
11900
11000
10600
14100
11200
11100
9900
9900
9900
12000
10000
9900
15000
11700
10200
94500
8900
6700
9000
15000
7000
6700
9900
6900
7400
8100
7400
10500
7800
7500
8300
12200
8200
9400
9600
9300
8500
8300
8600
9600
8900
9100
10100
9200
9100
9200
9500
8900
9600
9600
12800
11700
11000
10800
10700
15700
12000
44700
10900
12300
12300
11500
11100
12600
11000
13500
11100
11000
12800
14600
11400
11400
13500
13500
10500
113500
9000
7000
9100
7500
7100
7300
9200
8200
7700
7400
7700
11600
9500
9900
8600
9800
8800
9100
10800
10700
10500
10200
9100
11000
10700
10400
11500
10600
9800
11300
9000
10400
10600
9200
12100
12200
14500
10700
10300
11900
11600
42800
10400
11700
11500
10200
10300
13400
9900
11200
10200
9700
16400
12000
9700
9500
11100
12000
9400
94800
8600
8700
6700
7000
6800
8700
7000
6800
12700
8700
7200
11800
12500
8700
8900
9600
8900
9600
9700
9500
9200
9500
9000
10500
10800
10200
10600
9400
9500
11400
9900
10000
9900
10000
11000
16800
10900
10900
12100
11200
11200
11300
11200
10400
12500
11000
13000
14500
11400
11000
11200
10900
11000
14200
11000
12000
11400
60100
12400
111300
8900
6700
7500
7400
7100
7100
10700
12300
7800
7300
7500
11200
8800
8700
9100
9000
8800
9400
18200
9700
9000
9100
9100
10500
10100
9300
10100
9800
10200
11000
9800
12900
9700
9900
10700
12700
10700
10700
11700
10900
10600
10500
10600
10800
10700
10600
11900
12800
13800
10100
9700
10000
9900
9900
11000
10300
10300
53700
10900
92400
8600
6800
6500
6700
6700
6600
12400
8700
7100
9000
6900
10400
8300
7700
8700
8100
8700
8500
8000
8700
9300
8400
9200
9300
8900
9000
9100
9000
9200
11300
14000
10300
9600
9500
9400
12800
10700
9700
11400
10200
10200
10200
10200
10200
10500
10500
11900
16200
13300
10500
10000
10800
10200
10800
10600
10500
10300
54900
10200
96300
9700
7000
7100
6800
7200
6900
12900
9000
7300
7200
7100
10400
8100
10700
9000
8100
8200
9100
8500
8900
8100
8400
9600
9600
9200
8900
9300
9200
9000
10400
13400
10300
9200
9400
9400
10800
11300
10000
11900
10300
10500
12900
10700
9800
10100
10300
11700
17900
10400
10000
13000
10200
10200
10200
10400
10200
10200
54700
10100
180600
10900
7300
7300
6900
11200
6700
8700
8800
7900
9600
6800
10600
8000
8300
8400
8200
8200
49800
8300
9400
8700
10200
9400
10100
9600
9500
9500
9400
9800
10700
31900
9100
7900
8300
8500
10500
8900
8600
9600
13200
9200
30100
13800
9200
8000
11500
7200
13700
6200
6400
7000
6100
6100
6200
5800
6000
6100
6200
7300
112200
5400
4200
7600
3900
4100
3700
5000
5200
4300
3800
4000
7600
4700
4800
5200
6000
4700
4800
4800
5100
5000
4700
5500
5900
5400
5100
5400
5300
8200
7300
45500
5700
5900
5700
5400
7200
6500
6100
6700
5800
5800
8500
5900
6600
6000
6200
9500
8600
6100
6000
7000
9000
5900
6100
6300
6100
6300
5900
7100
50700
4100
6500
4600
4200
3800
4000
3800
4100
3800
16500
4000
7900
5100
4700
4800
4900
4900
5000
4700
5200
4800
4800
5000
5900
5200
5200
5100
5400
5400
5100
5200
5100
5500
5200
8300
7600
6600
5700
6500
6500
5800
5800
5900
6600
5900
6000
7800
7300
6100
18100
8600
5800
6000
6000
7000
5800
6000
6200
6100
47800
7300
3600
3800
5500
3900
3900
5200
3800
4000
3800
3900
7100
7500
4800
4700
6400
10200
5000
5400
4800
4900
4700
5000
5800
5500
5000
5200
5100
5200
5000
5100
5300
5200
5500
5300
7000
9000
5700
6300
6400
5900
5600
5700
5900
6000
6200
6100
6900
5600
51300
6000
6000
5900
5700
8700
5900
5800
5700
5900
50900
7100
3600
4000
6300
3900
3900
5200
3800
3900
3800
4000
6700
4700
4700
4500
4700
4700
7700
4800
5300
4800
4600
4900
5600
5200
5300
6300
5600
5400
5600
5400
5700
5500
5300
5400
6800
7000
5800
6400
9000
5800
5800
5700
5600
5900
6000
5800
7300
5800
19400
5700
5900
5900
5900
5700
5800
5900
9400
5800
50300
6800
3700
3700
4600
3900
3600
4700
3900
3700
4300
3800
6500
4600
4600
4700
4600
5200
4700
5000
4800
4700
6300
5700
6900
5200
6400
5000
6600
6200
6800
6800
6800
5300
6300
5300
6900
6600
6600
6600
5700
7000
7100
9100
5900
6300
6000
6000
6800
5900
17200
5900
5600
5700
5900
5800
5700
5700
7200
6200
52200
7100
3500
3900
4600
3700
3900
4700
3800
3900
3800
4000
6200
5400
4600
4700
4700
4900
4800
4900
5000
4800
5000
4900
5700
5400
8700
5100
5700
5000
5500
5600
5700
5200
5400
5200
6300
5600
17000
5900
5800
5600
5900
5900
5900
5800
6000
8600
7500
6600
5900
6500
6500
6600
5600
5900
5800
5900
5700
5700
47800
7400
3800
3700
7700
3800
3700
4700
4000
3700
4000
3900
6700
4800
13300
5200
5100
5400
4700
5300
4700
5000
4900
4800
6000
5400
5100
5100
8600
5300
5700
5600
5800
5200
5400
5200
6400
5600
11100
6200
7600
8000
8100
9300
7500
7800
8500
10800
17900
9800
8900
8000
7000
7400
6100
6800
5800
6500
6700
5900
49300
4200
9500
3900
3800
3800
4300
3800
4000
3800
3900
4000
8300
7900
5500
6600
4600
5400
5500
4800
4800
6300
5100
5100
5700
5300
4900
5300
5700
5200
5300
5100
5900
5400
5200
5500
6200
6300
8700
5800
5700
5900
21600
5800
5800
5900
5900
6000
6800
5900
5900
6000
5900
5900
6700
5700
6000
8900
6600
5800
47100
4100
3700
4000
3700
4800
3900
5300
4100
3800
3700
4000
7100
5000
4900
4800
4900
5000
4700
4900
4700
5400
4700
7700
5700
5200
5000
5200
5500
5300
5400
5100
5700
5600
5400
5400
6100
6200
5600
5500
5700
5800
22100
5500
9500
5800
5700
5700
6500
5600
5400
5500
5500
5500
5500
5600
5600
5600
6500
5900
48300
3900
3500
3600
6200
4600
3600
3900
3600
3900
3600
3800
5900
4900
4600
4900
4600
4600
4700
4500
4800
4500
4700
5300
5100
5100
5300
5000
5000
5300
5100
7800
5000
5300
5100
5700
6000
6000
5500
5500
5700
5500
19500
5700
5700
5500
5800
5900
6600
5500
8500
5700
5400
5700
5600
5600
5500
5800
5700
5700
119600
4100
4200
3600
3500
4600
3900
3600
4000
3600
3800
3800
6200
4700
7400
4900
4700
4800
4600
5000
4600
4800
5100
4800
5200
4800
18800
5100
4900
5600
5200
5000
5100
5100
5300
5600
6100
5500
8100
5800
6500
5800
5400
5700
6300
5800
7600
5600
6500
5500
5500
5600
5600
5700
5600
5700
5700
8300
6400
6000
92400
4000
3500
3700
4100
4600
3600
3900
3600
3900
3700
3800
7000
4700
4500
4800
4600
4500
4800
4500
4800
4500
4800
4600
7900
5100
4900
5000
5000
5400
5100
5000
5100
5100
5000
6300
7500
5900
5400
5700
6700
8500
6100
5700
6200
5900
5700
5800
6300
6300
5700
5500
5700
5700
19900
5800
5900
5800
5900
8700
64500
3700
3700
3500
3700
4700
3600
3700
3800
3600
3800
3500
6200
4700
4500
4800
4500
4700
4500
6400
4900
4600
4900
4600
5100
7800
5000
5000
5100
5600
5200
5100
5200
5100
5300
5600
5900
6200
5500
7600
6500
5700
5500
5700
6800
5700
5600
5600
9000
8100
6100
5400
5600
5700
20600
5700
5600
5700
5800
5900
47000
4500
3800
3800
4400
3800
3800
6300
3800
3800
3800
3900
8000
7800
4800
4700
15700
4700
4400
4800
5000
4700
4800
5000
5500
4900
5100
4900
93900
5900
5900
5100
7300
5400
5900
8800
6300
5600
5700
5700
5500
5600
5600
5600
5600
5800
7300
5900
7600
5900
5700
5600
5900
23500
6000
5900
6000
6700
6700
6900
47000
5300
4000
5000
4000
4100
3900
4600
4000
6700
4000
4000
16700
4800
4800
4600
5300
4700
4500
4600
4700
10400
4700
5300
5600
5000
4800
5100
24300
4900
5700
7800
5000
5200
6400
5800
6200
5700
5600
5400
5600
6200
5600
5500
5700
5700
7000
5900
7800
8300
5500
5600
5700
20600
5900
5700
5900
6700
6900
6700
47900
4800
3700
4700
5000
4500
4800
3800
4700
3800
5200
3800
7000
5500
4600
5400
4900
5600
5600
4400
5500
4600
6000
5100
6600
5100
6500
6100
16500
8100
5100
21700
5800
5700
5300
5400
6400
5600
5400
8300
5900
5600
5400
5600
5500
5800
6600
5600
10200
5600
6200
5600
5600
22200
5600
5800
5800
6700
6700
6700
46900
8600
4000
4900
3700
3800
3900
3600
4100
3800
3900
3600
5900
5000
4600
4500
4800
4700
4700
4700
4600
5200
4700
5000
5700
5200
5400
7800
15500
4900
5100
5000
5600
5700
5100
5600
7100
5600
5700
5700
24700
5500
6300
5600
5700
8400
6500
6500
7300
5700
7300
5500
5500
21800
7300
6800
6000
6500
6600
6700
49500
4800
3700
4900
3700
3800
3700
3900
4000
3900
3800
3900
5600
4900
4800
5000
5900
4500
4800
4600
4500
4800
4700
8100
6000
5300
5600
19300
15800
5300
4900
5200
5800
5700
5200
5800
5900
5700
5600
5500
25500
6900
6800
5600
7800
5900
6700
6900
6600
5700
5600
5800
6300
5700
5800
6000
5800
8500
7000
5900
46400
5100
3700
4600
4000
3600
5100
3700
3900
3800
4000
3700
6100
4700
4300
4600
5900
5300
4900
7400
4700
4500
4800
5000
5700
5100
7000
5000
15500
5200
5000
5300
6900
7300
5700
5700
6000
5700
5600
5600
25000
5700
6400
5900
5800
5700
6500
6500
6300
5600
5600
5700
5500
5500
5600
5600
5500
5700
7500
5600
47900
3900
5200
3900
3700
8500
4000
3800
4100
4900
5100
5300
7200
4700
4900
4700
4500
25600
4600
7700
4600
5400
5200
4800
5600
5100
5100
5000
5500
5100
5000
5200
5100
5800
5300
5900
6100
5800
5600
6200
5700
5700
8400
5700
5800
29800
6100
5900
7000
5800
5600
5800
5700
5700
5800
5800
5700
5900
5900
5800
49200
3800
3700
3700
4800
3900
3800
3700
3800
3700
3900
3800
6500
4900
4700
4800
4800
4500
4700
4400
4800
4600
4900
92900
8700
5100
4900
6600
4900
5200
5000
5200
5000
5600
5300
5700
6200
5600
5500
6400
5500
6100
5700
5500
5800
33800
5800
5800
6400
5500
5400
5700
5600
5500
5700
5600
5500
5700
6300
5700
114300
3800
3800
3500
7400
3900
3800
3800
3700
3800
3600
3700
6300
5000
4800
4800
4800
4600
4700
4500
4700
4700
4600
4700
5000
5100
5500
5000
5100
27700
5100
5200
5300
5100
5900
5300
6100
5600
5900
6200
6000
5700
5700
5800
5500
29300
5800
5700
9500
5500
5400
5600
5600
5500
5800
5700
5800
5500
5900
5800
91200
3800
3700
3600
4700
3800
3700
3900
3700
6700
3800
4000
6200
5100
4900
4500
4900
4500
4600
4600
4800
31500
4800
4600
5300
5000
5400
5100
4900
35500
5100
8100
5100
5400
6400
5200
6400
5700
6900
5800
5500
5700
6100
5700
5600
6500
5800
6500
6500
5500
5300
8400
5600
5500
5400
5700
5700
5500
5900
5900
62100
3800
3600
3400
4600
4000
3600
3900
3700
3800
3700
4000
5500
4700
8100
4600
4700
4500
4600
4500
4700
4500
4800
4800
5100
5000
5300
4900
5100
26400
5000
5100
5200
5000
5700
5300
5900
5400
8400
5600
5600
5500
5800
5700
6000
6500
5600
6300
6400
9700
5700
6400
5900
5800
6200
5600
5700
31800
5900
5700
46000
3700
3500
4100
4500
4100
3800
3700
3700
3800
3700
4000
6300
5100
4800
5900
4900
4600
5100
7500
4700
4700
4500
4800
5300
4900
5400
5200
6000
24700
5200
5200
5300
5200
5500
5400
6100
6100
5400
5600
5700
8400
6800
8200
8000
9900
9500
10500
9700
7000
5800
7200
9200
9200
6700
5800
5700
30200
9200
6100
48200
3800
3600
3700
4000
3600
3900
4300
4000
3800
3700
4000
