44500
8400
4100
1511600
19400
9600
5300
5000
5000
5000
5800
5600
117800
66000
9600
83400
17800
11900
9300
10200
130800
12400
10100
46900
15100
53000
13000
57700
11800
140600
143500
14300
13700
12300
13300
12500
65300
14800
14200
17400
17200
58600
15400
15400
15900
92500
15800
15500
113200
131300
17900
17700
18000
17900
194300
19600
18600
18600
207200
18900
11300
16900
4700
7500
5800
5600
5800
5500
34700
6300
7000
6600
64600
41300
8500
57400
10600
8700
8400
10300
93100
9800
10100
47400
14700
44200
14600
51500
12200
101600
118900
14000
63800
17100
17500
18000
93100
18100
17600
20800
17200
50600
26800
15200
15800
70900
16000
15200
118500
112500
17600
19400
17600
17500
161000
20900
17800
19500
130600
22400
6000
11500
4600
7100
6500
5100
5600
7300
15600
6900
6000
7300
26100
25300
8300
32200
9900
11300
14900
8700
46900
47200
9800
10000
13900
37100
12400
35400
11600
78100
85200
13300
12700
12000
12400
12700
44300
13800
14200
15800
15900
50400
14700
15200
15300
55500
15800
15200
82300
98300
17300
17100
17000
20300
116700
18000
17800
18100
107900
22900
11900
15200
5200
6700
5900
5100
5300
5500
26100
5800
6300
6200
18200
7900
18600
37100
9900
10100
9600
8500
8800
9100
18900
11000
48900
51000
30000
39100
15200
37700
11900
13900
53600
12300
12700
25600
46300
13900
14500
16100
15900
36900
14700
15000
15900
51200
15700
16400
71600
90900
21800
17800
17700
18600
109000
18300
18600
18500
102200
19100
13600
4600
5300
6600
5500
5200
5400
5600
5700
6100
6300
6400
21000
7600
47600
20300
10500
10200
9400
9000
9500
9300
9800
9400
28400
26000
11100
31100
13500
11900
11900
13200
47600
12400
12300
22200
16900
36000
15800
40800
14300
53600
61800
16900
15500
16100
15400
16000
48600
55100
17300
17600
17400
18500
75400
18300
18400
24500
95300
8800
3300
9200
2700
3400
3000
2700
2600
2500
17900
2600
3100
3000
12000
6300
3900
22600
5800
5400
9300
4500
23000
24600
4300
5600
29700
26000
22600
28200
7100
18400
5300
6600
41200
5800
5700
36400
11100
18300
8100
20600
6600
58700
50600
8300
7300
6800
6900
7100
23200
8400
8700
10000
11100
20800
7900
8100
8300
30200
8300
12000
8500
6200
5400
9400
5700
5400
5600
5600
5400
5900
5500
6400
7700
6500
6900
6600
6700
7100
6700
6900
107500
21100
13700
13600
17000
14700
18900
16100
14200
14500
15700
14800
15400
14900
126900
15100
26000
70800
15500
16000
15800
69500
15800
15800
16900
16200
16400
16700
234300
8700
9600
14100
20200
8000
8300
8300
11100
8300
54300
8300
17700
11800
12100
11300
11800
11400
11800
13100
12000
11600
12000
11600
13600
13300
13000
13100
12900
13200
13100
13200
34300
10300
7100
7600
13600
8200
8300
9600
8700
8300
10300
8500
9500
8700
40200
8300
11200
39100
9100
13200
9400
26900
9900
9200
10600
9500
9400
9300
59700
8100
13100
12800
18200
8200
8300
8300
11100
8100
29500
7900
9200
5800
5500
5600
6100
5400
5600
5800
5700
5500
5900
7000
23000
7300
6600
7300
6900
6800
7200
6800
6900
7100
11300
7000
9900
8200
8000
9500
8500
8300
9200
12200
9400
8500
41800
8500
10100
31200
13000
9300
9300
26900
9100
9200
10400
9500
9100
10500
55000
7800
10100
12400
17600
7800
8300
7900
14100
8200
24400
8000
8700
6400
5500
5600
5400
6000
5500
5800
30200
5800
5800
5800
7300
6700
7200
6700
10900
7300
7100
7400
6800
7200
6900
7200
9400
9400
8100
8200
8500
8300
8000
9000
23000
9900
8500
9100
14900
26800
9500
9000
9800
27300
9100
9500
10700
9200
9400
9300
53700
8000
9500
12100
21100
8000
8200
8000
10000
9400
24500
10100
8200
5900
5600
5400
5600
5400
6000
5600
5600
5500
5800
5700
6900
7000
7000
6600
10800
23600
6900
7100
7300
7000
6800
7200
8700
7900
8000
8100
8500
8100
8100
8300
23500
9700
31000
8600
14900
15900
13800
10500
9000
9400
11800
9400
10400
9300
37700
9200
54700
7900
14000
12500
17500
8300
7700
8300
9700
8300
25100
8300
8500
16500
5600
5400
5500
5500
5600
5500
6000
5600
8500
7500
7400
7900
7800
27800
9400
30800
6800
7900
7100
7600
8000
7200
9500
9400
9100
8000
9300
9200
9100
8000
28100
11500
8500
8400
10800
9300
9500
11200
9100
9400
10900
9200
10900
9200
41400
9300
65900
14400
12300
8200
8100
22100
8100
8100
9600
8400
7900
8500
8800
5800
6100
6200
5800
5500
5900
5600
6300
6800
5800
6000
9400
7000
23400
6800
7500
8000
8000
7100
7200
8600
7100
7200
9800
8700
8300
9600
8400
8700
9700
10000
8700
14100
8700
8600
10900
29400
32500
11200
9300
9700
11600
9400
9800
11200
13600
11400
57900
8700
10300
9000
8700
8600
8200
8600
8400
16100
8500
8300
7800
5700
6500
5800
6300
5500
9700
5600
6200
5900
6000
5900
7500
6700
17100
6800
7600
8000
8100
7100
7100
8200
8600
7300
9000
8300
9100
13500
9700
8700
9800
10000
8400
10200
8500
8600
10800
29300
33300
11800
9700
13400
11500
9600
9900
11400
9400
12300
56800
8500
10300
8500
8200
8600
8100
8300
8600
19800
9000
9800
8100
6000
6100
5500
6100
5500
6300
5600
5700
5800
6100
6100
8600
16700
7900
8400
7100
7200
7400
6900
10900
8300
7500
7100
9200
8400
8600
9600
8900
8500
9900
10000
8600
10100
8400
8500
10500
33500
31500
11000
9400
9200
12300
9400
9400
11400
9500
11800
60400
8500
10200
8300
8700
8200
8400
8400
8700
15000
8600
8500
7600
5900
6700
5600
6400
6100
5600
5600
5500
5900
5700
5900
8700
11100
8300
8000
7200
7400
8800
7100
6900
8800
7300
7400
8900
8400
18700
8600
8400
9900
10700
8700
12400
10100
8700
8500
10600
29200
32300
9300
9500
9200
29700
9300
9500
15800
9600
11600
58300
8600
10600
8200
8500
14200
11600
9100
8800
15200
8600
8500
7100
5900
7000
5500
6500
5500
9500
5600
5500
5900
5700
6300
8400
27800
8300
7800
7200
6900
7600
7000
6800
8200
7200
7000
9200
8800
34900
8600
9900
10000
10000
9400
8400
10100
8600
8600
13300
12200
9300
11000
9700
9300
14800
11600
9400
11700
9700
31800
54600
8100
11000
8100
8600
8100
8600
8200
8700
18800
8500
8600
8700
5900
6100
5500
6000
5800
5600
5500
5800
5800
5600
5800
8200
6800
8200
7700
7200
6800
7100
7200
7100
8000
7000
15200
44100
18700
42400
18000
16200
24700
26600
16800
18000
24200
14400
17500
19400
16900
24900
21600
17500
15200
13700
16500
11100
11100
9700
9300
52300
16000
16300
8300
8400
8300
15100
9000
8700
11700
9800
10700
17900
33500
6200
8500
8600
8000
7000
6000
6200
8000
6600
6400
9200
7500
9200
8800
9300
11300
11500
17700
11300
18900
7100
9300
12700
8400
26000
8500
8800
8300
8600
10100
10600
8600
8500
10300
13000
15800
9700
9500
26100
11600
9400
10400
9200
9300
9600
11000
53800
8400
8300
10300
14500
8500
8300
8500
8200
16300
8800
8600
8400
5500
6400
5900
5500
18900
5800
7100
6400
5700
5800
5800
8400
6800
8200
11500
6900
7000
7000
8400
7400
6800
7100
8100
8900
8500
21600
8400
8400
8400
8500
9700
10200
10200
12500
9900
12900
10700
10100
9300
25800
11100
9700
9300
9700
9400
13800
14300
84100
8700
8300
8200
10300
8500
8900
8300
8400
16200
8200
8700
9100
5500
6400
5700
7200
5900
5400
5800
5700
6100
5800
6000
12600
21000
6800
7000
7300
7900
7200
7000
7100
8500
8500
7100
8900
8600
21200
10200
8500
8700
8400
14300
11300
8500
9800
11100
14600
11700
10100
10500
27600
12200
10400
13800
9600
9600
9500
12400
55500
9000
8100
8500
10100
8900
8300
8600
8200
16300
8300
8200
9200
5400
12300
10400
23600
5000
4700
5200
4900
5800
7200
7100
10100
21500
5500
5100
5300
6000
5200
5700
5200
6200
6100
5500
13300
5900
7600
6000
5800
5800
6800
8000
6100
5800
5900
7100
8900
7100
6000
5900
25600
7100
6000
6600
6000
6000
6000
7400
48300
4200
4000
3800
5700
4100
4100
3800
4200
16100
3900
4200
7100
4600
5600
4600
4800
5200
4600
4900
4800
4900
4700
4900
7300
19900
6300
19200
5200
6100
5200
9500
5300
6700
6400
5500
7000
5700
7600
5800
5700
5800
5600
7600
5800
5800
5900
7000
6900
9700
18700
5800
5800
5700
6000
7600
7400
6500
5700
8000
50400
3800
4000
3600
9800
3900
4000
3700
4100
11200
3900
4100
8900
4900
5100
6400
4800
4600
4900
4600
5400
4900
4700
4900
5900
17500
5100
9600
5100
6600
5100
5400
5400
5700
6000
5400
6800
5600
7100
5600
5800
5800
5600
7200
5800
5800
5800
10900
6600
5800
19500
26000
5900
5900
5700
7300
7100
5900
5800
7200
53400
5500
3800
4000
12200
5300
3900
4100
3900
4100
4000
13400
6900
4700
5500
4600
4700
4500
4700
4600
4700
4600
6000
5400
6000
5000
6100
5200
5100
9400
5200
5300
6300
5300
5200
5300
7500
5600
5700
5500
5900
5800
5800
5900
5800
7300
6700
5800
7700
9600
5700
5900
5900
7300
5900
7200
7300
7200
36700
7200
47500
4000
9900
4400
4000
3900
10000
4300
3900
5900
4300
4000
7800
5200
4900
4700
4800
5200
4700
4600
5000
5500
5000
4900
5500
5400
6000
9300
5200
5100
5100
5300
6200
5200
5300
5200
7100
5700
5600
5500
5700
5800
5900
5800
5800
5800
5800
6400
10700
5700
5400
5700
5700
7000
5900
7000
7500
7100
35800
7200
48400
8100
5600
3900
3900
3800
9700
4200
3900
5700
4300
3900
7800
5100
4800
4600
4800
4600
4700
4600
4900
5300
6200
5000
6000
5000
10200
5700
5100
5300
5100
5300
5300
5100
6600
5500
7100
5600
5600
5500
5700
5700
6300
5800
5700
5800
5800
5700
10600
5800
5400
5700
5700
6900
5900
7200
7200
7400
34800
7300
50900
3800
5700
3700
3800
3700
9600
4000
3800
5700
4100
3800
6500
5100
5000
4800
4600
4600
4700
4600
4800
5000
5200
4900
5300
9200
6200
5200
5300
5800
5200
5300
5200
5400
6500
5300
6400
5700
7100
5800
5900
5600
5900
5900
7000
6000
9800
5800
6600
5800
5500
5800
5800
7000
6400
7100
7200
7300
35200
7400
52400
3800
6000
3800
5100
3800
9600
4000
3700
5700
4100
3800
6800
5400
5300
4700
4800
4600
4700
4800
4800
5500
9700
4900
5400
5200
6900
5200
5400
5400
6900
6900
5300
5500
6800
6400
6000
5700
7000
5900
6000
5700
5900
5700
11600
5800
6100
34200
8200
5900
5700
5800
5900
5800
5900
6000
6400
5900
6100
9800
48400
3700
5900
3800
3700
4000
9500
3900
3900
5700
4100
3800
6700
5100
5100
5000
4700
4900
4700
4900
4900
5100
9300
4800
5500
5200
6100
5100
5300
5300
5100
5800
5200
5800
6500
5300
5900
5700
6800
5900
5900
5700
5900
5800
11300
6100
6000
5700
7800
5700
5800
5700
6000
5700
5900
7100
5700
5600
6200
5900
46700
13300
3600
3900
3700
5500
4000
6000
10200
5600
15700
5400
6800
4700
4800
4600
4900
4700
4500
5200
4700
4900
4600
4800
5600
5000
10600
6600
5100
6200
5100
6300
5100
6800
6400
5300
8500
5600
7500
6900
7700
7600
26600
6900
6800
6900
5700
10400
24700
6800
7000
5800
5900
5800
6900
5900
5800
5900
5900
6000
48500
16000
4100
3800
12400
5600
4000
5500
4500
4200
4300
4000
6800
4500
5300
4500
4700
4800
4600
5600
9400
4800
4800
4700
5700
5100
5700
5000
5200
5100
5200
5500
5300
6000
5200
5400
6000
5600
7100
5600
6900
6500
27900
5700
5600
7300
5900
5800
26900
6800
7100
5500
5700
5800
6900
6300
6000
5600
9800
6000
50300
9800
3600
3800
11800
5800
4100
5500
4000
4100
4100
4100
6100
4700
4500
4500
4800
4700
9000
5000
5200
5500
4600
4900
6000
5100
5300
5200
5100
5300
5600
6000
5300
5200
5400
5200
6200
5500
6900
5700
7100
10600
26900
5700
6200
6600
5700
5900
24200
6700
6800
7200
5900
5900
6800
9700
5700
5700
5900
5900
48400
9300
3800
3600
15100
5400
3900
5500
4000
4100
4100
4000
6000
4700
4600
9000
4600
4800
5300
5200
5200
4900
4600
4800
6200
5200
5400
5200
5200
8400
5300
6300
5400
5200
5300
5200
6000
5700
6700
9800
5700
27900
6500
5600
5800
6900
5900
5900
38900
6900
6700
5800
5700
5500
10900
5800
5800
5800
5700
5900
51700
9100
3900
3600
11100
5200
4000
5800
4200
3900
4700
3900
10200
4600
4700
4400
4600
4900
4600
5400
10800
4900
5400
4700
6200
5300
6800
5100
5400
5100
5200
6100
5300
5300
5200
5400
5900
9700
6700
5800
5600
5800
5800
6300
5700
7100
21800
5800
6700
5600
7200
5700
7200
10800
23400
5800
5900
5800
5800
6100
47900
9100
4000
3800
11100
5400
4000
5700
4300
8700
4100
4100
5900
6000
4700
4500
4700
4700
4800
5300
5100
4900
4700
4800
6200
5300
5200
5300
5400
5100
5300
6100
20100
9500
6900
5400
6100
5600
6800
5700
5500
5800
5800
5900
6200
11500
8900
5900
6300
5600
7000
5700
11000
7600
23600
5800
5800
5700
5900
5900
66100
5600
5500
4000
3900
4100
9800
3900
4200
11700
4200
4000
6900
4900
4800
4600
4800
4800
4900
4700
5000
4800
5500
5200
19700
5100
5300
5300
5100
5200
5200
5300
25800
5100
9500
6300
6100
6500
5800
5600
5800
6600
5800
6100
5600
5900
5900
5900
8000
5700
5800
5800
5700
11200
5700
5700
5800
7100
6000
5900
46200
8200
3900
4500
3800
3900
6200
3900
9700
12300
5700
9500
6300
4900
5000
5000
4800
4600
5300
4700
5000
5000
8100
7800
18600
4900
5200
5000
5100
4900
5000
5300
23800
9200
5400
6000
8200
6600
5500
5600
5700
6700
5900
5600
5700
5800
5700
5700
7500
5700
6100
9600
5500
6700
6000
5700
5600
7000
6000
5600
48600
7900
4000
3800
3900
3800
6000
4000
9500
11700
10500
5500
6800
5000
5000
4900
4600
4700
4700
4700
5500
4700
4800
6100
5500
5200
5100
5200
5300
25000
5300
22300
5100
5300
6100
5200
6100
6500
5500
5700
5600
6600
5900
5600
5700
5800
5700
6100
7700
5600
9900
6000
6600
6800
5800
5800
5600
7000
5700
5800
47900
8000
3900
3800
3900
3600
5700
3900
9400
16000
5800
5300
6500
5200
5000
5700
4800
4800
4600
4900
5200
4800
4900
4800
5300
5200
5100
5200
5200
5100
5300
5100
5300
9400
6100
5400
18800
5500
5700
5600
5800
5600
5800
5600
23800
5800
5900
7000
7700
9500
7300
5600
5600
7200
5800
6100
5600
7100
5700
5800
46900
7500
3800
3700
3800
3600
5700
3900
13900
11800
5300
5600
6300
5500
5100
5200
4600
5300
4900
4800
5200
4800
4800
4900
5200
5600
5500
5600
5400
5100
5400
6600
5300
6600
19600
5300
21300
6500
6500
6600
5600
6600
6700
6800
25500
5800
6900
7800
11500
6800
5900
5700
5800
6900
5800
6000
5800
6600
5900
5900
46600
7900
3900
3800
3900
3700
5500
7800
9600
11500
5200
5000
9400
7400
8500
7700
8200
8200
8000
8800
12000
8100
8400
8100
8800
9000
9000
8800
8700
9000
15400
8700
8500
9400
10200
42200
20000
5900
5600
5800
24600
5800
6000
6100
24900
11000
6000
7000
6600
6800
17000
5700
5900
6600
5900
6000
6600
8200
5900
5800
55300
3900
3900
4000
5700
5000
4000
3900
3800
5200
4300
4000
7100
4900
4700
4600
5300
4600
4900
5200
5800
5500
4900
5500
5600
5100
5300
5700
5100
9600
6000
5300
5200
5200
5900
5300
6300
5500
5600
5700
5700
5600
5800
5700
32400
6900
5900
5800
10500
5900
5700
6400
5800
6700
5800
5900
6900
6000
6800
6700
137800
4400
3900
3700
4100
6700
11900
4100
4100
4100
4000
5200
6500
5400
4800
4600
4700
4600
5500
4900
4700
5100
4800
4900
5600
5000
5200
5700
5100
5300
5100
5000
9200
5200
6400
5500
6100
5600
5500
5700
6200
5500
5500
5700
29200
6700
6100
5900
6500
5700
9600
5500
5700
6800
5900
5700
8400
5900
6800
5800
94100
4200
3700
3900
3700
4000
5000
4000
3900
3900
8100
5200
6500
5200
4800
4500
4800
4500
5100
4800
4800
5100
4800
4900
5500
5100
5300
5100
5300
5300
5200
5200
6000
5900
5400
9300
6200
5600
5500
5700
5600
5700
6100
7700
28000
12600
10500
5900
6600
5600
5600
5500
5300
11000
5800
5600
6600
5900
6800
5900
64200
4300
3600
4300
3600
4000
5000
3900
3900
3900
4000
5000
6900
14900
4800
8000
7300
6900
7100
7100
7100
7900
4700
7600
5500
5200
5200
4900
5300
6600
5100
5200
5600
5800
5400
5000
6300
5500
10000
6400
5800
5800
5500
28900
6200
5900
6400
5900
6600
5600
5700
5600
5400
6700
5500
14800
6700
5900
6700
6000
46400
3800
3600
4200
3600
3900
4800
3800
3800
3900
3900
5000
7300
4900
4800
4500
8900
4800
4900
6200
4700
5400
4900
7200
8500
7300
7400
20000
7500
7300
8400
5500
8600
10500
13200
6300
6800
6200
5900
6900
6700
6000
6100
6300
8600
5900
9500
6200
6900
6000
6300
6100
6100
10800
6900
6200
30400
7500
6300
6500
52500
4200
4400
4000
3800
4800
5600
4100
3900
4100
4000
6100
12500
5200
5100
4900
5000
4900
5200
5300
4900
5500
5100
4900
5700
5400
5400
5500
5600
5600
5600
5400
6200
6400
5700
5900
6300
11800
6100
6900
6000
6200
6100
6200
6000
6000
7100
7100
6800
6200
6200
6200
6100
5900
6200
6200
35200
7600
6900
7900
50600
3700
3800
3600
3800
5000
3700
3900
5000
3900
5800
4700
9700
5400
4800
5100
4900
5100
4900
5200
8000
5100
10200
5100
5900
5500
5600
6000
26700
5800
5300
5100
5300
5600
5200
5800
6200
6400
8000
5800
5600
5700
11100
5600
5900
6100
6700
5900
6500
5600
6300
5600
5800
6900
5900
6000
5900
5600
6800
5900
50800
3800
4000
5100
5000
3800
4000
3900
4000
3900
5700
14100
7200
5000
4900
4500
4900
4900
4500
4600
4600
4900
4900
4600
10000
5800
5100
5600
23300
5200
6200
5900
5100
5900
5900
5200
6200
6400
5400
5600
5700
5700
5700
5700
10000
5900
6900
6100
6900
5600
5500
5500
5700
6900
5800
5600
5600
5800
6500
5900
48200
8100
3700
5000
5000
3700
3600
3800
3700
3900
3800
13600
7300
4800
5000
5500
4800
5100
4700
4800
22600
4800
5600
4700
9600
12400
5300
5600
5500
5400
5600
5400
6400
5800
6300
5600
6600
6800
6000
5700
5600
5500
5800
5600
5700
5700
8200
6800
8500
5400
6400
8000
6600
7500
7600
6000
5700
6700
7600
6800
48400
4600
3700
9200
5000
3900
3800
3900
3700
3900
3800
12900
6800
4700
4700
4600
4600
4800
5300
4700
4800
4500
5200
4700
5200
5100
5100
5000
9600
5000
5200
5000
5900
5600
5900
5200
7000
5500
5700
6600
24800
5800
5900
5800
5600
6600
5800
9800
6700
5600
5700
5600
5500
6700
5700
5700
5700
6200
6500
5900
46700
3600
3800
4900
10100
3800
4000
3700
3800
3600
4000
12800
6700
4600
5100
4800
4400
4900
4600
4700
5300
4700
4900
4600
5300
5000
4900
5300
5000
5200
9200
5000
5900
5700
17100
5800
6400
6100
6100
6800
25300
6100
6100
6300
8400
6600
5800
5900
10300
6600
5900
5700
5500
6300
6000
5800
5800
5800
6900
6200
47900
3600
3600
4900
4900
4000
9800
3900
4200
3700
4000
12900
6300
4700
4900
4700
4800
5000
4600
6200
4600
5000
5200
4800
5300
4900
5100
5300
5100
5500
46700
5200
6500
5400
5900
5400
5900
5700
5700
6400
23200
5700
5800
5700
5900
6500
5800
5900
10300
6500
5600
5600
5600
5700
5800
5700
5800
5700
6800
5600
120500
4000
3700
3700
3800
4900
3800
7900
3900
3800
5100
3800
6900
9200
4500
4700
4600
4700
4500
4700
12100
7100
5300
4800
5400
5400
5000
5100
5200
5900
5200
5500
5600
5400
5000
5500
6700
5700
9800
6500
6300
5500
6700
5800
6000
5900
5800
5800
7000
5700
5600
5900
5900
5700
6600
6500
5900
9800
6800
6100
93600
9100
3800
5000
3700
4100
3700
4100
5100
3900
4100
3800
6500
4500
4700
4900
4600
4800
4500
4800
4500
8800
4700
5200
6100
5200
4800
5100
4900
5200
4900
5600
5800
5300
4900
5300
6400
5600
5600
6400
5500
5600
6700
9800
5900
5500
5700
5700
6600
5700
5600
5700
5400
5700
6600
5700
5900
6100
7300
5900
72800
3800
4000
5400
3900
4300
4000
4300
5300
4100
4300
4000
6800
4700
5100
4500
4600
4900
4500
4800
4500
4800
4600
5200
5400
4900
5000
4900
8900
5200
5000
5200
5000
5800
5800
5500
6500
5700
5600
6400
5500
5600
6200
5800
6400
5500
5600
5800
10600
5600
5500
7000
5500
5600
6400
5800
5800
5500
6700
5500
46200
8900
3900
5400
3800
3900
3700
3700
5000
3800
4700
4100
6700
4400
4900
4500
4600
4500
4600
4800
4500
4900
4700
5500
5400
4800
5100
4900
5200
5200
5000
5200
5200
5900
10000
5500
6200
5400
5600
5800
5700
5600
5700
6900
7700
5800
6200
6000
6500
5600
5700
5400
5500
9500
6400
5700
5700
5400
6900
5600
45900
3700
3400
4600
3800
3600
4300
3800
4900
3900
3700
3900
5600
4500
8800
4800
12700
4900
5200
4700
6500
4900
5100
5700
5700
5200
5500
5300
5800
5300
7000
4900
5200
5900
5900
5200
7100
5600
5600
9700
5800
5700
5700
6400
6400
6100
5500
6200
7200
5800
5400
6800
5500
5800
11700
26100
6500
10600
6000
6200
50400
3600
3500
4700
3800
3500
3800
4400
4800
4400
3700
3900
5900
4400
4700
4400
4500
4300
4600
4300
5200
4400
8900
5200
5000
6200
5200
4800
14400
4900
5100
13400
5500
6100
6100
5400
6200
6100
5900
5700
5900
6200
6000
6700
14100
5700
5400
5600
10100
5600
5700
18700
5800
6000
6800
6500
6100
6000
8700
5600
48100
8000
3500
3900
3500
3900
4800
3700
3900
3700
5100
3900
