49600
8100
1500
1200
1000
1000
1000
1000
1000
1000
1400
2700
1000
1100
1000
1600
1100
1100
1000
1100
1700
1100
1100
1000
1000
1200
900
1000
1000
900
1300
900
900
800
800
1400
900
800
900
800
9800
1100
1000
1000
1100
1000
1000
1200
900
1000
1300
1000
1200
1000
1000
1200
1000
1200
1100
1100
1400
1100
1200
900
1100
1000
1000
900
1300
1000
1300
1000
6500
1300
1100
1400
1100
1300
1000
1100
1400
1100
1000
1000
1000
1000
1100
1000
1100
1100
1300
1100
1100
1100
1200
1500
1100
1100
1000
1100
1400
1200
1000
1000
1000
1100
1000
900
900
1000
1300
1100
1100
1000
4100
1200
1000
1000
1100
1000
9500
900
700
600
900
700
900
600
600
1200
600
600
500
700
600
600
600
600
600
700
1300
600
600
600
4900
700
600
600
600
1200
600
600
800
600
600
500
500
700
500
600
900
700
600
800
500
600
600
600
800
1100
600
600
600
500
500
800
600
500
600
600
700
800
600
1300
700
600
600
600
600
1100
500
600
600
600
500
600
600
500
700
600
700
600
600
500
600
600
600
800
600
1100
600
500
600
500
700
600
600
600
700
500
700
600
600
500
600
600
900
600
600
2300
600
600
600
600
500
600
600
600
600
600
4600
1700
1100
1100
1100
1100
1100
1100
1000
1000
1100
1300
1000
1100
1100
1000
1000
1100
1000
1000
1700
1100
1000
1100
1000
1000
1100
1000
1100
1100
1300
1100
1000
1000
1000
1000
1000
1100
1000
1000
1400
1400
1000
1000
1000
1000
1000
1200
1000
1100
1100
1000
1000
1300
1000
1100
1000
900
1000
900
1200
900
1000
1900
6800
1100
1800
1000
1000
1000
900
1000
1000
1000
1100
1000
1200
1000
1000
1000
1400
1000
900
1000
1100
1000
1000
1000
1000
900
1000
1000
1100
900
800
1000
1000
1000
1000
1100
1200
1100
1100
1100
900
1100
900
1000
1000
1100
1000
1200
1000
1000
1000
900
1000
1200
900
1000
3500
900
600
600
700
700
600
700
700
600
600
600
800
600
600
600
600
600
800
600
1000
600
600
800
600
600
700
700
700
900
600
600
600
500
600
800
700
600
700
600
1000
600
700
600
600
600
800
700
600
600
600
700
800
700
700
700
700
600
700
600
700
700
600
900
600
700
600
600
600
800
600
600
600
600
600
600
600
600
600
600
800
800
600
1400
600
700
600
800
600
600
600
700
5700
700
600
600
700
600
700
500
700
600
700
700
900
600
600
600
600
700
800
600
700
700
600
600
700
1300
700
700
5900
1300
1200
1400
1500
1100
9200
1100
1100
1200
1100
1100
1300
1000
1000
900
1000
1000
1100
1000
1500
1000
1000
1000
1200
1100
1000
1000
1000
1000
1200
1100
900
900
1000
1000
1300
900
1100
1100
2000
1000
1100
1000
1000
1100
1000
1000
1300
1000
1000
1100
7800
1700
1300
1100
700
700
600
1300
1100
700
600
600
600
700
1000
700
900
1100
1100
1500
900
1000
1100
1000
1000
1000
2000
17400
2400
1200
1000
1100
1100
2400
1100
1100
1000
1100
1000
1100
1100
1100
2000
1100
1200
8900
1100
1100
1200
1100
1100
1300
1000
1100
1000
900
1100
1400
1100
1100
1000
1100
1100
1200
1100
1100
1100
1000
4900
1200
1000
900
900
900
1000
1500
1100
1200
1000
1100
900
900
900
1000
1000
8200
1200
1200
1600
1100
1300
1000
1000
1100
1100
1000
1300
1000
1200
1200
1200
1000
1200
1200
900
1000
1000
1100
1600
1000
4200
1200
1000
1000
1300
1100
1000
1200
1100
1000
1300
1000
1000
1000
1000
1100
1400
1100
1700
1100
3100
1100
1400
1100
1000
1100
1200
1100
1400
1300
1100
1000
1000
1200
1100
2500
1100
1000
1700
1300
1200
1100
1000
1100
1000
1300
1000
1200
1100
1100
1100
1300
1000
1000
1200
1100
1100
1400
1200
1000
1100
1100
1300
1200
1000
1000
1000
1100
1100
1300
1100
1000
1000
1000
1700
1100
1100
1200
9100
900
700
600
600
600
900
600
600
600
600
600
1100
600
600
700
600
600
600
600
1200
700
600
900
700
600
2100
700
600
900
700
600
700
700
700
1900
600
600
700
600
1000
1800
700
700
700
700
700
1000
800
700
700
600
700
900
700
600
700
700
700
1400
900
800
1100
1800
700
1000
600
600
600
600
600
800
800
1000
800
700
900
700
600
700
1000
600
900
600
600
600
700
700
900
600
600
600
600
600
800
700
700
700
600
900
900
700
700
600
600
600
700
700
700
800
600
600
600
600
700
800
700
600
600
600
2900
900
700
1600
600
1000
700
600
700
700
800
700
600
600
600
600
700
700
600
1400
1200
800
600
600
700
600
700
800
600
600
600
700
600
800
700
600
700
600
600
600
1000
600
700
600
600
800
600
600
600
600
700
700
600
600
600
600
900
700
600
600
1000
700
800
700
700
600
600
1000
700
700
600
600
600
800
600
600
700
600
600
900
800
700
600
600
700
500
700
600
600
600
5600
700
700
700
700
700
1200
700
600
700
800
600
800
600
800
600
600
700
900
600
700
600
600
700
700
600
600
600
700
800
3900
1000
1000
700
600
600
800
1400
700
600
600
600
900
600
600
600
700
700
1100
600
1600
700
600
5000
800
600
700
600
600
800
600
700
600
600
600
900
600
700
600
700
1300
800
600
600
600
600
700
900
600
700
600
600
500
900
600
500
600
600
500
900
1200
600
600
600
800
600
700
600
700
600
800
500
600
600
600
600
600
600
600
600
800
800
700
600
600
600
700
1800
700
600
600
600
600
900
600
600
700
500
600
600
1000
700
600
600
800
600
600
600
600
600
900
700
700
600
700
600
700
600
700
600
11100
6200
1100
1500
700
900
700
600
600
600
600
800
600
600
600
600
600
800
600
600
1100
600
600
700
700
700
600
600
500
600
600
500
11800
800
700
700
600
600
600
900
1100
600
600
500
600
600
500
600
600
600
600
600
600
500
600
600
600
800
500
500
1500
900
600
900
700
600
500
500
500
800
600
500
500
600
600
500
600
600
600
600
700
600
600
500
500
600
800
600
600
600
600
600
800
600
600
500
700
600
600
600
900
600
600
900
700
600
600
600
600
900
600
600
600
500
600
5900
700
600
600
600
