23400
1800
1200
1000
1600
1100
1100
1100
2500
1100
1400
1000
1200
1000
1000
1300
1000
1100
1000
1000
1900
1100
1200
1100
1000
1000
1000
1000
1200
1000
1300
1100
900
1200
1000
1200
1000
1000
1200
1000
1300
1100
900
3600
1900
900
1100
1000
1000
2100
1100
900
1100
1000
1000
4400
900
1000
1900
1000
1200
1100
900
1700
1900
1000
1100
1100
900
900
2300
1000
900
900
1000
1200
1000
1200
1000
2300
1100
1000
1000
900
1000
2000
900
900
1100
900
2200
900
1100
1100
1000
2600
1000
1100
1000
1100
2700
1200
1000
1100
1100
1000
900
1000
1100
1100
3000
1100
1100
1100
1100
2500
1000
1000
900
900
11500
5800
1100
700
1100
1400
600
600
800
1100
600
600
600
600
500
600
500
600
600
500
1100
700
700
500
500
600
600
800
600
1000
500
700
600
600
700
600
500
600
600
700
700
600
600
600
900
700
500
700
600
1000
700
900
500
600
700
600
600
3400
600
600
800
500
700
1500
600
500
500
600
600
1100
800
600
700
600
500
500
700
600
600
600
900
800
600
600
1200
500
500
600
600
1000
600
600
600
600
500
800
500
600
600
500
600
500
600
600
600
600
600
600
600
1000
500
600
700
600
600
500
600
500
600
700
3000
900
700
1100
1700
600
600
500
600
600
700
500
600
600
600
700
700
500
600
600
900
500
600
500
600
600
600
800
600
500
500
600
500
800
600
600
600
600
500
600
1100
600
600
600
800
600
600
500
500
600
700
600
600
500
600
600
600
500
500
600
900
600
500
1000
600
600
1300
700
600
500
500
700
500
500
600
500
600
600
600
600
800
600
600
600
600
700
600
500
500
500
600
700
600
600
600
600
600
800
500
500
600
600
600
800
500
600
600
500
600
800
600
600
500
500
700
500
600
600
500
600
3200
1500
1400
1000
1300
1100
1000
1000
1000
1000
1000
1200
1000
1000
1000
900
1000
1200
1000
3100
1300
1000
1300
1000
1100
1000
1000
1100
1000
1000
1100
1000
1000
1100
1000
1000
1000
1000
900
900
1100
1000
900
900
1000
800
1100
1000
900
900
1100
1100
1200
1100
1000
1000
1000
900
1000
1000
1100
1100
1000
1000
900
800
900
1000
1000
1000
5000
1000
900
900
900
1000
1500
900
900
800
1400
1300
1000
1000
1000
900
900
1200
1000
900
1000
1100
1000
1300
900
1000
900
900
1100
1200
1100
1000
900
1000
1000
1200
1000
1100
1000
1000
900
1200
900
1000
1000
1000
1000
1000
900
900
2600
800
600
1000
700
1300
900
600
600
600
600
600
800
600
500
600
600
500
3300
600
800
600
1100
800
900
600
700
500
700
600
800
600
600
600
700
700
800
600
500
600
1000
600
800
700
600
600
700
700
1000
600
600
600
500
600
700
600
600
700
600
500
900
600
600
600
600
500
800
700
600
600
600
700
600
600
600
500
900
900
600
600
600
600
500
600
700
1400
600
600
500
600
800
500
600
600
600
600
1500
600
500
500
600
700
800
600
600
500
500
500
3600
700
700
600
500
600
900
600
600
600
500
500
2900
900
600
600
1000
600
800
600
600
600
600
600
800
600
600
700
500
600
600
600
900
600
600
800
600
500
600
500
500
800
600
600
500
600
600
800
500
500
500
600
1200
800
500
600
500
500
600
500
600
600
1100
1200
3500
600
600
600
600
600
700
500
600
600
600
700
500
600
600
600
600
800
500
600
600
600
500
800
500
2100
700
600
2600
800
700
600
2800
600
600
900
2300
600
600
600
700
2200
600
600
500
600
600
2200
600
600
600
500
600
800
600
1600
500
700
700
1800
600
600
600
1400
1400
600
1400
600
7900
4000
600
600
600
700
500
700
600
600
600
700
600
600
500
500
600
1100
1000
600
800
600
600
700
500
600
500
500
600
800
600
500
600
500
500
600
600
600
500
600
800
600
600
600
500
600
1100
600
600
600
500
500
700
500
500
500
600
600
3400
700
700
600
700
500
900
600
600
600
600
600
800
600
500
600
600
500
600
1500
500
600
800
1100
600
600
600
600
600
800
600
600
500
600
500
800
600
600
700
600
600
600
600
700
600
500
800
600
500
600
500
500
700
600
600
500
600
500
900
500
500
600
3100
600
700
600
900
1300
600
700
1900
600
600
600
600
500
500
500
700
500
600
500
1300
600
3500
1200
600
600
500
600
900
600
600
500
600
600
700
500
600
600
600
800
900
500
600
600
700
800
600
600
500
700
600
500
600
500
600
600
700
600
500
500
900
600
900
600
600
600
600
600
900
600
2200
600
600
600
900
600
500
600
600
600
900
600
600
500
700
700
500
600
600
600
600
800
600
600
600
500
600
800
500
600
1000
600
600
900
600
600
500
600
500
800
600
600
600
600
500
3800
700
600
500
600
3000
900
700
600
600
700
500
600
800
600
600
900
500
600
500
600
600
600
600
600
900
700
900
600
600
600
600
600
600
500
600
600
600
500
800
600
500
500
600
500
900
600
600
600
500
3800
700
600
600
600
600
1000
600
600
600
500
600
500
600
600
700
600
800
600
600
700
600
500
600
500
500
500
500
500
600
500
600
600
600
800
900
500
600
600
600
800
600
600
600
600
500
700
500
500
500
500
600
700
600
500
800
600
600
800
600
600
700
500
500
600
600
600
500
500
600
600
600
500
700
600
3900
1000
700
700
900
700
500
1300
600
900
600
600
600
600
500
800
600
600
700
600
1900
600
600
500
700
700
800
500
1000
600
600
600
800
600
600
500
1400
900
600
500
1100
600
600
800
600
600
600
600
500
900
600
500
500
600
600
500
600
600
600
500
1100
600
500
600
600
600
600
500
500
600
600
800
600
600
500
600
500
600
500
500
1100
600
600
500
500
500
600
600
4000
700
600
600
600
600
800
500
600
500
500
500
1200
600
500
600
500
600
900
500
500
500
600
800
600
500
600
600
500
700
600
600
