51600
6800
4100
1300
900
900
900
1000
1000
900
1300
900
900
1000
8200
1500
1000
3800
1000
1300
3700
1100
1000
900
900
900
800
1000
900
1000
1400
900
900
5800
1000
2000
1100
900
1500
900
1700
1000
900
800
900
1000
1200
1000
1000
800
1200
1100
900
900
1000
1200
1000
1000
900
1000
1200
1200
900
800
1000
900
800
1200
900
800
1100
900
1200
800
900
1100
1100
900
1000
900
1200
900
1000
900
900
900
800
1100
1200
1000
1300
1000
800
1200
1000
1300
900
1000
7100
1000
1400
1100
1100
1000
1000
1000
1000
1000
900
1100
1300
1100
1000
1000
1200
1300
1100
1100
1100
1200
11100
900
1000
700
900
600
600
500
600
1200
600
500
600
600
700
500
600
600
600
600
1100
900
700
700
600
500
600
500
600
1200
800
500
600
600
600
600
800
600
500
600
900
500
4900
700
600
600
600
800
600
1100
700
600
500
500
600
500
500
600
500
600
800
600
600
500
600
600
700
600
600
1200
500
600
500
700
600
600
600
600
700
600
700
600
600
500
600
700
500
600
500
1100
500
600
700
900
800
700
600
600
800
600
700
500
600
500
800
600
500
500
700
1100
600
800
500
1100
700
700
600
5600
600
600
4200
1300
1000
900
1200
1100
900
900
1000
1000
1000
1000
900
1000
1000
900
1000
1000
1100
1000
1300
1000
1100
1100
1000
1000
900
900
800
1100
900
1000
1000
1000
1000
1200
1100
1000
900
900
1400
900
900
1000
1000
1000
6200
900
800
800
900
900
1000
800
900
900
800
900
900
900
900
900
1900
2300
900
900
900
900
900
1200
900
800
900
800
900
900
1000
1000
900
900
1000
1000
1000
1000
1000
900
900
1300
900
800
800
800
900
900
900
900
900
900
1000
900
1000
900
900
900
1000
900
900
900
1100
800
1100
1000
900
900
900
900
1100
1000
900
1000
4300
1000
900
900
1200
1100
1000
900
1200
1000
900
900
900
900
1200
900
800
900
900
900
1500
900
1000
900
900
6900
900
900
900
900
900
1300
900
900
900
900
900
1000
900
900
1200
1000
1000
1200
900
900
800
800
900
900
900
900
900
1000
1200
900
900
900
800
900
1300
1100
1000
1000
1000
1600
1000
1000
1000
900
1000
1300
1100
900
1000
1000
1000
1000
2500
1000
1200
900
900
1000
1000
1000
1000
900
1200
900
1000
900
900
800
1000
900
800
900
900
1000
1300
1000
1000
1000
1100
900
1300
1100
1000
1000
1000
900
1200
1000
900
900
1000
1000
1000
1100
4800
900
1000
600
600
600
600
700
500
500
600
500
600
1300
500
600
700
500
500
500
1700
700
800
600
500
600
500
600
700
600
500
500
600
600
700
500
600
500
600
500
1100
700
600
700
700
600
600
600
500
900
600
600
800
500
600
600
500
600
700
500
600
600
600
600
700
600
500
500
500
600
500
5000
700
600
500
500
600
800
500
600
700
600
600
800
600
500
500
500
600
500
500
1500
600
600
600
700
600
500
600
500
800
900
500
600
600
500
1400
800
500
600
600
500
600
700
500
500
500
600
500
700
3100
900
1000
600
500
500
600
600
1900
600
600
600
600
600
600
600
600
600
800
600
1100
600
600
500
600
600
600
500
600
600
800
600
600
500
600
600
600
600
500
600
600
800
600
500
500
600
500
700
600
500
500
500
600
900
600
600
600
600
600
4800
800
600
600
600
600
900
600
600
600
600
600
700
500
600
500
600
500
800
600
500
800
600
700
600
600
600
600
500
600
800
600
600
500
600
500
700
500
600
500
600
700
900
500
600
600
600
600
800
600
500
500
600
600
500
600
600
600
600
600
800
3700
1000
800
600
700
500
600
700
600
600
600
900
600
600
600
600
600
900
600
600
900
500
600
900
600
600
500
600
600
800
600
600
500
500
600
600
600
600
600
600
1300
700
600
600
600
700
900
600
600
600
500
600
800
500
600
600
500
800
600
600
700
600
600
800
600
600
600
600
1600
900
500
600
600
600
5000
600
600
600
600
500
800
600
600
600
600
600
900
600
600
500
700
800
600
600
600
500
600
700
600
600
600
600
600
800
600
500
500
500
700
600
600
600
600
800
500
600
500
600
600
700
6500
1200
1000
1300
1200
900
1400
1000
1100
1000
1000
1100
1100
1100
1000
1000
1100
7300
1000
1000
1700
800
800
1000
900
900
1000
900
1100
1200
1000
2100
1100
1100
1000
1300
1000
1000
1000
1000
1600
1000
1000
1000
1000
900
1000
1600
900
800
900
1000
1200
1000
1000
1000
1000
1100
900
2600
1500
800
1000
1200
1000
1100
900
900
1000
1100
800
600
600
500
600
800
600
500
600
500
900
700
600
500
500
600
600
800
500
500
600
600
600
900
600
600
600
600
600
700
1100
900
800
600
600
900
600
600
600
500
600
7100
600
600
500
600
800
600
500
600
2800
600
800
600
600
600
600
1400
900
600
900
600
600
600
700
600
600
600
600
800
800
600
700
600
700
800
600
500
600
700
600
900
500
500
600
600
700
500
600
600
800
700
800
600
600
600
600
600
800
500
500
600
600
600
800
600
600
600
500
600
800
600
600
600
600
800
500
600
600
500
600
700
600
600
500
600
600
800
600
500
700
600
600
800
600
500
600
600
600
800
600
600
600
600
700
900
500
500
600
600
900
600
600
500
500
700
5500
600
700
600
600
700
500
600
600
600
600
700
600
600
3400
1000
700
700
600
600
800
600
500
600
600
600
800
700
600
600
600
600
1700
600
1200
600
600
1200
600
600
500
600
500
2300
600
600
500
500
5000
700
600
600
500
600
1400
600
600
600
600
700
700
500
600
600
600
600
800
600
600
500
600
600
600
600
800
600
600
800
600
600
600
500
600
800
700
600
600
600
600
800
500
600
600
500
800
800
600
600
500
600
800
500
600
600
600
600
700
600
600
600
600
600
700
600
700
600
600
600
900
600
600
600
600
500
1100
700
600
600
600
600
700
600
600
600
