1015300
41800
17800
69700
135400
9500
37500
9600
17800
21600
11900
11400
56700
11400
10800
13300
11900
13400
12600
12600
18000
61400
27900
163800
136200
15600
14800
149400
24700
24900
27500
28700
21100
176300
25300
23900
24100
23600
26400
25800
32900
225600
176800
188500
52500
28100
239000
253700
29800
35700
68600
29900
32100
31000
31900
30100
33700
32400
31400
35100
43000
339000
40300
337000
39500
327300
279800
319500
63000
41200
35100
74400
30500
31100
29600
29900
29500
30100
30700
356600
54700
229300
435100
45100
44200
45400
77100
55200
80200
47000
84200
45700
46400
44800
49200
46900
52000
47700
337200
49800
24100
40000
29300
13100
20800
15200
11800
12400
12800
34500
12200
13000
13000
17500
14100
15100
14400
14900
19600
14900
24000
57500
21300
89800
91000
22100
22900
70500
22500
19500
21900
24800
21200
108600
25600
21400
23500
22200
29500
24700
54900
95000
81800
75400
35700
27300
101600
100800
30500
35400
49800
29900
30000
37500
33400
31600
38700
32500
30700
36200
42800
136600
37800
146200
39000
142700
118800
132300
26900
16500
17300
33900
18400
23800
17600
17400
16700
17800
17700
209300
27600
94300
187200
19300
24900
19200
32100
23000
33100
20000
34200
21100
19400
20000
20700
20400
22800
24000
182100
14100
15100
8700
14800
5300
11100
4500
3400
4000
3700
18700
4100
3500
3600
4400
4400
3900
4200
4400
4300
4000
27000
7600
6200
9100
31200
6200
10600
6000
9100
8200
6800
7300
13400
6100
6500
6900
7600
6400
6300
6200
11300
34600
31600
33700
12700
8300
40200
36500
8200
10500
14400
8600
8400
8900
11200
14700
11200
9200
8700
10800
14200
55800
18100
62700
11800
61600
58700
67200
17900
11100
10800
17100
10900
12000
10900
10700
10600
11100
11100
92100
16400
55300
95200
14300
13800
12600
21600
14000
22300
18100
43400
19000
15500
13300
13200
14600
14300
14700
93900
13600
13700
6000
11700
4800
7600
4500
3400
5600
3600
9900
3700
3800
3500
4400
7000
3800
3700
4600
4100
4000
16800
6200
6300
8600
23200
6800
9400
5800
6000
7300
6400
7300
17900
9300
9100
6800
7300
6200
6300
6200
10600
28000
9400
30400
27500
8200
8100
42300
10600
9000
8300
9400
8200
51300
9200
8900
8300
11300
9300
9400
13100
50900
11400
55100
12200
61400
56100
56600
18100
11000
10500
16800
11200
11900
10900
10700
11400
10900
10800
97100
16300
46100
89800
13000
12600
12800
18300
16800
19200
13100
19700
12900
13200
16800
14700
12800
14700
14200
94500
13500
13700
3500
21800
9900
4600
5700
5000
5800
4800
5000
6300
3700
3900
4200
4000
4100
8100
12200
8700
9100
38500
9500
8800
13400
26800
6000
9400
6400
5900
7300
6900
7000
12800
6000
8900
6600
7200
6200
6300
6200
10000
37100
8900
26000
28100
7900
12400
51000
9000
8200
8200
9100
8100
72100
9400
8500
10200
8200
9100
8400
13400
58300
33300
31800
46300
11600
38600
36400
10400
14700
64500
10600
10500
10800
10600
10600
11700
12200
10500
15700
40100
59500
99700
13600
15200
13600
19300
18900
23100
13100
19800
12900
13000
13600
13200
13100
14400
14500
116300
17800
16600
12200
5400
4600
14600
4200
3500
4100
3700
19900
3700
3600
3700
6500
7200
3700
3600
4200
4100
4300
11300
6500
5900
8500
31700
5700
9600
6300
6100
7600
6600
7000
12400
8700
6000
7100
7300
6100
6400
6000
10200
18300
8800
38000
27800
8200
8000
27800
8900
8100
8200
9100
8100
33400
9500
8300
8500
8200
9400
8500
15400
36300
31800
31500
18200
10700
57100
37700
10500
12200
22300
10700
10800
11000
10900
12100
12000
10900
11000
12700
18100
57100
14800
63400
14100
67600
57500
59400
25000
16000
13200
25500
13600
14700
13000
13200
13100
13600
13300
92400
13100
8400
163600
25600
20100
19600
19500
20300
19400
19400
20000
19700
21000
19800
138200
11700
9300
9000
9000
93600
13900
12800
10700
10900
11600
11400
11100
10900
10800
13300
71600
11100
11200
13300
12200
11700
11100
11800
11300
71300
17700
13300
13000
13300
14600
104300
13800
110400
13600
69000
113400
13800
13500
62300
13700
13500
14700
14500
13700
13700
31600
17000
14800
49000
83900
18800
14900
59800
15400
16400
15600
15500
14800
15000
15000
58000
17800
16600
15200
86200
242800
13200
14000
13000
14100
12800
12700
12600
14400
12700
13200
14400
15300
12800
15900
13400
38500
98400
13200
74700
14000
9400
9200
8500
8300
8700
8500
8200
8600
80700
8500
9000
9000
70700
10500
8800
9200
8800
8500
10300
11900
10700
10800
13700
11900
11400
11000
10800
10600
11600
54900
10900
10800
11100
11700
14300
14900
12100
11500
70900
15000
14600
13000
13100
17300
97300
13900
103300
13800
73100
110600
13500
13400
63800
13600
13600
14400
14400
14500
14400
19100
14700
16400
53000
85900
16300
15100
57600
14900
14700
16200
15700
17700
15700
17700
62200
16300
18400
17600
90400
272500
14300
14300
13300
14000
16200
12900
15800
14300
12600
13100
14500
15300
12800
13100
13100
29100
95100
13000
72400
14300
9200
12200
8800
8500
8700
8400
8600
8800
8500
8600
8500
69600
8700
8600
9000
9200
8900
11600
9300
11600
10700
35800
10900
13700
11000
10900
11800
11800
11100
14700
53400
11000
11100
57400
11200
12500
11200
11200
74300
14700
13300
13200
13100
14300
99200
14300
106800
13700
68700
114600
13800
13400
63000
14100
13400
14200
17400
13500
13800
19200
16200
15700
55000
84600
14700
9300
52000
9000
9100
9300
9800
10700
9300
9400
55900
9300
10900
9300
81200
222300
6200
6800
5900
6600
5700
5600
5900
6900
5800
5800
9900
7900
5900
5800
5700
22600
86800
6400
65100
12700
7500
7300
7300
7400
7100
7000
6800
7500
47800
6900
7200
44900
42400
6900
7100
8900
8000
7700
63100
8800
7700
59400
36900
8500
8000
8000
11200
8200
8200
8800
8300
55000
8800
53000
8300
11700
9800
8300
113900
9900
8700
9000
9300
12600
9600
8800
8800
8800
9800
50100
8900
9000
8900
10100
12600
9100
10500
9500
123200
12600
11600
9000
41800
75700
10100
9600
56700
9100
9000
9000
9100
8900
9300
9300
54700
9300
10300
12100
78800
224600
5600
9600
5700
6500
6000
5500
7400
6800
5500
5800
6900
7500
5600
5900
5800
23700
82700
5600
67300
13100
7300
7300
7300
7100
7000
6900
6700
7100
7000
7000
7500
7300
7300
7500
7200
7900
7600
7400
10200
8000
7900
34200
8200
8300
7900
8000
8300
8500
7900
8700
42900
8200
8100
54400
8700
11300
8400
8700
71300
9500
8800
8900
8800
9700
9300
53300
9000
8700
10700
85100
8900
41500
8900
10100
9600
9000
11500
10300
75800
12000
9700
9800
10900
11600
98300
9700
103200
9000
66000
106600
9400
9300
61100
9300
51500
10200
10100
9400
78300
226500
7000
6500
5700
6500
5600
5600
5400
6700
5600
9000
7900
7600
5700
5800
5600
21600
86100
5900
63400
13100
7900
7900
7300
7000
55400
7200
7000
6900
59000
7000
7400
91100
7100
7800
7400
7900
7500
7200
7600
8200
7900
72600
52800
8700
8000
8700
8900
8200
8200
10300
8300
8300
8200
58000
8400
9000
8300
8300
68500
9400
8700
9500
8900
9500
12200
61200
9000
8800
9900
52100
8900
10100
9100
13200
10200
69300
35800
21500
245700
28600
17800
17900
18500
19400
195100
19200
259300
18300
138400
330900
18300
18000
122100
19100
18800
23600
20700
18800
19000
310100
11500
10600
25900
39900
13100
46700
30400
11300
11100
10900
13800
12000
11600
12000
80000
11900
19300
12500
51400
21600
14600
14000
14000
14300
14000
14100
14000
14100
18000
14200
14500
26300
15000
14400
14200
13000
15500
15900
16800
17900
42500
16200
16200
16200
17300
20000
16500
17200
16400
67500
16400
16400
16800
16600
83700
92400
16800
16700
128400
17600
18000
17800
19800
18100
21400
19100
81400
19500
18100
18600
101300
18500
19300
19400
21400
18400
18400
18300
19500
22200
17800
17700
17800
17600
17600
18300
17800
18800
21200
92400
17800
16600
132400
18200
101400
17600
22300
17900
17400
274000
12100
29800
11400
9600
9700
9700
11500
10100
29600
14300
26100
9900
10200
10500
33400
10000
11700
10500
10200
21200
12000
12100
12300
12700
11800
11600
12200
16500
12100
13000
14300
13000
13200
15000
13400
13800
13600
14600
14900
15900
38600
13600
14300
14100
19700
18100
14000
15300
14200
63600
15900
16500
17500
16600
87000
94000
18000
17100
131500
19400
17500
17600
18400
17800
18100
22600
79400
19000
18500
18100
101100
18100
19200
19700
18500
20000
20100
19400
21600
22400
18900
19000
19800
18600
18800
18800
19400
21900
21500
92400
18500
18100
129300
18100
110100
18400
23600
20500
18500
296600
11500
34400
12800
10900
10900
11100
12800
11400
29200
10900
31100
11600
11800
11700
35900
11800
13300
12000
11800
133100
42500
13700
24100
14000
13600
13700
14300
14500
125400
14600
14700
13900
14100
14700
15000
15900
14900
18300
15300
17200
85900
15500
15700
15700
15800
16800
16100
16700
16600
16200
16000
19500
16200
16200
16300
15400
18300
16800
16800
19400
17600
17400
18900
17900
18100
22400
80000
19200
17800
18500
101800
18400
19300
19100
18000
21600
18400
18200
19500
20500
17700
16700
17800
17700
17900
18100
18000
19200
18100
98500
18400
18200
125700
18700
108000
18600
20100
22000
20100
274300
11500
30700
12100
10700
10700
10200
12100
10200
31400
11600
30300
10600
10600
10800
33600
11200
12600
10900
11100
19000
14000
12000
13100
11600
12600
11700
12700
11800
13300
11200
12600
12700
12600
12200
15000
12700
12800
13900
13700
15900
13500
12700
14600
14300
14800
17800
15600
87200
14900
14600
16500
14600
14600
14600
14900
15300
15000
15000
14900
23200
44900
17600
19000
17300
19200
80100
17700
18700
17800
71000
18500
19600
18000
18000
86100
89600
18300
18800
134800
22700
17800
17700
18200
17800
18400
17900
17800
19500
18000
96400
18300
18100
128900
18700
109700
18600
20000
21500
19000
299700
10900
31400
12900
10800
10900
12000
12400
12700
29500
11300
31300
11300
11600
11500
35300
13200
14100
11900
11800
18400
13000
14400
13900
13900
13800
96700
17800
14500
14300
15400
14900
14300
14500
15100
14900
14500
17100
16100
15100
17300
15800
15800
15800
15600
19300
15800
16000
16000
16400
16500
16300
16200
16200
16400
16700
16500
16500
16900
16500
18200
45000
17400
17400
16900
18900
18000
92000
19000
18100
71100
18000
18000
124900
18700
84300
88300
19300
18800
135700
20000
17500
17400
19600
17700
17500
15500
134200
21900
21200
18800
102500
17500
19500
17800
15900
16900
17300
17400
21700
281100
11900
31200
12400
10300
10100
10200
12600
10400
28400
10700
26300
13900
10700
10700
33900
10100
11800
11200
10100
18400
12400
12100
15200
12000
12700
12800
12600
11900
11800
16000
12200
12300
12300
12800
12800
12500
12700
13200
13100
17000
13100
13300
12900
14500
14700
101900
82000
14800
14200
14300
15100
15300
14600
14300
14400
16700
14800
91700
15000
17300
38800
17900
15700
15800
16700
16000
16400
17300
21200
62400
15500
15400
15400
15500
75400
80100
15900
16000
126700
23000
17600
80800
19400
16400
15800
18800
80600
17500
15800
17500
99600
18100
20100
20100
17900
18000
21400
18100
19200
296100
11600
11100
10700
11300
11000
10900
11100
13000
10800
29200
11300
14800
42000
11700
32600
11500
13300
11700
11500
21600
14900
17300
14200
14500
14500
14300
14000
14500
14200
14200
14600
14400
14700
14700
14500
82900
14600
15400
18400
17000
15600
17600
16000
16500
16400
16200
16000
16300
16200
16400
15500
16300
16700
19800
16900
16800
16800
16500
16500
19500
17600
17300
19100
17600
19000
20000
17700
21200
17900
17900
18800
128300
18500
17900
19300
17400
21700
18800
18700
22600
19400
17800
17800
17900
18200
17900
18000
19200
23000
17900
18100
19800
18000
18600
17800
18400
19000
18600
18300
300000
16800
12400
10800
11000
34500
10900
12500
11200
12600
11200
11300
11500
11400
28600
11700
16800
13700
11800
13700
85700
14600
13800
14200
14300
13600
14200
14100
14000
13800
14900
19200
14400
14100
15200
14900
14700
14500
14500
14400
16900
15700
16100
15700
16300
15900
15900
15900
19100
15900
16200
16300
16300
16500
16200
16800
17300
16400
15700
15300
17800
17000
16700
20400
16400
16900
17400
17100
16900
17700
17500
17600
121900
19300
20400
18900
17400
18400
17700
17200
19300
17700
16400
16100
16600
17100
19300
15600
16500
16600
15400
15900
16600
15700
107300
13200
10300
9900
10000
9800
142400
8300
6900
6000
6300
22500
6000
6500
5800
6000
5900
5700
6200
9000
15800
5900
7400
7200
6000
7200
11700
7800
7100
7500
7200
7100
7800
7200
7100
7200
10200
7400
7200
7500
7300
7500
7200
8000
7500
7400
10900
8500
8000
8200
8200
8500
8800
8600
11400
8000
7900
8000
8200
8700
8500
8300
41300
8900
9200
8300
12700
8900
9000
9900
8900
8900
9600
9500
9300
9200
9500
9800
64400
10600
9200
10000
9700
9300
9300
9500
10800
12700
14200
18000
12100
8900
8800
8900
9900
10000
9600
8900
9900
9500
8900
9100
9500
9300
9100
9500
129900
7800
6300
5600
5500
17900
5500
6400
5300
8800
5700
5600
5700
5500
15600
5800
6600
7100
5900
6700
11700
7100
6900
7000
7200
9500
7400
7100
6800
7100
7100
7100
7000
7100
9100
7500
7100
7700
7600
7400
8500
8200
7900
7900
10500
8300
8100
9700
8600
8000
7900
8100
8600
8400
8400
62500
40400
8100
8500
8200
9600
8600
9700
8700
9400
8800
11300
9300
8900
8800
8900
8900
8900
9000
9100
9000
8900
9100
9200
9100
14200
9800
8700
8800
9300
8700
8800
9200
9700
9600
9400
9000
10000
10500
10000
10000
10000
10000
10000
9900
132000
9300
7000
6300
5500
21300
5600
6200
5500
5600
5700
6700
5900
5700
14900
5800
6700
7000
5600
7000
14200
7000
6700
7300
7300
6900
7300
6900
7400
7400
7100
7000
7100
7000
7000
7400
7300
7300
7400
7200
11200
8200
7600
7700
7800
8300
8200
7800
8700
7800
7800
8100
8100
8700
8900
10700
42200
8100
8500
8500
9600
8600
9200
8800
9500
9300
11400
8800
8700
8800
9200
8800
8900
9100
9100
9000
9700
9200
9100
9100
12600
8700
8700
9700
8700
8800
9700
8800
9000
9000
9300
9900
64100
8900
8900
10000
9100
9200
9300
9000
134100
6900
9100
5300
5400
16900
5500
6100
5400
5400
5700
5800
5600
5600
14700
5800
6800
9400
5900
6900
11200
7000
7000
7400
7200
7800
7200
7100
7100
7000
7000
7200
7100
7100
7000
7400
10000
7200
7200
7500
8700
8200
7700
7800
7900
8300
8700
8100
8600
7900
7900
10600
8100
8600
8500
8100
40200
8200
8500
8200
40700
11500
10900
8800
9600
9000
8800
8800
8800
9200
9000
9100
8800
9000
9100
14000
9400
9300
9900
9300
10000
8500
8800
9500
9000
8800
9600
11200
8900
8800
8700
9700
59800
9700
9000
9700
9100
10400
11600
9100
128200
7400
5500
5300
5500
5500
5500
5500
6600
7000
5600
5600
9400
5700
5600
17600
5800
5900
5800
6600
11300
7300
6800
9700
6900
6900
6700
7000
7000
7400
7100
7200
7100
7500
8400
7600
7100
7700
7300
8000
9300
8300
7700
43200
34700
8000
8700
8000
38900
8700
8600
10500
8700
8300
68900
8500
8300
8400
8400
9100
10200
11400
9300
8800
9000
8900
9200
8900
9000
9600
9700
9100
9500
9700
9300
49600
48200
64300
78600
9200
14600
8900
9100
9200
9000
9400
9000
9900
9000
9600
9900
9500
11900
9100
50100
9500
9000
9400
9100
9200
164300
5700
5300
5500
5500
5200
5400
5400
5500
5800
6800
6600
5800
5800
6600
5700
27800
5900
5800
8400
9800
7300
6900
7200
6900
7000
6900
7500
7500
7100
7300
7200
7000
7200
6800
7300
10100
7900
7000
7100
8900
8400
7700
38700
32900
7800
8300
8000
40600
9100
8000
8500
8300
8200
71800
9000
8400
10900
8400
9400
10200
8600
8500
8500
8700
8800
9300
10200
8900
9200
11500
9400
9700
9200
9100
45100
46400
112600
106200
10300
14800
9600
10100
13700
10400
9800
9600
13700
10600
10700
12600
10600
10600
11500
56900
11100
10700
11700
13000
9800
173000
6100
5700
5500
11500
5800
5500
5800
6100
6200
7100
9900
6200
6300
7300
6100
29800
6500
6400
7500
12600
8700
7800
7300
7500
42200
33600
7600
8100
7500
8300
7700
7600
7600
7600
7700
7800
8100
7700
8000
9400
12400
8200
10600
8600
8500
8800
8600
8600
9000
9100
45000
8700
8600
11400
9100
8700
8800
73800
8700
10800
10100
9400
9200
9300
13000
10000
9900
9600
10400
9800
9800
10500
9800
9800
48800
52800
68500
81300
9900
12600
12400
9700
9700
9500
9700
9800
10500
9500
9500
10700
10000
9600
10100
56500
9800
9700
9900
9800
9700
172600
5900
5700
5600
5500
8700
5800
5500
6500
6100
7100
7100
6000
6000
7200
6200
25900
6300
6300
7500
14800
7900
45500
7300
7300
7200
7400
7500
7900
7300
7500
7500
7600
7800
7600
7700
7500
7800
79800
7600
9400
8600
48100
8200
8300
8400
8300
8500
11200
9000
9400
9000
10200
8600
8300
9000
8600
8800
9100
8900
10800
9600
13000
43100
36100
9300
10300
9400
43300
10100
12600
65900
10400
10000
75200
10100
9900
9500
13600
13500
12500
9500
9600
9800
10000
9500
9400
10400
9500
11500
13300
9700
9500
9500
53200
9700
10000
11600
12500
9700
175300
5900
5500
5600
5500
5600
5600
5500
5900
6100
6900
9700
6300
6200
7400
6100
26600
6300
6300
7400
10400
8600
7600
7400
7200
7400
7400
10500
7800
8200
7500
7600
7400
7600
7500
7800
7500
8500
9800
7700
8800
8700
8700
8200
8200
53900
8400
8400
8500
9200
9000
8600
8600
8700
9100
9100
8800
8700
8700
11500
11000
10100
9300
41900
38800
9300
10100
9400
47100
10400
9500
9500
10200
9800
75200
10000
10200
13100
10000
11600
13600
9600
9600
9600
9600
9500
10100
9600
9800
13700
9900
9600
10600
9900
9700
48700
51800
69000
83700
9900
172800
6300
5700
5800
8700
5500
5700
5600
5800
7600
7300
6900
6400
6300
7000
6100
26700
6100
6300
10800
10500
7500
7400
7300
7500
7300
7500
7500
8300
7300
7500
8900
7600
7500
7600
7600
7800
7700
7800
7700
11900
8600
8400
8400
8400
9000
8400
8400
8400
9300
9000
11400
8600
8500
10400
12000
8800
8800
8700
8700
10700
10200
9300
43200
36000
12000
10200
9500
42700
10000
9500
10100
10500
9800
79400
11500
10800
10700
10800
14300
13000
10500
10400
10400
10700
10900
13900
9800
9900
10100
9700
9600
10600
45300
9500
53100
49300
73800
83600
10400
145500
6300
6300
6800
6100
6400
6400
7600
6700
6600
7400
6600
7800
29400
21100
6500
6400
6500
6500
6300
15700
7800
29500
7700
7700
7400
11100
7900
7700
8100
8500
8400
7900
7900
8000
8000
10200
8100
8800
8400
9500
8800
8700
8600
57300
8900
8800
11000
8900
8800
8900
8700
8800
8800
8700
9600
8900
9000
11900
9200
10600
9500
11500
10300
10400
9600
9400
10100
9700
10300
10100
12300
9700
12900
11500
11800
12200
52000
50800
10200
11600
9900
43200
10500
10400
10000
9900
10100
10100
10000
11100
61900
12000
13100
10300
10200
10300
10300
10500
10300
141500
5900
5900
6000
6000
17200
6000
18500
8900
7300
7100
6400
25600
6200
6100
21400
6100
6500
7800
8500
11900
7800
7600
7400
28200
7900
7500
7700
8100
8400
7700
9200
8100
8000
7900
8000
8000
8500
8000
7900
9300
8200
11700
8600
55000
8700
9100
8500
8800
8800
8800
8800
8900
9000
9600
12200
9000
10700
9100
9100
10600
9800
9400
9500
9500
9500
10000
10100
9600
13800
9900
11500
11100
10200
9900
9900
11300
53400
51800
10300
14000
9800
39300
10400
9700
11400
9600
9700
9700
10000
10800
65800
9900
10000
9800
10100
10200
10100
10100
10500
142500
5900
5700
6000
8700
16900
5800
19100
6100
7300
7100
6200
25600
7600
7600
21400
6300
6400
6300
9800
11600
7700
7400
7700
31300
7800
7800
7600
7600
7700
7900
8100
7600
8000
8000
8000
9600
8200
11300
8200
8800
8200
50000
10300
8600
8700
9400
8800
8900
9100
9600
11700
9100
8800
8800
8800
9000
9200
9600
9000
10500
9500
9600
9500
9500
9500
12500
10300
9800
10800
10000
10400
9800
9900
10000
10000
10700
51700
55100
10300
12800
11500
38700
10200
9700
9800
9600
9700
9900
13200
10900
62100
10200
9900
10200
9800
10000
10100
10000
10000
142100
5700
5900
6000
5700
16900
5900
18600
5800
9000
7100
6200
25100
6400
6100
24300
6100
6400
6300
6500
12300
7600
7700
7800
7600
7600
7900
8000
8300
7700
8200
8500
7900
8400
8200
11900
12200
9800
8000
8200
10700
8700
30700
8600
9000
8700
8800
8700
8900
9400
12400
9700
9200
9200
9100
9300
9200
9200
9800
9400
54100
53000
10200
9500
56800
9900
10000
9800
10100
9900
10000
11500
9900
12900
10000
9900
10000
10000
9900
10100
11700
9700
39800
12300
9700
10800
10600
11000
11000
10900
12400
66700
10900
10900
11000
11000
11000
10900
13100
10200
141800
6000
5800
7600
5900
17400
6000
18100
6000
7300
7100
6100
28500
6200
6000
21500
6400
6400
7700
6400
11300
7800
8100
7500
8000
7900
7800
7500
8600
7900
38600
7900
7900
8100
8100
8000
8000
8300
8000
8100
8800
8300
30200
8600
8700
11500
8600
8600
8800
8800
9300
8900
8800
9300
9000
9300
9100
10400
9600
9100
13500
9600
9900
9500
55000
10000
9600
9600
9600
9800
9900
9700
9800
12900
9800
61800
10000
10000
10000
10100
10900
9700
9700
9600
9700
12400
11200
10400
9800
10700
10000
10400
9900
9900
12100
10600
10700
54100
54000
10300
151000
6200
5700
5800
5900
18800
5800
18100
6300
10600
7600
6100
25300
6100
6200
21300
6400
6400
6500
6900
10500
7700
7500
7600
7700
10700
7700
7800
8000
7700
7700
7800
7900
8100
8200
8100
8000
8400
69900
8200
8700
10200
31300
8600
8800
9200
8800
8500
8800
8800
9300
9000
9400
8900
8900
9000
11900
9200
9700
9000
10300
9600
9400
9500
54700
9600
9600
9700
13000
10000
14600
36200
16000
14400
14400
14000
17400
19100
60900
10500
12000
13300
9800
9600
9600
9700
9800
10500
9700
11300
9900
10200
10200
9900
57900
11300
10700
52500
50600
10000
137600
5800
15300
6700
6500
5900
6100
6600
21700
6100
7100
19500
6000
6100
6000
6100
6600
6500
10200
9600
12800
8100
8400
8100
8000
7900
8300
9700
8000
8000
8000
7800
11200
8200
7700
8900
8000
8600
8100
8000
10000
8900
8500
9500
8900
59400
12400
9800
9100
9000
8900
9200
9100
9200
62300
9300
9200
9200
12900
9500
11000
10300
9800
11000
10000
10500
9800
10000
9900
10900
10600
13600
10100
10400
10000
10200
10100
10800
10500
10200
12000
9900
10100
10200
9900
13500
10200
10000
10800
10100
10700
10100
11500
10500
14800
11100
10600
10500
10500
14600
144600
6200
6100
6100
5700
5900
5800
7300
6200
7000
7300
6300
6300
9900
7200
6400
7100
6400
6500
6700
11600
8100
8400
7800
7700
7700
7800
7900
8400
8000
9000
7800
11100
8000
8200
8200
8200
8400
8200
8300
9900
8700
8400
9200
9000
58100
12400
9000
8800
8800
9300
8800
8900
9100
59900
9300
9100
10500
13000
9300
11000
9600
9500
9500
10000
10300
9500
9700
9800
10600
10200
13500
10000
9800
9800
10400
10300
10600
10100
9900
11700
9700
9600
9600
10000
12700
10000
9900
9800
9900
10600
9900
11500
11200
10100
10900
10100
10300
10200
14100
145600
5800
6000
5900
5800
6000
5700
7100
6300
7000
7200
6600
6300
8700
8200
7400
8000
7500
7800
7600
12400
9600
7700
10300
8800
9100
9100
7700
8800
8900
9200
7900
61800
8000
8200
8000
8200
8300
8300
8100
9000
8500
8600
31700
35900
9400
9500
9000
9800
9000
9000
9100
9000
9000
8900
10100
10600
9000
12100
9200
10700
9600
9500
9700
10200
10400
9700
9800
12100
10700
10300
10500
13100
9900
9900
10300
10400
11000
10400
10200
11800
10000
9800
9800
9800
13000
10000
9900
9900
10000
9900
10000
13700
10200
10100
11100
10200
10200
10100
14200
145000
5800
6000
5700
6000
5900
6200
7200
6100
7000
7100
6400
6400
7300
10200
6600
7100
6600
6500
7200
12600
8600
7900
7900
7700
7500
8200
7800
7700
8000
9200
8200
11000
8200
8000
8200
8800
9000
8500
8100
9100
8600
8700
8900
8800
8800
9200
8900
8900
9000
11900
9200
9000
8900
8800
9700
9400
9200
10300
9100
11200
10100
10000
12100
12800
62700
11200
10700
10100
9900
10000
11300
10000
9900
65900
11500
10200
10800
11400
10400
11500
9800
10300
9900
10000
12900
10500
9900
9900
11300
10200
10400
12400
10600
10200
11200
10200
10500
10500
14900
142400
6100
5900
5700
5800
6600
5800
7100
6100
7900
7100
6500
6200
7100
10200
6400
6900
6400
6500
6600
13000
8400
7700
8000
7700
7600
8000
8800
8000
7800
8000
8000
10700
7800
8100
8700
8300
8300
8500
8400
8900
8700
8700
8800
9100
8800
9300
9900
9300
9300
12100
9400
9000
9600
9000
9600
9100
9300
9300
9300
11200
9700
9500
10300
14300
74400
10700
10700
10200
10200
9900
9900
10000
10100
78000
11000
10200
12200
11600
10500
11500
9900
9900
11300
11800
11300
12900
9900
10800
13200
11300
11100
15000
13700
12700
14500
13700
16700
16100
20200
145400
6700
6000
5800
5900
6000
5900
7200
6300
7200
7200
6500
6300
8700
10500
6600
8600
7300
6500
6800
12700
8900
8000
8000
7800
7600
8100
7900
7800
8100
7900
8000
10900
8100
7800
8000
8200
8500
8900
7900
9000
8600
8600
8700
9200
8800
9300
8800
8900
9000
12400
9300
9100
11700
9200
9700
9100
9100
9700
9200
11000
9600
9500
13100
9700
64000
10600
11200
10100
9900
9900
9900
10100
9900
66400
10300
10400
10500
11200
10400
13200
9900
9700
9700
9800
11800
11000
11100
11300
12900
12800
12200
10900
14200
10100
10300
10300
10900
10300
10700
141500
5800
6000
5900
5800
6100
6000
6500
10400
6400
6200
6100
8000
6500
6400
7700
6600
6600
6600
7800
14400
8500
8200
7700
8000
8500
7900
8000
8100
8700
8100
8000
8400
8600
8400
8500
8700
12200
9300
9400
10300
9000
8800
9000
9000
8800
8800
9100
9500
9500
55000
11600
10400
10300
10300
10400
11000
10400
10400
10500
14000
11900
11100
11400
13000
10200
10400
10000
39300
10800
10000
10700
10400
9900
10000
10600
10700
13500
10500
10700
13900
10300
10300
10500
10200
10100
10300
10300
10600
10400
13200
10300
10700
10400
10300
10500
10500
10300
10400
10700
154300
7800
10700
8500
7300
7200
7300
25500
6100
7200
6200
7400
6100
6500
6200
6700
6700
6700
10100
7800
12800
8800
7900
7900
8100
7700
7900
8000
8400
8000
8000
8200
8700
7800
8000
8300
8300
11500
8500
8600
10400
8600
8900
9200
18000
11500
8900
9100
11500
9000
56400
9500
9300
9800
9300
9300
9900
9600
9600
9500
11400
10000
9700
9800
13000
9700
9900
10000
40800
10800
10200
10700
10300
10600
10200
10900
11200
13600
11600
10900
12800
11100
10000
9900
10000
10000
9900
10100
10400
10200
13700
10100
10100
11000
10300
10500
10900
10400
10600
10500
148000
6600
8700
7100
5900
5700
6100
20700
5800
7100
6200
7200
6200
6400
6200
6500
6300
6600
7100
10700
13400
8100
8000
8200
8100
8100
7800
8100
7900
7700
7800
8200
8300
8100
7700
8900
8700
8300
11500
8700
9000
9000
8900
8600
10300
9500
8700
8800
8900
8900
50200
12000
9600
9900
9200
9300
10100
9500
9700
9300
10900
9800
9700
9900
12800
9900
9700
9700
39200
10300
10000
11000
10600
9800
9900
10200
11300
13200
10100
12400
13100
10000
10100
9900
10100
10100
10100
10000
10900
10100
13100
10900
10500
10400
10300
10500
10500
10300
10600
11700
147600
6000
5900
9900
5900
6400
5900
20500
6000
6800
6000
7300
5900
6100
6000
6300
6400
6400
7400
10500
14600
8000
7500
8100
8000
7900
8600
7800
8000
8000
8000
8000
8300
8000
8100
8300
8500
8500
8400
11600
9600
9400
8900
9100
8900
9000
8900
9000
9000
9100
9700
9000
9800
9800
12200
9400
9800
9100
10000
9500
11800
10200
9900
10200
38800
10200
12900
10400
11000
10100
51200
10100
10400
10400
10200
10100
10800
10500
13100
10300
12900
10100
10600
10300
10100
10100
10100
10200
10200
10100
10100
13400
10200
10500
10200
10400
19700
10400
10400
10800
141800
6100
5900
10200
6000
5800
6300
22200
5900
7100
6200
7100
6200
6600
6300
6500
6400
6600
6700
10800
13200
8100
7700
7800
8300
7500
7700
8700
7800
7900
8100
10500
8100
7700
9000
8000
8200
10000
8000
8400
12100
9200
8500
8600
9200
8800
12700
24500
14400
13300
14600
9300
10800
10100
9500
12800
9800
9100
9800
10300
11400
9900
10000
10500
9900
10400
9700
10000
15000
10000
56600
9900
10000
10000
11800
10300
10800
10100
10800
10100
14400
10100
9700
9700
9800
9800
9900
9800
39700
10900
9900
14100
10300
9900
9900
10100
10200
10000
10600
11200
140800
6200
5900
6900
7300
6800
5900
21500
6900
8500
7000
8900
6100
6300
7000
7300
7800
8400
7500
8800
16300
8200
7700
7900
8000
8200
8000
8100
8300
8100
9600
8200
8200
7800
8000
8200
8200
8500
8100
8400
12200
9200
8900
9100
9500
8900
8800
9000
9500
9000
9200
9000
9500
9700
12000
9700
9900
9400
10300
9500
11600
10000
10000
10000
9900
10100
10000
13300
10800
11400
56200
10200
10200
10400
11600
11500
12100
10600
10500
13400
11700
10000
9800
10100
9800
10400
9900
9800
39200
10800
12900
11800
10600
10200
10100
10400
10300
61400
10800
10500
143300
6100
6500
6000
6100
6000
7000
6200
6200
6500
6300
6500
6500
6700
6500
6700
6400
6400
6700
9900
16700
8300
7700
8700
8800
8100
7800
7600
8400
8000
8100
62900
8100
8300
8700
8400
8800
8300
8200
7900
10200
8800
8700
26400
8800
8900
12100
9200
9100
9300
9200
9600
9300
10700
9200
10000
9300
9700
9700
9900
14800
10000
9800
9800
9900
9700
9900
10000
10000
10700
10600
10500
10100
10500
12800
10200
10300
10400
11100
10400
13600
10200
10500
10300
11000
10300
10300
19200
10200
11200
68100
10700
10300
10300
10300
10400
10400
10500
10500
14600
143900
6000
14800
5800
5900
6000
21200
7600
6100
6400
6300
7500
8300
9500
7500
6300
21200
6400
6900
6700
13400
8000
7800
7800
8100
8100
8300
8800
8300
8200
9600
11300
8100
60300
8100
8200
8500
8100
8000
8200
9800
8700
8500
26300
11500
8800
8800
8800
8800
9500
8900
8800
9900
8900
9100
9700
9300
9800
9600
12700
10800
9600
9500
9800
9700
9500
9700
9700
9600
10300
9800
9900
10300
13000
10400
10000
11400
10300
10900
10300
12600
9800
9800
9900
10600
12500
10500
9900
10000
10800
59900
9800
9900
10000
10000
10000
10000
10100
13500
12200
144300
5800
14400
5700
6000
5900
13700
5800
6100
6100
5900
7500
10500
6100
7200
6200
20600
6900
6300
6800
13900
8100
7600
7500
8200
7800
8200
8100
11100
8000
8300
7900
8100
8600
8100
8400
8000
8200
8100
8400
9200
26300
8500
9900
9500
11900
8900
8700
9500
9000
9000
59100
9300
9700
9000
9700
9000
12000
9200
9200
10800
9700
9700
10300
10000
9800
10000
10400
11400
10600
9900
13100
10300
10000
9800
9900
10000
10300
10900
10100
12400
9800
9800
9900
13700
9900
10000
10000
9900
10800
61100
10000
10000
10100
10100
9900
14700
21100
15900
11700
140300
6300
14400
5700
6200
5600
12200
6000
5900
5700
6100
10500
7900
6400
7400
6100
20600
6700
6400
6700
17900
11700
7800
7800
9200
8100
8100
10900
8100
8000
7600
7800
7700
7900
7700
8700
8000
7800
8000
8500
8900
8800
8500
9600
8800
9400
10100
10300
11300
9800
9900
62100
9800
11300
9700
10400
10000
10400
12100
11100
10500
9700
9500
27200
9600
9600
10100
9700
9800
9800
9800
12800
9900
10300
9900
10700
10600
10800
10600
11100
12400
10000
9700
12800
10500
9600
9900
9800
9700
10600
60900
9900
9800
9900
9900
13000
10000
10100
10000
10800
140900
5800
14400
5700
5600
5700
12300
5900
5800
6000
9000
7200
7600
6200
7000
21200
29700
6400
6500
6800
12900
7900
7500
7500
7500
8400
15900
11600
8100
7900
7800
7800
7900
7800
8500
8000
8000
8200
8000
8500
9300
9100
8600
9600
8800
12100
8900
8800
9400
8800
9100
61200
9200
9600
9100
9600
9100
11900
9900
9300
10700
9600
10300
26900
9800
9700
11200
9800
9800
9700
13100
9800
9800
10100
59500
10600
10000
12000
11000
11100
15500
9700
9700
9700
9700
10300
10200
10800
9800
10800
10000
10100
10100
10200
11300
13700
10500
10600
11800
10500
144700
6000
14900
5600
5800
5800
13100
5700
5900
8900
5900
7300
7500
6200
7100
6300
21800
6200
6200
6500
13400
8000
7700
7400
7700
10900
8500
7800
8000
8000
7900
7800
7700
7900
7900
8000
7800
9400
8200
9900
9500
8300
9000
10200
11600
9200
9100
8700
9200
9400
38500
60300
9000
9500
9000
12700
9200
9000
9200
9100
10600
9500
9400
29000
9600
9700
10300
9800
14700
10000
9800
62700
9900
10000
10000
10900
10100
10600
10700
13700
11300
9900
9800
9700
9900
9700
9900
10000
10300
10500
10700
10100
12700
10200
10000
10100
10200
11000
13200
10400
138100
12300
5800
6000
6800
9300
6200
5800
6200
7200
19900
6100
6200
6400
6300
6100
6200
6300
6600
7400
15400
7900
8100
7800
7700
7800
7600
7500
7700
8300
7900
8100
7900
7900
8100
7800
8600
11200
8100
8300
21700
8600
8600
9700
8900
8700
52000
9600
10500
9200
12000
9400
9300
9600
9500
9900
9400
9800
9400
9300
11600
10300
10600
13300
9800
9700
9700
10400
10600
9900
10600
9800
9900
9900
73600
14600
10300
11500
10100
10400
12100
11000
10400
9900
10200
10000
10000
10300
10000
12900
12000
10000
10000
9900
10000
10000
10100
10200
10300
10400
138600
7300
12600
9600
6600
5700
5900
5800
6000
5800
5700
6000
5900
6100
6700
7100
6500
6100
6100
7400
13000
11000
7600
7600
8000
7800
8600
7700
7800
8200
8500
7900
8100
8100
8100
7800
8100
8100
8000
8200
25300
8700
10700
9200
9000
8800
51500
9000
9400
8800
8800
8900
9400
9600
12800
9800
9100
9400
9100
9200
10600
10000
9700
10300
9600
9600
10100
12600
10500
10100
10400
9900
9900
11600
74100
10500
10000
10000
10000
11200
13800
12900
10700
10700
10800
10700
10800
10900
11900
11000
10800
11600
10800
12900
10100
10400
10100
10000
10100
10800
150400
5600
5800
6500
6500
5900
6000
5800
10200
6100
5600
5800
6000
6100
6700
7200
6400
6200
6200
7400
14000
8000
8000
7700
8100
7900
11800
7800
8000
8400
7900
8000
8300
56700
11900
12200
31300
18100
15100
14900
38000
15200
22800
20200
16200
15800
15100
16000
15500
15100
16600
17000
15600
16100
15700
15800
16200
21200
16100
16200
19500
18000
17800
17800
17500
17200
18300
19000
18600
17100
19100
22000
17800
18700
559200
19600
18000
18100
17500
19100
23800
23900
16900
17000
17000
16900
19400
18600
17000
17000
17900
16700
17200
17900
17600
17200
17400
22000
17500
17500
275900
12900
11700
13100
11400
10700
10800
10500
11100
10900
10800
10800
10900
16600
12700
14500
11200
10900
11100
13200
19600
13400
13200
13000
14000
13600
13200
13300
13900
14100
13600
13000
13400
14800
14500
14500
14000
13900
14100
13500
15500
14600
15700
15600
15400
15200
15000
14900
14600
16000
19600
16200
15000
15300
16100
15700
15300
15600
15400
16500
40300
16200
16500
21700
17000
17100
99100
17300
17200
16300
17100
16900
17900
18500
20000
23100
17500
18200
146500
18100
20200
19100
16600
16800
17000
21100
17000
17000
17300
16800
16900
17200
17400
19900
18200
17100
17500
17800
18600
17600
275800
11700
19800
11700
12000
10800
10600
10900
10800
10300
10900
10500
10500
11000
12900
12200
14000
15200
10400
12200
19000
12200
12200
13000
13200
13400
12000
12300
12400
15800
13000
12800
12900
13100
12300
13100
12600
12300
17000
13700
15200
14900
15200
14300
14200
14900
14200
13700
14000
14600
14500
16600
14900
17200
19100
16300
15100
15100
15400
14700
39900
16000
17100
16000
15100
15200
97100
16500
15700
18300
16200
15800
16000
19400
17300
17000
15400
16700
16400
15900
22100
16700
16200
16000
15400
15400
15600
15600
17200
17700
17400
15400
19500
15800
139500
18100
17400
16000
17000
16100
257000
10800
9600
15100
10800
9400
10100
9300
10000
9700
9700
10600
9700
9900
11100
13000
10100
10000
12500
11600
18000
16100
11900
11900
12200
11800
12000
12300
11700
12500
12400
12600
12200
12100
13300
13000
12900
13400
13700
13800
17600
19700
16100
19600
15300
17900
15100
16200
15800
14700
16200
15600
16700
14800
17700
15000
16700
20300
17900
14500
39300
16300
15400
16300
15600
15400
93000
16400
22400
17900
17000
18500
17800
20200
17100
24700
16900
18800
19300
17300
20400
23300
16400
18800
17000
16600
16600
18300
18500
17100
17000
16300
18700
17500
139500
16900
15800
16100
16400
15800
247000
11000
6600
6700
7100
6100
12400
6500
5900
6000
6200
6100
6200
6000
6100
6000
6200
6000
6100
6200
