1423500
18100
67600
10700
17100
11400
16500
11800
12100
20700
87600
14000
13600
15600
101800
17200
19500
20900
18100
355100
35500
44500
23300
283400
27200
254800
27600
253400
25100
31700
71000
25500
263900
27500
25700
27000
26200
25900
27900
28200
82000
76000
32500
31800
91600
90300
37900
40900
33200
33800
360200
34100
36000
122700
39100
37400
132400
42800
37900
37800
55600
170200
257300
248200
142700
41600
41400
44800
44900
42200
43800
43500
46500
44700
50300
44000
44800
44600
47800
49600
313200
121700
187100
97300
50400
102600
51000
295800
54500
57800
54100
53900
52500
52000
52700
55000
56300
52900
54200
54500
49500
13500
12800
34200
50600
15100
37800
14100
14100
39800
15200
14900
15300
17100
17200
16900
17300
17000
17700
17500
27000
37900
27400
126700
22900
103100
25900
112500
24000
26300
46000
24100
117600
27200
25500
25500
26500
22700
8500
8500
45000
39700
11100
11500
47700
43500
15100
12500
11200
11100
160800
11400
11600
55400
12900
12300
63700
11300
11700
11200
21800
91900
191900
185300
103800
14900
15700
14700
16800
12700
19400
16800
14600
13800
10000
13700
14300
14100
16600
20300
133000
50300
69400
35300
17000
40000
17200
132100
17800
23400
19300
17800
17600
17700
17300
20000
17800
17500
17800
22700
38800
9500
18000
26600
4600
4600
33800
4300
4900
38000
4800
4800
4900
6400
5600
6000
7100
5300
5000
4800
15100
12800
14000
7500
8000
7700
7500
8100
7600
9500
16900
8800
7800
8700
20900
8100
8700
12800
7900
130000
26300
21400
10900
10900
28100
31600
13100
12100
11500
11300
128400
11900
11100
42900
13700
19300
42700
12100
35900
12800
24100
54400
103300
95800
53200
14200
14600
13400
16600
13800
14200
13900
16800
14300
14200
14500
14300
14400
24300
18900
135100
39000
55600
31100
17400
33400
17000
109600
18900
22200
19900
17400
16900
17000
17600
20000
17500
17400
22400
17900
11100
5500
24700
9500
4800
4600
11200
4800
34100
11700
4900
4700
70400
7600
21400
19400
9900
5300
4600
4400
18600
14000
11300
8100
6300
5800
6000
6600
6100
7500
11300
7400
6100
7000
11900
26500
8900
8000
7500
58800
13400
18600
11100
44000
9900
35500
10900
34100
9500
10900
22300
9700
38200
14300
9800
10300
9700
10200
10100
10700
17400
34400
61300
59900
35600
12100
12400
13200
13900
12300
12400
12500
14300
12600
13100
13300
12500
16800
13800
13800
65100
32100
44600
26900
14900
26700
15100
77900
15300
17800
16800
15300
15200
15500
15500
17000
15300
18800
15900
15900
8100
4300
7400
7500
4000
4100
8600
3900
4200
10600
4000
4300
4100
5300
4700
4900
7400
4600
4400
4300
10100
11500
12300
6500
6700
6600
7400
6600
6800
8200
11200
7900
7000
7800
12900
6900
7700
8900
7400
54700
14800
18100
11100
40400
9700
33700
13800
33200
9500
10900
23800
9600
38500
11100
9700
10000
9900
10000
10100
10000
29700
19500
13400
12600
22000
21800
14100
13400
14300
12300
78100
13800
12500
27200
13900
13800
30000
13000
32100
13000
62700
30700
71600
26500
15200
38800
15000
115600
15700
19000
16700
15500
15600
15600
16200
16800
18800
15900
17100
16200
10700
4200
6100
9800
10000
4000
9900
3900
7100
11500
4100
4200
4500
7700
4700
4900
5300
4400
4500
5800
15900
10500
10000
7800
6600
7800
6600
6600
8000
9000
13400
8600
7000
8800
15200
8200
8900
8900
7400
70200
16600
15700
11400
44100
9700
34500
13600
36400
9400
11000
25500
9700
41200
13900
10300
9900
10000
9700
10100
9700
26000
20600
12600
12400
26900
22600
13700
13400
12300
12300
83000
13300
12700
31000
13900
14200
31300
15800
21700
12900
20000
40000
73100
121100
46500
15400
15200
16300
17500
17000
15100
15700
17100
17000
15700
15300
19100
15700
20000
16800
26400
9500
10000
12400
9900
9500
10100
14700
10500
11200
18200
10000
10100
9800
10000
11400
11100
12000
11100
10300
13900
13500
253300
33600
26800
25900
26800
25800
25700
25900
26400
26000
26200
27700
25400
16000
14300
19100
14700
15000
19600
105900
17500
17200
67300
19600
16400
17500
96500
179400
17000
16900
16900
21600
21100
17100
18100
17800
142600
17200
123900
20000
21000
18800
18300
61600
18800
19000
20200
18800
26500
103400
22700
22000
18900
20700
188600
22100
94700
19100
283600
21500
16400
15200
17200
15100
16400
15100
16500
19500
36800
15500
27400
16400
15400
15500
15700
35600
31400
60900
18900
11300
10900
10900
10800
12000
11200
11200
10800
11100
11000
11900
11000
11400
11800
12300
14100
11200
11400
11600
16500
13800
89500
19300
13700
12300
13400
12500
12400
12400
12600
15200
12700
13500
12800
12700
12600
14200
12800
13400
17700
75800
20000
15700
60600
15700
15000
15200
82400
156700
15500
15300
15300
17000
16800
15400
16800
10700
125200
10900
93200
26400
11500
10900
10100
50200
10200
10500
13600
10100
11700
74200
10100
11400
10300
10400
161000
10400
75000
10400
220500
15400
6300
6100
6000
5900
7500
5900
7800
8800
27500
6400
17200
7500
6400
6400
9600
26100
22000
49000
13800
10400
10200
7700
8400
7700
8200
7900
10600
7700
7700
8300
7900
7600
8400
8300
8100
8100
65800
7900
11800
8600
9200
8900
10300
10300
10000
9900
10300
9800
10300
14900
10000
9800
10100
9900
11500
10100
10200
12100
11800
73500
11300
10000
65600
13600
12200
12400
93900
144800
22600
24100
10100
15800
14900
11200
12100
12800
122600
11500
97300
9800
9800
9900
9700
48600
9800
10400
11100
10000
11800
80900
10100
10900
10200
10200
158700
10500
77600
10400
228700
12200
6000
6200
6400
7600
7000
6100
7200
7400
30100
6800
17100
7400
6400
6700
6600
26600
23500
53200
20600
11800
8000
7800
7400
7600
7700
7700
7600
7700
7800
8300
8600
8000
8600
8400
8100
7700
8000
11200
9600
8700
9200
9400
9300
8700
8600
9000
9200
8800
9500
68600
12100
9000
9100
9000
9600
84300
9000
177900
10700
9500
67200
10100
10200
9800
11000
9900
9800
54700
10000
10000
9900
10500
10300
76100
10000
11400
10300
10400
95300
9800
9500
10100
9800
46700
9800
12900
10800
10500
11700
73900
10000
11100
10200
10200
156300
10200
75500
10200
218500
12200
6400
6300
10100
6000
7300
5800
7200
7100
28700
6200
17400
7300
6400
6300
6700
29100
22000
49100
13200
8100
7400
7600
7600
7400
7600
7900
7600
7500
7700
11000
8000
7700
8900
8400
8100
7700
60500
8100
8900
8500
9000
144700
17200
46700
9300
9000
9500
8800
9500
9100
8800
9000
9700
8900
9500
9100
12600
9300
11300
9600
85100
9900
10400
72700
20800
10000
9700
10000
10100
10100
10000
10600
10100
10100
9900
12700
10300
10200
16900
71800
10800
10000
52400
9800
10000
9700
79600
146100
73300
93800
10000
11600
11600
10100
11000
10200
117800
10100
224700
12100
6100
6300
6800
6400
6900
8200
7900
8000
27800
6500
19800
7400
6600
6200
6500
27800
21800
69200
14400
7700
10800
55700
7800
8000
7900
7700
7500
7800
7700
8400
88200
98900
8400
8400
8100
108400
8200
8100
9000
8400
9200
8900
9200
57800
77600
8800
9300
8800
10200
9000
8900
9000
9100
9000
12500
10600
9200
9300
10600
9400
67800
31600
10300
9800
14400
10500
10000
9800
9900
10100
9900
11200
10200
10100
10100
11300
10200
10200
15100
70300
10600
10100
53400
9900
9600
9800
81700
144100
9900
9900
9900
11900
12000
13200
11100
10100
117500
10200
294600
7500
6200
7500
7200
25800
6300
7600
9500
7500
10700
21800
7400
8300
7700
10300
36500
6700
20600
6800
14200
7600
10600
8500
12100
7600
74600
7700
7800
8100
7700
8000
7900
7800
7900
7900
7900
7900
8400
115900
9600
8800
8700
9400
8800
8800
8700
8800
8600
9000
9700
10400
9000
9500
9400
10500
99500
9800
10000
10100
12700
11100
12200
10700
13100
9900
64800
10100
10800
10300
10400
10500
10100
9900
10100
10000
10100
15100
11700
10000
12500
9900
9700
9700
9900
10400
10000
9900
9800
10600
10000
13300
85800
10300
10000
10200
11800
10400
10100
11100
325000
19600
11200
30900
11000
10500
13900
31200
12500
13600
10400
11700
10400
10400
10000
10400
32100
16300
10300
10600
20500
14700
12300
12100
12400
12500
12300
12600
12500
12300
12600
12600
23700
13200
14700
17500
13600
13500
106300
333400
23100
21700
14000
14000
14100
14000
13800
14200
14100
18500
15200
14400
13400
15100
15400
15000
127900
14600
14800
14300
19000
13900
16000
28300
17500
16000
68600
10300
11100
10200
11300
11900
12600
9600
9800
9800
9800
9600
9600
9600
12200
9500
9400
9200
9100
9900
14600
9500
9400
9500
9600
10200
185000
14400
9900
9900
10000
9600
9700
14000
207500
6000
6200
11900
5600
6200
5600
18500
5900
8100
5800
7500
8800
6000
6200
6200
20000
7200
6500
6300
12700
7800
7200
7300
7500
7800
7500
7600
7500
7200
7700
10200
7400
8900
7500
8000
7500
7600
7700
7900
8600
8000
8600
8500
10200
8400
69500
11100
8600
9000
8500
9100
8500
8700
134600
8900
8800
10300
9700
111600
10400
9400
9700
9400
9600
10900
61700
9400
12900
9300
10100
9900
9600
10000
9800
9800
9500
9700
9600
9600
10900
10600
12500
9400
9500
10200
9500
9500
9400
9400
9500
9400
79700
9500
12300
9700
9700
10100
9800
10400
205300
6000
5700
41100
6700
5800
5700
22200
5500
7700
6100
7000
6200
6100
6600
6300
16200
7200
6400
19900
14700
8000
8200
8200
11000
8100
8100
8100
9400
8100
8300
12700
7600
7700
9100
8200
7600
7800
7700
7900
8700
8100
9200
8600
9800
11200
67200
8600
8500
9000
8600
8700
143000
8900
8600
8800
11700
9900
9700
96900
10500
10500
9300
9700
9300
9900
9600
12500
9800
10000
10500
10300
9500
10200
10300
10400
170900
10300
10500
13500
13600
10100
10000
10000
10200
11100
10000
12400
9900
9800
9400
9400
79000
9700
11000
9900
9900
9600
9700
10700
204300
6900
5500
14500
5700
5500
6500
14900
5600
7600
5800
6700
6100
5900
6000
5900
16400
8400
9000
6100
14000
8500
8200
7700
8200
8100
8100
8900
8300
8200
7400
8100
8500
7800
102200
8600
7400
11800
7800
7600
8400
8200
8900
8400
9200
8300
65700
8500
8400
10200
8700
11300
8500
8700
8500
8300
11300
8800
10500
126900
10200
9300
9400
11900
9200
9100
9100
9100
9100
9300
10500
9600
9300
10200
10200
10200
85100
11000
10900
10400
11100
9500
10300
9600
9900
12100
63000
9600
10200
9200
10000
10200
9500
9300
10000
9700
9400
9500
9600
9500
206200
5700
5700
11700
5400
5700
5700
14500
5800
7600
5900
6700
6100
6000
5800
8600
15900
7200
6000
6100
12700
7600
7600
7300
7900
7500
140600
7600
7500
7300
10400
7600
7400
7300
7500
8100
63500
7600
7600
8200
8700
8200
8700
8400
9000
8300
67700
8300
8600
9100
9000
8700
8700
8700
8600
8500
10200
8800
9400
147700
28300
9700
9200
9300
9300
9300
9300
9300
9300
9400
12900
9600
9900
11700
10500
10000
83200
9700
9700
9900
13500
9300
10100
9200
9900
9300
80000
9300
10400
9400
10500
13000
9400
9400
9600
9600
9400
10100
9400
9500
203100
6200
5700
5600
5900
9300
5900
5600
5900
6100
5900
5900
17300
6100
6100
6800
6200
5900
6100
7200
24800
12000
11800
8100
10100
56400
7800
7600
9300
8200
7600
8000
8000
7800
8300
17700
8300
8500
8100
8100
12900
9000
11400
57200
8600
8800
9500
9900
12200
9000
11000
9200
8900
9900
9100
84100
9000
9600
9300
9700
15000
10500
9800
9900
10700
10500
74700
11500
10100
10000
9800
10100
11700
11100
11300
11100
11200
12700
12200
11200
14700
10800
14800
10000
10000
10400
11500
13300
10300
60200
10600
10100
9900
10000
160400
11800
10200
11100
10300
11100
273600
7400
31000
17800
12900
6800
6000
14600
7100
6800
6300
6100
17300
6200
6200
24100
6800
6400
17900
9400
12900
7300
7000
7100
35700
9800
7100
7400
9600
7300
7400
7300
7400
7300
48200
7800
7600
9300
7600
7500
9000
8300
8800
55300
8100
8100
8900
9000
8900
8400
8100
8400
8300
8300
8400
144800
9200
8800
9100
9000
12900
9700
8900
9000
9000
9500
11600
10100
9100
9100
9100
9200
9800
9200
9200
9400
9400
9900
10600
10000
13500
9100
9800
9000
9200
9100
9900
10000
9200
9000
9300
9400
11800
9400
66200
9400
9200
10200
9700
10200
271200
10500
11300
13000
13800
6500
6100
13900
6500
6700
6000
5900
19900
7000
6000
23400
7300
7300
19800
8600
13800
8600
11700
8200
7800
7300
7200
7700
7100
7200
7500
7500
7700
196400
10600
7400
7700
7500
7700
9000
8600
8000
7800
8100
10500
38800
8100
8200
8200
11100
27100
8700
8300
8300
8400
8300
8600
9000
8700
8600
11100
9600
9000
11700
10300
9800
9300
10400
10100
9200
9100
9400
10400
9500
9200
9500
9400
12800
11100
10000
10900
9200
9800
9200
9400
11200
9800
10000
12000
9200
9300
9200
9200
9200
135400
9500
9300
50900
9700
10200
244000
6800
6400
14300
12900
6400
5900
13700
9300
6700
5800
6000
17000
6500
6100
19500
5900
6300
19800
7100
12400
7600
7300
7200
7400
7100
7200
7500
7300
7000
7500
7500
7700
7500
7200
7500
7600
10200
7600
8000
8700
7800
53400
8300
8600
37400
8800
8200
8100
8300
8300
11200
8500
8200
8500
8300
8600
9000
8600
8400
9900
9700
10300
55200
9000
30900
9200
9900
9600
9100
9200
9400
9300
10600
9300
147300
9500
10200
9600
10100
10900
9100
9900
9200
9000
11700
10000
9800
48200
9300
10400
9300
9200
9400
64800
9700
9300
13000
9400
10000
388800
8600
11200
23000
13300
10800
8100
15600
7200
7300
6400
6500
18000
6100
6000
22200
6200
6200
17100
7000
12200
7400
7400
7300
7200
7000
7100
7600
7300
7300
7400
7400
10300
45800
7400
7100
7600
7500
7600
7300
9400
9000
8200
8100
10200
38600
8200
62800
8200
8300
8100
8400
8400
8900
8500
8300
8600
9600
8700
8500
13000
9700
12200
52700
9000
9200
9000
9700
9400
9200
9100
12000
10500
9900
9400
153000
9600
10000
9600
49700
14300
10100
9000
9000
9300
9700
9400
10100
9300
9200
9400
9300
9900
12000
13200
10600
9500
10200
11100
9600
243900
6700
10200
13100
12700
6400
5800
13700
6600
6600
7100
6100
16300
5700
8800
21500
6200
6300
17000
7200
12900
7600
7900
7700
7300
7400
9800
7700
7200
49800
7600
7300
7500
7400
7400
9200
7500
7600
7600
169500
8900
8100
8000
8100
8600
37400
8200
8600
8200
8700
8300
8400
53300
8400
8500
164400
55800
9100
8600
8500
12600
9700
10200
52400
9000
9200
9700
9700
9600
10600
12000
11400
57000
9600
50400
78500
79100
10000
9500
10300
11400
10000
8900
9200
9100
9700
9100
11300
10000
9800
9800
12000
11500
9900
10200
10600
10000
47800
11800
10800
202600
5800
6500
5700
5600
5700
6600
6700
6000
5900
5900
6000
6000
6000
42000
6300
6100
6900
6200
8500
131800
7900
10200
15400
7800
7700
44700
7600
8400
7700
7700
7800
8500
8000
7700
7900
8100
15400
7500
9900
16900
10200
208800
19800
8900
8500
8500
8400
8700
8500
8500
8500
8500
8500
9400
8600
12800
13200
8900
9100
10900
9300
9100
9400
9000
11200
9400
9900
9300
9800
9300
12500
9400
10200
9500
75800
10000
9400
172600
10200
14300
9300
10600
45100
9400
46300
9400
9300
99700
9500
9400
9500
10400
54500
9500
9400
9400
9400
9700
10400
205900
24700
12300
5900
5700
5800
12300
5900
5900
7000
16600
6200
7100
6200
8800
6900
6200
6300
7000
6300
12500
7500
7200
7200
7800
7400
41200
7100
7300
7400
10200
45100
7400
23900
7500
7400
7600
7600
8400
7800
9700
8100
7900
8300
8100
8100
8300
12300
8400
8200
8400
8400
8500
8500
8800
8500
9100
9200
8700
9000
10200
9100
11800
9300
9100
10000
9400
9600
9300
9700
9200
9200
9200
10000
9500
159900
10000
9400
88700
10100
10800
9300
10300
47200
9100
127100
9200
9100
76700
9000
9800
9200
13100
52800
9300
9200
9400
10500
9500
10100
204300
5800
11900
5600
8300
5800
12100
5600
5700
6700
15100
6000
6700
6100
6200
6600
5900
7800
7200
5900
16000
7400
7300
6900
46500
7600
7500
7200
7000
7200
7900
7400
7200
7300
7500
7100
7500
7400
7700
8800
104000
7900
8000
8500
8200
8200
67600
13600
13200
10200
9200
9000
13500
10400
14200
12200
11400
9300
9100
9400
12000
10700
9700
11600
10300
10800
9900
13500
12400
9900
9200
9100
40100
10600
9300
74500
9800
9400
171400
9600
11000
9000
10500
44800
9200
47800
11800
9100
75900
9400
9100
9200
10200
52800
9400
9200
30500
10900
10000
10300
203200
6000
12500
5900
5500
5800
12500
5900
5900
7000
17800
6000
7500
5900
6200
7000
6100
5800
7000
6300
13600
7500
9200
7600
7700
7500
7300
10500
7500
7400
8300
7700
9500
7400
7700
8000
8400
7300
8000
7700
42500
27400
8300
8100
10900
8400
43300
8200
9000
8200
8300
151600
8900
8500
8400
10900
85500
8500
8700
8600
10800
9100
8900
9000
9400
9100
9500
11800
10100
9200
9200
9300
10600
9300
9900
9400
10400
9600
9500
10200
13900
9000
9900
46200
9400
48200
9700
24300
84700
9900
19100
10600
11600
61800
10900
10900
13100
10700
10000
11000
216100
6300
13800
5700
5600
5500
12200
5900
5800
7500
15200
8600
6800
6100
6100
8400
6200
7000
7400
6300
13800
8500
7500
7200
7800
7500
7400
7000
105300
7400
7400
7300
7900
7400
7100
7500
7300
7200
7900
71900
40500
10700
8100
8200
8100
8100
42500
128200
8900
8400
8500
8500
8900
11300
8400
8400
8400
49200
8800
8800
10400
8900
9000
8900
9000
9000
8900
9100
14100
9200
9300
9300
9400
9200
11600
9100
10200
9500
10100
10400
11900
11700
52000
9600
8800
10000
9100
12400
9400
13200
9300
9200
9100
12700
9400
74200
10100
9500
150800
9500
212100
6100
12700
5700
5600
5600
12000
5800
5800
6700
14700
6000
6700
6400
6200
6800
6100
8700
6700
6200
13200
7500
7300
46900
8000
7800
7300
6900
7600
8800
7300
7300
7400
7300
7500
7300
7500
10300
8600
7600
41500
8100
7900
8500
8100
8100
42400
8200
9000
53300
11200
8500
9200
10000
8400
8200
8400
105700
8700
8700
10400
9000
11600
8900
40400
9000
9100
9000
9000
9000
9100
10400
9500
9100
9900
9300
13300
9600
9600
10100
11000
8900
8800
10100
8900
11400
10300
9800
11500
9800
9700
8900
9800
10000
11000
72900
22400
9300
169600
9300
203000
6200
7200
11300
5700
11000
11800
5500
13800
5500
8600
5900
6900
27900
6200
5800
5700
5900
6300
7400
14400
10200
7000
7400
7300
7200
7000
7200
7700
7300
7100
9500
7700
7700
7300
7400
7500
7600
7300
97500
9400
8800
8000
8300
8300
8300
8300
8300
8700
8200
8800
8500
155500
8400
8400
8900
8500
8500
8500
9000
10400
8800
8600
8900
8900
46400
12000
9700
9100
10000
9300
9300
9200
18400
10200
10100
10600
10100
11100
10200
14600
9800
10600
9400
11600
10200
11100
10400
10200
10100
9900
14600
9500
9400
11900
9300
9400
10300
9500
9300
201200
6300
5600
13400
6700
5900
5600
5600
8400
5600
5800
5800
6800
5800
6200
5900
5900
17000
6100
6000
13600
7700
7000
7000
7100
7000
7300
10600
7200
7300
7100
7200
7800
7700
7200
7400
7800
7700
91500
8800
8700
8000
10800
8200
8100
8100
8100
10100
8700
8200
8800
8500
142400
8600
8500
12000
8500
25700
8900
9100
10200
8900
8700
8900
9000
10700
9700
9700
9100
12200
9100
9200
9200
9200
9300
9400
9900
9400
9500
59600
10900
8800
8900
11500
9700
10000
9800
9200
9100
9200
9200
9000
9300
9300
9400
9200
9300
12900
10900
9400
206100
5700
5500
12700
6500
5600
5400
5400
5700
5600
5800
5500
7900
6700
7400
5900
6800
18100
7400
7000
13000
8000
8100
25700
7400
8000
7900
8400
7000
8000
64700
7300
7400
7600
7300
7500
7700
7700
7300
7700
9000
7900
7900
8500
8600
8100
8200
10900
8800
30600
8400
8100
8900
9000
9600
8600
8500
8300
8500
163000
10200
8900
8800
8800
8800
10100
9200
9500
9100
9800
9100
9800
9000
9300
9300
10800
9800
9400
9900
11100
10900
9100
9000
9000
9400
9000
12500
9200
10100
9900
9800
9000
9600
9200
9300
10000
9500
10300
9300
9300
204900
12700
5900
11000
4000
3400
3000
3200
3000
3200
3400
3100
4000
4900
3500
3200
3100
16800
3300
3400
10300
3700
3700
3900
3600
3600
3700
4000
3600
3700
3900
3400
3700
4100
3900
3500
4100
6900
4600
4200
5300
4400
5300
7900
4500
4400
4400
4200
4800
4600
4400
4300
4800
7500
4600
4300
4300
4300
4300
88900
5600
4900
4900
4700
4800
7300
4700
4700
5500
4800
5200
4800
123000
4700
4700
5500
4800
7900
4800
5500
6800
5200
5000
4800
5600
5000
5700
4900
4900
5000
8300
5100
5000
5300
5100
5100
5200
5700
5100
5000
40300
3200
2700
16800
6600
3000
3100
3100
2900
3100
3200
3200
3900
3300
3200
3000
3200
13100
3400
3900
8100
3700
3800
6800
3700
3600
3800
4000
3500
3700
3600
3400
3800
4100
3500
3600
4000
4000
3800
3600
5000
4000
4100
4400
7100
4400
5600
4400
4700
4200
4300
4300
5500
11600
4500
4400
14400
4700
4500
97000
6200
5200
5200
5100
5200
5100
5300
7200
5200
4900
8200
4900
113300
4700
4900
5400
4800
4800
4800
5600
6200
4900
7700
5000
4900
7000
5000
5600
4900
5800
5100
4800
4900
4900
5000
5200
8300
5100
5200
5100
42600
3600
3600
11700
5000
3500
3600
3400
3700
3900
3800
3600
7900
5400
3700
3700
3800
15600
3900
4700
8000
3800
3600
3600
3800
3700
3400
4200
4000
3600
3500
3500
6700
4200
3500
93500
3900
10000
3900
3800
5000
4200
3800
9800
4400
4300
8300
4200
10700
7000
4300
6500
4600
6400
4400
6100
5700
5900
5800
186000
8900
5000
5000
5100
5100
5700
4800
4900
5200
5000
6600
5100
61300
4600
4800
5200
4700
4700
4600
5500
6200
4800
4700
4800
4800
5400
7600
5600
4900
5900
5000
5000
5000
4900
4900
4900
5700
5100
5100
5000
43200
3100
3200
3100
4100
3000
4200
3300
3400
3000
3300
3100
10300
3100
3400
3300
3400
7000
3600
3100
17800
5400
3900
3600
3400
3800
3800
3400
3600
4000
6800
3700
3900
3600
13500
4300
3800
3600
3900
3800
4900
4400
4000
5200
4300
4100
4200
4400
5000
4100
4200
4300
4400
4300
5000
4500
4600
4300
4400
5200
6600
5200
4700
4900
7300
5200
5400
4900
5200
4800
4800
5300
4700
4800
4700
4700
4700
4900
5400
5900
9300
6000
5800
7500
5900
6400
6000
6100
7700
7500
6100
113100
5100
5200
4900
5800
5000
163300
5900
7200
58900
4100
3400
4500
5700
4300
4900
5300
5200
3500
3800
4400
3800
3300
3400
6600
3300
3300
2900
3000
8800
7100
3600
3700
3800
3800
3400
4200
3700
3900
3500
3900
3900
3700
3800
3800
3600
4600
3800
3900
4900
4300
3900
7500
4000
4000
3900
4200
4400
4100
4000
4200
4300
4400
4200
5600
15900
4800
4600
7900
8800
5500
4900
5100
4900
5300
5500
5000
5500
4900
5000
6600
7300
4700
4600
4800
4700
4700
4800
4700
6900
4900
4900
6200
4800
4800
9100
5400
6200
6300
5100
92700
5300
5100
5100
6000
5100
62300
6400
5900
41200
3500
3100
3100
3000
2800
3100
3200
3200
3200
3300
3900
6300
3300
3100
3200
3200
3400
2900
3100
9100
3800
3600
3700
3900
3600
3300
3900
3700
4000
3500
3800
3700
3700
6800
4000
3800
3600
3900
3800
5100
4600
4400
4300
4200
4300
4000
4000
4200
4900
4300
7000
5500
4000
4100
4200
4200
4200
4100
9500
7900
16500
4900
4900
5000
5400
8500
5200
5600
5200
5100
5600
5200
5100
5200
5100
9100
4700
4900
4700
9100
5000
4800
6400
5000
4900
5100
5200
5700
5600
5100
147600
5300
5300
5000
5700
7100
59200
5100
5600
40800
4200
3700
6800
3800
3800
3600
3600
3800
3700
4800
4300
3500
3000
3200
3200
3300
3400
2900
3100
9000
4100
3700
3900
6900
4100
3400
4100
3800
4100
3700
3800
4000
3800
3500
3800
3800
3600
3700
3900
5100
4600
4400
6700
7500
4300
4200
4300
4500
6300
4300
4400
4300
4300
4300
10200
7300
4500
4300
4200
8700
4900
4800
5200
4500
5400
4500
4700
5100
4700
4700
4600
4600
4700
4600
7200
5400
4700
4700
5300
6700
4900
4600
6000
4900
4800
4900
5100
8400
5500
5100
59300
5000
4900
5100
5700
5000
144700
5100
5700
40700
3300
3000
3100
7100
3100
3000
3100
3200
3400
3500
4100
3600
3300
3200
6200
3500
3500
3200
3500
9200
4200
3900
3800
53900
3700
3600
4000
5200
4200
3800
3800
3500
6600
3900
3500
3600
3900
3600
3700
5000
4400
4000
4200
4300
4300
4200
4200
4500
4400
4300
7000
4400
4400
4400
4200
4300
4500
4200
4200
5500
4700
4700
5400
4600
4500
7300
4900
5200
4600
57100
4700
4700
4700
4800
4700
5100
5500
4700
8000
7300
5900
4800
5000
4900
6000
5500
5100
5800
5000
7600
5800
5000
5000
5100
5000
4900
4900
5100
5000
38900
3100
2900
3100
2900
3100
5800
3000
3100
3000
3000
4500
3300
2900
3200
3200
3700
3200
2900
3100
8100
3800
3500
3800
3600
3500
3500
6700
3500
4100
3600
3600
3500
3700
3700
3400
4200
3600
3400
3700
4700
4300
4100
4100
5500
4000
4000
7100
4200
4600
4100
4200
4400
4200
4200
4200
4300
3900
4100
4100
5400
4600
4700
8000
4700
4800
4800
4900
5200
4700
4700
4700
4800
4800
4700
4700
5200
4800
4600
7700
8200
7400
5600
5700
5600
6600
8500
5100
5700
5400
4700
5800
5000
4900
4900
4900
4800
4900
4900
4900
43300
3300
2900
5000
3000
3000
3100
3100
4500
3900
3400
11000
3100
2900
3200
6900
3100
10700
3100
4000
10100
8100
8000
5400
3600
3800
7100
7000
3600
3900
4000
3800
3500
3700
3800
3400
3900
3800
4700
3800
4900
4700
4400
4600
4400
4400
7200
4200
4100
4100
4100
4900
4200
4300
4200
4300
4400
7200
4500
4400
6000
7400
4800
5600
4900
4700
4900
4800
4800
4700
5000
5000
4900
5300
148900
5300
4700
4700
4700
4700
6700
5000
5100
5600
4700
5700
7600
5300
5000
4900
5000
5000
5900
76900
5100
5200
5000
5000
8300
5100
40700
3200
3300
3100
3100
4300
3100
4200
3300
4100
3300
3000
3000
3200
5800
3400
3100
3200
3200
3500
8900
3500
3700
4200
3900
3400
4000
4000
3900
3700
3500
3700
4000
3800
3800
7000
4100
4100
3900
3500
5800
6300
4200
4800
4100
4200
4600
4400
4200
4300
4200
7100
4400
4400
4300
4100
4200
4200
4600
4300
5900
5200
4800
5300
4800
5200
9400
4600
4600
4500
4600
4600
4500
5500
136300
5400
4900
4700
7400
4900
7000
4900
4700
7000
4900
5700
4800
5000
4900
4900
5000
7600
6000
76600
11400
8800
5200
5100
5000
5000
41700
3200
5900
3000
3100
4100
3400
4000
3200
4100
2900
3100
3200
3200
3100
3000
3100
3200
3200
3300
8800
7200
3800
4200
3700
3500
4000
4000
3500
3600
3600
3600
3600
3500
3800
4000
3900
3700
3800
3700
4500
7100
4900
10900
4300
4000
16800
4600
4400
5000
4700
4600
4800
4700
4700
4500
5000
8100
5600
4700
6400
5100
7300
5300
4900
4800
4900
4900
5000
4900
4800
11200
4600
5400
108700
5300
4700
5100
4700
4600
6500
4700
5000
5600
4900
5600
4800
4900
4900
4700
4800
4900
5700
77100
5000
5100
7300
5000
5100
4900
40800
3600
3800
3400
4400
3800
3200
3900
5700
3800
3200
3400
3100
3100
2900
3100
3300
4700
3200
3000
8200
4100
3700
3900
3700
3800
3900
6900
3600
3800
3700
3500
3900
3700
3900
4000
4400
4000
3800
3800
6200
4000
4600
4300
4300
4100
7200
4400
4100
4600
4200
4200
4200
4200
4100
4200
4500
4300
4600
4000
5600
8100
4700
5200
4700
4700
5600
4800
4600
4600
4600
4800
4600
4700
4600
78500
4600
4600
4600
4600
6600
4800
4800
5600
4900
8500
4900
5000
4900
5300
4900
4900
8100
26200
5200
5100
5100
5100
10800
5100
47000
4900
4700
4300
4400
6200
5200
3900
3400
3800
3300
3300
3200
3300
2900
6300
3400
3300
3100
3100
10400
4300
3700
3600
3500
3700
3700
3700
3500
3900
3600
3400
3800
3700
3900
5000
3700
4700
4900
4700
5400
4000
6400
4200
4100
4000
6400
4900
5000
5300
5100
5800
7500
4400
13800
4500
5000
4600
4900
4600
5800
5800
5000
5500
5000
5000
8900
5200
5200
7300
6100
5400
4800
4900
14800
5000
28000
5300
13200
7700
7600
5200
5100
6400
5300
5200
5300
9400
5000
4900
6300
5000
4900
8700
20200
5900
5200
5200
5200
5200
40000
3300
3300
2900
3300
6700
3200
3900
3300
6600
3300
3300
13400
3500
3200
3600
3500
3500
3400
3400
8200
4700
6600
3900
6500
3800
4000
4100
3700
3800
3700
3600
4100
3800
4000
4000
3600
3900
3800
3800
4500
4000
4800
7000
4400
4200
5000
4400
4100
4800
4500
4400
4300
4500
4300
4300
4800
4300
4700
6800
5500
7400
5000
5200
5600
4700
5300
4900
4600
4500
4500
4700
7300
4800
4500
4600
4700
4800
4800
4700
6300
4900
4900
7200
5100
5000
7600
4900
4800
4800
4900
4900
4900
5900
29100
5800
5500
5400
5000
7700
40800
2900
3200
3900
3100
3900
3100
3000
2900
3000
3200
3200
4400
11400
4500
3200
3200
3200
3900
3300
9700
4400
3400
3700
3600
5400
3600
6700
4000
3600
3800
3800
5400
3600
3800
8100
4400
6300
4000
3800
5000
4800
4700
4300
4100
4200
19500
5500
4800
5900
4600
4900
4700
4600
5200
4800
5000
4800
58300
5000
10000
5300
5200
5200
5100
4900
5100
5100
6100
5200
5000
5200
5000
4700
9000
5100
5100
7300
5200
5200
7200
6200
5400
5900
21900
5600
9600
22400
6400
5400
5100
5500
5500
5800
5400
23700
5600
8500
5700
5500
57100
3400
4800
4100
3700
3100
3600
3700
3400
7900
14300
3300
3500
3500
3600
4800
5600
3700
3600
7800
9800
4600
3900
3800
4000
4300
3900
3700
7700
4100
3800
4200
4200
4100
4000
4400
4300
4200
4200
3900
6000
4600
5000
4500
4600
4700
7500
4700
4900
4600
4400
4500
4400
4500
4900
5000
5000
4600
22900
4600
8800
5000
4900
5100
5000
4900
5000
5000
5500
4900
4800
4900
5200
5000
9000
6600
5300
5100
5200
5200
7200
6400
5300
5800
15700
5200
9500
14600
7000
5400
5100
5300
5200
7900
5500
22500
5300
5200
8900
5500
57300
3200
4200
4300
3200
3200
3400
3300
3400
8100
7600
6400
3600
3600
3400
4500
5600
3600
3500
8200
9600
4400
3900
3700
4000
4300
3800
3600
6900
4200
4100
4000
5800
4000
3900
3700
4200
4100
4300
4100
5100
4500
4200
4300
4400
4400
4500
7500
4600
4500
5300
4400
4300
4400
4300
22500
4700
5700
4700
4600
9100
5000
4900
5200
4800
4800
4900
4800
5600
5100
4900
5000
5100
4900
5600
8600
5000
5100
6700
5300
7100
5800
5200
5900
15900
7600
7700
16400
6800
6200
6400
6200
6200
7900
6200
25400
6600
6700
8800
5600
56300
3400
4200
4200
3400
5000
2900
3300
3400
6400
7000
6000
3300
3300
3000
6100
4900
3300
3000
6400
9700
3900
3400
4000
3800
3600
3500
3800
7200
3600
3600
4000
3800
3500
5300
3900
4200
3700
3900
3800
4600
4500
4200
4300
4200
4100
4100
7000
4400
4300
4400
4300
4300
4500
4500
4300
4300
4800
4400
4600
6000
5000
8000
4500
5100
4600
4600
4500
5100
4600
4400
4600
4500
4500
5400
4800
5100
7500
27900
4800
21100
6000
5500
6000
15200
5300
6000
17900
6000
5400
5300
5400
5300
10200
4800
22200
5100
5100
7700
5200
51700
3200
3900
3700
3400
2900
3200
3400
3000
6600
7300
6300
3200
3500
3300
4600
4800
3300
4000
8000
8600
3600
3800
3700
3500
3700
3600
3700
6300
3500
3700
4100
3900
3800
3500
3900
4000
3800
4200
3700
4600
4100
4000
4000
4200
4100
4200
6800
4300
4200
4300
4200
4100
4100
4200
4200
4200
4600
4400
4200
5500
4700
14800
4600
21900
5000
5100
4900
5700
5200
4900
5000
5000
24300
7400
4900
5700
4800
20700
4900
6400
5100
4900
5000
5000
7400
5000
4900
5700
4900
5000
14000
5000
5000
5700
4900
4900
4900
5100
5300
53000
3500
4900
4300
3800
3400
3700
3700
3600
8000
6800
2900
5800
3300
3300
4100
4800
3300
3200
6000
9000
14200
3800
3800
3600
3600
3600
6500
3900
3400
3600
3900
4100
3700
3500
4300
4100
3900
4000
3500
4700
3900
4000
4200
4000
4000
6800
4300
4500
4300
4200
4200
4300
4200
5300
6800
9800
8100
4800
4800
6900
10200
9900
5300
5000
5300
5100
5100
5900
19400
5100
5300
5000
5100
8700
5500
5900
5100
24600
5000
6900
5500
5500
8400
5100
4900
7500
5000
8200
5100
5200
5100
5000
18000
6100
5100
5100
5100
5200
7800
41300
4200
3300
5200
11900
5500
17600
6000
4600
3200
3400
3500
3500
7300
3600
10100
3600
7200
3500
3500
11700
3900
8300
7000
3900
4100
3600
3800
3700
3400
3800
3700
3600
3600
4100
3900
3500
3900
4000
5900
5400
4400
4400
7300
4200
4500
4200
4400
4300
4400
5000
4400
4500
4200
6000
4800
4500
4800
4600
7000
6100
4700
4500
4500
4700
4600
5100
4900
4800
4600
4600
4700
4800
8200
4700
4700
4800
4700
5300
4700
7100
4800
5200
27400
5000
5100
7700
5800
5000
5900
5200
5700
5200
4900
5700
5200
5100
5200
5800
8400
40500
3400
2900
3000
4000
3200
3500
2800
3200
3100
3500
4200
3400
3200
4200
6900
13300
3300
3400
3200
8600
3800
3600
3900
4000
3600
4100
3800
3700
3800
3600
3900
3600
3500
3600
5500
4800
5000
3600
5300
6900
4000
5100
5000
5100
5200
5200
5100
5100
5100
5500
5200
7500
4300
4300
4700
4300
4600
4300
4300
6200
4400
4200
4600
5200
4500
4600
7300
4900
4800
4800
4800
4700
5600
5000
4800
4900
5000
5400
4900
9900
5000
5000
14300
5000
4900
5200
5700
4900
5700
5100
5500
5100
7600
5700
6600
5100
4900
5700
4900
41900
3100
3100
2800
4100
2800
3200
3000
2800
5700
3500
4000
3300
3400
4200
4100
6700
3000
3700
3200
8600
4100
3700
3900
3900
3500
7100
4000
3700
3600
3900
3900
3500
3700
3900
3800
3700
4100
4000
3900
4700
4100
4600
4300
4600
7500
4300
4100
4000
4000
5900
4300
4300
4200
4800
4500
4300
4700
5000
4300
8400
4600
4500
4700
4600
4700
4700
4700
4700
4700
4600
4500
4500
5500
4700
7200
5400
4800
5300
4800
7000
5000
4900
14100
5000
5200
5100
8600
5300
5600
4900
5600
5100
4900
5600
5100
4900
5000
5600
4900
46200
3100
3700
3000
4300
2900
3200
3200
3000
3000
3500
4000
3200
3400
4500
4400
9000
3100
3000
3300
8700
3900
3400
3800
4000
3400
5500
3700
3700
3500
3700
3800
3700
4100
3600
4300
3700
4000
6700
4000
4800
4300
4500
4300
4500
4800
4300
4300
4200
4300
4200
4300
4300
4200
7200
4400
5800
4600
5000
4300
5200
4500
4700
4500
4500
4600
4700
4700
7100
4900
4600
4700
4700
4600
4500
5300
4700
5100
4900
4800
6500
5000
7700
13800
4800
4800
4800
5700
5600
5600
4900
5400
5200
6500
9200
5200
5000
5000
5600
5100
40400
3000
3100
3200
3900
3100
2900
2900
3000
2800
3100
6600
3000
3300
4200
4000
6500
3300
2900
3200
9200
4700
3700
3600
4100
4000
4300
6500
3600
3900
3800
3700
3700
3800
3800
3600
3800
4300
4000
3700
4800
4000
4800
4300
4900
4900
7000
4300
4200
4300
5000
13000
4100
4300
4800
4300
4100
4600
4900
4300
8100
4900
4800
4700
4700
5000
4900
4900
4800
4900
4900
4800
4900
4800
4700
8300
5000
5400
4900
4700
6700
4900
4800
5000
4900
4900
5000
5000
7700
5000
4900
5100
5000
6000
5100
5100
5100
5200
6000
5700
41600
6800
4500
3300
3800
3200
3100
3200
4700
3200
3000
4100
3200
3000
4200
3900
6800
3200
5500
3000
8300
3900
3800
3600
4000
3800
4200
3900
3600
3600
4000
3900
3500
3700
3900
3600
3800
4100
4000
3600
7600
4000
4700
4200
4600
4500
4200
4300
4200
4500
4300
4300
4200
4300
4800
7000
4300
4700
4800
4300
5300
4700
4700
5300
4700
4700
4600
6100
4800
7300
4800
4900
4900
4600
4600
5300
4700
5500
4900
4800
6500
5000
4900
7700
5200
4900
4900
4900
5000
4900
4800
4800
4800
6100
5100
4900
4900
5100
8400
5100
39900
3000
3300
6000
5900
3200
2900
4100
2900
4500
3200
3600
5700
14000
4400
4800
3400
4100
4300
3500
