1168000
39900
84100
56300
49800
9800
14500
11900
12300
11200
88300
12700
57100
12800
12300
11500
12600
14400
12800
12700
68400
73100
26100
88700
110500
122200
25100
16500
17500
18200
17000
70700
19600
19000
17900
18400
167700
18700
21800
20300
100300
24100
114100
21800
23100
56400
23500
25400
23200
25900
25800
25900
32100
27900
35700
26100
25300
96600
26100
26300
81400
165800
180100
29100
33100
39600
35700
29700
29600
29900
33100
31600
32500
134000
30900
32700
292000
265800
32800
32400
219400
38700
37000
40300
36800
36200
36900
274100
298600
39900
38700
155400
125100
38500
45500
39000
40500
38300
43900
40200
39300
11800
24900
8500
9800
44500
10500
11200
10600
38500
10500
10400
10900
11600
16500
12400
12400
12000
12400
12900
38500
39400
16900
38500
59700
61500
17600
17700
16800
16800
17400
39500
20000
18000
18600
18100
76000
18600
18800
19700
62100
9400
67300
8800
8700
23100
9100
8900
13800
9000
9000
10600
11500
10800
10400
10200
9600
34600
9100
9300
45400
111400
117700
11000
11700
12900
11100
13600
11500
11000
11700
14100
11800
59400
11400
11900
181100
177800
11600
11900
154600
16200
13800
13600
14800
13800
15100
218300
125400
16500
14000
55900
51800
13700
15400
15300
14100
13900
15800
14200
11300
3600
12400
3800
4300
22500
5800
3800
3800
24800
3700
4100
16200
4200
4100
9200
4000
4200
4000
4000
28800
8500
24400
28000
16200
6100
7500
6600
22900
10000
21400
6200
16400
7700
6500
6300
7300
6700
7400
6800
34900
8400
33800
9000
9900
16500
9200
8700
9200
9000
8800
11600
11100
9900
9800
13400
9000
25400
9000
9600
25700
58600
56800
10900
11100
12800
11300
11500
11000
11500
11600
12300
17000
41700
11300
12200
108200
113200
17200
15100
80000
16800
13500
14600
15800
13400
15100
125300
119700
20600
14000
75300
46700
14300
15100
15300
14200
13800
20200
15000
4400
3600
3700
3900
4400
9600
4100
19800
3700
7700
4200
3800
9000
4000
4300
4400
4700
3900
4100
4200
10300
8200
12400
18500
12500
5800
7300
6600
6100
7100
18000
7000
15200
7200
6700
6300
7100
7100
7500
6600
17800
30100
13900
25400
29300
29200
10100
8800
8600
9200
8500
25100
10400
9100
8800
13200
39700
9100
8900
9500
24300
45500
48600
11000
11100
16500
11200
11100
11000
11200
11400
13200
12800
49800
18300
14800
128200
128800
12500
11100
71000
20600
13100
12900
14500
13200
14500
104700
113600
15700
13800
44500
43800
18500
15000
15100
13900
13800
15800
14000
3800
3400
3900
3600
4500
41900
4300
14500
4300
3700
3800
3900
3700
3900
5400
4100
5200
4000
3900
5000
29100
7000
12200
39600
10900
5900
8100
7000
6200
7900
22800
8200
13800
7000
6500
6100
7200
6700
6900
6600
36800
21000
9800
19300
30800
27900
10100
8800
9300
8600
8500
55000
10600
9100
8900
9100
43200
9200
8800
8900
50800
11300
30700
40500
10900
37400
11300
11200
10600
11100
10900
12600
13300
12600
12400
12700
11200
24300
11100
11200
71300
14800
13100
13000
14800
13100
14800
102700
97700
15500
13900
47800
44200
15000
17500
14900
13800
13900
15400
14100
17500
3700
14200
3800
4400
9300
4300
24400
3800
26500
4400
4000
4100
4100
4100
4700
4400
4500
4400
4200
17800
7000
20300
16400
9800
6200
7400
6300
19000
7300
18300
6400
14300
7100
11600
6500
11500
6800
7300
6500
21100
17800
9600
21800
36800
27700
9800
13200
22600
8700
8900
28800
10600
9400
9200
30300
40800
9000
9300
36200
32200
11100
30600
18200
11200
16900
11300
11000
15500
11500
10900
13000
13100
12500
13600
12600
11500
24100
11200
11600
25600
55900
48900
13300
13700
14900
13700
13700
13500
13800
13800
15400
14000
66000
14000
13900
86600
83400
13900
15800
16100
130000
28700
21400
20400
22600
25400
21000
20700
21400
21600
21100
21700
71200
9800
9700
68200
11200
9500
9500
16700
11700
11600
11600
11900
11500
14800
11600
11700
11700
11400
12500
12000
11800
78500
13200
11900
12800
12100
12000
15600
55600
14300
15300
18300
47500
14000
14100
16900
14800
14100
43900
15200
14500
56900
14400
15000
15300
14500
15500
27500
55600
15700
21700
35200
15500
43600
16300
17800
93700
69200
16000
15700
15600
15800
15800
62100
15900
15700
87600
155200
26000
15900
23100
20800
15000
21300
13600
13600
14400
13800
17800
13800
13800
16900
61400
47200
14000
13800
28000
14400
9100
9100
13300
8800
9300
9300
32500
9800
9200
9200
9300
63400
9400
9200
9400
70500
10000
9900
9600
12400
11600
11400
11700
11600
19000
13200
11800
11600
11800
11700
16800
12100
12100
73100
12600
11900
12700
11900
12200
15500
61200
14000
15100
14000
47800
14000
14100
16200
14200
14200
48500
15200
14200
51900
14100
14700
14400
14400
15300
19000
55900
16500
18800
37800
16400
47700
16600
21300
113200
94500
23500
16900
21600
14700
14700
57900
14300
21800
80300
143500
18700
7300
15500
11500
7100
20600
6300
6100
6100
6000
6200
6100
6200
7700
40300
34900
6500
6400
24200
12600
7900
7500
7100
7400
7600
7600
7200
8000
8100
7600
7400
8100
7600
7700
7500
7900
8800
8000
7600
13600
34400
8400
9000
8600
8600
8300
8500
8500
8400
9200
8600
13800
68500
9200
9200
62900
69900
8900
9000
15500
50600
9600
10400
9500
44400
9600
9300
10500
14100
9600
39600
10600
9700
45400
9700
9800
9700
9800
10400
15900
46200
9600
11200
37600
9400
36100
13700
11700
87800
58800
9800
9700
9600
9700
14000
56800
9800
9800
74600
142600
17700
11400
15300
11100
6900
13400
5800
5900
6200
5700
6000
6000
6100
7400
34000
38800
6400
6200
19200
12300
34600
7300
7000
7400
7400
7500
7200
8400
7900
7400
7500
12600
7600
9200
7400
7600
7900
7900
7600
9100
31800
43100
8900
8500
12700
8500
8500
9100
8300
9100
8600
9000
65600
9700
9200
66900
8900
48500
10500
10600
9600
9500
9400
9500
9500
10900
14200
9500
43200
9600
10400
9700
9500
69900
11100
9700
15200
10000
10000
11900
47600
9600
10500
28800
9500
41400
10000
11000
85800
57900
9800
13700
9700
9600
9700
54800
10200
9700
77200
143600
18000
6800
15100
11300
6800
13800
5800
5900
6200
5700
6000
6100
6000
7200
38500
35900
6900
6300
19900
12200
7400
7300
7100
7300
7500
7500
7300
9500
7500
11700
7500
7500
7500
70500
8300
7400
8200
7800
8200
8900
31700
35300
13700
8500
51700
8600
8400
8500
8500
8900
8500
9300
69100
10400
11200
63800
8600
8800
8900
27300
9800
39100
9700
10000
9400
10400
9400
10200
9300
9400
10400
10100
9600
74500
10200
10200
10800
10000
9700
12600
51500
9500
10400
13800
43000
9400
9600
11000
9600
9500
41100
10800
62000
93300
46800
11200
9900
9700
10700
142500
18700
6900
15200
11200
7300
13600
5700
6100
6100
5700
6600
6000
10400
7800
33700
34500
6200
6200
19500
33900
7400
7300
7200
8800
8500
8400
7800
10400
8400
10900
7600
8500
8400
7600
7700
9200
8900
8500
7700
10800
33200
12600
9100
8500
8500
8400
8500
8300
8500
9800
8600
9200
65000
13700
9600
64600
8900
8900
9000
10800
9300
9200
9300
9300
9300
15500
9400
9400
9300
9500
10500
9900
9600
71800
10900
10100
12000
130900
24900
20200
92600
93500
18200
23800
76700
161700
15500
18400
18800
15800
75500
17500
16200
76700
129300
131300
19100
22100
17600
252900
43100
10000
11500
16600
9700
19700
9700
11900
48400
31500
10300
12800
10200
26600
10200
29800
10000
10200
63700
19700
14200
98600
12900
12300
12600
12500
12200
98700
12400
12700
13700
18700
13100
14200
13100
108300
13700
13000
12900
15000
64600
14000
15000
14100
14100
19600
14000
14100
14200
15200
14400
15000
16500
15200
15400
14700
17100
16800
16500
24000
16900
69700
19600
89200
67200
15000
18000
21800
15800
18300
16800
15700
127800
16400
72000
136300
18300
19500
23400
19700
17500
17600
16900
16900
18000
16700
15800
124700
16100
16000
21400
16100
16200
15900
16200
16100
16000
16200
17700
335700
13500
17600
9600
9800
22000
9400
11400
10200
10300
27200
36100
11000
17900
12500
10600
37600
10500
16700
10700
17000
12600
13100
13100
26000
12700
13400
13400
107100
11800
12400
12700
12600
12300
12800
13400
103000
12900
13100
96900
15500
62900
13900
15100
14200
14800
19500
14600
14300
14400
14900
14700
15600
15200
14800
14800
14800
14900
14900
17100
17400
20700
65300
18500
88700
71200
16700
18800
16700
16000
15800
21200
16000
131700
16100
16200
126000
16500
16300
16300
23900
16400
16800
17400
16100
15800
16000
15700
111900
15600
15100
45900
15700
15200
20400
28400
16700
17800
16600
18100
348300
11200
11400
10200
9700
35000
16200
13200
10200
10000
28500
37700
11100
12000
12800
11000
53700
11000
11500
11000
20700
18600
13100
12600
12400
12500
12500
12500
13200
13400
70700
15200
14700
13300
13800
13800
34000
14700
13200
13500
21800
15900
107100
15500
13000
13400
14000
12800
122100
13800
14100
13800
20900
14600
15600
15300
106800
16000
15200
15300
41600
17000
78700
20200
84900
66900
16100
17100
16400
17000
16500
16700
16400
144700
20900
17000
115800
17100
16600
16300
19400
16200
17500
23600
16400
16300
16200
15800
110800
16800
16800
16400
16700
16400
15900
16700
19500
19000
19200
19700
347300
12600
14600
10400
14900
23600
10000
13800
9900
17200
24900
28600
10700
12000
13600
12200
34900
11800
11000
11400
20500
14500
14300
13500
19500
13000
13400
14000
12200
12600
12800
13500
13100
12900
112500
13900
13200
15800
13700
13600
14700
16500
97100
14900
14600
14600
65300
14800
95900
15100
14800
15100
48500
17400
16700
15500
100900
18500
126100
16500
18000
203900
18500
18300
16800
17000
17500
17400
17400
68400
17300
16400
17800
23000
117900
17400
16900
16600
16900
17000
19600
16200
16000
16400
16300
22600
16400
16200
185600
16600
16200
16300
16300
16500
16700
16700
16500
16400
18000
26200
333000
11500
12100
10800
10200
21600
10800
11700
10100
10300
24300
33700
10300
12500
12500
11200
29300
11700
11100
13500
19400
12600
13000
12500
12600
12700
12800
12500
19500
12900
12700
13000
13800
13000
13200
13300
13900
13800
13400
13700
14400
14800
89300
14400
14800
19800
14200
13600
195200
18800
16900
16800
16800
15800
16300
15400
107200
18600
17200
17700
19800
70900
18100
19500
18700
17900
18400
41700
23000
34500
27300
29700
29400
25600
19700
19200
19200
19300
19400
18800
22300
17800
79700
22500
194100
71800
17800
19000
18000
17700
32000
16900
22100
119600
17000
16300
204300
18900
110000
17400
398800
11700
13600
10800
27800
22200
11200
12800
11300
11800
25800
27800
11900
19000
13900
12300
29800
12100
12300
12100
19800
14400
14800
14700
14600
15200
13900
14200
13300
53400
16000
15100
8200
7800
8100
30800
8200
8000
8200
8200
9400
9800
213800
32700
8900
46800
8900
9300
106000
9300
62200
8800
8900
9100
14400
9100
56100
9800
9200
17900
10800
108200
9600
10400
13900
9800
9800
9700
9700
9800
9800
9800
11200
10900
9900
11700
10400
10200
10600
14800
11500
10500
36100
12100
47300
36500
9800
14900
10000
9900
9900
10200
9900
135600
10200
10000
64500
10600
14800
49200
143800
6100
6100
5900
5800
5900
5900
5900
14300
6000
6200
5900
10400
6400
5900
16300
6200
6200
6100
7800
13400
7700
7600
12600
7600
7600
7800
20200
7700
8100
7900
8300
7800
7900
8100
8200
128800
10700
8400
8000
14700
8800
8500
9500
8700
9000
8900
9200
8900
8800
9000
9400
9100
9500
9000
8900
13500
9300
9400
9300
10700
42800
11100
32900
9800
9700
10000
14000
9900
9800
10100
10100
10000
10000
10000
11200
45600
10200
14400
10300
13300
9900
10000
9900
10100
9900
131700
10200
11500
12700
11400
13600
11600
11000
13600
11100
10900
60500
11000
116200
141000
6300
7200
6000
13600
6100
19300
5900
6000
6100
6300
6200
6600
6600
11600
7700
6400
16800
6500
6600
12400
7900
7900
7900
7700
7900
7700
7800
7800
7900
8000
8000
7900
12200
7900
8200
63200
7800
8000
8100
9800
10600
8500
9500
21400
8900
8800
9300
13100
8600
8900
9300
8800
8900
9000
8900
9600
9000
9200
9100
10700
46500
11000
31100
9600
9600
9700
25300
10000
9900
10000
9800
9900
10700
14600
11300
50800
9800
11800
9800
12600
9300
9300
9300
9200
9400
52000
9500
9400
10700
9400
10900
10300
9500
9500
9500
9600
81500
9700
66400
134900
5800
5500
5600
13000
6300
23000
5800
5900
5900
5800
5900
6000
5900
6900
7300
6000
6200
6100
6600
12600
7400
7700
7500
7400
7300
12000
7500
7400
8500
7900
8100
7500
7400
8100
14800
8100
7600
7700
7800
10600
8300
8300
8900
8300
12600
8600
8500
8400
8900
8400
9100
8600
8800
9000
8700
119900
8700
13600
9000
10900
42000
10200
30200
9300
9200
9200
9800
13800
21300
10700
9600
17700
14600
10700
9500
49800
9500
10000
9100
15700
18000
8800
8700
8800
9400
106600
9100
8800
10100
10700
9700
14200
9200
9300
9000
9100
51700
9000
75100
133900
5400
5200
5400
12200
5400
17100
6900
5600
5600
5400
5500
5600
5600
8300
7300
5500
5700
9800
5800
11200
6700
7200
6900
6800
6900
16500
7000
7000
7000
7500
6900
6900
7100
7300
7300
7200
7400
7300
7100
12500
39400
9000
8400
7800
7800
7700
8400
7800
8800
8700
8300
8600
40600
8100
8100
129600
8200
8900
8200
10100
8600
32300
9200
8600
8600
8700
12300
8800
9200
8700
9400
8900
8800
9500
8800
13000
8900
9100
8900
11100
8700
8700
8700
8600
8800
44500
9100
12700
9800
9500
9600
9600
8800
8900
8900
9500
54900
22600
65900
133100
6000
5100
5500
12400
5300
17600
5200
5400
5600
5500
6300
9800
5700
6500
6800
6000
5700
5800
5700
12400
7000
7200
7400
7100
6800
7100
6900
6800
6800
7400
11100
7100
7200
7100
7300
7100
8900
7600
7200
8300
7800
7700
17000
8200
7900
7900
7800
7900
12300
8000
8600
8000
8000
8100
8200
91200
8300
8700
8300
11400
13900
9400
9400
9100
8600
15300
11200
8900
8700
8800
9400
63100
10800
8900
8800
8900
9000
9100
9100
10100
38400
12100
32200
8700
8700
8800
120500
9100
8800
9600
9100
9000
50500
9000
9000
42000
10200
10400
9200
129300
5300
5400
14400
12300
10300
17000
5200
5400
5600
5400
5500
5600
6100
6500
6700
5500
5700
5700
5700
11800
6800
9300
9000
8000
7000
8800
8300
6800
8100
8500
9600
7100
7900
8500
8700
7100
8200
8200
7100
10400
29400
11800
8300
9300
7800
8100
8200
7800
8300
9500
8800
8000
8000
8100
7900
123600
8200
8700
8900
10100
10300
8600
9200
8700
8600
8600
9300
8700
12800
8700
9400
8900
9200
13300
9000
9100
45200
9400
9000
9900
42400
10100
42000
8900
8600
8700
8700
9000
8800
9000
8900
12800
8900
8800
9000
158500
9200
9000
9000
131100
5300
5500
5400
5200
5900
12000
5400
5300
6900
6900
6700
6600
5600
5500
5600
5600
17600
5800
17100
12900
7100
7500
7000
6700
7500
6900
7400
7000
11100
7500
6900
7000
7200
7400
8200
9200
7200
47600
7100
9000
7800
7600
123300
7800
8200
8000
8200
8200
8000
7900
7800
8400
8000
36700
12000
8200
8100
8200
8100
10400
10100
8600
9500
8400
9100
9000
9600
9400
12700
126600
9000
9000
8700
20900
9000
9000
9800
9400
9500
10900
12800
8800
8900
46700
10200
8600
8800
9000
9000
8900
9100
10500
9200
14500
9000
9400
8800
9000
9600
127500
5500
5100
6500
5400
5600
14200
5200
9500
5800
5500
5700
5400
114800
44500
14500
43300
12900
14400
19400
25400
19400
19000
19600
20100
144400
19900
18700
19100
19000
20200
19600
19600
22000
23900
19300
20400
19900
20100
19700
24200
21700
20700
245600
23000
21700
22800
23300
22800
22000
22300
22800
22100
22400
111200
22600
22900
22500
22500
22700
28300
24500
23900
25000
23600
24100
30200
23700
23700
26800
240400
23000
23200
22100
24200
24400
24600
24900
24400
25300
35800
23600
26400
24200
126900
25600
26100
24500
24500
24700
25000
24700
30400
24500
26900
25000
25200
25700
24100
25900
363200
17000
12700
15100
13900
20500
33800
10000
9100
9500
12000
10400
10100
9600
22900
10000
13200
10500
12800
12900
82700
13000
12300
12200
12700
49600
14100
14200
16100
12900
14700
13600
13300
12600
14200
16000
13800
13300
19800
13500
14400
13500
14900
13500
13900
13900
14000
14200
14300
14400
14700
14800
15600
15000
17900
21800
16500
15500
310300
33400
21200
19700
17300
17600
21600
18300
16700
16900
17200
17500
111100
17500
17400
17700
17400
17700
16700
22500
19300
17700
19400
18000
17000
16900
180700
18300
17300
17000
16900
21900
18800
17400
17000
16900
18000
17300
16800
15900
17200
17300
287500
11600
15400
12500
11100
10900
25700
10800
10700
11000
18500
11300
16300
17800
32500
17900
19400
11400
13600
19800
18100
13400
14000
13800
13600
13700
14900
13700
12800
14500
13300
13900
13400
13200
13200
13600
13800
13100
13400
19200
16100
14700
14600
13700
13500
13500
13200
13400
16100
13800
14500
32000
14800
13900
14000
16500
16700
16200
93200
16000
19900
16500
16400
132800
23400
17500
16300
17400
17300
15500
15700
15500
15100
32000
72600
16600
110400
17800
17200
17800
20400
16700
17000
17400
161900
19300
22700
17100
19800
17200
15800
17300
17000
17200
18700
17500
17400
24500
18600
17900
290200
10600
9900
12100
10500
10400
25600
10500
10400
10400
10300
10900
16100
10600
23700
11600
14300
11200
13000
14200
19700
13100
12700
13100
12100
12400
13700
13100
13200
12500
19100
13700
12800
13200
13300
13300
13700
13600
13400
13300
15200
14500
15700
15800
15100
15400
17600
16100
15500
20400
15800
15900
15600
15800
15600
15700
16800
16100
102100
16300
19900
22000
16600
157900
16500
15700
17500
16900
18000
16300
15700
15300
21300
15300
69700
15600
18300
15500
15600
15900
21200
14500
15100
16700
20400
17500
15400
15500
15900
16700
103200
15500
10300
9600
10000
131600
10100
9800
9000
9100
76100
6300
5800
7700
6000
6200
20500
6000
6500
6100
5700
11800
6400
6100
18800
5800
9300
6300
10900
9300
13400
7700
7600
7900
8300
7600
8100
7800
13000
7900
7400
8300
7900
7800
7600
7800
9200
7700
8000
8100
9600
8600
9200
8600
8800
9600
8500
12400
8100
8500
8700
8700
8700
9000
8900
10800
9700
9700
90000
9100
16900
9400
9200
123600
9800
9600
9500
10700
10600
9400
9600
15200
9700
9500
163800
8800
8800
9200
9100
9400
15100
9700
9700
16600
9200
12300
10700
10700
10000
10600
108200
10600
10800
10600
10600
16100
11400
10600
10700
10600
157600
6400
5900
6700
18600
8100
5900
5700
6000
6000
11100
8200
6100
6100
8600
6000
5900
5800
5800
21000
12900
7500
12600
6800
6400
6600
7000
7000
6800
181200
8400
63000
13300
8300
12700
8600
11500
7300
17100
9500
13300
66300
8000
7700
7400
7500
7500
7400
7600
8200
7400
58500
7800
8400
7600
8300
10000
7400
7500
187000
13100
14300
51000
8400
8400
8200
8200
8500
8500
11300
8400
9900
8600
8700
11600
15600
8400
8500
8700
8700
12000
9400
8900
8900
81900
9400
15400
10100
9300
9200
9500
9300
9000
11000
9200
10500
9100
9100
197400
9800
73000
6300
7200
20800
5600
5800
5900
5200
5700
5600
5300
5900
6900
6700
5700
6000
11100
6100
5500
5400
58200
6800
6400
6300
7000
6600
6600
6500
6300
6500
6400
6500
78500
6900
7100
7000
6700
6500
6200
7100
8800
49100
8000
7600
7300
7100
9800
12600
7600
129400
8200
112800
5600
6000
5200
5600
5300
5000
5300
69200
7400
5500
30600
5300
5400
5300
5200
5200
5200
7500
7300
7400
7300
6500
9100
7300
6600
6400
8200
6000
10400
6400
6600
9800
117400
5200
5400
5400
5400
5200
5200
5300
5300
6500
5500
8600
9600
6000
50200
5700
43100
3600
4400
11900
3500
3300
3400
3000
3300
7100
3200
3200
3200
3200
4000
3500
3200
3300
3400
3500
9500
4100
4000
4100
4100
4700
4100
4000
3700
168100
4500
4400
4200
4200
4400
4200
4200
5200
4600
5500
29600
5100
8700
4400
4500
4300
4900
5000
5100
43700
4700
29000
4700
8800
4500
5000
4700
5300
4300
5200
6000
4800
79000
5100
5000
9000
5400
4900
5000
6200
5000
5800
5100
5200
5600
5800
5000
5100
5300
6800
13200
5200
5000
8400
46300
5200
5200
5100
5200
5100
5100
5000
5400
6300
5300
6500
5200
5200
50500
5700
45200
4300
12100
13500
3900
3900
3500
3800
3500
3800
3900
3900
3800
3500
3800
4100
4000
3700
3700
14400
9400
4900
4100
8800
4800
4200
4100
4500
5100
4300
3800
4100
3700
4300
4400
4400
4200
3800
4000
4400
5100
5000
4700
8600
4500
5000
6800
5100
5400
119100
5500
29800
4600
4500
8800
5300
4600
4900
4600
5200
5800
28900
5600
5100
5000
5100
9200
28200
4800
5400
5000
29700
4900
5500
4900
5400
4900
8700
5100
119800
7000
5200
5200
7300
44800
5200
9400
5900
5300
5200
5200
5100
5100
6000
5300
6800
5400
5300
54200
5500
42900
3500
4100
24600
3300
3700
3400
3500
3600
3200
3300
3500
3600
3500
4700
3900
7700
3600
3400
6300
9400
4800
4100
4100
4200
4200
4000
4300
116000
4400
4600
9900
4200
4300
9200
4300
7100
6400
4000
6300
7300
7000
5800
7600
7400
7500
7600
7200
7900
52300
6100
28700
4700
4500
4500
5000
4800
5200
4800
4800
6400
33500
5700
5100
5000
5600
6000
5100
5100
5600
5100
88500
9300
5600
5000
5600
5000
4800
5000
51400
6800
7200
34800
5500
5100
5200
5300
5100
5200
6800
5500
6000
5300
5300
6200
5900
23000
5700
121800
5900
41900
3600
4300
11200
3100
3500
3500
3000
3300
7700
3100
4000
3200
3300
4200
3300
3400
3400
3100
3100
8800
4900
4000
3900
4200
4100
3900
4000
4200
4000
3800
8200
4000
4600
4500
4200
4200
3800
3800
4200
4800
4900
4600
4400
4400
4400
4900
4700
9200
44100
4600
28300
4600
4500
4500
5000
4900
5000
4800
4900
9800
30600
5800
5100
6900
5000
5000
5200
5100
5600
5000
92200
6600
5900
5000
6400
6200
5000
5100
58100
6800
10000
28700
5400
5300
5300
5200
5400
19500
6900
5800
6600
5700
5600
11000
6600
5700
97000
5800
5700
42000
3700
3400
3500
10300
3200
3500
3300
3300
4300
4400
4100
3200
6400
4500
5300
4200
4200
13700
3400
19300
8700
4200
4100
4900
4100
4400
4300
3900
4600
4400
4400
4400
4200
3900
4200
4400
8600
3900
6200
5600
4400
4600
4500
5000
4900
5100
4600
4500
4600
6100
4800
4600
4600
21900
4800
4800
5000
5200
5400
7100
5400
5100
6200
6400
5300
9500
4900
9200
5000
4700
4900
4900
4800
5000
5100
5100
4900
5100
4600
8200
5600
49200
5500
6400
5800
5200
5200
6400
5500
5300
5300
5200
5300
5700
45600
6800
6600
5900
5900
43900
3500
3900
3500
3600
3700
3300
3700
3200
9500
3700
10400
7900
2900
3400
4900
3500
16100
3600
3300
12500
9800
4600
4300
4500
5800
9000
4300
4200
4500
6100
4400
4700
5400
4600
6900
4300
4200
4000
4200
5700
4700
4800
4700
4700
9200
4900
4300
4300
4300
4200
4400
4400
4500
4400
4800
4300
4500
4500
5100
10400
4900
5400
4900
5100
4900
13000
5100
5200
5200
4900
15300
5400
5400
5300
9700
5200
5300
5400
14200
8300
5600
140100
5600
6400
5500
9900
5700
6500
5600
5500
5600
5700
5500
5500
41400
6500
6200
5500
10000
45900
3400
3600
3500
3200
3500
3200
3400
3500
4600
3600
10000
3600
3300
3500
4700
7800
16200
3600
3700
9700
5100
4500
4200
4300
4000
4200
4200
4000
4200
4500
4300
4300
4200
4700
8800
4100
4100
11900
4900
5200
4800
4800
5000
5200
4700
5400
4900
4900
7400
4800
6200
9400
4800
4600
4700
4900
4600
4500
5000
6700
5000
5100
4900
6200
5100
10100
4700
4800
5000
6400
5000
4800
4800
5000
5200
4900
6500
4900
5100
12100
5300
49700
5200
6000
5000
5000
5200
5900
5100
5100
5100
5200
9100
5300
41700
10500
5900
5600
5500
44800
4500
3800
4100
4000
3700
9000
3800
3900
5500
4000
12300
3800
3800
4000
5500
4000
21300
4200
4400
9500
5300
4200
8500
4500
4200
4000
4200
4100
4000
4300
4300
4400
3900
4400
4500
4200
6300
4300
4300
5200
4700
4500
4700
9500
4800
4900
4900
4800
4600
5200
5100
5400
5800
4800
4800
5100
5300
8800
4800
6200
5100
5000
5000
5000
5200
5700
5100
5200
5200
5100
5300
5800
9600
6800
5200
5200
5600
5900
6200
7900
5600
51200
5500
10300
5400
5400
5500
6500
5600
5600
5700
5600
6100
5600
38900
11700
6400
5700
7900
46300
3600
3400
3200
3800
3700
3200
3400
3400
4600
3600
10200
3500
7500
3500
5700
3600
17100
3700
3900
9600
6400
4600
4300
4600
4100
4300
4200
3900
5000
4700
8600
4700
4000
4400
5200
4400
4100
5900
4500
5200
4800
4700
4900
10700
9400
8400
5200
4900
9100
5300
5500
5400
5100
4900
5400
5300
4900
4700
4800
6300
5400
10000
5400
5300
5100
5800
5300
5200
6900
5300
5400
5400
5300
5200
5600
5200
5400
7200
8600
71400
7000
6600
6500
7300
6400
14200
6900
6800
10500
6000
5800
5600
5600
5700
5700
5700
5700
6200
46300
43800
8200
3400
3500
4500
3500
3400
3100
3400
4700
4900
14800
3600
3400
3400
4500
3500
15300
3600
8000
8100
4300
4100
4300
4300
3900
4300
4100
4000
4100
4400
4100
4700
4100
4400
4600
4200
5200
4300
4400
36000
4800
4500
4800
5700
4900
5300
6300
4900
4700
5200
5400
5400
9600
4800
4900
5300
5000
4700
148800
6600
5500
5500
5900
5500
9500
6100
5200
5300
5200
5200
5200
5200
5200
5300
5200
5200
5400
5300
6200
11000
5400
5400
5400
6200
5500
10200
5500
9800
5800
5500
5600
5500
5600
5600
6400
5600
5700
5800
5700
45800
3500
10400
3300
4300
3500
3400
3300
4600
3300
3500
3600
3600
3200
3500
10100
4400
4600
3400
3500
21900
13300
4500
8600
6900
4600
4500
4300
4000
4300
4500
4000
4300
4500
9200
4400
4100
4400
5100
4100
6400
5100
5100
5200
4800
5000
6700
4800
4600
4900
5000
8800
5100
5000
4600
5400
4800
5600
5500
4900
6600
5300
6000
5800
5200
10100
5400
5400
6000
5200
5700
5500
5600
5600
5300
5200
5500
5800
5400
9800
7700
5900
5900
32800
5700
6500
6600
5600
5800
54000
6100
5800
5900
144300
8600
5800
5900
12000
6300
10300
43600
11900
3400
11600
3200
5600
3900
3600
3400
3700
4100
3400
3200
3300
7900
3800
3800
4400
3600
4600
8500
4700
4300
4100
4200
6000
4000
4200
4400
4300
4500
4300
4500
8900
4200
4100
4200
4900
4100
4500
6100
5200
4800
4800
4800
5300
4800
4800
4900
5000
9200
4700
4800
4900
4600
5400
4800
5300
5200
4900
6300
5200
5800
5200
9800
6100
5400
5400
5900
5300
5600
6200
5900
5300
5800
5100
5200
5700
10000
5500
7400
5600
5500
32700
5500
6300
6500
5400
7000
56300
6200
5700
5700
140600
7800
5700
6000
7100
10900
6000
43000
11400
3600
11100
3300
5000
3900
3600
3400
5300
3600
3700
3300
8300
3400
3700
3900
3500
3200
4600
9600
4800
4200
4200
5600
4300
4100
4100
5100
3900
4600
4400
9700
4100
4300
4400
4100
4200
4500
4600
5400
4700
4700
5300
5300
6900
6500
5000
4600
9700
8700
7400
9200
8700
5400
4700
4800
4900
4900
5000
6500
5300
6000
9600
5200
5900
5400
12300
6100
5400
5600
5700
6400
6100
5100
5300
5600
10100
5500
5600
9300
5500
5300
35300
5700
6300
6300
5600
9700
48900
6000
5600
5600
141000
7500
5500
5800
10900
5800
5800
45500
10700
3300
10900
3200
4700
3500
3100
3300
3500
3300
3200
4900
4600
4300
4700
4700
6400
3400
6500
10300
5700
5300
4200
5300
5200
4100
5900
5500
5200
4500
9100
4400
4300
4000
4100
4200
4200
4200
4600
5100
4700
4800
5100
5900
5400
5100
5000
8800
5400
4900
6500
5200
5400
4800
4700
4800
4800
4800
4700
7100
5900
9700
5500
19400
10300
9600
12400
9200
9500
10900
9400
20100
15900
10100
10500
18800
6400
14900
6000
9500
6400
6100
38600
5900
7000
6400
10700
5600
51400
6000
16200
7600
151900
10000
6600
5900
11600
5800
6000
45900
11700
3800
11000
3000
4600
3600
3500
3300
3500
7300
3300
3400
3300
3200
3400
3600
3500
3100
4900
9100
4800
4000
4000
4000
3800
4000
4000
4000
3700
8400
4400
4100
3900
48800
3900
4200
4100
4000
4400
5200
4600
4600
5000
5400
9300
4900
4700
4500
4700
4900
4500
4900
4900
4500
4500
5700
4700
5300
6000
25000
6600
5700
5600
5600
31900
5500
5400
5600
5700
9000
5000
9700
124700
5200
6000
5200
6200
6000
5200
7200
5500
6500
9300
5300
6400
5400
5400
5900
5200
6300
6000
6000
5700
5400
5300
10000
6100
5500
5400
43700
10700
3300
10600
3100
4400
3400
3100
3200
8600
3400
3100
3000
3200
3200
3400
3300
3300
3000
4600
8300
4100
3700
4000
4000
3600
3900
3900
3700
8100
4300
4200
3800
4100
4100
4200
3900
4100
4000
4000
4700
4400
4500
5100
4900
5100
5100
8500
4400
4800
4600
4500
4700
4900
6200
4900
4300
4500
4400
4500
6800
9900
5000
5400
5300
5400
5100
5000
5000
5000
5500
5600
5000
5000
4900
6200
9500
5800
5200
5200
6800
5500
5900
5500
5200
6000
5400
5300
5900
9400
6100
6000
5800
5500
5300
5300
5700
6000
85800
7100
45100
3700
3300
10000
2900
4400
4200
3400
3100
11700
3900
3700
7900
12200
6800
3500
3300
4300
3400
3400
13000
4000
9100
4400
133800
4500
4100
4900
4600
4200
4300
4700
4300
4000
4300
4200
4200
4300
3900
4800
10200
4600
5100
4600
5000
4700
4700
4500
4400
5100
4700
5100
4600
5200
4500
9000
5600
4900
5600
4900
6800
5400
5300
5400
6000
5400
5400
5300
9800
5600
5800
6000
5600
5200
4900
5400
5100
5200
5600
5000
7600
9600
5500
6000
5300
5600
6300
6500
5600
5500
5600
5800
5900
5600
5600
5600
9300
5600
5600
5600
44400
4500
3300
4200
4400
4400
4500
4000
15300
4600
3700
8300
4400
4200
3800
3700
3600
3400
5100
3700
13000
6900
7400
5900
4500
6100
5800
6200
5200
6400
6700
64900
6400
13300
4800
4300
5200
4400
4600
4500
6200
4900
5300
5000
6200
5000
9800
5100
4800
5400
5000
7000
4900
5500
5300
4900
5500
5200
4900
6900
10000
6400
6400
6500
8300
6200
6500
6400
8200
6500
7000
9900
9300
7100
14100
6400
5600
6800
7400
5800
9500
5900
6000
8300
5400
6700
5400
10900
5500
5200
5600
8600
5500
5300
6500
6300
5300
6800
5500
5400
48700
4100
4700
3200
3100
3200
3000
3200
3200
4500
3600
4800
3500
3300
3300
3200
3300
3200
3300
3100
11200
5100
4500
4300
4800
4300
5100
4300
4200
3800
5500
4300
4300
4900
4200
4100
4300
5200
4500
4100
11500
4500
4600
4500
36400
5200
4500
4600
5200
4600
4700
5200
6300
9200
5300
4700
5000
4500
5400
5000
6400
4900
4800
5000
5600
5100
9100
5000
5100
4900
5400
5700
4900
5000
4900
5200
5600
5300
6000
5200
11300
5500
5100
5100
5000
5300
5200
5800
5600
5300
5400
5200
5200
5200
9300
5500
5300
6400
5400
5400
43600
6600
3900
3800
3600
3600
3800
3400
3800
10600
3800
3900
3400
3300
4400
3200
3200
3300
3300
3100
8900
4700
4200
4000
3800
4500
4000
5600
8500
3900
4200
4100
4200
3900
4200
4000
5100
5300
4500
4200
5300
4300
4400
4800
35100
9200
4400
5700
5200
4400
4400
5100
5800
4700
5300
4800
4500
4600
5000
10000
7400
5000
5600
5000
6000
5200
5100
5000
5100
5400
5100
5600
5000
10000
5300
5100
7600
5400
5200
5400
7500
5200
5100
5100
5000
6300
5400
5800
5400
5100
5200
5300
5200
5200
5600
5500
5300
5300
5500
5700
50100
3900
3200
3100
2900
2900
3200
2900
3200
4000
3400
3200
3400
3200
3100
3200
3100
7500
3300
3400
9200
4600
4300
4100
3800
4300
4200
4900
3800
3900
4300
4100
4100
3900
4300
3900
4200
3700
8800
4500
4900
4500
4500
4500
125800
5900
4400
4400
4800
4500
4600
4900
9200
4600
5100
4500
4400
4500
4600
5100
6100
4900
6200
5000
5700
9500
5000
5000
4800
5500
5000
5000
6200
5900
5000
5200
5600
5200
5100
5100
11400
5400
5300
6100
6200
6800
5500
5400
5400
5300
5900
6200
10200
5400
6900
5500
5400
5500
6300
18500
45700
4500
4600
3400
4800
5200
11400
5400
4700
10400
5300
5500
5900
5600
5000
4700
3600
3500
18100
3600
11200
5500
4300
4300
5500
4500
12700
4200
4100
4000
5200
4300
4300
4200
4100
4100
4400
4100
4300
3900
5200
4200
5200
5600
40000
5000
4500
4800
5100
6800
5800
5000
4600
4600
4900
4500
4400
4400
8800
5400
5900
5000
5400
5000
5400
5000
5100
5400
4900
5600
5300
10200
5200
5700
5000
5000
5600
5200
5100
5000
6900
5200
5400
5200
10000
6800
5200
5200
5800
5300
7400
6100
5200
5500
6000
5600
5500
5300
11100
5600
41200
3700
3300
3100
3100
3400
3000
5400
3300
3400
3200
3400
3400
3400
7500
3300
3300
3200
3400
3300
13900
4500
4100
4800
4000
3700
4000
5100
6300
5200
3800
5200
5900
3900
5000
5300
5500
5300
3900
5600
8000
4500
4300
13800
18800
6200
5900
10200
4900
4900
4800
4800
4900
4900
4900
5100
5000
5600
4900
4700
6400
5000
9900
5000
6400
4900
5600
6000
5100
4900
5700
5000
5100
5200
5800
5200
9000
5300
5700
6000
7800
5700
5500
5200
6200
5200
5400
5300
11400
5400
5400
5300
5200
5400
5200
34500
6300
7300
5400
5100
44700
3500
4200
3400
3300
3300
3300
3000
5200
3300
3200
3400
3200
5200
3400
3400
3200
4000
7600
3500
8700
3900
4100
4100
4100
4000
3600
4900
4000
3700
3700
3900
4000
3800
3600
5300
4700
4000
3800
8700
5800
4500
4300
4300
4300
4100
4100
4700
4300
4400
4300
4300
4300
4400
4400
8900
4400
4400
4500
4300
5700
4700
5500
4700
6700
5000
5200
6300
10400
5100
6000
4800
4800
4900
5300
4900
4900
4900
4800
5400
7600
9800
10800
8300
5800
5100
5000
5300
6300
5000
5000
4900
4900
5100
6400
31500
6400
5400
5300
5200
41200
2800
4400
2800
3200
2800
3000
3100
3800
7700
4800
3100
3100
4300
3500
4400
3100
4100
3000
3200
9200
4500
4200
3800
3700
3900
3600
5000
8500
4200
3900
3600
4100
3800
3600
3800
4300
3700
3700
4100
4700
4300
4300
4600
4300
4300
4200
9300
5200
4400
4400
4400
4000
4200
4400
4500
5000
4400
4400
4400
6000
9100
5400
4700
6400
4700
5300
5700
4800
4800
5200
4700
4900
4800
5400
9400
4800
4600
4600
5200
7200
5000
4900
5600
6100
5000
5100
13600
11200
5500
5400
5400
5300
5800
5600
24200
9700
5600
5300
5400
46400
3400
8800
3400
3700
11500
3700
3800
4700
4200
4000
4000
3600
5300
4600
3900
5300
12800
5900
5000
22700
5500
5200
5800
5600
7200
6500
8000
5900
5300
5500
6100
5800
11300
5500
5700
7300
13100
5600
6300
8100
10200
6800
7700
6200
6100
6000
6500
5100
4700
4600
7300
4800
9700
4800
4700
5100
4800
4800
4700
7200
5100
5000
4900
4900
5000
5100
10800
5100
5200
5100
5000
6600
5300
5300
5400
5200
5100
5300
5200
8900
11400
5500
5900
9300
5400
7500
8700
8100
5500
7100
5800
5300
5500
6200
32900
6000
5100
5200
6900
43800
3200
3800
3100
2900
3200
2900
2900
3800
7700
3000
3300
3100
3900
4800
3200
3100
4000
3300
3200
9500
5600
6300
4200
3800
4100
4400
9300
4100
4000
3700
3900
3900
3800
3700
4100
4300
3800
20700
4100
4700
4300
4300
4900
8600
6100
4300
5200
4800
4400
4300
4100
4200
4200
4300
4400
4700
5000
4300
8700
6300
5000
4700
4600
4600
4700
4700
5200
4600
4800
4800
4800
5000
9200
4800
5000
4700
4600
4700
4600
6200
5100
6100
5000
5200
5000
5700
10400
6500
5100
6000
5000
4900
5200
5700
4900
4900
5000
5000
6100
47300
3000
3700
3500
3600
2900
3100
2700
4700
2900
2900
2900
3000
3800
3100
3000
3100
5600
4400
4400
10100
4600
5000
5200
4900
5200
5300
3800
4900
4900
3700
3800
4800
4800
3600
5100
5200
8400
4000
4000
5000
4000
4300
5900
4700
4600
4300
5600
5000
6300
4600
4400
4300
8300
4400
4300
4800
4400
4400
4400
6000
4800
4800
4800
4600
4700
4700
9000
4800
4800
5400
4800
4700
4600
4800
4900
5000
5000
4700
4700
6300
6800
10400
5100
5100
5200
5700
7700
5200
5100
7300
5500
5100
5300
6000
9800
5100
4900
4900
5800
41300
3300
3200
3000
4200
3300
3000
3100
5200
2800
7400
3200
3000
3200
2800
10000
4300
3400
3300
3200
