80100
22000
9000
6600
6500
7300
10600
1149800
145100
18100
19000
10400
37600
19700
25300
22600
15800
18600
16900
16100
62900
24200
19600
21100
19400
25200
60400
22700
20900
25000
21200
20800
24300
24300
24600
103000
26400
26600
23900
23000
34100
79000
31000
25600
26200
251300
31700
27600
27700
27800
28500
27800
28300
30100
37400
30300
28900
30500
33000
30200
123800
33300
33300
34500
182500
38100
39400
35200
35400
116900
35900
35500
42200
37400
39700
38200
38000
37800
36900
37000
50100
186000
41800
41000
45300
42900
246300
44100
44200
300600
44600
47400
46200
47800
47400
53400
46300
48700
309000
47200
48400
34300
11100
10500
50400
16500
38600
12500
12700
12800
13000
13200
15900
14000
22800
15100
16600
15800
15500
15700
33500
19300
19700
19100
19100
19600
34200
20900
20300
22400
20800
22100
23700
23100
27800
46000
23700
22500
24100
23300
30500
47400
12400
10100
10100
121500
12100
10500
10200
10400
10100
12100
14300
10600
12900
10600
10100
10300
12500
10200
70300
13300
12700
13200
88100
13400
17500
12600
13500
151500
17600
13700
12900
13400
15900
15300
13300
13500
13300
13400
22600
113900
15800
18400
19000
15700
151700
20200
15600
222200
18300
18600
16300
19100
14900
29500
16800
19100
193600
18100
5600
4400
4700
8000
33400
4700
11000
4400
5900
4800
4400
4800
5500
4800
6800
5600
5400
5300
5600
5400
11600
7700
7900
7500
7200
7900
9000
60800
48700
8300
14000
7600
7800
7500
8600
8100
7600
7300
8100
7500
16200
66500
13200
10600
10200
117100
11800
12000
10100
15400
9700
10300
10300
10500
10700
12500
11200
10100
12900
10500
74200
13500
13000
13300
90700
13500
15300
14800
13100
65600
13300
13600
12700
13700
16000
15100
13600
16300
15700
13700
22500
124700
16000
15800
22500
14900
141400
18000
18200
193700
15900
18700
15800
23400
16300
17800
16400
17800
187900
15900
13600
11400
4100
8500
13100
4400
14400
4300
4300
4600
4400
4500
4600
5100
6900
5300
5800
5300
4800
5600
10300
18400
7100
17700
7500
7000
10200
66000
101900
8500
9000
7600
7900
7200
7900
7800
7500
7500
7500
7900
20100
10400
10100
10100
9900
10800
19200
10300
11000
12700
10200
13800
10500
12100
12000
28600
10800
10100
10400
10800
105900
12600
10500
9700
44000
12100
16600
16300
11800
26900
9400
9200
8900
9500
10500
10100
11700
8900
11000
9200
15300
43800
10600
14400
12300
12200
51400
11100
11000
80700
11300
12500
14200
12600
10900
12400
11100
12600
78900
11000
8300
5900
3000
7900
8400
2800
2800
3200
2900
2900
3000
2900
2800
3200
4400
3500
3600
3500
3000
3600
7400
4800
4800
5800
4900
4600
5900
26500
30700
5500
5800
5300
4800
5300
6200
5100
5000
5000
4700
9100
16700
7200
16500
6800
6600
17200
16900
6700
7100
9100
9500
12900
9400
8600
8300
37300
7500
6900
7300
6900
12400
23500
10800
9500
8400
49800
10000
9100
8800
8600
9400
8900
8700
9000
8600
9100
9000
8600
10400
9100
14200
42300
13600
11000
11900
10800
47100
13100
53500
72300
11200
15200
11000
12300
11000
12000
11100
12200
71500
11300
12400
7200
3400
2900
8000
2900
8400
3000
3400
3000
3100
3000
2800
3200
4900
3500
3900
3300
3300
3400
7000
21000
5000
24700
4900
4800
5500
31000
29900
5300
6100
5100
5100
6900
5700
4900
5200
5000
4800
6800
12400
7600
7100
7500
7000
9400
15300
7900
8600
9500
8200
7400
7900
8700
9400
16600
7200
7900
7000
8700
14600
36400
11600
31200
31700
54400
9800
9200
9100
8600
9000
8800
9300
9400
8900
8900
9700
27900
15600
10900
33100
13600
15700
12800
36400
12800
14200
13000
12400
27000
13000
12900
13000
13500
14400
14500
13100
12600
17400
13700
13700
8400
8800
8300
8000
9200
13300
12000
8400
8700
9600
9100
8600
8400
8800
8900
8500
8300
8800
9200
13300
193500
34400
22800
21900
22400
24400
24700
97300
22400
24900
23200
23700
25200
22800
23600
25900
203200
23800
22500
80400
25800
24300
98000
22200
14900
14900
43100
15700
16100
75300
15600
14500
19800
78600
15100
14600
14800
14900
16000
27500
17600
57100
75000
17500
16200
17600
158600
51800
16100
16700
164700
136400
16200
16800
16100
15900
16600
16300
16200
222700
21400
13000
18300
22300
19200
12800
16000
12600
14300
13000
22000
37400
13300
13200
33000
13300
14400
27200
16800
16300
9900
10300
9900
9400
10000
10000
9800
9800
9900
10200
9800
12300
9800
10600
10200
10300
10400
10100
10400
13100
62400
12100
12300
12400
12200
12100
17400
43400
12200
12200
13300
12200
12300
12700
12300
12400
73200
15900
12800
41900
14800
14700
58100
15200
15500
14500
43500
15600
15500
70000
15800
14600
15700
76400
22900
13400
13400
13600
14500
20900
18100
61400
58900
14900
14500
14600
114000
41900
14600
17300
117100
96300
14600
14900
17400
14700
15000
16100
14900
135300
22200
12700
14900
23600
18900
12200
17200
12500
14000
12500
22100
38400
12700
12900
31200
14000
13100
30900
17300
12600
8300
9200
8300
8100
9800
8600
8200
8600
9000
8300
8300
8100
8300
9000
8400
8200
8500
8500
11600
10900
33900
10400
10500
48500
11900
11900
10600
10600
10500
14300
11700
10600
11000
11700
10700
10600
48700
10900
11700
37000
13000
12900
50400
14400
12800
12900
34800
14000
18000
52400
14500
13000
14100
56500
13700
13200
13600
13800
17200
18400
14600
41800
53300
14600
14500
14500
120200
43000
16500
14500
117800
102600
15400
15800
15600
15300
15700
15600
17700
136700
20900
12300
14600
23000
18800
12500
15800
12900
14000
13200
24700
38900
12800
13100
31900
12800
13100
32500
14600
36100
8300
8700
8300
8400
8400
8600
8400
8300
10300
8500
74300
9100
8200
8900
11300
8700
8400
8900
9500
11100
10600
10900
10600
10600
13900
11400
12300
51000
19700
11900
15400
13800
16200
16500
14500
17500
17100
17400
13700
14100
51900
13000
13400
12900
13200
33500
14300
39000
14700
23300
21100
13100
13100
13100
13400
13100
54400
14400
15400
19500
17200
42700
57500
15100
14400
14400
123000
49000
14700
14500
116100
99100
14500
16200
14600
14600
15000
16700
16100
130900
23200
12200
14600
24200
18800
12900
14500
12600
14100
12700
21800
40300
12700
15800
33400
13000
13300
31100
14400
12700
8000
8600
31900
7800
8000
8600
7900
11400
8500
8300
41400
8000
8100
8600
8200
10300
8400
59600
8800
12200
10100
13300
10500
42000
11700
11300
13400
14800
14800
11500
11400
11100
11200
15200
11100
10700
10800
10900
11700
14700
49900
14000
13400
12500
14500
15600
14200
36000
13000
40200
14200
12900
12900
13000
13000
12900
103300
15100
13200
37600
14900
14500
71000
15700
14100
14100
37200
15700
15300
56000
16900
52200
16000
58300
14600
14600
129500
9900
13700
124900
20500
6100
7600
27600
12300
8300
8300
6900
6400
6000
15700
34200
5700
6000
25800
6000
6000
29000
7100
12300
6600
7100
6800
6800
6700
6900
7500
7000
7000
6800
6800
6800
6600
7700
7000
7000
6800
13700
12100
75700
23600
74900
14100
14000
15800
17500
13900
13800
16200
14700
20300
15000
13300
14300
13400
13400
13400
13300
14200
15700
98100
14300
19200
14200
14900
83300
15800
52100
14800
14600
16400
14700
18200
15000
18500
15200
82400
16700
15000
104600
18000
14000
63100
15000
13700
13800
50000
15400
15400
84200
15200
13800
15500
84400
79000
14400
18100
14600
16500
211800
10900
20500
27500
26200
9300
24400
58300
22400
11200
11000
58100
46400
10300
57700
11000
15200
11100
11200
43200
21000
15400
13500
13100
13900
13400
12200
13400
13500
12400
17200
13100
12900
14400
13000
15500
13000
12800
13400
13500
15400
12400
13300
13500
13900
14500
14100
19300
13900
13600
14700
14100
13900
13900
14300
13900
14100
14000
14100
14900
22500
15300
50400
15100
15100
15100
15100
15400
17700
16100
16000
16700
15400
19500
16000
17200
15600
15500
125200
89000
19000
15500
18800
14900
15200
15600
15400
15500
94600
15700
15500
93300
16500
20100
112400
78200
15600
152600
18000
23400
261500
11500
10000
9400
9700
8900
10900
32200
9500
9800
33400
12700
10200
47400
12000
33900
10300
10500
12900
10500
17900
12000
11700
11800
11700
12500
12500
11900
12400
16400
12400
15400
12200
12300
12300
12600
12600
13200
13500
12700
14800
13500
13400
13400
13600
13600
14700
14800
19900
13000
14600
15000
17700
15500
16000
15000
15500
13700
23200
14300
18300
26400
50800
15400
15400
15000
15100
15000
17300
16000
16900
16900
15500
15700
15700
21000
15900
15800
126600
86600
18000
15200
15000
15900
19000
14700
15000
15000
94800
18600
17100
94500
15700
16000
114500
79600
16500
163100
16800
16600
316900
12700
10200
9900
10100
9700
9900
29400
9700
10100
34200
21900
13800
43400
16800
36100
10900
10700
13100
10900
20500
13000
11900
12100
12000
12600
11900
12200
13100
22900
12100
13100
16700
12700
13100
13000
12900
12700
12800
13100
14700
13800
13500
14000
13900
13500
13700
13500
13700
13500
14400
18600
13600
15500
14600
13900
14000
14300
15800
15700
19500
16500
52700
15900
15900
15300
16000
15800
17700
17100
16800
20500
17000
16600
18400
20800
18500
21200
231000
89100
19800
16900
16200
16600
16400
16200
21000
16400
94100
16500
16300
184400
17100
17200
135500
75000
16800
250700
18700
22200
289700
10500
10600
9900
9800
9700
9700
27900
10100
10100
31900
12500
10700
40100
12000
36500
10800
10600
12600
12500
17900
12600
12400
12400
10800
12300
11400
11800
12200
13100
12400
12200
12600
12600
12400
16800
13000
12800
12700
13200
78700
13300
11300
11500
15800
13400
13400
13400
13800
13400
18000
14500
13800
14600
197600
14400
14200
14200
17400
15000
16200
20500
43300
14900
14700
15000
16800
17200
15000
15100
16300
15000
15200
19200
15200
13800
16200
16100
16300
15800
18100
17600
15700
15300
15200
15600
16200
15500
99500
16400
16100
110900
17100
16100
125200
79300
15600
212300
19300
17100
244300
11000
10100
14100
9900
9700
10600
29100
9900
9900
35800
12800
10200
42100
11800
36200
10200
12500
13800
11400
18800
69100
12500
12800
13100
13300
11600
12900
13500
14200
12300
13100
13500
197500
12900
12300
12200
13500
12400
12200
13900
13200
13200
13400
13500
13200
13600
13500
15800
13300
18300
14300
14000
14500
15000
13800
13500
11400
12200
12400
14900
12400
65200
16900
12200
12400
13700
14000
12300
12300
19800
124400
15500
15300
15900
188700
17300
15600
16300
17000
21300
15700
109700
18800
17500
15400
15600
14900
17100
15700
16600
17000
15800
15500
15700
17100
19200
16100
193600
85400
290100
13600
11000
10500
11400
11300
10400
35700
10900
10600
37900
13100
10500
43200
11800
34100
12400
10500
12900
14300
17800
12100
11700
12000
11900
12500
11700
12000
12400
92500
12300
12300
169200
17000
12800
12600
12500
12300
13200
12700
14100
13400
13400
13500
14000
13600
13600
13600
13800
13700
14700
18700
13500
14700
14900
14300
16100
14100
15000
15400
17700
15000
15100
15200
84300
15200
16200
17300
15200
15500
16400
15200
16700
20200
16200
15700
17500
18300
19800
16200
19200
14800
44400
15300
15300
15700
14700
14600
16700
15600
20600
16700
15400
14900
15300
17100
15600
15700
172800
85600
253200
11100
9700
26000
9900
9700
9500
9500
30100
10000
10000
26600
10000
36400
34700
23500
10000
42800
10200
13800
23900
14600
7300
11500
7000
7100
32400
7100
7100
9600
7000
7000
6900
7000
7100
7500
7100
7100
6900
12400
9000
7500
8000
7800
7900
7700
7800
7800
8100
8000
7900
8100
8500
7900
8400
10800
148900
8100
8100
8100
9900
8700
9400
8600
8700
8600
8600
8500
11500
8800
8600
8600
8800
8700
8800
8900
9300
8800
8900
8900
13000
8700
9600
8700
8600
8700
48300
8700
8700
11000
9900
8800
11500
9000
8900
9000
8800
9000
9000
9000
158000
6100
6300
5200
5300
11600
12600
8100
6400
5600
6600
5600
22000
5700
23200
6000
5900
6800
7100
5800
12200
9700
6900
6900
6700
35800
7200
6900
7500
7600
6900
6700
7100
7000
7000
6800
7100
7700
7100
10400
8500
7500
7500
7600
7600
7800
7800
7600
7800
7800
7800
8000
7600
8000
8400
8300
171800
8200
7800
10000
9600
8300
8300
8200
8400
8300
9000
8400
11500
8600
8300
8500
8400
8500
8500
8500
9100
8500
8400
8700
9800
8300
8900
11000
8300
10300
50400
8400
8500
9200
9400
8500
10600
8700
8600
11200
8700
8800
8800
8700
160300
5600
6000
5000
5300
12000
12400
7100
7400
5600
9300
5500
21900
5400
22000
5500
5700
6400
6700
5600
12700
7400
6400
6600
6700
6400
9300
6700
6400
7200
6700
6500
6900
6800
6600
6800
101500
7300
7000
6800
8200
7800
9000
9200
8500
8800
35500
9200
11500
8900
11200
11800
8800
9200
12900
11700
11000
7800
8000
8400
9500
8400
10000
8800
8600
8400
8300
9100
8600
8500
8500
11100
8600
8600
8500
8600
10100
10700
9400
8900
11700
8500
9000
8400
8300
8600
51500
8500
8500
9400
9400
8400
8300
8400
8600
8600
8500
9600
8800
11300
158900
5300
6100
6300
5400
11700
12200
5200
6300
5400
6300
5500
24900
5600
22100
5700
5500
6700
7900
5900
11500
6600
6600
6500
6300
6500
6400
6700
6400
9400
9500
6600
6800
6900
6500
6700
6700
6900
7400
7000
8200
7700
7500
7800
7500
9700
32500
11300
8000
7900
9900
7900
7800
8400
9100
8000
8000
7900
8200
8300
9300
11300
8700
8400
8300
8500
8300
8400
8500
8400
8600
8500
8500
8500
8500
10100
136300
9000
8700
9000
10200
8400
9300
8400
8600
8400
47200
11200
8700
13400
10200
8600
8900
10000
8900
8600
10800
8900
8700
8900
163700
5800
8100
5200
5400
12000
12300
5100
6400
5200
6400
5400
22800
5400
26200
5700
5400
6500
6400
5700
12100
6700
6700
6700
6700
6600
8600
6700
6500
7400
6800
6600
6900
7600
11000
8800
6900
9000
6900
6800
8400
8000
7300
7900
7800
9000
32700
7700
9800
10400
8100
7800
8400
8200
8800
8100
8000
7900
7800
8100
9300
8500
8700
12100
8500
8500
11300
9000
8700
8300
8500
8600
8600
10300
8800
119600
67700
8900
8800
8800
10000
8500
8500
8300
8500
8500
8600
8500
8400
11100
8800
8900
8700
8600
8600
8600
8600
8600
8700
8700
158000
5600
6100
7800
5300
11500
12200
5200
6300
5200
6500
5300
21300
6700
24500
5600
5500
9400
6600
5800
11900
6800
6700
6800
6400
7000
6500
6600
6600
9000
6900
6600
6900
6800
6800
8100
7300
7700
9500
138000
8400
8200
7300
8100
7600
7800
31500
7500
10100
10900
9700
8000
7800
8300
9200
9600
8700
7900
7800
9500
9900
8300
8300
34700
9100
8900
8500
8400
9800
8600
8700
8700
8600
8800
8700
8600
83300
8800
8700
8800
9600
8400
8400
8500
9300
8800
8300
38200
8600
8500
8500
8600
8900
9900
9200
8500
8600
8500
8600
8800
161800
5900
6200
5300
5100
5100
16100
5200
5400
6400
6600
5500
7400
5500
5600
5400
5500
5400
5700
25000
12700
8400
7100
7000
7100
6700
6600
6800
6700
18800
6900
9700
7200
6900
6900
6900
7200
6900
6700
6900
8500
7300
7800
7600
7600
7800
7700
10600
10800
7800
7900
7700
7700
7700
8700
49600
8400
8100
8300
8000
13200
8500
9800
9100
8600
8700
8600
8500
8500
9400
43400
8800
11600
8700
8900
8900
9300
9800
9200
9000
14100
8800
8600
8900
8600
9500
11300
9600
9700
9400
9600
9600
9500
9500
9400
9700
9700
9700
11400
12400
162200
6600
5400
5200
6400
5200
5300
5500
5300
6700
5600
5500
5400
5600
8300
5700
5700
5600
6100
5800
11300
7000
7000
6800
6600
6700
6600
6900
6800
7200
6900
6900
6700
7100
9700
6800
6900
7700
7000
7400
9500
7600
7800
7700
9200
7700
9400
8100
8100
7700
7800
10300
9700
8200
9000
119000
8700
7900
8200
8100
9700
8300
11400
9100
8800
8400
8500
8300
8400
9100
43500
10000
8700
8700
11300
8700
9500
9400
8900
8800
13500
8700
8500
8600
8500
8400
9500
11400
8700
9100
8600
8700
8700
8600
8800
8800
8800
8700
9900
10000
160000
6600
5100
5300
6200
5400
9900
5300
5400
6200
6600
5800
5600
5700
5600
5500
11700
9000
5900
9900
14500
9900
9200
10300
9300
50100
7200
7300
6600
7400
7600
7000
6600
7000
10000
7000
6900
6800
7100
7100
9500
7700
7700
8200
10000
7800
7700
7700
7600
7700
10700
7900
8900
8000
8700
8100
8200
8100
7900
8000
9900
9400
8400
9100
11400
10100
8800
10200
8800
9500
105900
8700
10000
8600
8700
12900
16800
18700
12200
9000
12700
8800
8800
8700
8700
8500
9500
8700
8700
11600
8800
8700
8700
9100
8700
8800
8800
8700
9900
9700
161200
10200
5300
5200
6600
5200
5200
5300
5200
6500
5600
5600
5300
5600
5700
5600
5500
5400
6000
5800
15400
7000
6700
6600
6700
7000
6400
7000
6900
7100
6800
7100
6800
7000
6600
7100
9000
7200
6900
7500
8100
10600
8000
9500
8100
7700
7800
9100
217000
12000
8800
9700
9400
8700
16000
8700
8400
8600
8500
8500
10400
9200
9500
9300
9300
9900
9900
13400
10400
9400
13800
13100
9700
9300
10200
64000
14000
9900
10300
12600
14400
10100
9200
9400
9100
8900
10600
9300
9600
9300
9400
9500
12300
9500
9300
9300
9400
10000
10500
11000
187800
7700
5500
6000
6600
5900
5900
5700
5900
6900
6100
6000
6000
6200
6100
5700
6000
5800
9700
6400
12700
9300
7300
7100
6900
7200
7400
7400
7100
7700
7400
7600
7300
7500
7100
7400
7700
7300
7600
10600
8500
8100
8400
17400
8900
8300
8100
9700
8000
8100
8100
8100
9000
8300
12000
8600
9200
8600
8300
8300
10100
9000
9300
9000
9000
9000
8900
9900
12600
9200
9100
9000
9000
9000
9800
133600
10400
9500
13900
12300
11300
9100
9700
11800
9100
9300
9000
9000
9100
10300
52700
9300
9200
9200
9300
9400
9500
11900
9400
9500
177300
7600
8700
6000
6400
5900
5800
8600
5600
7000
6100
6000
5600
6900
6000
6000
6200
5900
6200
6300
15400
10800
7400
6800
7400
6900
7100
7400
7400
7900
9300
7600
7200
9300
9200
7200
7200
8200
7600
7500
8600
7800
11700
10100
8700
11200
8700
14900
10000
8600
8300
8400
12000
8400
9300
8300
8200
10200
9400
9400
11900
10000
12800
10200
10000
10000
11900
10900
11700
10200
12400
11800
9600
9200
9800
51100
10800
9300
10100
9500
12700
12000
10900
10300
9200
9300
10800
9300
9100
11000
94400
9300
11900
9300
11500
11300
9500
10800
9300
9400
177600
6900
5700
5600
7400
5900
10000
7000
5800
5900
6000
6200
7800
6000
5900
6200
7900
6200
9000
7400
15500
8400
8100
9100
7100
7300
7300
7000
6900
8300
7400
52300
7600
7300
7100
7400
10600
7500
7300
7500
31100
10300
8000
8000
8100
8000
8300
8200
8100
8700
8500
13100
8300
11400
9900
8900
8700
12100
8000
8300
9500
8500
10100
8600
20600
12700
10200
9200
9400
9200
10800
8200
20900
9000
9100
9800
10100
11600
11900
12800
11500
9000
12200
9200
9100
8900
9500
9200
9000
9000
150000
10100
9500
12300
9700
17700
9500
9600
65000
11300
197900
6100
5800
5800
5700
5200
5600
8300
5600
5900
5900
7300
5800
7300
5600
6100
6000
7200
9000
6500
14500
7300
7300
7000
7300
7200
7200
7200
7100
9600
7100
7400
7300
7100
7100
7200
66400
7400
7400
7700
31400
8600
10500
13200
11900
8100
8100
8100
8000
12300
11000
12000
8200
8300
9300
8800
8500
8300
8400
8300
10000
8900
9800
10500
11800
9500
9800
8900
9000
9000
9200
8800
9700
8900
9200
9600
9900
9200
9600
12100
11400
8800
10000
8900
8900
8800
9000
9200
8900
8900
67300
9300
9000
9100
9200
10000
9400
9700
110100
11600
174100
6100
5700
5500
5200
6600
5500
7400
5700
5800
5700
6500
6900
7000
7500
7900
5900
9700
8300
7800
13300
7000
7300
7100
7200
7300
7200
7200
7000
7700
6900
7600
7200
7300
6900
7200
7200
7200
11000
7900
8500
8400
8400
7900
8100
8000
8100
8000
7900
33600
8100
54900
8500
8700
9100
12100
8400
8500
8500
8400
9700
8700
8700
8700
11800
9000
10000
9100
9000
9000
9100
8900
9400
8900
9100
9700
9600
9800
12500
9300
11000
9000
11700
8900
9000
8900
10900
9200
8800
8900
149400
10700
9300
9100
9100
10300
9300
9400
54200
9400
176400
5800
5800
5400
5300
7000
5500
7500
5700
7700
5900
6900
5700
6800
5600
5900
5600
10200
6200
6000
13200
7200
7400
7000
7100
7200
7200
7300
7200
7800
7300
7500
7100
7200
7200
7100
7700
10300
7500
9500
8300
8600
8600
8100
8700
8200
8100
8100
8100
8000
8200
70200
8500
8400
8800
8500
8300
8600
8400
8400
33600
9800
9000
11700
9000
9100
9200
9200
9000
9800
9200
9900
9100
9300
10000
9800
9800
12000
9300
9300
10800
8900
9600
8900
10500
9000
9000
12000
9500
9700
58100
10100
10000
9800
10100
11000
10200
12500
108500
10300
194700
6900
6900
5400
5300
5400
5300
7300
6500
5600
5600
6700
5500
7800
5900
5700
9200
7000
12700
6600
12700
7100
7300
6900
7200
7200
7300
7200
7000
7900
7300
7400
8700
7600
7200
7000
10500
7600
7200
7600
8200
8500
8500
8300
8200
8300
8300
7900
8000
8000
8200
55100
8400
8500
9200
8700
8500
8400
8400
8600
36300
9900
9000
12300
9000
9000
9200
8900
137900
10800
9300
9900
9000
9400
9800
12800
10000
55400
9600
9300
10800
9000
8800
8900
9100
9200
13800
9000
9100
9000
9300
10600
9800
9000
9100
10000
9000
9300
11500
13600
167600
5800
5400
6800
5400
5200
5700
7400
7000
5800
5800
6800
5700
6700
5400
9400
5900
6700
6100
6000
14100
7700
7100
7100
7300
7300
7300
7000
7200
9700
7500
7300
11300
8400
11800
7400
7400
8500
7200
8000
8200
8600
8500
10300
8100
8200
9200
8000
8100
8000
8000
95400
8500
8500
12300
8700
8400
8700
8400
8600
32100
12600
16500
8800
9900
8900
9000
8900
9100
9800
9100
12100
25200
15500
13700
17100
10200
9400
9300
11000
10100
8900
8700
8700
8800
9000
10700
8900
9100
11700
9400
8800
9700
8900
9100
10100
9000
10600
10000
9800
171600
5700
6600
5600
5700
5400
5600
7200
6400
5500
15900
5700
5900
5700
5900
6900
5800
6200
18300
6000
49200
7400
6800
6900
7400
7600
7000
10900
7300
8100
7300
7300
7400
7300
43900
7400
7100
7300
7300
7300
8800
7900
7600
8100
11000
8200
8700
7900
8000
9000
8100
8400
8600
8300
12400
182300
8900
10300
8400
8900
10200
9000
9000
9100
8900
8900
9600
9500
11800
9100
15300
9000
13100
12000
11500
12700
12900
13400
12500
13500
17800
18600
10800
9000
8900
15700
21600
14500
9300
11800
11900
12400
8800
15200
9500
10000
12400
9300
9300
10000
162000
6500
9200
6000
5200
5500
5200
5600
5300
5300
5500
8300
5700
5600
6600
5700
5800
5400
6700
5500
13000
6700
7000
6800
6900
6400
6600
43300
6700
7300
6700
6600
6800
6600
6700
110000
12200
7000
6500
7000
8000
7300
7400
7300
10300
7600
7900
7500
7200
7900
7600
7900
7500
7500
8200
91400
8300
7800
7900
8200
9400
8200
8200
8200
8100
9700
9100
10000
11300
8700
8400
8600
8600
9000
8700
9100
9500
8800
8500
8600
37000
16100
22300
15300
14700
15900
15900
17500
44800
15100
14900
15000
14900
14800
15000
14700
19900
15400
18500
16100
236600
13800
10200
9900
10000
9400
9200
8600
8600
9200
9700
15300
9300
10000
11600
9400
9200
9700
11600
10300
18800
11500
12200
11900
11200
11700
11700
172000
16000
12900
12900
12900
13400
11500
12700
13100
14200
11700
13200
13100
66600
14300
12700
14000
14000
18700
12800
13500
13500
12900
14400
17900
13700
13600
263500
14300
13200
12900
12600
13300
16400
17500
14500
13300
13700
13700
15500
15100
18900
14300
14300
15300
14600
14700
13900
15700
16600
14800
13900
14400
19000
14600
20300
13800
13700
14000
14300
15400
14300
14300
14200
14700
14100
13900
14300
14900
14500
19500
13400
15200
245100
13200
9200
10500
8600
9000
9000
9800
8600
8800
9000
9500
15100
9300
10600
9700
9300
9800
11400
9600
16900
12200
11800
11100
14100
11200
10700
11100
11300
12900
11800
15600
12000
11400
11700
11400
11500
11300
12100
18000
66100
12900
11400
12300
12600
13800
12300
13400
17500
15600
14000
13700
13100
13000
75100
12400
13400
13100
13000
13200
20100
13200
14500
13700
38900
23600
16300
14100
16900
15200
14600
15700
13600
14500
19400
250600
17500
14500
18100
16000
17100
14500
20300
14600
14100
14000
14600
15800
14100
14800
14600
14600
15000
14100
14900
15300
14500
19500
14900
16300
240900
12500
9800
10500
10200
8600
8800
9800
8700
9200
9500
9200
9200
14000
11400
9400
9500
9900
10700
33800
17100
11800
11500
10300
10500
11600
11200
10900
11000
12700
11600
10900
16200
11800
10900
14200
11400
10100
9800
10700
59600
12300
11700
12700
12700
13800
13300
13500
17600
12300
13100
13600
12900
13200
76900
14000
13200
13900
14000
14800
16300
12900
17100
14500
13700
14600
16500
14800
14600
15500
14900
15700
15300
15300
14900
235100
18300
15500
15200
16400
17600
14900
14500
14700
18800
15000
16000
16500
14900
15000
15000
14700
15300
15100
15000
16700
18300
19500
15000
15400
242300
12300
9800
11100
9000
9600
9900
8900
11900
10000
9300
9800
9900
14300
11800
10000
10200
10000
11600
10000
16400
14700
11900
11200
11500
11600
10900
11500
11700
12700
11600
12000
15900
11700
11900
12900
15300
11700
12600
12700
61500
12700
11600
11200
11900
12100
11700
11500
21600
12300
12700
12300
12000
12100
73000
12300
16000
13000
13200
12800
16000
18100
13900
13200
13000
13400
16000
14100
15400
16000
14300
23800
21900
22200
20700
192200
19000
15400
14700
16000
17200
14100
13700
17300
13500
13700
14700
15400
14700
14600
12200
14200
18800
14500
16900
15800
14300
14100
13300
13000
203700
6900
6900
5200
5500
5600
9400
6300
5500
5800
5300
5600
5500
5400
5700
5800
5600
5400
5500
6400
24400
12400
6700
6800
6500
6900
68800
14400
12700
15100
10900
11900
11600
11500
12000
12000
11600
17500
12700
11500
14300
12900
12900
13700
14400
15000
17200
14600
15500
15000
16800
12700
13200
18200
14600
14300
13700
13900
13700
13600
16600
14200
14100
15100
14100
15600
14100
16600
45500
19100
18100
17200
16700
16000
16200
15900
19800
16000
205300
17100
23000
62300
14100
14400
14100
16300
15800
15800
15900
22800
15300
15100
16100
16700
15600
17000
15800
15500
16100
42400
247000
18000
11400
9800
9100
9700
11200
9600
9900
9400
11300
10100
9600
10000
9800
9900
10100
10800
10800
10600
22600
13100
11200
11400
11600
14700
11200
11100
11300
13200
11800
11200
11800
11500
11600
11800
79400
12400
16700
12200
14200
12500
12800
13600
13700
13300
12600
13500
13500
13300
13600
13600
13900
13500
20600
14000
15600
14800
13600
13600
16000
14300
14300
14700
15400
15500
14400
14400
19500
14800
15200
14600
14600
17500
14700
14700
17200
15000
212700
16900
23900
66000
15000
14300
14600
16100
15700
16100
15500
14800
14800
19000
15800
16000
15500
16000
14900
15100
15000
15300
245500
12500
16200
9400
9400
9400
11000
9300
9300
9100
11100
9800
9400
10100
9400
9900
10000
10200
36100
10300
18800
19600
12100
11200
11300
12000
11400
11500
11400
13900
11800
11400
11800
11600
11500
11800
12300
11800
12200
11600
14300
13700
13500
15900
13000
13100
77600
14400
13800
13600
13500
13300
13200
13300
15100
17300
13500
13100
13400
13100
18100
15400
16000
17000
16500
17100
16600
14000
14100
14200
20400
15100
15000
14500
14400
14700
39500
14800
289000
21000
27700
69000
16400
15700
15300
17800
19000
17300
13400
14300
19100
14400
20000
25700
26400
23200
17600
18800
18800
23900
301700
13500
12300
13300
15600
10500
13400
11000
10100
10500
11900
10400
10200
10900
10900
10600
10900
10200
10700
11500
19300
15200
11700
18300
11800
12400
12100
12500
11700
14400
12500
15900
14100
12900
12400
14600
12900
12200
66600
13300
14800
19300
13900
13500
13000
13300
39500
14300
13900
12800
13700
14100
14200
17300
15800
13700
18900
14700
13700
14300
17300
15100
15400
15500
16500
16500
15700
16200
16600
16000
22500
16700
16100
15700
15900
17400
17100
16400
16300
16200
18300
36100
20200
16200
16300
16900
17400
17000
17800
16300
17000
16900
17700
17800
16700
21800
16300
15800
16500
18700
259500
20000
15100
9000
9200
10100
11300
9600
9900
15600
12000
9700
9700
10400
10800
9800
9900
10300
10400
10700
18100
14300
11600
11500
11800
12600
11800
11500
18800
14400
11800
11800
11900
12500
12700
12500
12900
12600
12700
13200
22000
17200
13700
13700
14000
14300
41800
15400
14400
14200
16800
14500
14200
13500
14500
14400
13700
13100
14700
14300
16300
20100
15500
14300
19700
16200
15800
16300
15900
15400
17200
15900
35800
20900
15100
16800
18000
16700
17200
16200
18600
16100
15200
17000
15200
16800
29800
16500
15700
15700
19000
16100
16000
16400
15500
15900
17400
16000
56000
18500
271800
11800
11500
9900
10300
10100
12300
10000
10200
11100
11600
10600
10700
15100
10500
11000
10000
10100
10300
9900
18000
12900
11800
12100
11600
12300
12400
12600
12100
13500
12600
12700
12500
12400
14900
13900
15400
13900
14600
15300
16000
16100
13200
15400
15400
15500
40600
18200
15200
15600
19100
13700
14200
14300
16100
14500
14800
14400
14500
14900
16800
15500
15400
40800
16300
21500
16200
16900
16900
15900
17000
19000
16000
15600
15800
16900
16900
15900
15900
15700
21500
15100
15300
15100
14400
17200
15900
15500
14600
15400
15600
14600
31400
23500
18400
15200
16600
15300
46900
22200
263600
23300
10300
9600
15700
11700
11600
11500
11700
10200
10600
10200
11800
12500
10600
11800
10800
37000
15600
10500
27800
13200
4100
4200
6000
5800
5200
6600
7400
4400
3900
4300
4200
4000
7400
4100
4500
4500
4600
4000
6000
4800
4300
5200
7600
4700
4800
4900
4700
4600
9500
6500
6100
5300
7100
4800
7900
5000
7500
8000
10200
5600
6100
10700
8000
5400
6800
6800
7300
4900
5800
5500
6700
6800
6300
5200
29900
5900
5200
7000
8300
5500
5300
5300
5000
18000
5500
5400
8100
6600
5700
5500
5300
5200
5500
7400
5800
5300
6100
5400
59500
3800
7200
4300
3700
3500
4700
3500
3300
3300
3500
3500
3600
4100
3600
3700
7200
3600
3600
3600
9900
4400
3700
3900
4100
4300
3800
4000
4400
4200
6000
4200
3900
4300
5100
3700
7100
4200
4000
3900
5500
4600
4300
5200
4500
4300
4600
4500
4600
4400
4400
4800
7800
4700
4600
4400
4700
4400
4500
5000
6500
4900
4900
6600
6600
5000
7800
5100
5100
4800
5800
5500
5800
6600
5700
5000
23000
5800
9400
5200
8300
5400
5400
5100
5100
17300
5300
5200
5800
6000
8400
5400
5400
5200
5300
7200
5600
5300
5800
5300
55700
6500
5000
4100
3600
3600
4600
5500
3500
4800
3600
3700
3700
4300
3800
3800
5600
3800
6600
3700
10000
4800
3800
3900
4000
4300
3900
3700
5500
4500
4100
3900
4000
4200
4200
3900
3900
4200
7100
3900
5500
4400
4200
4500
4500
4400
4300
4600
4900
5300
4400
4600
4400
4600
4400
7800
5400
5000
5000
5100
6100
4800
4900
6100
4800
4900
5000
4800
7900
4900
7200
5500
5900
5000
5400
5100
22400
7800
5300
8000
7200
5200
5200
5300
5100
17300
5200
7100
5300
6000
5300
8500
5400
5400
5300
7200
5400
5300
5800
8300
56200
3600
4700
7100
3200
3400
4600
3500
3200
3300
3500
3600
3600
4200
3500
3800
4100
5200
3700
3700
12900
4300
3900
3900
3900
4500
3800
3700
4300
4600
4200
4100
3700
15000
4000
4000
3700
4100
4000
3800
8300
4400
4300
4600
4300
4600
4400
4600
5200
4500
4400
4200
4500
4600
4200
4500
7900
5400
5100
5300
5800
5000
4900
30400
5300
5000
6000
5200
5000
7800
5000
5500
6700
23000
5200
4900
6600
7100
5300
5900
8400
6300
6500
8100
7900
30900
9500
9100
8500
10500
9400
10100
10400
13000
12300
12000
9400
10800
9300
8500
86300
8600
6500
6000
18200
10100
7900
6100
5600
5400
9700
6100
5500
7200
6600
5700
18200
30000
6400
6400
12100
6100
5800
10600
5800
6500
5900
5900
6700
6500
6500
5100
5600
6600
6100
6000
6100
6100
6100
6100
7700
5700
5900
9900
6300
6200
4900
4600
6600
4400
4300
6900
5100
5600
4400
4500
7100
6800
11500
6700
5900
4900
4800
5400
4800
4600
4900
4800
4800
4700
4500
8500
52300
5000
4800
4800
6600
4800
4800
5200
6900
5200
5200
9500
5000
5100
5100
7000
5200
4900
5900
5700
6100
5200
5900
5100
24700
5800
5000
5100
53400
17000
10600
8100
3400
3500
8000
6500
3200
3100
3200
3400
3500
4000
3500
4600
4800
3500
3400
5600
11000
4700
5600
5700
3800
4000
3600
3700
4100
4300
3900
3500
3500
4000
4800
3400
3700
3900
3700
3500
4500
4100
4200
10300
6700
4300
4000
4200
4500
4200
4100
4200
4200
4300
4100
4200
4600
4900
4700
7200
5700
4700
4800
5500
4800
4600
5000
4800
4700
4700
4700
5300
7300
4700
4600
4700
5300
4800
6200
5500
6500
5100
5000
6200
4800
5000
5100
5300
5100
4700
5900
5900
6000
15100
5700
5300
24900
5800
5000
5000
42800
3000
3100
3300
2900
8600
3400
3100
4300
4200
4900
6000
4500
4500
5200
8100
3500
3100
4300
3400
15600
12700
6200
5800
6200
5900
6000
6300
6500
6100
6300
6200
6100
6300
6500
6100
6100
6300
7100
6500
8600
7400
10800
6800
26400
7200
6800
6900
7400
9300
7200
40500
7200
7200
7300
7300
10900
7300
7100
7100
25000
8700
7900
7000
7900
8700
8700
7800
7300
12000
7600
7700
7600
7900
7800
7800
10600
7900
11100
8200
12000
8100
8300
12300
8800
8800
8300
9700
10000
8600
8500
8600
8900
9500
9800
8700
8600
12300
35200
8800
199200
12200
8300
4500
14900
6500
10200
3900
3800
4400
8000
3900
3300
3400
3500
3400
10500
4400
3600
3100
11000
4300
4300
4100
4100
3700
3900
3800
3600
4000
3900
7200
3800
4200
4000
4000
3700
4000
4200
5600
5800
4600
4300
4300
17200
4500
4400
4400
4400
7600
4800
22800
4600
4600
4500
4500
4400
4500
4500
4400
19700
8700
5100
6200
5200
5700
8000
5600
5100
5500
5300
5200
5300
5100
5300
5400
8600
5100
5600
4900
8200
5900
5300
5300
5400
7200
5700
6100
6500
9000
5700
7400
5800
6100
7000
5300
6200
6500
5500
5400
58800
3700
7800
3400
6000
4400
4200
3400
3500
3900
3500
3200
4400
3700
3500
3400
7900
33600
3600
3300
13400
6200
4500
3900
3900
4000
4000
3500
3900
4000
4500
3700
5100
4500
4200
4000
4000
4200
3900
24900
7200
6000
7900
5900
5500
7200
5500
5500
5900
19200
5400
5300
5200
7200
7900
4700
4500
4300
5500
4600
18400
7700
5700
5100
5000
7100
5600
8100
4900
5300
5100
5000
5000
5000
6800
18500
5300
5000
7000
5200
7900
9300
5500
5700
5500
5300
5400
6000
7200
5700
5500
15700
8600
14400
6300
8200
5500
5600
5400
5500
59700
4200
3800
4000
5200
4800
3800
4200
3200
4400
7000
5100
3600
3500
3400
4100
10400
5200
7200
3300
10200
4700
4200
3900
3700
3800
3800
3600
3400
7000
4100
3800
5000
4200
5000
3700
3400
3700
3700
3800
4500
4700
4400
6100
4200
4200
4100
5300
7100
4700
4200
4100
4200
4100
4300
4300
5700
4300
5900
4500
5200
4600
4500
7200
14500
4600
5400
5100
4500
4700
4700
20700
4600
4700
4600
4600
17300
4700
4600
4700
7400
4900
4800
4900
4800
4700
5000
6900
8200
5200
5000
5200
5000
5800
7200
5200
4900
5000
4800
5100
57300
3200
2800
3000
3700
3800
3200
3200
4000
4100
3100
2700
3000
3100
3100
2800
6900
6500
3100
3100
9500
4500
3900
3900
3800
4000
3700
3600
3500
3900
3900
4000
3400
3800
5600
3800
3500
3600
6500
3900
4600
5000
4100
4400
4400
4200
4200
4300
4300
5000
4300
4100
3900
4100
4200
6900
4200
4200
5100
4400
5700
4800
4600
4600
14300
4900
4500
4600
7200
4700
6100
27100
4600
4800
4700
4600
4700
4800
4700
4700
18700
5600
5000
4700
4800
9500
5900
5100
4900
6000
5000
4900
4900
4900
9300
5300
5200
5000
5700
4900
51200
2900
3000
3000
3800
5500
3300
3000
3200
6600
3300
3100
3200
3300
2900
3200
6900
3600
3200
3100
9400
4500
5100
5100
3900
3800
3500
6700
3800
3900
3700
3800
3800
4000
3700
3700
4000
4000
3600
3800
4800
5000
4500
4000
4200
4000
6600
4400
4300
4100
4100
4100
4200
4000
4200
4200
4200
4700
4800
4500
5500
7500
19200
5900
32200
4800
4600
21400
4700
4800
4700
20900
4500
7300
4600
4800
4800
21000
4800
4700
21900
5700
5100
4900
4900
9800
5500
5100
5000
5900
5200
4900
4900
4900
5100
4900
4800
4800
4900
7500
44900
3200
3200
2900
3200
3100
3000
4400
3800
3400
3400
3300
3200
4300
3900
17100
3400
3500
2900
3100
