68700
1322700
9400
70900
10000
110000
57700
9300
66600
9700
10900
10600
10400
12900
11000
11300
11500
66600
81600
52600
53400
153200
156800
15000
14500
16600
14800
16700
85700
16600
89600
16100
16200
16600
16700
285400
18200
18500
18100
316600
33200
172800
24600
262800
273700
28800
29200
27500
29800
36500
28700
30000
28400
29900
161000
32100
31900
33400
34600
31600
243500
277600
95400
97400
41000
35200
37000
34800
96400
37900
39100
42100
39500
41400
42500
37900
38900
39600
39700
39500
358200
258400
43900
148500
46100
48400
47400
194300
43500
102100
95400
46800
370600
49000
44600
43400
48700
47700
47600
49400
51900
14900
11800
19700
10700
86000
11700
13500
13700
16500
14900
13500
14400
14000
14300
15200
15700
27700
15400
16300
31100
50200
53800
18100
24300
21300
19500
26900
38000
20200
38100
20900
21900
23000
21300
94600
29000
10800
9500
108100
20000
63400
16900
100800
107100
12900
13900
12400
12200
14400
12700
15100
12700
15600
54600
12300
13300
13500
15000
13000
77900
93900
36000
39100
20000
18200
15700
16000
33500
15900
16100
18700
16400
19500
15900
15700
16500
15900
16900
16400
117900
89800
19000
99400
22000
18900
23300
134600
18400
63100
59800
19800
149600
22600
20000
19900
19000
21900
20000
24600
14800
6500
5500
9500
6100
25600
21300
5300
5600
8800
6100
5700
5900
5700
5900
5600
6800
14000
5800
6000
10700
34000
9700
39400
9600
26200
38200
12800
37600
14500
9400
8600
9600
8600
9300
40600
8800
78000
79200
18800
18500
62100
15900
100600
72300
12200
12700
11500
12500
14700
12600
14200
11900
13100
73500
14300
11800
13200
13900
12800
106000
111900
39500
52200
20800
15300
15500
16200
33500
16100
19500
18100
15700
22700
15500
15600
15800
17200
15300
15200
110500
170200
20900
105300
24100
19600
25900
153500
20300
71000
67100
20600
179300
25000
20600
20400
22000
22900
25000
22600
11500
5800
5400
20900
5800
21100
5300
5200
5900
5300
6900
5700
5600
6600
5700
6600
6000
17100
6000
6200
12400
22500
10100
23200
11100
29800
27000
14000
29100
10100
8900
10000
9300
10800
9400
20600
9100
42500
96900
20400
26200
56300
82800
18100
12600
14400
11900
16500
33700
13700
35600
23200
12300
12700
12300
253900
11300
22000
12600
215000
114800
144600
48200
51200
20500
15500
15900
16500
44800
15700
15400
18300
15900
18000
19600
16500
15800
16800
16100
16700
161000
129100
18600
143600
22300
19300
27600
198500
21600
86700
90400
19100
223500
27500
19800
20200
20200
22500
19900
22400
7100
6700
5300
5200
5000
5400
5900
4900
5200
5400
6000
5700
6300
5600
5500
5700
5900
6400
5600
5700
10300
26700
9700
24700
9500
27700
30200
8600
27400
8700
8800
9200
9000
9500
9300
8900
8900
48500
48400
19600
25700
51800
86100
14600
11800
14300
11800
15000
35500
12100
30900
12000
11700
12800
12300
178800
45700
15200
12900
164300
21000
85200
19500
143500
109600
15000
15900
15700
15500
22300
15400
17300
16100
15400
95900
15700
15900
17200
17900
16200
170800
129000
18100
148100
21500
19700
22900
195100
20700
91600
85200
18800
225600
23400
20100
19500
20100
21700
19800
22200
15600
6300
5600
19000
5400
19300
14200
5800
5400
5500
7000
5900
6000
6100
5800
5800
6200
30800
8100
6200
10700
31700
12300
34100
9900
42500
47400
20400
43900
9100
9400
9200
9500
9100
9000
37600
9100
73700
74200
19700
32800
66100
73600
23400
21700
14300
12100
16200
34000
12500
39100
37000
12300
13300
12200
147000
30600
14500
12900
203800
21100
95400
19600
184500
101900
16100
16200
15500
15700
18500
16000
18000
41800
16200
145700
18200
16100
16400
17900
16500
140800
206000
56300
54400
22800
24700
18600
20600
90400
20200
20300
22900
20500
24700
20900
18900
22300
21200
21100
23200
21300
14200
15300
14600
16300
15300
14400
18000
13500
386300
41100
28700
31900
28900
19500
16600
16900
16900
17100
17200
21300
19400
20100
26600
20900
20100
23400
22100
27700
22500
26300
20200
20700
22300
22900
23000
22700
20600
26000
20200
157000
26800
27600
280000
34100
20400
16400
17200
17500
17700
141200
18300
18500
18400
18900
17900
179300
18600
19000
171500
41400
17900
16900
26400
18800
19600
127800
142500
80700
21800
213600
129100
19400
103300
142200
19100
216900
247200
180600
21700
402200
15300
26300
10100
28100
13400
9700
47900
9500
45500
10400
53700
11900
26600
12000
10400
10500
10500
70500
17000
17500
11700
13600
11800
12300
12300
11800
12400
12300
12000
12300
12700
12100
12300
13000
12400
12600
12600
122000
13300
15000
13200
13300
14600
13500
14300
14300
13100
13500
13400
14000
18600
14000
14500
14000
14600
15000
14300
15000
14400
101700
16300
15800
143400
18700
15500
15300
15300
15800
14900
82000
20300
18500
15500
27200
13900
104000
15900
15800
105500
24900
15400
15300
15100
17400
15500
86400
87300
65600
15900
133600
82100
18200
69000
96300
17200
110200
153500
109000
18800
246500
17200
24100
10700
23500
13600
10200
34800
9800
36500
10100
37300
11700
22100
13000
10300
10200
10800
47000
11000
17500
16200
12400
11800
12300
12500
12100
12500
12400
12000
12300
14600
12700
12400
13300
12800
12100
13800
13200
13700
15100
16800
14300
14400
13600
15400
13400
16100
14000
97100
14600
14100
18300
14500
14300
14600
14700
15300
15200
15200
67400
16000
16300
138400
17500
15300
15800
15700
15200
16000
87500
15600
19300
15400
16600
15700
103700
16200
17100
103400
19300
18700
14900
15000
16800
15400
77900
85700
61800
15400
131300
78600
15600
68800
98000
16300
112400
156200
110800
22400
240200
11100
22000
10500
25600
13500
10300
36600
10200
33600
10900
40100
12600
23300
12000
11000
11600
11700
48200
14000
16700
12400
13900
16000
12500
12700
15300
12900
13000
11900
96900
13400
13000
12500
12600
12900
12500
13000
82100
13100
14400
13300
14200
14900
13600
18000
13900
13600
13800
143200
14000
14100
14100
61200
98500
18900
14500
15000
14500
13900
21700
15700
15600
17300
16000
15300
16500
15500
15600
15700
15800
97600
16000
17200
16600
21000
17200
17000
17300
16300
20600
15900
16000
20200
16700
16400
94200
91200
62800
15900
143800
81300
16300
69500
94100
17200
119000
158700
111600
18900
248500
11000
20900
12100
22800
12800
10300
45300
10700
33800
10200
38900
16400
22000
11200
10900
10700
11500
44500
11000
16500
59400
13200
12400
16600
12500
12500
15700
12200
12300
11900
12500
72900
12500
12900
12700
12400
12500
12800
12700
14300
78300
15100
14800
15200
15800
91700
14800
83900
108700
14400
14200
14400
87600
16300
14100
14500
106900
18700
14600
17200
15200
15400
16700
14600
15500
17200
15800
82400
20800
18800
16000
15800
16600
85100
17000
16900
16200
17500
16700
121400
60900
17300
137200
21300
15700
15900
15500
15900
16200
87200
16000
102600
15700
18800
15600
213100
15600
15900
102000
227900
11400
24500
10800
24000
14400
10900
39400
10000
32900
12000
37500
12300
21500
16600
10200
10000
10500
38900
9900
17000
10900
12300
103900
12100
12100
15500
11600
16300
11800
11900
12500
11900
12600
12200
12000
21600
12700
12000
12000
13700
12800
14300
14900
13500
15700
18300
14100
68000
96600
14400
13600
13800
14300
14000
13800
13700
19100
14000
14800
18300
15700
14800
16600
15100
15400
17000
15200
15000
15000
15300
19000
18200
16700
195800
18100
16400
15900
17100
16400
72200
63900
18100
296000
18000
60500
15200
17800
99300
15600
161400
16500
15600
82200
9400
11800
118800
9400
9700
58700
181700
6100
5900
5600
8100
8100
13000
21000
17200
6000
19400
12800
5700
12400
21400
14300
15500
22200
15000
7200
20600
10700
6700
6800
28400
6500
6800
6900
6600
9500
7100
7300
6900
7000
7200
6800
8600
8000
8000
7000
10000
7400
8200
8400
9000
8600
8400
8700
8800
8700
8900
8700
12100
7900
8400
8500
8400
7900
7900
7900
9400
8400
48800
8500
12000
9300
39500
31900
8500
8600
8900
10400
13000
120200
23800
21600
14200
10200
10200
10600
15600
8900
10200
8700
8700
8600
8900
8900
11800
8800
8800
9400
42400
8900
9200
8800
9100
8900
8900
9000
178200
8400
6200
6500
5800
5700
7400
6000
5900
6200
6200
14200
6000
8200
5900
7100
6100
6200
10900
8900
11900
6600
7100
6700
6600
41800
6700
6500
7000
7400
7000
7200
6900
6800
7000
7200
6900
10000
7300
7100
8500
7600
7400
9100
8100
7700
7600
7700
7600
7900
8300
7900
8500
7800
11400
8500
8500
8300
8000
8800
9500
8300
59200
8300
9100
9200
41600
31100
8500
8500
8800
8600
8500
8600
8600
8800
11700
9000
11600
9600
10300
8500
9300
8400
8400
9000
8400
8800
8500
8500
8600
11300
38400
8800
9000
8700
9000
9300
8700
8800
169500
6600
5100
7900
5000
5200
6300
5400
5300
5600
5600
12500
5700
5600
5600
6300
5800
5700
6800
5900
11700
6700
9800
6700
6700
6700
6700
6600
7100
7300
6800
6800
7100
6600
7100
7000
6700
6900
7300
7200
7800
7300
7400
10200
28700
7700
8000
7600
7900
10200
7900
8500
7900
8000
8200
7900
11000
8000
8100
8000
9300
8400
23500
8300
9100
9300
38200
33500
8500
8400
8900
8600
8400
8700
8600
8700
9800
8900
9000
9700
12900
8300
9800
8400
8300
9700
8500
8400
8400
8500
8600
8500
40800
8700
8800
8700
9500
8800
8700
8800
153800
6600
5300
5200
5100
5200
6100
8200
5200
5400
5600
12400
5600
5500
6900
6400
5800
5800
6700
5800
12500
6800
7300
6800
6800
6800
9400
6700
7100
7200
105100
7000
7200
6900
6800
7200
6900
7000
7300
7200
7900
21400
10200
7900
28200
7600
7600
7600
7600
9700
7900
8500
8100
8000
8400
8000
11000
8100
8000
8000
9100
8900
30500
8400
9000
8500
8300
8500
8800
11500
9500
8700
9200
8800
8800
9400
9700
9000
9000
9100
10300
11400
9200
8700
8600
8700
8700
8700
8800
10100
8800
8700
39900
9600
9000
11400
9100
9000
8800
8800
160700
6600
5000
5200
4900
5000
6600
5300
5100
5400
5700
14800
5300
6000
5400
6200
5700
5600
7900
5700
11500
6600
6800
6800
6700
6600
7200
6700
7100
7200
9700
6700
6800
6600
7000
7100
6800
7700
8600
7300
7800
7300
7800
7500
28600
7500
7500
10200
7800
8200
7700
8100
7800
7800
8600
7800
8200
8100
7900
7800
9000
8300
10800
38200
8900
8300
8400
8600
8500
8700
9200
8700
9300
9100
8700
11900
9800
9000
8900
8900
9800
8600
23600
8500
9400
9500
41100
30100
8600
8500
8700
8600
8700
8800
8600
8800
11000
8800
10100
10800
157800
7300
5200
6300
6100
5100
18200
6900
6500
6000
7100
15000
5800
6800
9100
6800
6200
6000
7000
6300
11900
10400
7000
6600
6700
6800
114400
6600
7100
7200
9900
6600
7000
6800
6800
7000
7000
7100
7300
8200
7800
7400
7400
7500
27700
7300
7400
7600
10200
8500
7700
8200
7800
7900
8400
7800
8400
7900
8000
7900
9200
8500
11100
9800
9000
8500
8300
8500
8600
8600
9600
8600
9400
8700
8700
9100
12400
8900
8700
8800
9500
10400
23900
8500
9300
10000
40600
30700
8800
8400
8800
8600
8500
8700
10200
8600
9800
8700
10200
13800
156000
5600
6100
5300
5300
5200
5300
5300
5500
5600
5500
5500
11400
5400
5800
5500
8700
5800
5500
5500
10900
6800
6800
6400
6700
6700
7300
6500
6700
7400
6700
9700
7100
6700
6800
7600
7100
7200
7200
7100
8200
7500
7400
7600
7800
7500
8100
7400
8000
10800
8400
7700
8300
10000
8800
8000
8400
8000
8000
8000
9500
8300
8400
11700
8500
8400
8500
8700
8600
8500
8400
129300
8800
42300
8800
8800
9000
9300
8800
10300
11300
8600
8600
8600
8700
12000
8700
9500
8700
48700
8800
8700
10900
8800
9400
8800
125400
8800
42000
8900
157300
10400
5200
5500
5400
15500
5400
5600
14700
5500
14300
7500
6700
5600
5800
6500
7300
14600
5900
5800
11000
6900
6700
6500
9400
6600
6600
6600
6800
7200
8300
6800
6800
6900
6900
6800
6900
6900
7100
6900
8300
7200
7400
7400
10100
7600
7500
7500
7600
8100
8100
7600
8300
8200
9400
8000
9200
7900
7800
7700
12800
8500
8200
10200
8500
8400
8500
8500
8500
8500
8600
63400
11200
39500
8600
8700
9100
11200
8800
8800
10900
8400
8500
11100
8600
9100
8700
9600
8800
49500
8600
8600
8600
8500
10800
11400
106100
9100
44100
9000
179100
13500
6400
6100
6200
21900
8400
5300
11900
5400
14300
6900
8400
5700
5800
8400
6700
15000
5600
5700
13900
6900
6600
6500
6700
6600
6500
6800
6800
7100
7200
6900
6700
6800
7000
6900
8900
7100
8900
7100
7900
10300
7500
7700
7600
7800
7700
7600
7700
7700
7700
7700
7800
7800
8300
8400
7900
11000
8100
8000
9900
8300
8400
9100
10000
8500
8500
8900
8500
8700
8500
54900
8500
114200
8700
8700
9100
9300
8800
8800
23300
12300
9200
9100
9200
10000
9500
12400
9200
56200
9500
9400
9200
15000
9600
8700
45700
8800
118500
9000
157900
13600
5100
5200
5300
15500
5400
5100
11500
5500
13900
6500
6600
5900
5700
6400
6700
15600
5800
5700
11400
6800
6800
6600
8400
6800
6700
6800
6900
7200
7700
6900
6600
6800
7100
6800
6700
6800
8400
7100
8800
7400
9500
8700
8600
8600
8600
8400
8700
8500
8400
8500
8700
8600
9100
11200
8300
8300
8100
8000
9000
8300
8400
8400
38800
8700
8500
8400
10900
9800
9100
8600
9500
9100
8900
8900
9800
8900
55500
8800
13400
8500
9700
8600
8600
9800
8400
9400
8500
50700
11800
8700
8700
8500
9400
8800
45200
8800
95900
9000
158700
10400
5200
5300
5300
15500
5300
5500
11600
5800
15400
6900
6400
5500
5500
9400
6600
13500
5600
6300
10700
7000
6700
6400
6700
6700
6900
6500
6900
7400
8700
8400
7000
6900
10000
6900
7000
7100
7300
6900
7900
8000
8400
7500
7600
7700
8400
7700
7700
7600
8000
7700
11700
8000
8400
8300
7900
8400
8100
9500
9100
8600
8500
8400
8400
8400
49600
8700
8500
9400
9100
8500
9900
9200
8700
48800
13200
8800
8800
8900
187100
8700
8400
9600
8700
8500
8600
8700
11300
8700
9900
62600
8600
78800
9800
9500
10200
12500
11000
11900
157600
11900
5300
5100
5200
16800
5500
5500
11600
5200
15100
7000
10700
5500
5700
6600
6500
13300
5700
5700
10800
7700
9500
6500
6800
6800
6500
7700
6900
7400
7200
6900
7000
6900
7200
6900
6800
7000
7300
6900
23900
25700
7300
7600
7600
7600
10300
8900
7800
8000
7700
7900
7900
7800
8200
8900
47800
8600
8100
10900
9600
10300
8800
8700
8400
8400
8500
8500
8400
9300
9300
8500
9300
11900
8700
8700
10000
9000
8600
8800
9700
8400
8300
9600
8500
9400
8400
8700
8700
8400
9300
129500
8700
39200
8600
8500
8500
12400
8800
8700
159300
12300
5500
10700
11700
6800
5600
6300
5400
15800
5400
6200
5800
5600
8000
5900
14700
7200
12400
5800
273700
15400
13100
13000
12900
12900
11700
12100
11000
15900
11900
15500
12500
12700
12400
12200
12300
12400
12600
12700
14100
18600
13200
13800
14200
13200
13500
13400
13500
13400
14300
13100
14700
12900
15500
14300
14000
19000
17900
78800
18100
15800
16000
16600
17900
16100
16100
15300
15600
19600
16100
15600
16700
15900
17300
16100
17000
16600
24300
15800
20900
17700
20400
16000
16400
16100
18200
16800
16800
96100
18400
73300
19700
21000
17500
17400
17900
19000
16100
17500
287000
10500
9600
10200
11900
10400
10600
15700
10600
28300
12500
10900
11000
10700
12600
11200
10900
11200
11600
12900
17000
12900
12100
16700
12600
13300
13200
13000
15100
15000
13600
13200
14300
13600
13700
13500
13400
13000
13200
13600
14800
13600
14200
14200
17900
15100
14700
14700
14500
14500
15600
14900
15700
15000
17500
15300
15000
15700
15800
88500
18500
16900
16700
16800
18000
17200
17000
17400
17000
17200
18400
18700
19400
18300
19900
18500
19600
19300
18700
18900
24200
19000
15900
17500
20600
16200
17200
15800
16100
61100
17200
105300
16700
15200
15100
19000
15400
16500
17800
15900
262200
12500
9700
9700
11800
10200
9600
11500
9600
31400
12000
11200
10600
10300
11700
10700
10500
10800
10400
11900
85500
13500
12600
13400
17100
13300
13000
13000
13300
14400
13900
13200
14600
13500
13300
13600
13700
13600
13800
14200
15400
14700
14300
15200
14700
22300
14900
15200
14700
15100
15100
15300
15300
16300
26600
15800
16400
15700
15800
16300
22000
17500
15900
15400
17500
16500
16200
16800
18500
16800
17700
17100
17100
17100
21500
17200
18000
17300
15900
17100
20900
18200
16600
16800
16700
16900
21500
16700
16300
62600
17300
71000
16200
16300
17000
17400
16800
21800
16600
16900
292900
11100
10200
10100
12300
10600
10900
12500
10600
27900
12500
14400
11200
10700
12900
10600
10900
11300
12700
12700
17300
12600
12600
12600
12800
12300
13200
12300
12400
14300
12400
16200
12800
12300
11800
11900
11900
12100
12700
12300
13800
12900
12800
13000
13100
14100
15600
14000
14000
13200
17400
13300
13300
14500
15700
14200
14600
14400
15300
15600
19300
16800
16300
15500
19800
16300
15300
14600
15400
15400
18600
15500
17100
15900
16100
16400
18000
15300
20400
192800
21000
18000
18900
16900
18800
17100
18100
17000
17000
66000
18100
71600
17100
17100
17000
17300
16700
19900
18700
19300
270900
11200
11300
11100
12500
11000
10500
13700
9900
31400
15600
11300
10500
10600
11800
10900
11200
11200
11300
12800
16600
13400
62000
13400
13300
16700
13100
13100
13000
14200
13100
13500
14000
93400
14100
13600
13600
13000
13500
13500
15400
13900
13600
14300
13800
19200
14400
14900
14600
13400
14100
13700
13600
14600
15800
14000
14700
14000
13800
17600
73300
15500
15100
14300
15900
15300
14700
14600
14500
14600
16500
14100
23400
15200
15000
15100
17100
16600
16300
86500
20500
15300
14700
15000
20500
15100
22300
15200
15200
14900
16100
15400
15300
14900
16500
14900
14700
15000
19200
17400
233900
11800
9700
9300
11500
9900
10400
11500
9800
28300
11800
9900
16200
9500
11500
10000
9800
10000
10200
11800
16900
12100
11800
12200
11300
11800
12200
11200
11600
13600
11600
11400
16500
12000
12300
11600
21700
12500
12000
11500
13600
15100
12900
13100
12700
14100
12900
12900
13200
13100
17500
13300
13200
14100
15100
13400
14400
13600
13800
13900
16100
14500
14200
14100
18900
14900
14200
16800
17800
16100
15800
15200
14700
12100
11300
12900
12700
152800
11100
110700
18700
10800
8500
8200
9800
8700
8500
8600
11400
8400
9400
8700
10400
8800
10100
9000
8700
8600
8500
8700
163900
12700
5800
5000
5500
5200
6300
5300
7100
10500
6400
10900
5600
5600
5600
5600
5400
12300
5900
6000
13400
7800
7800
10400
6600
7900
15100
7000
7700
9600
10300
6800
7100
7000
6800
7100
6800
7000
7000
6800
8500
7500
7200
7500
8100
7500
8200
8000
10400
8200
7800
8800
7700
8300
8300
7800
7900
7700
7900
8200
10800
12900
31000
10600
28700
8500
8300
8500
9200
8500
8600
8500
11000
14200
8700
8800
9200
8900
8800
81700
11900
8900
26300
9500
8700
8600
9400
10000
8700
8800
8600
8500
10900
8900
10100
12800
8800
8600
8700
9900
156600
12000
10600
5500
5300
5300
5500
5300
5500
25800
6100
5400
6900
5700
7200
5600
5600
6200
5900
6700
11000
8200
8800
7200
6800
9800
6900
6800
6700
7400
6900
6800
9700
6800
7000
7000
7000
6800
6900
7100
8200
7400
7500
7500
10100
7900
8000
8000
7700
8300
7800
8100
7800
8200
8200
8000
7900
7700
9100
11700
10500
8400
29200
8400
28100
8400
8500
8500
8500
11100
8600
8500
9200
9400
8500
8800
9200
8800
8700
96600
13700
8700
23700
8900
10000
8400
9400
8500
8600
8600
8600
8500
11200
8700
9800
9800
8700
8600
9100
9400
156500
5600
6600
5100
8200
5300
5200
5400
5200
23300
5300
7200
7600
6600
7400
5700
6300
5500
5700
10000
12200
6800
6800
145100
12900
7900
7600
8500
7000
22600
7300
7200
7600
7500
7500
7300
7300
7700
9100
6900
13400
7600
7500
8200
7500
7600
7500
8200
8100
7800
7700
7700
8300
7700
8200
11400
7800
7900
15300
8000
10400
8700
32000
8500
28700
11300
8500
8500
8700
8400
8600
8400
10200
9300
8500
8800
9100
8900
8600
123200
11100
8600
25700
9400
8800
8600
9500
8700
11300
8700
8700
8500
8400
8400
9700
18300
11600
11600
8700
12800
161500
5700
7200
5000
5100
5400
5100
6700
5400
22300
5700
5100
6900
5800
6600
8500
5800
5500
5600
6500
11100
6600
6500
6900
6900
6900
25600
6500
6700
8000
7100
6500
9800
6800
6900
6700
6700
58000
6700
6900
7800
7300
7400
7900
8800
7600
7500
10800
7800
7500
7500
10300
8400
7500
8000
8300
7600
7700
7800
7700
9000
11100
8300
80900
8200
8300
9000
9000
8500
9200
8500
9000
8600
12200
8700
8700
9100
8600
8500
10200
10900
8600
23500
9200
11900
8600
9600
17600
9400
10000
8800
8600
8500
8500
9700
11100
8800
8600
11400
10100
157200
7900
6300
5300
5200
5500
5400
5400
5300
21500
5700
7900
6500
5700
6500
5500
5300
5500
5600
6400
11000
6800
6700
7100
6700
6700
6900
6700
6500
7400
6700
6900
6900
6700
6600
6900
6900
6700
7000
7100
7900
22400
7500
8200
8200
10200
9300
7900
7900
7800
7600
7700
8300
7700
8100
8500
7900
7900
7800
8000
11300
9100
9000
9100
9300
9100
9900
10800
9300
9800
9500
10800
9300
12100
8800
8500
9000
8700
8700
9500
10800
8500
29300
8400
32300
8400
8400
8500
8700
8600
8500
8400
9600
9600
8600
9200
11100
8900
8600
139400
158600
15100
14600
7400
5500
5200
5300
5200
5100
24200
5500
5400
8500
6700
6800
5700
5500
5700
5800
6800
12800
6700
6600
10900
7000
6800
6900
6800
6400
7600
6700
6600
7100
6700
7100
7000
6700
8500
7000
6900
7800
7400
7100
10500
7600
7200
7300
8100
7800
7600
7500
7600
8100
7500
8000
8400
7700
7600
8300
10200
11000
8300
8300
8300
8300
8200
9100
9500
8700
9200
8500
9000
11200
9600
8600
8800
9300
49900
75600
9100
13700
8500
30700
8200
28200
8600
8300
10000
8500
8600
8400
11000
9600
9600
9100
8700
8800
8700
8600
61600
164100
5800
9800
6000
5500
5100
6400
5200
5200
6200
5400
5200
5100
5300
6700
6400
5400
8200
5600
6500
13200
6800
6600
6600
6200
6700
7000
7100
6600
22800
7400
9200
7100
7500
7300
10400
6700
6700
6900
6900
8200
7500
7500
7300
7300
7200
8100
22200
8200
7900
8300
8300
8200
8200
12700
8600
8400
8400
8400
17400
10100
8900
11900
9200
12100
8200
8200
120800
8600
19600
9000
9700
9200
9100
9000
15400
10000
9200
9300
9500
10800
9000
8900
10000
9800
11000
9000
9100
9100
12600
9800
69900
9200
11400
13300
8700
9300
8700
8800
8600
158100
6500
5000
5600
5000
5100
5400
5000
5200
6200
5300
5500
5500
5400
26100
8400
13500
5700
5700
5500
11900
7800
6400
6500
6400
6300
6400
6600
7200
7100
6700
7200
7000
6600
7100
9800
6800
6600
7000
6900
8400
7000
7300
7400
7400
7600
8100
7600
7600
7900
7900
7700
12300
9700
8800
10600
9200
15400
9000
8400
10400
8700
8900
10500
8700
9000
11800
41000
8300
8200
8300
8200
8400
8300
8400
8500
9100
8600
8500
8600
12500
9900
9500
11100
9400
8400
8400
10100
8500
9000
9100
126100
8500
9300
8500
8400
9000
8700
8700
8500
157800
6200
7800
5000
5100
4900
5100
5200
5000
6500
5200
5200
5300
5200
20200
5500
14500
5400
5300
5500
14200
6700
6300
6400
6500
6500
6200
6500
6700
7200
6700
7100
6900
6500
6800
6700
6700
6600
6800
7000
8300
8100
7100
7400
7900
7900
8000
7300
7800
7700
7400
7400
7600
8200
8100
8000
10600
7800
7700
7800
10700
8300
8200
8200
8100
8100
8100
40500
11100
8600
8300
8300
8500
8300
8400
8700
9000
8600
8600
8600
9700
8100
8100
11500
8900
8400
8300
8200
8400
9100
8800
47500
8900
9200
9500
9900
10900
9600
9600
9400
157900
7700
5100
6100
4900
5900
6300
5000
6100
8900
5300
5400
5500
5300
14200
5400
12600
5500
5600
5500
12200
6200
6600
6300
6100
6600
9100
6500
6500
7100
6300
6800
6800
6700
7000
6500
6900
6800
6900
6600
8200
7700
7100
7400
7200
7600
11600
7400
7800
7500
7500
7500
113900
8300
8200
9300
7800
7800
10200
10800
9200
8200
8100
8200
8200
8300
8900
8300
8400
8400
8400
8400
8500
8400
12100
8600
9100
8500
9200
8700
10000
8200
8200
8800
9000
8500
11000
8400
8300
8800
9300
49300
8500
9400
8500
8700
9000
8600
11200
8600
154900
6000
5200
4900
4900
5000
4900
5100
5000
6900
5300
5300
5000
5300
16500
5600
12900
5400
5600
5400
12300
6900
6600
6300
6400
6600
6600
6400
6700
7300
6500
7000
9800
45100
7000
6900
6800
6600
7000
6900
8200
7800
7200
7400
7300
7500
10700
7600
8000
7600
7500
7500
7600
8100
8200
8300
7700
7800
7800
7900
10200
11000
8200
8300
8300
8200
8900
8400
8300
11300
8700
9100
8600
8400
9300
11200
9100
8700
9100
8600
9900
8500
8400
8400
8400
8500
8400
119200
8700
9800
8400
8300
8500
8600
8500
8600
8500
8700
8600
8700
174500
6600
4800
5100
5100
4800
5300
4900
5200
6400
5200
5200
5300
5500
14300
5400
15200
5300
7400
5700
10700
6300
6600
6500
6200
6600
6600
7400
6600
7300
6700
6900
7100
6600
7300
6700
6500
6800
10000
7000
8100
7900
7300
7600
7400
7500
8000
7700
7900
45000
7600
10300
7800
8100
8300
8100
7800
103200
8200
9000
9000
8000
8200
10900
8300
8300
8900
8300
8300
8400
8600
8500
8500
8500
9100
8600
9100
8600
11800
8800
9500
8300
8200
8700
8200
8500
10800
42900
9900
8500
8500
8400
8300
8400
8400
8600
8700
8600
8600
8800
175200
5300
5000
6000
5900
5300
4900
5100
5100
5900
6400
13900
5300
9000
5300
5500
6200
5300
5600
5500
13300
6500
14800
7100
14800
6800
6900
11800
7600
19400
7500
7200
7200
13400
7600
7600
11500
8900
16500
10800
11600
10500
10100
10800
10900
10200
16600
10100
12300
11000
11600
11500
11800
48500
18600
8600
8700
8400
8500
8600
13200
9100
8900
8800
8800
8800
9000
9600
9000
10000
9300
9200
10000
10000
10100
9400
18800
9500
9700
9400
10900
9000
10400
9000
9000
9400
9600
11900
9200
9100
9000
9200
9200
9100
9900
9800
9700
9300
10400
9700
169500
5700
5400
12900
7500
10900
5600
6800
5600
6000
7500
5600
5800
6100
6000
5800
5700
5900
9100
6900
12100
7300
7000
6800
7100
7100
7000
6800
7100
15700
7700
7000
7200
7200
7000
7700
7400
7500
31200
13800
16800
14700
13800
14100
14900
15200
18100
16000
17600
13900
13900
14000
13700
200300
29700
15400
15300
15200
16200
16500
20700
18200
16500
16300
15500
16100
16200
20200
15200
16500
18700
15100
15800
16400
17500
16600
31900
15600
16500
16300
21900
15800
16700
14300
15100
14800
15100
15300
15000
15000
14600
15400
18100
15100
15500
19400
15700
15500
16500
16100
244500
11200
10100
21000
11500
18500
10100
11500
9700
10700
16900
9900
9900
10000
9800
9900
10200
9800
9900
11000
18100
14100
11500
11200
11600
11700
11600
11200
16300
29300
12600
13200
12200
11600
11800
12300
12000
11800
12500
11700
13100
12100
12400
12900
12600
12600
13400
17900
76400
13900
14200
14200
15800
12600
29100
14900
14700
14000
13900
14100
19600
14200
15100
14100
14400
14300
14000
14500
16800
15800
20100
16800
16000
15400
18900
17300
31600
15600
15700
15400
17700
15000
15900
14700
14700
14800
14900
19100
15100
14800
14500
14300
15500
15500
15700
15900
15700
18200
17500
15500
246700
11300
9800
22800
10000
17200
9600
11800
8700
9300
12200
9900
10000
9900
9500
9800
10100
10000
9800
15800
17900
11500
12100
11700
12300
12100
12200
13900
12200
26800
13000
12400
11800
12300
12800
15800
13000
13300
13400
16200
14000
12900
12600
12400
12500
12900
12800
14200
13300
13300
13600
13700
14200
13900
27200
19400
14300
13800
13800
16400
15800
14800
14900
14800
15500
16200
15100
15300
15100
18900
15100
14300
15100
83300
16900
15500
31700
15700
17500
15900
22200
15100
15800
15700
14900
15200
15300
14900
15000
15100
14900
14900
15400
14300
15200
19300
15300
15600
16800
23500
286600
11500
9800
22800
9400
15900
9500
11500
9700
10100
16700
9900
9000
10400
9900
10200
10200
9900
10400
12000
17900
11900
11600
11300
11700
12100
11500
11500
11900
30300
12000
12100
12000
12200
11900
12600
12400
12700
12200
14700
13600
13100
13300
14600
13400
13100
13200
14500
17200
13800
13700
13600
13900
13800
25800
14800
14700
13900
13900
14700
15600
14600
15600
20700
16500
16000
15000
15000
15500
14300
13500
14600
14700
36400
15800
15300
35700
15600
15400
15900
17500
15600
15400
17800
15500
22100
18900
15300
15100
16700
19400
15100
16300
17000
17600
15700
15200
15400
15400
15400
243600
13300
14000
13600
9400
12200
9900
11100
10100
10700
12300
10400
10300
10400
10100
9400
10100
10400
10300
11700
21800
22400
11500
11500
11500
11300
11700
11900
11700
25900
12500
12100
11800
11900
11800
12400
12200
11900
13300
12700
18200
11800
10900
13100
12800
15900
13200
14400
13200
13400
13400
13400
13500
13300
27200
16200
18900
15100
14800
20900
20600
15100
14600
15000
15500
15600
15000
14900
17800
15200
19100
15200
14500
35300
16700
15600
31700
16000
15700
15900
16900
15500
14300
18700
15100
27500
15100
15000
16500
16300
14900
15400
16300
17400
16700
19300
15200
15300
15400
15400
242000
10600
10800
9200
8800
9400
9500
9300
10100
9800
9400
13500
9600
9100
9700
9600
9800
9600
11400
9700
20100
13200
12700
14800
12400
12900
12900
12500
11800
28100
14400
13100
12900
11600
12800
12900
12900
11400
12600
11400
18000
13700
11700
16500
11900
12900
12200
12300
14400
13100
13700
13700
13100
24500
33800
13300
13300
13400
24100
17100
16100
18700
17600
14400
14500
14100
45000
15500
15500
14600
21400
14600
14800
15000
16900
15000
35000
15800
15500
15800
17900
15100
16900
14700
18900
14700
14400
33400
14600
14800
16000
15600
16200
15200
15000
17400
20400
15100
20400
16500
240800
7900
5900
6600
5500
5100
6400
5000
5800
5400
9800
6200
6800
12400
5800
9000
5500
5800
5500
5800
12900
7800
7000
6600
6600
6400
12000
7800
6600
16600
6600
6700
6700
7000
6700
6700
6900
7200
9200
7000
9400
7500
7400
7200
10600
7500
7300
7400
8000
7600
7700
8200
7500
7600
15600
7900
7700
7600
7900
7600
12600
9000
8200
8100
8400
9900
21300
9100
10800
9300
8600
11100
8600
8500
9200
8700
18100
8900
10600
8700
10600
8100
8800
8200
8200
11100
8300
20400
8400
8300
9400
8600
11000
8900
9000
9700
8900
8900
10600
10600
162800
6000
5200
6700
5200
5300
6200
5300
7200
5700
5400
9300
6800
11400
5600
8800
5600
7200
5600
5600
12800
7400
7300
7000
7200
6700
6800
10000
6800
15500
7100
7400
7000
7100
7100
7100
7100
7500
7600
7200
8400
7800
7500
8200
8100
7600
7700
7800
7700
7800
8400
7700
7900
7800
15300
8300
8100
8100
8300
8400
12800
9400
10100
8500
9900
8700
21000
9300
9000
8600
8600
8700
8800
11500
9600
8900
18300
9000
9100
10200
10800
8400
8500
8500
8600
8600
11400
20600
8800
8600
9800
8800
9500
9000
9500
9700
9200
8900
13100
9200
159700
5500
5100
6300
5100
5200
6300
5400
5600
5100
5600
6700
9300
10900
5600
8500
5600
5500
5600
5700
12700
7700
8400
6700
6900
7000
7000
7000
6800
18700
7200
7000
6700
7400
7100
7100
7000
7500
7200
7400
8500
7500
7700
7800
7900
7600
8700
10600
7800
7800
8600
7900
8000
8000
15600
8300
8200
8700
8200
9600
13300
8700
8700
8600
8600
8600
8700
8800
9200
8800
8800
9800
9000
8800
9000
11800
32700
9100
9100
9200
10600
129800
28200
16900
17100
16000
17300
48200
16600
16900
19800
18200
18400
17100
17700
24100
16700
17400
19500
22200
279000
12900
10600
12400
10700
10500
11700
10800
12300
10400
11100
11400
12700
37400
11100
20600
11100
11100
11000
11200
20000
13400
13100
12800
12800
12900
12700
12500
15500
28900
17700
12300
12700
15300
12200
12300
12200
13300
13000
13200
14500
13800
13800
14100
14100
13700
14600
14000
18200
14300
15000
14000
16700
42300
27300
14300
15000
14600
14000
14600
22300
15500
15700
15600
16000
15300
15000
15500
17200
15200
17100
16900
15000
18800
16600
20400
31500
16300
16800
16200
18800
17100
15300
15100
15100
15100
67300
20200
17000
16400
17000
19400
16600
16900
17500
16400
16600
17600
16900
16800
228300
13400
10300
11400
9800
9700
11700
10000
10200
9900
10200
11200
11700
24200
10000
15400
10100
10500
10400
10400
18600
13900
13100
11800
12400
15200
13100
11900
11900
26200
12300
12100
16300
11600
12300
11500
11800
12400
12500
12300
14300
13100
12900
13400
13100
15400
13100
13200
14800
17700
16700
13800
13800
13500
26100
13900
13600
13800
13300
13700
16800
31000
18000
14700
14500
14200
14800
14400
15600
15000
14800
15800
18000
14800
14900
15300
33200
15500
16400
15600
17300
16000
15300
14600
14300
14300
34000
15700
20700
16800
16400
15900
16200
16500
17500
16000
15800
16200
16100
29200
253800
13200
10200
10000
10900
9600
10300
15700
10800
9900
11600
11700
11700
11800
19900
16900
10100
9500
12800
10200
20900
13100
12100
11900
11800
12200
15900
11700
16200
26200
12700
14900
12200
11900
11800
13200
12400
12800
12400
12300
15000
13300
14400
13500
13100
13500
39900
14300
13700
14400
13700
13500
14300
14300
28400
22100
14300
14700
14300
17100
21900
15600
14500
14700
14800
15400
14800
15700
14700
14600
14800
15200
15700
15300
49800
15600
30000
16000
15600
16700
17700
14200
15300
14600
14800
14900
14900
19400
14600
15200
14900
14700
14700
16400
15200
17600
15600
14900
15400
15300
221500
12200
9400
9400
8900
11100
9300
9400
9500
11800
10100
10200
10500
9900
11700
11700
11900
11900
16300
10700
17200
11600
11400
12100
11700
11800
11900
11800
11400
25700
12200
12000
12000
15000
12200
12600
11900
12500
16300
12300
14400
13300
13500
13300
13400
13500
34200
14300
13900
13600
13600
13700
14400
18000
26300
15000
16700
15100
14100
14600
16700
14800
15000
15000
15000
15900
15100
19800
15600
15100
16000
16200
17400
16100
44600
15300
35700
15900
15200
16300
22100
15000
15000
14800
15000
15000
15100
14800
14500
15200
15300
15200
15300
15700
19500
15600
15300
15500
15500
15400
221200
14000
9200
8800
8800
10500
9300
10300
8800
9100
13300
9800
9500
9200
11100
10700
10800
11100
11100
10000
16800
10900
10800
12000
11400
11300
15900
11000
11400
27400
11600
11200
12000
11500
11500
11900
11700
12300
12200
12000
13400
12500
12100
12700
12600
12600
16000
12700
12500
12500
12500
12600
13400
12800
24800
14100
13200
13300
13600
33800
19000
14200
14100
14400
14000
15600
14400
15100
14100
14200
15700
14000
14800
14500
47400
14900
28300
15100
14900
16300
19800
14100
14400
14300
14000
18800
14200
16100
14200
14100
14500
14200
14200
14400
14200
14800
14700
14600
14800
14600
216600
10100
8600
8800
8900
10300
9200
8900
8900
9400
8800
9300
9300
9400
10600
11000
10700
14300
11000
9500
15900
11100
11100
11400
11700
11300
12400
11600
11100
22600
11400
11600
11400
11000
11400
11600
15800
12100
12300
38000
13000
13000
12200
12400
12700
12500
13100
12900
12600
12700
13200
14100
14400
14000
25900
16800
14600
14200
14600
14300
17600
14900
14900
14700
14800
17500
35200
17400
14500
14600
14500
14300
15100
14700
14500
14600
28200
15900
15800
20000
18500
14200
14900
14200
14400
14700
14300
14200
14200
16600
14400
55600
11900
14800
10400
10500
10100
9800
10200
10000
157400
5300
5300
5200
4800
6700
5200
5300
4900
8300
5200
5500
5000
5300
6700
6400
6300
6400
6500
7800
11700
6500
6200
6600
6700
9500
6700
6300
6500
17700
7000
6400
6600
6600
6400
6800
6900
6900
7100
6600
8100
7000
8000
7400
7400
10300
7600
7500
7400
7400
7400
7500
7500
7400
18400
11700
13400
12100
9500
8000
13200
8300
8100
8100
7900
8100
23600
9100
8200
8500
8300
8200
8500
8400
11200
8600
19100
9000
8500
9100
10000
8600
8300
8200
8200
9400
8400
12400
10000
8400
8300
8400
9300
9500
27700
8600
12000
9000
8600
9500
148700
5700
4900
5100
5200
6100
5100
6300
5600
5200
4900
5500
7300
5400
7500
6400
9100
8100
6900
7200
12000
8000
6800
7000
6900
6700
6800
6500
6700
16700
6900
6400
6800
6700
9500
7200
6800
7000
7100
7000
7800
7400
7400
7400
7500
7400
7700
7600
7300
9200
12000
15900
11900
22200
19900
9700
9200
12100
12700
9000
15200
13100
14800
8300
8200
8300
25900
9500
8400
8400
8300
8400
8700
8400
10100
8900
19500
8800
8500
13900
9800
8200
8000
8200
8300
10200
8500
9300
8200
10200
8300
8300
13600
10400
26900
8700
8500
8600
8400
9700
142300
5400
6500
8000
5000
5000
5800
4900
5000
5300
5100
5100
5000
7100
5500
5600
5300
5600
5300
5400
