1443700
41000
17400
11300
12200
8100
8200
8400
8800
16300
10200
9500
9400
10400
10100
10900
11000
13900
24900
10600
21700
131400
17100
119600
98700
19000
103600
20100
18800
19300
111400
19100
20300
19600
19500
19400
19800
20100
28600
19300
135200
199500
124800
117900
26900
23600
26200
23800
26900
23900
26700
31700
24700
26500
28200
26100
24900
25800
26400
115600
166600
223500
34100
32700
39800
337300
31600
30800
32700
30900
31000
32600
31500
355100
36000
30000
34600
190600
35500
33100
202600
204200
259100
42400
256900
38900
469700
44800
39700
360300
40400
541000
42400
43800
43200
40700
41200
44900
87800
45100
23000
11600
9100
11000
9200
12200
9700
23300
9900
10300
18600
11200
11100
12000
11600
11900
12300
13500
12700
13100
20400
47500
18300
46700
46700
20200
53700
18800
18400
17800
60100
19600
25300
18200
19500
18500
19600
19300
19700
19100
85700
189000
62100
55500
26200
23800
27200
31000
31400
25000
26800
26100
25900
26600
28100
28200
26700
27800
28200
58900
89200
108600
21600
19700
20100
154300
17700
15900
22000
19700
17500
15400
23000
173100
16900
16700
18200
94700
17200
18800
106700
99700
113900
23300
121200
191800
295500
17300
14100
122800
13400
173400
13000
13000
13300
13300
13100
17400
29000
14400
5900
21200
3500
4100
20000
3200
3200
14000
3300
3200
3400
3600
3500
3800
3500
3700
3400
4500
3700
4200
17900
7000
5600
5700
6100
5900
5600
9800
6000
5900
6300
6100
5700
6000
6700
6400
6500
6100
5900
5800
26800
40500
27300
30500
8800
8700
8700
8000
9200
8400
8700
8100
7900
8600
8100
9800
8700
8700
8400
21800
43100
51600
11300
11700
12200
81600
10400
10200
15300
10300
12000
10400
13100
128600
10700
10600
11500
58800
10600
10900
42300
51200
63400
14500
58700
12700
124000
14500
13000
90400
14300
148600
13000
13000
13100
13200
12800
14800
29300
14400
4800
5600
3200
3900
6600
3600
3100
13800
3300
3400
3200
3600
3600
3400
3300
3400
3500
4200
3900
4000
20000
7500
6000
5400
10400
5700
6300
5500
5800
5800
6200
5800
5700
5700
6400
6200
6200
6000
6000
5900
9500
25100
8500
22800
16300
12900
33400
13400
8500
8200
21000
8000
8600
8600
8000
8400
8800
16900
8200
8700
40600
46000
14500
11600
12100
76100
11400
10200
11800
10200
10100
11600
10400
89100
10600
10200
11400
51200
10900
10600
39900
51000
74500
15800
58200
12700
113400
14400
13900
85900
12500
148500
13200
13000
12900
12700
17200
14700
25000
14500
4600
8200
3400
3700
8200
3200
4100
18100
3400
3500
3300
3300
3800
3600
5100
3700
3400
8000
3600
4500
26400
6100
5900
8600
6400
5700
9100
5500
9700
6100
6300
5500
6000
5600
6300
6100
6400
5800
6100
10100
9500
25600
8500
21100
15700
8800
31600
14800
8800
8100
25200
8200
9300
8200
8200
8100
9100
18600
8300
8000
45200
44900
44100
33900
11100
10500
11400
10100
15600
10400
11400
10400
10200
10800
10800
23400
10600
10900
10700
32600
42200
45700
57700
17000
62500
12500
115700
14300
12800
89900
13700
154500
17500
12700
12800
13100
13000
14200
25300
14100
4800
11500
3400
3900
13500
3200
3100
25100
3300
3200
3400
3200
3400
4000
3400
3500
3500
4100
3700
4300
21700
6100
5500
11300
6000
5600
12800
5400
14100
6000
6300
10300
5900
5900
6200
6300
6800
5800
5700
6300
9300
25700
8900
27300
18100
9000
39100
23300
8500
7900
20200
7800
8900
8200
8400
7900
9300
36700
8400
8300
38800
47800
34200
31100
15300
10500
11500
10100
11700
9900
12800
10400
10300
10700
10600
37100
10900
10500
10800
49400
42800
54600
15500
14700
16600
93000
32400
12500
14000
34400
16800
36300
12900
100800
12500
12900
14400
61200
12800
13000
12700
183900
25700
19700
20600
19500
184400
19800
24200
19400
19600
20400
181600
12700
10500
9700
9800
9900
10200
10600
13200
11300
12200
73600
13800
71500
12200
12000
11800
16200
12900
12800
12600
13500
13800
12300
16300
12200
12200
12400
44000
14600
14500
14800
16400
14200
14300
16100
14600
21200
14600
14400
17700
77500
14800
74600
15300
14400
14900
94600
26600
32200
48700
94900
104300
81900
15900
16200
16400
17900
16200
20400
16000
59300
19400
16300
16200
15800
17300
109600
225800
13500
13000
14200
12900
20500
39900
28100
12800
12100
12800
14500
26900
26800
23800
13000
25000
14800
13300
15200
13900
9700
10600
9500
9400
9000
9300
9400
10300
9900
13800
10100
60200
9700
121300
10200
9400
9800
9700
9500
12800
15800
13400
45600
11600
59900
11900
12100
11700
12800
12800
12700
12500
17200
13100
12400
12500
12300
12300
12300
41800
14200
14400
14300
15500
15200
18100
14200
14600
15800
16200
14300
15800
72700
14600
75900
20400
14900
14800
90500
19000
32500
48900
93100
98500
80800
15600
17000
17400
23000
17900
16200
17800
58800
17700
16100
16100
16100
17300
109400
215800
13200
12700
12500
12200
20100
37600
27400
12200
12500
12900
18200
26800
22300
23900
12900
24700
14500
13400
15400
17500
9700
10000
10300
9400
14400
9700
42300
10000
9900
57500
9700
11300
10100
9800
10000
9600
10000
11300
10700
12400
59800
15900
14400
13400
13200
74600
13800
11800
13300
16000
19000
89400
12800
14800
14600
12300
13600
12400
12100
41500
14200
18900
14500
15300
14300
14700
14200
16100
23100
21400
21500
26000
93700
19200
80300
16800
10700
10500
148700
27200
65000
95700
169100
173500
149300
17800
18000
18500
23200
18900
19800
18300
97400
21300
18400
18400
26000
19000
197900
419000
10900
12200
9800
9900
22900
53200
43200
9200
9800
9400
12000
34100
28100
27600
17300
35200
13900
10400
20100
17600
10900
11500
11500
11300
11100
11600
11200
11600
11500
11600
12500
12600
12000
12000
11800
11600
13000
12000
27500
14600
86700
13200
13500
13300
13600
82200
93600
97900
14800
14000
14800
107600
13800
15200
13800
13800
13900
14000
13800
22000
15600
15300
61100
14500
75900
54300
14800
120300
16400
16400
17500
17200
14700
15100
15300
15200
15400
18400
15300
29900
46800
64600
119100
140200
104800
15600
15600
15700
19400
15600
15600
15800
68500
24700
44100
16900
15200
17000
143200
242600
11600
9600
9800
9800
30600
56500
38200
10500
10600
10400
11600
35400
27900
30400
10100
31900
17700
9800
12900
94100
11800
11900
11400
11800
11700
11800
11100
13000
12100
12200
12600
78600
12500
81300
13900
13500
15600
13700
13400
14200
103000
18200
13600
13300
13500
123000
17400
14100
14100
13600
15200
121800
16200
14900
14700
14400
14600
15500
14500
16700
15600
17600
60300
20000
75600
14600
15200
14800
15800
15300
15800
16100
14900
15000
15800
20600
15700
102500
15400
55000
15000
17000
15400
16400
21100
15400
60400
14900
18200
14700
15000
17500
91800
17000
229800
18900
16400
16600
118300
243100
11300
9800
9400
9400
23200
54800
38300
10200
10300
10600
12500
35100
30200
34000
10300
31700
13400
11700
13600
17400
11500
12500
11400
51800
11000
11200
11900
12500
12000
17800
93900
12200
12000
80200
12000
11800
12200
11700
11800
13400
110200
12800
13300
13100
14000
82200
13200
13200
13200
13300
14500
105700
13100
14500
14000
14400
14500
14200
15800
16000
15000
16400
62800
150700
76900
16700
14600
15600
16100
16000
16000
21300
15300
15100
15500
17600
14300
15500
16200
54700
15000
13900
15500
18900
16300
16600
16600
16800
21600
16600
17000
21100
101900
17400
104700
18100
16500
115200
115600
237800
23600
21800
47400
36500
35100
9800
32000
10700
14200
10200
8900
9100
23500
18600
10400
10400
10300
11900
45500
19800
11900
12100
12000
11800
17500
12200
12200
10900
10200
12100
11700
12200
12300
12600
12300
13300
12700
14900
12500
14600
15400
12600
94800
14500
14000
15200
13400
13700
13800
14000
14000
14700
14300
14300
14900
20100
14500
14400
15200
17400
15300
16300
18800
15700
15700
15600
15600
15400
15100
20200
15600
15800
15800
15800
15800
15900
16400
16200
17400
18000
67600
22000
15400
19800
15300
17100
16100
15600
92400
17200
16400
16300
125800
17800
95200
16500
15300
17100
16700
241700
12500
13600
10200
13900
10300
13100
9700
11900
10300
11900
51400
34900
10600
10700
10600
11300
10700
10600
10800
16800
12400
12200
11800
12100
12100
12200
12400
12200
15000
12400
12100
12300
18500
12700
12100
12600
12500
12600
12400
15000
13500
13600
87600
14300
14200
14800
13500
19000
13900
13900
14000
16500
15400
15000
14800
14700
14200
14500
15400
17300
15400
20500
16800
15700
15500
15300
15700
15500
15300
14300
14700
16000
16300
16300
14900
16900
24200
21700
17200
18600
67200
16500
14700
17000
15500
17000
15900
21000
92400
15600
15900
15800
121500
17400
97800
16900
15900
17400
15900
311900
12800
8400
6400
7100
6400
8100
5900
14800
9700
7100
32600
17300
6300
6200
6100
6400
6200
6200
6900
11900
7700
12100
7400
7200
7200
7300
7400
7300
7300
7500
7300
7200
7600
7600
7500
7200
7600
7600
7400
9100
7900
8000
13200
8400
8300
8800
8400
9100
8400
9000
8300
8100
8300
8700
8400
9200
52900
9000
8600
11200
8900
8900
10100
9000
9000
9500
9300
9500
9100
13800
9400
9300
9200
9300
9200
9400
9400
9400
10200
11000
38100
14700
9300
10000
9100
10100
9300
9100
52900
9400
9400
10100
71200
10200
51800
10100
9700
10400
9600
147400
6300
6800
6000
6800
5800
7600
7600
7000
5700
7000
28400
18000
10400
6200
6000
6000
5800
6200
6200
13700
7500
7800
7000
7300
7100
6900
7600
7100
7200
7300
7500
7700
12300
7300
7400
7300
7700
7400
7400
8600
8000
7700
8000
8100
8000
8100
8200
8800
8300
8100
12500
8300
9800
8300
8300
9100
8600
8800
8500
10000
9400
8900
51900
13300
9100
10400
9100
8900
9100
9200
9200
9800
9200
9300
9800
10300
9300
13300
11000
11300
37800
9800
10200
10100
9300
10100
9300
12300
65900
10800
10400
10700
71700
12300
58200
14900
9500
10300
9400
126100
5800
6500
5800
6700
5900
9600
5600
11000
5900
7200
27900
17000
6100
6000
6000
6100
5700
6000
6100
10900
7600
11900
7100
7200
7100
7300
7500
8000
7200
7400
7200
7300
7600
7500
60900
7200
8300
8100
12300
8700
8000
7800
8100
49500
8200
8300
8400
8900
8300
35100
12900
8400
8900
8400
8300
8900
8600
9100
8600
9400
9000
9000
57300
9200
9000
10400
9300
10800
9100
9300
9400
10200
9300
9200
10700
10400
13400
9400
11900
10700
9000
9100
10100
9200
9000
9000
9100
9200
9200
68300
9500
10100
9900
9500
9600
9700
9500
9500
10500
136500
5900
6700
5800
6600
7200
7200
5700
6800
5600
7100
28400
16700
10300
6200
6200
6000
5900
6600
6400
10800
7500
7200
7000
7200
7000
7000
7500
7200
7200
7400
7200
7500
11800
7600
7200
7400
7500
7500
7400
8300
10300
8100
39800
8200
8800
8300
8200
10700
12700
8500
8400
9000
8500
8400
8700
10800
8800
9100
8500
9900
9000
8900
52600
9100
9100
10900
11800
9800
9300
50900
11400
10100
14100
9500
10100
10400
9400
9500
13600
10800
9000
10400
10000
49300
9100
8900
9100
9200
9100
9200
9100
9900
9300
9300
9400
9400
9400
13800
10700
128600
14000
6500
5900
6800
5800
6800
31200
6000
19300
6100
10800
6200
26200
7300
20100
6900
6300
7300
6000
13200
7300
7000
7000
7100
9000
7300
7100
7300
7100
7600
7600
60300
7300
7500
7900
12100
22700
7800
7900
9500
7900
43100
8200
8300
8300
41700
8300
8300
12600
8300
8200
8200
8200
8400
8600
9200
8500
9900
9500
10800
21800
9100
9600
14000
9000
10200
9100
9100
9000
9000
9800
9200
9200
9200
109400
9300
9100
9200
9500
10700
10800
9200
27800
13800
11400
56200
9300
38200
46500
9200
9200
9500
14000
10500
9500
9400
9400
9500
9300
140500
7900
6700
6900
6600
6800
6900
6700
26700
8400
8100
5900
6100
6800
7600
5900
27600
6100
5900
6200
10700
8000
7100
7300
11700
7300
7600
7400
21700
8900
7900
7400
7700
7500
58400
7500
7600
7400
7500
7700
13600
8000
40500
8900
9600
8200
41700
8100
8100
8300
8200
8100
8200
22900
8500
8400
9800
8500
8300
8300
10000
8900
8700
9400
9900
8900
9600
13300
9100
9000
9000
9800
9200
9200
9200
116600
9500
14000
9500
10000
12300
10800
9300
10000
9300
9100
57200
9300
42900
49300
10300
10300
10400
10500
11400
10500
10500
10400
10500
13900
127700
6700
5500
5700
5600
5400
5800
5800
14600
6400
5700
5800
6000
7000
11700
6000
28200
6000
17000
6300
12100
7300
7000
6800
7200
8200
8300
7200
7300
7400
7200
7000
8400
47700
7500
7500
7200
7400
8100
7700
8600
7800
7800
8000
8100
8600
9300
8100
8200
46400
8400
8800
58900
8300
8500
8900
8500
8300
8400
9000
14500
9000
8900
9600
9700
8900
9400
9800
11100
9300
8900
9800
9000
9100
13400
104000
9300
9300
9300
9200
10600
10500
13500
10000
9100
9100
53900
9100
39200
44200
20400
20300
9500
9400
10000
9300
9300
9300
9200
9400
130100
6400
5600
5400
10100
5800
6100
5800
14200
5800
5900
5700
5900
7200
7300
6000
26000
6000
5900
6000
16600
7200
7200
7200
6900
6900
7500
7300
7500
7100
7200
7200
7600
62200
7500
7400
20100
7600
12000
8000
8300
8000
7800
10400
8200
8100
8200
8100
8000
8200
8200
9000
63800
8300
8400
9200
9900
8500
8500
9100
19800
9100
87300
9100
8900
9200
42900
9100
9100
9300
9200
9100
9200
9100
9200
13400
10200
9400
10400
9300
10600
10500
19600
9700
9000
9000
62400
9100
39600
46400
9800
9200
9100
9300
10000
9200
13500
9400
9300
9400
125400
6800
5600
5700
5400
5700
5500
5700
15500
6000
5900
5700
6500
11100
7100
5900
26600
5800
5800
6200
11000
7200
7000
33300
7200
6900
7400
24000
7700
7100
8700
7400
7700
7100
7400
7400
7400
7200
7400
7700
8100
7900
7700
8100
7900
8000
8100
48000
8400
8200
8300
9100
67200
8600
8500
9100
8500
12600
8600
9000
10400
9000
43100
9000
8800
9100
47000
9000
13300
9200
9100
9300
9200
10800
16200
9500
11700
9400
9300
9400
10300
9200
13100
10100
9900
9100
10100
9300
9200
9200
9200
10100
9300
9300
9300
113700
54500
9500
10400
19500
130500
11500
5600
6200
5600
5600
5800
5700
14400
5700
5800
5800
6000
6800
7200
6000
28200
10800
5800
6100
10700
7900
7200
7100
7200
7100
7400
7300
7600
7300
9000
7400
7700
7400
7300
9000
7600
7500
7100
12300
10700
8300
7900
8100
21800
8300
8300
10100
8400
8000
8300
9000
157600
12900
8700
9300
8700
8700
8800
9000
10500
9000
44000
42900
9100
9100
46200
22100
9200
9200
9100
9000
9200
9200
9300
9600
14700
11400
10200
9400
10200
9300
8900
9700
9900
9100
9900
9100
9000
13000
9200
10600
9000
9300
10500
181000
9300
9300
9300
13600
142400
32700
15200
13100
10100
10600
71700
10800
26500
29100
11800
10400
16700
9400
15500
12100
14700
52100
15500
13800
19600
13200
12000
17100
11000
11600
12500
12900
12500
11600
11600
11700
11500
12100
11900
12700
12600
14000
12100
13100
15200
13300
12400
13000
19400
14600
13200
16800
13300
14000
13500
13700
13300
13600
13600
14200
14500
13800
14100
20000
17500
16500
14600
14900
14800
14800
14500
14700
15900
15900
16000
15700
19100
21500
18800
18400
15300
16000
15700
15700
18700
65100
15900
21200
16500
16500
15300
14500
15400
16600
15400
122900
18000
17500
16300
94200
16600
16300
107600
16400
379800
11600
9500
12100
17100
9900
9500
9500
9700
9600
9800
10300
9700
10000
10000
11400
10100
11100
11500
11600
15700
17100
11300
11000
11300
11300
11200
24500
11800
11600
11300
11600
11700
14000
11400
12000
11800
11800
11900
11900
15200
12700
18200
13100
14100
14400
13200
13300
13200
14400
13300
13300
14500
14000
13300
15200
15200
22500
13500
14100
19100
14800
14400
14500
15100
15000
14600
14800
16000
16600
14800
20900
15500
15700
16400
17600
15100
16400
15100
15300
17700
61300
21700
14800
14700
15000
14700
14900
14800
14800
14400
273800
16900
17100
21100
83700
15900
15200
104700
17400
258500
12600
16000
10500
12400
10400
10400
10900
10700
10900
11100
11100
11000
10800
10300
11900
10600
27700
14900
18300
17400
12700
12900
12800
13000
12800
13200
13100
13300
13000
14100
12400
12300
12600
12800
14600
12700
12700
12700
13200
20900
14300
12600
12900
30000
13200
13400
13800
13200
14000
13400
13400
13500
13500
13500
14300
19300
14400
14100
13700
16300
15600
14500
14800
14600
15500
14600
29000
18500
16500
21000
15800
15300
23400
18000
16800
15800
16700
16200
16100
18300
70100
18700
17000
17100
17100
17000
17300
17300
17200
17300
95000
18300
24100
17600
94800
17600
17500
203300
16100
256900
12300
10800
10500
12300
11500
10200
10800
10800
11000
11000
11000
10900
11600
11300
14400
11400
12500
17100
12700
17600
13100
12900
12800
12800
12600
11700
12700
15200
13400
13100
13500
13500
13300
13300
12800
13200
13000
13800
18800
16100
15400
14600
15000
14900
14900
15000
15500
15300
15700
15200
14500
13900
14200
16400
19500
14600
14300
14400
15000
18700
14700
14600
15100
16300
16800
14600
14500
15200
21300
15300
14900
14700
15100
14600
15900
15700
15000
18400
16100
18400
68300
17500
14900
15200
15600
15700
15300
15400
15300
15300
89600
21900
18000
18500
84800
16000
16500
113500
15900
237600
13200
10900
9900
12200
11000
10700
11200
10600
11000
10500
11200
10500
10400
15700
12200
10200
11400
11800
12000
17700
12100
14300
12000
12900
12900
29400
13300
13600
95200
13500
13000
12800
12700
13200
13500
13600
14500
13700
13700
16300
15600
14800
16600
14800
15100
15000
16300
63300
16800
16400
17200
17200
18700
16400
19200
16700
18600
17000
18800
21100
20500
15200
15500
16700
17100
107100
15200
14700
15600
14700
15100
14700
20800
16700
16500
16200
15200
14600
16700
18200
15000
20100
15800
91500
15500
15700
15100
16600
19100
17100
17200
17200
17000
19300
18800
17400
24200
17100
18600
274600
11300
10700
10700
12400
10900
11400
10700
10800
10900
10800
11500
17900
11200
11200
12200
28700
12300
11900
12000
15700
11100
12100
11300
11500
11600
11500
11600
11600
16900
11800
11900
11800
12100
12100
12200
12500
12000
11900
14300
14100
13600
12600
13600
13900
13200
13000
13800
18700
13900
13200
14200
13400
13500
13500
14400
14500
14600
14500
14500
17400
15500
15600
20400
14900
19300
15100
16100
14700
16000
15100
15700
15300
15000
14800
15700
21200
15200
14900
14400
18200
14300
14200
14100
14500
14300
14300
14300
15700
23400
30900
15100
15100
14900
16900
16400
15200
16000
14900
14700
232100
24600
11300
9600
9500
23600
10000
9900
9600
9700
9700
29500
11200
12700
10100
27400
15400
9800
35900
10200
17900
12500
12200
11500
14400
11700
11800
11900
13000
17800
12700
12900
12200
12700
12400
12200
13600
12500
12600
13000
15000
14000
14000
14100
13900
140700
14600
13800
14600
13800
14200
13700
14600
14200
14300
14700
14100
14100
14400
15100
41600
17400
15300
15100
16100
16000
15300
18000
16200
94900
16300
21600
15900
16900
18400
15800
16000
15600
15800
16600
19400
16000
16900
15700
22800
18300
39400
16500
22800
17200
17000
18700
16700
16800
17000
16700
20200
15900
16300
16200
265900
10700
9800
9700
9800
9400
9300
22700
9200
10200
11800
25700
9400
9000
9700
10100
15900
10300
10400
10000
17200
12000
11800
11500
12300
12000
11800
12500
12100
12300
12200
12500
12400
12500
13100
12700
12700
18400
13300
12700
15100
13000
13900
14000
13900
88700
14500
13900
14700
14200
19400
14100
34400
14000
14400
16800
14300
14200
14400
14200
16800
16200
15100
14900
21600
15500
17700
15400
16300
195000
16000
15500
15900
16600
30900
15800
16100
22400
18500
16300
18800
15800
15400
15400
16700
15300
15300
16300
15000
15500
20900
16700
15600
15400
15600
15200
15800
15800
16100
16300
238600
10900
9600
9400
14700
9600
9800
23200
9200
10400
11900
25400
9600
10000
12600
10300
22100
10600
10200
10100
15900
11900
11700
11500
17400
12400
11800
11900
12700
11700
12500
12400
12400
12400
12500
13700
11600
10800
12700
12500
16900
13500
13300
13400
19800
13500
13500
13600
14800
13500
13600
15000
14100
14400
14100
87200
19700
14300
14400
15800
17200
19500
15500
15900
16800
15700
15600
17200
16100
101200
16100
15900
15700
16700
16000
16000
16200
16200
16300
18800
18500
20700
15500
15500
16900
15100
15600
15800
15100
16300
16400
16700
15600
15400
15600
15600
18100
16600
17000
17200
242300
12400
9700
11000
11800
10000
11100
24200
9700
10100
17400
31400
10400
10600
10200
10600
10600
10800
10700
10500
16500
12200
11800
11100
12600
11700
11900
11600
12300
12000
11800
11900
17400
185300
14400
29700
12400
12200
13100
13000
14300
13800
13800
13200
13400
13500
13200
13400
14600
13900
13600
15400
13900
14400
14700
14700
16900
14500
14200
29600
16400
15400
21200
16200
15800
90700
16800
15400
16100
15500
15600
15300
16500
20500
17900
16600
15800
15600
15900
16200
19400
16800
16000
15700
16200
15000
20500
15400
14000
15400
16000
17000
15600
15400
15600
15800
15900
17900
15900
16300
237900
12100
9700
9400
10200
9700
9800
23000
9600
10000
14400
25100
10100
10000
9000
10000
10400
10300
16300
10300
17800
12600
11900
12000
12700
12400
13400
12100
12700
12200
12700
11900
11400
13900
12400
12400
14800
12800
12700
13100
19800
13400
13400
13500
13100
13700
13500
13900
14900
14100
14100
31600
14500
14500
14100
14100
19700
14200
14500
14800
16400
17400
15900
15700
15300
89300
16600
21100
16500
15800
15800
15500
16500
27400
15900
16700
15900
15600
28400
18500
17900
21800
14900
15200
16300
15500
15800
15700
16700
197700
16800
15800
24100
17000
16300
15900
15600
15500
17400
15800
241700
11700
10300
10300
9800
10000
10100
28600
9300
9600
11800
26100
10400
10500
10000
24900
11000
11000
10800
11600
14100
9200
7000
6600
7500
6800
14500
9900
7200
6800
6600
6800
8600
10400
7100
9300
9300
9300
11200
9000
54000
12000
11500
13900
11800
13000
7800
8000
8700
7700
7900
8700
8000
8300
8000
8000
8000
7900
8000
8400
13700
30900
9400
9100
10900
48100
30600
8900
9200
8700
8700
8800
9400
8900
8900
9700
9000
9700
9100
9100
10100
9400
8900
13300
9500
8800
8600
8800
9600
128100
9600
8800
8800
9900
13300
9100
8800
8900
8900
9100
119700
5700
5300
5500
14700
5500
5500
5600
5800
5800
5400
11100
5800
5300
5700
5500
5700
5700
6600
5700
12900
6700
12800
6700
6900
6700
6600
6700
6600
6500
6700
7400
6700
6700
6800
16900
7500
7100
7000
7100
8100
7400
7400
12000
7600
7600
7600
8500
7800
7600
7700
40200
7800
8300
8400
7900
7700
12000
7900
7800
10700
8300
9700
9500
8300
8500
9200
8500
8900
8400
8500
48000
8700
8800
9400
10600
147400
8900
8700
8900
15100
18600
8700
9900
8500
9300
8700
8800
9300
9700
8600
8600
9600
9400
13700
8700
8700
10700
9700
8900
142400
6500
6400
6200
21600
6500
8300
6600
6200
11100
5500
5600
7200
5500
5900
6900
5900
5800
15100
5900
11300
6600
6600
6500
6900
6600
18300
6800
6400
11100
6900
6800
6500
7100
7000
7100
6900
6900
7200
7100
8200
7400
7400
7900
7600
7900
7600
12500
7900
7600
7500
38500
8400
8100
7800
8500
8000
7900
7800
7800
11700
9300
9300
11200
9200
9500
9900
9600
10000
9500
9400
44800
12700
8700
9700
8600
133200
8600
8700
8700
11000
9100
8200
8200
12700
8600
8400
8600
8600
23900
15600
12400
12600
9600
9900
8600
8600
10100
22400
9000
123200
5300
5400
4900
14100
5100
5300
5300
5100
5400
5400
5400
5300
5600
9700
5800
6200
5700
14800
5700
11700
6500
6700
6600
7000
6600
6600
7400
7300
7100
6900
6800
6700
7000
11100
7600
7100
6700
7300
7100
7800
8800
7600
18400
42600
7700
7600
7600
7600
11600
7900
7700
7700
7500
7500
7700
8500
8000
7800
8000
9900
10100
8300
15300
8900
8200
16500
8700
9100
8400
8400
40300
8500
9900
9400
10200
132200
8800
8900
8700
10400
8400
8200
8200
8400
8400
8300
8300
12700
16400
8700
8500
9300
9400
9500
8600
8800
8800
9700
9000
131500
5900
5300
7300
13700
5200
5300
5300
5000
5400
5400
5400
5300
5600
5600
7300
5800
5600
20100
8500
13200
6700
7000
6900
7100
8100
7300
7300
6700
8700
7000
6900
6600
9300
15600
67700
16600
10800
49400
20100
15600
8500
11600
17400
11700
11200
8300
8100
8000
10000
8400
8100
8100
8100
8100
14400
9600
8500
11700
10100
9900
8900
8800
9600
8900
8900
44800
15400
9200
58700
9100
126100
9400
9900
9300
9300
9000
12800
14500
9400
21900
9400
9200
8900
9100
9300
9000
9100
8900
10100
9100
9200
14700
10300
9900
8900
9300
9300
10400
9300
130700
6000
7200
5600
19300
5600
5400
6500
5600
5600
5500
5400
5700
5700
6000
5800
5700
5800
15700
5700
11600
7000
7200
11300
7600
19600
7100
6800
6800
7100
7100
7000
6700
7400
7100
7500
7600
7000
7600
7300
8100
7800
9700
7800
7900
7500
7700
7900
7800
7800
8100
8500
8100
8000
8000
8000
8800
8100
8000
12500
9700
8700
8800
9500
8600
8600
8700
10100
8900
9000
8900
41900
8900
10100
9000
9000
8900
8800
8900
10300
11400
8700
8700
9600
8700
13000
9800
8900
10200
9100
8900
40700
9100
9200
9900
9200
133400
16400
9300
9100
120900
5800
5300
5600
13100
5400
5300
5300
5300
9500
5400
5600
5700
6900
13900
5900
5900
5800
14900
5700
12100
7100
6900
6900
7100
6900
6800
6900
6900
7000
7000
8500
7000
7300
7000
7200
7200
7100
7400
7300
8000
7600
18500
10400
13500
8000
8100
8000
8200
12200
9000
8000
8000
8100
9400
8200
8700
8300
8200
44900
9600
8600
12700
9400
8600
8700
12200
10100
9600
9200
8700
37500
8700
9800
9000
13000
9000
9200
9200
9300
11100
8800
8800
9700
8800
9900
12700
9900
11600
10500
9700
113800
10000
10300
10700
13400
51000
10700
9100
10900
120900
5600
5200
12400
5800
5400
13900
5300
11300
6800
5700
5600
6600
6800
6700
5700
5800
6000
8000
6300
14500
7000
7600
7100
7200
7200
6900
7000
7100
7000
7200
7300
7200
7000
7200
8500
7100
7500
8400
12100
9000
8500
8000
8500
7900
7900
8300
8100
8100
8700
8200
9900
8400
8200
12100
8500
8800
9000
8900
9100
10800
9000
32000
8600
10000
8900
13300
9200
9100
10400
9300
9100
9200
9800
9300
9200
9200
9200
9200
9800
15000
9500
9100
28600
9900
9300
10100
9100
9100
9100
10100
13300
9400
9500
134100
10000
9500
9500
11100
63000
130500
5700
5600
5600
5700
6800
5700
5600
5600
6600
5800
5700
6200
5800
5800
6800
6200
6000
6500
5900
12700
7100
6700
7100
7000
15400
7100
7100
7100
7600
7500
7200
9000
7400
7100
7500
12000
7500
7400
7600
8900
8300
7800
8600
8100
8200
8100
8100
8200
8500
8300
8700
12500
8200
8200
8400
8200
9000
10200
8500
10600
8700
31200
9000
13600
9000
9000
9000
9000
11600
9000
9100
9000
20400
9400
9300
9800
9200
9300
14100
10700
8800
8800
27000
9600
8900
9600
9000
9500
9000
9900
9200
9200
10500
61700
10000
9400
11100
9900
96100
130900
5600
5500
5400
5500
6600
5600
5600
5500
8000
5600
5700
5900
6900
10300
7400
6000
5600
5800
5900
13600
7100
6900
6900
7000
6900
6700
7600
7200
7500
7500
8100
7000
11500
7300
8000
7300
7500
7600
7100
8500
9300
8600
8700
8100
8600
8500
8300
8300
8500
12300
8800
8300
8300
8400
8500
8300
8800
9000
10500
11900
8800
36500
9300
9400
8800
9300
8800
8800
9800
9000
9100
9000
9500
9100
9000
9100
13500
9200
10000
10700
9500
9100
26600
11000
10300
10000
13200
9700
10700
10000
10500
9300
9300
60400
10200
9500
9500
9300
141600
187400
6200
5400
5600
5200
7000
5400
5400
5600
6500
6100
10000
6100
5900
5700
6800
6000
6100
6000
5700
12000
6900
8000
8400
7800
6900
29300
7100
11800
16100
7600
7000
7100
7200
7300
11100
7400
9000
7500
7100
8600
7700
8300
8100
8200
8700
11900
8100
8200
8200
9800
8700
9400
8500
15600
8500
8200
8900
9000
9100
9900
9600
8900
9400
9000
9200
8900
8900
8900
12100
9500
9200
10900
9200
9300
13900
18300
10500
9800
9500
11000
8800
9000
28000
9600
13400
9900
9200
9200
10400
10200
9300
9600
10300
61100
10000
9600
13500
10600
65600
156600
5900
5300
5600
5600
6600
5600
5600
5300
11100
5700
5500
6000
5600
5700
6500
5700
8500
6200
5800
11800
6700
7300
6900
7700
6700
7000
11400
7200
16000
8100
7300
7200
7200
7300
7600
7300
7300
7400
7500
8600
8100
8400
8200
8100
8400
12400
8100
8200
8200
8100
8600
8100
8200
15300
8700
8300
8600
8900
9400
13800
10500
9800
11300
10600
11500
12900
10100
10200
10700
10100
10100
10200
12200
10100
94300
18600
10400
16900
11500
14500
28400
35600
11500
10100
9000
9000
9000
8900
10600
9200
9100
10100
10000
9200
14000
9300
9300
60400
10300
155600
6800
5500
5400
5300
10800
5500
5400
5400
6900
5600
5800
6100
5800
5700
6700
7300
6600
7000
6000
10800
6900
7000
6700
11600
7100
6700
6900
6900
15300
7500
6900
7300
7100
7000
7600
7300
7400
7100
7600
8200
7900
8300
9800
12500
8300
9600
8300
8000
8000
9300
9100
7900
9200
17100
8400
8200
8800
8600
12900
9500
9200
8700
9300
8700
8900
8600
8600
9200
9300
8900
8800
8800
9000
8900
9000
18800
9900
10200
10600
10800
8700
41100
9200
14600
8800
8700
8900
8800
10400
9200
9000
10300
10200
9500
9200
9100
16300
9600
9900
158800
5900
5300
10800
6500
5300
6400
5300
5500
5400
6600
10000
5800
5800
16400
6600
5500
5800
5900
17400
42900
7200
27200
7800
7400
7300
7600
6800
7300
17500
6900
7000
7100
7400
7600
7100
11900
7300
7400
7200
9200
7900
7800
7800
8200
7900
7900
7800
8100
8100
8100
8000
12900
8700
20400
9000
8400
8300
9100
8400
10200
9900
9400
9000
8900
8900
15900
9100
8800
9900
9500
9500
9500
9200
9100
9100
19500
9800
9300
9400
20300
9200
9000
8800
41800
9800
9000
10600
10000
9200
14200
9400
9200
9200
9400
9200
9300
11000
10500
9300
157700
13100
5600
15600
12400
5200
5500
5300
5500
5700
6800
5900
5900
6100
6800
7000
6000
9300
6000
10300
13400
7500
8700
7100
7000
75800
62500
77300
13900
24800
12300
19000
12300
12500
12300
21400
12300
13800
12900
13100
16100
13800
13300
13400
14200
13300
13800
13600
13600
15300
13600
20300
15200
13700
28100
18300
14800
14500
16000
15100
18000
15500
15200
15400
15800
21800
15900
19300
15800
17600
17300
17000
16400
16500
15900
15700
35500
17300
16400
16800
25900
15600
15600
15400
77800
17500
15800
17400
16700
15800
22000
16000
16600
16800
19600
16700
16200
17000
17500
18200
238700
28800
15500
22300
21300
9700
9400
9900
10300
10300
11800
10000
11100
10600
12200
12400
10600
14500
10800
16800
18700
12600
12500
12200
11600
12300
12100
12200
27800
27400
12600
12300
12300
12800
12300
12600
12200
12900
12800
19000
49600
13400
51100
14800
13700
14500
14300
14100
15900
14400
13600
19800
14500
14900
29200
14700
15000
14500
15000
14500
17900
15200
15100
16400
15400
20700
15800
15400
15200
16800
19100
16600
16200
15900
15900
15500
38000
17200
16200
21900
19200
15500
16300
15500
77500
16700
15500
17200
19700
17700
17400
19800
17200
16800
17500
17100
17100
17600
22100
17100
244200
31900
9700
20500
21600
9800
10000
9800
9900
10400
13000
10100
10200
10900
12100
12000
10600
14200
15800
10700
18800
15200
12300
17100
12500
12200
12300
12300
13000
33700
12300
12600
12300
12500
12400
13000
12600
13100
12700
18300
50800
13300
55200
14400
14300
15000
14300
13900
14100
14000
13800
19600
14000
14800
27200
14600
15600
14400
15000
14600
18700
15700
15000
14900
24800
15300
15800
15600
15300
15700
15100
15700
17200
16000
16000
16400
37900
16900
16500
21600
19500
15900
15700
15700
79000
17000
16000
17600
17100
21800
15400
15500
15600
15800
15600
16000
16500
16700
17400
15800
241800
31200
10400
21100
21300
9500
9800
9600
10200
10300
11300
10000
10300
10800
12000
12200
13100
19300
11500
10700
18900
12800
12000
11900
12000
11700
11800
12400
12100
30300
12100
11800
11700
68900
16100
18700
12300
12800
12600
12300
129100
14000
48700
14100
13200
14000
13700
13500
19700
13700
13400
13400
13800
14300
31300
14800
15200
13800
15900
15600
18900
16200
27900
17100
18900
17300
18400
16300
17900
17700
21100
17800
16600
15800
16400
16100
41500
17300
17600
17500
20100
18800
16000
18100
16600
19600
17300
18300
18000
28600
20900
17800
17400
15900
15800
15700
16500
16500
19400
16300
257100
27300
10300
20600
21600
11500
9400
9600
10200
9800
11800
10500
10900
10100
12000
11700
10500
18700
10800
10700
21600
14900
12200
11400
12100
11700
11800
11700
12500
26700
12300
11700
11900
12500
77200
12100
12200
12800
12500
12200
49900
13300
49700
14600
13400
14600
15000
19800
13600
14700
13700
13900
14100
15300
29800
16800
14400
13700
14100
14000
17200
22200
14800
14600
15700
14700
14700
14900
14700
15100
15300
14900
16500
15700
15400
15300
38000
15800
16500
14600
17600
14800
14500
16400
14800
14500
14800
65500
14900
16700
16400
16300
15500
16000
15900
15600
15700
15800
16600
15500
249500
11800
9900
9300
21400
11500
10200
11300
11200
9600
10200
21500
11000
10000
10400
16000
12000
10200
11800
10500
20700
13700
12900
11600
15100
13800
11800
12800
17900
26100
13000
12000
12600
12800
12600
12800
13200
13100
13100
13300
15100
14400
13800
15400
14400
14300
14000
19600
14100
14000
14100
15500
14700
14300
26900
85200
14900
14600
14800
14700
23700
15600
18100
16400
14500
11600
8600
8500
8600
8600
8700
8700
8700
13300
8700
8700
20200
8900
8700
8800
11600
8600
8600
42800
9200
13600
8600
9500
8700
8700
9600
8800
8800
9000
8900
9700
8800
10600
13700
8800
159400
6400
5500
5100
5100
5500
13500
5600
5100
5500
5500
5600
5800
10200
16800
7600
9000
7200
6300
5600
12100
9400
6900
6800
6500
6500
8700
6900
6600
16600
8800
8000
6700
6800
7900
8700
9200
7000
8100
8100
9300
9200
8700
8900
8700
8600
9200
9100
12400
7700
7600
8200
8600
9600
15400
122100
7900
7700
8000
8000
14100
8600
9000
8400
9300
10800
8700
8400
8500
8600
9200
8700
8500
8500
8600
13500
18400
8800
8900
8700
11000
8500
8300
43200
9200
8600
12800
11300
8800
10500
9800
8600
8500
8700
10800
9700
8600
8800
9500
12900
155700
5700
5300
5400
5100
5200
15000
5300
5600
7400
5500
5300
5400
5400
20200
7700
6100
7000
5500
5600
12400
10300
6600
6700
6600
6800
40800
6600
6800
19300
7100
6700
6800
7000
7600
7100
7100
7100
7100
8700
8000
7900
7800
8000
9700
7800
7700
11900
7800
7700
7700
9600
8100
7700
15900
8200
8700
9200
8100
8300
9600
12500
8900
8400
8700
9200
8300
8400
8300
10300
8600
8600
8500
8700
114800
18700
39000
16300
24800
17200
20400
12500
16700
229600
24900
19000
17400
28400
17400
17400
18400
17600
17200
16400
17700
18900
17500
17900
18700
17500
268800
11700
11600
10200
9800
10200
25500
10300
10300
10300
9600
9700
10100
9900
32600
19600
10300
11900
10000
10100
18400
13000
11400
11300
11500
11400
12000
12700
11800
29100
12600
11900
11700
12900
18200
15600
11100
11300
12100
12000
13300
13500
13500
13800
13600
13100
13100
12800
13100
13900
16100
19000
13600
13600
28400
14100
14700
14000
14100
14600
16300
15500
14600
14700
14700
20600
14600
16300
15700
15300
15600
17100
16800
16000
16200
92200
37700
22800
15500
15600
19700
15100
14900
77400
16000
15000
14700
15900
21300
15100
16000
14900
14700
14700
14700
18600
15000
15000
17500
14800
237300
12700
9500
10000
9200
10100
29100
9400
9500
9500
9700
9700
9300
9200
29000
19000
10100
12300
10300
10200
18000
13400
12600
11500
11400
11600
11600
11600
14600
26500
12200
12100
11800
11700
12000
20700
168200
12500
11800
12300
13900
14100
13700
16200
13500
13200
13100
13200
13100
19100
13200
13100
13400
13800
27000
13600
14400
13900
13900
14800
16200
15300
14400
20800
14500
14700
16800
14600
14600
14800
14700
16400
15600
14800
14800
84600
30300
15300
14800
15200
16800
14300
15300
14700
15900
15100
15900
14600
19200
14500
14500
14600
14600
14500
15000
14700
14700
14500
14700
14600
236700
11400
9000
9200
8900
9100
22800
9000
8700
9100
9000
9000
9100
7800
25600
12900
11000
17800
10300
10000
19000
17000
12100
12600
12600
12400
12200
12100
12900
25100
12800
12100
12200
13100
12800
12900
12600
18400
12800
12600
14200
14200
14100
17400
14100
13900
12900
13200
13200
13400
13600
13500
13600
18800
27500
14500
14400
14000
13400
15000
16100
15700
15300
14700
15000
15000
17800
20100
15300
14700
14700
16100
16200
15600
15300
84300
31600
16400
15500
15900
22900
14300
15700
14400
19500
18000
15600
15400
15600
15800
15900
16000
17100
16900
16200
16400
16700
208300
18200
17700
242900
12300
11100
26600
11200
9800
12400
11400
11300
10900
12500
10300
25100
10200
10400
11600
10100
10500
18900
10300
