25100
1400
700
5000
700
600
800
700
600
600
900
800
600
500
1000
600
500
600
500
500
500
600
900
600
700
600
600
800
800
600
600
600
700
600
600
600
600
600
900
600
600
500
800
600
600
500
600
500
700
600
500
600
700
800
500
600
700
600
600
600
600
500
600
600
600
600
700
600
600
500
800
600
600
600
700
600
500
500
600
600
900
600
600
600
2800
900
600
900
700
600
800
700
600
700
600
600
600
600
900
800
600
900
3400
600
600
600
600
600
600
600
600
600
900
600
600
1000
600
500
600
500
600
800
600
600
500
1300
900
800
600
700
700
600
600
600
600
600
700
600
600
700
600
600
600
800
800
500
500
500
600
600
800
700
600
600
700
600
800
800
600
600
600
500
600
500
600
600
500
700
2900
800
1100
600
600
500
600
600
500
600
600
700
600
500
900
600
600
600
500
500
600
600
600
700
700
600
600
600
1300
600
600
600
600
600
700
600
500
600
600
500
600
500
700
600
600
700
500
600
600
600
600
500
600
600
600
600
900
600
600
600
600
600
900
500
600
600
600
500
700
600
600
700
600
500
800
600
600
600
600
500
600
500
600
700
2000
700
800
600
600
800
500
600
600
600
600
800
600
600
800
700
600
600
600
600
500
500
600
600
600
600
500
600
900
600
600
600
700
600
800
600
600
600
500
500
700
600
1100
2100
600
600
800
700
1000
1100
900
900
800
600
600
600
900
600
800
600
600
500
600
600
1000
500
600
700
600
600
800
600
600
600
600
600
900
500
500
600
500
600
800
600
2000
700
600
600
600
600
600
600
500
600
600
800
600
600
900
1400
600
600
800
600
600
600
600
600
800
600
600
500
800
600
800
600
600
800
500
1300
2200
700
600
800
600
500
700
700
600
700
600
500
600
600
600
900
600
600
600
600
3500
700
1300
600
600
600
600
600
600
600
600
600
600
600
700
700
600
600
800
600
600
600
600
600
800
600
600
500
2900
700
600
600
500
700
800
600
600
500
600
600
800
600
700
500
600
600
800
600
600
600
500
600
1300
600
600
500
700
600
600
600
500
600
600
600
800
600
600
500
600
600
1000
600
500
700
600
700
800
600
700
600
600
2100
900
600
700
600
700
600
600
600
600
600
600
600
600
700
600
600
700
600
1600
600
600
500
700
600
1600
600
600
700
600
600
1600
1000
700
600
700
3500
700
600
700
600
600
800
600
700
700
2000
700
1100
600
600
600
600
600
800
600
500
600
600
700
800
600
600
600
600
600
900
600
600
500
600
800
600
700
600
600
600
600
500
800
600
500
500
600
600
700
600
700
600
600
700
900
600
600
600
600
600
800
600
600
600
600
700
600
600
600
600
600
600
800
600
600
500
600
600
1400
800
700
600
800
600
600
800
600
600
500
600
500
600
600
600
700
600
600
600
600
600
600
700
600
600
600
600
700
700
800
600
700
600
600
700
600
600
600
700
600
600
900
600
600
600
600
600
600
600
500
600
600
600
600
600
700
700
500
600
5000
1700
600
600
600
600
600
500
600
600
700
600
800
600
600
1300
700
500
800
600
600
600
600
500
1900
1000
1700
600
600
600
600
700
600
3500
700
600
700
600
800
600
600
600
700
600
600
600
600
600
500
600
800
600
800
700
600
600
800
600
600
600
600
600
700
600
600
600
700
600
800
600
700
600
600
600
700
700
600
600
600
600
900
600
700
600
500
600
800
600
600
600
600
600
900
700
700
800
600
700
800
600
500
600
600
600
600
600
500
600
1800
800
600
600
900
700
700
700
600
900
600
600
700
600
1200
700
600
600
700
600
800
600
700
700
700
600
800
600
700
500
600
700
600
600
600
600
700
700
800
600
600
600
700
600
600
700
700
600
500
500
700
600
600
600
500
600
700
700
700
600
600
800
700
600
600
600
600
800
500
600
600
700
900
700
600
500
600
700
800
700
600
700
1300
600
