18100
3800
900
1400
600
500
600
1600
1000
600
1000
1000
1600
600
900
600
600
700
500
500
500
500
400
800
800
600
600
600
1000
600
500
500
500
700
600
500
600
600
900
600
600
500
700
700
500
500
600
500
500
700
500
500
3800
600
700
600
800
600
500
600
500
500
500
400
500
500
700
600
500
600
900
600
600
600
500
800
600
500
600
500
800
700
600
500
4000
1300
1500
1600
1000
1000
900
900
1200
1100
900
1000
1000
1000
1600
900
1000
1600
1000
1000
1000
900
1200
1000
900
900
900
6800
1200
900
900
1500
900
1000
1100
800
1100
1000
900
900
800
900
1300
900
900
2400
900
900
800
900
900
1200
900
900
900
900
1100
1000
900
1400
900
1000
1000
900
1000
1000
1100
1000
900
900
1000
900
1300
1200
900
1100
900
900
900
1000
900
1000
900
900
3500
900
600
800
600
600
500
500
600
1400
600
600
600
500
600
800
500
700
500
600
500
4900
600
700
600
600
600
800
800
600
600
600
600
800
600
600
2000
700
600
800
500
600
700
600
800
600
600
500
600
500
500
600
600
600
600
500
900
600
600
600
500
500
800
600
600
600
500
600
600
600
700
600
500
600
800
600
600
600
700
600
600
600
500
500
4400
1300
1100
1100
1200
1200
1100
1000
1000
900
1100
900
900
1800
1200
1100
1000
900
900
1000
900
1000
2200
900
900
1000
1000
1000
1300
1000
1000
1000
900
1000
1200
1000
900
900
1000
900
1100
900
1200
1100
900
1000
1200
900
1000
1100
1000
900
800
900
900
1000
900
1200
1000
1000
900
800
1000
1200
1000
1000
900
1000
1000
900
900
1000
1000
1000
1000
900
900
1000
1000
1000
900
1000
900
900
3300
1000
800
600
700
600
600
500
700
600
600
700
600
600
1300
1500
700
500
500
900
600
600
600
500
600
700
500
500
600
600
600
700
600
600
600
700
600
600
500
500
800
600
700
600
500
500
500
600
500
700
500
500
800
600
600
600
600
600
800
500
600
600
500
600
700
1300
500
600
500
500
800
600
600
600
600
800
600
500
500
600
600
800
600
500
2800
1200
600
600
700
500
600
600
600
600
600
600
600
4800
700
700
600
500
600
700
500
500
600
500
700
800
600
600
700
600
600
800
1000
800
600
700
600
1000
600
600
500
600
600
800
500
600
600
600
600
700
500
600
600
500
600
800
700
600
600
600
600
900
600
600
500
600
600
600
500
600
600
600
500
500
500
500
500
600
600
500
600
600
500
600
2600
800
700
500
600
600
600
600
1300
900
600
600
500
600
800
1900
600
600
600
600
700
600
500
600
500
600
600
500
700
600
600
600
900
500
600
600
500
600
800
600
600
600
600
600
800
600
600
600
600
600
600
700
600
500
500
500
700
600
600
600
600
500
500
700
600
500
600
500
600
600
600
600
600
600
700
600
500
500
500
600
600
600
600
600
2300
1000
700
600
600
800
600
500
600
500
600
800
500
600
600
600
600
700
600
600
500
600
500
700
600
500
600
500
700
1000
600
600
500
800
600
700
500
600
600
600
700
500
600
2100
600
600
800
600
600
500
600
600
700
600
600
600
600
600
700
500
600
600
600
500
4700
700
600
600
600
600
800
600
500
600
600
500
800
500
600
500
600
800
600
500
2400
1200
1000
2100
1000
1000
900
700
1100
1500
900
1000
1100
900
900
900
600
600
500
500
1000
1100
700
600
500
500
600
800
800
800
900
1000
700
700
800
700
1000
800
900
900
6700
700
900
900
700
900
800
700
700
700
800
1100
900
900
900
800
900
1200
900
800
800
800
1100
1000
800
800
800
1000
800
1200
900
1200
800
800
800
1000
1000
1000
800
800
900
900
800
800
2200
1200
800
800
1100
800
800
800
800
800
1000
800
800
800
900
900
900
700
700
800
800
800
1200
900
800
800
900
800
1300
900
900
1000
900
6800
900
800
1000
800
800
900
800
900
900
800
1000
800
700
800
800
1000
1000
900
900
1000
1100
900
1400
1100
1100
1300
1200
900
1000
900
1700
1000
900
1000
1100
1000
1100
800
1200
900
800
800
800
900
1200
800
700
800
1100
800
