21600
4000
1400
1000
1000
1100
1200
1000
1000
1000
1500
1200
1000
900
1300
1100
1200
900
1000
1000
900
1000
1300
1000
1200
1100
1000
1200
1200
1000
1000
1000
900
4800
1000
900
1000
900
1400
1000
1000
1000
1200
1200
1000
1000
1000
1000
1000
1300
1000
1000
1200
1100
1000
1100
1200
1000
1000
6800
1000
1000
1000
1000
1000
1200
1200
800
1000
900
1500
1000
900
900
1000
1300
1100
900
800
1000
1500
1100
1000
1000
2500
1300
2000
1900
600
600
800
700
600
500
600
500
800
600
1400
600
700
1000
600
500
800
600
600
600
600
600
600
700
800
600
600
1100
500
500
600
600
600
500
600
1400
600
600
600
600
600
1000
600
600
800
600
600
600
600
2100
500
600
700
600
600
3900
700
600
600
500
600
500
500
500
600
500
500
600
600
900
500
600
500
800
500
1000
600
800
500
600
2900
800
800
700
600
600
600
600
600
600
600
600
500
500
700
600
600
500
600
500
600
600
600
600
600
700
600
600
700
600
600
700
600
600
700
600
600
600
500
500
600
500
900
600
600
600
600
600
1500
600
600
600
600
600
700
600
700
500
500
600
900
600
600
600
600
600
800
500
500
500
500
800
1000
600
500
600
500
500
600
500
500
800
600
600
1400
1000
600
600
600
600
600
700
600
600
600
500
500
800
700
700
600
600
700
600
600
600
500
600
700
600
600
600
700
700
600
600
900
600
500
700
800
600
600
500
600
600
800
500
500
600
600
600
800
600
600
500
500
500
600
600
600
500
500
500
600
600
600
600
500
600
500
600
600
500
600
800
600
600
600
500
600
700
600
500
600
600
600
700
1400
700
600
600
600
600
600
600
600
600
600
600
600
500
600
1300
600
600
600
800
500
600
500
600
600
700
600
600
600
600
700
600
600
700
600
600
600
600
600
800
600
600
600
1100
600
800
500
500
600
600
600
800
600
600
500
500
600
800
1200
600
600
600
600
800
500
600
500
600
600
700
700
600
600
600
600
700
500
600
500
600
500
500
600
600
1700
700
600
600
500
800
600
600
500
700
600
600
600
600
600
600
600
600
800
600
500
500
600
600
800
600
600
600
700
600
800
600
600
600
600
600
900
600
600
500
500
500
700
600
600
600
600
700
600
600
600
600
500
700
600
600
700
600
600
700
600
500
600
500
600
700
600
600
500
600
600
800
600
700
700
600
500
700
600
600
500
500
600
700
1400
800
600
800
600
500
600
600
600
900
500
600
600
900
900
1700
600
600
600
700
800
600
600
600
600
600
3500
600
700
600
500
600
1500
600
600
500
500
500
1500
600
600
700
700
500
1400
700
600
500
600
600
600
1400
600
600
500
500
600
1600
600
900
1000
600
600
1600
600
600
600
600
600
1400
700
600
600
600
600
1500
600
600
600
600
600
1500
600
600
1400
600
700
700
600
800
600
500
600
500
600
800
600
500
800
700
800
600
600
600
600
600
800
500
600
600
600
600
600
600
600
600
600
600
500
600
600
600
500
800
600
600
600
600
600
500
600
600
600
600
500
800
600
600
500
600
600
800
600
500
600
1700
600
800
600
700
600
600
500
3900
700
600
600
600
700
1400
600
600
600
600
700
600
600
500
2200
900
600
600
600
900
3300
700
600
500
600
500
700
600
600
600
600
600
800
500
500
600
500
500
500
600
500
600
600
800
600
600
600
500
600
500
700
600
600
500
500
800
600
600
700
2500
800
600
500
600
600
500
600
800
500
600
700
600
500
800
500
600
600
500
600
800
600
500
600
600
600
800
600
600
600
600
600
700
500
600
600
500
600
700
1200
1100
800
600
800
500
700
600
600
600
700
600
600
600
700
600
600
600
600
600
600
500
600
600
600
500
500
700
700
600
600
600
600
500
600
500
500
500
600
600
600
700
700
600
500
800
500
600
600
600
600
800
600
600
600
600
900
600
600
600
500
600
800
500
600
500
600
600
500
600
700
600
800
600
600
500
600
600
600
500
600
600
500
600
