20000
3900
1800
600
600
1000
700
600
600
600
900
800
600
600
1000
600
600
600
500
600
700
600
600
500
900
600
500
600
800
700
600
400
500
800
700
500
600
600
800
500
500
500
700
800
600
600
600
600
500
700
500
500
700
500
600
600
700
600
600
700
500
600
600
600
600
4500
700
600
600
500
900
700
600
500
600
900
600
500
600
600
800
600
600
500
3500
1700
1000
1400
1300
1000
1000
1000
1000
900
1200
1100
900
1300
1400
1000
1200
1400
1300
1000
1100
1000
1000
1000
1200
1100
1100
1000
1200
1000
1200
1400
1200
2100
1000
1000
1100
1000
1000
900
900
900
1300
1000
1200
1400
1200
1300
1100
1000
1000
1000
1000
1300
1000
1000
1200
1100
1000
5400
1100
1100
900
1000
1000
900
900
900
1000
1100
1100
1000
1100
1600
1000
900
1200
1000
1000
1000
1000
1100
1000
1900
3700
1400
1200
1200
1100
1000
1000
1000
1000
1100
900
1000
1000
1200
1500
1000
1000
1000
1100
1200
1000
1000
1000
1000
1000
1100
1000
1000
1200
1100
1100
1100
1000
900
1100
900
1000
1100
1000
1000
900
900
1500
1100
1100
1000
1100
900
1000
1000
1000
1000
1100
1100
1000
1000
1300
1000
1100
1100
900
1300
1000
1100
1100
1100
1000
1000
1000
1000
1100
1000
1000
1100
1000
1100
1000
900
1000
1000
1000
1000
1200
1000
2600
1000
900
1000
1100
1000
1000
900
900
900
900
4400
900
1000
1200
900
1000
1100
900
900
1000
2500
1000
1100
1000
800
800
900
1100
900
1000
900
900
900
900
1000
900
1000
900
900
1000
1200
1100
900
1000
900
900
1200
1000
900
900
900
800
1100
900
900
1100
1000
900
1100
900
900
900
1000
1000
900
900
900
1000
900
1200
1000
1000
1000
900
900
1100
900
900
1000
1000
900
1100
1000
2200
1300
1000
900
1000
1100
1000
1000
1000
900
1000
4300
900
900
1000
1900
900
800
900
900
800
1000
1100
800
900
1000
900
1000
1800
900
900
1100
900
900
900
900
900
1100
1000
1000
800
900
1000
900
900
900
1000
900
1200
900
900
1000
2400
900
1200
900
1100
800
900
900
1100
900
900
900
1000
900
1300
1000
900
900
1000
900
1100
1000
900
900
900
900
1100
1000
900
900
900
900
2000
1000
700
900
700
1900
700
700
800
600
600
1100
700
600
700
1400
900
700
600
500
600
600
800
700
600
600
600
600
900
700
600
600
600
600
800
600
700
600
600
600
600
700
600
600
600
600
700
600
600
600
600
600
600
800
600
700
700
600
600
600
600
600
600
600
800
600
600
600
600
600
900
700
700
600
600
600
900
600
600
600
700
600
800
700
1800
800
800
600
700
600
600
900
600
700
600
600
700
600
700
1600
600
700
600
600
600
600
600
600
600
700
800
700
600
700
600
600
700
600
600
600
600
600
800
600
600
600
700
800
600
600
600
600
700
700
800
600
600
600
600
600
900
600
600
600
600
600
800
600
700
600
600
700
800
600
600
600
600
600
700
600
600
600
500
600
800
700
600
600
1700
1500
900
1600
700
700
700
700
600
2900
700
600
600
600
800
700
700
600
1000
1400
1500
1000
1600
700
700
700
1500
700
800
600
600
600
1500
700
600
600
600
600
600
700
700
700
800
800
600
600
600
500
600
800
600
600
600
600
800
600
700
600
600
600
800
1400
700
700
600
600
700
600
600
600
700
600
900
600
600
600
600
600
800
600
600
700
600
600
3900
1400
1000
1000
900
900
1100
900
900
1000
800
900
1100
900
1100
800
900
1100
900
900
800
900
800
1000
1000
900
900
900
1000
1100
900
900
900
2000
900
1000
900
900
800
900
900
1100
1100
900
800
900
900
1100
800
800
900
1000
1000
1200
900
900
1000
800
800
1100
900
900
900
800
900
1100
1000
800
900
900
1000
1100
900
800
800
2300
1000
1200
900
900
900
900
900
4900
5100
1700
1200
1200
1100
1000
1000
900
900
1000
800
900
900
1000
1500
900
1100
1700
800
1200
1000
900
1100
900
900
1000
900
900
1300
900
900
900
900
1000
1300
1000
900
900
900
1000
1600
900
2200
1000
1000
900
1200
1000
900
1000
900
1000
1100
900
1100
900
1000
1100
900
900
900
900
900
1100
900
900
900
900
900
900
1100
1000
900
1000
1200
800
1000
1000
900
900
1100
900
900
900
