69800
8200
5200
1400
1100
2600
700
800
600
600
1400
800
700
600
1300
1100
700
600
600
600
600
900
600
600
700
600
700
700
1000
1000
1100
1200
1000
1000
1000
1000
1200
800
900
700
600
800
900
700
5500
1000
1000
1000
1000
1100
1100
1000
1500
1100
1000
1000
1300
1200
1000
1000
1000
900
1200
1000
1100
1000
1300
1200
1000
1000
1500
900
900
1300
1100
1100
1200
1000
1300
1100
1500
1200
1100
1200
10600
1400
1000
1400
600
600
600
600
800
600
600
700
600
600
1300
600
700
1100
600
600
700
600
700
600
600
600
600
700
1100
600
700
1100
700
600
600
1600
800
600
500
600
600
600
6800
700
600
1100
600
700
600
600
600
600
600
600
600
700
900
600
700
1800
700
500
600
600
600
600
700
500
600
600
600
900
500
800
800
700
600
600
500
600
600
600
600
600
3200
1000
700
700
700
700
500
600
600
600
600
800
600
900
900
600
2000
5000
700
800
600
600
700
700
600
600
600
600
900
600
700
600
600
600
600
800
600
700
700
600
700
800
700
600
600
1400
600
700
600
700
600
600
600
800
600
600
600
600
600
700
600
600
600
500
600
700
600
600
500
600
700
1000
700
700
600
600
600
600
700
500
800
600
600
600
2500
800
600
600
600
600
800
1100
900
700
600
600
800
600
1100
600
600
600
700
600
1900
2000
700
900
500
700
600
700
700
900
600
600
600
600
600
900
600
600
600
600
5300
1000
900
700
800
700
1000
800
800
800
800
700
1000
700
800
900
800
1200
1100
900
800
900
900
900
1000
900
900
900
1000
900
900
800
900
800
900
1000
1300
1200
1200
900
800
900
1200
900
4200
1100
700
600
600
600
1800
1300
600
500
700
600
1700
600
900
1300
600
1800
700
700
700
600
600
1700
700
700
600
600
700
1800
700
700
1700
700
600
600
600
600
1900
700
600
700
600
600
1700
700
600
700
600
600
1700
700
600
600
1500
600
1000
700
600
600
600
600
1600
600
600
600
600
1700
700
600
600
700
600
1700
600
700
600
600
600
600
700
700
600
700
2500
1000
700
1000
600
600
600
600
600
800
600
600
600
600
800
800
700
600
600
700
700
800
600
600
600
600
600
800
700
600
600
600
600
900
600
600
600
600
800
600
600
600
700
600
900
600
500
600
600
600
900
600
700
700
600
600
900
600
1300
700
600
600
800
500
600
600
600
600
800
600
600
700
600
500
800
600
600
600
600
600
700
700
600
600
2200
1200
700
700
600
600
700
800
600
500
600
600
600
800
700
1700
600
600
600
1900
600
600
600
600
600
5400
700
700
700
700
600
800
600
600
600
500
500
600
800
600
700
600
700
600
600
700
600
700
600
600
800
600
500
600
600
600
900
600
600
500
600
500
800
500
600
600
600
600
800
600
600
600
600
600
800
600
600
600
600
500
800
600
500
600
2000
600
600
800
600
1000
600
500
600
600
600
600
600
600
700
600
900
600
600
600
500
600
5900
700
600
700
700
600
900
600
700
600
600
600
800
600
600
600
600
600
1000
600
600
600
700
600
900
700
600
700
600
500
900
600
600
500
600
600
900
600
600
500
1100
700
800
600
600
700
600
600
1600
700
600
600
600
600
900
600
600
600
600
600
800
600
3500
1000
1000
1000
1000
1400
1000
900
1000
900
1000
1300
1100
1000
1200
1000
1000
1000
1000
900
900
1100
1100
1000
900
900
1000
1000
1400
1000
1000
1100
900
900
1000
1000
1000
1000
1100
1000
1300
1100
1100
1000
900
1100
900
1100
900
900
1000
1000
1100
1000
900
900
1100
1000
1200
1000
1000
1000
900
1000
1200
900
900
900
900
900
1300
1000
1000
1100
1000
900
1200
1000
1000
900
1000
900
1000
900
4600
1300
1000
1000
1200
1000
1000
1500
1000
900
1200
1100
900
1000
1800
1000
900
900
1000
1000
900
1200
1000
1000
1000
1000
1000
1100
1700
1100
1000
1000
1000
1200
900
1000
1000
900
1000
8300
900
1000
1300
1000
1000
1200
900
900
1000
900
1000
1200
900
1000
1100
900
1200
1000
1000
900
900
900
1100
1000
900
900
1000
1000
1000
1000
1100
1000
900
1100
900
1000
900
1000
900
900
900
1000
900
900
