26700
1400
900
600
800
600
600
700
500
700
1100
700
600
600
1200
700
700
600
600
600
800
700
600
700
800
800
600
600
900
700
8100
700
700
600
600
600
900
600
800
700
600
700
900
700
500
600
700
600
500
600
600
700
1000
700
700
600
800
600
600
500
600
500
700
800
600
500
800
600
800
600
800
700
600
600
600
600
700
700
600
800
800
800
500
600
2900
1100
1500
1400
700
700
600
800
800
600
600
600
600
800
900
700
600
1100
600
600
800
700
600
700
700
600
800
700
1000
700
600
1100
600
700
700
800
600
700
600
700
1300
900
800
600
600
3200
600
700
600
800
600
700
600
600
600
700
800
600
700
1100
600
600
600
800
600
600
600
700
500
800
700
700
700
1100
600
600
500
600
600
600
600
600
600
600
1900
900
900
700
700
700
600
600
600
600
1100
1100
900
700
900
600
900
600
600
600
600
600
700
500
600
600
500
500
1200
700
600
600
600
500
800
600
600
600
500
600
800
600
700
600
500
600
500
600
600
600
600
500
600
600
500
600
600
600
800
600
600
500
500
600
700
600
600
600
600
500
1000
700
600
600
600
600
4900
600
600
600
700
600
600
600
6000
1400
1100
1000
1300
900
800
800
900
900
1200
900
900
800
1400
1000
1000
1000
1000
1000
1100
1000
1300
1000
1000
1000
1000
900
1300
1100
1100
900
1100
1000
1400
900
800
800
800
800
1000
1000
1200
1100
800
900
800
1100
1100
1000
1100
1000
1100
1100
1100
1000
1100
1000
900
900
900
800
900
900
800
1200
900
900
900
1000
1100
1100
900
1000
1100
1200
1100
1000
1000
1100
1100
7400
1000
1100
4000
1400
1300
1000
1300
1100
900
1000
1000
1000
1200
1100
1500
800
1400
2500
700
500
600
600
700
700
500
500
900
900
1000
1300
1000
700
600
500
600
600
500
600
700
600
1300
600
500
800
700
600
600
600
600
700
600
500
500
600
500
900
600
500
700
1300
600
500
600
700
600
500
500
600
500
600
900
1100
1400
700
600
600
500
600
900
1000
1200
800
700
900
1100
1200
5100
1700
1300
1200
1600
1200
1500
1200
1200
1100
1300
1300
7500
1300
2000
1300
1100
1200
1700
1100
1200
1300
1100
1100
1400
1200
1100
1200
1500
1200
1200
2000
1300
1200
1100
1100
1200
1100
1100
1200
1200
1200
1300
1200
1200
1100
1100
1100
1400
1100
1200
1200
1200
1400
1100
1100
1400
1000
1300
1400
1000
1000
1100
1100
1100
1500
1100
1000
1200
1100
1300
1400
1100
1100
1400
1200
1200
1300
1100
1200
1000
1200
1200
1100
2300
700
600
700
700
800
700
600
1000
700
600
600
600
700
900
1800
900
600
700
700
600
700
900
600
700
600
600
600
1100
700
700
600
700
700
900
600
700
600
600
600
800
700
700
600
700
600
700
800
600
600
700
600
600
800
600
600
700
600
600
5400
800
600
600
700
600
800
600
700
700
600
800
900
600
600
600
600
600
900
700
600
600
600
600
800
1600
700
800
700
600
600
700
600
600
800
700
600
600
600
800
700
700
700
600
600
600
600
600
600
600
600
600
800
700
700
600
700
600
900
600
600
600
600
700
800
600
600
600
600
700
800
600
700
2700
700
600
800
700
600
600
600
700
700
700
700
600
9800
1000
700
700
600
900
600
700
700
700
700
600
600
800
600
1400
700
600
600
800
600
600
700
5300
800
700
600
900
600
1000
600
700
600
700
700
1600
600
800
700
700
600
800
600
600
600
600
600
800
600
600
600
700
700
1000
700
600
600
600
600
600
600
600
600
600
900
700
700
600
600
600
600
600
700
700
700
800
700
600
600
700
700
900
600
600
600
600
600
600
600
600
600
600
600
900
700
600
600
600
600
800
600
600
600
700
600
900
600
2400
900
900
700
700
700
800
700
600
600
700
600
900
600
800
700
700
600
5400
800
600
700
600
600
800
700
600
600
800
700
800
600
600
600
600
600
1000
700
700
700
600
600
800
700
600
700
700
900
600
700
600
600
600
800
700
700
700
600
600
900
600
700
700
700
600
600
600
600
600
800
700
600
600
600
600
800
600
600
600
600
600
800
700
700
