15300
1500
1200
700
700
600
700
1100
1700
700
1100
700
500
600
1000
800
900
700
600
600
600
600
700
700
1100
1000
1000
12200
2200
700
600
500
800
800
600
2800
9800
1000
1400
1000
1100
1100
1600
800
800
800
800
900
1400
900
700
600
800
600
600
600
800
700
800
600
600
700
600
600
600
700
800
600
700
800
800
700
700
600
700
600
700
700
600
700
900
700
700
600
7400
800
600
1200
600
1000
600
800
500
500
500
500
600
1000
700
600
600
1000
600
600
500
500
700
600
600
600
600
4800
700
600
600
900
600
600
600
800
600
500
500
600
600
800
1500
600
700
1000
500
600
600
500
600
500
600
600
600
800
600
600
800
1800
600
600
500
600
600
600
500
500
500
700
700
600
600
1000
600
600
500
600
800
500
600
600
700
600
2900
900
800
1000
600
600
500
500
700
500
500
600
600
500
1100
600
500
600
500
500
700
500
500
600
600
500
700
500
900
500
500
500
700
500
500
500
500
500
500
500
500
500
700
500
500
600
500
500
500
700
600
500
500
500
600
700
700
500
500
600
500
600
500
500
500
500
500
800
500
500
700
600
600
700
500
500
500
700
500
600
500
500
600
500
3800
1600
1200
1100
1100
1100
1000
1000
1100
1200
1100
1100
1100
1000
1300
1400
1100
1100
1000
1100
1000
1300
1100
1200
900
1100
1000
1200
1300
1000
1000
1000
1000
1700
1100
900
1000
1000
1100
1000
1000
1000
1300
1000
1200
800
1100
1000
1100
1000
1000
1000
1000
1000
1000
900
8400
1100
1100
1000
1100
1000
1300
1000
1000
1000
1000
900
1000
1000
1100
1000
1000
1000
1300
1000
1000
1000
1000
1000
1200
1000
1000
1000
2300
700
600
600
900
600
600
600
600
800
700
600
600
600
800
1600
700
600
600
600
600
800
500
600
600
600
500
600
800
600
1200
600
500
600
600
700
600
600
500
600
600
800
800
600
600
600
600
800
900
1100
700
600
600
700
500
600
700
500
1300
800
600
600
500
600
600
4700
600
600
600
600
600
700
600
500
600
600
500
500
600
600
600
600
600
800
3200
1500
1300
900
900
900
800
800
800
900
900
1000
900
800
1300
1100
1000
3700
1000
1000
1200
1100
1200
1000
900
1000
3400
1000
1200
900
1100
1100
2300
1000
1000
1000
1000
1100
2300
1000
1000
1000
1400
1000
2200
1000
1000
900
1000
1000
2100
1100
1000
1000
1000
1000
2500
1100
1100
1000
900
1000
2100
1000
1000
1000
1000
1100
2100
1000
1000
1000
1000
1000
2100
900
1100
1000
1000
1000
2100
1100
1000
900
2600
700
700
700
600
7000
600
600
600
2300
1000
1000
600
700
800
1600
700
800
600
600
600
600
600
800
500
600
600
1700
900
800
700
600
600
600
600
900
600
600
600
700
600
900
1000
800
600
600
600
600
1800
700
500
600
600
600
800
600
800
600
600
500
600
600
500
600
600
600
900
600
600
600
900
600
900
900
1000
1100
1200
600
800
600
600
700
900
700
2700
700
900
600
600
600
1000
900
1500
900
900
900
800
800
1200
900
900
800
900
800
1200
700
800
900
900
800
900
800
1700
700
700
900
2700
600
600
600
500
800
600
700
500
600
700
900
600
600
600
600
500
800
500
600
600
500
600
600
700
600
600
600
600
8100
1000
800
700
600
700
700
600
600
700
600
600
800
600
700
500
600
1400
800
500
500
600
600
2400
1400
800
700
600
700
600
800
600
600
600
600
600
800
1000
700
600
700
600
600
600
600
600
600
600
600
600
600
700
700
800
600
600
600
600
500
600
800
600
500
600
600
600
800
600
600
600
600
600
600
600
600
600
700
700
500
700
700
700
600
1200
600
600
500
500
600
700
600
600
600
600
600
800
600
500
600
600
600
800
600
600
700
600
600
1700
800
600
900
2200
600
500
600
700
600
600
700
600
600
700
600
900
500
600
500
600
600
800
600
500
600
600
600
700
600
600
700
700
600
900
600
600
600
600
800
500
600
700
600
600
800
600
600
600
600
600
600
600
600
600
600
800
700
600
600
600
700
800
700
600
700
500
700
600
1300
600
600
600
600
600
600
600
600
800
600
600
500
600
500
