24900
4200
1200
1100
1300
1100
1100
1400
900
1000
1600
1100
1000
1100
1300
1200
1100
1100
1100
1000
1100
1200
1000
1000
1300
1100
1200
1000
1300
1100
1100
1200
1100
900
1000
1000
1000
1400
1200
900
1100
1200
1400
1000
1100
1100
1000
1100
1000
1100
1000
1000
1300
1100
900
1100
1100
1200
1000
1000
1000
1000
1000
1000
1000
1000
1200
1100
1000
1100
1200
1000
1100
1100
1000
900
1000
900
1100
1000
2000
1000
1000
1000
12300
1600
1100
1600
2100
1100
1100
1000
1100
1100
1100
1000
1100
1100
2100
1500
1200
1400
1200
1100
1100
1100
1100
1000
1300
1100
1000
1000
1300
1100
1100
7400
1100
1000
1000
1000
1000
1200
1000
1000
1000
1000
1300
1200
1600
1400
1100
1000
1000
1000
1000
1000
1300
1000
1000
1000
1100
1000
1200
1400
1200
1000
1100
1000
1000
1000
1200
1000
1000
1000
1000
1100
1300
1400
1000
1000
1000
1000
1000
1000
1000
1000
1000
1000
3100
900
1400
600
600
600
500
800
600
500
600
500
600
500
800
800
2000
700
600
600
600
900
700
600
500
600
600
600
1000
600
600
600
800
600
600
600
500
700
700
600
600
600
900
600
700
500
600
600
500
600
500
600
600
600
600
4700
800
700
600
500
600
700
700
600
500
500
600
1100
600
600
600
600
500
700
600
600
600
600
500
600
600
600
700
600
2900
800
700
700
600
700
700
600
600
900
600
600
600
600
800
800
600
500
600
600
600
800
600
600
600
600
600
800
1100
500
1300
700
600
700
600
500
600
500
4700
700
600
600
700
600
800
600
600
500
500
500
800
600
600
600
600
600
800
600
500
600
500
600
600
600
500
600
600
600
600
500
700
600
700
600
600
600
500
600
600
700
700
600
600
600
1800
1000
600
600
700
600
600
800
600
700
600
600
600
800
700
1400
600
600
700
900
600
700
600
600
600
800
500
600
1100
600
500
600
600
600
600
1200
600
600
600
700
600
600
700
600
700
700
700
600
700
600
600
600
800
600
700
500
800
900
600
600
1500
600
700
800
600
600
700
1200
700
600
700
700
600
600
800
600
600
600
600
700
5100
800
700
600
1400
700
700
700
600
600
600
600
600
600
600
700
600
600
700
700
700
600
600
600
700
700
600
700
600
600
900
600
700
700
600
600
700
600
600
700
600
600
800
600
600
700
700
700
600
600
1200
600
700
800
600
500
600
700
500
900
700
600
600
700
600
800
700
600
700
700
600
1200
600
600
600
700
600
1000
600
700
600
700
600
900
600
600
600
600
2600
800
800
600
900
600
700
600
600
2000
900
800
600
600
700
1900
1000
600
600
600
600
700
1000
600
600
700
600
700
900
600
600
700
700
700
900
600
500
600
600
700
700
600
900
600
600
600
600
800
600
600
600
600
600
600
600
600
800
600
600
600
600
600
600
600
800
600
600
600
600
600
1000
700
700
700
700
600
900
700
700
600
600
600
800
600
3300
700
800
600
900
600
700
900
700
600
600
600
600
800
1400
600
700
700
600
700
600
600
700
600
800
700
600
600
700
700
900
700
600
600
600
700
800
600
600
600
600
600
1000
900
700
700
700
600
600
600
600
600
600
700
800
600
800
700
700
800
1000
700
1600
700
600
600
700
600
600
1100
800
700
600
700
600
700
600
600
1600
1000
600
700
600
600
1900
800
1200
700
800
600
600
700
700
700
700
700
600
700
800
800
600
700
600
600
600
600
900
600
600
600
600
600
700
600
600
600
600
800
600
600
600
2200
700
800
600
700
700
700
700
800
700
600
700
600
600
900
600
600
600
700
700
900
600
600
600
600
700
600
600
700
600
600
800
600
700
700
700
600
5600
700
600
700
700
600
1000
600
600
600
2600
800
1100
700
700
800
700
700
700
700
600
600
600
700
1200
1500
800
800
600
700
700
600
600
900
600
600
600
600
900
5800
700
700
700
600
600
700
600
600
600
600
600
800
800
700
600
600
800
700
700
600
600
700
800
700
600
600
800
700
600
700
600
700
1100
800
800
600
600
600
800
600
1100
700
600
600
900
600
600
700
1400
700
900
600
700
600
