67200
20800
1458600
32200
17500
8400
32900
8600
201100
20500
11700
10900
11900
14100
112300
58000
14700
16200
122300
28800
25700
15800
113900
96800
17500
16800
16400
17300
112500
17000
17600
15500
15600
16800
17600
408700
129100
17100
19300
343100
21000
23500
40200
37300
19700
129700
21600
20600
21600
20800
192400
27600
27200
32500
32700
30000
288800
33000
237200
35200
32200
31900
31600
32500
31800
33700
32100
174600
32600
33300
33400
108200
19700
49400
7100
7900
10500
8000
9200
8100
30800
8800
26800
8500
42500
33900
10200
11900
44600
17800
11100
12300
45500
40600
20000
13100
12400
13600
54500
19500
17200
15000
14700
15300
16900
161500
74300
16300
18300
127200
18800
20900
32600
32400
21200
85000
20700
20100
21800
21400
113200
20800
21400
24400
21500
24100
116300
23900
123300
27300
24900
23900
24400
26400
25900
25800
25800
87200
25900
27200
15200
6400
7400
6500
6800
17100
7300
7300
8500
7700
8200
8200
17700
8600
30900
21200
23400
11600
27000
18400
15500
25100
41000
13900
12500
12400
13700
13200
46900
15900
18100
15700
15000
15600
17600
146800
68200
17800
18400
102000
10200
7400
22800
18800
7700
70300
7900
8100
9600
8600
97200
8700
8300
11200
8400
8400
97200
11000
107000
11600
11000
9700
9100
9500
9400
9700
11300
64800
9700
9800
16600
3600
4000
7200
3100
20600
2900
3000
4200
3100
11200
3400
33900
3600
22000
4700
35500
4600
4800
28200
5900
28600
38500
6100
4800
4900
5700
4800
49800
29700
6300
8000
31900
8300
6600
8000
65300
30100
7700
7600
6900
6300
23800
19100
7400
71000
8400
8200
9400
8200
101500
7700
9600
11000
8300
7800
99500
9200
106500
11400
9600
9200
9500
12400
9300
9500
9600
63500
9700
9700
6400
2900
3600
8400
2800
3200
2800
2800
3800
3100
13800
3200
3100
3000
12400
12400
13900
4400
14900
4900
7100
5300
64600
8800
4600
5300
5500
4900
23000
26200
7200
7800
21900
7900
16900
7600
24200
35800
8400
8300
6700
7200
33500
10900
9400
19500
7700
8800
10000
93500
39900
7900
9600
64800
9700
9500
54100
9200
75800
11400
9600
9300
10100
10100
9800
10300
9500
35700
12400
9800
3200
2900
3500
2800
2700
2600
3200
5100
3400
3000
3100
3000
19600
3100
5100
4200
18300
4600
4400
15100
5700
4300
26400
5600
4600
7300
5200
4800
24800
16200
5900
7500
20700
9800
6900
7400
36000
20200
7200
9800
7100
6300
27700
9200
9400
16000
7700
7900
9200
95000
48900
7700
9500
58900
9500
9200
25100
14400
17700
40300
9700
9400
11600
9800
60300
9600
9200
12800
12300
9700
9800
7300
6500
6700
6800
6200
6800
6300
6200
6200
6400
6600
6300
6600
8900
8500
8000
7800
152800
21600
16700
91100
15700
15300
15700
15600
16200
16900
67300
17100
16500
22500
28200
17200
17300
16500
18600
17000
17000
156900
120500
18800
38400
23300
26000
82300
22300
19500
94400
88000
19700
26100
19500
207900
113800
20000
282100
37000
27500
26100
17600
17000
14100
18900
21600
26000
16800
14400
13700
14800
21900
12800
10900
12200
12500
12600
13200
13800
12600
15200
12800
12800
13000
13000
16700
18500
15700
15300
61900
16100
16900
61900
17800
15100
16000
15700
17000
16800
61800
17600
17400
19700
18900
17600
17600
17400
17700
17800
14900
103300
91800
18200
25700
21500
18500
51200
21500
19200
88800
86800
19300
18700
19600
185500
117600
19200
269500
32600
25500
26000
18200
19000
14500
15900
17600
28700
16700
14500
14300
14700
18200
12700
12500
60200
12500
13500
12800
13900
17300
12900
13200
13500
13100
13700
17800
17600
16100
15200
16400
59800
15000
15500
15200
15100
16200
16000
19800
15500
54800
18100
16800
20300
18700
19300
18300
17500
17500
18000
18100
120600
90200
15600
22200
19500
15500
53900
22200
18900
90000
87800
25700
19400
19700
183200
111200
19300
325500
42400
32900
26500
18800
16500
14600
14200
17500
26500
16300
14000
13900
14200
18200
11900
12000
11400
11800
12100
13300
15900
12200
18000
12400
11700
15200
22500
13100
16000
13200
12100
27200
13600
103100
13500
13200
13000
14000
18900
13400
13100
17100
15100
15300
15000
52100
15600
19200
49500
15900
16100
75400
15900
18800
17300
25800
23400
16500
43100
19600
19500
65800
68200
17500
18600
17000
144300
89100
18300
174600
35600
29500
26400
18300
16300
15300
13900
18100
26300
19800
13900
14300
14400
17000
10600
9900
10500
10100
10700
10700
12600
15200
10600
10300
76700
10900
11000
13900
15200
14100
13000
13900
13400
13700
13100
21600
19100
18400
17700
26400
21000
26800
20700
15600
15900
57300
15400
18800
51900
15400
15200
72700
73500
21700
18800
58400
18700
43000
21200
21700
17900
16800
17800
21500
67000
20100
157200
71100
16900
162100
35400
24500
25500
18200
16700
14300
14000
18500
25400
16700
14500
14000
14300
15600
10100
10100
9800
9900
10000
10200
15500
11700
10400
10300
9900
10100
12800
15000
15500
15400
12600
14200
12900
12600
11800
19000
17300
12500
13300
60800
12700
16800
14100
14600
15200
45700
15400
18900
52200
16400
15900
15700
15600
23500
18000
46700
17200
16200
19700
19200
16300
47800
16500
46000
24400
55400
72700
68800
17100
127100
19000
26500
25300
23300
14500
29700
29200
14700
14400
14600
48200
33500
14500
15300
10600
11700
10200
10400
10500
10600
10100
11500
10600
10500
15100
11200
11000
15700
13200
12800
50400
13100
12500
13500
12900
14100
15300
14400
53900
13400
13100
20900
14600
14800
16200
16000
15300
16700
16200
17700
15800
15600
14300
15100
16200
20900
16900
18300
21400
64200
15700
52700
16100
16900
15800
17000
19100
18400
17700
126600
14600
14400
24800
9800
24800
9800
35200
9900
25800
9600
27600
9400
11000
14500
9700
10300
10100
9300
14700
10000
10000
10100
10100
10100
10300
9800
15700
12800
10000
10800
50400
11000
10200
10600
11100
10200
11300
9800
45000
10200
10400
12500
11000
11200
10700
10800
11800
11000
11200
12700
11800
12000
11500
11400
11400
17800
11800
13400
13800
61200
11300
50600
12800
12900
12200
12600
15000
14400
12700
133500
7900
6900
9500
7500
19000
7600
37400
10300
24900
9600
29400
8300
13600
48300
9900
9900
9900
9800
10000
9900
10100
10000
9900
10300
10300
10900
9900
11100
10500
11600
10600
11000
11000
14100
47000
11800
10900
10300
10300
10500
11100
12000
11200
10900
11500
11000
11100
11000
10800
13200
11100
15200
11600
11300
11400
15600
11400
13200
12000
57700
11900
51100
11600
11500
11700
15200
13200
13000
11600
123800
7700
7800
9600
7900
19000
7400
36200
9700
26400
14300
30100
8000
9800
12100
9000
9300
14000
9700
9600
9600
9200
9200
9200
9000
9500
9600
9900
10700
10000
12000
14700
11000
10900
10800
11100
11100
11100
10600
12300
10700
10900
13600
11400
11500
49700
11400
11800
11900
15100
12000
12800
11300
62800
11400
12000
13900
11200
13600
10900
58500
12400
54200
14200
11400
11800
11800
14200
15700
12700
137100
7300
8300
9600
7400
19800
7800
38100
9600
25800
9200
29600
10000
9900
11800
9700
9300
9500
9000
9600
9500
9600
9100
10400
9500
9200
13200
10200
10600
10000
11100
9900
10200
10200
10000
10400
9600
9700
9900
10400
10300
10300
12800
10800
10800
50200
13400
48000
10900
11300
12700
13500
11500
47000
11500
11800
13300
11600
14700
11000
13200
10900
11000
11100
13000
11500
11500
11500
55400
10700
132000
8500
7700
14000
7600
20500
7900
34400
10000
26000
10500
29100
8100
10200
11600
9200
10200
9600
9100
9800
13000
11500
10400
9900
9400
9800
9500
10200
11200
10900
11400
10400
10300
10500
11000
10300
11100
59700
10500
15100
11000
10900
13300
11200
11100
46400
11500
52800
11300
12300
11900
13900
11900
52800
12000
79600
16000
12800
11600
13300
13000
11900
13400
12900
14800
12800
16500
12200
12100
13800
123400
8300
10200
8900
22100
18200
31100
8600
8000
8000
8100
14600
10700
8400
12200
9300
9000
9900
9400
11000
9500
9300
9700
9200
12300
9700
10600
9400
10700
10800
10300
11200
10500
12000
14200
10500
11500
10400
10600
11700
11100
14200
13500
11300
13900
11500
11800
40200
11600
11700
17000
12000
11800
11800
12000
12000
13800
11500
11300
13900
11500
11400
11500
12200
11800
11200
11600
11600
16100
11800
169800
8500
7700
7700
7800
7700
7400
21000
7800
7800
7400
8100
25300
11700
12400
16200
16600
10100
9600
9600
9500
9000
11900
9400
9200
9900
10400
10500
12400
10800
10400
10600
10100
11600
10800
10500
15600
10600
10600
11800
10700
12000
12900
11700
13000
11600
11500
42000
11600
11400
13100
11600
16300
15700
12200
12200
13600
11600
11500
13600
11600
11400
11400
12000
11600
11800
12500
11400
11900
11900
174200
8300
7600
7800
9700
8000
8000
21300
7900
10000
8300
8000
25300
10500
12200
10100
9000
13500
9500
9900
9600
9500
9800
9500
9600
9600
10400
10500
10800
10500
10600
11100
9800
11700
10400
10600
10600
10600
17000
12000
10600
10400
12500
11200
12700
11600
11500
42100
11600
11500
12900
10900
12400
12300
16100
12100
14100
11700
11700
13900
11800
11700
11300
12700
11500
11900
13000
12000
14400
12100
216000
8500
7700
8400
7800
7600
7700
22300
7900
7800
8300
8300
25500
10500
12300
9800
37800
9600
13800
9000
9400
9100
9200
9600
9400
9700
10500
10500
11200
9800
10500
11300
10500
10400
11500
11100
11900
10900
12800
10600
16200
10700
14300
11300
11800
12300
11300
13000
11900
11700
13500
12000
12100
13200
22500
24600
18200
12100
11600
14900
12400
11900
14700
11600
11800
11400
12100
11800
11700
11600
172500
7700
7900
7400
7600
7400
7100
20000
7900
7200
7800
7900
24400
10500
12100
9000
8300
9000
8800
8500
8600
8700
9100
13700
8700
9100
9600
9600
10000
10000
10000
10700
10300
10100
11200
10500
12700
10100
12200
10300
10400
10200
18000
11000
12600
11000
10800
12900
12500
12400
13700
12500
12500
13700
12600
15000
13000
11400
12900
15800
11600
112200
12100
11400
13700
10800
9600
10900
11200
10700
166500
8500
7100
12800
7800
7400
7900
22300
8200
7400
8000
7700
29600
11000
12300
9000
10400
9300
8900
9000
8600
9000
9000
9200
9200
9300
14900
9900
10600
9800
9900
10900
10100
10300
10200
33200
10500
63300
13200
10600
15300
11400
19500
11100
11100
11100
11300
13400
11700
11300
12700
11600
11600
13600
11700
13000
13100
11100
17400
13500
11000
39400
50500
11700
13200
11100
11100
13900
11400
52900
125600
8900
7800
10500
8000
7200
7500
8100
7500
8200
8500
8000
27900
8500
13300
9400
9100
9000
9700
9200
9200
9500
10400
9000
9200
9000
9200
14000
12000
10000
106900
11400
10000
10200
11600
10500
10500
9900
10800
11500
11100
11100
13500
16300
10900
12800
11400
12100
12700
11400
11300
11100
11400
12100
11400
12800
13600
11000
44200
17500
11100
13000
11300
13600
13200
13300
11800
11500
11700
11600
128100
24800
8000
7700
8100
12300
17800
7800
8100
10500
8200
29600
7800
8200
12200
9600
8800
9100
9000
9400
8900
9300
11400
9500
9100
9500
9300
10200
13200
10000
47200
10000
11000
11000
12300
10600
12700
11800
12000
13000
12100
16200
15300
12100
12200
17600
12600
12400
12000
12500
12700
12200
12200
12300
11600
12700
13800
11400
41700
39100
12000
17000
11500
13000
13300
12600
14100
11700
11700
11800
120700
22200
7400
7700
7600
7600
17500
12000
7700
8000
7700
27000
8000
7900
12300
10300
8800
9700
9100
9000
9100
12500
40700
9700
9700
10000
10100
9900
14700
9900
10000
10300
11500
10200
10100
11800
10400
10300
10400
11400
10900
11100
14200
11700
10800
12400
12500
12200
11100
13600
12600
12600
13800
12600
13600
14500
16100
13000
44400
14000
15100
12800
11500
12800
12800
13000
11300
11700
11600
11700
126100
26200
7100
7300
7700
7400
27300
5100
4600
4700
7700
15500
4500
4700
8400
6800
6700
5600
5400
5100
5300
5200
5900
5100
5400
5400
5200
5600
6200
8900
5800
5600
6500
5900
5800
7100
5900
5700
6000
5900
5800
5900
6900
6200
25400
6100
6800
9200
7400
6400
25500
6700
6500
7300
7300
7300
8000
6800
23700
8100
6800
10400
6600
7800
7500
7700
7100
6600
6800
6600
67200
11700
4200
4100
4600
4100
9300
4200
7200
4100
4400
14200
4400
4500
7600
5800
5300
5500
5300
5300
5100
5300
5200
5500
5100
5200
5400
5500
6000
14800
5900
8900
6600
5900
5700
6600
7200
5900
6000
5900
5800
6100
6700
6800
92700
6400
6500
6400
10000
6600
6300
6500
6600
7300
7500
7400
8400
6500
6200
7900
22300
6600
17400
6600
6700
6700
6700
7200
6600
8100
63900
11400
12800
4300
4300
4400
9400
4100
4200
4200
4300
17000
4200
4500
7100
5300
5300
5100
5200
5200
5100
6400
5100
5200
5100
5300
5300
7200
6700
5800
5700
5600
6300
5900
8500
6300
5700
5600
6700
6000
5800
6100
7200
6400
24300
6200
6300
6300
9000
6300
6500
7700
38300
7200
7100
7200
8100
6300
22900
7200
6600
6200
6300
6400
6500
6300
9000
6400
27600
7400
62200
4000
8500
5100
4300
5400
4500
5300
6200
7600
4300
4400
4500
4400
8000
5100
5500
5400
4900
5200
5700
5600
5200
5500
5200
5100
5400
5300
6300
5800
5600
5900
6400
5800
8400
5800
6500
6300
5900
6000
6000
6100
7200
6200
7400
6000
6200
6400
6200
7700
7200
6400
6300
18600
8100
6600
8000
6500
7300
6500
6500
6400
6300
6300
6300
6400
7900
6500
7700
6600
66500
4500
4100
4600
4300
4100
5900
5200
4400
4200
4500
4300
4200
4500
7700
5200
5200
4900
5100
5000
5100
8900
5400
5400
5800
5200
5400
5400
6100
5700
5700
5600
6400
17400
7100
5800
6400
5800
5800
7700
6000
5700
9900
6300
7600
6000
6100
6200
7200
31100
7700
6900
6700
6900
6800
7100
8000
9600
12500
6600
6800
6700
6800
6700
7000
6800
19400
7000
8300
6900
67200
4500
4500
4300
4600
7300
8900
4300
6100
5200
4500
4300
4400
4200
7200
5400
5100
5000
5100
5200
5000
5700
5100
5200
5600
5100
5300
5600
6500
8600
6300
6300
5800
5700
6500
7300
6000
6000
5700
5900
6000
5800
6900
6200
7000
6700
7600
6200
8800
7100
7300
6400
6300
6300
6700
6600
7200
6100
7300
6300
6200
6400
6300
6400
6300
6400
10500
6900
7600
6600
65200
4100
4100
4000
4100
4200
5200
4500
4100
4300
4400
4300
4400
4300
10700
5200
4900
5100
5000
5100
4900
5700
5200
20200
5900
5400
5300
5500
6600
5900
6300
6300
5800
5800
5600
6500
7400
7100
6800
5800
6700
6900
7500
7000
9000
6300
8100
6300
6300
7900
8000
7500
7300
7300
6400
9400
8000
6900
7200
6300
6400
6100
6300
6400
6200
6400
8500
6600
7300
6600
65100
4200
3800
4100
4000
4300
5200
4300
4200
4000
4600
4200
4300
4400
7100
5200
5000
5300
5200
5100
5100
5500
5300
5100
9600
5400
5300
5900
6700
5600
6200
6200
5800
5900
5900
6400
6400
5800
6100
6000
5800
6000
9400
6300
6800
6500
7000
6500
6400
6500
7400
6400
6500
7100
6600
6700
7200
6500
7400
6700
9800
6500
6200
7400
7300
6600
6500
6400
6600
20700
63000
4300
4000
4300
4300
4000
8200
4200
4300
4100
4500
4300
4600
4500
6800
5400
5200
5000
5200
4900
5300
5500
5200
5200
5400
5300
5300
5300
7100
7000
6500
8700
6000
5900
5900
6500
5800
5800
6000
6000
5800
5900
6700
6200
6300
6500
7000
17100
6400
6500
9800
6500
6500
6500
6500
6600
7500
7700
7200
6500
6400
7600
6900
7300
7400
6400
6500
9100
15200
6700
66700
4800
6100
4300
4700
4500
4600
4700
4400
4700
7000
8800
5800
4400
8100
5200
5000
8300
4900
5300
5400
42100
5500
5400
5100
5500
5400
5700
6300
6200
5900
5800
5700
5600
7700
6000
5700
6000
8800
6100
6600
5900
7200
7400
6500
6100
6300
7900
6500
6100
6400
6600
6500
6300
6400
6700
10200
6200
6400
6400
6900
7100
6300
6400
6400
6400
7300
6500
7300
6500
83000
4400
4100
13500
4400
4300
4100
6000
4200
9900
4400
4200
4100
4300
21600
5300
5400
5000
5500
6500
5100
5100
5100
5200
5100
7900
5400
5800
6000
7700
6200
6800
5900
5900
5600
5800
7700
5800
5700
15900
6700
6100
6900
6900
8900
6300
6200
6100
6400
6500
6300
6800
6400
6400
6300
6600
7300
6400
6200
6400
8400
7300
6500
9000
6500
6500
7300
6500
7300
6600
79700
4200
4100
10900
4200
5900
4300
5700
4300
13300
4200
4400
4100
4200
7600
7200
13600
5100
5400
5300
5000
5100
5200
5300
5300
5300
5600
5600
6100
5800
5700
6400
9600
8800
8600
24900
7800
7400
8900
8600
7000
8400
11300
15100
9800
6300
6700
6400
6900
6400
9800
11400
6700
7400
7000
7200
7400
6300
6300
6200
6200
7200
6400
6600
6400
6500
7800
6400
7300
6400
79300
4400
3900
9600
4100
4100
4000
5500
4300
9800
4200
4200
4200
4000
7500
5500
5100
5200
8100
5200
5200
5100
5200
5000
5300
5400
5300
5600
6600
5800
6100
6300
5600
5800
5900
20200
5800
5800
5800
8900
5900
5800
6800
6800
6200
6400
6300
6500
6300
6400
6500
7800
6300
6700
8500
6800
7300
6200
7800
6300
6300
7100
6500
7100
6300
6300
7300
6500
125600
8400
80900
4000
4100
10600
4100
4200
4100
5600
4000
10600
4300
4300
4000
4400
8000
5300
5400
5000
5500
5300
5300
8200
5200
5400
5300
5400
5400
5800
5800
5800
5600
6700
5700
5800
7700
19800
6000
5700
5800
6600
8700
6000
7500
8700
6200
6200
6400
6400
6500
7600
6700
6500
7500
6500
7900
6500
7300
7700
9900
6300
6200
6200
6400
6400
6400
6400
6500
31200
8400
7100
128700
5100
4700
12500
4900
10000
4700
7400
5100
11000
4700
6400
5100
4300
7900
5700
5000
5200
5500
5000
19100
5200
8900
5300
5100
5400
5500
8900
6000
5600
5700
6500
5700
5900
5700
20200
6100
6000
5800
5800
5900
5900
6800
7000
6400
9100
6300
6400
6900
6400
6300
6600
6600
22500
8000
6400
7500
7500
6500
6300
26300
6400
7700
6400
7700
7400
7900
6400
17100
38800
72100
4500
7200
4500
5600
8200
6700
4500
11100
4200
24100
4800
5800
4800
9400
5600
5000
5200
5000
5200
5700
5200
5100
5500
5100
5200
5500
5400
6200
6300
5700
5700
5700
5600
6200
5800
8900
6300
5600
6000
6000
6000
7000
6300
6300
6100
6400
6500
6100
7200
7000
7200
7000
6500
7100
9400
7800
7000
6600
6200
6400
6600
6400
6300
6400
8600
6600
8800
6700
6600
61200
4300
4000
6600
3900
4300
5600
4400
26000
4200
5800
4500
5400
4400
8000
5500
5200
5100
5100
7400
5100
5000
5300
5100
5200
8000
5200
5300
6100
6100
5700
5600
5500
5700
5600
5500
6100
6200
5800
5900
5700
5900
8600
6100
6100
18800
6400
6200
6200
6900
7000
7000
7100
6300
6400
6500
7500
6200
6400
6300
6300
6200
6300
8800
6400
11400
6900
19200
7100
6800
66100
4300
4400
5100
4200
4000
5200
4100
15000
4300
5000
4100
7800
4200
8000
4900
6500
5200
5000
5100
4800
5100
4900
5100
5500
5300
5400
5400
6000
6300
5600
5700
5800
5700
6000
8700
5800
6200
5900
5800
6000
6000
6600
6200
6200
6200
6200
6300
6200
6800
6800
6900
7000
8900
6500
6300
16700
6400
6300
6200
6000
6300
6400
6400
6200
6400
6500
6500
6300
7900
63900
4100
3900
3800
4100
3900
5200
4000
14500
4100
5200
4200
5100
4400
8100
4900
5200
5100
5200
4900
7000
5500
5100
8500
5100
5400
5500
5300
5900
6800
6400
6500
6100
5400
6300
5900
14900
6500
6000
5700
6000
6000
6500
9500
6400
6300
8200
6300
6300
6300
7200
8400
6800
6300
6500
6600
7500
6100
6200
6400
6600
9000
6300
6300
6300
6400
6100
6400
6700
6500
61600
4100
3800
4000
3800
4000
5200
4200
13800
4200
7900
4300
14100
4400
7200
5100
4900
5200
5700
5300
4900
5600
5000
5500
5000
5300
5300
5400
5600
6000
5800
5800
5700
5500
8700
5700
5800
6000
5800
6000
5900
5800
6800
6700
6000
6200
6200
6000
6700
6300
6800
6800
6500
6600
9100
6700
7100
6300
6300
6200
6100
6400
6300
7100
7100
7200
7100
6600
6200
6500
65300
4300
4100
3800
4100
3800
5300
4100
13800
4000
5300
4200
5100
4300
7300
4900
5100
5000
5100
5100
5000
7900
5100
5200
5100
5400
5400
5800
6000
6400
5700
23500
5700
46600
6400
5900
6000
6300
6000
9400
6000
5900
6400
6800
6300
6100
7800
6300
6200
6100
7100
7400
6300
6500
6300
6500
6900
9000
6300
6000
6800
6300
6300
6900
7200
7300
7300
6500
6500
6200
61100
4000
4200
4100
7000
4400
4100
4400
4000
4300
4300
4200
4400
4200
7600
5200
5600
5000
5500
5500
5200
5200
5000
5100
5300
5300
5400
5400
6200
6400
8600
6200
5900
6300
5900
5900
5900
6500
5900
6000
7800
6600
7000
7700
6100
8400
6500
6300
10000
7100
6300
7400
6300
6400
6700
7400
8800
7400
6600
6400
6400
6400
7900
10000
6700
6600
6500
6300
6400
7700
63900
4800
4100
6700
4700
4200
4100
4300
4300
6700
7000
4400
6000
4300
7600
5200
5000
5800
6200
6500
5300
5100
5700
5300
5000
5400
5400
5300
6400
6300
7500
5800
8500
6300
5800
5600
5700
6500
5800
5900
6300
6500
6900
7100
6100
6200
6400
6300
7200
8800
6300
22600
6500
7000
6600
7300
8900
7300
6400
6200
6000
6400
7600
7200
9500
6600
6500
7600
6500
7600
61500
4200
4000
4100
4400
4100
4100
4000
4300
6400
4400
4300
8000
4300
8900
6200
5000
8000
6300
5100
5900
5200
6600
6200
5100
6200
6100
5200
6800
6500
16700
6800
7400
9700
6200
6500
15300
9400
6600
5900
6000
7500
10500
10600
6300
6200
6200
6000
7300
6200
6400
10500
6500
6400
6800
8000
8400
7600
6300
6200
6400
6300
7900
16200
6900
6400
9700
6400
6500
7500
62400
4000
4100
3900
4800
4400
4000
4100
4300
6000
4300
4900
5700
7100
7500
5200
5200
4900
5600
5000
5200
4900
5400
5300
5000
5400
5300
5300
6000
5500
6300
6000
6400
6200
5800
8400
5700
5800
6500
5900
5800
6000
14800
7200
6400
6000
6300
7000
6300
6400
6300
8100
6500
8900
7200
7300
8700
7100
6500
6200
6100
6200
7500
8700
6500
6500
6200
6400
9000
7400
62300
4000
4300
4000
4000
4200
4000
3900
4300
6100
4000
4400
5600
4300
7300
5100
8000
5100
5500
5100
14800
5400
5600
4900
5200
5000
5400
5400
6000
5700
6400
5600
6500
6300
5700
5800
5700
8300
6600
5700
7200
6000
6800
7000
6200
6300
6400
7200
6400
6400
6200
7600
6600
13400
7400
10000
7200
7400
6300
6200
6400
6300
7500
6500
6500
7600
6500
6400
6500
7600
63900
4000
4000
4100
4100
4000
4100
3900
4400
6200
4000
4400
5700
4100
9000
5100
5100
5000
5400
7700
5000
5100
5300
5300
4900
5100
5300
5400
6000
5600
6200
5900
6200
15800
6000
5900
5800
5900
6200
6000
6500
8600
6800
7000
6100
6300
6400
7000
6500
6600
6300
7300
6300
6400
7100
7300
7100
10000
6300
6300
6300
6400
7300
6500
9700
7200
6500
6900
6300
12800
69400
8800
4700
4400
4600
4700
5900
5900
4700
14900
4500
4300
4400
5600
8900
5600
5200
5000
5200
5100
5000
5300
5100
8500
5400
5200
6100
5300
6300
5900
5800
5900
5800
6600
5900
5800
6000
5800
6700
5900
6000
6100
7000
9100
6500
6100
7200
6500
7000
6400
6300
6500
7200
6400
6500
6600
7400
7900
6300
6400
6200
6300
9000
6200
6300
7600
6400
6400
6600
6600
66200
4500
4500
4300
5900
4500
6000
4900
4600
4400
4500
5100
7700
4800
7600
5300
5000
5300
5600
5300
5300
5400
5100
5300
16800
5600
5500
5200
6300
5600
5800
7200
5800
6300
5700
8300
5800
5600
6200
5800
5900
5800
7100
6100
6100
6100
6300
6400
6800
6200
6400
6400
7100
6400
6300
6500
7300
6700
6200
6000
6200
6200
6100
6300
6300
7200
6500
6500
6200
6400
61000
4000
6700
4100
4900
4200
4900
4300
4200
4300
4100
4100
4400
4200
7200
5100
5100
5100
5300
5600
5000
5300
5300
5100
5300
5200
5300
7900
6000
6300
5800
5600
5800
5800
5800
5700
5800
7000
6000
5900
10100
6000
9700
12500
6600
6500
9400
6700
7900
6700
6700
6800
7500
15100
11500
15800
9300
6600
6500
6600
6500
6400
6600
6500
7400
10500
7000
6100
7600
6600
61200
4000
3900
13000
5200
4300
5400
4200
4400
4100
4300
4100
4400
15500
11400
5100
4800
7700
5300
5100
5100
5200
5000
5200
4900
5200
5700
5100
6000
6400
5800
7100
5600
5500
5600
5700
5700
6400
5800
8700
6000
5900
6500
6200
6000
6200
6200
6800
15700
6200
6300
6200
8500
6400
6300
6300
7500
6400
8700
6200
6200
5900
6200
6200
6300
7100
6200
6200
6300
6400
60400
4000
3700
4000
6000
4100
7600
4000
4100
4000
4000
3900
4200
4100
7100
5100
4800
4900
5200
5000
5000
5000
5100
4900
5000
5200
5100
16200
5800
6200
5600
8400
5500
5600
5600
5600
5600
6500
5800
5800
5700
5800
6500
6200
6200
6200
6000
7100
6100
6200
6200
6200
6400
9100
8800
6300
10200
9700
6000
8900
7700
7100
7800
7100
6100
6700
12000
6300
8800
8700
71200
4100
3900
3900
4900
4000
4800
3900
4200
3900
4100
4000
4000
4300
6500
5100
4700
4900
5400
5100
5300
5300
5100
8000
5000
5200
5300
5000
5700
6100
5600
5600
5600
5500
6300
5800
5800
6400
5800
14100
6000
5800
6600
8800
6200
6200
6200
7100
6300
6400
6100
6300
6300
6400
6200
6300
9700
5900
6100
6100
6300
6100
7100
6100
6700
6300
7100
7700
6400
6400
60600
3800
4000
3800
6500
6100
5000
4200
4200
5200
4200
4100
4000
4300
