91900
1447500
136400
25300
15100
94800
9900
11800
16000
10000
10100
10200
14300
177900
150300
21800
14800
12900
14700
145900
17800
91000
16900
15700
136200
112800
15900
63500
115700
22500
195300
19000
264900
20700
18500
19500
20500
219000
20500
21000
20000
19900
59300
23800
268700
28300
24500
476700
26500
232100
26600
69900
284800
24800
28100
24500
39700
207600
175200
101100
19900
20400
20500
24500
24000
21500
21200
21500
21500
21900
20100
5500
32800
6700
14500
5700
6200
6100
6900
7000
6600
8800
7000
58800
52900
13500
8900
8900
10800
58500
9700
32600
11200
11600
41900
43000
10600
24200
57700
12600
93400
12900
106200
13800
13000
14000
13700
73100
13700
14400
14000
15600
30200
15900
139400
19700
18600
103600
19200
107700
18600
36200
137100
18100
20100
17900
25100
168900
151700
79200
20800
20500
20400
22700
20400
21200
21600
21200
25500
21600
24700
7900
24700
6300
16100
25200
5900
6000
7100
7800
6800
7900
7100
16700
12000
29700
29400
14600
15100
53800
9700
11500
11700
10500
12100
10700
12200
43900
45000
12600
83800
14100
96000
13600
13000
13900
13700
73500
13800
14100
14700
14700
56000
15900
88900
19200
19100
65800
18400
68000
21400
27900
74800
17700
19900
18000
24400
107000
94200
49700
21300
22300
20700
27700
21800
21600
21400
21600
21600
22000
7200
5400
12100
6500
18100
6100
6100
5900
8200
6900
8200
6800
7100
16700
11100
24500
21700
13300
14200
34800
10300
9900
10900
11600
13500
10500
11700
36700
38700
15200
17100
13200
14200
50400
14100
33100
21700
8400
41700
32100
155000
30400
17300
7700
76100
12100
9200
55900
9500
56000
9100
17900
65500
8000
9900
8100
13900
75400
75600
38000
10700
9400
9000
11500
9700
9600
9200
9500
9300
9500
17100
3100
6100
6000
2900
14200
3000
2900
3500
3500
3000
3200
3000
11300
6800
18800
16300
8300
9100
32400
4700
4600
8200
5100
4600
5200
5800
30300
31600
8500
10300
6400
8700
53400
6700
18200
7700
7900
23300
84100
7000
12500
42500
8400
41900
27900
47600
12700
9500
13400
7900
40800
8000
7900
8300
8900
13600
70000
67000
34400
9400
9600
9400
11700
9200
10000
9100
9800
9400
9500
7100
2900
5200
3400
6900
3200
2900
3300
3700
3400
3000
5700
3400
9000
7000
15100
13400
10000
7300
18600
4400
4600
5300
5100
4500
4800
6000
25200
28300
7900
9100
6300
7000
53700
7600
26100
11800
7400
27800
20100
13400
23600
23700
7800
55700
7900
49900
12200
7400
13200
7600
35500
8100
7600
8300
7600
14700
9000
60900
11200
10700
45400
12500
41800
10600
19400
45300
9400
10800
9500
9200
6900
6200
7000
7400
5900
7500
9100
6200
6300
6100
6700
6400
6300
8900
7600
7700
8800
8600
8100
7600
7800
7900
9500
8600
8000
8100
10600
10700
9400
137800
23500
16600
16600
17000
17100
16900
18400
17200
16900
19300
136400
32300
128000
41500
53000
14800
13600
11400
48000
69000
13600
13700
11600
56900
89500
121700
9400
10000
27900
10300
16700
10500
19400
11800
33900
17900
10400
23300
10500
11400
8300
7000
8600
8000
8000
10200
7400
7100
7300
7800
7600
7400
7400
9900
9500
8600
10200
9800
9500
8600
8700
8700
10000
9500
9200
11900
9000
13200
10300
41400
10600
10400
10300
10700
10500
10500
12000
10700
10600
11000
54300
12700
43300
23200
42800
12600
12900
11600
36300
57200
13400
13100
12100
52100
64700
114100
9200
9500
28600
9700
15800
9300
17500
11600
30700
16900
9600
21200
9600
10300
7400
7000
11000
7400
7500
7800
7200
7200
7300
7700
7600
7400
7600
9500
11100
9100
8800
9800
10500
9700
9000
8900
8700
11900
9500
9000
9000
11500
10400
40400
11100
10400
10400
10700
10400
10500
12000
10700
10600
13500
50900
12700
42800
24000
43100
12600
13000
11500
40400
54800
13400
13000
11600
51200
63800
116400
9000
9500
25500
9600
15700
9500
17000
11200
30400
16700
9800
21200
9900
10200
9800
7300
7600
7300
7400
7300
8600
7100
7700
7500
7400
7500
7400
9100
10500
8700
8900
9500
9600
11900
10300
8800
11400
9300
9300
39300
9100
11200
10300
10400
12300
11400
10100
10500
52800
10400
14700
11400
11200
11000
10300
13200
42300
23000
44400
12600
13000
11300
40000
54300
13100
13200
11500
51200
64800
118400
9400
9200
25700
9600
15600
9600
27400
11400
29200
16800
9300
24200
120000
34300
8200
7700
9200
8200
8700
8100
15500
7900
9500
13500
9800
8100
8100
10300
11000
9700
43700
11800
9900
13100
10200
20900
9800
10100
10100
10500
99500
12300
11300
11100
14500
12600
11300
11500
14200
11100
12800
12500
11700
57700
11500
13800
12600
49700
12400
12400
12500
56500
12500
12600
14300
12900
45800
13400
54000
118400
10300
9700
28400
9800
17700
9900
20300
12100
35400
18200
9900
26500
10100
11900
7700
7500
8400
7800
8100
9200
40900
7800
7700
8500
8000
41500
47100
10100
10400
9600
9600
10400
9700
10800
10500
9800
9500
9800
10100
9900
12200
12000
11100
12000
11000
15600
10900
11900
11800
45700
12800
12300
11500
11500
11500
13800
12200
45600
16600
45500
12300
50100
12400
12600
13900
61900
13200
12800
61100
119100
16800
13200
16000
11800
11600
10200
16300
23600
12600
11900
10000
39400
24500
13300
7900
7900
7600
26200
7900
53000
8100
7800
8100
7800
8600
62700
9800
10200
9700
9500
9300
10200
30100
9600
9500
10400
9800
11100
10900
53500
9600
16300
11400
10900
10900
11200
11100
12000
12400
10900
11300
11400
13400
11600
17700
14200
12500
15900
17800
25300
17700
17800
20000
11800
11400
11900
13800
15100
11400
115700
9400
9700
14500
9300
9000
15800
8900
12100
9200
12100
9200
18700
9300
12700
7400
23800
7200
7100
7200
7200
7200
8000
7600
8600
9500
103400
7800
10300
9600
9600
9700
8700
28500
10200
9900
10400
10000
8900
11200
54400
9000
12100
10200
10200
11900
10500
10200
10400
11500
11600
10700
10400
10600
10600
10700
12800
11500
14100
11300
11000
11400
11400
12800
11400
11700
13200
12000
11300
11700
111900
8900
9100
13500
9200
9100
19200
9100
8900
9300
11400
9200
18400
9400
12700
24300
7200
7700
7300
7300
7200
46700
7900
7600
10100
7800
7700
7500
9300
9000
8700
8800
26400
8900
45700
9300
9100
10800
9100
9000
59400
10100
12100
10600
10300
10200
10400
10400
10400
11600
10300
10900
10700
10500
10400
10700
15500
11500
10900
11500
11200
11300
11300
13100
11700
11300
11800
11600
12500
11500
112000
9200
8900
13600
11700
8900
16500
9300
9200
9000
11800
9100
18200
9200
11000
7400
6900
7200
7200
7300
7000
7200
8000
7400
7300
7900
7400
10200
9300
10200
9400
8700
25900
8800
45300
8800
9500
9000
9200
9000
56400
12500
10700
10200
10300
10300
10300
28300
10200
10500
11400
10600
11000
11900
54100
13400
12700
11500
11200
11500
11400
11500
11600
13200
12900
11500
11500
11600
12500
11700
110600
9100
11900
14700
9000
9100
15300
10700
10200
9200
11200
9500
18200
9400
11200
7100
7100
6900
7200
7200
7300
7100
7900
8000
7200
10500
7700
7900
9100
8900
9000
8800
25900
8700
45700
8900
8800
8900
8800
9100
61100
9900
11300
10500
10100
10200
10500
28200
10200
10600
11300
10500
10600
11800
53000
10800
13600
12900
11200
11200
11400
11400
12600
12600
11400
11200
11600
12000
11500
11500
113400
9200
8900
13900
10000
8900
15400
9100
9300
9100
12100
9100
18800
9000
10700
7500
7200
7300
7100
7300
7600
8000
10600
7400
7400
7900
7400
7500
9100
8900
9000
9800
25700
8900
46100
8800
8900
9200
9000
9100
58300
10000
11100
10200
10500
10300
10400
28500
10300
10500
11400
10600
10600
14300
52700
12700
14000
28600
11200
11300
71900
11300
14100
13100
11600
11500
11900
11800
11600
11600
110700
20700
4700
6300
4400
4800
4400
12300
4800
4500
5300
4500
7300
4900
18500
6200
6500
7000
6500
6400
6000
6400
6200
7000
9500
6500
6600
6500
8400
7000
6900
46300
6900
9100
11300
7800
7300
7800
7000
6900
7200
7300
9100
9100
8000
7600
7900
8600
7400
51300
30700
52000
7400
8800
8500
7700
10100
7800
35200
11300
71600
8700
7700
8800
7800
7800
7800
8200
7700
7600
123400
5000
4800
4600
4200
4200
4400
4300
4500
10500
4500
4600
4700
5300
10000
6600
6100
6600
6400
6200
6700
6400
6700
9400
6300
6900
8100
6900
8200
7200
6600
39900
6700
7100
7100
7600
7100
7600
7000
9500
7000
7200
9000
8900
7100
7300
7900
7500
8200
46600
41500
49100
6600
8200
7900
6800
11700
10100
28600
7500
54000
6500
6600
7800
6800
6600
6600
6600
6500
6400
78700
4400
4000
4100
4400
4100
7000
4300
4300
9700
4500
4400
4700
4500
7500
5400
5100
5500
5200
5100
5800
5400
6300
5700
6100
5800
5800
7000
6400
8500
6000
6600
5900
5700
6000
6000
6100
6800
6800
6100
6100
29600
8200
9000
6200
8000
7600
7300
7300
36600
27600
46300
9900
15400
12700
9700
15900
6900
35300
10400
58900
6400
6500
7900
6600
6500
9300
6700
6500
6600
73800
4400
4100
4300
4100
4000
4400
4300
4400
9700
4300
4300
4600
4500
7500
8300
5000
5200
5300
5100
5500
5400
5100
5500
5300
5700
5600
5600
6300
5900
6000
6200
5700
5900
6000
6100
5900
14500
6600
6200
34200
6200
7600
23500
6500
29400
7000
6400
9200
7200
6800
7300
6500
6500
37700
6800
8300
6500
26900
7200
55100
6700
6500
7300
6700
6500
6400
6800
6600
6700
75100
4500
6900
4300
4100
4500
4200
4300
4400
9500
4100
4600
4500
4700
7500
5400
5100
5400
5100
5300
5900
5200
5400
5400
26900
5500
5600
5700
6200
5900
6000
6800
5900
5700
6000
6000
5800
6300
6400
5900
29600
8700
7500
6500
8000
30600
6300
6400
7100
7300
6700
7200
6800
6500
6800
6800
11000
8100
6500
6800
6500
6800
6600
55900
24300
41400
6400
7600
7200
6800
74200
4200
4300
4100
4300
4300
4200
5600
4500
9600
4200
4700
7400
4500
7500
5100
5800
5500
8600
5200
5300
5400
5100
5500
5400
5400
5600
6100
6100
5800
23900
6100
5800
5600
8500
6100
5900
6200
6300
6000
6000
6100
7400
6400
6400
30900
6300
6400
6500
7000
9400
7200
6400
6600
6700
6800
8000
7500
18600
6400
7000
6600
6300
34700
26800
37400
6400
8100
7200
6700
62000
4100
10000
5000
21700
4200
4300
5300
4600
4300
4600
4600
4500
4600
7800
6700
5400
5600
5300
5400
5100
5300
5100
5500
5500
5400
5500
6500
9800
6000
5800
5900
5800
5900
6300
6300
6000
6400
5800
6100
6500
6000
7400
7100
6600
30600
8700
6400
7100
6600
6400
7100
6900
6600
40500
6600
8400
6400
7400
9800
7100
6600
6500
6700
7000
7600
6900
6900
6700
6700
62500
4300
4400
5100
5200
5300
7400
4500
4500
4600
5200
5400
4700
5300
7600
5100
5200
5600
5200
5200
5300
5500
5300
5300
5400
5300
5500
5500
9300
5900
5700
5800
5700
6000
6300
6400
6100
6200
5800
6600
6100
6100
7200
6300
6300
29800
6400
12300
7100
6500
6500
7400
6800
6600
38500
6400
8700
6300
7100
9700
7000
6500
6400
6400
6600
7200
6800
6700
6700
6500
63900
4200
4300
4900
6300
5300
7300
4400
4300
4500
5100
5300
4700
5100
8000
5200
5300
5100
5200
5300
5200
5500
5300
5300
5600
5500
5500
5500
8900
5800
6100
6600
6400
6100
6000
5900
6100
6400
6500
6500
23800
13600
11700
10900
10300
48200
22900
14200
36400
33800
13400
13500
17000
13000
87100
12600
15500
18700
13300
13400
12500
11800
12000
12200
13500
13100
12200
12100
12300
12200
132600
9300
8300
71700
11600
12900
8300
8100
8400
8500
9700
9500
8500
9400
12900
9800
8900
9700
9400
9300
10100
9500
10600
51200
9900
9500
9800
9800
10800
10000
12600
11200
54500
13100
10900
11300
10800
11400
11100
11300
10900
11100
18000
13100
11400
11700
12600
11900
12700
12700
12700
12300
12200
89200
13100
16300
14900
14600
15600
17300
17900
12000
14800
14800
12800
15600
14700
12100
13000
15000
134700
7800
8800
55800
9600
9300
8400
7800
8500
8100
9400
9500
8200
9500
13100
16600
9800
9600
9600
9600
11100
10400
10100
10300
10300
14400
10400
10500
11500
10800
11300
11600
11600
11300
43000
11900
11700
11400
11400
11900
11100
13500
13700
15900
12300
13200
12500
12300
13500
13400
12500
13400
12600
12600
13600
12900
14000
12600
12200
55300
11900
12200
13100
11400
11500
12600
12700
14400
77000
12900
135700
7700
7800
12800
9200
9100
8400
8000
8600
8000
9200
9400
8600
9200
12500
10100
9600
11700
9900
9900
10300
12100
10200
10900
13900
10400
10400
10400
11300
10400
10700
11700
11500
11400
11700
10600
11000
12300
11000
11600
10800
10800
12900
14900
11300
11100
11800
11600
11900
12500
14000
12200
11600
12600
11900
11900
13100
14100
11600
56900
11800
12900
13400
11800
12100
13000
12700
13300
73600
11800
126000
7900
12800
9200
8800
7800
8300
8100
9300
8800
9200
8400
8600
8400
14800
9800
9100
9000
10000
10000
9800
9300
10100
9800
10100
10300
10500
14100
12600
11500
10900
11200
11000
11200
11000
10700
11500
11000
10700
11000
11200
11500
14300
15000
12200
15100
13200
11700
11600
12400
11500
11200
11800
11900
12500
12000
13900
12400
11800
12500
11700
13200
15800
14800
13400
13100
12200
13000
13200
13600
143300
12600
24800
8300
8300
8000
9000
8400
8300
9900
13800
8300
8100
9000
13800
8800
9800
9000
9400
9300
10000
9500
10500
9900
40700
10800
10100
10200
12200
10900
10500
10800
14300
10500
11200
10600
12200
11000
10700
10500
10800
12300
14700
12300
11600
11500
11500
12500
12200
12100
12200
41300
14700
13700
13300
13300
15300
48800
12700
13300
12000
13400
12600
17400
12400
11400
11400
11700
16500
11900
123800
9400
27600
7900
8000
7800
7700
7800
7900
9700
8500
7900
7800
8600
12100
9300
9200
12700
14300
9300
9800
9500
9300
9400
9000
10800
10400
10500
11800
11000
10500
10500
11400
12200
11200
10700
10500
30600
10900
15800
11300
10700
12900
12200
11200
11300
11800
11300
11500
14600
11500
11300
11400
11600
11700
11200
12400
16400
11000
12500
11300
12500
11200
12700
11400
11500
11400
11600
11800
11800
118600
9100
29100
7800
8000
8000
7800
8400
8100
9500
8200
8100
8100
8300
12900
9300
9000
8700
8700
8900
9700
8900
9300
9100
9300
9900
9600
13900
11300
10000
10200
10000
10700
10200
10300
10400
10500
10400
13300
11000
11300
10400
13300
11900
12000
14800
11400
11300
11900
11800
12200
11400
11500
11500
11300
11500
13300
12700
11200
12100
11300
12200
15200
12300
11000
10600
12000
11700
11400
14700
130400
10300
25100
7800
7900
8100
7600
8000
8300
13300
8300
7800
8300
8500
12400
9500
9100
9100
8800
9700
10000
9700
9300
9300
9400
12600
9800
28900
11900
10800
10100
10400
15600
10700
10500
10300
10700
11000
10600
11100
11000
10900
13600
12700
11800
11100
11100
11200
12300
11700
16100
11800
12000
13100
11800
12200
16000
12800
11700
11600
28600
13400
11800
10800
11600
11600
11800
12200
16200
11600
125600
9800
23300
8000
8100
8300
8000
11000
8400
9600
8200
8300
8200
8400
12000
9500
9000
13600
9200
10300
10000
9700
9700
9800
9800
10200
10100
10400
12400
10800
10600
10700
11200
10700
10700
10700
10800
11000
10900
15600
12500
11100
13000
12300
11500
11500
11800
11700
13000
11900
12800
12400
12200
12200
12500
12500
18100
12700
12800
11800
12200
12000
12800
12300
12000
12300
153000
13700
11600
6900
67600
11000
5200
6800
7300
8100
5600
6300
5800
4700
5400
5600
4900
6000
11000
5100
5700
5100
6200
5300
5500
5400
5500
5400
5300
5500
8600
5400
7300
5800
6300
5800
5900
5900
6100
6000
6000
6000
6400
5800
6200
6400
7500
6700
6500
9200
6600
7900
6500
6700
6800
8100
8700
9300
6900
7400
22500
6800
6700
6600
7200
9300
6600
8200
27800
8900
40700
7500
6900
6900
90800
4700
4300
4300
8200
6300
6600
4500
5200
4500
4600
5200
9100
4600
7700
5300
5100
5100
5600
5000
5300
5100
5500
5300
6900
6000
5600
8500
6900
5700
7500
28000
6000
5800
6100
5900
5800
6200
8200
5900
6000
6400
7300
6100
6200
7300
9000
7400
6600
6200
6600
6700
6500
7000
6800
6900
18500
7600
6500
6600
7300
8500
6400
9100
8900
6500
38400
7300
6700
6900
89200
4900
4200
6200
6100
5200
4600
4500
5200
4300
5200
5300
8900
4700
11000
6300
5400
5100
5500
5100
5100
7100
5300
5400
5400
5800
5700
5700
9200
7900
5900
5800
6400
5900
5900
5800
6400
6000
5900
6000
6000
6100
7400
19000
6700
6500
6600
11300
6600
6200
6700
8200
6600
7200
6400
7000
18000
6400
6500
6700
7300
8200
6600
6100
10500
6500
37600
7400
6700
6500
83500
5500
4000
4300
5400
4400
6200
7600
5100
4600
4400
5200
5500
4700
9400
5600
5400
5200
5600
5300
5200
6000
5300
5700
5400
5900
5800
5700
6700
8700
5600
5900
6200
6000
5900
5800
6300
6100
6100
6100
6000
6300
7600
6400
6900
6400
6400
6300
10000
6500
6500
6500
7200
6700
21200
7700
21700
6700
6600
6500
6900
8900
10700
6400
12300
6400
45000
9800
8600
7200
89500
6700
4100
7000
5300
4300
4200
4400
5000
4300
4300
5000
6200
4600
8700
5200
5200
5100
5400
5200
5000
5400
5200
5400
5300
5800
8200
5600
6100
5900
5600
5700
6200
6100
6500
5700
6500
6000
37000
6000
6000
6100
7700
24800
6800
6400
6500
6400
6900
6500
6300
6500
7900
6700
6600
7100
7400
6500
6400
8900
6500
7900
6600
6500
6300
6800
6500
7700
6700
7100
85900
4400
4200
4300
7800
4300
4200
4300
5000
5100
4300
5000
5500
4400
7600
5300
5200
5000
5200
5200
5000
5200
5300
5200
5600
5500
6200
28400
6200
5600
6000
7700
6600
6000
6600
6800
6600
6100
8000
8000
6200
6100
7700
6400
10000
6600
7200
6300
7400
6600
6500
8500
8100
7900
11600
7700
9200
12400
12100
6400
9200
13800
6400
7900
8900
9800
11300
12900
6800
11000
74400
4900
4300
4500
5700
4400
4300
4400
8900
4500
16300
6600
4800
5400
14600
6600
6000
5700
5800
5700
7200
6300
5800
6100
6000
7100
8300
6500
7300
6400
14500
6600
5900
5900
5900
6200
5900
6500
6500
6700
6400
6600
8100
6900
6600
6600
6600
9900
6600
32000
27500
6600
6700
6700
6600
7300
11500
8300
7200
6400
10300
6900
7300
6700
6500
7200
6700
6700
6800
6700
64100
4600
4300
4800
4700
4200
4600
4700
4300
7400
5600
4700
4600
4400
8900
5200
5600
5500
5700
5500
5400
5200
5300
5700
5500
5700
5800
5600
6500
5700
5800
9200
5700
7600
6000
5800
5900
23500
6600
6700
6300
6400
8100
6600
6400
6500
6300
6900
7900
48800
26500
7300
7400
6600
7600
9700
11500
10400
6400
6500
10900
6400
8200
6300
6500
6600
7500
6700
6700
6500
71300
4400
4100
4300
4500
4100
4400
4400
13200
7300
5500
5100
4400
4500
21000
5300
5400
9300
5400
5600
5200
5400
5400
5600
5600
5600
5800
5500
6800
6200
8500
5900
6000
5800
5900
6500
6300
5800
6500
6000
6000
6400
7800
6600
8400
6200
6400
7100
9200
29500
66600
6700
6600
6300
6600
7200
8200
9400
6300
6500
7100
9300
7200
6400
6600
6500
7500
6600
6500
6700
62100
4400
4200
4400
4300
4200
4400
4800
4500
7100
5400
4600
4300
4500
8300
5100
24100
5300
5400
5200
5500
5200
5300
5600
5400
5700
5700
5400
7300
8800
5800
5900
6000
5800
6000
6400
6300
6000
6400
6200
6100
6500
9000
6600
6400
7300
6600
29100
6600
6500
6900
7000
7000
7200
7100
7100
7900
7100
7000
6600
7200
9900
7200
6600
6700
6600
6600
6500
6500
7100
62000
4000
4300
4400
4100
4200
4400
4300
4400
7300
5400
4700
4300
4500
7500
5700
5400
5000
5600
5200
5300
6300
5400
5700
5300
5800
5900
5600
6300
6300
6000
8900
5900
5900
6000
6500
6200
6500
6400
6000
20300
6600
7300
6300
6500
7100
6500
6400
6500
6400
6500
7300
7100
7000
7000
7200
8100
7000
6500
6400
6300
7500
6900
30500
24400
6500
6700
6500
6700
7200
61700
4500
4300
4400
4300
4400
4500
4300
4500
7300
5600
4400
6500
4600
7700
11400
9800
15100
5500
5300
5300
5200
5200
5600
5200
5400
5600
5300
6300
6100
5600
5900
9300
5900
5700
6400
6000
5900
6400
6100
6000
6400
6900
6300
6400
7200
8000
6200
6300
6500
9300
14900
7200
6900
6900
7000
8100
6600
6400
6400
6400
8800
6500
27800
28200
6800
6500
6500
6700
7200
61800
5200
4200
4400
12000
5300
5200
4500
7200
11400
4600
4300
7300
7000
9900
5400
5500
5200
5000
5300
5200
5300
5100
5500
5600
5300
5500
5500
6700
5900
5600
6700
6400
6000
8700
5700
5900
6000
6300
6100
6700
6500
7400
6800
6400
6400
6400
7100
6800
99000
6600
7300
9600
8500
7100
6500
7900
6700
6500
6700
6400
6600
6600
26100
7000
7400
6600
6400
6900
9300
60000
4900
4100
4400
4500
13700
4600
4300
4400
5200
4400
4300
4500
4300
8000
5200
5100
5300
5800
7000
5200
5000
8000
5400
5600
5500
5500
5400
6700
5800
6000
6200
5800
5600
5900
6000
5900
5700
5900
6000
6100
6500
9600
6300
6700
6000
6300
6200
6200
25900
6600
6900
6200
7000
7000
6600
7500
6300
6200
8900
6400
6300
6200
21800
7300
6300
6500
6500
6400
7900
62200
4100
4200
4100
4300
4200
4300
7100
4200
5000
4500
4400
4300
4500
7600
6300
5500
5100
5500
5100
5100
12900
5200
5500
6000
5200
5700
5600
6200
6200
8700
5600
5800
5800
5800
5600
5900
5900
6300
6100
8100
6300
7200
6100
6300
6400
6300
6100
6500
26200
6400
6900
6600
6400
13500
6600
7500
6400
6300
6300
6500
6900
6400
20900
7000
9200
6500
6300
6800
6500
60300
4200
4000
4200
4000
3900
4300
4200
4300
4900
4400
4200
4400
4200
7400
5300
5100
23400
6900
5100
5500
5000
5300
5400
5500
5400
5500
5600
6000
6000
5700
5800
5900
5800
12700
6000
5800
8500
6300
5900
7400
6900
7100
6300
6300
6900
6500
6200
6400
6400
6700
6300
6500
6600
6500
7000
9500
6200
9100
7500
8900
7300
6400
24000
9100
7400
7200
7300
7000
7700
62600
4000
7000
4000
4200
4200
4200
4200
4100
5300
4900
4500
4200
4300
22700
5000
5200
5000
5800
5200
5100
5200
5200
5400
5600
5300
8400
5500
6000
6000
5900
5500
5900
5700
5800
5700
5800
5900
6300
5800
5900
6000
6800
6300
6200
9400
18700
6600
6200
6400
6500
6700
6300
6500
6500
7000
7500
6200
6300
8400
6400
6200
6500
25800
6500
7300
6500
6400
7200
6500
61600
4200
3800
4200
4100
4100
4200
3900
4200
4900
4400
4200
7200
4300
7500
5100
5400
5300
5400
5300
6300
5100
5300
5300
12300
5400
5400
5600
6100
6200
6000
5800
5600
6000
5800
8600
5800
5900
6300
6200
6200
5900
7000
6200
6400
7400
6500
6400
6300
6200
6400
6500
6500
6300
6600
10200
7400
13600
6300
6400
6200
6400
6300
23200
6200
7300
6300
6500
7100
7200
64000
4300
4100
4300
4400
4100
4400
8000
5000
4200
4300
4500
4400
4500
14900
8800
7100
5400
5100
5000
5200
4900
5200
5000
5200
5100
8700
5400
6400
5700
6000
6000
5600
5700
5700
5800
5600
6000
6400
5800
6000
5900
7200
6000
6600
8900
6500
6700
6200
6200
6300
6300
6500
6800
6400
6500
7500
6300
6900
6400
6300
6600
6900
9700
6600
6400
6500
6500
6500
7900
62500
4300
4300
4200
4500
4300
15600
4100
4300
4200
4400
4800
4400
4500
7100
8400
5100
5100
4800
5400
5100
5000
5100
4900
5500
5200
5400
5400
6300
5600
6900
5900
5300
5400
5800
5800
5400
6500
8400
5900
6000
5900
7000
6100
6300
6300
7500
6700
6000
15600
6400
6300
6200
6700
6400
6400
9700
6100
6900
6300
6300
6300
6900
6900
6500
6100
6300
6400
6300
6300
61600
4100
4100
4100
3900
6900
8800
4000
4200
4600
4300
4300
4200
4600
7400
5200
5400
4900
5000
4800
5200
5100
6800
5200
5400
5300
5400
5200
13600
5900
8500
6100
5900
5600
5900
5700
5800
10700
6300
6000
6300
6100
7100
5900
6200
6300
6500
6600
6600
6400
9500
6600
6300
6800
6500
6400
7500
6000
6900
6300
7700
15600
6900
7100
7200
6200
6100
6400
9200
6600
67400
4000
4000
4100
3900
4100
8600
3900
4100
4000
4400
4300
4200
4400
7000
5200
5100
5000
5100
4800
5400
5100
7900
5000
5400
5200
5200
5300
5800
5700
5600
5800
5600
5800
5700
5500
5700
5700
5800
5800
5800
6300
7000
8700
6700
6700
6200
6100
6200
6400
6400
6700
6200
6400
6900
6400
7400
6600
7000
6200
6300
8800
6800
7000
6500
6400
6200
6600
6400
6400
60300
4200
4000
4300
4000
4200
8300
4000
4200
4300
4200
7200
4400
4400
6900
5000
5000
5000
8800
5000
5100
5100
5000
5200
5200
5200
5200
6600
6200
5700
5700
5900
5600
5800
5800
8300
5800
5900
5800
5800
5900
5900
7200
6000
6600
6800
6200
6200
6300
6200
6300
6700
6800
6400
9400
6400
7200
6200
6200
6300
6400
6800
6500
6700
6300
7000
6500
6900
6400
8800
62100
8100
4100
4200
3900
4200
8200
3900
4000
4200
4000
4300
4200
4300
7100
6100
5300
4900
5000
4900
5100
6800
5300
4900
5400
5200
5100
5300
8500
5600
5500
16000
6000
5700
5500
5700
5800
5800
5700
5800
5900
5700
7000
6200
6500
6500
6000
6200
9300
6500
6100
6600
6300
6600
6900
6700
7300
6700
6400
6300
9100
7800
6400
6400
6100
7100
6400
7100
6400
6300
61800
8200
4800
4100
4200
4000
13700
7800
4100
4300
4000
4200
4400
4200
