79300
1491700
23800
15000
7900
13100
7000
7300
7600
7700
7800
8100
11400
9600
47100
273700
19000
338200
121000
41900
315100
18100
16300
16000
14300
17200
176400
18600
88900
106800
81600
73900
17500
19100
35300
20600
186600
24200
111800
31500
21700
20800
37300
319700
29800
221800
120100
176000
22900
111200
26900
26900
150600
24500
23400
23100
41900
268500
27600
281800
27200
30600
285000
35800
27100
30400
36400
243300
30400
29500
17900
14800
8400
8900
7800
7800
9000
25200
9600
8800
9200
9900
11600
33600
21900
36000
14100
146500
48700
27100
140400
16300
15600
16300
13300
13100
87900
17400
69100
78400
58300
56100
17700
17900
21500
21600
109300
18500
21000
19000
21300
18500
32200
179300
29500
151700
81900
98500
22200
83000
26800
27000
124500
24000
23900
24100
35500
209800
28600
157200
27400
27200
181700
38500
26900
26800
33900
162300
31000
29900
22100
11400
9200
9300
45100
15200
34500
30800
10600
9100
9800
10400
11400
45800
16800
54400
32400
14700
20100
35600
13200
38900
14300
13900
45600
14500
15000
25200
39200
47800
35400
37100
9800
9900
12200
12200
72500
10300
12300
10600
10400
10200
20400
101800
18600
82400
44100
56300
11700
48700
16900
18800
71300
13300
14600
12200
25100
137700
14700
118900
14500
14700
124200
17800
13800
14400
16600
121200
14400
14600
8000
13700
5200
5000
12600
12900
4300
4300
5100
4600
4500
5300
5100
5100
11600
34800
6600
9800
9800
7600
7100
7600
7900
7600
7500
7400
7700
9700
35800
31200
12200
84200
44300
23800
86100
13000
12800
12700
9300
13600
73400
12400
19400
86100
15600
75100
47200
76900
12100
42700
15400
15100
69100
12200
12500
12300
22800
109700
14400
139500
14700
14700
137800
18600
13900
14500
17400
114200
13800
14100
14200
18600
5300
5100
23500
4000
26700
9400
5300
4800
4500
9200
6000
15600
10000
27200
10100
8200
9500
12100
6600
13600
7300
6600
15400
7500
6800
9200
34200
20400
11400
75500
26900
38400
85400
12400
12600
12400
9300
9500
39300
12600
29500
44200
39100
59700
15400
12300
15200
15500
61300
11900
13500
12000
11800
11400
22900
103000
14600
118400
14100
14000
124500
19000
13900
14800
16600
109300
13700
17100
18700
8400
5200
4400
9700
3800
10400
14500
4800
4300
3900
5600
6200
23700
9100
25600
14000
10900
8300
17000
6400
21200
6600
7200
25200
11300
6600
20700
20000
19800
11800
90700
22200
38200
80000
11800
12300
15700
9300
9400
51700
12800
31400
48500
31300
53500
11400
12100
19100
15300
57700
11900
14300
11800
12300
11900
20800
106800
21600
95400
38200
76200
14000
45800
17800
18900
99900
14700
14300
15000
14200
11900
14300
10900
234300
29100
20500
179900
21300
21800
21900
182100
14700
13500
18200
97400
19700
16000
16600
75100
15200
14900
15300
15600
14800
95300
16600
17800
55800
81500
17800
19800
19300
17900
17200
17400
19300
17800
16900
94500
162900
21100
33600
18700
21100
265300
12800
12500
12300
11800
11500
15600
16800
11600
12100
11700
122900
30700
13200
16100
9500
9200
11800
9200
9200
9600
17600
9400
23800
22800
12700
7600
7100
7400
7000
7600
7200
7400
7200
40600
7100
7600
41800
58500
13300
35900
8800
9300
8900
30900
8700
9300
8800
8900
8800
48900
9800
10700
31700
42900
10600
11100
12000
11100
11400
11100
12300
10600
12600
49600
82300
11700
13000
11300
12500
78500
11100
11600
11300
14300
11100
13300
12000
11500
11700
11400
105800
21500
14500
15700
9400
9100
10800
9300
9000
12200
17100
9500
20000
22100
9300
6000
6300
6600
6000
6200
6200
6300
41600
6200
6200
27300
9500
6600
8200
9000
7800
23800
31500
7600
7700
31600
7700
9000
8600
44300
7700
8000
26300
29800
9200
9600
10400
9400
9500
9000
10300
9800
12100
36800
61000
11200
11900
10400
11300
61700
10700
10500
9900
10700
10100
11500
10600
10300
10600
10200
77900
16800
12800
15400
9300
8700
14000
9400
9000
9400
16900
9500
19900
21800
9500
6200
6100
7600
6200
6300
6000
7300
6200
6000
11700
6400
9000
9000
14100
13600
10600
47600
52900
8100
41100
47500
7700
9200
11900
50900
28000
8000
11300
32900
9300
10500
9200
55300
24900
9300
9500
10100
9100
39100
12800
9600
12800
10800
11600
62400
10300
10500
10100
10600
10300
11600
10600
10400
11300
10100
69300
16000
14100
15200
10600
9400
11100
9100
8900
9300
17300
9400
20900
22400
9000
6100
6100
6200
6200
6000
6600
6200
8800
6700
6200
6300
6200
30800
8100
8700
7700
7400
31000
7900
7700
31200
7700
11300
8500
63600
8400
7800
11100
32000
9300
10500
9300
29400
9600
9200
9200
9600
9300
38900
10700
9200
26600
32300
10600
10400
14400
10500
10200
10500
11600
11800
10700
37300
63800
12100
69600
16000
11100
15500
9400
8900
11100
9200
9100
9400
17100
9300
20100
22300
9500
7100
6600
8900
5900
29600
6300
6200
6100
6300
6100
6900
6400
7700
8000
8700
7700
7600
31100
7900
7800
33700
7800
8900
8600
41900
7900
8000
10900
29100
9200
10700
9200
28600
11100
9800
39900
9700
9500
40200
10700
9500
28000
34600
10700
10400
11900
10700
10200
10300
11800
10500
10600
37600
65900
12100
67800
8900
11200
25400
9500
9100
9200
15700
9400
11200
21200
12200
16200
9300
7900
6000
6000
5900
5900
5800
6600
6100
5900
6100
5900
6400
6300
6700
8300
7500
7700
8400
7600
7800
8400
7800
34300
7600
8500
7600
7600
7900
23000
9200
8900
23200
33400
10100
10200
9100
11900
9600
9400
37300
9600
9200
11100
10800
9800
10800
11000
10300
41400
6900
6900
9200
40000
6500
6400
72600
79000
9000
10100
4300
4300
4600
4100
7200
19400
4400
5400
4600
4300
5400
12400
5600
5300
6900
5100
5100
4800
5700
4900
5100
7700
5300
5300
5300
6000
5500
8700
6500
5800
5500
6200
5900
30900
5800
5800
5600
5800
5900
20100
6100
6100
21700
34200
6900
6500
6400
6600
6400
6400
37100
6500
6600
7100
6400
6200
6100
8400
6200
31200
6200
7300
8500
37100
7800
7300
77100
77200
8000
5200
4300
3900
4100
4100
4300
18500
4100
5300
4500
4200
5300
8000
5300
5000
5500
5100
5300
5000
5300
7900
5100
5100
5100
5400
5500
5900
6200
5500
5800
5700
6800
5600
31700
5700
5900
5800
5700
6100
6500
22600
6100
6200
20400
30100
6900
6500
6300
6400
6300
6500
35700
6600
9100
7500
6400
6200
6300
7000
6300
29500
6200
6500
6600
34300
6700
6700
77500
73800
8500
5400
4300
4000
4200
4300
4100
18700
4200
5800
4400
4300
7800
7500
5000
4900
5100
4900
5200
5000
31600
5100
5200
5100
5200
5300
5400
5700
5700
5600
5700
5500
18400
8400
5800
6900
5900
5800
5600
5700
7100
6500
6300
18600
7200
6400
6200
6800
6200
34300
6400
6100
29500
6300
6400
7200
6000
6200
6800
7000
6400
28300
6400
6300
6400
37400
6400
7900
72800
72600
7700
5200
4100
4100
4000
4200
4200
21100
4300
5200
4200
4200
5000
7500
4900
5000
4900
5600
5000
5100
34000
5100
5400
5200
5100
5300
5400
8400
5600
5400
5700
5900
5600
6000
5700
5700
5800
5800
5900
5900
6300
6600
6200
6200
6900
6400
6200
14900
6300
34300
6400
6900
6800
6700
7500
21000
6500
6200
19500
31800
9700
28300
6400
36500
6600
6600
70600
7000
6700
76900
8300
5000
4900
4100
4100
4200
4400
18700
4300
5200
4500
4100
5200
7900
5100
5200
24500
5000
5000
8400
5000
5100
29300
5100
5400
5300
5500
5900
8800
5800
5800
6000
5700
6300
5800
5500
5800
6000
6000
5900
9500
6600
6200
6300
7400
6400
6500
7000
6600
31600
6600
6400
6500
6500
6500
22900
6400
6300
20700
29300
7300
6400
6700
6400
7100
6800
36400
9400
6600
60900
10700
3900
4200
5100
4900
11400
4600
4400
4400
14100
4300
4500
26200
7600
5100
4900
25300
5100
5000
5100
24000
5200
5800
5100
7100
5400
5900
6000
5400
5600
6100
5800
6300
5800
5700
5600
5600
8500
6300
6000
5700
6900
6600
7200
6400
6200
6400
7600
7600
6500
6400
6400
6300
6400
6600
11000
6400
6100
6300
7100
6300
28500
6400
7100
6600
32800
6400
7300
6600
64200
4300
5200
4400
12700
4400
4100
4500
4200
6300
5600
4700
4400
4800
7300
5100
5000
4800
24300
9200
5200
23100
6000
5200
5100
7400
5500
5400
6200
5300
5600
6000
5800
5600
5800
5600
5500
5800
5700
8800
6100
5700
6800
6000
6200
6300
6200
6100
6100
7000
6400
6300
6100
7000
6900
6900
8200
6200
12200
6400
7100
6200
28100
6300
7000
6500
32400
7800
7200
6600
61300
6800
5100
4200
11900
4000
4200
4300
4200
6300
5400
4500
4200
4300
7800
5000
5100
4800
5000
6900
5200
5300
4900
7800
6700
5400
5400
5300
5900
5900
5700
24100
5700
5400
5800
25100
5900
6500
6000
5900
5800
9100
6900
6000
6200
7600
6300
7400
6200
7000
6300
6100
6400
6300
6400
6300
8300
6100
8000
8900
7100
6300
29100
6800
7000
6500
32200
6400
7000
7000
60600
4300
7600
4000
13700
4200
4200
4100
4200
6000
5400
4900
4300
4300
7000
5200
4800
5000
6200
5400
5200
5100
5300
5000
5300
6100
5200
6300
6600
6600
5500
26200
5600
6500
6500
26600
6600
7200
5700
6700
6700
7300
9300
6300
6000
6900
6400
6800
6300
6300
6300
6300
6100
7000
6500
6400
8100
6300
6000
6000
9500
6200
28200
6200
7200
6300
33100
6500
7200
6500
60600
4200
5400
3900
14200
4200
4200
4000
4200
5700
5500
4200
4400
4200
6600
5300
4800
5000
5000
5500
5100
5100
5300
5000
5200
5700
5300
8200
5800
6300
5700
23200
5500
5700
26500
24900
5700
6500
6500
7400
5900
9400
6600
6300
7500
7000
6500
6600
6400
6300
6300
6400
6400
7100
6600
6300
7200
6300
6700
6300
9300
6500
33000
7400
6300
6400
6500
6500
6300
6500
62600
4100
5100
4500
12700
8700
4200
4200
4100
6000
5900
4500
4900
4100
7400
5000
5600
4900
5100
5500
5100
5300
5200
5200
5400
6500
5400
5700
8700
5800
5600
23900
5800
5700
5800
24500
5600
6500
6500
6100
32500
6800
9400
6300
6400
7200
6500
6500
6200
6400
6300
6600
6100
7300
6600
6500
7400
6100
6300
6600
6400
6200
9100
7400
7500
6400
6400
6300
6100
6500
67100
4400
4000
4200
5300
4100
11300
4100
5300
7000
12200
4500
5500
4600
7800
5600
5900
5400
5600
5200
5100
5200
8000
5400
5000
5400
5400
6300
6600
24900
8500
6000
6400
6600
5800
5900
6500
5900
6400
6000
5800
6800
7500
6500
7200
6300
6500
9000
6200
6700
7000
33700
6700
8100
7800
6400
7800
6400
6600
6400
6600
6300
6500
31700
6300
24800
23800
9600
11000
10300
88200
5400
42500
11300
8000
8300
7800
7700
9500
17300
26700
8100
8100
12200
13900
8900
9100
10200
8800
9400
9100
9500
9900
9600
10200
9600
10500
10700
11000
56300
10700
10100
11300
11300
10400
10100
11300
10400
10700
11800
10900
13100
13300
11400
15700
11400
11400
15800
11900
11800
11500
65800
11900
13500
13400
11200
13200
11500
11500
11300
11100
11100
17100
54500
11500
11400
11500
11600
14300
11300
130000
8200
19000
9900
8200
8200
8000
8200
7900
14500
24500
7700
7200
8200
12400
10500
9400
10100
9200
8800
8900
9300
9200
11700
9800
9900
10500
10500
11300
11900
14700
11500
11700
10400
10400
10200
59000
10600
10500
10700
10700
15100
12900
11200
12700
11300
13100
13000
11300
13600
13000
66300
12800
14600
15900
11600
15900
12600
16700
13600
12100
11200
11700
54800
12100
11800
11900
12500
12300
12200
231000
10900
19700
14800
8300
8000
7800
8000
8100
10600
31800
14700
42100
34500
14600
9000
9700
11200
9800
10000
9700
10100
12600
10600
10300
10200
11100
16400
11400
14000
11600
12400
12300
11300
11800
11500
12000
13000
13600
11400
11800
11900
13100
53800
11600
10900
13800
13400
12300
11600
13900
67400
13900
12300
12200
13700
15000
15400
13000
12000
11900
14500
12000
57300
12400
12500
12100
13000
12200
12500
149600
8500
19000
14800
8700
8700
8600
9100
8600
13000
27000
8900
8900
9900
12800
10200
10300
10600
10400
10100
10100
10500
10300
10400
10600
10600
15000
11100
12500
12100
11600
12400
12500
12000
11900
56000
12100
15400
11900
12000
12200
13300
13600
49800
13400
12600
13900
13800
13800
12700
14000
13000
13800
12900
12800
14500
14900
13100
17400
12900
12700
12800
12800
13200
13100
68400
13600
14800
14800
13000
249200
10300
19200
11100
9200
8100
9400
9400
8400
12600
27200
9500
8700
9900
13100
11300
9800
11700
11100
9900
10900
12300
11500
11700
10400
14500
11100
11000
11500
12100
11300
12400
12400
11500
11700
11500
12300
12300
11800
12100
11900
12700
14000
49000
12600
12400
14500
14200
13200
11800
14600
13300
14700
12900
14200
14300
14800
12000
16500
11500
13300
11400
41200
11400
11100
61700
11500
13400
13700
11800
184900
8900
7900
10400
7500
7700
7900
20900
8600
24100
8000
8100
7800
8100
18700
15400
48100
10200
9300
8900
8900
10200
9300
10300
10000
14300
9800
11200
12100
12100
11500
10700
10800
11300
11700
11500
10500
13000
10700
11200
11700
11100
13100
15800
11700
14900
57200
12000
11400
12400
13200
11800
13500
12100
13400
12200
14000
11900
11300
15200
44800
11300
11300
11700
13400
11800
11900
11700
11700
13700
126200
8600
9700
13500
7800
7800
8200
8200
7700
8200
8000
7900
32300
9100
15100
9300
10300
9700
9100
35600
9300
9200
13100
9600
9000
13900
9800
9900
12400
11000
11300
10500
10200
11200
10400
11400
10500
13700
10800
11300
11600
10700
14100
15500
11500
11400
57600
23600
12800
11900
15400
11500
12800
12000
13500
12400
15000
12600
12400
16500
51800
11800
11700
11800
13500
12000
11400
12000
11900
13700
207400
9200
9800
13800
7900
7700
7500
7500
7700
8000
7500
8000
34800
7800
11500
9100
10000
11000
9600
9300
10200
9800
10900
10300
10000
12900
14600
10600
10500
10100
37700
10300
10400
11100
10500
10200
10300
12800
10700
10600
10400
11000
12700
15600
11800
11600
55100
11800
11800
12000
12700
12100
12900
14700
13100
11800
12500
11700
11300
16000
45000
11900
11700
11400
13300
12800
12700
12200
12100
14300
142100
9900
9600
12900
7100
8200
7700
7600
7900
11700
7600
8000
33200
8900
12300
8800
9700
9600
8900
9200
9000
9300
9800
9900
9400
56800
9800
10100
11100
10100
39600
10100
11000
10700
10400
10000
10600
11700
10100
10600
10800
11700
18200
13800
14700
12700
12900
12600
13800
13900
13500
14500
13800
13500
14700
13800
15500
13800
15300
16800
51900
13300
13000
13300
16200
12700
14100
13600
13600
15100
257500
8600
10400
13900
8600
8600
8200
8000
8400
8500
8300
8600
31400
8500
13100
9800
10600
10800
9900
10000
10000
10500
10200
10400
10000
10200
11000
15300
11900
13100
39800
11200
11600
45400
11400
11700
11500
13500
11800
11900
12200
11700
14700
16900
14600
13100
13300
13100
12700
14200
13100
13800
13100
13700
15400
14700
14300
12500
12500
12500
63500
12900
12900
12900
14200
12900
14600
13700
15000
13500
150300
8400
10000
13400
8300
8900
8500
8600
8700
8700
8600
8600
31200
16400
12300
10400
11100
10800
10600
9900
10400
10500
10600
9700
9700
9100
79600
12600
11800
11200
40000
11800
12000
11700
11500
11900
12300
13000
12200
12100
12300
12600
18100
14000
13900
13000
12700
12800
33700
14400
13300
14100
14900
13600
14700
13500
14800
13000
13200
13300
65200
13200
13500
13400
14900
13500
16100
13000
17700
13600
236400
8300
8200
8300
22200
7800
8300
8000
10700
8400
8500
8800
8700
10500
14400
10500
10200
10200
10100
11000
10200
10400
10500
10300
11200
10900
10500
10900
15600
11500
11700
11400
116100
11700
11200
11900
47600
12800
11800
11900
13200
12300
13600
12900
14600
14000
15500
14400
15500
15500
14200
12900
14400
16200
14500
13700
17000
14500
13800
12700
13900
18800
11600
13000
49700
13000
15000
13200
13700
13800
252100
14600
9800
5300
4600
4800
6600
5000
10500
5100
4600
6200
4700
7700
8600
5200
5000
5600
5200
5400
5100
5100
5300
5600
5300
5600
5400
5700
6500
5700
5800
8700
28800
5800
5800
5800
24300
5700
5800
5800
6700
6100
7000
6200
6300
6100
10100
8100
27800
7500
6300
6500
6500
6400
6400
6700
7800
6800
6200
6500
6500
7400
6400
6600
28000
6500
7300
6500
6500
6400
135600
4300
4300
4100
4300
4200
5600
4100
7900
4300
4400
8000
4400
4200
7800
5700
5100
5400
5000
5400
5100
5100
24800
5400
5100
5400
5300
5600
6100
5700
59400
5600
5800
6400
5900
5800
5800
6400
6700
6100
5900
5700
7400
6300
6100
6400
7300
6200
7000
9600
6600
6400
6300
6900
8200
6600
7600
6400
6400
6400
6300
7200
6300
6300
24500
6300
10100
6300
6500
6500
63600
4800
4000
4100
4300
4100
5500
4100
5400
4500
4200
5400
4200
4900
11000
5100
5100
5500
5100
5500
5100
5200
7300
5600
5300
5400
5200
5800
6600
5800
7300
5800
5600
6500
6000
5900
8700
6000
6800
5800
6100
6000
6700
6400
6300
6100
27600
6100
18900
6400
24300
6300
9000
6400
7700
6500
7400
6400
6200
6400
6200
7400
6100
6500
28300
6600
7500
6700
6600
6600
131000
4400
4000
4200
4000
4200
5300
4300
5200
4400
4200
15600
4200
4400
7800
21600
5100
5500
5000
5400
5000
5300
5200
5400
5300
5400
5300
5700
6200
5700
5900
5500
5700
8900
5900
5800
5800
6400
7100
6200
6000
7300
6800
6600
6200
6300
25800
6300
6400
6400
49300
6600
6400
6500
7300
6600
7400
6100
6400
6300
7300
6400
7100
7500
6400
6500
9200
6700
6600
6300
60600
4000
4600
4000
4200
4200
5500
4100
5300
4200
4300
5500
4300
4700
7500
8000
5100
5500
5100
5600
5200
5100
5300
5700
5200
5600
5400
5700
6000
5600
5700
5700
5700
6400
5700
5800
5900
8500
6600
6100
5800
6100
6800
6400
6400
6500
25700
6400
19100
6700
23900
6400
7100
9200
7500
6500
7300
6400
6300
6500
7300
6500
7200
7200
6700
7100
7200
6500
6600
6600
131500
4600
4000
4300
4300
5500
4200
4300
11500
4300
5500
4600
4400
4400
7700
5100
4900
5600
5200
4900
5900
5700
5000
8400
5100
8300
5500
5200
7400
5900
5800
6400
6400
6200
5800
5900
5800
7300
5900
6000
6100
6700
10100
6300
6300
27800
6500
11700
6500
6500
6300
6500
6400
7400
6600
6600
7700
26800
6400
6300
6600
6600
6700
6400
7600
7100
6600
7600
6400
7800
61000
8300
4200
4300
4100
4300
6600
4300
8000
4500
4500
4300
5800
6500
7900
5300
5400
5000
5300
5100
6800
5300
5000
8300
5700
6100
5500
5300
6900
5500
5800
6400
6800
5900
5800
5900
5600
6600
6000
6100
6000
9300
7100
6200
6200
26800
6300
6400
19900
6600
6500
6500
6400
7400
6600
6400
7600
25600
6300
6400
6500
6300
6300
6400
7500
6500
8500
8000
6600
7600
128500
8200
4200
4100
4500
4200
6100
8700
6200
4400
4200
4500
5600
5900
9000
5900
5400
5000
5300
4900
5600
8500
5400
5200
5900
5900
5900
5200
6100
5800
5700
6500
6500
5800
5800
8300
5800
6600
5900
6100
5800
7400
9100
7500
6100
61000
6100
7200
7800
7500
7800
6300
9900
8400
7600
9500
12800
23200
6400
6300
6500
6300
6400
6400
7400
6500
6300
7400
6500
7500
64500
5500
4100
4400
4200
4100
6100
4500
6300
4100
4300
5600
5800
6200
7500
5100
5200
5100
5000
5100
5200
8400
5200
24100
5400
5700
5800
5500
6200
5600
5700
6300
5800
5800
5800
6400
6100
6000
6000
5900
8700
6000
7900
6100
6400
7100
7300
6400
19100
6700
6600
8800
6600
6300
6700
7500
10100
23200
6400
6600
6500
6400
6300
6500
7600
6300
6600
7600
6600
7700
131100
5400
4400
4200
4100
4300
5800
4400
5700
4600
4500
4500
5500
5900
8200
5400
7300
5000
5300
5000
8400
20900
5200
5000
5600
5700
5700
5200
6000
5600
5800
6300
5800
5800
5600
6800
7700
6600
8500
6100
5800
6000
7800
6300
6300
7400
7200
6600
6400
6500
6500
7300
6500
6600
6700
10000
7500
6400
6400
27300
6300
6700
6500
6500
7800
6300
6600
7900
6500
6600
65000
5400
4300
4200
4200
4000
6200
4400
5600
4200
4500
4400
5600
6400
6800
5600
5600
5300
8000
5100
5900
5100
5400
5200
5700
6000
6100
5400
6000
5800
5700
6900
6600
5700
6000
6700
5900
6000
8600
5900
6000
5900
9300
6400
6200
8600
8000
6500
19100
8100
6600
7600
6500
6700
6800
10500
7400
6400
6300
27500
6400
6400
6600
6600
6700
6600
6400
8700
6700
6500
132900
10600
4100
4300
4400
4200
4500
4300
7900
4500
4100
5700
4400
5900
9000
5100
5300
5700
5000
5200
5600
5100
8200
5200
5300
5800
5300
5400
8900
6700
5900
6100
6000
6000
5800
5700
5800
6800
6000
5900
6600
6100
10000
7800
7100
6600
6600
6300
6500
11800
6800
7500
6600
7500
7000
6400
7900
6600
9200
7600
6600
7800
7000
6300
6500
6700
6600
6500
6400
6800
60600
6000
4300
4200
4300
5400
8300
5500
5600
4600
6000
5700
13700
5000
7600
5300
5200
5300
10600
5400
5000
5200
5600
5200
8500
5400
5700
5300
6900
6500
5800
5700
5500
5800
5800
5800
5700
6300
5900
5700
6000
5900
10300
7100
7100
6500
6400
6100
18700
6700
6300
7400
6600
7800
6700
6300
7600
8500
6500
10300
6400
6400
6300
6400
6800
6600
6600
6400
6400
6700
129200
4100
4100
4000
4200
5300
8200
5400
5500
4300
5400
5600
12700
4500
9300
5200
5100
5400
5500
5200
6500
5200
5300
5400
5600
5200
8200
5500
6600
5900
6100
6400
5900
5800
6600
5800
6000
6800
5800
6600
5900
6000
7300
9600
7200
6300
6400
6400
6300
6400
6300
7300
6600
7200
6400
6300
7300
6200
6200
7400
9000
6400
6800
6200
6300
6500
6500
6400
6400
6600
61500
4200
4000
4000
4100
5100
5500
8200
5700
4100
5500
5400
13200
4900
7600
6500
5500
5600
5600
5500
5000
5400
5700
5200
5900
5400
9200
5200
6800
6300
5900
6600
5700
5900
6500
5800
5900
5900
5900
6800
6200
6000
7900
10000
6300
6300
6100
6500
20400
6800
6200
6500
6500
6500
6500
6400
8100
6300
6200
7400
6400
9100
6400
6200
6400
6600
6500
6500
6400
6500
128500
4000
4000
4000
4100
5200
5600
5600
8000
4300
5400
6700
12500
4400
6800
5300
5100
6200
5500
5100
5200
5200
5300
6500
5600
5200
5600
5500
8200
6900
7600
7400
5700
8600
7200
6700
6600
6600
7600
7400
7100
6800
9400
9800
7100
6100
9000
6700
6700
7600
6500
6600
6700
6200
6400
7100
7400
7200
7300
6400
6500
6400
6300
6300
10900
7900
6700
9300
6500
6600
60400
4100
4000
4100
4100
5500
5500
5400
8400
4200
5600
5400
12500
5000
7300
5200
5300
5700
5500
5400
5400
5300
5800
5500
5600
5600
6000
5800
9500
6000
5900
6700
5900
5900
6500
5900
5600
6000
5900
6800
6100
7500
8000
7400
9100
7000
6200
6500
19000
7000
6300
6500
6500
6500
6500
6500
7300
7600
7500
6600
6500
9000
6300
6400
6600
7800
6400
7900
7400
6500
128500
5500
12400
7100
4300
4300
4200
7100
4500
4300
4400
4300
4300
4500
9000
5100
5700
4900
5100
5300
5400
5200
5000
5200
5700
5400
8300
5500
86400
5800
6600
5800
6500
5900
5800
5900
5600
39500
6100
6500
6000
6600
7000
6500
9100
6200
6300
6400
6300
6300
7600
6700
6300
6600
6600
6600
24100
27000
8000
9100
6400
6400
7700
6400
6700
6700
6700
6700
6600
6700
62900
6300
4000
5400
4400
4600
4000
7300
4400
4500
4500
16200
4700
5000
8500
5400
5100
5500
5400
5000
5100
4900
5000
5300
5100
5500
6300
5600
27900
5800
7800
5600
6400
5800
7600
6100
5800
72600
6300
6600
5800
6500
7100
9100
6200
6200
7500
6400
162900
16200
13600
11600
11500
11600
11900
11700
48600
55800
18700
11300
11300
11000
13800
11900
12000
11800
12100
12900
12800
10300
390100
14800
8000
9500
8500
13300
7600
7800
7900
8100
7600
30000
8100
9000
13300
9400
9200
11000
9400
8900
9200
9100
9800
10900
10400
67900
11700
81300
12400
11700
13100
11400
11700
11500
13000
11900
11700
12900
13400
12100
13400
12500
18200
13200
13000
13200
13200
13300
13600
13400
14800
13700
13500
13600
13100
13400
48000
105600
12700
12400
13000
10200
12200
10500
12400
13900
18400
14700
14400
16200
159100
18500
8900
9800
14800
7800
7700
8400
8100
8100
7900
27700
8000
10200
13300
9300
9100
10500
9300
9000
9000
9200
9000
9300
9400
9600
9700
9900
15900
10100
11300
12800
10800
10100
11100
9900
9800
10500
11100
10500
11000
10800
47300
11300
12500
23200
12700
12800
41700
16400
17800
67400
12100
16200
11900
13000
44400
55200
11900
12000
11800
11500
14700
11800
12700
11300
11800
11700
12100
12100
209600
11400
8000
14300
8600
8200
8400
7800
8200
8400
7500
24700
7700
7900
12800
9100
8900
9400
9200
8800
8900
9300
38500
9300
9200
9200
14600
9800
10400
9400
12200
10700
10500
11100
12100
11100
10800
11500
10900
10700
11800
11800
89800
12300
12200
11000
13000
11700
11900
11600
10700
64400
11500
12500
11600
13200
13900
16200
10700
11200
11200
11500
11300
11400
13300
12600
11200
11300
49100
14400
121100
9900
7200
13800
7800
7900
7800
7700
8100
7800
7900
22100
7900
9100
12500
9000
9100
9200
9200
8700
8800
9000
9000
11800
9500
10000
15000
10100
10200
10000
11300
10200
10300
10500
11300
10100
10300
10300
11200
10600
12000
11000
49500
16000
13200
11300
12600
11300
32900
11900
62400
151200
11600
15500
12100
14300
14100
10700
11500
11100
11000
11400
11000
11500
13900
13900
11600
13300
12700
12500
243900
21000
8700
8700
7800
10800
12100
9500
8300
11900
9300
8400
9100
9000
