89700
1067300
7800
6100
4600
5200
4800
11300
7700
5600
235600
13000
10200
142200
89300
186100
16200
13700
14300
15500
19000
16000
128500
34000
24600
219600
13800
97200
131000
131700
95700
14400
14000
17700
13800
218400
242800
220500
15600
21300
17600
16300
205600
56300
72300
163400
19300
311500
25400
28500
64100
20200
20000
18400
19600
71000
194500
22600
39000
208200
21500
21000
23400
52400
64000
67100
36300
32500
46600
35800
83900
47900
7400
7500
7900
9400
12200
22600
8500
10100
9300
9200
44900
9600
35200
146900
13800
12800
12500
13900
13000
13300
17500
14400
19200
116700
16700
75800
107200
102700
75500
18100
22800
20800
17200
256700
181300
98100
15500
17700
17200
16000
98100
25300
40800
111100
19400
115000
18000
20000
65600
24300
24100
19500
20900
54600
153200
24500
35800
206200
23000
22500
24600
54300
40800
22700
23400
23700
24800
27800
16900
5700
5600
5800
6000
6700
6800
13800
9400
7000
7400
67600
23600
7700
12900
20300
11600
14900
10100
16400
10900
11400
11900
22800
61000
12800
13900
49400
48500
54000
40800
14800
16500
16200
15200
75800
83300
71000
15500
21300
9000
6800
57600
10700
21700
64500
9700
69600
8500
9600
23300
12500
10100
8100
10000
31700
108300
11800
18200
105900
10900
10200
12100
26500
20300
10200
10400
10600
11700
10800
9800
3200
3000
3100
3000
3800
3700
21800
3600
3200
3500
11000
27500
3300
7100
23100
6100
19100
4700
23800
5300
6300
5600
27200
59400
6400
5000
70700
20300
46300
20200
6800
6400
6700
6800
14300
6900
6900
9300
221100
11700
28000
47900
12500
17100
64300
9400
58600
12200
9800
23700
9600
12700
14600
10100
23800
65000
11100
14900
80500
9800
9200
11400
21300
17200
9200
9700
9700
11100
9800
16000
13600
3800
2900
3000
3500
4000
4400
3500
3000
3000
3100
19200
3100
6600
8900
5800
4500
4400
4400
4700
5500
5300
7300
44300
6100
4800
38600
12900
29400
6000
6200
6100
6000
6700
6700
6000
6300
8500
57600
7700
33900
43900
34200
26600
8500
8200
9700
8400
57500
76100
47400
8900
10000
12800
31500
65500
11900
16700
80800
9800
9200
11300
20700
16600
9800
9800
9400
11400
9700
6500
6200
2800
5500
9900
3400
3500
2900
3700
3000
3000
2900
12700
3100
6200
8300
5400
4700
4100
4600
4500
5300
5200
4400
40400
5700
4500
31300
12300
24700
5800
5900
6300
5900
6100
21700
6500
6700
8700
56900
16700
28800
35600
33400
22500
7900
7700
8900
8900
47000
54500
48600
9000
9900
9800
22500
49900
11200
24100
45000
10900
46500
9300
14000
30500
10800
11100
9300
11000
40100
12800
6600
6300
6900
7300
6500
6300
6500
6700
6600
6600
6600
7500
95400
9100
8500
8000
53000
10900
8300
107600
8600
11100
8700
50100
10200
8900
8800
13000
41200
10200
11300
10900
54400
10400
10700
12200
10600
46400
10700
10500
49700
20700
30600
50700
10600
12500
12300
10800
12200
11000
14700
13000
10800
73800
68700
101600
20100
9300
15000
11100
9300
9400
9300
9600
15200
9600
9400
17900
11200
9000
7000
6500
6400
6100
6600
9500
6800
6500
50400
6500
17400
7200
7500
9500
8800
8900
29100
8600
8400
69700
8200
9200
8100
36100
9500
8400
8100
12000
26700
9500
13100
9600
32600
10000
9800
10600
9500
36100
9900
9700
39700
12400
31000
50000
10600
12300
12100
11000
11900
11000
12200
14900
10900
75400
70500
97100
19600
9100
14400
11200
9400
9500
9000
9600
15800
9700
9200
17200
11200
8500
6700
6700
6200
6800
6300
7000
6900
6500
33900
6400
7000
7100
7000
8700
9400
8400
8000
8900
7900
8500
34200
27300
8100
10800
8700
9400
73000
12000
26100
9600
10500
9700
36400
9600
9800
10600
9700
33300
11400
9800
39300
12200
28500
116400
38300
24800
17600
13200
18300
16700
20200
16500
15700
83700
90300
102500
20900
11200
15500
12600
10000
10300
13000
9900
15400
9500
9500
21300
19200
10200
11300
6700
6300
17100
6700
14600
14100
33300
7200
7000
10600
9500
7200
8800
8200
8700
7900
10900
8200
53700
8300
8100
8400
8300
9100
9600
45100
10800
9600
9600
28700
32800
9600
69500
9800
14200
9800
55400
12300
10600
10700
13900
30500
51500
13400
12200
12200
11000
12100
10800
13800
12600
11000
72600
73500
97800
20500
9200
14400
11600
10100
9300
9300
9200
15300
9600
12300
17100
11600
11000
7400
12800
6800
7800
19700
7800
7500
6900
7200
6900
7800
7200
7600
9200
10600
8800
12200
9100
7900
37600
25900
8100
8200
8200
8400
9900
42800
10400
12500
33000
28600
9700
9500
64100
9900
12800
10000
60600
11300
44600
10000
16500
52400
11200
14900
10800
34200
11000
28400
12400
10800
36900
11100
10700
41700
98600
20600
10000
15400
12200
11200
11100
9400
10500
16500
10600
9500
19900
13200
10300
10600
6700
6200
6300
6100
8100
6800
6300
6500
7000
7100
6500
6900
8700
8800
8100
7800
9400
8000
8100
8600
10800
8000
8200
8500
9300
42600
10300
9400
9500
29000
49100
12100
63700
9900
11800
9700
37400
12500
24800
34300
17500
28400
14200
11800
27000
33600
10900
11200
12200
11000
70600
11900
13100
46400
104600
15400
21200
10700
12500
12500
13100
13100
10500
11900
12700
10300
30500
31400
13100
9100
7400
8800
7600
6800
6800
7600
7400
6600
6800
6600
6500
7600
9800
28500
9100
7800
8700
26800
7900
8800
8200
7800
7900
8200
34400
8200
11100
9700
10500
9400
9500
11200
11600
9900
28300
10600
10100
9600
13300
11200
12800
10600
10700
11200
47300
10800
12400
12300
10800
12800
10600
48700
48800
11100
74000
9500
9000
9300
9100
9500
17800
11500
9300
9300
12000
11500
9700
24800
11100
6800
6200
6400
6300
6300
7000
6300
6400
6300
6900
6500
6800
6700
8600
32400
8900
7800
8800
27700
9000
9000
8100
8000
7900
8100
32600
7900
10700
9700
12900
9300
9600
9500
10800
9800
27500
11100
9700
9900
10500
11900
12800
10600
10500
10700
51800
10900
12100
10800
10800
15300
10800
45700
48100
11100
79000
9400
9100
9000
9100
9100
17200
12700
9600
9100
13800
11700
12600
30400
13200
8900
41000
8600
8500
9300
30700
6600
6300
6500
6500
25800
7200
6600
8600
7900
7900
8300
7800
11500
8200
8100
9100
8000
8000
8100
10200
9200
10400
9700
10300
9300
9500
9300
11000
9500
33000
10600
11400
9700
12100
10900
12500
10600
10500
10500
48100
10600
12000
13300
10700
12200
11100
46300
53000
10900
73400
9400
8800
9300
9000
13100
17300
11100
9700
9300
9900
11700
9700
24100
11100
8400
6600
6300
6300
8200
6700
6300
6500
6800
6700
9400
7700
6600
8400
27400
8100
8300
8300
8100
8100
8200
9100
8300
8200
8100
8300
9200
12900
30800
11000
9900
11000
30000
9300
10700
9500
9800
9700
9900
34800
12400
12700
12300
10700
10800
46900
10600
12000
11200
10800
12200
10800
48700
50300
11200
72100
9200
9100
9200
9100
9200
17100
10900
9200
9200
9400
14200
9300
24300
9900
6300
6500
6300
6300
6100
6200
6600
6400
6800
5500
5700
16800
9000
6400
29600
8500
13100
7000
6100
6600
6100
7500
6300
6100
6100
43500
7300
7800
26200
7900
6500
10300
26900
6800
7400
7200
6400
6700
42000
30100
6800
8900
6900
11100
6700
7100
7500
8500
8300
48300
8400
8400
7000
8300
8300
70300
4700
4200
4400
4300
4400
12700
5800
4400
4600
4400
6500
4800
19600
8900
5500
5200
8400
6000
5200
5300
5200
5800
5300
5500
5600
5900
6300
6500
6100
6500
5900
6100
6000
6600
5900
8800
6100
6600
7500
6100
8500
7700
29900
8500
7300
8400
29200
7600
9000
7000
7400
7600
9700
31300
45900
8000
6600
7700
6700
6700
6600
8300
6600
27900
7700
6700
6600
7700
8200
69500
4500
4200
4400
15100
4300
5900
6300
7300
6500
12500
16300
17800
5200
8800
5200
5500
5200
6300
5500
5200
5600
5300
5800
5500
34700
7200
8400
6500
5900
6000
6100
6500
7000
6000
7100
6100
6100
6400
7100
6100
6300
7900
17700
6400
29300
6400
6800
7700
7200
7400
6900
6600
6800
6700
6800
23800
6800
6600
9200
8400
6800
7500
6700
6600
6800
6500
6700
6700
6700
66800
4300
4400
6000
4600
4200
8300
4400
14100
4300
5800
5700
4700
4300
8200
5300
5600
5500
5100
5300
5100
5600
5700
33900
5200
5600
8100
6300
6600
5900
5700
5800
6300
5900
6000
6700
5900
6000
6000
6900
6200
6100
7300
20500
6500
25700
6500
7700
7600
6500
7600
6500
6800
7500
7300
6800
23600
6600
9100
6500
8400
6600
7500
6600
6600
6400
6500
6800
6700
6400
67400
4200
4200
5700
4400
6900
5300
4400
13700
4400
5500
5900
4800
4300
8000
5400
5800
5400
5100
7100
6800
5700
5400
10800
5500
5600
5400
9900
6500
6100
6100
5800
6600
5900
6000
6100
6000
6800
6000
35500
6200
6100
7100
20300
6500
26400
6800
6600
7300
6600
7500
6600
6600
6800
6800
6600
25700
6400
6600
6500
7500
6800
7700
7200
6700
6600
8000
6700
6800
6600
66500
4500
4000
8400
4300
4300
5200
4400
13900
4400
5500
5600
4500
4200
8300
5400
6100
5600
5300
5400
5400
5500
23600
8200
5400
5700
5600
6000
6300
15600
5900
5900
6600
6000
5900
5800
6000
6500
6200
36800
8800
6200
7100
6400
6500
6300
7500
6300
6500
7500
6600
7400
6600
8100
6800
6700
25100
6400
8300
6600
7600
6700
7500
6700
6700
6600
6400
6700
6700
6700
65500
4400
4500
8700
4500
4200
5300
4500
13200
4400
5400
5600
4400
4200
6900
5400
5400
5400
5100
5500
5500
5400
5400
5400
8200
5600
5400
5900
6300
5900
6500
5800
6400
22200
5900
6000
6000
6600
6300
35100
8700
6300
7000
6400
7500
15200
7700
7100
7100
7900
7200
14200
7200
8600
7200
7300
8400
21600
6900
41000
7100
7100
8300
9700
7800
6700
6600
6900
6700
6900
68400
7000
4100
6100
4300
4300
5600
4500
13100
4400
5500
5700
4300
4500
8100
5600
6200
5400
5400
5200
5400
8500
5400
5600
5300
5700
5600
6000
6400
5900
5800
5900
6500
6200
6300
6000
6100
6800
6300
38700
6200
6700
7500
6600
6600
6600
7300
6700
6500
7600
6500
6600
7400
8100
6900
7000
10300
17700
6500
25800
6300
6600
7800
6600
7800
6700
6600
6600
6700
6800
82900
4200
4200
4100
5700
4400
5800
5400
4600
4200
4500
4500
13300
4500
8500
5300
5500
5500
5200
5300
8900
5600
6000
5300
5400
5400
5500
5600
6500
7000
5900
5900
21900
6500
22900
6100
6600
7600
8500
6100
6100
6800
7300
7600
6500
7500
7300
7300
6800
6600
7300
6600
6800
6800
10800
10200
9600
7500
7600
30800
7700
8900
7700
7600
8100
6800
7600
7800
7900
9700
67000
4400
8000
4500
4500
4300
4400
5700
4700
4600
6800
4700
6000
4900
8200
5400
5300
5100
8000
5400
5400
5200
6000
5500
5700
5900
5600
5700
6200
6400
6000
7200
21300
7000
21800
8600
6600
6000
6100
6100
6400
6600
7300
7500
6800
7300
7500
7300
6700
6600
7300
6600
9400
6700
6700
7500
7700
6600
6300
29900
6600
7700
6700
6600
6400
6700
6700
9900
6800
6600
184200
15700
19700
9000
8300
8600
8500
14300
21400
8500
11200
12300
11600
14700
14400
71200
10900
11100
10000
9800
10300
10600
11600
18100
12000
16000
10800
10800
13100
11100
12700
45400
13800
15200
11600
12000
24400
12400
12400
13100
15400
11900
14200
13300
12900
15900
17100
17500
13100
13900
19900
14200
14100
13800
14200
16600
15300
13000
13100
55200
12300
18300
12400
14800
12100
12800
11900
11400
12000
13800
126600
8200
15300
7900
7600
8100
7800
11600
7800
8000
14900
7900
10900
8600
13400
10000
9600
9600
12700
9600
9300
9600
11800
10500
13900
10900
10200
10200
12500
10700
16600
11600
10700
10500
12300
10900
10700
10800
10600
10900
11200
11100
12200
13600
11700
11400
43100
17700
44800
12000
13900
12100
11800
12300
12200
13300
14700
11900
11600
61700
15600
13400
12100
11800
11700
12100
11900
11800
11900
11900
143800
10100
15500
7800
7800
8100
8100
14800
8100
8000
10600
8500
11100
8800
12500
9400
10300
9900
10200
9900
10300
10100
10800
10500
10600
11500
10900
10700
15300
15000
11900
11400
11300
11500
11800
11900
11800
11500
11800
11800
11700
12000
13500
13700
12400
12600
43000
17300
43500
12700
13100
11700
12400
13000
14900
14600
14700
14000
12400
14300
14100
17900
12700
13000
14200
56700
12400
12500
12300
14400
139400
8800
15200
7500
7600
7500
12600
10000
8200
7800
9900
8200
11400
8300
12100
9400
28900
8400
9400
9200
9300
11400
9900
10000
11500
15700
10800
10800
12600
10900
11400
13900
10500
10400
11700
10700
10600
10300
10600
11000
10900
10800
12700
13600
16400
12600
45400
14000
45400
12900
14400
12000
12300
12300
12700
14500
14300
18000
12400
14100
14000
13100
13200
13400
14100
12900
12700
13000
13100
13700
153900
8100
11800
20600
8300
24100
8300
7700
8800
8300
7600
8400
8300
8600
14400
9500
9200
8900
9000
8900
9500
9000
9300
9200
9900
9700
9600
10900
15300
10500
10900
10600
11200
10600
11200
10800
11000
10500
11700
11100
11100
11400
13700
11900
15000
14300
11800
16800
10800
12900
11800
71700
12200
11900
11600
81300
14100
11300
10900
11400
12400
16100
12800
11800
12400
11700
12700
12900
11900
11700
128400
8200
7700
23200
7800
8800
22900
31700
8300
8300
9400
8200
8500
7900
12000
9500
9600
9300
9000
9200
9300
9400
10600
9500
9600
9900
9700
10000
11100
10400
15600
10700
11000
10600
10800
10800
10100
10800
10600
10700
11600
10500
12700
11400
12100
12500
11200
12000
11300
15700
12000
77500
14600
11700
11500
77200
13900
12300
12000
12200
11600
12900
13300
16900
13600
12600
12800
12300
12000
12400
141700
9500
8000
23900
16600
9000
11100
26200
8100
7900
13500
8400
7800
8600
13200
9500
9600
11000
9100
9600
9500
10000
9500
9400
10600
10000
10300
10400
11400
10300
13700
10400
10600
12700
13300
20000
10600
11900
15500
13700
14400
16200
19200
16900
18700
19900
14000
13400
13700
13700
13000
70000
12300
12500
12300
85300
14300
11200
12000
11800
11800
12400
14500
12100
13000
16700
13300
12500
12100
12200
134300
8400
7900
24100
7900
9300
10800
27500
8400
8900
9300
8700
12600
8600
13100
9700
9600
9800
9500
9800
9400
9600
9500
9200
62500
10500
10300
10300
12100
10900
13100
13900
11300
15300
12400
11100
11200
11400
11500
11400
79700
11700
12800
11900
13200
11800
11800
11800
12200
11600
15400
11500
11800
11700
12700
12300
17000
12000
9800
12100
11600
11700
14900
13000
13000
12200
13600
11900
15300
12000
126800
8700
8100
24300
7800
9100
10500
28900
8800
8000
9300
8600
8500
8000
13300
9300
14100
9900
9300
9400
9500
9700
9500
9700
9700
9900
9700
10900
11500
10600
11000
10600
10900
10400
11400
10700
11300
10700
11000
10800
11100
11500
15700
11700
13200
11600
12700
11700
12600
12000
12000
12200
12000
12200
13000
12500
13300
15600
13200
14000
14400
14200
11600
12800
11900
67400
12100
12400
12100
81600
136200
8300
7700
22400
7600
9000
10500
25700
8200
8100
8900
8600
10200
8500
12100
9500
9400
9400
9900
9500
10500
9600
9600
9800
9500
10100
9800
10000
11600
10400
11500
10900
10700
10800
11400
10500
10500
10700
10900
11000
11100
14800
12100
11600
12200
13200
15100
11700
12200
12000
12600
12100
11700
13000
12100
12000
13200
11600
12700
17700
11700
12600
12600
12700
11900
64800
11700
12000
13900
84500
123300
13300
7600
8000
7600
8000
8900
8100
10300
8200
9100
8200
24000
25800
14800
10100
9800
9600
9700
10000
9700
10100
9600
10100
9800
13800
11100
10100
11400
11500
12200
12900
11600
11100
11500
10800
11100
11100
11000
11500
11200
11800
13400
11700
15200
11900
12000
11900
12100
12200
12400
12200
12100
12100
12300
12100
13400
11900
12700
11600
11500
13100
14000
15900
11900
11900
13700
12900
12000
12100
132600
8900
8000
8000
7600
7800
8100
7800
9500
9000
9400
8100
9300
12600
12400
9900
11200
9300
9800
9700
9800
9600
9800
10000
9500
10300
9800
10300
11500
11300
10400
10500
11900
10900
10500
10900
15000
11200
11000
11800
11400
11600
13100
11600
11500
11700
12600
18800
15000
12700
12700
12700
15300
11900
11900
11800
17400
11600
11600
11400
11900
13000
12000
12000
12000
11700
12400
12200
12100
12000
138900
8100
7600
7500
11400
7700
7800
7700
9300
8000
9200
8200
9100
8300
12800
9800
10200
9500
10200
9800
9700
10200
9600
9700
10200
10000
9600
14300
11500
10900
10400
10900
10800
10800
10500
13300
11200
11100
10900
11300
12000
11600
13000
11700
11500
11600
11700
15300
11900
11900
12000
12300
12300
12000
11800
12300
14200
12100
11700
11600
12000
13000
12100
13800
12200
13600
16100
11900
11700
12100
132700
8900
7700
7800
7600
7600
8100
7600
9200
8000
9100
8300
9000
7300
12000
9000
8700
96800
13000
14000
10100
10200
10200
10200
24000
12000
27300
29000
19400
11800
11700
11400
14200
10000
9200
6400
6100
7000
6300
6100
12100
6500
7200
7100
6500
6600
7300
6500
6600
6700
6700
6400
6600
7200
6700
9900
8000
6800
9600
8100
6700
7400
6800
6500
6700
6700
7200
6500
6600
6800
70100
7100
4100
4300
3900
4200
4400
4100
5300
4700
5400
4700
5200
4900
8200
6000
5400
5400
5500
5500
5200
5400
5300
5500
5400
5400
8300
6000
6400
5800
5700
5900
8000
6100
5800
6100
6100
6100
5900
6700
6700
6500
7000
6900
6400
6400
6900
6400
7000
6600
6700
6300
6700
7000
6700
7200
7500
6500
6500
6600
6700
6300
6700
6600
8200
7500
6500
9600
9200
9000
69900
6600
4000
6300
4000
6200
4200
6300
7400
5400
7100
4400
5800
5300
10200
5600
5500
5200
5700
5500
5200
5400
5300
5400
5300
5700
5600
6300
6200
5900
5700
6000
6000
6000
5800
6100
6000
8600
5900
6100
6600
6500
6900
7100
6500
6400
6900
6700
6900
6700
6700
7200
6500
7200
7100
7100
10100
6600
6200
6500
8600
6600
6700
6400
6600
6700
7200
6700
6500
6600
63900
4400
4300
4400
7200
5200
4300
4400
4400
5400
4600
4400
4300
4500
8900
5700
5200
5500
5300
5400
5600
5800
5300
5300
5500
5500
5400
5800
6500
6100
8900
5900
5700
6000
5900
5800
6700
6500
6100
6200
6500
6100
7600
6400
6400
6500
6500
6400
7100
6600
9300
8600
6600
6500
7200
6800
7900
6700
7000
6900
6600
6800
6400
6600
7300
7200
6800
6700
6600
9900
66900
4200
4200
4200
5000
4400
4200
5900
4400
4400
4400
4500
4500
4400
8800
5300
5200
6400
5500
5300
5500
8200
5300
5600
5700
6100
5600
5700
6400
5900
5800
5900
5500
5900
6000
5800
5900
6500
7500
6200
5900
6200
9700
6300
6300
6600
6500
8000
7100
7000
6600
7600
6700
6500
7100
7200
7900
6500
6300
6500
9200
6600
6400
6600
7200
6600
7200
6600
6500
6600
66100
4100
4200
4100
5200
4300
4200
5300
4100
6900
4200
4500
4500
6400
8700
5300
5300
5300
5200
5300
5000
5300
5200
5900
5300
5500
5600
5500
6100
5900
5800
6500
5900
9400
6400
6300
7700
6200
6000
5800
6100
6500
7200
6200
6200
6600
6300
6200
7000
6500
6600
6800
9200
6500
7200
6800
7700
6500
6300
6300
9000
6400
6500
6500
7800
6500
6600
6500
6500
6400
66200
4000
4400
4100
5200
4300
4300
5000
4800
4500
4400
4300
4500
4300
7600
7800
7200
5400
5200
5800
5300
5200
6600
5700
8500
5900
5700
5600
6200
6100
6100
5700
5800
6000
6300
6400
6100
7700
6400
6100
7600
6600
7200
10200
6400
7500
10500
8300
9100
9300
10900
8800
6700
7000
6700
7000
9800
6800
6500
8500
8000
7100
9200
6500
8400
6700
6800
6700
7000
6500
66700
3900
4200
4100
4700
4200
4400
4900
4200
4500
4300
4200
7100
4400
7500
6400
5400
5300
5400
5500
5700
5600
6000
5500
5500
5800
5400
5500
6100
6200
5800
5800
6000
6000
6400
9400
6000
6100
6000
6100
5900
6400
7400
6300
6700
16000
6500
6600
14500
7200
7000
7800
7200
7200
7800
10100
10800
6600
6600
7300
8800
6700
7400
6500
6700
7000
6700
6600
7400
6600
64300
4000
6900
4200
4700
4200
4200
4900
4200
4400
4300
4200
4400
4200
7300
5400
5100
5200
5300
5300
5200
5400
5400
5500
5500
5900
5600
8300
6100
6000
5900
6000
6200
6700
6300
6400
6600
6000
6200
6000
7000
8200
7100
6600
6300
6500
9000
6600
6300
6500
6400
7300
6600
7300
6700
6800
7500
6300
6400
6800
6900
6600
7500
6800
6800
9700
6700
7200
7200
6900
63100
4500
4100
4400
4300
4300
4400
4100
9300
5000
4600
4300
18600
4900
9600
45500
5400
31400
5300
5200
5300
5300
5400
7100
5600
5500
5800
5700
21700
5900
6000
6000
6000
6800
6100
9000
6200
6200
6000
6100
6600
7000
7700
6900
6500
6500
6900
7000
7000
15300
6800
17000
6800
7000
7700
10800
8500
6800
7000
6900
7000
6900
7500
6600
6800
7500
6800
6500
6700
6700
65900
5700
7100
4300
4500
4200
5300
4300
4300
5500
5400
4400
4600
4400
7800
5500
5100
5500
19200
5200
5200
5200
5400
5400
28700
5700
7600
7600
19000
5800
6000
5900
5700
5900
6100
6000
6100
7100
6100
5700
6200
6800
8100
7300
8300
12900
10600
7800
9500
7600
6600
7300
7500
9500
10000
9900
8600
9200
7300
7300
6300
9600
6600
6500
6400
9400
6600
6700
6500
6800
64700
5100
4000
4200
4200
4100
5000
4300
4000
8300
4200
4900
4100
4400
8600
5700
5200
6900
5500
69300
5500
7100
5900
8800
7200
7600
8400
10100
9500
23700
12200
40200
6300
5900
5600
6100
5900
6700
5800
6100
6700
6300
6900
6400
6300
6200
6300
6900
9300
6400
8600
6700
6500
6300
7200
7100
10300
6300
6500
6200
6400
6500
7100
6300
6500
7200
6600
9200
6400
6600
64200
5000
4200
4200
4100
4100
6700
6000
4100
5300
4200
4400
4200
5000
8400
5500
5200
5400
8200
5400
5300
5100
5400
5500
5300
5700
5600
6700
6600
20900
5700
27200
5800
6000
5900
6300
5800
9100
6100
6300
6700
6100
19200
6200
6500
6500
6400
6400
6400
6900
6800
6700
6400
6400
7000
9900
7700
6400
6300
6600
6400
6500
6300
6500
6500
7100
6600
6400
6600
6700
67000
18600
7400
4400
4600
4600
5100
4400
4400
5600
4600
4600
4700
4500
7600
5900
5500
5800
5500
6100
6800
8200
5300
5300
5800
5700
5500
9100
6500
18300
5900
25200
5900
5900
5700
6100
6100
6000
5700
6100
6500
6200
21700
6400
6500
8100
6300
6300
6600
6400
6300
6600
6600
6400
6700
7100
7500
6300
6400
6500
6900
9600
7900
6700
6500
6400
6500
6500
7200
7100
65800
4900
4100
4000
4300
4100
4700
4400
4300
7800
4100
4500
4300
4200
7400
5900
5300
5500
5100
5200
6600
5600
5300
5600
5500
5700
5600
5600
6800
46000
5900
28600
6000
5900
5700
5900
6300
6100
5900
6100
7700
6400
18700
6300
6600
6600
6500
6400
9700
6800
6600
6400
6600
6600
6800
7400
7300
8200
6600
6200
6400
6900
6500
7800
6500
6400
6500
9200
7200
7300
64100
4100
4400
4100
4500
4200
4500
4300
4300
5200
4500
4400
4300
4400
9100
5300
5300
5100
8900
5100
5200
5200
5500
5200
34800
5400
5700
6100
6800
6000
5700
5600
5700
5800
31800
6800
8700
5800
6200
6100
6100
6300
7100
6500
6900
6500
6400
6500
6700
6200
6800
6600
9200
6600
6500
9700
7700
6600
6700
6700
6300
32000
6600
6300
6600
6500
6700
6500
6400
6800
64000
6700
4100
4300
10500
4600
4100
4200
4100
4200
4400
5500
4400
4400
7700
5400
5300
5300
5300
5200
5300
5300
5300
6800
5300
5400
10800
38600
7000
6500
6300
6500
6400
6100
33200
10800
6000
5800
9200
6200
5900
6300
10500
6900
6800
6600
6200
6400
6400
6400
6900
6400
7100
6700
6600
7000
7700
6100
6600
6500
9300
31700
6600
7800
7100
6500
6600
6500
6400
6900
67100
4100
4200
3900
9800
4600
4000
4200
4000
6700
4500
4900
4200
4300
8000
5300
5500
5200
5300
5100
5300
5400
5300
5500
5100
5800
5500
5700
6000
5800
6000
6000
8900
5900
6000
6100
6000
5900
35400
6100
6500
33900
7000
6900
7000
6600
6200
8400
9900
6700
8700
7100
7300
6800
7800
7000
7600
6100
8200
6500
6300
31400
6500
6500
6500
9200
6700
6500
6700
6700
65800
5500
4200
4000
9500
4200
4000
4200
4300
4000
4400
5000
4100
4400
7900
5200
8200
5100
5200
5200
5200
6000
5300
5300
5100
5500
5500
5600
5900
5800
6000
6000
5700
5800
6100
6100
5900
6000
36400
5900
6000
6000
7400
6800
6300
6300
6500
6400
33600
6900
6600
6400
7000
6700
9800
7300
7900
6700
6500
6400
6400
143200
6500
6600
6500
6400
6500
6500
6300
6500
68500
4200
5000
4000
11800
5100
4000
4900
4800
4200
5100
5700
4500
5200
8400
5200
6000
5100
6000
5100
6100
5200
6300
6000
5400
8300
5200
5600
6000
5700
6000
5800
5800
5800
6200
6100
6000
6000
33500
6000
6000
5900
7400
9400
6200
6300
6400
6100
31600
6700
6600
6400
7000
6700
6700
7000
7500
6400
6900
6600
9100
6500
6400
6400
7000
6700
7600
7000
30500
7100
65100
4100
4200
4200
9200
6500
6800
4100
5600
4800
4400
5000
4300
6100
7100
5300
5400
5100
5300
6600
5200
5300
5100
5300
5200
5400
5400
5300
6000
5900
5800
8500
5800
5800
6100
5900
5900
6100
34700
6000
5900
6100
7100
6600
6300
6300
6800
6400
35500
6900
6500
6600
6900
6600
6300
7000
7500
6300
9400
6500
6300
6400
6400
26700
7000
6500
7000
6500
6800
7100
63500
4100
4200
4200
4100
12600
4800
4400
4300
4200
4400
4300
4400
4300
