56100
16100
4900
26000
5200
4600
5000
5000
5600
5400
9200
10400
9500
7200
1542100
20900
164600
15500
20400
144800
17200
24800
186100
52500
15500
15400
145600
15900
116800
48700
45400
28300
414400
216300
135800
135100
143600
20000
20100
19600
17900
20000
98300
32300
102900
94100
30500
192700
24600
248400
107800
18300
206600
37800
19800
17800
29000
142700
121100
36400
21100
24400
29000
27500
27500
382000
124700
208800
30500
42000
23800
9100
7500
8000
7500
7000
9100
8700
8700
15100
14000
9900
11300
10500
32300
12500
62400
12700
14600
63600
13100
14400
87000
30600
13900
14800
62500
14800
69200
31600
31000
18900
73600
133200
83900
94200
84600
18100
18600
18900
18600
19900
79100
48900
112300
117600
36600
98500
23300
180500
91400
25000
199600
51600
27000
24700
33200
182800
126900
30900
13600
14300
17600
15700
18400
181200
39200
45400
17900
18100
6100
14700
15000
4400
4400
4500
4300
17200
4700
4900
5900
4800
6200
7500
53800
12700
7300
9600
32600
45700
13000
7800
20100
7300
8800
7700
8100
7300
54000
22000
24000
11500
55400
93800
59000
67400
64200
10000
10400
10300
10000
10800
46300
24400
71600
75700
14200
84600
14300
260900
95900
14400
266100
28600
12500
12800
21600
86000
81400
23900
14900
16300
18100
17300
17500
127700
33300
32000
22600
17800
6400
15700
12900
4500
4200
4700
4500
15700
4900
4900
6500
4800
5900
4900
59200
7000
6900
10300
28400
61500
7100
14300
7300
7300
9400
7000
8200
7300
18700
9800
34300
9000
12100
57700
9300
10400
108700
26700
9800
27500
37900
9300
52800
18000
46100
52700
15700
57300
12000
96700
57900
19100
113000
23200
11300
11600
18700
101800
78400
23600
13600
14100
17200
16700
17300
104300
27400
27900
14700
22700
5900
17900
16400
4400
4100
4100
4200
21500
5100
4500
5900
5300
5400
4900
47000
10800
7000
9500
52400
17600
7000
7700
138600
7700
8200
8300
6400
5900
15200
6600
47600
7900
10900
36100
7100
6600
45600
18900
6500
25900
25800
6800
36100
18900
23500
8900
26100
88100
25500
26100
26400
8200
7700
8200
7500
8000
16200
43700
42100
13400
8700
9100
10500
10800
10700
51600
16100
16000
9300
10800
4100
7400
3000
2800
2700
2900
3300
4000
3300
2900
3800
3600
4500
3100
19900
13100
4300
6200
4500
4600
4400
4900
4900
4500
5700
4700
5100
4700
22200
6200
17900
5800
6900
20800
6100
6100
24000
28400
6200
6800
21200
6400
25500
11500
15200
8900
23300
35100
28600
26700
26900
12500
7500
8100
7500
8000
31600
25900
26600
28300
11100
32500
11000
57900
38100
9700
78300
36200
9500
9400
11100
6200
7700
6700
6300
6000
6400
6300
6100
6300
7100
7300
6700
6800
98200
22600
16800
15800
15400
16600
126700
118500
15900
92800
12600
9900
9300
10900
83800
10900
10700
10800
10400
10700
10500
10500
62600
11800
10900
13000
55400
13100
23300
17300
49800
11300
13200
11500
45400
12900
11700
11800
13700
12000
11500
114700
135900
16900
9600
15800
9100
9800
25100
11100
9400
9600
13700
9500
9700
18200
11900
7300
7400
7200
7700
7300
7600
7200
7400
7100
7800
7800
7600
7500
23400
9300
14500
10900
8900
9500
40300
47100
9200
39300
9900
9300
9400
9100
61100
10600
10700
10400
10400
10700
10600
10300
57500
10800
11000
11500
52300
16900
14700
11600
45100
11500
12900
11600
44400
13700
12500
12000
13200
11900
15700
109700
127300
16100
9100
16100
9100
9600
29100
11100
9400
10000
10200
10600
9500
18100
11300
7400
7300
20800
8100
7400
7200
7600
7200
7400
8300
7700
7800
11400
9500
9000
8900
9000
9000
39400
8900
9100
39500
9100
10000
9600
51500
9300
57400
10500
10700
11500
10300
10800
10600
10600
44800
10700
10700
11000
55900
11900
14400
11400
44600
11300
12900
11600
44800
12800
15600
11600
12800
11700
12700
107400
125600
15800
8900
15300
10300
9300
27200
12100
9100
10300
10100
9500
14000
20500
14500
7100
9700
7500
8600
21700
9800
9700
7200
9600
9000
7300
11800
7400
9100
9400
8700
9400
9800
8600
8600
8800
9100
83700
9900
9200
38900
9200
24200
11500
12100
10300
10300
11800
41500
68200
14300
53800
12300
11700
10500
12100
15200
11200
45500
12900
12400
13100
50600
13400
13300
13900
12600
12000
11900
115200
124800
20000
9200
15200
10200
9400
24200
11200
9300
9500
9200
9600
9600
18700
11700
7300
7400
8800
8400
7700
7300
11500
7300
38900
7900
9400
7900
39300
9500
8900
8900
8900
8900
9500
9100
8800
9200
10100
13900
9400
9700
9500
23100
11700
12200
10700
10300
12900
54300
49900
58700
40900
11800
11000
69800
10700
60500
15900
11800
11300
11400
11900
11500
11800
46100
13400
11900
12200
52800
13500
131000
15700
9200
15500
9100
9200
23700
12100
9300
9500
9200
9700
9600
18000
10900
7500
7000
7100
8100
7100
11600
7200
7500
7100
8100
7500
8500
8300
9100
8800
8900
8800
8900
8800
47100
9000
9800
10200
9700
13300
9000
9300
22900
11400
12300
10300
10400
11500
40800
49000
12100
46600
12100
11000
16600
9500
59700
13100
11600
10800
10200
10500
10100
10600
39300
33100
10300
32100
40900
11800
70100
13900
16200
17000
10800
10700
16200
11000
11100
9500
10600
9400
18900
32600
9500
6500
6100
6900
6600
6100
6300
6100
10700
7100
38500
6500
6900
6900
31300
30400
7800
7900
8100
9100
7900
7700
13300
9100
7900
7800
7900
8300
10400
9400
9400
9400
9200
9700
10100
9400
9700
10700
41700
40100
9800
42800
12500
12700
12300
10900
11500
10600
10400
10500
10300
12400
10300
14300
10700
36900
91100
9300
9700
13100
10700
9400
8800
14300
15800
9400
9000
9300
13200
19200
10800
6200
6300
6300
6500
6700
6100
7300
6300
6100
6900
36300
8800
6900
29200
33200
7700
7700
7800
9100
7900
7900
9200
8400
7800
7900
8000
8400
10300
9400
9600
9100
9400
13800
9500
9200
10000
9500
43500
36400
9600
42600
12100
13300
10300
14400
11800
10700
10100
10700
11400
12300
10600
10900
10800
36100
124500
9800
9100
17500
11000
9500
9100
14500
15600
9500
9200
9200
10000
17800
9800
6200
6200
6100
5500
5300
5100
10800
5400
5400
6100
5300
9800
31200
6500
6100
5900
6500
6000
5800
6000
6100
8000
6300
35500
6100
6700
31600
7500
6700
6400
6500
6500
6600
7000
6600
6700
6500
47000
34000
6600
44600
7800
7900
6700
6300
7600
6300
6700
6600
6600
8000
6700
6600
6600
37600
83500
4400
4300
8200
5900
4300
6200
9400
10900
4600
5000
4400
4500
12900
7600
9700
5000
5200
5300
5000
5500
5200
7100
5200
6000
5500
5800
5500
6100
5900
5900
6800
5600
5800
5900
5800
6400
6600
40200
7000
6600
6000
28000
27300
6500
6500
6500
7800
6600
34000
8200
7400
7500
7500
41300
40700
8500
8700
6300
7500
8100
7300
10800
6700
6300
8100
6600
6500
7600
32000
85300
4200
4300
7800
5500
4200
8300
9200
10800
4200
4200
4400
4300
13800
7600
5400
5100
5300
5300
5000
5300
5500
5300
5800
5700
5500
5500
5300
6100
9900
6200
6500
6200
6200
7800
6000
6500
6000
34700
6700
6500
6200
27700
32300
6500
6500
6500
7800
6700
6600
7300
6600
6400
6700
6700
6700
7600
6500
6700
35900
6500
6600
6600
6600
6600
6900
38300
33100
6800
40300
87600
5000
4000
8600
5300
4400
4200
9100
10600
4200
4400
4300
4300
12400
19800
5200
25900
5200
6000
5100
5500
5600
5200
5400
5500
5600
5500
5500
6100
5900
5800
6400
6000
5900
6500
6000
6500
7800
39200
6100
8500
6200
28100
31400
6500
6300
6400
7700
6600
6600
13000
6700
6600
6500
6700
6700
7400
6400
6500
6700
6400
32700
6600
34900
6700
6400
38600
37900
8600
39900
64500
5300
4300
4000
5200
8500
4200
4400
4400
6100
10400
4500
4600
13000
14400
6700
6300
5800
5600
6100
8500
5800
6000
5900
5600
5800
6600
7000
13200
6800
7600
6500
7100
6800
6600
7500
6500
7800
6300
6400
7100
6700
8100
7100
7500
7300
12100
7200
6700
7600
7900
10300
6500
6800
6800
6800
9100
21400
7700
6700
11600
22300
6600
8200
34000
6700
7800
6800
7800
6800
69900
4500
4700
4600
4500
4500
5800
4900
4800
4400
6000
4500
4700
5300
7400
5400
5200
5300
5400
5100
5200
5600
6000
9200
5200
5800
5800
5900
7200
5800
5800
5900
6500
6400
5700
5800
5900
6500
6000
6100
6700
6000
11400
7100
6300
6400
6500
6400
6500
6300
7400
7300
6800
7100
7000
7000
10000
23600
7400
6600
7400
23500
6400
7800
34600
6600
7700
6500
11900
6800
65500
4500
4100
4400
4200
4500
8300
4400
4500
4400
5700
4600
4500
4600
7600
5100
9400
5200
5400
5100
5800
5800
5100
5300
5100
5800
7300
6100
6200
6000
6900
5900
6000
7100
6600
13500
10800
6000
5800
6000
6100
6200
7100
6400
6300
6500
6500
6400
6400
6500
7300
7500
6700
7100
10900
6600
9000
20000
7600
6300
8200
22000
6600
8000
38200
6600
7600
6700
7500
6700
67900
4400
4300
4200
5400
4500
5700
4500
4400
4400
9600
4600
4600
4400
8000
5100
5200
5300
5200
5200
5100
5700
5400
5100
5300
5500
5700
5700
6100
6000
6400
5800
9800
7300
6500
6000
6500
5800
6000
6100
6100
6200
7800
6500
6500
6500
7400
6600
6400
6500
10600
9200
6600
6700
7300
6700
8600
19400
7200
6500
7300
21700
10300
7700
33400
6600
8100
6700
7600
6500
63500
4200
4800
4300
4100
8400
5600
4500
5000
4200
5900
4500
4600
4600
7200
5300
18600
5300
5300
5300
6500
6000
5400
5200
34200
6000
6000
6000
6300
5800
6800
5800
5900
6900
6800
5900
6900
5900
6000
6000
10000
6100
7900
6600
8000
18400
7600
6500
6500
6500
6600
7400
6700
6600
7600
7800
8500
7300
7200
7500
7300
7500
6500
7900
9400
8600
7500
7500
7600
7700
70200
4300
4100
4300
4300
4200
5700
4400
4500
4400
5600
4700
4400
4600
7100
5200
5800
5200
5300
5400
5100
10100
5200
5700
5400
5700
5800
6000
6100
5900
6300
5900
6000
6900
6700
6100
6700
6000
5900
6000
10000
6300
7700
6500
6600
6500
7200
6600
6500
6400
7800
7500
6400
6700
7400
6800
12100
6600
6300
6500
6500
6400
6500
6500
7500
8100
6600
6500
6700
6800
62900
13100
5500
4600
5500
8700
4400
6400
13900
4500
5900
4700
5900
5000
8200
5300
5000
5200
5400
5800
9700
5200
30000
5500
5400
5400
5400
5700
6900
6100
7400
6000
6000
6400
6000
5700
6000
10500
6000
5900
10600
6300
7200
6400
6400
6400
6400
21800
7900
6400
7200
6500
6700
8000
6600
6600
21400
7600
7700
6600
6400
6500
6500
6500
6500
6700
6700
26900
6800
6700
67200
4200
4200
4300
11500
4200
7000
4300
12500
5800
4500
13700
14500
5100
7400
5400
5000
5200
5500
9100
5300
5500
31000
5200
5400
5300
5600
5700
6300
5900
5900
5800
5800
6300
6000
5900
5700
6000
9900
6500
6600
6100
7400
6100
6200
6200
6200
20900
31900
6700
7200
6400
6500
6600
6700
6500
21800
7600
7900
6600
6500
6300
6500
6400
6500
6500
6800
27600
6700
6600
67400
4000
4100
4400
11500
4200
5300
4300
11700
6100
4400
13900
13900
4600
7600
5300
5100
9300
5500
5100
5300
5400
5300
5300
5200
5600
5400
6100
6300
5800
8000
5900
6600
6900
5800
6100
33600
7300
6100
6300
6200
6000
7400
6400
6300
6500
6300
24500
7700
7100
13800
7900
6800
6600
6500
6400
261800
12300
9600
9000
9900
8300
7900
8100
7800
8400
8200
103100
6800
6800
66300
4500
4300
4500
12300
4300
6600
4400
12200
6000
4600
13600
21300
4700
11000
5300
5100
5300
5700
5200
5300
5500
6000
5300
5400
5500
5400
5400
6400
20100
6200
6000
10700
6900
6000
5900
30500
6100
6000
17400
6300
6300
7100
6600
6500
6600
7100
7700
6900
10700
6500
6600
6600
6500
7400
6800
17600
7700
8200
6700
8600
6400
6500
6500
6600
6600
10800
26600
6500
6600
65300
4200
3900
4500
11200
4400
7600
7200
12000
5900
4400
18400
14200
4600
7600
14300
15500
5100
5600
5300
5100
5500
5200
5600
5300
5500
5600
5500
6200
7200
5800
10000
6400
6700
6000
5800
43600
6000
6100
6100
6000
6200
7100
6700
6500
6200
6500
7300
10900
6500
6400
7300
6500
6600
7300
6800
39800
6400
6600
6600
6600
21200
8100
10700
7500
6800
6700
7300
6500
6800
72200
4300
3800
4400
11000
4300
5200
4100
11700
9500
4500
13100
14400
4400
7800
5400
5300
5100
5900
5300
5100
7000
5200
5400
5400
5400
26900
5500
6100
10300
6500
5800
6500
6800
6800
5900
29500
6100
5900
7700
6100
6300
6900
6500
6300
6500
10300
7300
6800
6500
34300
6600
6500
6400
7400
6800
7600
6500
6300
6400
6400
24900
8000
18900
7800
6500
6500
6600
6600
6500
71300
5600
5700
4700
13800
4400
9700
4600
4900
21300
4400
10000
4400
4400
7800
5900
6400
5500
6200
5100
6100
5200
6600
6200
5200
6200
6600
6500
7800
10400
6100
6400
5700
6300
6000
7600
6700
6100
5800
6000
7900
9500
14100
11300
10300
6600
6600
54900
8100
6900
6800
34500
6500
6700
6700
6900
8100
6600
6700
7700
6800
11900
7500
31500
32800
6800
6700
36700
6700
6700
115700
4200
5500
4200
4700
4600
4400
5800
21400
5600
4700
5500
4800
4500
7400
6100
5300
9200
5200
5300
15200
5300
5900
5200
5400
5500
5400
6200
7100
5900
5700
6300
5900
7700
6100
5800
6400
5800
10000
6600
6100
5800
8700
6300
11600
6700
6400
20800
7600
7100
6500
33100
10800
6600
7200
6500
7700
6500
6400
7400
6500
7300
7600
31800
35400
6500
6500
49200
7900
6500
84100
4100
5300
4400
4300
4300
4400
5400
25600
5700
4400
5700
4500
4700
7400
5600
5400
5200
5100
5300
5400
5400
5200
5100
5200
5200
5400
6000
10300
5900
5600
6500
5900
13300
6000
5700
6600
6100
6000
6200
6700
6700
8500
6500
6400
6100
10300
20500
7900
6500
6500
32900
6600
6500
6600
6600
7600
6200
6200
11700
6300
7400
7500
31600
32000
6500
7200
100500
6700
7800
85000
4300
5300
4100
4300
4400
4200
5800
28500
5500
4500
9100
4700
4400
7200
9900
5100
5300
5300
5000
5500
5100
5300
5000
5400
5400
5300
5500
6100
19300
5800
6400
5800
5600
6000
6000
10500
6500
6000
5800
7900
6400
7800
6400
7000
15800
6500
7400
6700
6400
7500
37000
6700
6500
6600
6500
7600
7000
6400
7400
6500
7300
8800
30300
49400
6400
7200
33600
6600
6400
83000
4100
5300
4400
4300
4300
4500
9800
20800
5600
4400
5700
4400
4600
8300
5500
5400
5200
5100
5200
5300
5500
57400
5300
5600
5400
5400
6000
6000
5800
5700
6400
5900
5700
5800
6000
6500
6100
5900
6000
6600
6400
12200
6500
7000
7200
6500
7100
6600
6400
7400
6400
6500
7100
6700
6500
18700
10800
6600
6200
6500
20700
8400
6800
297700
39500
7200
7100
7200
7200
166600
4800
6300
4700
4700
4900
4700
5900
22700
6000
4600
5800
4700
9000
7900
5900
5500
5000
5300
5100
5900
5400
28000
5400
5200
5600
23700
5700
6500
6000
7800
6700
10500
6100
6100
5900
6800
6800
6300
6200
6700
6700
8200
6600
6500
7500
6400
7800
6600
10700
7400
6800
6700
6800
6600
7000
9900
6800
6600
6600
6700
21700
9000
11000
6800
96100
6800
6900
8000
6700
62200
4400
4500
6000
4500
5800
6100
16500
20700
5400
4800
13700
4700
4600
10200
5200
5400
5200
5400
5200
5400
5200
6000
5600
5300
5700
5900
5600
11400
6100
6100
6000
6600
6100
6500
5900
6200
6700
6100
5900
6100
35500
10700
7300
10900
6600
6700
6700
6400
7400
6800
6700
6500
6900
6800
6900
8100
6900
22000
6800
6600
6600
6600
11400
6700
6800
7600
6800
6600
6900
62000
5400
10600
4400
4500
4200
5400
4400
4500
11700
7400
5600
5600
4500
9300
5300
6200
5200
6000
6200
5200
6100
5100
6500
30300
8700
22700
11000
12700
7100
8800
6100
7500
11200
6800
6400
8000
8300
6700
6500
6300
42900
8900
7100
6400
6400
6400
6400
6600
11100
6300
6500
6600
6700
6300
7000
8100
6400
21800
6600
6300
7100
6700
6500
6300
6700
7500
11000
6600
6600
63600
5200
10800
4400
4200
4400
5200
4500
4300
11600
5600
4500
4600
4600
9300
10300
5000
5400
5300
5300
5500
5100
105100
5700
5800
5600
5400
5800
6300
5900
5900
5800
5800
6100
6000
5900
11000
5900
7900
6000
21700
6100
8400
6900
6500
6200
6300
6700
6200
6700
6500
6500
6300
6500
11200
7100
12200
9300
22200
6400
6400
6500
6500
6400
6600
6500
8100
6600
6300
6600
356500
5300
30400
4100
4400
4100
5300
4200
4400
15200
5600
4600
4400
4300
8200
5300
5200
11800
6600
5300
5200
9400
5100
5900
5700
5400
5600
5700
6800
6300
6100
5800
6100
6000
6000
6000
6700
6100
6000
6200
6600
6100
11100
6200
6300
6500
7100
6500
7000
6500
6500
12100
6800
6700
6500
32900
7700
10500
21100
6200
6500
6600
6600
6500
6400
6700
7700
7000
6600
6600
66000
5200
16000
4300
4200
4300
5200
4500
4300
10100
5600
4400
4300
4500
7300
5200
5000
5300
5100
5200
9300
5100
5300
5600
5600
5600
5300
5800
6300
5900
5900
6600
5800
19300
6000
6300
6600
7300
6400
6100
10600
6200
7000
6500
6200
6300
7500
6500
7000
6600
6500
6400
6500
6600
6600
32000
13300
7200
6700
6700
6500
6600
6500
6700
7100
6700
6700
6700
6600
6700
60400
5000
13800
4100
12400
4300
5300
4300
4400
11300
5400
4500
4400
4200
8900
5200
5400
5300
5000
5300
5200
5300
5100
5800
5700
9900
7000
5900
6200
5800
5800
5900
5900
6100
26600
6000
6400
6000
5900
23600
6400
10000
6900
7000
6300
6500
7200
6500
7600
6700
7300
6600
6500
6800
8100
31300
13400
7300
6400
6500
6500
6200
6500
6600
6500
6500
13300
6600
6600
6600
60700
4200
7800
4300
4200
8200
4600
4100
4500
4700
5600
4400
4500
4600
8800
5100
5300
5200
5300
5000
5800
5800
6100
5700
5200
5700
5800
5600
7100
6500
10600
5900
5600
6000
6000
5900
5700
6200
6000
6000
6000
5900
7300
6200
6400
6300
7800
6500
7200
6500
14600
6400
6600
7200
6700
7300
27500
7000
6500
6400
7700
6300
6600
6700
7400
7200
10300
7300
7600
6700
73900
5500
4700
4600
4300
4400
5500
4700
4400
4600
4400
4400
7100
4400
8100
5400
5200
6700
5300
5100
5800
5300
5300
5300
5300
5500
5600
5200
6400
6200
5700
5800
5700
5800
5800
8900
6000
5700
5700
5900
6000
5700
11900
6300
6100
6300
6200
6500
7000
6200
6500
6400
6500
7100
9100
6500
54300
10500
6300
6200
7300
6400
6400
10800
7600
6400
10400
10800
8900
12300
92700
5200
4100
5100
4200
4100
5500
4300
4400
4200
4700
4400
4500
4400
8800
5300
5300
5000
8000
5000
5400
5300
5100
5300
5100
5500
5500
5200
6000
5800
5700
5800
5800
5900
5800
6300
6500
5800
7300
6500
8900
6200
6800
6200
6200
6200
16700
6500
7100
6600
6400
6200
6400
7100
6500
6500
28900
6500
6200
6100
7300
6200
6500
7000
7200
6500
7200
7300
7400
6400
74500
5100
4300
5300
4400
4200
5200
4300
4700
4400
4200
4300
4500
4300
8000
5500
5000
5200
5100
5400
5500
5100
5200
5100
6400
5700
5500
6200
6900
8800
5600
6500
6700
6400
6100
7100
9400
6800
6700
8800
7100
8400
7500
9700
6600
6500
6200
6400
6800
6300
6500
6500
6500
6500
6500
6300
26200
14200
6300
6300
9800
6400
6400
6400
7300
6300
7200
7100
7300
6600
71300
5000
4000
4100
6600
4100
5300
4100
4400
4200
4300
4400
4300
4900
8200
5200
5400
5000
5700
5200
5500
5700
5200
5200
5400
5200
5500
5500
8700
5900
5600
5800
5900
6100
5700
6500
6700
14400
6200
6700
6600
6200
6900
7400
6300
6400
8900
6300
6500
6200
6500
6400
7400
13300
10500
24600
7400
6400
6400
6200
6500
6400
7500
10700
6600
6400
6300
7600
6600
6400
72100
5100
4200
4000
4300
4300
5200
4400
4000
7500
4000
4300
4400
4200
9600
5400
5100
5300
5100
5300
5500
5100
5200
5200
5300
5100
5300
5400
5800
5800
5500
5900
6500
8400
5700
6500
6400
5900
5900
6400
6500
6100
6800
6900
15700
6300
6300
6100
6400
6800
9000
6300
6400
6500
6500
6700
8800
6300
6200
6200
6300
6500
7400
6400
6500
6200
6500
7100
6600
9100
88300
4100
4200
4000
5400
4100
4400
4200
5500
4300
5500
5700
5300
4500
8600
5100
5600
8300
5100
5200
5000
5500
5400
5100
5300
5200
5300
5400
14100
5900
5800
5900
5900
6000
5800
5600
5900
6400
6000
5900
9200
6000
7100
6800
6200
6500
6300
6300
6300
10900
6500
33000
6200
6700
6500
6500
7400
9000
6400
6200
6400
13800
6600
7100
6500
10900
9200
7300
6200
30000
65800
5600
4000
7200
4300
4300
4300
5700
4100
4500
4500
5400
4400
4500
7600
5000
5100
6500
5200
5400
5100
5100
5500
5300
5100
5400
5600
8200
6100
5600
5500
5700
5800
5700
5400
5800
5700
6400
5900
5800
5800
6500
7000
6300
6200
6100
6200
8900
6400
6100
6300
32600
10000
10500
9700
10100
10400
6400
6300
6100
6400
6200
6300
7200
7900
11900
6200
7300
6300
29400
62200
4300
3900
4200
4200
4100
4000
5700
4000
4400
4300
9800
4400
4400
7300
5200
5200
5100
5800
5400
5400
5000
5600
5400
5200
5300
5700
5700
6100
5800
6400
5900
5900
5600
6200
14400
6200
6000
5700
6100
6000
6000
7800
6200
6200
6000
6300
6300
6000
6300
6300
85000
7500
9300
6600
6200
7600
6200
6000
6300
6300
6400
6700
7200
6300
7300
6400
7200
6400
31700
63800
4200
4000
4200
4100
4200
3900
5500
4000
4300
4200
5200
4200
4400
7800
5300
5000
5300
5000
5300
5400
5000
8100
5200
5300
5200
5400
5400
6100
5800
6300
14500
5700
5800
5900
6200
5900
5700
5900
5900
6000
6300
6800
8500
6300
6300
6200
6500
6400
6400
6600
7000
32400
6500
6300
6600
7400
6300
6100
6200
8800
6300
6200
7000
13300
7100
6500
9600
6600
30200
78900
4300
4100
4000
4200
13500
4200
7900
4300
4300
4200
5200
4500
4300
7300
5200
5100
6900
5100
5500
5300
5000
6000
5400
5200
5500
5700
5300
5900
5600
9100
5900
6000
5900
5800
6300
6100
6100
5900
5900
6200
6100
6900
14100
6400
27800
6400
9000
6200
6300
6500
7100
6700
6500
6400
6500
7400
6200
6200
6300
6300
6600
6300
6400
6400
95300
6800
6700
6600
6300
60200
4000
4100
4000
4200
4100
4200
5200
4300
4300
4400
5300
4500
4200
7500
7900
5100
5400
5000
5500
5400
14200
5700
5200
5400
5300
5700
5200
6000
5800
6600
5900
5800
6900
5900
6400
5900
8600
5700
6000
6900
6000
6600
6100
6100
6300
6300
6400
6200
7100
6300
7000
6600
6400
14600
6600
10400
6200
8900
7200
7200
6200
7100
7100
7000
32300
9200
7300
6400
7200
61700
4900
4000
6200
4200
7000
4400
5200
4100
5700
4300
5200
4600
9500
8600
5000
5700
5200
5100
5200
5600
5300
5300
5600
5400
5400
6100
8200
7100
6500
5900
5600
5800
5900
5800
6700
5900
5900
5900
6000
5900
6000
7200
6400
6400
6100
9100
6400
7200
6500
7200
6600
6600
7200
7300
7300
9400
6600
6500
6500
6800
9200
6500
6500
6500
6700
6500
6400
17400
8000
62300
9800
4300
4100
5700
4300
8900
8200
4400
4600
10200
10600
4600
6000
7800
5300
5600
5100
5100
5500
5000
5400
5400
5600
5500
5100
6000
5400
9500
6400
5500
5800
5800
5800
5800
5800
5900
5700
6300
5900
5900
5700
7200
6300
6200
6100
6400
7000
9600
6600
7200
6400
6300
7300
7200
7300
8800
6300
6500
6300
6500
6300
6200
6500
9000
6600
6600
6300
6600
7800
61800
9200
4200
4100
5600
4200
8700
5600
4200
4500
4300
11900
4300
5800
7900
5200
5400
5300
5300
5000
5100
5500
5100
5600
5200
15700
5500
5400
6000
5700
6300
5800
8700
5800
6400
5800
5600
6600
6000
6700
5900
5700
7100
6400
6000
6600
6200
6300
7300
6400
9600
6500
6400
7300
7100
7300
8800
6200
7000
6400
7900
6400
6300
6600
7100
6600
6300
6500
6500
7700
61500
8800
4100
4000
5500
4100
8400
5500
4200
4400
4200
9100
4300
8800
7400
5600
5700
5200
5300
5300
5000
5500
5100
5500
5300
5500
5200
5500
6000
5800
6600
5800
6000
5700
9300
5800
6000
6800
6800
6100
6000
5800
8000
7200
6400
6400
6400
6600
6400
6600
6600
9200
6500
6600
7300
6600
8600
6900
6500
6500
6700
6300
6500
6500
6700
6500
6600
6800
6800
10200
124300
16700
6600
6200
8300
6800
13100
7600
7900
4900
4800
12300
6800
8700
31300
10400
7600
8100
9400
7700
7600
8400
8900
5700
5200
5300
5500
5200
6000
5800
6600
5800
6000
5700
6600
5700
6000
15600
6100
6100
5700
6000
7900
7000
6500
6400
6200
6500
6500
18500
6500
6400
6600
6500
6400
6300
9900
6400
6200
6400
6500
6400
7500
6700
7500
7300
6600
7400
7600
7600
62900
9200
3900
4200
5400
4400
8700
5400
4300
4100
4300
9000
5800
6400
7800
5400
5400
5400
5100
7800
5200
5400
5300
5600
5200
5300
5500
5300
33100
20000
6400
5900
6000
5900
6500
6000
8400
10700
6100
6100
5800
6100
7900
7100
6500
6400
6400
6400
6600
7500
9700
6500
7400
9200
8700
8600
8600
7200
7100
7000
6400
14900
9100
6400
10900
6600
6400
8100
7400
7600
61400
10800
4500
4100
4600
4300
4700
4400
4500
4200
4500
11600
4500
5700
