1311700
22100
16700
11500
99700
108500
9300
12100
12900
10800
58600
12400
10000
10400
13000
79600
80800
76300
87000
15200
16000
150800
16300
15800
14400
14800
16000
15000
146600
26200
124300
33400
20300
19500
18200
19800
20300
19900
21700
20900
156600
24100
231500
145600
42200
30100
31500
158900
24500
23800
24300
25300
26500
136700
25400
25500
117100
28100
28100
34900
28300
198100
39500
37300
40500
39700
324300
39700
39600
39100
38200
16100
28200
11600
95200
10900
12200
37200
11600
40400
12300
13600
14600
13500
16900
78900
67200
73700
72500
19700
17700
131400
21100
19700
18000
20000
20900
19600
135400
28000
108700
36500
21300
22000
21300
29900
32700
27000
29000
32100
147000
29100
175300
85200
32200
30300
31100
111700
31900
31300
34800
37300
31700
114100
13700
14700
107000
17700
13700
20400
14000
117700
15100
15600
18700
16000
171500
14800
15800
14800
24900
8000
5300
6200
20500
4900
5800
5000
5300
55300
5300
5600
6300
5100
29300
21000
19900
9200
37700
79200
8400
7800
10900
28200
30600
7700
8000
7900
98700
14300
76400
23000
13900
9900
9900
12300
12100
10800
13100
11800
101200
11900
141100
66200
13500
13000
13200
91500
13100
15400
13200
13600
13300
84800
13200
13800
123800
15500
14800
22100
14300
77200
17500
16900
19700
17100
113800
16700
15700
16600
24000
4700
4500
7400
10800
4500
4500
5900
4800
4800
37700
4800
6200
42100
15800
10600
11000
8700
23800
25300
7100
7300
9600
17200
21500
7400
8600
7400
116000
39300
26500
23500
24200
11700
7200
60300
9000
7400
16200
7400
8200
7300
61900
27600
9000
8900
9200
37300
8500
9300
8600
9000
9000
39900
8700
8900
43000
10600
10500
15400
10400
40600
10400
10600
12300
10800
65400
11000
10900
13600
6800
3300
12800
3700
11700
4100
3000
39500
3500
11700
3700
3200
4400
3600
10800
7600
7600
6100
31900
25000
5000
5100
5900
12000
17000
6000
5500
5000
7700
27900
23200
22700
26100
8500
7500
48700
7600
7000
14100
7000
10600
7000
45600
10800
35000
13000
15300
8300
8600
10000
9600
9800
10600
10200
51400
9700
39600
10500
10100
12700
10300
37300
10200
13200
11900
14100
61600
10900
10900
10500
11400
3200
3300
3600
3000
3200
2900
3200
3400
18400
3200
3300
6000
3500
10500
4800
4700
5700
16200
33000
4800
5100
6000
5200
14200
5200
5400
5500
12200
86100
19900
19200
19400
10500
6800
37200
7900
7000
8700
7900
7800
7300
37500
10400
142700
13900
8600
9000
8400
16100
9600
9900
10800
10200
48200
10100
49100
28500
10400
10700
10500
49700
10500
10900
10400
11100
10900
35200
11100
10600
10400
6900
131700
23500
16200
15700
16000
16100
15500
16000
126700
16300
15900
16400
18300
47600
17600
20400
18000
17600
20900
18900
10300
9500
10700
10200
10000
69400
13900
49900
49100
11400
14400
80500
11500
60800
11900
13100
13100
63700
11500
11500
26300
15900
12900
34100
71200
12900
43900
39000
12500
51300
13000
71300
16800
12700
140600
18600
12300
21800
18000
11400
12100
10600
14800
30500
22300
10800
10600
12600
11500
7500
7400
7600
7800
43800
8100
33300
8000
11000
7800
8400
8200
8800
11400
25900
11000
10500
10200
9800
9400
9700
10000
9400
10800
10100
12300
57100
13600
40400
41900
11500
11600
61300
11400
54800
11800
13000
12900
58900
11600
11400
14400
14700
12700
32800
67100
13600
41000
39100
12500
48900
12600
71300
15800
15500
134100
17700
10800
19700
17500
11100
11900
10700
12000
28600
25300
10700
10600
12500
11900
7700
8100
7800
7900
7700
8000
7900
8400
8200
7800
8500
8500
8800
21300
9800
37700
9700
9900
51900
10200
9800
9900
10000
45900
11500
10200
10300
13400
42400
41900
15600
15200
67600
11700
51100
11600
12800
12900
62400
11600
13300
14900
14600
13000
32700
64700
13000
43900
38300
12500
47400
12700
70300
15200
14000
133500
17600
13200
19100
17300
10700
12000
10900
11800
29600
21700
10900
10400
12900
11200
7800
29200
9600
10200
7700
159300
15400
9800
9800
9600
12700
9400
10400
11600
10800
45600
29800
10200
10700
13400
10000
9700
10100
46600
10200
9700
10300
16500
22700
11800
12900
39200
11700
15000
11600
38800
99600
13200
12200
11600
55000
14400
17900
15500
33100
64600
13100
42400
38200
12700
51900
12500
71400
16900
12700
153200
18600
10200
19200
17700
10500
12000
10700
14500
28900
22500
12700
10600
12400
11100
31700
7800
7400
58900
7700
9100
10600
8300
8400
7900
8400
10000
12200
10600
9500
35800
10100
9700
9600
9500
9700
9600
9800
48500
10200
10200
11000
12200
22700
30700
12700
12300
11600
11500
11500
11600
11600
12800
14300
11700
55600
16100
39000
32000
12700
73000
64600
12700
53500
13200
14000
14700
59900
14700
79900
138200
17700
10200
19900
18000
10400
11900
10700
12100
28600
21800
10600
13500
12400
11500
7700
7900
7500
7700
7700
8500
8600
8500
8200
8100
8500
8600
8600
10600
9700
35400
12400
9900
9800
9900
9800
42200
10100
45700
10200
10100
48700
12600
26400
11200
12800
11400
11600
11600
11900
12700
54800
12900
62500
46600
57500
15300
38700
31700
12700
12500
60900
12700
95900
12600
15300
14600
61300
12900
12600
131100
15400
10500
15300
21500
11000
16700
15700
10800
18000
10800
24700
12900
10700
12400
8100
8500
9000
8400
35600
7700
8500
8000
8400
8700
8200
8600
8000
30000
10600
9700
9600
9700
10700
52900
12600
9900
9800
9900
9800
9800
9900
13100
11300
11200
11400
11400
12500
41200
11300
58200
11800
11900
11600
13500
11600
14600
13700
15400
14100
12400
47500
12600
12900
17500
13000
66100
12800
13100
14400
131700
10600
15800
11800
10700
12100
16300
28600
10400
10700
13100
10900
10500
10700
13600
8100
8000
31200
7900
7800
7900
8300
7900
8100
7800
8100
8200
11200
29400
12200
10900
9800
10200
11900
53000
10100
10000
9800
10100
10000
9900
9800
15600
11400
11400
11400
11600
12300
42300
11700
57900
11800
12800
13400
12800
11800
16900
14700
13300
16400
12700
48400
12500
12900
13400
14500
68900
13800
12800
15200
168900
12000
17200
10600
10600
11600
17800
26000
10300
11300
12000
10900
10900
12400
15900
8600
7700
9900
6500
33600
7000
12000
7300
6700
6800
52700
7200
7300
7900
7800
9600
7700
7500
36300
7700
7100
7500
8000
8000
7600
8300
7500
8400
8200
8000
8000
8700
8700
38500
9300
57900
8100
8200
8100
8800
8200
9500
8000
8400
8500
7900
43300
8100
11000
8600
9500
64100
8300
7900
9000
127900
5200
10000
4900
4500
5500
10400
24700
6300
5600
6800
5100
4800
4700
12000
8700
6600
6900
39600
6400
6700
7000
6900
6700
51400
8200
7800
7700
8400
7200
8200
9100
9000
34900
8100
8100
7200
8400
8600
10400
10300
8600
30700
8300
7600
7900
8000
8700
48900
8000
7900
9000
8300
7900
8000
8200
11700
8800
8400
8400
7900
55700
15700
7300
7700
7300
53000
7600
8100
11200
105000
4700
9000
4500
4400
5300
10000
20900
4500
4800
6200
5200
4700
4600
9000
6000
6500
8400
5500
5400
5700
5800
6300
5600
5800
6100
5900
6000
6500
6400
6600
6400
12600
30800
6500
6200
6300
10000
6900
6600
6900
6700
25500
7500
6800
6900
7000
7700
43100
7000
39600
7100
7200
7100
51100
7100
8100
6800
6900
6900
7300
7900
35800
7100
45500
6900
6900
7200
7700
7100
102500
4900
9200
4500
5700
5500
10300
22200
4600
4600
6100
5600
5600
5100
8500
6000
5500
5700
30400
5700
5600
5800
5900
5600
5800
5700
5800
8900
6700
6300
6600
6500
6500
27000
6800
8000
6600
6800
7100
6400
6900
6500
29000
7600
6900
6900
7100
9200
44300
6900
7200
7100
7300
6900
7200
7200
7800
30100
6700
6900
6700
7500
70900
7000
44500
6800
6900
9800
7700
7000
104500
9300
5200
5700
5400
11600
4800
4900
5200
4700
16000
4900
4700
8500
13100
7200
5800
5400
5800
5500
5600
5500
6000
5800
7200
6000
6000
6000
7500
6200
6200
6300
6600
6900
6200
7800
9900
9300
6400
6300
7000
56500
34400
6700
36000
6700
7100
6900
43800
9800
33200
7300
7600
7000
7300
7100
8100
6900
7000
6900
32200
7600
7000
8800
6900
9800
7000
7500
7600
7100
103000
9200
4300
13300
5700
4700
4600
5200
4700
16600
4700
4500
4900
5200
11400
5700
5600
5800
5400
5700
5700
5400
6400
5500
5800
5600
5900
6100
6500
6100
6000
6100
6300
6300
6300
6200
10600
7900
6500
6400
6600
53800
34300
6800
33100
6800
6900
6600
46300
7000
31300
6900
7500
7600
7500
7100
10000
6800
6800
6700
30000
6700
6900
7500
10700
6900
6900
6800
7600
7200
106500
9000
4500
16200
5900
4600
4500
4600
4500
17000
4500
4800
4500
4700
8300
5500
6200
5600
6000
5700
5400
5700
6800
5800
55300
5800
6200
6200
6500
7600
6200
6800
6300
9100
6100
6400
6900
7800
6300
6300
6600
6900
36300
8000
33500
6900
6800
6900
46900
6700
31100
7100
8200
7200
7000
6800
7900
6700
6800
6600
32000
7000
7400
11300
7000
6900
6800
6900
7500
7000
102300
9500
4100
13000
5100
4400
4700
4300
5900
16600
4500
7200
4500
4900
8400
5800
5600
5400
5500
5400
5600
5300
5800
5600
5600
5700
6100
5900
6400
6200
6400
6800
6000
6300
6200
9100
8000
32500
6400
6200
6600
6900
7200
6700
30400
8700
7500
6800
6800
7000
7300
9900
7000
71000
7200
61300
8600
6700
6800
6700
30300
6900
10000
7500
8600
6700
6700
7100
7400
7100
102500
10200
4100
13800
5200
4900
4600
4500
4700
17000
7500
4600
4500
4800
8500
5800
5700
5400
5600
5400
5700
5400
5800
5700
5700
5700
6100
6100
6300
6000
6400
6300
6000
6200
8900
6800
6900
7500
6500
6500
6500
6900
8900
7300
7900
6900
7300
7000
6900
6700
7900
7000
7200
8000
7900
58200
36100
9800
38200
7600
7700
34700
45300
10200
31500
7100
8400
7200
7000
7100
102200
9100
4200
12800
5100
4600
4400
4500
4700
19300
4700
4600
4700
4600
8500
6400
5500
6000
5400
5700
5600
7600
5900
5500
6400
47500
6200
6200
6400
6100
6100
6100
7400
6400
6000
6400
6700
6400
6400
6300
6500
6900
7300
6700
6800
10200
7400
6700
7000
7200
10300
7100
37500
7200
7400
99500
49600
21700
36900
6900
9800
8900
44800
6900
31100
7000
7700
7000
6700
6900
102700
4700
4400
4600
10700
7300
4600
5500
5300
4600
4800
4900
5400
4800
8200
6000
5700
5600
5400
5600
5700
5700
6500
5800
5500
5800
5800
5600
7500
6100
6300
9700
6600
6300
6200
7500
6700
6600
6700
6400
6500
6500
8300
26900
7400
7000
6600
7100
9800
7200
6900
6900
7000
8700
7600
7800
8200
6900
7000
23700
6900
7100
7100
6900
6900
7000
10600
7100
55800
8000
106500
4900
4400
11200
9800
4800
5600
5400
16200
4800
6300
4900
7200
5000
7800
5600
5400
5600
5300
5500
5500
5400
5700
5400
5700
6000
6100
5900
6700
6500
6200
9100
6300
6400
6300
6600
6500
6100
6500
7200
6500
6400
8000
27600
7500
6600
7400
6900
6600
9500
7200
6900
6700
7100
7400
7600
8400
6800
6800
7900
6800
6700
7000
9600
7000
6700
19100
6800
55900
8200
103600
4400
4600
11500
9600
4600
5300
5100
13000
7400
5500
4700
5600
4700
8200
5600
5700
5800
5500
5600
5400
5700
5500
5700
5700
6400
5900
6000
6600
6600
6200
6100
8900
6300
6700
6400
6200
6300
6300
6500
6300
6400
7900
26200
7300
6800
6800
8100
9300
8200
6900
7800
9000
7700
8100
8400
9500
6800
8200
10500
7700
7700
6700
7700
9500
7000
7400
6800
54900
9000
106000
4800
4300
11500
9800
4600
5200
7800
13500
4800
5500
4900
5300
4800
8500
6000
5500
5600
5400
5600
5700
6300
6400
6300
5700
6100
5700
6000
6600
9200
6300
6300
6100
24600
6500
6100
6200
6900
7500
6600
6400
6600
7100
6900
6600
7400
7900
9600
7100
7500
7300
7100
7700
7100
6800
7300
8000
6900
7400
7600
6500
6800
6800
6900
9500
7000
7400
7600
54800
7800
104800
4300
4600
11300
9400
4500
5300
7600
12700
4700
5200
4600
5200
4900
8700
5500
5500
5400
5500
5400
5600
5600
5500
5700
5400
6000
5900
5800
6400
9900
6200
6400
6300
6000
6500
6300
6300
6300
6200
6500
6400
6400
7100
6900
6500
7300
7100
6900
7000
10400
9000
7000
7400
7100
8300
7300
8200
25900
7400
7000
6900
6800
6800
6900
7700
9700
7700
55200
7600
7800
104700
4900
4300
11200
9200
4700
5300
5100
17500
4600
5300
4800
5200
4900
11300
5900
5700
5500
5800
5400
6300
6400
5800
5800
5500
6200
6000
5800
7100
6600
9300
6400
7500
6100
6700
6500
6400
6400
6200
7000
6400
6700
7200
6900
6600
7600
7300
6800
7200
9900
7500
9400
12700
7100
7100
7000
9900
26100
7400
7000
6700
7600
6800
8100
9700
6600
6900
6900
8200
7400
118200
5200
4400
5600
4600
4500
12700
5200
11000
4600
8200
4900
17200
5900
9800
6700
6400
5600
6400
5600
6400
5700
6500
6700
5700
6600
6700
5800
8300
38800
9400
6300
6200
6300
6300
6200
6200
6400
6400
6500
6300
7200
7700
6700
6800
7400
6800
7400
6900
7400
31900
46800
7700
7200
7200
7700
8200
6700
7000
6900
6900
6700
7000
7800
9600
7100
7700
7000
7100
7200
130500
4700
4300
4600
4600
4500
6200
4500
5500
4700
4900
8100
4900
5400
9100
5700
5400
5600
6100
5800
5700
5900
6200
6000
5800
5900
6000
6000
6500
36100
6400
9100
6200
6100
6000
6400
7600
6300
6200
6300
6300
6200
7600
6700
6500
7100
6600
7200
6900
6800
31500
45700
7800
6900
7000
7300
9100
6700
6600
6800
7100
6800
6700
7200
6600
6900
7400
6900
7000
7000
129900
4300
4400
4200
4600
4500
4300
4900
5200
4800
4700
5300
7500
5400
8800
5600
5600
9600
5900
6900
8200
5800
5400
8300
8000
7300
7600
8200
9300
9700
8500
17100
7900
7200
9000
6300
6400
7100
6800
6500
6300
38700
7400
6700
6700
7200
6700
7200
6700
6800
33400
45900
7400
7000
6800
7400
7800
6800
6700
6800
6600
6800
6800
7300
6900
10100
7600
7000
6800
7100
129500
4600
4200
4600
4400
5200
4600
4400
5200
4800
5000
5100
4700
7900
8200
5700
5400
5600
5600
5900
5700
5500
5600
5500
6000
6000
6100
5800
7000
6600
6200
6100
6200
7600
6200
6200
6400
6700
6500
6400
6400
6600
28800
37000
7600
6900
7000
6900
7100
6700
9700
49500
6800
7000
7100
7200
7900
7200
6700
6900
6700
6600
6600
7300
6900
7000
10900
7000
7100
6800
224700
5200
4400
4400
4600
4400
4500
4700
5500
4700
4900
5200
4800
8100
8100
5700
5500
5300
5600
5700
5700
6000
5400
5800
5800
6000
6100
6600
6800
6500
7100
6100
6300
6200
6300
6100
9000
7400
6400
6500
6200
6400
7300
37000
7700
6800
6900
6600
7000
6900
7100
6800
7100
10200
7100
7000
8000
6900
6600
7400
6700
7800
6800
7000
28600
45400
7500
9600
7100
7400
130600
4200
4500
4600
4400
5100
4300
4700
5200
4800
4600
5200
4600
5700
10200
5500
5600
5800
5400
5900
5500
5700
5600
7500
6000
6000
5900
6100
6800
6500
6400
6200
6300
6100
7100
6500
9000
6900
6400
6500
7900
6600
7200
36600
7200
6700
7300
6900
7500
6700
7100
7000
7000
35600
7000
7200
7300
6700
6700
7100
6700
7700
6800
6600
28900
44500
10100
7300
8000
7400
173200
5100
4400
4700
5800
4500
4700
5300
4700
4600
5700
4700
4900
4700
8400
8000
5600
8600
5700
5400
5500
5600
5700
5500
5600
5800
6200
6100
6800
30300
6300
6300
6200
6000
6500
6300
6300
44300
6500
6600
6300
6800
7800
6600
7000
6900
7300
7000
7300
7000
7100
7000
7200
7100
7200
9900
7900
30300
6700
6900
8100
6700
7000
7000
7000
6800
6800
6900
7000
56000
112300
5400
4400
5300
4700
4700
10500
4400
4800
11200
4800
4600
4700
5200
8400
5800
5300
5700
5600
6900
8500
5500
5600
5500
5700
5700
5800
6200
6700
16500
6200
6200
6100
6000
6700
6300
6400
40300
9000
6600
6100
6500
7800
6600
6800
6800
7200
6900
7800
6800
6900
6900
6800
7000
7000
7100
7700
31600
6600
6800
8000
6500
6700
8100
7000
6600
6900
6800
7000
54800
169800
6000
4700
6000
5400
4500
11700
4400
5500
11900
4600
4500
5600
4800
9300
7400
5400
6400
5600
8000
5500
6600
5500
6400
8700
5800
6000
6200
16400
6300
6600
6400
6100
6400
6300
40500
6300
7000
6300
6200
6800
9700
7400
6800
6900
6900
7200
6700
7400
7100
6900
7000
6800
7200
7000
7100
7600
28400
6600
6900
7900
6800
6800
6900
6700
6800
7500
6900
6800
55100
102600
5000
4400
7700
4600
4400
10300
4600
4800
11100
4600
4800
4600
5100
7700
5500
5500
5500
5500
5600
5400
5600
5400
5700
5700
5600
5900
9600
7800
6300
6600
6300
6200
6200
6300
6200
6400
6400
6300
6100
6800
6500
9300
17300
6800
9700
7000
7100
8100
7100
7100
40800
7100
7200
7000
7100
7700
28800
6700
6900
10400
6900
6900
6900
6900
6700
6800
6900
7000
57200
168500
5200
4500
5100
4600
4400
10200
4400
4800
11100
4500
4700
4600
4600
7600
5500
5600
5600
6100
5600
5500
5700
5500
5700
8400
5700
5900
6200
6500
6200
6500
6400
6400
6300
6300
6100
6400
6900
6800
6300
6700
6600
7100
21000
7000
6900
6900
6700
7300
7100
7000
41200
7000
7100
7000
6900
7800
6800
6700
6500
9900
7100
7800
28600
6800
7000
56400
7200
6900
7000
101800
4900
4400
7900
4500
4500
10200
4500
4700
10800
5200
4600
4700
5100
7700
5500
5600
5700
5800
5800
5400
11200
5500
5600
5800
6000
5900
8800
6500
6200
6600
6600
6100
6400
6400
7300
6300
6400
6400
6300
6700
6700
7200
17000
6900
9600
7300
6600
8300
6900
7000
42200
6900
7100
7100
7200
30100
26400
9300
6600
7400
6800
7400
6700
6800
6800
7400
6800
7300
6800
174100
10600
4400
4400
6100
4400
7400
4600
4700
4700
4500
4800
4600
18400
8000
5500
5600
5800
5700
5400
6200
5600
5700
5600
5800
5800
5600
5900
7300
6200
6200
9000
6600
6100
6400
6600
6400
37700
6300
6700
6300
6400
7800
6900
6800
6700
6900
7200
9700
7100
6800
7000
7400
7100
7100
7000
8000
7300
7000
6900
6700
7700
8300
7500
6700
7500
9700
7100
6600
7000
220000
11600
6100
16800
6000
5600
7000
4800
5300
5900
7000
4900
5100
6200
14300
5700
5500
5700
6000
5500
5800
5800
5800
5700
5600
5900
5700
5900
7500
6400
6100
6300
10500
6200
6200
6400
9200
37700
6200
6700
7100
6600
7700
7300
6800
6700
6600
7200
7300
7000
6900
7200
9900
6900
7000
7300
8200
6700
6900
6900
6900
7400
6800
7200
6800
6700
7600
7000
6900
6700
182600
6000
4600
12300
4400
5200
4800
4700
5000
5300
5300
4700
4600
4900
7900
5700
5600
5500
5900
37800
5700
5800
5600
5600
5600
5900
5700
6100
6600
6000
6700
6700
6300
6200
6300
6600
7900
7000
9000
6500
6300
6600
7700
6700
6800
6700
6800
7200
6900
6700
7000
7000
7200
7000
6700
7100
10300
6700
6600
6700
6800
7300
6800
7200
6800
6800
6800
6900
6900
7300
102900
5200
4500
16300
4500
5200
4400
5300
5400
5100
5100
4700
4600
5300
7800
5500
5500
5500
5700
5600
5600
5900
5800
5400
5800
5700
8700
6000
6600
6100
6500
6500
6100
6300
6300
6600
6300
6200
6400
6500
6200
6500
7900
7200
6700
9500
7300
6800
7400
7500
8000
37600
7000
7400
7100
6900
7900
6900
6700
6800
6600
9800
6700
7400
6700
6800
7000
6800
6700
6900
167200
5100
4200
11700
4500
5100
4700
4500
6200
6900
6000
4500
5700
4700
9500
6500
5600
6500
5600
5500
7000
5700
6700
5500
6400
6700
5600
6600
7300
7100
9800
6600
6400
6100
6300
6600
6200
6900
6200
6400
6300
6500
7500
6800
6700
6700
7200
6700
6900
10000
7000
37400
6900
7400
7000
7000
7700
6900
6800
6700
7000
8600
7000
6700
6900
9600
7400
7000
7000
7000
102000
5100
4300
11700
4300
5200
4600
4800
5200
5100
5200
7200
4700
5200
7500
6000
5600
5500
6200
5700
5600
5900
5700
5800
32700
5900
5800
6100
6500
7400
6600
6700
10100
6300
6300
6700
6300
6400
6500
6500
6200
6500
7800
6800
6700
6900
7400
6900
7200
7400
9500
36900
7000
7400
7000
7100
7700
6700
6600
6700
6600
7500
6700
6800
7000
7400
9900
6900
6900
6900
169800
4600
4800
5200
4500
5300
4700
5100
4700
4500
4800
4800
4600
4700
8100
5700
5600
5900
5700
8600
5800
5800
5700
5500
5800
5800
6000
6000
6900
6200
6300
15400
6600
6400
6300
6100
6500
7200
6300
6400
7000
9200
7900
7900
6700
6800
6600
7300
7000
10800
7400
6900
7400
6900
7100
7100
8100
6700
7400
9400
7600
6900
7300
6900
6800
7100
7300
7400
7700
7100
112200
8000
6500
6500
11300
19500
6400
6900
6800
7900
8400
8100
6800
9500
8900
5600
5700
5600
6400
5400
5500
5800
5500
5800
5500
6700
6000
9000
6700
6100
5900
6100
6300
6200
6000
6300
6400
6400
6300
6400
6400
8000
7600
7200
6700
6600
6900
10000
7300
7400
7400
6700
7900
7000
7200
8900
7600
6800
7300
6700
7200
6800
7200
6800
9500
8300
7500
7200
7500
7000
167600
5500
4700
4700
5200
13000
4700
4700
4400
4600
8000
4800
4700
4700
8400
5800
5600
5300
5600
5500
5700
5600
5700
5600
5500
6000
5900
7300
6600
6300
6300
6500
6300
5900
9300
6500
6500
7100
6400
6600
6500
6600
7200
7100
7100
6600
6800
7300
6800
6900
7200
6700
7400
9700
7200
7100
7600
6600
7400
6800
7300
7400
7200
6900
6900
6700
7400
7300
7400
9600
103000
5000
4500
4600
6400
12500
4600
4700
4400
4700
5400
4900
4700
5200
8500
5700
5700
5700
8500
5500
5600
5800
5400
5700
5500
6100
5900
6200
6500
6200
6100
6500
6400
6200
6700
6400
6300
6500
6600
9300
8600
6500
7400
6700
6800
6900
7000
6700
7500
7000
6900
6800
7100
7000
8300
7100
7600
6700
9900
6700
7400
6700
7300
6800
6900
8000
7500
7800
7600
7000
169100
5200
4300
7400
5200
12300
4600
4600
4500
4600
5400
4900
4600
4800
8300
7500
6700
5700
5600
5700
5400
5900
5600
5700
5700
5900
8700
6300
6500
6400
6400
6700
6200
6300
6700
6500
6400
7300
6600
6700
6600
6600
7300
6800
9500
6800
7100
6900
7100
6800
7000
7200
7200
7000
6900
7200
7800
7200
6800
6700
6900
7400
8400
9800
8800
6900
7600
7000
7100
7000
102000
4900
4400
4500
5100
12500
4600
4400
4400
7600
5300
4600
4700
5200
7700
5800
5800
5500
5600
5400
5600
5800
5500
34400
5700
6000
6600
6100
6600
6200
10400
6700
6400
6300
6700
6200
6500
6400
6400
6300
7200
6800
8100
6800
6800
6800
6700
6900
7600
9700
6800
7000
7100
7000
7000
7000
7600
7400
6700
6800
6500
7700
6700
6800
7400
6900
7400
10000
7100
7100
167700
4500
5300
4700
5300
4600
5200
4500
4800
4800
5300
5200
5500
4800
9100
7100
5500
6500
6700
5600
6500
5500
6500
5600
6900
6800
7500
5800
8600
6200
7600
7400
7300
7200
6200
7300
7500
9900
6500
6400
6500
6500
8100
6800
7000
6900
7200
7400
7000
6900
7100
7500
7500
7200
7400
9700
9300
7100
6700
7200
6800
6900
7000
7700
7800
7200
7200
7500
7200
7700
105600
5200
5100
4600
5500
4900
4800
4600
4700
5700
6200
5400
5100
6400
8100
5800
5500
5600
5700
5600
8300
5900
7100
5800
5600
6200
15700
5800
6800
6300
6600
6600
6300
6300
6200
6000
6700
7000
6400
6300
6400
9700
8100
6700
6500
6800
7100
7300
7300
7000
6800
7400
7400
6900
7500
7000
8000
9500
6800
6700
6800
6900
6900
7500
8000
7200
7000
7600
8400
7700
165600
4800
8000
4500
5500
4500
4800
4500
4700
5400
4900
4800
4800
6100
7900
5600
5500
5700
5900
5500
6200
6000
5800
5800
5600
8900
5800
5900
6400
5900
7800
6200
6700
6300
6000
6400
6400
7100
6800
6300
7300
6600
7900
9400
6600
6900
7200
7800
6800
6900
6800
7300
7300
6900
7400
7100
7900
6800
6700
6900
6500
9800
6900
7400
8000
7000
7200
7400
7100
7400
104200
4600
4900
4600
5300
4300
7300
4700
4500
5400
4800
4700
4700
6400
7500
5800
5600
5400
5800
5500
5500
5900
5900
5700
5800
5900
5700
6000
9000
6200
6300
6000
6600
6600
6200
6400
6100
6500
6700
6800
7000
7700
7200
6900
7400
8500
9600
7100
7400
6800
7500
7100
7000
7100
7100
6900
7900
7200
6700
6900
6500
6800
6900
7400
9800
6900
7000
7500
7100
7500
168000
4700
5000
4700
5200
4400
4700
4600
4400
5400
4600
4700
4700
5800
8000
5700
5700
5500
5900
5800
5500
5900
5800
5600
5700
5800
5700
5900
6300
6200
6200
6300
9400
6300
6300
6100
6600
7000
6800
6600
6800
6500
7400
7100
7200
7400
7100
6900
6800
6900
10000
8400
7100
7000
7100
7100
8400
6800
6700
6700
7500
7700
7100
6800
7100
8100
10300
6900
8000
6900
102400
4300
4900
4600
5200
4600
4400
4600
4500
5500
4600
4800
4900
8700
7700
5500
5700
5400
6000
5700
5600
6100
5900
5500
5800
5900
5700
5900
6400
6200
6400
6000
6600
6500
6300
9200
6200
6700
6800
6600
6800
6700
25900
17700
17900
12600
13000
12300
15100
12400
14100
13000
13000
13200
12900
12100
16700
12600
13300
12800
13600
13900
13000
16200
12000
12800
13000
12000
12800
12000
238000
9500
8100
7800
8100
9700
7000
9200
9000
7900
13300
12700
10000
10600
