2018700
91200
23300
11500
8900
8100
112400
9000
10900
18000
12700
9700
10500
9500
158100
140600
18400
16100
15300
112500
211500
102400
31000
21300
18900
17400
20300
17800
115500
21800
23800
92000
26400
23800
19200
21600
110800
27100
25800
20000
21300
29600
36700
224500
191900
27100
92200
27000
24600
21600
28300
25500
26900
223400
26800
36200
131900
150400
25900
28400
25400
25900
26000
182000
236000
36500
32800
395100
40100
232500
34300
20300
11700
9200
15400
28100
9800
7800
8300
8900
23500
46100
10500
9700
60800
58900
12500
11100
11900
70100
84600
39900
15300
14000
13500
13300
16200
14000
53700
16400
15300
43400
17900
16600
18000
18200
54800
27600
23100
22800
23600
21900
27300
146400
108400
21100
64900
28800
23300
22900
31900
28100
31700
146000
28700
52500
151300
141300
33000
64800
38900
67500
34900
133100
228400
28600
46200
461800
23600
214400
8800
21000
20800
6100
26700
13600
6000
5000
5400
6500
38600
33500
5600
5600
63900
44900
12600
10600
9000
7900
82200
8000
7900
9500
7900
10300
7700
73400
61500
10700
21400
53300
13400
10700
12100
11000
104300
15200
15600
10900
10500
12500
39900
256600
155500
13700
63300
17500
13000
11900
12800
11800
15600
148900
13000
16200
74000
82100
14100
18300
17600
14700
15400
89700
129700
16500
15100
209700
21500
151800
14800
5200
4600
6300
4900
4800
6100
5200
5700
6800
5900
5200
10800
5800
37500
30500
9600
7500
9800
7900
90800
8100
10700
9300
7900
9500
8100
26300
56500
43300
11800
9500
10000
36000
61300
32400
22700
11900
10900
10500
9300
10500
18800
95900
63000
18700
44000
14900
12300
12300
29800
12100
14900
87300
13000
15400
70800
73400
13200
17000
22500
13500
14400
81200
105800
15000
15400
215600
23300
129300
14100
14200
4400
6000
4400
16900
5700
5000
5000
6400
14600
71300
5800
5700
72500
42400
14700
25800
14200
16400
91800
7500
6400
7900
6200
9400
5900
23600
47800
28400
7500
6300
6500
33700
38600
20000
9000
7900
7100
6500
6800
9700
69100
8400
8000
25600
10200
8200
8200
17200
31400
9700
9600
8600
8400
9900
39900
42500
9400
11900
10700
10100
10100
39700
61300
10600
10300
103300
12400
66600
13600
13900
15200
3500
17300
9400
3400
3000
3700
4000
25600
12900
3900
3400
28900
24500
7500
4700
5400
4700
44400
5200
4700
5600
4800
6100
5600
14800
38700
37900
7400
6300
6500
24100
33200
19800
8500
7300
7100
6200
7500
6800
33700
8400
8100
30100
9800
8000
8100
17200
53300
9600
9500
8500
8300
9900
20800
93400
75300
18300
59300
20300
16000
16600
17000
16500
30100
95200
17500
20500
17700
13800
12900
218400
37300
22000
21000
20800
40000
63800
23600
20500
21500
20400
102800
22500
23400
22400
20300
107100
13200
15000
14200
15200
28200
19400
24200
18000
18600
109800
20800
92900
91100
18900
18900
19500
22600
116000
18600
21200
191400
20900
41200
24900
96200
77300
21100
61000
154000
58200
73200
20000
19900
19100
20000
20100
241600
18700
16600
15400
14200
22000
18600
58500
16700
15000
15900
18900
41800
50900
22500
14900
22500
14000
14100
14000
62600
13800
13200
13900
14300
14300
14300
14100
39500
16100
16800
15700
17900
55700
23500
17800
16200
15300
16000
16300
14900
22700
22900
43900
18400
67400
71600
25800
18100
19100
21800
98600
21900
21400
191200
19600
22700
32400
84800
71200
20800
60400
179500
59800
73700
27200
29600
30800
17400
18800
131700
16700
15200
15600
16300
21200
18500
43800
16500
15800
17700
28200
45600
50500
18500
11500
11000
12300
10900
11400
11100
11500
10800
11600
11900
11900
12000
11500
14100
15400
89600
52700
14000
13700
13300
15400
14000
13400
15800
15000
15700
15500
20900
40800
23300
52000
56200
17600
16300
16700
19500
76300
18800
20000
138600
19900
23500
25700
63000
56200
23700
53300
127400
49800
56600
18200
18400
18400
17400
18200
154800
16000
14400
15300
15000
20100
18400
46600
15400
14600
15800
17400
38500
46800
19300
33900
11300
11000
56100
11100
11000
58400
11700
11900
64500
13100
72600
11300
14000
15900
14700
49200
14000
14100
13600
56100
14700
13800
15700
14700
16300
15100
36800
16700
16500
16000
32900
53200
35500
26000
27000
17400
19100
16700
16300
21600
20700
21400
68000
52700
18100
55300
120000
53300
72900
17700
17700
18300
17800
18300
139700
16600
8000
8300
8300
21000
10500
46200
8800
8800
8600
10400
32400
41100
15200
10400
10300
53700
9900
9900
10400
9500
9700
55100
9800
50600
10400
10300
43600
12100
10900
47200
18300
11300
11000
11900
12300
11600
13600
12100
13100
12100
33300
12000
40000
11900
13600
48900
44300
14900
12100
58300
12100
12700
12600
15500
18000
32400
12200
53400
49900
11700
14100
12200
14900
66100
12400
17400
132000
13300
133600
8400
8400
8000
8400
11500
10600
31400
8200
8400
10600
12100
33400
46400
15300
10100
9900
10300
10200
9300
10000
10000
10600
10000
9700
10200
10800
81900
11500
12200
10900
48000
10700
10600
10700
107700
11300
13900
13100
12600
12300
12300
32200
12000
18500
11900
15600
43000
12000
13300
14000
13100
12600
12700
13100
15500
16600
34900
11600
135200
49400
12000
11900
12000
15500
66600
12700
22200
127400
12600
127500
12600
21000
17500
8000
15500
34600
23100
17900
8400
8500
8300
8400
8300
15400
10000
49400
11200
10300
10100
9900
9500
10100
9500
9400
9800
10900
10000
13100
18200
12400
14100
11700
11500
11000
12300
11600
11400
11400
11200
11500
11200
13200
12200
11800
46000
50000
14300
15400
12500
13500
74700
12000
12300
12300
15300
51100
12500
18700
12500
15900
12400
12800
14100
12300
12600
12300
12600
12500
12600
137000
9700
11300
8400
8800
25200
11000
12700
5500
5000
5000
9200
9000
6600
10900
5900
5800
5900
5700
6200
6100
6300
6100
32000
13200
6100
6100
8700
7300
6400
7300
6500
7100
6400
6400
7200
6400
6300
6600
6500
6500
7100
8100
12000
6900
27000
25100
7900
8400
7300
7000
41400
7300
7200
7100
6900
33900
7400
6900
7100
8300
7300
7200
8200
7100
7200
7100
7800
7300
7600
72800
4700
5800
4700
4500
9500
4600
5500
4500
4800
4700
6200
6400
6300
9200
5600
5700
6000
5500
6800
6100
10800
7600
5900
5600
6000
6000
6100
6600
6200
26700
7000
7300
6500
6200
6200
6500
6700
6500
6400
11800
6600
7700
6800
6800
25500
26400
8200
7900
7300
7000
42000
12400
7500
7200
7300
28800
7100
7100
7100
8100
7200
7100
8200
7100
7100
7200
7300
11700
7600
70100
4700
5800
4300
4500
9300
4600
4500
4600
4500
5500
6000
7000
6100
11500
5400
7800
7200
5600
7200
7200
6100
7300
6900
5700
7000
41800
5800
7800
7600
30400
9000
12600
6400
6500
6600
6500
6600
6700
6600
7300
6600
7700
6900
8000
8500
27200
7200
30200
8000
7100
7300
7300
7400
7200
7300
29800
8700
7000
6800
8300
7100
6900
13100
7000
7800
7100
7300
8900
7300
68500
4300
5700
4300
4500
9300
4900
4700
4500
4400
4700
6000
10600
6400
8800
5300
5800
5900
5700
5900
5800
6000
6000
6200
5900
6100
5700
5900
6600
6400
26500
11600
7300
6600
6400
9100
6600
6700
7000
6800
8000
6700
7600
8500
8900
7300
6700
7000
7100
12400
7300
7400
29600
7400
7700
7100
8100
7100
6800
27800
24500
8300
13400
7200
7200
39900
7200
7100
7300
7400
71000
4600
5800
4600
4600
10700
6300
9700
4500
4700
4700
6200
6200
6300
8500
5800
6300
6200
5800
7400
6300
17900
7200
5700
5900
6100
5800
6100
11200
6400
27800
7100
7200
6400
8600
6700
6500
6500
7100
6800
7300
7100
27300
6900
8300
7200
7200
39100
7600
9500
10100
9400
7400
9100
8300
9100
8200
8300
8100
28200
26800
8500
8100
7100
7000
48800
7100
7200
7300
7200
91600
5000
4500
4800
5800
4900
4800
6000
5300
4600
4900
4900
4600
5200
9200
5800
5900
5700
5600
5900
5700
6000
7200
10700
8300
5900
6000
6000
6800
6500
6900
6200
6300
7700
7100
7400
6500
6400
6500
6500
7000
6500
13200
7300
7100
7600
10000
7000
7200
32600
32100
8100
7400
8000
7300
7300
13500
7400
7300
6900
7300
7300
7100
7300
7500
7400
7400
7500
7500
8200
70700
4700
4700
6100
4700
9400
11200
4500
6100
6000
7800
10500
7200
17600
9000
7700
9200
5800
5400
5800
7600
5900
6900
5800
6700
11100
6100
5800
6800
6300
7800
6400
6400
6100
6900
7000
7900
6500
6300
6700
7200
6800
8600
8000
11700
7000
7800
7700
7400
32200
34700
8200
7300
8700
8100
7200
8300
7000
11700
7200
7100
6900
7000
7200
7400
8400
7600
7500
10500
7400
176000
5800
4400
7300
4700
4500
10800
11000
5900
5800
6300
4900
6500
16600
9900
5500
5600
5400
5800
6100
6200
5900
6200
5800
5900
6400
6000
10900
8800
6500
6500
6900
6700
7200
6600
6500
6600
7200
7400
6700
6700
6700
8500
7300
7200
6900
12600
6900
7100
32600
30200
8000
7000
8100
7100
7200
8100
6800
6700
7000
11500
7100
7000
7500
7200
7000
7100
7000
7100
7200
72500
4800
4300
5700
4300
4500
9900
4300
10700
6500
106900
12400
7400
38800
12300
6100
5700
5900
5400
6400
6300
5800
6700
7500
5800
6700
6100
6000
13000
7700
6600
6500
34000
6900
29500
7000
6600
6500
7800
6500
8300
6900
9200
7600
17900
7200
7000
7200
10800
7600
7500
7400
7600
8700
8500
8700
8500
7800
7700
7000
7000
7000
13800
7300
7300
7000
7300
7800
8500
7400
205600
7100
5200
5900
6600
86700
12700
4800
6100
5800
13400
5200
6700
13800
10700
5600
7200
5600
5700
11100
6100
5700
5900
5900
5600
6300
6100
5700
6900
6200
6500
11600
6300
6500
6400
6500
6300
7500
7500
6600
6800
6400
7500
6900
9200
7100
6900
7000
7800
6900
7200
11800
7200
7100
8100
7100
9200
9700
7200
7200
8400
7200
8800
28500
28800
10100
8500
10200
8400
9800
71500
5400
4300
7800
4500
5800
10100
4400
8000
6800
7000
4800
11600
13600
9000
5800
6300
5800
5500
7900
6900
32500
6400
5800
5700
6600
6300
5900
26100
6400
6700
6300
6500
6500
6600
6500
6800
6600
7600
6800
6900
6700
7700
7100
8100
6900
7100
12000
8800
7400
7300
7700
7300
7200
8000
7400
9100
7100
7000
7200
8100
7000
7100
32100
28700
8400
8000
8600
7500
7100
153500
4900
5200
4500
6000
4800
4500
4700
9500
4800
4900
4900
4800
5000
9600
5400
5600
7200
6000
6200
5900
5800
6400
5800
6000
5800
7900
6000
8000
6400
6300
6900
6500
7700
12100
6500
6600
8000
6400
7400
6600
6400
8000
7100
6700
7000
7100
7000
6700
7700
7100
7100
7100
39600
7200
7200
8500
7200
7200
7100
7000
8100
7200
7300
26400
7200
7100
90200
7800
13200
67900
4900
4600
5700
9500
4700
4400
12300
4500
4900
4500
4900
13300
5400
9700
6100
6100
5600
7300
10500
5800
6000
6900
11100
6000
9500
8300
10000
10200
10600
9600
11800
6600
6400
6100
6300
6500
7000
6300
7500
8500
11500
9100
6900
6700
6500
6800
6700
7200
7800
6700
7000
6800
32200
6900
7000
7600
6700
11300
6900
6900
7900
6600
7100
25100
6900
6800
6700
6900
6900
151100
5100
4300
5600
10900
9200
4300
11900
4300
4600
4400
4700
13100
4500
8600
5700
6000
5700
5400
5500
5200
5600
5300
5700
5600
5600
5700
5800
11200
6300
5900
5900
6200
6800
6100
6100
6300
7100
7000
6200
6400
6800
7400
6800
7800
6600
7000
6700
6500
8300
6600
6800
6700
32900
6900
6800
7600
8400
6700
6800
6600
12100
6700
6900
24600
6900
6900
7100
7000
6900
68800
4600
4100
5400
9000
4500
4400
11200
4300
9200
4400
4700
12800
5100
8800
5600
39300
5800
5400
5500
5500
5400
6200
5600
5500
6000
5700
5800
6400
6000
6100
6100
11600
8400
6200
7600
7300
7600
7300
6300
6400
6400
9100
6800
6500
7500
8100
6900
33200
6800
12600
7600
6900
6500
7000
6800
7800
6600
7300
6700
6700
7600
6700
6800
24800
6800
7200
11300
6700
7100
150400
4900
4100
5900
9400
4200
4400
10900
4500
4300
4500
4500
12400
4500
8700
5700
5600
10100
5300
5600
5300
5300
5500
5500
5700
5700
5700
6100
6500
6100
6000
6100
6100
6600
6300
6100
6200
6900
6800
6200
11700
6500
7100
23700
6900
7400
6800
6800
8400
8300
7000
7500
7200
6700
6900
6900
7700
11400
6700
6800
6700
6700
6800
7800
6900
6800
6700
33700
7000
6800
73700
4800
4300
9900
9500
4200
4400
10600
4400
4300
4500
4600
12100
5100
8600
5900
5800
5300
5600
5400
5500
7000
5700
5400
7000
5800
5400
10200
6400
6200
6000
5900
6200
6700
6700
6000
5900
6300
7100
6400
6200
6500
7100
6700
6700
7500
11300
6800
7400
6900
6800
7600
6800
6900
7600
34900
8000
6800
6500
6700
6900
26400
11500
7700
6800
6700
6600
31800
7000
8100
142600
4500
4300
4500
4400
5600
4300
4500
9600
8800
4500
5000
12100
4700
13600
5400
5700
5500
5200
5500
5300
5800
5400
5900
5600
5300
5700
5700
6500
7600
5900
6200
6700
6700
10900
6200
6600
7000
6200
6300
6800
6100
44600
6800
7600
6700
6900
7600
6700
11800
7000
7500
7000
6800
7100
7000
8000
6900
6700
6700
10400
8000
6900
8000
7800
10700
42400
10200
9000
31300
68500
5800
4500
5800
5700
4600
6200
4800
9500
6200
6300
4500
4900
11900
8600
6000
5700
5600
5300
5600
5500
5500
6200
5600
5800
5600
5700
5800
6600
10900
6100
5700
6600
6600
8200
6800
8300
7200
7200
6600
6900
6400
43300
6800
12500
6900
6600
7700
8100
6900
6900
7500
7000
7100
7200
8400
8000
8300
6500
6800
11400
12600
7000
8200
8700
8400
38400
7900
7800
121300
145600
9500
4500
4400
4500
4500
4700
4400
4400
6500
6000
4600
4500
11300
9000
5600
5900
5300
5400
5400
5500
5400
5700
10400
5500
5800
5600
5700
6600
6100
6700
6200
6000
6100
7000
9000
6300
7600
6500
6200
6300
6300
47200
7400
7500
6900
7500
7300
6800
6600
6900
7400
7100
6900
7000
6900
7800
11400
6700
6500
8700
7600
6800
7900
8000
112800
62400
12300
12700
84400
87000
4800
4400
4400
4700
4800
4500
5200
4500
8800
6700
4700
5800
19600
14200
8700
16300
8900
8400
9100
8700
9800
8900
10300
9400
8900
9600
8900
11100
9600
14200
10600
9600
9600
10200
11400
9400
11100
16300
9900
9800
11100
12500
11500
12800
11800
12500
12700
38600
11500
13000
14200
11800
12100
13200
154700
14800
21400
11500
10200
14200
11100
11100
11400
13300
11500
76700
14400
12800
45800
217000
10400
9000
8500
7400
7400
7700
8300
8300
10600
9400
16800
8200
22500
14300
9200
9300
9100
8100
9000
11800
9100
9400
9600
10300
9800
12900
12700
48600
11500
20000
12100
11000
11700
11000
12300
10500
13600
11500
11200
11000
11100
13600
11900
13000
11900
16100
13800
19700
12300
14200
11900
12200
12000
15300
15300
81500
13200
13600
12400
12100
20900
12900
12100
12200
86500
14800
12900
13400
75000
132800
9300
8100
8600
7800
8100
15100
7900
8100
11200
11200
8300
8600
22900
13400
42600
9100
8100
9200
9500
9600
9600
9300
10100
10500
10400
10000
59600
11900
8600
9500
8700
8300
8500
8800
10500
10100
9600
10300
10600
11000
10100
12400
11500
10800
10800
19100
12800
40500
11400
12300
11100
11100
10600
12200
12100
75200
10900
18600
11500
15800
12000
11100
9300
10000
13600
11900
11600
13700
12000
202200
9600
7800
7000
12000
8800
15200
10000
9200
9800
24900
9400
8900
17300
15600
9900
9700
44600
9900
133100
18000
9700
10300
10900
10100
10100
10200
11100
11700
10800
33600
12100
11600
11200
11000
10800
10900
12700
11300
11900
17900
47700
13100
11600
10900
10500
10400
11100
9700
10300
11100
11100
11500
12300
13600
11100
24100
11700
11100
11700
11500
12200
10700
10800
12100
11400
12400
11400
13700
10900
123700
9900
7400
28900
10800
8300
8000
23700
21200
10500
8600
8600
8400
22100
17600
10200
9500
9700
9200
9900
8200
7600
29300
14900
9200
46700
9400
9900
9600
9300
28700
10800
10900
11300
10600
10400
10600
10500
10500
69900
17800
47600
12100
11100
8000
10000
10100
9700
37700
10700
10200
10100
10800
11200
12100
10900
124000
12800
12600
12500
13600
11900
11600
10200
10500
10000
12300
11200
11400
10600
350500
12800
7800
34600
8300
7800
7300
12500
21800
10600
8800
33800
65600
38100
16500
11600
9400
94500
9700
9200
9300
10700
9500
13900
8900
11400
11400
11900
54900
12500
12400
47200
20400
66600
14200
11200
11400
19300
19100
10700
10600
10600
13200
11400
11100
11400
10900
11300
10800
11800
11800
21500
29700
30200
15000
13200
23600
12900
11900
26500
20500
13700
12600
12200
12100
12400
15800
12500
12700
12000
132800
11300
7500
7300
16400
7400
7400
10800
36400
11900
9500
9100
9700
23700
16300
10100
10000
9900
10100
9800
10100
10500
10000
10300
10000
10400
17700
11400
12700
11000
11100
46900
11000
55500
11500
11700
11600
12500
12200
12100
22100
24000
15100
20200
92700
14300
13800
13700
31000
13100
11500
11300
13300
14100
13600
54500
23700
13300
12900
14000
14800
15000
14600
13200
13500
14800
17100
13500
13100
16000
257300
10100
8000
8000
8300
8000
7900
13100
20800
11300
8500
8400
8500
22600
14600
10300
10100
10000
10000
9900
15300
11200
10000
10300
9900
10600
10500
11100
11700
11300
11100
45500
11400
55700
11900
13900
11800
19200
12100
12900
12500
12300
25100
53900
49500
15300
14900
14500
13700
13500
13600
16000
13000
13900
20500
52700
14800
15200
12800
12500
12200
13100
12700
12900
12500
12700
12900
12700
15200
13200
154400
8600
7700
7700
8100
8100
8100
11200
18100
10600
7400
8200
8500
20900
14600
10300
9700
9800
9600
11500
15600
10700
10100
10000
10200
10900
10600
11300
11700
11400
92200
45700
11400
55100
11700
11900
17600
13100
11600
12000
12000
11700
13300
12200
36000
14800
14000
13300
31900
13000
14900
12500
12200
18700
13500
53500
14800
12100
12600
49200
12800
13200
12800
12500
12800
12500
22000
12900
20500
12900
243500
8700
7800
8000
10600
10100
8100
8300
8100
8400
10000
8400
8600
8300
19900
5800
5800
8100
10300
20900
18000
5900
5700
5700
5900
10300
37900
22400
8000
6200
6200
6400
6100
8900
6400
34800
9700
11800
7700
8900
17800
9600
15400
10100
6300
6200
6200
6200
6200
6300
6300
7900
6400
6300
6500
6500
7500
6500
8200
10900
6500
89300
7700
9300
6500
10600
8500
6200
45300
10400
84800
4400
3900
4000
4000
9600
4000
4300
4000
4200
6300
4400
4300
5800
9500
5600
5100
5400
5200
5200
5100
4900
6300
5900
6200
6400
5700
5600
6400
15600
5700
8700
5700
9400
7500
35200
5900
5500
5700
7400
5800
5900
7500
5900
6100
8300
6200
6000
28400
6500
6000
7100
6300
6300
6400
6200
7400
6200
7900
6200
6000
27600
6200
6100
6300
9200
7100
6300
32100
6400
300600
14900
7500
7300
5100
4400
4600
4900
4500
4600
6800
5900
4900
5800
16500
6300
5700
6400
5700
5600
5400
5700
5500
5600
5500
5800
6000
6100
7600
25700
6400
6100
6500
7200
6500
10000
6400
7500
7100
6400
6500
6600
8000
7600
6400
6400
9200
6700
6600
6700
6600
7600
6700
6700
6500
7100
11000
6800
7700
6600
6700
28800
6500
7000
6600
6600
6400
6600
33800
6700
88400
7500
6600
6600
6600
7000
7300
6600
8000
9900
8900
7200
7200
8500
13900
8500
7800
7600
7700
7800
8600
7500
8500
8000
7300
12600
8300
8800
9900
8600
9300
9800
10800
10600
10600
10300
9900
9700
10400
10400
10600
11300
11700
15200
10900
16800
11100
11400
42500
43000
12400
11400
11500
10900
11200
12000
13300
11100
13500
11300
11400
53300
11900
11600
16700
10800
13700
11900
58400
11900
170500
6100
4100
4400
4400
4200
4000
4200
4300
4000
9900
4200
4300
5300
9200
5800
5600
7600
5300
5200
5300
100500
5500
5300
5500
5300
5700
6000
6900
7800
8400
7100
5900
7600
8200
7100
7100
9400
10800
11400
11100
10000
13700
10500
11700
12200
11700
10600
11100
44200
11000
42900
11000
11300
12200
11400
13600
10900
11200
11800
11300
11300
12100
11800
11600
13300
16400
11300
32800
12000
168500
15000
8400
7500
7800
8700
7600
7200
7800
7500
9800
7700
7700
10500
13400
10000
8500
10300
13700
8100
7800
26500
12400
10400
10300
10400
11300
10500
13000
10400
10300
10900
11000
14900
10800
10900
10900
10900
10300
10700
17400
12400
14600
13300
11800
11600
11900
12000
39500
44000
11700
12500
11800
11400
11400
11700
14100
11000
15600
11300
11100
11300
11400
11400
11200
12800
11400
11400
11800
11500
216300
9800
9700
7500
7400
17400
7400
11600
8100
7700
7900
7400
21600
7300
15400
10300
9500
9700
10200
11100
10500
10500
12500
12600
10500
11400
10800
10700
14100
11600
14700
11700
15300
12500
12700
11300
11500
13300
12300
12000
13900
12100
13900
14400
13800
12200
13600
47200
16400
14700
13900
13000
13300
13100
13300
13500
26200
18700
12800
12800
12600
13000
14500
48700
13100
16100
91100
14000
71200
13500
150900
8900
7800
10300
8000
14400
10500
8600
8300
8700
8300
8700
8500
9000
19900
12800
10000
10500
10700
10000
10200
9900
10000
10300
10300
10900
11700
11200
12300
14700
11300
11300
11600
12600
12600
11900
11300
11800
12100
11700
12700
11700
13900
15700
14200
12800
13800
50800
40000
13400
14600
12800
13200
13900
13400
13300
15300
14400
12300
13900
12200
12600
14700
49300
14100
15800
67200
13300
93300
13900
260700
14900
8600
18300
7600
9200
9100
8100
10700
7000
6600
15300
10400
7700
14400
8100
8300
9500
8900
7600
8200
7900
8500
8100
8300
9700
9900
9400
10200
9100
9300
9800
10000
11400
10100
9600
10200
12300
10200
11400
14500
10200
11700
12000
12200
10700
12600
48700
11000
11000
12500
11600
11500
11300
11300
11600
13200
13200
11100
11200
10700
23700
14900
42800
11100
14200
58800
11100
63100
11600
117800
12900
7400
9800
7300
10100
9900
7900
7500
7900
8100
11100
8100
9100
13200
8600
8200
10400
9200
8900
8900
9100
9300
8800
14000
10600
10900
9700
10400
9500
9800
10200
41900
11500
10200
10000
9700
10300
10400
11400
13700
11800
16900
10900
11500
10600
10500
13800
44000
12000
11200
11300
10900
11000
12800
11200
14100
12900
16600
11100
11200
11200
13600
41000
11400
17200
59600
11200
62600
12400
213200
9700
7200
12900
7400
10000
9400
7800
7700
7900
7700
7400
7900
8000
18600
13300
9400
10400
9200
8700
13300
8700
8900
9000
9400
10100
10500
9800
10900
38900
11000
10200
10300
14400
10400
9700
54600
16400
10100
11100
10400
10700
11500
10700
10700
10600
10500
12700
12500
10700
10800
10900
137400
13700
17200
11200
12600
12400
12500
10600
13000
41500
11100
11200
13000
11300
11200
11200
16200
12300
122100
8300
7000
9500
7200
10100
9600
7800
7300
7700
7700
7500
7500
8300
12900
8600
8100
13700
9500
8500
8900
8600
8600
8600
8900
9400
9600
9000
10500
10200
10100
13800
10500
11400
12900
10300
10400
10000
10400
15700
11200
11300
13000
12000
11900
12400
12200
13500
35300
12100
12400
12400
12500
12600
14000
12700
17500
13500
13300
11900
14100
47800
12000
12100
13800
11100
11400
11600
11900
11800
208700
10800
7700
7400
7200
12300
9800
15500
7700
11100
20200
7600
19300
7500
15000
9500
11700
10500
53900
10000
8700
9000
9300
9400
9600
46800
9600
10300
12800
10700
52700
10000
11300
11100
15500
11200
11300
12400
12300
12300
12200
11800
14800
12100
12200
12200
12300
12200
11900
12400
12600
12300
17200
14400
12800
12000
15400
12100
11200
13400
11600
12200
11400
156700
12400
11100
11100
11500
15800
11400
121000
7500
9500
7200
7500
9600
7500
9300
7400
7500
7700
8400
7800
8800
11500
9200
9100
8700
51200
9700
9800
9100
9200
9000
9000
9300
52000
9400
10100
6900
27000
5700
6600
8900
5800
5800
5700
5600
7700
6400
6400
6000
8000
6400
6100
6000
6400
6400
22700
6400
6400
7900
10200
7600
6400
6500
7500
6300
6200
7800
6200
6400
6500
29200
6700
17800
6400
9300
6400
6500
250900
13300
11900
7900
7900
10100
8100
10400
7900
8500
8300
8500
8300
8300
13600
9900
9300
16100
9800
10200
10300
9900
9900
9900
9600
10100
9600
9900
11500
11100
11800
11000
135200
11800
10400
10500
15500
11700
11100
52500
10300
49500
14500
11100
10900
11000
11400
10800
11600
11300
11100
11200
17200
13200
11400
11000
13200
11300
10800
12600
11000
11400
11000
55500
16000
12700
12100
16600
11800
11700
132200
8100
10300
8000
8200
9900
8300
9800
8200
8200
8200
8300
8100
9100
13000
10300
14200
9500
9800
10000
9600
9700
9500
9700
9600
10300
10300
10200
11500
10700
11700
10900
51600
12000
10200
10700
14700
10600
10400
106800
10600
10100
12000
10800
50300
10700
12600
10800
30400
11900
11200
10900
17400
12500
12800
11200
15000
12000
11400
12600
16700
13700
12000
55300
11400
11300
15300
11700
11400
11800
227200
9800
9900
8000
7700
10000
8000
9700
7400
8000
7900
8100
7800
7700
12700
9100
13300
9000
8900
9500
9300
9300
8800
8700
8800
8800
9200
9200
10000
10600
10600
10000
52000
11000
9800
10300
14900
51400
9800
80300
11000
10600
12600
11700
48700
10800
12500
10800
11200
10900
15400
13500
12500
12700
12400
11200
13900
10900
10700
10800
11000
11300
11000
12600
11100
13300
18000
13700
11500
11200
120200
7700
9600
7500
7400
9300
7500
9200
7500
7600
7700
7800
7600
9100
12300
13600
9200
8400
8700
9200
9200
9100
8600
8800
9000
8900
9100
9100
10100
9600
10800
9800
49900
11700
16900
9100
9800
10100
9900
51000
10600
10300
12500
11300
52000
11600
12700
11000
32600
14100
12700
13200
14600
14200
13900
16200
17600
15000
10800
11100
12000
11600
11300
11300
11000
11900
13600
13600
11400
11200
210500
10200
7200
10000
11800
7600
8700
19700
7600
8100
7700
8200
7800
7300
