69300
25900
13400
4800
1370500
16100
12000
5200
5300
5400
5400
5700
5900
6000
69500
99100
132700
77700
22800
18900
99200
14600
13800
15500
14200
15200
147400
214500
30900
114800
93400
16700
138400
113600
19900
18000
133500
18200
22800
18000
20500
19100
145600
27000
21300
21400
170800
22500
23600
22400
152500
24300
24200
23300
23700
24200
181800
204200
28400
191100
228000
27500
27800
24100
28600
34100
27900
27700
28500
38300
22900
9700
10000
7500
32700
7900
9000
7900
12000
7100
8200
9400
8900
9300
47300
46500
72900
59200
14800
14600
66400
13100
13000
16600
13100
14800
81200
126200
24200
112300
75800
17000
84900
73800
18200
22100
84200
18500
27400
19100
21800
20600
89900
21200
22600
21200
155200
22500
22700
22600
123200
27300
38200
34600
35200
40500
157600
160400
30600
166200
253000
32400
31300
42100
55600
33000
33000
68800
18500
18700
19000
21200
5400
4300
48500
21600
5000
35200
7400
40800
5300
7500
4800
12500
100400
9900
20900
7100
66900
8100
8600
7800
50100
7600
52500
8300
7600
8200
21900
93700
81800
10500
85400
70800
9500
10100
68700
9200
12700
9400
10900
10100
74600
28000
11300
11400
124800
13200
13900
12500
81700
11900
12500
12100
11900
13000
137400
134100
19200
89700
95500
10200
11000
10100
10200
9900
10200
9800
10300
12900
21100
29500
9400
5400
15600
3700
3900
4100
5200
59400
4400
14200
6000
5200
10000
7500
11400
7700
28900
7500
8100
7300
6700
7100
6800
7100
7600
7300
22900
54800
46600
28000
11200
10900
40800
9900
8700
11700
9000
9300
61900
62100
41800
12300
12700
19300
73600
12400
20800
8900
32300
7800
8000
9800
8100
8600
46100
58200
9800
54500
56300
9600
10000
9700
10200
9600
10200
10000
11400
15000
10400
5300
3400
3100
8200
2900
2800
11700
3400
10000
3400
3500
3100
2900
5000
4400
7000
4500
21500
5000
5300
5800
4700
4500
4800
9200
5100
4900
19900
19100
23400
16300
7800
7500
23500
6700
6300
7500
6800
6300
44000
45200
14800
32200
25600
7600
237300
28200
16800
8800
28000
7900
10300
8300
9400
8500
41700
43600
9300
43400
48600
10000
9800
9800
13600
10500
10600
9600
10100
11400
3600
6300
3300
2800
27600
2900
2800
2800
3800
11300
3400
3600
3100
3000
5100
4400
7100
9300
16700
5000
5400
5300
4800
4700
4900
5000
5000
4900
11500
22300
20700
14300
7700
7700
18500
6800
6300
7400
8900
6200
47200
45400
13500
33400
24000
7700
42100
22800
8000
8100
24200
7800
9500
8400
9400
8200
29500
16600
9500
9900
48100
9900
9900
9800
33300
11700
23000
9600
9800
9900
11300
7600
6600
8000
7300
7700
6500
6900
7800
6900
13200
7000
6600
6800
9200
8300
8600
8200
8100
8100
9000
138200
25400
16200
17500
16800
16500
21500
119500
19600
18800
18200
19500
17800
18100
22400
19600
11500
116400
11600
12800
11900
22800
14600
12700
65600
14200
55100
12900
13300
12300
77900
51300
12800
13500
13200
175400
10900
12000
10100
16100
15100
12100
10500
20400
22300
27100
43700
13400
15300
14100
11500
11000
7800
7800
9700
13000
8000
7800
8000
8300
8100
9800
8700
10200
9600
9700
12600
9600
9400
10600
37100
10300
12300
15200
10400
11800
9800
43700
12100
13100
14900
12400
10800
11200
15000
11400
11300
89300
11400
11100
11700
13700
12100
12600
52400
17700
70600
23500
18500
13900
74100
49700
12800
13500
13000
182500
13000
10400
11500
10600
16200
10700
10800
21300
20300
24700
35000
12400
14200
16300
8100
12900
34000
7700
7500
7800
7800
7500
8000
7900
8000
10700
8400
9700
12100
9600
10300
9400
9600
14300
11400
11200
11100
10500
9900
10400
9500
42000
11800
11900
11400
13200
11200
11900
18300
11400
11300
85700
11800
11500
11400
14200
12200
12400
48600
19000
50300
12700
14900
12600
73200
49500
12800
15400
14500
175200
10500
10800
10600
10000
16200
9900
10500
18500
19400
23000
40200
12200
13300
19300
6300
7500
37300
6900
8300
7000
8100
6500
7000
6800
7000
7600
16800
8900
9900
13200
9900
8700
9900
8300
9000
10400
9200
9200
30800
9200
10700
12700
11400
9800
10900
15600
10100
12300
57800
11500
10300
11500
11100
10300
10500
16500
15000
13900
45600
13300
42400
12000
12200
11300
54900
37400
16000
12200
11600
111700
10500
9800
10300
11800
14800
9800
10400
18400
19200
28400
34600
12000
11900
10300
6400
7600
6700
6500
6500
6600
6600
6500
6500
6700
7100
7200
9500
8800
13200
8400
9300
8400
8100
8500
8900
9900
9100
9200
9500
35400
9200
29200
14500
10300
9900
33900
37000
11200
31200
13000
10300
11400
44400
10500
10300
36200
11300
12900
11500
12900
11400
12800
13400
13400
11500
68400
11800
11400
12900
108400
10400
9600
10200
9700
14900
11200
10200
22300
20700
23100
34800
12000
12000
25300
7900
8400
6600
6400
6500
6500
6600
6500
6500
11000
8500
7200
7200
8700
8900
8900
9300
8800
35600
8300
37800
9900
9100
9200
13100
8600
45400
10700
10000
9900
9700
10000
10300
10900
29900
11900
10600
14700
36200
57000
10300
39900
12300
13700
12300
13700
12200
39900
13400
11200
11800
63100
11700
11600
11400
71600
10100
14100
18400
12700
23000
10100
11700
9900
23700
17400
10000
12100
9900
10300
6400
7000
7200
31900
11000
7200
6600
7300
6700
6900
6800
7100
6900
8900
8300
10300
9900
8300
8300
8200
8200
9600
8400
9200
9100
8700
12900
11000
9600
10400
22100
11000
32100
10000
9900
11500
10000
10000
10600
10200
10100
17300
11300
11400
11600
11300
11100
11100
11500
32900
12500
11000
11700
11200
11800
71100
17600
21700
11200
10100
10000
9800
11700
9500
10200
23800
23100
10200
11300
9400
6800
6700
7300
6700
6700
6600
6600
6700
11100
29100
8200
7200
6900
8800
8500
8400
8500
8200
8400
8300
8100
9700
8500
9200
9300
8800
8600
15300
10300
10400
22800
11000
33700
12300
10100
11700
10100
10000
10600
10300
10000
12800
18200
11600
11100
11300
11200
11200
13100
35000
11500
11200
12100
12700
11000
75400
17800
17200
15900
9600
9900
9700
11100
9600
10200
22800
23400
10600
11500
10400
6700
6700
7400
6700
6400
8800
8000
6800
6800
6600
11500
7300
6700
8500
8300
8300
9300
34400
8400
9000
8300
9500
8500
8600
8500
8400
8900
16900
9800
10400
22200
10800
32400
10000
9900
12000
9800
10100
10500
10700
10000
12600
11000
17700
10900
11200
11400
11100
11200
31600
11300
11100
11600
11100
10900
71000
17200
16800
11000
9600
14300
9500
11300
9600
10100
23100
22900
10100
11100
9900
8000
6400
7400
6700
6400
6600
6600
28500
7000
11300
6500
7100
6800
20200
8100
8200
9100
32100
8700
9000
8500
9400
8400
8300
8400
8400
13100
10400
10000
10100
9900
9800
10300
9700
10000
11500
10100
11000
11400
10000
10000
14300
11200
11400
15700
10800
11500
11000
11400
34200
11600
11200
12200
11300
11200
70500
16800
17100
11200
9600
9800
14300
11300
10000
10100
22100
22800
10100
12300
9200
6400
6200
6900
6900
6900
6700
5700
5600
6000
6100
5800
5600
8000
11100
6100
6100
12400
36400
6100
6700
6400
7900
7000
6400
6400
11300
6500
11300
12100
10800
12000
14900
6800
6900
7000
7600
7000
7500
7500
6800
6900
8000
6800
27600
20600
7900
33500
7100
6800
9600
7000
6900
7800
7100
7000
65800
11900
24000
5100
4600
4400
4500
10000
4500
4700
18400
17000
5400
6200
9400
5300
5600
5700
5600
6100
5600
5600
5500
6300
5600
5800
5600
33700
7900
6100
6000
6700
28400
5900
7400
6400
6700
6300
6600
40300
6200
6300
12600
6900
6900
6900
6700
6900
6800
6500
7500
6800
7600
7500
7200
7000
8300
6700
7000
19700
7700
29600
7000
6800
7600
6900
7100
6800
7200
7100
68200
4700
4300
8900
4600
4600
4600
4400
10900
4600
4400
4800
5200
24400
10000
5400
5900
5600
6100
6100
5600
5700
5700
5500
5700
5800
5900
5900
11800
6800
6300
7800
6200
7700
6400
8700
6300
6800
6500
6500
6500
6100
7900
7300
7500
7400
11400
7400
6700
6800
6900
7200
7300
6800
7800
96000
61200
33000
23800
12300
12400
12600
12100
12000
12300
12500
14500
12700
12200
16600
174200
8400
8200
8000
15300
8300
9500
10800
9800
8600
10200
11200
11200
18400
16500
10100
10900
9500
11000
9800
9800
11300
11200
11000
9800
11700
18300
12200
13900
12900
12200
11900
12500
12700
12200
15300
12300
12600
13000
12000
12900
12800
15000
14200
19400
14500
14000
13900
14100
13400
13800
14400
16700
14800
16000
104100
50900
41800
13200
13800
14100
14100
13800
13600
24500
14500
15000
13100
12800
13100
202600
10000
7800
8100
9100
8900
8300
9500
8500
8200
8300
9400
9900
8800
14600
10000
9600
8700
9300
9900
10100
10100
14100
17600
10200
10800
15500
12600
12100
10800
11700
10800
10900
12600
11400
11200
10900
11200
11900
15100
12900
13000
22000
15100
13900
14100
14500
14400
14600
14000
13900
14200
14600
14300
15200
106400
60100
37200
14100
13900
13900
13800
14500
14400
14300
14300
14900
14100
13700
15400
204300
9300
8900
8600
9900
8800
8800
9800
9300
8700
9000
9800
10200
9400
13900
9700
9500
10800
9600
10000
16600
10400
12400
11500
9600
10300
10900
10700
12400
12100
12400
11500
11200
12400
11200
11600
11000
11200
11500
12000
19500
90300
13900
13200
12100
12300
12400
13200
12300
15500
15100
12700
12300
12300
12500
19400
50200
34400
12500
12700
12300
15200
14100
12300
12600
12300
14800
12700
12600
13100
186000
11700
7600
9500
10800
9100
8900
10100
8600
9000
8700
9700
9800
8900
20600
10600
9200
17100
9400
9800
9700
9400
10100
9600
9800
10000
10100
10800
31600
30400
11500
10900
10800
12100
10500
11100
47300
11000
12000
12700
12500
12000
14300
13500
13000
13200
12600
14500
13300
15600
12900
13300
12500
12800
12200
16500
17400
12900
12500
13100
12500
13100
12000
15000
13400
13900
15900
13800
17600
108600
211100
9600
8700
8900
9700
8900
8800
10200
9500
9400
9400
10400
10200
9000
22200
10700
11100
9700
9900
10500
10800
10000
11300
10400
10200
10800
52700
14400
12500
11900
12800
11600
11600
12500
11500
11500
11700
11400
12100
12400
11500
11900
13100
12800
11600
11900
16400
12600
12900
13900
11700
12300
16400
12500
12000
12300
13800
12500
12300
13100
14100
12800
11600
12300
13000
12500
13400
12600
12900
99600
171200
20100
8500
9100
9300
9600
9100
9000
8900
9000
11000
9200
8900
14100
20000
10400
12600
11000
11300
10600
9700
10500
11200
11200
11300
11900
11700
11900
14100
12000
12100
12000
12100
12200
12300
11800
16300
11700
12300
11800
11500
12400
14800
13900
12400
14100
12900
13100
14200
13500
15400
12600
13200
13100
24300
16500
23100
67300
12400
11800
11800
11900
12100
12000
12700
12200
12200
12300
78200
13900
175200
10900
9600
8500
8600
22200
9000
9000
8400
9000
26500
21500
15900
9100
15400
8800
10800
9700
10300
9700
10100
11300
12700
10200
9900
10500
10900
10600
12800
11800
12100
11800
11300
12300
16300
12100
12800
12800
13000
13200
12400
12600
14700
13900
13400
13100
13500
13200
14300
13300
13600
13700
13500
17300
17600
14100
16500
48400
12800
13400
13300
13400
13300
13400
14000
13700
14500
13300
79800
14600
191100
10100
9500
8000
8000
21000
8100
7600
7900
8800
25400
26200
9400
8700
14900
9600
9800
9500
10100
14300
14000
13900
11300
9400
9500
9800
12400
10100
11200
40300
11600
11100
12200
16000
13400
12100
11300
12600
11100
12100
12000
11800
13700
12600
12200
12000
12400
14000
14100
13100
13000
13000
13200
11900
15400
11900
18600
48400
13500
13600
12200
14400
13200
16600
12300
12100
11800
13700
153400
14100
172300
10300
8900
8400
8000
21900
12500
8300
8100
9600
25700
21800
10100
8400
16300
10800
9600
9800
9900
9300
9900
9500
9700
9400
9700
9900
10400
10200
11300
13100
10500
10600
11400
10900
10600
10600
10800
11700
11900
13100
11800
11800
12800
11800
11400
10500
16900
11500
11800
11900
12600
13300
15100
12600
13300
12600
16500
49900
13900
14900
12700
17100
12500
12400
12900
12800
12000
12000
74700
14700
177900
10000
9300
8200
16100
22200
8200
8300
7800
8200
25000
21900
10100
9300
14200
10300
9700
9600
10100
9800
9500
40000
9700
14600
11100
10500
11200
10600
11700
10700
11100
11200
11900
13700
10700
12100
164700
12900
11500
12000
11700
16100
13900
12800
12100
12300
12300
12600
12200
12400
13800
12700
13400
13700
15600
13300
14000
19300
12400
12700
12600
12700
13700
13200
12800
12400
14000
13000
14100
12900
183500
10600
14500
11000
8400
22400
8400
8700
9100
8700
24400
20300
9500
8800
15000
10300
10600
10200
10500
10100
10500
10100
10300
14700
10400
10700
11400
11300
12000
11500
11300
11600
12300
11600
14200
12700
11100
12700
11500
11800
11800
12100
17300
12800
50300
11900
12000
12100
50100
12500
13000
12500
13000
12600
12200
12500
18000
12100
12200
11800
12300
14400
13600
12400
12100
12400
12400
13000
13300
12800
134400
22700
8200
8500
8100
8000
8300
26000
9600
8700
8300
22900
27400
12500
18700
104500
10600
10100
9300
9800
10400
58700
10000
17500
10200
10000
10400
10600
12100
10900
11500
11000
11100
11200
10900
11200
14800
11500
13500
11600
12100
11300
13100
16800
12500
12000
12000
11600
12900
14400
12500
12300
12400
12800
12300
12400
14600
12200
14000
12400
12600
12000
16500
12500
12700
13800
12600
16500
13000
13000
151300
10500
9900
24600
10000
9300
22300
12600
9500
8500
9000
8500
9000
9500
15900
9900
10200
10100
9500
10500
9600
10200
146000
10800
10800
10300
10700
10400
18200
11000
11500
10900
11000
10900
10900
10800
12300
11400
11800
13600
12400
14400
13800
12600
12000
11900
12300
11900
16800
12400
12200
12400
12100
12400
12300
12100
13500
12400
13300
12000
12200
13000
11900
12200
12400
13500
16500
12500
12400
12800
147400
8400
8900
23000
7600
8800
21300
8000
9100
8200
7800
8300
12500
9200
14400
9800
9700
9800
9500
9700
9600
9700
10000
9800
10200
10200
11900
9100
6900
6800
6300
7900
6300
7100
7000
34900
6900
6500
6600
6600
7000
6800
7400
7300
6800
6900
6800
8500
7600
7600
8700
7100
8700
10200
7200
8500
8400
7100
8100
7100
6900
7000
7700
8300
7200
8700
7000
7000
7200
9000
86300
4500
5200
13200
4400
5600
13200
5300
5300
4800
4700
4700
4800
5500
9300
5700
5400
6400
5500
8500
5700
5700
5800
5600
5900
5700
5600
5800
6600
6700
6400
6200
6300
6200
6800
30900
6800
6500
9300
6600
6300
6600
7300
6900
8000
7100
6900
6900
7100
7200
7000
7500
7400
7200
7700
7300
11200
7500
8300
6900
6800
6900
6900
7700
7600
8100
9600
7200
7200
8700
80700
4500
4900
16000
4400
5200
12200
6200
7200
5200
5300
4600
7200
5500
10900
8100
5900
5800
5700
5500
8200
7400
9100
8300
8900
10200
6100
6700
7900
7000
8200
7300
7900
6300
6800
32000
6700
6400
6500
6500
7600
6700
9100
6900
8600
8600
8100
8000
6900
8000
7900
8100
6900
7900
8600
8200
9800
8300
7800
6900
7800
10300
9400
7100
7600
7000
7000
7100
7100
6900
80900
4500
5100
12400
4700
5100
15500
4300
5400
4600
4700
4300
4700
5300
8800
5300
5500
15900
5400
5500
5400
5900
5500
5600
5800
5400
5700
5800
10600
6600
6200
6100
6100
6300
6500
34200
6700
6400
6300
6400
9900
6600
7200
7400
7300
10100
6700
6500
6700
6900
6800
6700
7000
7000
7500
7000
7900
7500
6600
6700
6600
6700
7700
9800
7000
6900
6800
6900
6900
7000
66800
4400
5900
4700
4200
4400
12100
4600
4700
5800
5800
16300
4600
4800
13500
7600
7400
5400
5500
5500
5300
6300
5500
5700
5300
5800
5800
5600
7100
6000
6300
25100
6100
6600
6000
9000
6300
6500
6300
6600
6400
6200
7500
6600
6400
6600
6700
6400
6700
9000
7500
6500
6900
8300
7400
7000
10900
6700
6600
6800
40100
7000
6800
6700
7000
7600
68100
15200
9100
11000
99300
4900
5400
4800
4900
4800
4500
4900
4500
4600
4500
4800
4600
9300
9800
5700
5400
5700
5400
5600
5500
5700
5600
5600
5800
5700
9800
6000
6900
6900
6900
24400
6100
6600
7000
6100
6300
6600
6400
6500
6500
6500
7400
6800
9800
6600
6700
6700
6800
6600
7100
7000
6800
7300
7100
7000
8100
7100
7500
6800
128400
7000
6900
10000
7000
7800
43800
7700
46400
7500
68000
4200
5200
4700
4400
4500
4600
4500
4500
5000
4700
4300
7500
5600
10000
6300
5600
5500
20500
5700
5300
5500
5500
5800
5600
5600
6400
6000
6600
6400
6200
6300
6400
6200
9300
6400
6500
6300
6400
7000
6500
6500
7800
6600
8600
7200
22400
7000
6800
7000
6900
7200
7200
7300
7100
9900
8100
6700
7000
6900
40800
8800
6900
6700
6900
7900
39300
7700
7100
7100
79900
4600
5100
4400
4500
4200
4700
4500
4400
4600
4500
5100
4400
5300
9500
5700
5400
5500
5300
5400
5300
5600
5400
5600
6000
8700
6000
5800
7100
6100
6300
6300
6100
8000
6200
6300
6200
6600
6300
6500
6400
6600
7200
6900
6900
25400
6700
7800
7100
6900
6800
7500
7200
7500
7300
7300
8000
20300
7200
6700
114600
6900
7700
7800
7900
8400
38700
8400
8000
8000
68500
4100
5800
7400
4400
4500
4600
4300
4600
4500
4700
4500
5100
5600
9000
5600
5800
5400
5600
5400
5700
5700
5700
5700
5500
5800
6100
5800
7000
9100
6300
6300
6100
6300
6300
6200
6300
7100
7000
6500
6400
6700
7100
8300
6800
22000
6500
7400
10200
7000
6700
7500
6900
7500
7200
7100
7700
6900
6900
6700
6900
6900
7000
6800
7000
7000
58600
7300
7000
7100
65800
4400
5000
4600
4500
4200
4500
4500
4300
4900
4400
4600
4300
7200
8800
8900
5400
5700
5700
5600
5300
5700
5700
5500
5800
5600
6200
6000
6500
6400
6000
6200
6400
6100
6500
6300
6800
6300
6400
9700
6700
6400
7400
6700
6800
39500
7600
9000
9500
7800
7100
8200
8500
7600
7300
7100
11000
6700
6800
8600
7000
6700
7000
7000
7100
8000
7200
7000
7200
6900
69000
4900
4300
4400
10300
4600
4300
7500
4500
5700
11200
5300
4800
4800
8700
27800
22300
5600
5500
5600
5600
5600
5700
5600
6400
5800
5700
7600
11800
6200
6200
6300
6000
6400
6400
6300
6800
6400
6600
6400
7200
6300
8000
7000
7100
6700
7100
9900
7200
6800
7800
7900
8700
34200
7200
7200
8400
7600
8500
7000
22700
23100
7400
8100
8800
8700
8800
8500
8300
7100
69200
9700
4500
6400
6400
5600
4800
5700
4500
4800
8600
5000
4600
19800
7900
5900
5600
5600
8400
5800
5700
5500
22800
5700
5700
24200
5800
9000
7200
6400
6100
6100
6300
6300
6200
6500
6800
6500
6400
6500
9100
6700
7600
6800
6800
6700
6800
10200
7200
7100
7700
7800
7100
129300
8600
8500
8400
6900
7100
7000
24300
11300
7300
7400
8900
7200
9900
7500
7300
7100
71600
10100
4600
5500
4500
4700
4800
4400
4600
7500
5600
5600
4800
28500
9000
5900
5500
5900
26800
13200
9100
6300
6100
7300
6500
6300
9300
9500
11000
42200
26700
6200
6400
6300
6400
6400
6600
6700
6800
6300
7700
7500
7600
6700
6700
6800
11100
7000
7100
6900
7600
7600
34200
37300
7100
7000
10200
6600
6900
6900
23100
10300
7100
6900
7400
7000
7400
6900
7200
7300
70700
8700
4900
5400
4400
4800
4800
5000
4600
7500
5200
4500
4600
18500
9400
5600
5600
5600
5700
5800
5500
5700
5500
5700
5700
5600
5800
6000
6500
75300
23200
6700
6500
6200
6200
6500
31600
7200
6400
6300
6400
6900
8200
6900
6600
6800
6800
6800
6600
7200
8000
8100
7300
7100
8800
7200
8100
6800
7000
7000
22700
11500
7100
6700
22300
7300
7700
7100
7200
7200
66400
8600
4200
5300
4500
20200
4700
4600
4500
4500
8200
4800
4600
18500
8700
6800
5700
5500
5600
5900
5900
6200
5600
6000
5500
5900
5800
6100
6300
28200
22900
6400
6300
6100
7800
6700
6400
6400
6300
6500
7600
7100
8800
8700
6900
6600
6800
10000
7000
6700
7500
6800
7300
7100
8300
7100
8200
6900
22200
7300
7400
7000
6900
7000
10900
8300
8200
117500
7500
8700
68000
8700
4400
5200
4700
4500
4500
4500
4300
4700
8200
4700
4400
20700
8700
5700
5300
5600
5500
5600
5600
20400
7200
6000
5800
37700
5700
6000
6400
48500
23300
6300
7900
8100
6100
6400
7000
6400
6100
6700
6400
7100
8100
9900
6800
6900
6700
7000
6800
7000
7600
7500
7200
7200
8500
7300
7900
6800
7100
19800
10000
6800
6900
7100
7600
8200
6900
115100
7200
8400
66000
4500
4600
4600
8600
5200
7500
4600
12500
4700
5200
4800
4900
6000
12700
5800
5300
5600
5400
5600
6600
5700
5900
5400
5800
5600
5700
6200
6900
6200
6600
6300
9500
6400
6300
38300
6700
6500
6900
6600
7600
6500
7800
7600
8500
7500
6700
6900
29000
6900
10500
10400
28900
34700
7000
7200
8600
7200
6900
7000
6900
7200
6800
7000
145300
11600
7100
7400
28100
7900
68200
5600
4500
5400
4800
4300
4400
4400
4700
4500
5200
4700
4600
4600
9200
5700
8500
5500
8600
5600
6500
6100
5800
5500
5800
5900
6200
5900
6900
6000
6500
6400
6500
6100
6300
6400
6500
6200
6500
6600
9800
6400
7700
6800
6500
7300
7400
6900
27600
6900
6800
7800
29500
34300
10500
7200
11200
7200
6900
6900
8600
7000
7300
7300
7000
6800
7000
8600
7200
9000
67900
4800
10100
5200
4200
4400
4600
4500
4500
4500
4600
6000
4900
4400
10000
5700
5400
5400
5500
5500
5300
6000
5400
5600
6500
24100
6600
6100
10300
6200
6200
6200
7900
6200
6600
6100
6400
6400
6200
8200
6700
6800
7500
6800
6800
7500
7900
6700
29600
7000
7100
7500
28000
33500
6700
6800
8200
6800
31100
6800
6800
9200
8000
6900
8100
7900
7900
6800
8200
8100
69700
5300
4200
6100
5200
4400
5200
4200
5600
5400
4500
5500
4500
7600
10300
5700
5600
5300
5500
23200
5300
5900
118600
5800
5600
6300
6300
6200
6900
6200
6600
6400
47600
9700
6900
6300
6400
7000
6400
6500
6400
6900
7600
6800
7500
28600
7200
7000
7100
7700
10700
7000
7100
7100
16300
7300
12200
7000
10500
9700
10500
9000
9800
7100
6800
7000
7000
9100
7100
7400
217100
6300
4400
5400
4400
4400
4300
4500
4500
4900
6600
4400
4700
4300
10500
5400
5600
5300
5600
5500
5300
8000
5400
5600
5600
9700
6200
6100
8100
6100
6300
6200
6000
6200
6800
6500
38200
6500
6400
6400
6300
7400
7800
6700
7300
10000
7000
7000
6800
31400
9800
7000
8500
7300
7700
7600
8000
7000
6900
7700
7000
7100
32000
7000
9300
7900
29300
33800
7000
7200
69200
4400
4700
5300
4400
4200
4400
4400
7600
4400
4700
7000
7100
7700
12400
6300
6300
7800
7900
7800
8700
8700
8900
9100
9400
8800
9400
7300
28800
6600
6300
6000
6100
11200
8700
6200
6500
6500
6200
7500
7500
6900
7500
6900
7300
7200
6800
7100
7100
7000
6900
7200
7200
10300
7600
7100
8000
9200
6800
7800
6800
21100
27200
7100
7200
9000
29400
37100
7100
6900
70200
5400
4400
4200
4400
4300
4500
4600
4400
4800
4400
4600
4400
4400
10000
5900
5500
5500
5500
5400
8900
5700
6000
7300
5700
5800
6600
5900
7100
6200
6700
6300
6200
6200
6200
6300
8100
6200
6300
6200
6400
22800
10900
28000
6700
7300
24000
6800
6900
7000
7400
7000
6900
7500
7100
7400
11100
7100
7600
7500
7100
10300
7100
7200
7900
7200
7000
7900
7100
8000
65800
7600
5900
5300
4700
5200
9800
5200
4700
6000
5700
5600
5000
4800
8600
5800
5600
5600
5900
5600
5400
5900
5500
8800
5700
5600
6000
5800
6700
6300
6500
6200
5900
6000
6200
6100
6400
7000
6500
8000
6600
6400
7500
30500
6600
7300
23200
6600
6800
8300
7400
6900
7500
7700
7200
7300
8200
9600
7400
7300
6900
8200
6800
7000
7700
7000
7100
7600
7300
7500
67500
4400
4400
8000
4600
5400
9400
5200
4500
5700
5400
4600
4800
5300
8400
5800
5500
5500
5400
5500
5500
5500
5600
5700
5800
8500
5900
5800
7000
6300
6200
6400
31500
6600
6300
6400
6700
6300
6300
6400
6200
6700
7800
30200
6800
7100
22700
6800
7300
6700
7300
7100
6900
7500
7200
7400
8000
6800
7400
10300
7000
7900
6900
7100
7700
32400
7100
8000
7000
7900
68000
4600
4200
5100
4700
8600
9300
5300
4700
5500
5500
4800
4600
4700
8600
7500
5800
5600
5500
5600
5400
5800
5500
6100
5900
5600
6400
8600
7100
6600
6500
6500
6100
6700
6500
6400
6800
6500
6600
6500
6300
6700
7300
6900
36200
10000
23600
6700
6900
7000
7000
7200
6900
7000
26900
7100
8100
7400
17600
11400
9800
8000
6900
6900
7500
7100
7200
7600
7300
7500
67800
4300
4400
5000
4300
4900
9200
5200
4400
16600
5800
4600
4700
4400
13300
8600
5500
5500
5200
5500
5500
6200
5700
6000
5500
5900
6200
5900
9800
6100
6300
6200
6000
5900
6100
6300
6700
6300
6000
6300
6300
6900
7400
6800
7700
6900
6800
6600
9700
6900
6800
6900
6900
8500
7700
7200
7600
28000
6700
7400
23400
6600
6800
9700
7600
7600
7000
7500
7100
7400
65200
4500
4200
4800
4600
5100
9200
5100
4700
6900
6400
7200
5700
4600
8500
7100
89000
5700
8200
5600
6400
5800
6300
6700
5400
6900
7100
6400
7800
9200
6100
6300
6100
6200
7000
6400
6700
6400
6400
6300
6400
6800
7300
6800
7100
7000
7000
6800
6800
7900
8000
7900
6800
7900
8100
8000
8600
29400
6600
10400
23300
6800
8500
7000
9100
7000
6900
7500
7600
7400
68900
4500
5200
7900
4700
5900
5000
4700
5300
4700
4500
42400
12600
9100
