1196500
34900
4900
4900
5200
5100
5200
5400
6100
5800
6300
6200
7900
8000
82600
64600
10200
107200
32400
12900
13000
10800
12500
11300
11700
12300
14200
13500
28600
51300
124800
14700
15900
15800
16500
14700
14100
14900
14400
17300
15800
14900
150300
64800
86200
20000
20400
166700
85900
42100
19200
20700
21200
19800
201200
23400
199400
28700
253000
27700
27100
27000
27600
28900
28700
29000
28800
34200
30500
38200
17400
9900
7100
29800
8300
8000
10000
28700
8500
31500
8600
8900
10100
9500
52800
57700
11800
85900
12400
13700
12600
12700
14500
14400
14100
15000
13900
15100
58500
77700
100100
17400
26400
17300
27500
19900
17800
18500
19900
22000
19300
18700
133900
66100
86300
47600
26700
152600
89300
42500
24200
23100
27300
25200
190600
30400
145900
15100
173000
14200
14400
13800
16400
14100
14500
14900
14500
19200
23500
18100
5300
4400
4200
4500
5000
4400
5400
21100
4700
18800
4800
4800
5500
4800
39900
15000
23700
6900
7100
19400
6900
6900
28900
7000
42600
12800
9000
7300
14200
38100
92200
9600
12000
9200
9700
9700
9300
9800
9800
11800
10200
9700
101900
54800
57000
14600
15400
115900
62300
28600
12400
11800
14500
11700
255300
20200
138500
14800
154800
15500
16600
15400
15700
14800
15100
14600
18200
38100
21900
27200
14300
13000
4700
13100
5600
6100
5300
59600
4900
19300
5900
4800
6600
6300
32400
17700
8300
6700
7300
8700
6900
8400
7100
13900
7900
7100
9300
7600
28900
27400
12200
50100
9300
9400
9400
9800
11800
10000
9900
13900
10200
11800
84100
41400
44100
21000
16000
97400
46800
25400
12200
11900
15100
11500
108400
15600
78100
14000
97200
15500
14900
16500
15400
14400
15100
20900
15000
18700
17500
18500
25300
20900
4400
16600
6000
4500
5400
49400
5100
48800
5800
18000
8900
5300
39300
25900
6700
6700
6700
14200
6900
7000
16700
7100
18900
12300
9600
7200
35800
28400
8900
64500
9200
17000
12800
18200
11800
10400
9400
13600
10000
12000
16000
51600
80800
12100
22900
11600
12400
11900
12100
11900
11900
16000
12700
11600
80600
13800
98000
13900
14700
13500
14500
20100
13700
14800
14700
18000
18500
17300
5700
6400
4000
4500
5100
4300
5000
58000
5700
20400
4800
6300
10900
4900
30000
12300
6600
7000
6700
19600
7500
7000
7300
7100
7800
7200
9400
7300
26700
26100
9800
55300
9800
22000
9000
23800
11400
9500
10300
18700
10900
12100
17000
44100
47300
11500
15400
11200
11900
11300
11500
11500
11900
14000
11500
11600
80000
33900
40300
17700
19300
73400
43200
22500
14300
13700
23300
14700
89200
19400
16300
11700
10500
11700
11800
10700
10600
10400
11100
13000
17200
11800
10900
11000
14800
15500
12700
181300
30000
26800
25900
22800
26000
22700
22600
22900
22400
29000
28900
24200
24100
24300
26900
24300
24400
209900
22500
106900
26600
17800
90000
18500
97600
23100
45500
19700
21200
18600
19400
17900
25600
21800
78900
18300
19600
106900
236200
18300
32100
15900
20900
14300
14000
16900
14200
14200
17500
72200
14600
14200
21900
12400
12100
12400
11500
12900
13800
12900
13400
12800
18900
14200
14200
15200
15900
18000
14900
68200
15300
14800
17900
15100
16500
14800
15000
16000
15200
15400
20300
17800
17200
17100
19100
15100
19500
133200
20900
76600
18000
23200
71900
18300
81300
22100
43400
18600
21400
18900
24700
25400
17800
26300
66100
16700
16600
77400
133300
18600
24200
13900
19000
15300
20600
17800
14000
14000
17400
73500
14600
14500
16200
10200
10400
11300
10900
10700
11100
10600
54400
10600
10600
10800
13200
10700
13200
15700
13100
12700
12800
12600
13100
12800
12900
12800
15100
17400
13300
19200
19100
27300
15300
14800
17500
16200
15000
104300
17700
59100
14900
20800
59200
16400
65300
20000
38000
16200
19200
16100
17000
16400
22900
18400
57600
16600
15500
75400
136700
24000
22700
14100
18900
13900
14200
24400
14500
14000
17300
91500
16000
19800
63500
11000
10200
10100
9900
10400
12200
11400
64800
11100
10800
10900
12100
11000
13400
15200
13200
14800
71000
12700
13200
12800
13000
13100
21200
15700
12900
13400
16400
18900
14800
86300
15600
15100
19000
15700
17300
44300
48500
17100
18400
17500
68800
19400
38300
16200
19300
16500
15800
16100
16700
21500
64300
16900
17700
72900
137300
18500
22000
15100
19100
15100
15600
23100
15500
14100
17800
73100
14400
14000
16600
27100
10400
10100
57800
10200
11500
16600
10400
11200
10600
10300
11300
10700
13300
37400
17100
12900
12900
12700
16000
13000
13600
16500
15800
15500
14200
61400
16100
19000
50000
50200
15700
14700
18800
15400
18100
15300
16300
22300
14900
18300
20600
16900
16600
16500
19900
17400
16600
99800
20500
64900
16500
18300
56100
18800
119100
18900
21000
13800
17600
13900
14400
17700
21000
16000
16400
70400
14600
14500
16700
10200
31000
11000
10300
10500
11700
10900
68600
9700
11700
11600
12300
10800
69800
20300
17300
15200
15400
15200
16100
14300
14400
14700
19300
16700
14800
23100
18600
20300
16600
109000
18000
19000
20400
18500
19300
17200
17300
17600
17200
23400
22600
18000
18500
18400
21400
18100
18600
169000
29100
63600
18500
18500
62800
18600
209900
19500
21800
15400
23500
15900
16500
15600
15900
18200
28800
15700
15900
31100
19500
11300
11000
12000
12000
12600
11200
11400
11100
11200
11400
12000
11400
17100
14600
14600
14200
13800
13200
13100
17500
15500
15300
13500
13100
14600
13800
14600
20100
15900
44800
16400
16700
16000
15500
50100
16500
15800
53900
20200
17500
84000
97900
19500
109200
61900
20800
18800
128700
82600
19600
18700
19500
22300
19100
71600
313500
20200
15700
21500
17600
21700
8600
8400
8500
11000
8500
8300
9200
8700
14400
10200
9500
9900
9900
10200
9000
9800
9900
9800
9500
10500
10100
15900
12600
12700
11100
11300
11200
10800
12100
12600
12000
13100
11400
11200
11000
11400
15400
15200
46500
13200
13100
12900
13000
48500
13600
13500
52100
13100
13400
78300
74600
14200
104000
67900
13300
11500
107400
67900
11300
11400
11100
13600
10800
57500
179600
10700
15300
7200
9400
9500
7500
8100
7800
9700
7000
7200
7300
7300
14900
8500
8400
7600
11800
8700
8800
9000
8800
8800
8800
9000
16000
9200
10800
9100
8100
10000
10700
10800
10000
9900
9600
9800
9800
9900
10200
10200
13800
10900
38600
10900
10600
10900
12100
43800
12200
14500
44400
11100
11100
66300
67300
11000
90200
44300
10500
10400
179200
67600
12000
11600
11100
14000
11200
60200
187700
17300
8000
8400
9800
9300
7800
7900
8100
9600
9600
8100
8100
7900
15500
9700
11800
9100
9400
9000
8500
8900
9100
8700
76100
12400
16100
7000
28500
10300
11300
11600
22100
9300
9900
12600
9300
6000
6300
6000
5800
6000
34700
7000
28100
9700
9800
10100
13100
12300
12100
72100
11900
12400
17400
11200
72000
11900
91600
47300
11600
13200
113400
65400
11400
12200
12900
14800
11800
57800
192200
13400
7600
9500
11600
10600
9600
11300
8100
10800
8900
8900
7600
9100
14400
14500
11200
12900
15000
12400
15100
13000
69100
25600
14200
10200
8900
10300
9700
10100
13400
17500
24900
11400
10500
10300
10600
13500
14000
10700
46500
13500
14300
20100
32400
12000
11800
11900
14200
13100
13000
106400
13900
12400
12200
12800
27400
12000
32000
59500
11800
11400
11700
82200
12100
12500
53600
63500
11700
175700
236000
16900
8000
17400
10400
9900
8400
8600
8800
10500
8700
9000
8700
8600
14400
10500
9900
30500
11100
10700
11400
10500
10400
10200
16600
10500
10600
10900
11800
11600
11300
12600
12600
12400
14200
11700
11600
11600
12700
12000
12100
12400
13600
19200
12400
12600
12400
12800
16700
14500
14600
27000
13400
13200
13700
13200
19300
13000
41300
12700
14400
13700
12800
49300
13100
13100
49200
11700
11600
78500
217900
8300
30600
18100
8000
8500
34400
38700
14100
8700
18800
19400
19500
31200
17800
7600
7600
8000
38300
9200
8600
8100
18000
11600
10800
11500
11000
18300
16300
11900
13000
11700
22700
13400
12200
11800
12000
11800
11100
11300
11300
11100
13900
15200
13700
13100
13600
14100
12900
71600
13100
13100
13200
19100
13300
14900
17100
13300
12900
13100
14800
13200
14100
13000
83900
14200
15000
13400
13600
13100
153300
8200
10100
8300
8200
30600
8700
17500
10800
10800
8600
8600
10700
9000
15100
35200
10000
10400
10200
10100
11700
10600
10800
11300
10900
17900
10700
16900
12800
11700
12100
11400
13300
11900
11300
11900
11900
12000
11900
11800
10800
10700
13800
14100
13900
19500
13200
13800
12700
62900
12900
13100
13200
21000
14000
14700
16900
12900
12700
12700
20100
13200
14900
13200
77900
13000
15100
13500
13400
13700
160700
9000
15400
8400
8300
8200
8700
11500
10800
10900
16100
13800
11800
8400
14600
9100
8800
9200
8600
8800
8800
32400
17300
9300
9000
12200
9400
10100
10600
10300
10000
9700
32000
11000
11100
10500
10900
11900
11400
12100
10900
10500
12600
12700
10000
10900
11100
11900
10400
70600
9800
9800
10900
19300
27000
12500
23000
11300
11200
11400
13200
11300
13700
12400
68800
11100
13300
11300
11600
11500
132100
11100
11000
6100
8400
7400
7700
10500
9300
8300
5500
4700
8000
7300
10500
12700
5400
5600
5400
8300
5300
29800
8000
8400
121100
15400
6700
7300
7700
8900
10600
10800
54400
20800
40200
9900
9000
10200
9500
10100
14400
7300
10500
9400
17100
26700
18900
7200
6900
6700
6800
13500
6800
6800
6700
9700
10000
7100
6900
22700
8200
10100
11200
9000
76200
14400
8600
7300
8300
8000
84000
5700
5800
4600
4600
4500
4600
7000
6200
11100
6800
4900
6200
7100
10300
11800
8500
12000
8400
21200
24700
11800
8300
9800
8800
8400
8400
8900
18500
23400
14100
12400
64600
14200
15700
13900
11700
12400
24400
16200
124000
12500
16300
12500
21100
13500
68400
9400
10400
7600
10000
10600
9400
8400
7000
7000
11000
13200
18600
21800
14200
17500
13100
81200
25800
12500
13000
19500
12300
14700
135700
11100
9600
6600
6800
6400
10900
11600
12000
10200
8800
7000
11300
5100
12000
6600
10700
9400
11600
8400
9600
6900
9500
9300
28300
7100
11500
6900
6700
6000
5900
6300
20100
6900
10600
11700
9000
11300
6800
6900
6300
5900
14400
6500
7800
6400
9000
6700
6600
6400
6900
6800
7200
7100
6600
6900
7900
28700
7000
11300
6900
10700
7200
32300
11000
8100
6700
11700
6900
8700
69400
4600
12000
6900
7800
4500
5500
4700
15600
4300
6000
4300
4600
4700
9200
5400
5200
5300
5400
5200
5500
5100
6600
5300
13000
5600
5400
5300
7400
5800
6400
6000
5900
5800
5900
6500
6100
6100
6400
6100
6100
6100
7100
11600
6700
6300
6400
8700
10800
9200
6600
6600
6500
6700
6600
7100
7900
8600
6700
38500
15300
6500
6600
6700
9100
6800
6700
28900
6700
6700
63000
4200
5500
4400
4300
4100
10300
3900
4500
12500
4400
4300
4300
4200
8300
6300
5100
5100
5000
5300
5000
5700
5200
5200
5500
5300
6000
6000
6400
10300
8300
6000
5700
5600
6200
6700
6000
5900
5800
6700
6200
5900
7000
6400
6300
6500
6400
6400
6300
24600
6700
6600
6500
8000
6800
6800
7700
7300
6400
32800
7700
6700
7900
6600
11800
6500
6400
29200
6600
6400
64900
4100
5200
4300
4000
3900
5300
4500
4300
13200
4200
8400
4400
4200
8100
5600
5400
5200
5000
5300
5000
5800
5100
5300
5500
6600
6000
6100
16200
6000
5600
5800
6100
6200
6000
10500
6800
6000
6700
6300
5800
7600
7800
6400
6100
6600
6400
6300
6500
7600
10600
6400
6600
8100
7800
6800
8700
7600
6400
31500
8900
17100
6600
6600
7600
6600
11000
29700
6800
7000
71100
4600
5300
4000
4000
4200
5200
4000
4200
12200
5800
7200
7400
10500
8800
6300
5100
5300
5400
6900
5200
5700
5200
5300
9600
8400
8600
7100
9400
9300
7600
8000
9200
9600
9400
9500
11400
16000
11800
10700
9700
11800
7400
6200
7800
6300
6900
6400
6900
8400
6600
6400
6600
6700
6800
6600
14500
11600
12000
40300
7700
6500
6300
6500
7500
6500
6500
35200
6600
10800
88300
7800
5600
6200
11000
6000
9100
6100
6200
19700
7100
6000
15000
6100
9600
6500
8800
6500
8900
7400
15900
11600
7800
8000
7700
7400
9100
9100
11400
13000
11000
7200
8200
9300
9600
9400
10700
7200
7100
6700
6200
37200
7300
8100
9500
189000
7700
6800
6700
8200
8400
11400
13600
11400
9100
14700
20300
10500
10400
10500
7900
6800
6400
9300
11500
11100
23500
20500
27600
14600
176500
8900
21100
9100
33500
15000
9300
8400
6600
25000
7600
5500
4700
5000
12600
38500
14100
6000
13000
18600
33800
13000
21700
9200
9500
9200
10500
27700
11900
6900
14700
78400
16000
9900
9300
48700
9000
9900
7300
6800
6200
6500
7700
7000
14800
7000
6600
6800
6800
8100
7100
7000
6800
6800
7000
7100
8100
6800
6900
6700
6700
10000
10200
17200
10700
12000
7500
7000
6800
7000
69800
6200
7000
13900
6000
4400
28800
4600
7200
9900
10700
20200
6600
5500
12900
10000
9900
8400
7600
5500
7700
5500
6100
5400
6000
6100
8000
6100
7400
6400
6300
6100
6000
6200
11200
6200
6000
6200
7100
9500
9700
9900
12100
12200
11800
8900
7400
6800
7900
8600
7700
7200
10900
12400
9600
10500
14000
11300
11600
12800
23700
9300
9100
9500
9100
9200
10500
12200
12000
45000
73800
6000
4200
5900
4400
8400
5300
5900
8100
6500
6000
4800
5900
6300
10100
7100
13700
5600
7100
6200
5400
5800
6500
5500
6300
5400
6300
6700
7800
6200
5900
7000
6800
6400
5900
6100
6100
6200
11100
8300
7000
6900
7800
6700
6800
7100
6600
7000
8000
8000
6900
7000
7000
7900
8100
13000
8200
6600
10200
7900
20300
6800
6800
6600
7700
12200
9300
9100
9800
69700
70200
4500
5100
5200
4900
5900
6600
5700
4500
4500
4300
6100
4800
4600
11400
5700
5900
7500
7600
6100
5300
11300
5500
5600
6300
6600
7900
7000
6600
6200
8000
6000
6800
6900
6200
6800
7000
6000
7000
7100
6000
10800
7700
6400
6700
6700
6900
6700
10200
9200
8800
7100
9100
8100
7100
6900
8600
13000
8300
8000
23300
6900
6700
7000
7200
6600
6900
6700
7400
62000
76800
6000
4300
4800
4600
8600
4500
5700
4500
5900
34900
5500
4900
4400
14000
7800
6400
5700
5600
6200
5600
8100
6400
5500
6600
10800
6200
6300
8600
6500
6100
6400
7500
6500
6200
6300
9400
7600
7400
9300
8900
6900
13600
7000
8100
6900
21300
7500
6700
6700
6600
9100
8100
7000
6800
8300
8200
6600
7700
12900
22000
6600
6500
6700
7200
6800
8700
7000
6800
38800
65100
4400
4000
4500
9500
5600
4400
4500
4500
4300
6800
4600
4500
4700
28700
5400
6500
5500
5300
6900
6300
5800
36100
5600
10900
6700
6100
7000
6400
5900
6100
5900
6700
6000
14000
6400
7000
7300
10300
12700
10600
10800
21100
11800
11300
11800
12100
10500
10100
7000
6900
6900
8200
8200
7100
8800
8000
6800
7500
6600
6700
11400
8000
8100
7000
6700
7100
8200
6800
7000
65300
4300
4300
6600
4600
5600
4600
4200
4500
4400
4200
4500
4600
4400
8700
5400
5700
5500
5400
6000
5400
5600
5300
5200
6000
5300
5900
7000
6500
6000
6000
5900
11100
6200
6000
6200
6700
6100
7600
6900
6300
6300
8000
6500
6300
6800
18000
6900
8600
6800
11000
7000
7700
6800
9200
7100
7800
8200
6400
6800
6700
6700
8300
7900
6700
6700
6900
12000
6900
6700
64700
4300
5500
5500
9900
4500
4200
4500
4300
4400
4500
4300
4600
17200
9600
21500
5500
10000
6000
5200
5500
5300
5600
5700
5600
5700
6000
6100
6800
6100
6000
6700
6200
6000
6100
6100
6400
7000
6100
11700
6500
6900
8500
6800
6700
7400
6600
6700
7600
6700
7500
7700
6900
7000
6700
8700
12700
7000
6800
6700
8100
27200
7000
6700
6600
7000
6900
6900
6600
7000
78700
5300
7200
7200
5300
6800
5500
5900
4300
4800
5700
6100
4500
4800
8300
5500
5600
5600
5600
5400
10000
5300
5500
5500
5900
5700
6100
5600
6600
6600
6000
6700
6100
6100
5800
6200
6200
6800
6100
6700
6100
11200
8300
6600
6500
7200
7000
7300
7400
6800
6400
7700
6600
6900
6900
6700
7800
11400
6700
6600
7700
26700
7300
6800
6700
6600
6800
6800
6800
6900
67800
16400
11700
5800
4400
5600
4500
4400
4400
4500
5900
5700
4700
4600
10800
6200
5500
6000
5400
5400
5500
5400
9900
5200
6100
5700
5900
5800
6600
6300
6300
6000
6900
6200
6500
6200
6300
7200
6200
6400
6200
7400
12700
6700
6500
7500
6500
6800
7400
6800
6800
7500
6900
6800
7000
8300
9300
6800
6500
11600
7800
26000
6700
6800
6800
7000
7500
6600
6900
7100
69000
4600
5400
8000
5900
6800
5800
4500
5700
5600
6700
6900
5900
5700
8800
6500
5500
7000
20800
5900
6800
5400
6800
5500
7600
12400
6200
5800
8800
6100
6200
6400
7000
6200
6300
6300
6500
7000
6400
6500
6400
7000
7000
6800
11500
7600
6800
6600
6500
7000
6900
7800
18300
8000
7200
7900
8100
6900
6700
33200
23700
39400
7000
6900
6900
6700
6800
6800
7000
7000
77600
4300
5400
5900
4300
5700
4500
4600
4400
4400
5700
5900
4500
4900
7600
5300
5500
5500
5500
5200
5600
9800
5400
5500
5800
5700
6000
5700
6300
6000
6200
6100
7200
6000
6100
6100
6200
6700
10200
6300
6300
6900
11700
6800
6600
7500
28000
7000
6400
6700
6700
7400
6800
7500
7100
7600
8800
11600
7000
7600
6900
6700
8400
7000
6700
8700
7100
6800
7000
6900
68100
4400
9900
6200
4500
5600
5200
4500
4400
4600
5500
5700
4800
4600
8100
5600
5300
6000
5800
5300
7300
5300
5500
10600
6100
5700
6400
5700
6400
6200
6100
6600
7000
6400
6300
7900
6600
7100
6300
6400
6200
7100
11800
6700
7400
7600
6800
6500
7200
7000
6900
7700
7800
7700
7100
7800
8900
6800
11200
7800
6600
6800
8200
6800
6900
8100
6800
7100
7000
7000
67300
4700
4500
4500
10800
11600
6500
4700
4600
4600
4500
4400
4500
5000
9800
5400
5600
5200
11500
5500
6200
5600
24100
5600
6200
5600
6400
6300
6600
5700
10800
6000
5800
6100
6200
5900
6100
6700
6200
6000
6300
36100
7400
7200
6500
6700
6600
6600
6500
11500
6800
6600
6800
6700
6600
19200
7900
7400
7700
6700
6700
6800
6900
6600
7600
37900
11800
7700
6800
34600
70800
4300
5400
4300
4300
5400
4500
4600
5400
5400
4600
6400
4400
9000
7800
5200
5400
5100
5400
5300
5500
5600
5500
5600
5600
5600
5700
5700
6700
5900
5900
5900
5700
5900
6000
16300
6400
11300
7900
6200
6200
32900
7200
7300
6600
6300
6400
6500
6500
6800
6700
6600
6800
6800
6800
6600
12200
6800
7300
6500
6600
6700
6800
6500
7300
35400
7400
7600
6900
32500
68600
4200
5800
4100
4200
5300
4400
4600
5200
5600
4600
5700
4300
4300
8800
5200
5400
5200
5600
37900
5400
5400
5400
5400
5900
5600
5500
5700
6200
6000
5900
6200
6000
6000
6100
6300
6100
5900
6900
6300
6200
6100
11200
7100
6600
6300
6600
7000
6500
6700
6600
6900
6600
6700
6600
6500
7700
6600
7300
6800
8300
11700
6900
6500
8300
42100
6800
7500
6800
32200
67000
4400
5300
4100
4200
10200
4500
4700
5200
5500
4600
5200
4500
4400
8900
5200
5500
5200
5500
5200
5300
5400
5200
5600
5700
15300
6200
5600
6200
10500
6100
7600
6100
6200
6200
6100
6100
6100
6900
6400
6000
6300
6900
6500
6600
6400
6600
6600
6500
6700
11500
7300
6900
6600
7000
33500
7900
6600
18500
6900
6400
6700
6800
6500
7300
39500
6800
7800
6800
32200
66600
4300
5100
4100
4200
5100
4400
4300
5200
5400
4600
9900
4500
4500
8500
6000
28900
5200
5500
5200
5600
6000
5500
5700
5900
5700
5700
5500
6300
6000
6100
6000
5900
10800
6200
6100
6200
6200
7400
6400
6200
6400
7000
6700
6700
6400
6500
6700
6800
6600
6800
7400
8200
11400
6700
33400
7500
7400
6600
6700
6600
6300
6900
6900
35100
6800
6800
6800
6600
11800
66900
4400
5100
4100
4200
5100
4400
4300
5200
5300
4300
5300
4600
4400
7600
6600
5300
5300
5200
7500
5400
6800
6500
5500
7200
8200
5900
7000
7400
7200
7100
5900
7800
7200
6200
7100
7300
9000
9800
6300
6300
11700
6900
6900
6700
6500
6600
6600
6700
16800
14200
8200
6900
6800
6700
33800
7500
12400
6700
6600
6700
6500
6500
6900
6800
6800
6700
6900
6800
6800
67000
4300
5300
4600
4300
4400
4600
4300
9700
13800
4500
5900
4400
11600
8900
5600
6100
5900
5300
7400
5300
5600
5300
5500
6000
5400
6200
5700
6600
18400
11300
7000
6400
6100
6200
6200
6900
6400
6600
7000
7900
6400
8800
7600
6600
6700
7000
14200
7000
10600
9600
8700
12200
11500
9800
7300
8400
8200
7200
11300
47000
20500
20000
11800
10600
12200
8700
11600
21500
20800
168300
11000
6600
6800
5000
4600
4600
4800
6200
12800
4700
4700
4700
6400
10200
6000
5600
5800
5900
5600
5600
5700
5400
5900
5300
5600
5800
5800
6800
6200
5800
12100
6100
6400
6500
13100
7100
6500
6300
7100
8900
27200
10000
6700
6700
6600
6700
6700
12000
6900
6500
8300
6900
11100
11000
11500
13100
9000
7200
7000
32800
8600
7000
13900
7200
6800
6900
10800
8700
9800
94800
11100
11800
10400
6500
4800
5500
4800
9900
8400
16200
6100
7500
10000
14900
6600
8400
6600
9300
10000
6900
6600
5700
6100
5400
5800
7900
9300
10800
10000
9600
12800
6300
6300
6500
6300
6500
6300
7500
6400
7100
6400
11100
7100
10100
6900
7300
8700
12200
6800
6800
8000
27200
8400
6900
7000
17200
13400
8800
7100
32000
12400
10600
13600
9200
7400
11900
11200
10300
12200
110100
8300
6900
9700
6200
7900
5600
7000
7200
7900
13300
5200
6300
8300
13100
16900
9300
10000
9300
8900
9300
9700
8700
51200
14900
11000
18800
13900
15000
15800
12200
8000
43500
10500
9300
8500
9700
9900
18800
18000
9500
6500
8500
9700
10300
12700
16100
11600
11600
11200
21000
13900
11400
13900
13200
7500
9500
9800
10600
7100
40300
14000
11900
19500
11900
13500
12300
11400
7400
11600
82700
38100
7400
9900
17000
11800
49800
8400
9000
7400
8700
16500
8900
13200
15800
10000
9800
9800
9600
10400
43000
9700
9000
6400
5700
5800
6500
9300
7600
6000
17400
10100
9800
9300
11100
9700
66000
47900
16400
12000
12900
11900
17400
12500
15600
14000
12700
12500
20600
12700
14000
12700
12500
14600
14600
12800
16900
12500
12400
12400
12400
12200
12300
12500
19000
14400
12700
12600
12400
12900
170200
75200
26600
11600
21800
8300
8000
8500
11800
8700
9200
72100
63000
15600
19100
9900
10900
10100
10100
10200
9800
9900
10500
10300
10000
9800
10700
10500
11700
15000
12400
12200
18400
10500
21300
11400
15000
15400
17300
15100
16900
16000
18500
10100
9400
13400
11400
11200
11700
11600
19100
10000
10700
12600
11400
13200
16200
11700
14900
11900
11000
11100
11400
11700
25900
17700
21000
13100
16000
16200
147900
11200
8300
8000
26100
10500
8500
10500
8500
8600
8500
8600
8500
13600
17000
9600
9000
8700
7900
8900
11200
8600
8800
9000
8900
8700
10800
9300
11300
9700
9400
12500
10300
9900
9200
10900
11500
9900
10100
9800
10800
13000
11400
11900
10400
10700
7400
11400
10300
25200
27000
29100
23900
21000
13500
14000
16100
21400
22800
23500
12700
8500
10400
8000
9500
10700
9400
13700
11100
11700
73000
6800
5300
6400
7500
4300
5500
4000
5300
5900
5100
6400
5000
20000
11100
5200
6300
5600
6200
5100
11300
7100
7900
8400
8600
9100
9700
9800
17400
10200
9700
9900
10800
9800
9600
11000
10500
11500
10100
10100
16700
10700
12100
11700
10100
11700
96700
81100
14800
16100
12600
12500
12600
12400
12600
12700
15500
12700
15200
12800
12000
12300
14200
12100
14300
12800
13000
12800
15800
12400
135200
13300
8000
16100
17000
12300
7500
8200
8300
8300
6400
8400
7700
31000
15800
10000
9500
10700
11800
9600
9900
22200
8800
6000
8700
8200
16200
6400
6300
6400
5600
5700
5900
5600
6500
5600
6600
5700
6100
5900
5900
5700
7300
7200
11700
10600
6500
6300
7300
6400
6300
9800
7100
9400
12500
22500
12700
11900
13900
12500
12100
12000
19500
13500
13700
11400
10100
7500
11200
10300
134400
14600
9400
9200
8800
8200
8100
7600
17100
7800
7900
8200
8100
27800
14500
9200
9100
10100
9200
9400
9200
9400
9400
9300
9400
9300
9600
10400
11000
10300
10400
10000
17300
10300
11300
10200
11000
18300
42100
22900
11800
18600
13800
11300
8200
11500
11900
8900
6800
8400
15200
7300
15100
9700
17100
13400
15700
10500
8300
7300
7200
11300
8500
11200
12300
10400
27600
11700
10700
11800
74300
6200
4200
5700
5600
4600
4300
4300
4300
4500
4500
4400
4500
18700
16100
24100
9200
6300
5200
5200
5400
5600
5300
5200
5400
5500
5500
5900
6500
6700
6300
5700
5800
6000
6800
5900
11600
6100
6200
6100
6100
6000
7200
6200
6400
6600
8900
6900
6700
7500
8300
7000
7100
8300
8000
7800
7700
7800
6600
8900
6900
6500
6700
7500
7400
7500
6700
6800
6900
7800
67800
6700
4400
5400
5800
4200
4500
4300
4400
4500
4200
4400
4400
14000
10800
5300
5900
6000
5000
5400
5200
12000
7000
8000
8900
8400
8900
10400
9700
7800
6100
5800
6300
5700
6500
5600
6400
5900
6000
6000
5800
6000
11300
6900
6400
6300
7300
7200
6100
7500
6900
6500
6300
10500
19000
8300
7800
7700
6400
7300
6500
6000
7100
6400
6400
6400
6400
6500
6500
12900
64500
4500
5400
14100
4400
6300
6400
4200
5300
4200
4200
4400
4200
4400
