1539200
66100
9700
8700
13200
118400
11100
9900
14800
15600
12500
11700
10900
11500
96600
161200
112100
68400
60900
11200
20500
11700
14100
15400
123800
13200
111100
14500
62500
96000
106500
101600
19700
15500
31400
21600
116300
16400
16200
17700
17000
16800
218000
20800
105700
21600
161400
208300
20500
22100
22400
21800
20900
22200
20600
21700
110800
162400
23100
156400
23700
208800
24500
163300
25300
127300
25100
27400
25700
24900
14700
16100
9600
6200
20300
15000
13100
7300
7300
7700
8200
7800
8100
8400
37100
36700
38700
49400
35700
11200
11800
11400
11400
12100
65700
12600
54700
12600
47700
62400
65200
58700
15500
15200
19100
17000
69100
15800
16800
17700
17000
21500
103000
18700
68200
19700
106600
119900
20100
21400
21900
19900
25600
21900
20900
20900
83100
122100
22700
133000
24000
168200
24100
149400
24700
113300
25000
26900
25200
25100
9500
15000
9700
6000
19100
11300
16600
7300
7900
7500
9200
8100
8400
8200
28700
25000
10400
24400
13600
46500
31300
11500
12300
12700
11900
13600
45400
13500
46600
65800
58600
56800
15500
14900
18300
17500
69300
16300
16800
18300
17200
16900
113500
24300
48600
20600
81000
97100
21900
20100
23100
20600
22300
24300
21600
22700
54300
72100
22700
75800
23300
102200
24600
91400
26900
74700
28200
27400
26400
25500
16300
6700
3000
2800
6400
3000
14900
2900
3100
3600
3100
2900
3600
3100
11700
16200
4600
15100
6800
24100
15300
5000
5600
7200
5300
6300
24900
4500
33000
50800
59900
40900
41300
25200
12800
12100
9700
22200
58200
9600
61000
11300
92100
8700
35300
11500
61200
64700
7800
8200
9300
8300
7800
9200
7700
11800
35500
53600
8700
65100
9200
85700
9500
71900
9400
57500
9700
11000
9500
13900
41000
7200
5800
2800
7300
6700
6000
2900
3300
3500
3400
3100
3000
3000
14300
9500
4800
7500
5700
19800
8200
4800
5500
5600
4800
10200
12800
4700
18700
21400
22000
22700
17100
9400
6700
14000
6300
13000
26000
17000
32200
6600
24000
31500
31400
27800
11300
7500
11400
13000
34900
7800
12700
9500
19600
8300
30500
48000
8800
66600
9200
73000
9500
58500
9600
45300
10100
10900
9500
9200
8500
5800
9300
2800
6300
16000
9200
2800
3100
3500
3400
2900
3600
2900
15900
12300
4500
10600
5400
22200
4300
4800
5100
5500
4500
5900
4500
4400
24000
18700
21300
27600
16300
8300
8100
22400
6100
12700
24300
24600
31400
6500
25400
31300
26000
27200
7900
7400
10600
7700
28700
126300
20800
26400
30500
9100
67100
10100
47400
11400
58100
75500
9900
10200
11900
9300
18900
10600
9600
9200
11900
7100
6500
7100
6600
6700
9200
8800
7100
6700
11800
10700
6500
8000
8900
147600
111700
28300
18400
17400
16700
18800
16700
17700
16700
20300
16300
15600
22300
18300
16700
17100
19100
18600
18200
17300
17000
71000
108200
11900
11600
13400
93600
15400
38100
13100
19000
57400
12000
13800
11800
13400
11700
62300
75200
18100
128600
10900
10100
18600
26100
10700
16300
16500
12300
10500
25400
21700
15400
10700
13900
8200
8400
7600
7700
7700
9300
8600
8000
8100
9100
8800
8100
8200
10300
33800
39600
14400
9600
10200
9700
11000
9900
11900
11200
10000
10800
9600
13900
12700
12100
11500
11700
17400
12400
11900
11200
37000
81100
12100
11700
12400
60600
12700
33600
13700
14700
53100
15000
15300
12700
14400
17300
63800
61100
13200
121900
11000
10200
19200
26400
14700
16400
16100
14000
10400
24700
23100
10700
10700
12900
7800
8800
7900
7700
8000
8700
8900
7900
12200
7800
8600
8100
8100
10100
9400
9700
9700
9600
9500
11500
9800
34500
10300
41000
14400
10400
11500
13800
12800
11600
11300
11300
13300
12300
11600
11900
43800
114800
14000
13500
12700
59200
12700
34100
15900
20100
53300
14400
14200
12600
14600
12500
67300
62000
17700
120800
11400
10300
18700
25700
10300
17800
16000
13800
10800
48800
22300
15600
10700
41100
7800
9200
8400
7600
7900
8900
9700
7700
7900
7800
8400
8100
8100
10000
9500
43900
10000
55600
9900
11100
10200
9700
9800
9700
10000
10000
11800
12100
35600
47400
11500
12500
13900
12900
15700
11900
14600
14400
13200
13500
12600
64700
12800
37400
15700
16800
57200
12700
16400
13000
15800
18800
62700
59800
12900
121000
10700
9900
18300
25500
10500
20400
16000
12200
10400
24200
22900
10700
10800
14800
8200
8600
7800
7700
7600
8800
8500
61900
12100
6900
7800
7800
7200
16500
8800
9100
8700
8300
8600
10100
8600
9100
8500
29600
13200
9100
10200
10800
27900
45000
10000
26500
14400
10400
11800
14800
11600
12000
11400
11200
10200
17900
16200
13100
11400
11800
13800
13100
17100
11400
31700
58400
50100
40800
14500
80600
10600
10700
19800
26800
11000
16000
16000
15300
11800
24300
21400
10500
14800
9300
25500
6900
7100
6400
8300
7400
6900
6800
6600
6700
6800
9100
7100
8800
8300
8500
8500
8300
8400
14000
8700
10000
31300
8500
9000
10100
10100
10600
27800
32400
10100
38000
11300
10100
11400
10500
11000
11900
10800
11100
10300
14300
13200
38500
11100
11700
13300
12600
11600
11300
30900
99600
16100
40200
12900
109800
10200
20800
11900
14300
30200
10100
11900
10100
11900
10300
23100
23300
10200
10600
7500
7300
7000
7200
7200
6800
7200
6800
11400
8400
6800
7100
7000
9500
9400
8400
8400
8500
30100
8200
8600
9900
8600
8500
9700
13200
34800
11600
21500
9900
10200
10100
11700
10900
41200
12700
11900
10700
16500
10600
10400
13100
12500
13700
11200
11800
12900
11300
12900
12800
11600
11600
11600
44500
11700
73000
12100
10600
10100
10100
10000
9900
10200
9900
10300
30600
10300
10000
10300
15700
7600
6700
6900
6700
8700
7400
7100
6900
6700
6800
7100
7100
7000
7700
12500
6300
7200
6500
32400
11100
6600
7600
6400
6400
7600
6400
33000
7800
17900
7400
7000
6900
8300
6900
44400
8200
8100
7400
7300
7100
7200
10200
7700
8300
7700
7100
8700
7300
12300
8500
7600
7400
7200
35000
7100
66000
6500
5000
4700
4700
5100
4900
4600
9400
4700
25100
4900
5000
5000
9000
6300
30600
5900
8000
8200
5900
6100
5500
5600
5700
6100
7200
10900
6800
7300
7100
8300
6400
7100
6500
27600
6400
6700
6500
8000
6600
7000
8100
22700
6900
6900
7600
8100
7100
39400
8400
8000
6900
7200
7000
7300
8600
6800
12400
8200
8200
8400
7000
8200
8000
7100
7300
6900
36100
7300
66900
10400
4500
4500
4700
4400
4800
4600
4500
4700
24100
4900
4800
4800
9200
6200
5500
5700
6100
6200
5700
7200
10100
5600
5800
5900
35300
5900
16100
7000
7100
6300
6300
6900
6500
6400
6500
6900
10600
6400
6500
6500
7600
7700
6800
8500
7100
28100
6800
7000
8900
7100
6900
8300
11600
32500
8600
7200
8300
7000
7300
8200
7100
8000
10300
7100
8900
7900
40100
8400
68300
8500
4500
5600
4700
5700
5900
4500
5800
5900
28900
5800
6800
9400
8100
6000
6200
5700
5900
6200
5600
6200
5900
5500
5800
7600
6000
6000
6400
7100
7000
6500
6300
6900
12300
6600
6500
6300
6500
6400
6400
6500
7500
7600
6900
7000
34900
28000
7000
11300
8500
7100
7100
8500
7200
32200
8300
19700
7200
7000
6800
8400
11800
37500
8400
8700
7400
7300
7600
7400
65900
6200
4600
4400
4700
4600
4600
9100
4600
5100
23900
4900
4700
4600
9300
6300
5300
5600
5600
5900
5700
5900
5900
6100
5800
6000
5800
6000
6500
11100
6700
6300
7700
6900
6200
6400
6500
6400
6300
6500
6400
7500
7400
7600
7000
6900
7200
32200
7200
7200
8400
7100
7100
8400
7200
32900
8000
18500
7100
7200
6800
8100
7100
36700
9000
8200
7100
7200
7100
7300
93900
4600
5700
4600
4700
6000
4900
5600
5900
16800
5000
4700
13500
5000
8900
6100
5600
5800
5400
5600
5500
10500
13100
5900
5600
6200
7600
6200
6800
6400
6800
6100
6200
8800
6900
6500
7500
30400
6900
6900
11400
7300
7700
6900
6800
6700
8000
6900
8000
6900
7000
29600
7100
7000
7100
7800
14200
8100
7800
7400
7200
6900
7100
8000
7300
7000
8100
7300
7100
8400
68800
9600
4700
4700
16100
6100
15900
4800
5900
4700
6200
4900
13100
4600
9200
5700
5500
5600
5500
5500
5400
10200
7100
5400
5800
6200
5700
5700
6600
6300
7300
6200
6000
6100
6300
6300
6200
30600
7400
10600
6300
6900
7800
6800
6600
7000
7500
6900
8300
7000
6900
29700
8400
7700
9000
8000
13900
7700
6900
6900
7300
8500
7200
58400
13300
11400
11700
12500
11300
8500
78800
4800
4500
4300
15800
6000
16300
4500
6000
4700
8400
5100
12900
4900
9400
5700
5700
5400
5800
5500
13000
5600
6500
5800
5700
6300
6100
5800
7000
6800
6300
6300
28700
6900
6300
6300
6500
6500
10900
6400
8100
6600
7600
7600
7000
6600
7900
6900
7900
7500
7100
29500
7100
7000
7800
12200
9600
7800
7100
7000
7100
6900
6700
6900
7100
7100
7800
7100
6800
8200
72100
5000
4600
4500
24000
6200
15600
5000
5900
4700
6700
4900
13100
4600
9500
5700
5500
6000
5500
10700
5500
5800
6100
5700
5900
6400
6000
5800
8200
7200
6100
6500
6300
6400
8200
6500
8000
6700
6200
6500
11000
6600
7400
6900
8500
6600
31300
6900
7100
8300
7100
30300
7700
6800
6900
12300
9300
7800
6900
6900
6700
7500
6900
7500
7000
7000
7800
6900
7000
8000
71600
4400
4500
4300
14300
5800
15500
4400
6000
4500
6300
4500
12800
4800
10000
5500
5600
5400
10000
6000
5300
5600
6000
5700
5900
6400
5800
5900
7000
6800
6300
6300
6200
6100
6300
6300
6500
6400
6400
10600
7000
6400
7400
6700
8900
6800
6900
6900
7000
6800
7000
30000
8000
7000
6900
12300
7800
7000
6900
7000
7900
7100
9800
7100
7000
30200
7100
7000
7300
8300
69900
4700
4900
4500
13600
5800
15700
4600
5800
4600
6200
4800
12800
4800
8200
5700
5500
34900
5900
5600
5500
5700
6100
5600
5800
6400
5900
5800
6900
6800
6300
6400
6200
6200
6500
6400
7900
6300
7500
7400
8800
6500
9500
6800
9700
6800
7800
7900
6800
6900
8200
33300
9200
11600
6900
8100
8000
7100
7700
6800
8000
6800
8200
7100
6800
29200
7000
6900
70700
13800
67200
5700
4600
4500
6600
4600
4600
4700
4800
4600
6100
4600
9200
6700
8500
5600
6600
5300
5700
5800
5600
5700
6300
5700
5500
5800
5800
5700
6800
6600
39900
6400
34700
6300
6200
6300
6300
6900
6100
6300
6400
6300
7400
6900
6600
6800
6800
6900
6600
6900
7500
6800
11200
7100
7000
6800
8000
25000
7200
6700
6900
7100
7100
7900
6900
42400
7100
11800
7100
6900
65900
5500
4400
4500
4500
4600
14800
5600
4700
4600
5700
4700
4700
26500
12100
6900
5600
5300
5700
5400
5600
5600
5600
5700
5500
5800
5800
5700
6700
6900
38900
6200
31900
6300
6200
6200
6300
6900
6000
6300
6500
6300
7600
6900
7000
6900
6800
6800
6600
6900
6900
8400
6900
11200
7100
9000
8100
25800
6800
6600
6800
6900
6900
7500
6700
41400
7000
7700
11500
7000
66200
5300
4300
4500
4400
4500
13200
5500
4600
4600
5700
4700
5000
25700
8000
5500
9700
5500
5700
6800
5600
5600
27600
5500
5700
5600
5800
5800
16800
14900
6300
6300
6200
6900
6400
6100
10900
27500
6200
6600
7000
6500
7300
6800
6500
6800
6800
6600
6700
6700
6700
11000
7000
7000
6700
7500
8000
25400
6700
6700
6700
6800
6600
7600
7000
42600
11200
7700
7100
6700
66700
5400
4300
4400
4300
4700
13400
5400
4800
4400
5700
4800
4500
29900
7400
5700
5300
5300
5600
5200
5600
5300
6300
5400
5600
5900
5600
6900
6500
6300
6200
6100
6200
6700
6100
6700
6500
10400
6200
6300
8000
6600
7200
7300
39700
6800
29100
6900
7000
7200
7700
7700
11100
7100
6800
7000
8300
27200
6800
6600
6800
6900
6800
7800
6800
44200
7000
12000
7600
6900
67300
5300
4300
5900
4400
4500
13600
5500
4800
4600
6100
4800
4600
25200
7300
5600
5400
5300
5500
5300
5700
5400
5600
5300
5500
5800
5700
5800
6400
6300
6400
5900
6300
6700
6400
6100
6800
6200
10900
6500
6400
60800
7700
7600
45900
6600
28700
6600
7000
6800
12300
7800
6800
7000
6900
6900
7700
7000
7300
6700
7800
7000
6800
27700
7000
11900
10700
7100
10400
16400
81400
5500
4600
4300
4400
4600
11100
5400
4500
4700
5700
5000
4500
19500
7700
6100
5600
10000
30000
5800
5500
6600
5500
5700
35200
6300
5900
5800
6300
6400
6200
6100
6000
6800
6500
10600
6900
6300
6100
6400
6500
6300
7300
7400
37200
6800
27000
6800
7000
6700
7000
7900
7000
7000
7100
7100
7900
6900
8400
7000
6700
6800
6600
6900
7100
7000
6800
7800
7000
11300
66000
8600
4300
4500
4400
4700
4400
5800
10800
14100
4800
5600
4700
4800
8700
6100
5800
5700
5400
6000
5400
5900
10600
5500
5700
5600
5900
6200
7000
7000
6300
6300
6300
6300
7300
6200
6300
6900
7300
6500
6300
6500
12500
7900
6900
21600
6700
8000
6700
7500
7100
7100
6700
7000
7900
7200
9400
11600
8100
31500
7500
8800
7100
8500
7300
7200
6900
7000
7000
33400
69300
6000
4700
5700
4500
12200
4500
5600
4700
6400
5900
4800
5800
7400
10200
7400
5600
6800
5800
6800
6800
5600
7100
5700
11300
6000
6100
5800
6900
6900
6200
6100
6300
6400
6900
6300
6100
6800
7900
6500
6500
6200
12500
7800
7100
20400
6800
7500
7000
6800
7400
6800
6900
6800
8000
6900
8000
7700
12500
30700
6900
7900
7000
6900
6700
6900
7000
7900
7100
37800
73200
4600
4700
4700
4600
10000
4700
4400
6000
4500
4700
4800
4500
6300
8100
5800
5700
5700
5800
5500
5700
5500
6200
5600
6000
10400
6000
5700
7000
7300
7300
6300
6400
6900
6300
7000
6900
6300
6400
6400
7000
6600
7600
12100
6800
20500
7000
7700
7300
7000
7000
6700
6800
7000
7800
7000
9400
6700
12500
32100
7100
8000
7600
7000
7000
7000
6700
7000
9300
32700
65200
5100
9200
4700
4400
9700
4600
4400
6400
4800
4400
4700
4700
6000
7700
5600
17700
5500
5400
5600
5400
5600
5500
5600
10900
5900
5500
6000
6700
6800
7100
6500
7700
6900
6600
6900
6900
7300
6400
6200
6900
6800
12900
7800
7000
6900
6900
6900
7700
7000
7100
7600
7100
7100
6900
7200
8200
7000
8000
35300
6700
8200
7000
6700
7000
7000
7600
6700
7000
32900
66000
4700
4300
10200
4600
9600
4500
4600
4700
4500
4700
4600
4600
6100
7100
5500
5500
5600
29200
5600
5400
5700
5500
5700
10600
5600
5700
6500
6400
6700
6900
6400
6100
6900
6400
6800
6800
6300
6100
6400
6900
6500
7600
11800
9800
7100
6800
6700
7700
6700
6900
7700
7700
7000
31800
7100
8100
7900
11200
20400
7000
7900
7100
7000
7100
6700
6900
7200
8300
7200
70900
4500
4500
4400
8900
10000
4600
4400
4600
4700
4600
4800
4800
6200
7500
5400
6000
5900
5600
5300
6300
5400
5600
5600
5800
5900
5800
5600
11500
6600
6900
6200
6700
6600
6300
6500
6700
6800
6400
6400
6700
6400
7700
7800
6900
6700
10900
7000
7700
26900
6900
7700
7100
7800
7200
6900
7900
7900
6900
20600
11500
8000
7100
7000
8300
7700
6900
6900
8900
7200
67400
4900
5900
10900
4500
10700
4500
5300
4600
4800
4700
4700
4800
10300
9800
5600
6100
6000
5700
5400
5800
5600
5700
5400
6000
5900
6300
5600
7700
12600
6900
6700
6800
6800
6100
6400
6400
6500
6300
6600
6500
6300
7700
7100
8400
7000
6900
6800
11400
7100
8000
6800
7000
6900
7000
7100
8400
7000
8100
7000
7000
6900
9300
7200
12500
7000
6800
42400
7300
8400
72300
6900
9100
6200
11000
9900
4800
5100
6000
4800
4800
4800
4900
4700
8500
5600
5900
5800
6000
5400
5700
5500
6500
5700
6100
5900
6100
5800
12100
9000
6800
6800
6800
6800
6100
6300
6400
6400
6200
6400
6800
6400
7700
7000
7600
6800
11700
6800
6800
7100
8800
8500
7000
7100
8300
7700
8300
6800
7700
7000
6900
6800
8100
11900
8100
7000
7100
39700
7200
8300
69200
6600
8100
6100
15200
4800
4400
4800
6300
4800
4800
4600
4800
4700
8900
5700
5900
5600
6000
5400
5700
5600
5700
5800
5900
5900
6000
10500
6600
6100
7100
6900
6300
6200
6500
7100
6400
6200
7100
6500
6500
6500
7500
6900
7400
11400
6800
6900
6600
6900
7800
6800
6900
7100
6800
7000
8100
6800
7700
6900
6900
7100
9800
8300
9100
8100
8700
43800
7700
11600
70800
7000
8200
10500
11100
4700
4500
4700
5800
4700
5300
5200
4800
5500
8300
5600
6300
5600
5900
5500
5700
5400
5700
5500
5900
5900
10300
5800
6700
6300
6900
6800
6300
6200
6100
6300
6600
6500
6900
6500
6300
6500
8300
6900
12000
7600
9000
8500
6900
7000
7000
6800
6900
6900
7000
7000
8300
6900
7700
6800
7000
8100
9200
8300
12200
8200
8000
43000
8100
9300
125100
9000
11500
5900
13800
4800
4600
4600
6000
4600
4800
4600
4800
5000
12900
6100
6000
5800
11500
5700
5400
5700
5600
5900
6000
6200
35600
5800
7100
6300
7000
6900
6500
6000
6300
6400
11800
6300
7300
6300
6600
6500
8500
6800
7800
7700
10800
7700
6900
7600
7000
6900
7000
12000
7200
6900
7900
7200
8500
7100
7100
7200
8700
7100
8100
7200
8200
7000
9300
7200
71800
6200
6200
5600
10300
4800
4600
4500
6000
4600
18500
4900
4600
4900
9100
5500
11900
7500
6200
5700
5500
5600
5900
5700
6500
5900
5800
6000
6600
6200
7000
7000
6200
6200
6000
6200
6500
11400
7800
7100
6400
6500
8400
7100
7500
7800
8000
7700
7000
6600
7400
7200
7000
6900
11700
7100
8200
7000
8100
7100
6900
6700
27300
7000
8200
6900
7700
7300
8300
11500
71300
4600
5700
4600
4800
4700
6400
4900
6600
4800
4700
13200
5000
6200
11100
5900
52400
10800
6400
5600
6800
5700
5500
6200
5600
6000
5800
5900
7600
7000
6500
6400
6200
6500
6600
6500
6300
11700
6500
6500
6600
7700
8700
7000
6800
7000
8000
7200
7600
7000
7200
8300
7100
7100
8200
12200
10500
7100
7200
7100
8900
7300
7500
6900
7300
7900
7200
7400
7000
7400
70600
4600
4700
6500
5000
4500
4800
5300
4900
6500
7000
5200
5000
6500
9600
6400
5800
5700
5400
5600
5500
11100
5900
11100
5900
6200
5700
6300
7500
7200
6400
6100
7900
6500
6200
6300
6500
7200
6600
6500
6200
11500
8700
6800
6800
7000
7700
6900
6900
6700
7000
8500
7100
7000
8000
7300
12800
7000
7300
6900
8400
7100
33000
7400
7200
7200
6800
7200
7200
7400
74100
4800
185800
16700
5200
4900
4700
4500
6600
6300
6800
5000
4800
6400
9700
7000
5600
5100
5400
5900
5600
6200
5600
5800
5500
11000
5600
6000
6700
6300
5900
6100
7100
6300
6900
6300
6500
7100
6300
6200
6300
7000
13100
6800
6600
6600
7500
6900
6800
6700
6400
7700
6700
6500
7800
6800
8600
7100
6800
10800
8100
7200
9000
6700
6900
7100
7400
7000
6900
6800
65700
4300
4500
5500
4500
4400
4300
8800
4500
6200
6600
4800
5000
6000
10400
6000
5400
5600
5300
37400
5500
5900
5600
5300
5800
6100
5500
5900
11300
6300
6900
6200
6800
6200
8900
6400
6200
7000
6300
6500
6400
6200
8600
7500
6700
10900
7100
6800
6600
6800
6800
7700
7400
6800
6700
7700
8100
6800
6500
6700
8500
6700
13700
7100
7000
7000
6700
7100
7200
7000
64900
4500
4300
5700
4300
4400
4500
4300
5000
7100
10500
4700
4500
6100
9200
5800
5300
5400
5300
5300
5400
5700
5700
5300
5600
6000
5600
5800
6500
6200
6100
10400
7200
6000
6900
6000
6100
6900
6300
6100
6600
6300
7900
7300
6700
6400
6700
7000
6700
6700
8700
8600
6800
7800
7800
8900
10500
7800
7800
7800
10000
7800
8100
6700
7700
28500
7000
6900
8200
7100
63200
4400
4400
5500
4600
4500
4800
4600
4500
5900
6300
4800
9500
6000
8900
6100
5400
5500
5400
5600
6000
6600
5600
5200
5600
6100
5400
6000
6400
6200
6000
6100
15300
14500
11200
10900
8200
7200
6600
12400
13000
11400
14000
13300
32900
7600
7000
6800
6900
7100
7000
12500
7000
7100
7000
7800
9300
6800
6700
6800
7900
6800
7000
6900
6600
8200
11300
6700
8100
7100
65700
4700
4500
4600
6000
4700
4700
4500
4600
4800
4500
5200
4800
4600
20700
8800
5600
5700
22700
6000
5400
5400
5300
24700
5600
5600
5900
5900
7300
6100
6100
5900
6300
6700
6200
6000
6200
6100
6700
10600
6700
6400
7500
31300
8900
11200
9300
6800
6700
15000
53800
7200
7800
7100
7000
12400
41500
7000
7800
6800
7600
7600
7600
6700
7600
6900
9300
7100
8000
7100
67300
5200
4600
5800
4500
5800
4500
4300
12200
4600
4600
4600
4400
4500
8000
5700
5800
5400
5900
9800
5400
5400
5500
5200
5500
5400
5600
5500
6900
6000
6100
5900
5800
5900
6000
6300
32500
6300
6700
6200
10100
6200
7200
23100
6400
7300
6400
6700
6500
6500
33900
6800
7500
6900
6800
7100
14200
6800
7500
6600
7600
8400
7700
8000
14800
6800
7800
6800
7800
25000
66300
4300
4000
5500
4400
5400
4400
4200
6800
4300
4300
5100
4700
4300
9500
7900
8300
9100
6400
5200
10200
5300
5400
5200
5400
5600
5600
5700
6200
6100
5800
7000
5900
9300
6500
6200
6100
5900
6300
6500
9700
17000
7600
17300
6600
7200
6600
7100
6800
6800
38900
6800
7600
7400
6900
6800
12000
6700
7500
6700
10900
10400
12500
10900
14400
11600
12300
12100
12700
11600
101600
7800
6100
8100
6400
9000
4700
4400
6800
6500
6700
7100
4600
4400
21600
6100
5700
5500
5400
5200
10800
6600
7400
5500
6000
5800
38200
9500
10400
6300
6000
6800
8700
9700
6100
6200
6000
5800
6000
6100
7400
12000
8200
7400
10600
10700
11000
7600
7100
6900
6800
41200
8100
7100
7000
10700
11300
14200
91800
58200
10300
9000
12700
12000
9800
7200
7800
7200
12000
11200
74300
12100
4300
6000
4500
5700
4700
4400
5500
4600
4700
4400
4600
4400
9700
6200
5900
5600
5600
8600
5600
5400
11700
8400
5800
8100
9000
9200
9700
8900
7700
9400
6200
8900
6000
6200
6000
6200
7100
6200
6300
7100
13900
9400
6900
6400
6700
6700
6800
6900
6600
6800
8100
6900
7100
7100
8100
19000
12200
8300
6700
6800
6800
6900
33500
6900
8300
6700
6900
7200
64900
4400
9200
5700
4500
5400
4400
4200
5500
4200
6400
4600
5400
4600
10200
6500
5900
5700
5400
5500
5400
5600
5300
5700
5400
10200
5900
5700
6400
5800
6000
7100
6100
6600
6100
6300
5800
6100
6200
6200
7000
6900
8300
11400
6800
6300
6600
6500
6800
6600
37200
7100
7600
7200
7000
7100
7700
16800
8800
7800
12300
6900
6600
6600
31300
6900
7800
6900
6900
6800
65300
4400
5600
4600
5400
10300
5800
4400
5900
4500
6000
4500
5500
4600
11300
5200
6000
5200
5600
5400
17400
9100
5400
5600
5300
5700
7900
7100
7500
8700
35900
7600
5800
7200
7300
6900
6000
7200
7100
7400
7200
7000
8200
8000
7800
8200
11700
6700
6400
6600
7900
6600
6600
6600
6500
7000
9900
6700
6600
6900
94000
7000
9500
34900
12500
7600
7600
7000
7600
9600
69100
4800
4900
5400
10800
4700
4200
4100
4400
4200
4500
11900
9500
11700
9300
5200
5500
5100
5300
5000
5200
5400
5800
7300
5100
5400
5300
5800
6200
7300
5700
5900
7300
6100
5800
10400
7700
6000
5900
5600
6200
5700
28900
6900
6800
8100
6800
6400
6400
6200
6400
8100
6500
6500
6400
6300
12300
6400
6800
6800
25000
8400
7500
6600
7200
7000
7900
6400
6500
11100
158200
9000
5900
7400
17000
6500
6100
7000
6900
7100
5800
16800
7000
16500
12900
8300
7000
7400
6800
8400
8400
7100
7600
15800
7400
9600
11100
7500
9600
19900
9400
9100
8300
8800
9000
8700
8300
9500
12200
10100
26200
10700
11800
12000
18100
9900
10700
10400
10000
10300
9600
10000
10000
48500
12500
10300
12100
9700
10300
13500
39000
9500
18600
10300
13300
11300
9900
8700
9200
8900
98800
8200
6700
7800
18000
6200
5900
7000
6000
14300
6800
36300
8000
37200
12800
8800
7500
20800
11500
8500
16400
9900
9800
9200
9700
9200
9500
9400
10400
10300
12600
10300
18500
63600
11100
10600
10100
10200
10500
10400
10900
10400
11800
11200
11000
12600
11500
12700
13700
11700
11700
11900
11400
18700
11700
11800
13900
21600
12500
12300
51600
12700
17400
11100
12900
85000
73400
13800
19900
30300
146000
9600
7900
10100
21700
8100
9300
31100
10100
10900
7700
34000
9500
23500
16000
11600
8200
12100
23100
9000
7900
5200
7700
5100
5200
5400
5200
5400
6300
5800
5800
5600
22100
5800
5700
5600
5800
5900
5900
5700
10900
6000
6700
6300
6700
7300
6100
6900
6300
6300
7700
6300
6700
6500
6100
6700
7800
7700
11400
6400
6900
6400
6500
6200
6300
6500
6700
6300
6500
6500
65400
4300
4100
5200
10300
8900
4400
5800
4000
4200
4300
10500
4100
11700
9700
5100
5000
5200
5100
25800
110800
5300
6500
5200
6500
9700
5400
5700
6200
5700
5600
5600
5700
5700
5700
6000
5900
6000
5600
5900
6000
6100
16300
6700
6500
7600
13100
9500
27000
7100
6900
6800
8800
6900
6900
7400
13100
8900
9600
7700
7000
7300
7200
6500
6500
7000
6600
6200
6400
6600
64900
4400
4200
4000
9500
8400
6400
4300
5700
5200
5200
4500
4200
4900
