1531000
100200
18700
7700
94800
12500
9200
10300
9100
9500
9700
9900
124700
11300
105100
13500
12200
13800
14100
12900
20400
13300
104800
21900
14400
29500
14900
14800
96500
17400
16500
111900
17900
18800
18800
18000
18600
21100
18300
18900
23300
22800
170100
151700
21800
115900
28400
24600
22200
58500
26800
146800
26700
23300
169000
23500
252600
276400
27300
25500
26900
26700
27600
25700
552300
24600
243900
24100
22400
22800
13000
27100
5400
19500
5300
5800
6800
5900
6100
6800
46900
6700
37100
7000
44000
8800
8500
8800
9200
9400
9200
9300
50400
11700
10100
11500
10300
10800
59300
12100
11900
52800
12500
12700
12900
16600
13100
15000
13500
13700
15200
13900
85900
71300
16900
54900
19700
17700
16600
35100
19000
81800
19200
18700
75500
17900
123200
134900
22500
19400
20600
20000
20000
22000
169900
20900
175400
28400
22700
21300
6500
5100
5400
17200
5500
6000
6200
6000
6400
6700
6400
7100
18000
7000
33800
22300
8800
9200
29700
9900
9500
9800
20600
10200
13000
10400
34800
10600
36600
12000
13200
40300
12500
12600
12900
12700
19100
14900
13700
13500
14900
15100
73300
66700
15800
49200
18600
17400
16400
29900
18900
65100
18900
17100
71000
17500
116600
124700
20900
20300
19900
29200
22100
21200
163300
21700
161200
23600
23700
22100
5900
13800
6500
5500
5500
5700
8600
6000
7600
7000
25700
9800
7000
7000
21400
31300
9300
8900
69700
20600
13700
13900
14500
15200
15000
14700
98300
15500
49100
19000
17300
17900
17400
18100
18400
21400
47700
21900
20400
23400
22900
22200
84100
67300
21400
65100
26700
24400
27900
48700
34400
101900
25500
23700
92100
12600
116700
120100
16600
16100
17400
14000
14700
14500
165900
14900
163900
22900
16800
15700
7900
39100
28900
9000
5400
42400
9800
4700
4800
5400
14200
4500
15600
5100
42600
29800
7200
6900
32400
7600
7500
7500
17700
8000
7800
8100
40200
8600
38300
9600
9500
10700
9600
9700
10800
13700
45200
10500
9900
12500
10800
10000
36900
18300
20200
39600
19000
12400
13000
12400
12500
14700
13000
12400
14900
16000
98300
125500
15800
14700
15500
14900
15300
15300
152800
16400
164700
19000
17900
15800
5500
4300
4100
27600
4500
4500
5300
4300
4800
5400
8600
4600
51500
5000
42100
20600
6800
6800
23600
8100
7300
7100
51600
9400
7700
7200
39500
7600
32700
9100
9300
9600
9300
11400
9800
10400
89100
10300
9800
12900
10700
10300
34800
12600
11800
72600
11900
17800
11900
12400
12500
14600
12900
12200
14800
12600
59300
50100
14700
78200
23100
18800
15200
24000
19100
106400
18000
15100
122600
15500
15600
11100
141200
29100
21800
21200
22700
21800
23300
21900
21800
23500
22600
22200
29900
24300
24100
23900
172400
18300
18100
17000
16600
16700
115000
17400
16800
16900
20300
22600
18900
18900
18600
19700
19400
18600
20900
19600
18800
21300
19600
19200
35500
20600
20100
56100
23200
20600
22300
106000
22400
19400
19900
19300
21500
21700
241800
19500
20700
14600
32600
34800
15900
15100
37100
18400
16900
38700
15200
15700
16800
13200
13300
14000
48000
13900
13600
19800
13600
13700
13600
13900
14000
14000
18600
16800
16100
16200
78200
16300
16400
15200
17000
16300
90000
16200
16400
16600
19200
17600
16400
19100
18400
17900
18700
18800
18600
18700
18000
19900
18400
17900
29900
20100
19100
55200
19300
18900
20800
101700
22500
19100
19300
19400
22200
21500
229700
18500
16700
13700
28700
33500
14700
14000
35600
17400
14700
35500
14400
16000
15900
16800
13300
14500
13200
13700
15800
14700
12900
12800
13100
13800
12900
13000
16100
15600
52900
15400
19600
109100
19500
15800
15200
15800
75600
18100
16800
15800
19600
17200
17300
17700
17200
17900
18500
17700
17700
22400
20200
20100
18500
17700
24900
19200
18600
53200
19200
18700
21700
97800
22000
22700
19500
20900
21200
20800
516400
69400
54800
26400
35600
34000
14400
14100
36200
23200
14500
37000
14000
14500
17600
12200
12500
13600
12300
12300
13300
15000
13000
12700
13200
13300
12400
16900
15900
15900
54000
15400
14800
15000
15500
15000
13800
15000
15500
15600
14600
15600
21000
16800
17000
17400
79300
21300
18500
17000
17000
17000
84000
18200
18000
18800
25500
18900
18300
51900
19600
19100
27300
98900
21000
18600
19100
18500
21100
21000
224200
16800
16400
13800
27700
36600
13600
13900
44300
17300
14600
37700
14000
14600
17800
12400
12500
14100
12800
15900
13000
12800
13000
12900
12900
17300
13000
12700
15900
15600
61100
19700
15200
15300
15800
15200
14700
15300
16100
31300
19300
15700
25400
18400
17600
17200
80500
16700
16300
18300
20500
20000
84100
100800
19900
17500
24400
49200
17900
18100
17900
17800
18000
18100
18400
20000
18300
21200
18000
18400
226100
25700
16600
13300
30100
44900
14100
13600
33400
17100
14000
37600
18600
17900
15700
10600
11600
11600
10800
15500
10800
11800
11100
10300
10600
11900
10800
10800
13900
13400
47100
12900
13100
12700
13500
12600
12800
13000
13000
18900
14600
13800
18100
14200
10500
10700
54200
11500
10900
11300
11400
10900
55900
12100
16500
11200
18300
77100
11700
14400
11400
11000
10900
51200
11700
11700
11600
23300
11800
80200
126000
7800
7400
37100
7500
7700
9800
26300
9700
7600
12800
7700
10300
9600
13500
9300
8800
55800
11300
8800
53100
10000
9100
40900
9500
10100
9900
9700
15400
9700
11700
9900
9900
9800
10100
10000
9900
10700
10200
10200
10700
11000
31500
11600
11600
11100
15800
13200
12700
11400
11000
11200
11200
11300
11100
12500
12900
11200
11800
11200
49400
12100
43300
14300
58300
11200
13500
13200
12700
11600
125700
16200
8100
12100
8000
15600
29300
7400
10400
29800
7700
7700
8300
9600
11700
40200
10000
8700
8800
8800
9100
11200
9500
59300
9400
9300
9600
53900
10400
10100
10700
10300
9900
9800
10000
10200
10600
10600
10100
10300
10700
14400
30500
11600
10800
10900
11600
11300
14200
11000
11500
11600
10700
11000
13300
12300
12400
10400
14500
11800
47500
11300
40200
12800
56900
11400
12500
13200
12400
11600
130900
16600
7400
9300
7700
15700
25400
7700
9400
28700
7700
7800
8000
9700
11700
9000
9700
8900
13300
8400
10200
8900
9200
9200
9400
9600
9700
11200
11000
11000
10400
56100
9600
10000
52600
10300
14900
42600
10600
11100
10400
10500
30700
11000
10800
11200
12500
11400
12300
11300
11200
13000
15200
11200
12500
13400
13100
11500
11100
12100
47700
11400
40900
13200
56800
15400
12900
13000
13000
11800
131200
17300
7600
9700
7800
16000
26100
7800
9600
30000
11800
7700
7800
9700
12000
8300
8500
8800
8700
9100
9000
8600
9000
8900
8700
9400
10100
9700
14400
13200
27800
61000
10100
11100
56900
10300
10300
43200
10500
11300
10700
10500
12400
11100
15900
11100
11300
11100
11200
11300
11600
11000
13500
11500
10200
11200
13900
11200
11200
11300
52000
11700
44800
13200
56400
11800
13900
13300
12700
11800
128900
16800
7700
9700
7700
19800
41100
7600
10300
28500
7600
7400
7800
9400
11000
8300
9100
8600
8200
8800
48100
8600
9300
12800
8400
9300
12500
9300
10400
10900
9600
54100
12000
11000
56100
10200
9900
46300
9400
9800
9000
9900
11500
48900
11500
11500
10600
11000
13600
10700
55800
11500
11600
17400
11700
11700
36900
11900
11200
11400
13700
11400
13100
11400
11000
11600
11600
13200
11900
13500
126900
18300
7800
10000
7700
16900
24600
7800
10800
28800
7900
8100
7900
10200
11500
9100
9800
14600
31700
9000
9000
8900
9100
10100
8800
9200
10300
9400
13500
11400
10100
56200
10200
9900
59600
10300
10200
52600
10700
11500
10500
10700
12300
11000
12200
10700
11000
11600
11400
11900
11400
16800
14500
14900
14600
14100
37700
12400
43900
12000
13600
12500
13300
14500
16100
11300
10900
11300
125000
13700
124300
8000
7100
7400
18300
7500
17200
10200
27000
7700
9800
9700
9400
8000
13100
9100
8500
9000
34800
9700
9000
9100
9400
11800
10100
12100
11900
9500
11000
9900
14300
10600
10100
10600
11700
52500
10600
12000
10500
10700
10400
10300
52400
12600
12800
15400
10800
34600
10900
11000
11000
10600
11000
13500
11300
12300
13300
11300
12400
12200
10800
15600
56300
14200
50300
13200
13000
58200
12600
13000
142100
9000
7700
10100
9500
7700
7800
7600
21400
8300
10700
25200
18800
36100
12900
9300
9600
39700
8600
8700
8700
9100
10200
9200
11400
9100
9100
9200
10900
10200
10000
9800
9600
9800
10900
50600
14300
12700
10300
10700
10300
10000
53000
12800
12100
10900
11000
36000
28900
11800
10900
12300
17000
14000
12600
13100
13500
11400
39400
13000
19700
14800
62900
14700
57000
19800
14800
69100
14900
14200
138500
8900
8000
10400
10300
8100
8300
12600
24500
8600
8300
28600
20700
10900
13700
9900
10800
10700
9800
9400
9700
9600
10100
9800
10200
9900
10000
31100
15800
11500
10500
10800
40500
14400
10800
52800
11200
11100
12500
11100
13500
11000
58400
13200
13300
11900
12400
36300
12400
12000
12300
12400
12200
13800
12400
13600
15100
14800
19400
14300
13300
12200
63200
13000
56000
13700
13300
69800
24100
19900
182300
8300
8000
9900
9700
7200
8200
7500
24800
7600
8600
25600
19200
15800
43500
8900
9500
8800
8800
8800
9000
8900
10300
9500
10400
10000
11000
52500
10800
10800
10800
10200
41700
12400
10800
10800
10200
10000
11500
10000
13400
10100
11800
11400
11000
11000
10900
10700
11800
54700
11000
11100
11400
11500
11100
11700
14400
11900
13300
13600
12000
11600
58500
15500
50000
12900
12500
60400
12500
12300
117100
8300
8000
13800
9900
7800
7800
7400
21900
7600
7800
26100
18100
10300
12300
9100
9700
9600
43500
8800
57300
9100
9700
9000
12100
9200
9400
9100
10600
9900
9500
9400
35500
11900
10200
10100
10300
14800
11700
10500
13100
10700
12300
11400
11100
11000
11200
11200
12300
50200
11100
61900
11600
11300
11500
11300
53800
13300
15300
10900
11300
35100
11500
11500
11300
12000
25200
15100
11700
13600
129900
8700
7800
10300
9700
7900
8000
7900
22800
7600
8000
30000
18900
10100
12400
10800
9600
9300
9600
9400
9300
8800
10000
9500
10200
9600
9800
9700
10500
10600
34900
14600
36500
11400
10800
10500
10700
61800
11000
9000
12400
10300
47800
11800
15200
10700
11200
11100
12800
52700
13800
11700
11600
11600
11800
11200
52900
13000
17000
11100
11100
34300
11100
55900
11900
11200
11300
13600
11500
13300
122400
7800
13700
9800
22400
7700
23200
7700
18900
9900
9700
23000
10000
9700
13900
35300
8800
11500
49800
10200
9200
58000
10700
9100
7800
10600
10800
10800
14300
9700
11100
11300
13500
10000
11600
14400
10200
11500
10300
10600
11500
10600
12200
13800
11600
11500
11700
11500
12900
11800
12900
11800
11900
15600
11400
11700
13500
12100
13000
11700
11400
13200
11800
16400
13400
11600
11800
11600
11900
83800
125500
21300
7600
7600
9800
9800
7900
23200
7800
7600
9700
9800
10000
8000
16600
9300
8800
9200
9000
9100
35700
22300
9000
9100
95100
9500
9600
9600
11300
10600
17500
14200
9900
10300
9800
10200
10300
13500
10600
11400
11600
11000
13400
12600
11200
11100
13300
11400
12400
11300
12600
11300
11800
11500
12600
11400
13400
11600
13200
11800
11700
12800
11600
13900
12900
11300
15000
11800
13300
78200
122000
22400
7400
7500
9600
9700
7500
25000
7400
7700
14000
7900
9400
7200
12700
9800
11200
9300
8900
9500
9700
10400
9700
9200
9600
9600
10000
9200
10600
45500
11200
22900
72100
17400
18700
57600
11300
10900
10600
10600
11200
13600
13300
12600
11400
11100
14600
12800
13800
12600
18600
11900
12800
14400
15200
11600
15800
13700
14000
12700
15300
13000
11600
14400
13000
11900
11600
12400
11600
81200
128800
21200
7400
7600
13800
9000
7400
23900
7600
8600
9800
8000
9700
8100
11900
9200
8900
11200
8800
9300
11400
10000
9900
9300
9000
13200
9100
9100
10700
37500
10300
11300
170800
10500
11500
62900
13600
10000
10600
10400
15300
11600
12400
11100
11100
11400
13100
11100
11000
11300
11400
12900
11800
11500
12400
11100
13700
15900
13900
11700
11800
13600
11900
14300
14400
11800
14300
12000
11900
77500
130800
21600
7600
7800
10000
10000
7800
24000
7700
8000
10100
8100
9900
8400
14700
9300
9100
8900
9000
8900
13100
10000
9100
9300
10200
10400
9500
9500
10300
37700
10000
11100
51600
9900
11000
151900
11500
10200
73400
10500
11500
12600
12500
12400
11200
11500
11300
11300
11300
11800
11400
19200
11800
12100
13300
11900
13200
14100
11300
11400
13800
11500
13400
11200
13000
11700
12600
11200
14900
11200
72500
13400
4300
5000
5900
5800
4300
13400
4500
4200
5400
4600
5500
4600
11300
5200
5100
5000
5100
5000
5100
5800
5000
5200
5100
5000
5300
27300
6200
22800
5900
6400
29600
5900
6400
31000
6300
6400
5800
6000
6400
6600
7000
6400
6000
6200
6500
6200
8800
6400
6500
7400
6700
6400
8000
6600
7300
7800
6400
6100
6400
6600
7300
6500
7300
9400
6600
6500
33800
7700
62600
4400
5500
4400
4200
5500
4400
6900
5400
7100
4400
4700
4300
16900
10000
5700
5000
5200
5000
5200
5500
5200
7000
5200
5400
5500
5300
5500
6400
5800
5700
5600
40000
8900
6600
5700
5900
6000
5800
6500
5700
6200
7500
7900
6200
6200
6300
6100
7200
31000
9900
7600
7100
6600
6300
6500
7800
17200
6400
6700
6700
6500
7700
7300
7600
10200
6600
7800
7100
6500
64400
4600
4000
4300
5600
4400
5100
4300
14900
4600
4300
4300
4600
5600
10500
5000
5400
5300
4900
5100
5300
5900
5600
4900
5100
5200
5300
5400
6900
5800
5400
5700
20600
5800
5500
5700
8700
5800
5700
6100
6200
6000
7000
7100
7200
6300
6100
6100
6900
21900
7100
7400
7600
6400
7300
7300
9100
18600
6100
7200
7000
7600
8100
8100
10300
8000
6400
7600
9300
6400
67300
4000
3800
4100
5200
4100
4300
4200
14400
4400
4100
4200
4500
5500
7900
4900
5300
7100
8300
5000
6200
8000
5300
5500
5000
5400
5200
5300
5900
6200
5700
5700
61000
6200
6100
5900
5700
5900
8500
5700
6400
5900
6900
6800
6200
6200
6100
6000
6800
22000
6800
7300
6500
6200
6400
9100
7600
17200
6100
6400
6200
6300
8700
7200
7800
7200
6600
6500
6600
6300
64600
3900
4000
4100
5100
4200
4300
4100
13900
4300
4100
4300
4300
5300
7700
18800
5200
20200
5200
8000
5600
5200
5700
6000
7200
5600
5600
5300
6100
6400
5700
5800
5800
5500
6600
5700
5900
7300
6100
5800
9000
6100
6600
6200
6700
6100
21600
6200
6500
6400
6400
17200
6700
7300
6400
6500
11700
17700
6100
6300
6400
6400
7200
7100
7200
7100
8400
6500
6600
6300
108300
5300
7600
4400
6100
4500
5500
4800
17100
4600
4500
4700
9900
5600
8000
5000
5400
5100
4900
5200
5800
5100
5600
5100
8200
5300
5300
6000
6100
6300
5800
6100
5900
5700
6300
5900
5800
5700
6000
5900
5900
6000
6700
19800
7000
6300
21400
6200
6200
6400
6400
6300
6400
8000
6300
6500
7300
8400
6300
6300
9100
6500
8600
22300
8100
8800
6600
6600
6500
6300
61400
4500
4000
4200
8300
4100
4900
4200
17900
4500
4100
4300
4400
6300
7800
20400
7200
5500
4900
5100
5600
5300
5500
5000
5200
8100
5300
5600
6300
6300
5800
6900
5600
5800
6400
6000
5900
5600
6000
5900
5800
5900
8200
7100
6200
9000
84300
6300
6400
6400
6400
6200
6500
7300
6500
6500
7200
7300
6000
6700
6200
6400
10600
44600
7200
7800
6300
6600
6300
8000
60800
7100
4100
4300
4400
5200
8200
7000
5800
5400
6000
4500
4200
4300
9000
5000
6900
5000
5100
5100
4900
16600
5100
5300
5300
5300
5300
5200
6300
5600
8400
5700
6500
5600
6100
5900
5800
6900
6600
27700
5700
6600
7100
6200
6200
6400
6300
6100
9300
7000
7700
6900
6300
7200
15300
7000
7600
7900
6600
6500
6300
6500
6600
6500
10400
6500
6500
6500
8900
6700
62600
4100
8500
4300
4100
5400
4300
4200
4200
6400
7200
4500
5700
5700
8900
5200
5100
5200
5100
4900
5200
5000
5200
5000
5200
5300
5300
5400
6300
5700
5600
5600
6200
8600
15300
5800
5500
5800
6400
25400
5900
6400
7000
6000
8400
6200
6100
6200
6200
7000
10400
7200
6400
7000
6500
6400
7400
7100
6400
6200
6500
6400
6600
6600
7300
6500
6400
22100
7800
6700
61900
4200
8400
4200
4300
5400
4300
4000
4300
13000
5800
4600
5600
8400
8200
5900
5000
5100
5300
4900
5300
5000
5500
5200
5100
5200
5700
5400
6000
24900
5700
5400
5800
8600
7900
5600
5800
5900
5900
5700
5800
6000
6800
6200
6200
6000
7000
6300
6400
6900
7200
6900
9000
6900
6500
6400
7500
7100
6000
6200
6300
6600
6400
6200
7600
7400
7200
6500
9200
10700
63500
4500
8200
4300
4100
5300
4200
4000
4300
6500
4100
4400
5500
5200
8400
8700
5200
5200
4800
5100
5300
5000
5600
5100
20400
5600
5800
5600
6000
5800
5800
5700
7400
5900
5800
5800
5700
5900
8600
6000
5700
6100
6600
6200
6500
6200
7100
7600
7300
6200
6300
6200
7200
70100
6500
8800
8900
8500
7200
7200
7200
9000
6300
9700
8000
7200
7200
9200
7400
6600
131900
4100
8200
5600
4300
5300
4100
4200
4300
5900
4400
4400
5300
8100
9700
5100
5200
5300
4900
5000
4900
5100
5500
5000
5300
5100
5700
5400
6000
5600
5600
5800
6300
6700
5700
5700
8400
6600
6300
5900
5800
5900
6500
6100
6000
6100
7000
6400
8100
6300
6100
6400
7800
28400
6300
7300
7000
7800
6800
6900
6500
6400
6200
7300
8300
7500
6600
7300
6600
9000
122600
4100
8300
4300
4000
5300
4100
4200
4100
5800
4300
4200
8100
5300
7600
5100
7900
5300
4900
5900
5000
5200
5500
5100
5400
5100
7200
5500
6000
5600
5800
5600
5700
5700
5700
5500
6100
6500
8500
5900
6000
6100
6600
6300
32600
6500
7200
6400
7600
6300
6200
6400
7300
28900
6300
7700
7100
6300
6600
6200
6400
6400
6400
7400
8300
7300
12000
7400
6600
9000
126900
5800
4200
4300
4100
4300
4400
4100
5500
4300
4300
4500
5500
4500
9900
5000
5200
5800
5000
5200
5500
8200
5000
5700
5200
33300
5500
5400
7000
5900
6300
5700
5600
5900
5800
5900
5700
6600
6000
8600
5800
6100
7600
7100
6000
6100
6300
7200
6300
7200
6400
6400
6200
6600
7300
6600
10200
8000
6500
6400
6400
6200
6400
6400
7600
8100
6700
6400
6600
7600
63600
4300
8200
4300
6000
4200
4400
9100
4400
4100
5700
5700
4500
4600
7600
5500
5100
5200
4800
5300
27000
8000
5200
5100
5800
5500
5200
5600
7000
5600
6200
5700
5600
5700
5500
5900
5800
5700
7200
6000
6000
5800
9900
7000
6200
6200
6100
7200
19500
11000
6200
6400
6300
6200
7500
6200
7500
10100
6200
6300
6400
6300
6100
9500
6400
7400
6900
6400
6500
7300
131300
5800
5400
4300
8300
4300
4400
8800
4200
4300
5900
5500
4400
4300
9500
5600
5300
5000
5100
5200
5200
4900
5000
5100
6000
6300
8100
6600
6100
5400
5700
6200
5800
5900
5700
6000
5700
6900
6000
101800
12700
9700
7000
9800
7400
6400
6300
7000
6300
7100
6400
6100
6300
6500
7200
6500
7500
7100
6200
8900
6100
6400
6200
6300
6200
7500
6300
6300
6400
7300
63700
3900
5300
4100
5300
4100
6900
9300
4300
4000
5600
5300
4300
4800
7800
5600
5100
5200
4900
5400
5300
4900
5200
4900
5500
5600
5100
5700
8700
5500
5700
6700
5900
6000
5700
5900
5900
6600
6000
34100
6000
6100
7800
6300
7300
6300
6000
6600
18700
6700
6800
6600
6800
6500
6400
6600
7500
7300
6200
6300
6400
8900
6200
6300
6300
7300
6500
6300
7700
7500
131200
4200
5200
4200
5300
4200
4000
8800
7200
4200
5300
5300
4400
4400
6600
5400
5100
5000
4900
5100
5300
5500
5100
5100
5400
5500
5400
5600
6100
5600
5500
6300
5800
5800
5800
5700
5700
6900
7400
28300
5800
5900
7700
6300
6900
9000
6200
6300
6200
6500
6100
6400
6400
6700
6300
6500
8800
7400
6300
6200
6400
7300
6400
10000
6500
7800
6200
7000
7500
6300
60400
3800
5300
4100
5800
4200
4300
8900
4200
3900
9100
5400
4300
4900
7500
5500
5100
5200
4800
5600
5300
5200
5200
5000
5800
5700
5800
5600
19600
8400
5600
6700
6100
5800
5900
6000
5700
6400
5900
27300
5900
5800
7900
6300
7000
7500
7100
6300
19800
7800
7300
8600
6500
7700
7500
7400
8000
10300
6100
7100
7300
8300
7300
10500
6300
6300
6300
6600
7400
6500
134100
5700
3900
4100
4000
4200
4300
4100
4400
5500
7000
4200
4300
5700
41300
5400
5000
5000
5000
5000
5100
5700
5100
28100
5200
5200
5700
5600
6400
5500
5600
9000
5500
5700
5800
6200
5900
6300
5900
5800
6900
5800
8700
6700
7200
6400
6100
6300
6300
7100
9700
6600
24400
7300
7300
6400
7700
6400
6500
6200
6500
6600
6400
6200
6400
6400
9000
6300
6300
6600
63400
4900
4000
5700
4100
4200
4100
5400
4100
5300
4600
4200
5400
7800
8900
5000
5200
5200
5000
4900
5100
4800
5600
29000
21800
5600
5400
5200
6000
5400
5500
5700
8200
5500
5900
6300
5800
5800
5600
5800
6300
5900
6900
6100
6900
6100
6200
6100
19300
7200
7600
9500
23500
7100
7300
6300
7600
6200
6200
6400
6100
6300
6400
6400
6300
6500
6400
9200
6700
6500
132000
4400
3900
5300
4100
4200
4100
5300
4000
5500
4200
4300
5200
4400
7700
8000
5500
5100
5100
4900
5000
4800
5400
5200
5100
5900
5300
6300
21700
5700
5500
5700
5700
5700
5600
6600
8500
29200
5800
5900
6400
6500
6900
6200
6900
6300
6200
5900
6100
7200
7100
6400
25400
7000
7000
6500
7400
6300
6300
6300
6000
6800
6400
6400
6300
6300
6400
6500
9000
6400
63400
4000
4000
5000
6500
4100
4200
5200
4200
5200
4200
4300
5100
4900
27100
5100
5400
5300
5000
4900
5100
4900
5500
5200
5000
5600
5400
5200
20900
5800
5500
12000
5800
5800
5500
9200
5700
28800
5700
6000
6600
6700
7000
7600
6100
6300
6300
6300
19000
7600
6400
9100
6300
6600
7200
6700
7500
6100
6200
6300
6300
6100
6200
6300
6400
6200
6500
6400
6500
6300
133500
4100
4100
5100
4200
4000
4200
5100
5400
5100
4400
4100
5100
4300
7600
4700
5200
5000
7700
5000
5200
4900
5300
5100
4900
5300
5300
5100
21600
5400
5600
5600
5600
5700
5600
6300
5700
108400
5900
5800
6300
6400
6500
6100
6000
6300
6100
6800
6200
8300
6500
6600
6400
6300
7000
6500
10400
6000
7600
6300
6200
6400
6400
7200
7000
6600
23100
7800
7200
8600
64700
4100
4100
5000
4200
3900
4300
5100
4200
5200
4400
4100
5300
4700
9200
5200
5500
5300
5000
7900
5000
5100
5700
5100
5200
5700
5300
5400
21300
5500
5700
5700
5700
5700
5600
7200
6100
30900
5800
5900
7400
6600
7100
6000
6200
6100
6200
6100
18700
8000
6500
6500
6500
6300
10700
6400
7200
6300
7200
6300
6300
6200
6100
7400
7200
6600
24000
7600
10000
6600
131200
4700
4000
4200
4200
4300
4300
4100
4300
4400
4200
4400
4300
4300
9200
5000
5000
5000
5200
4900
5100
8100
5000
5100
5000
5800
6000
5200
6200
5500
5600
5600
5400
6300
5500
5600
5700
6200
5700
5800
5600
6300
9900
6300
6900
6800
6200
7100
6300
6300
7000
8400
7300
7500
6500
7100
8200
6500
9000
6200
6300
7400
6300
7500
6400
7300
7500
6700
70900
6500
66700
5400
4500
5400
4400
4200
4300
4400
4100
4500
4300
4600
4500
4600
8100
5300
5200
5000
4900
5100
6300
4900
5100
5300
6100
5000
5300
6100
6900
6300
6300
5500
6500
7100
6700
5500
6500
7100
6500
5600
6600
10100
11800
9400
14900
25800
117600
16900
46700
12400
13600
13200
12700
12700
12000
13800
15800
12500
11800
12300
19400
13600
12100
26300
12000
12900
13800
12000
77900
13500
219800
16900
17800
10300
7400
8000
7500
8000
8100
8800
7800
8000
8000
8200
15900
10400
9100
9600
9300
9300
9100
9600
9000
10000
9800
10200
15700
10200
12100
27400
11400
10400
10600
10200
10800
11100
14800
12100
11200
10700
11200
11500
13100
11700
13600
17800
12000
14600
11800
12000
12700
13000
13000
11900
11600
14100
14400
12000
12000
12000
12100
21000
12200
13400
12300
14100
17500
12400
78400
13200
141700
11000
8200
16200
8600
8900
8400
8700
8500
8400
8800
8200
8600
9600
15500
11800
10100
9800
9500
9500
9800
9700
10400
11400
10600
10300
15900
9900
11200
10500
11100
11200
11200
11000
10800
11400
11100
11500
11100
11600
11000
11800
13700
12500
12200
12000
20000
14200
40500
13400
12900
12100
11400
12900
13000
15100
15100
14100
13000
12700
12700
14700
12300
20100
12300
14000
15100
13100
82500
13700
227700
12900
9100
10700
13800
8500
8700
8500
8700
8600
8400
8100
8600
8200
15600
10800
10100
9700
9800
9800
10100
10100
10200
10800
12300
10800
11400
11000
15800
11100
11200
11200
9900
10700
10700
11000
11300
12600
11100
11100
9600
10900
13000
12300
11600
11700
12000
13400
16600
12200
12300
12300
12100
11900
176100
15000
14100
12100
14800
13800
12000
14400
16600
12200
16800
15000
13900
12600
12800
15000
136500
10900
8600
10700
8400
8400
11800
7800
8300
8700
8100
8300
8700
9200
14900
10900
9600
12400
9200
9700
9600
9600
9900
10300
9800
10000
10900
10000
11400
11100
14900
11300
10600
10800
11100
10900
10300
9400
10900
11300
10900
11300
13100
11800
11700
11800
11800
13300
32400
16500
13300
12700
12100
13400
13900
15400
15500
12900
17300
14500
15800
13700
12300
12100
13100
13500
14900
12200
12300
14700
219200
8700
7700
8200
7600
16200
8100
10800
8000
10800
11300
8800
23800
8700
