1300300
21600
14600
96700
6400
71700
8200
65300
8700
8200
9400
19400
75500
10200
38600
41000
11600
12000
11800
13000
17500
12600
14300
12800
13700
66300
14800
13500
47400
61100
100300
17200
17300
17800
17400
17300
17400
19000
21700
21600
25100
19900
22500
72100
147000
83900
21700
95200
22100
22100
21900
24900
22700
29600
23300
23900
28100
26100
189400
31400
346000
98200
151600
26700
29100
27200
26700
29100
28900
28200
28400
10400
7200
6600
7100
150300
18300
10200
10100
10700
98500
9500
9100
9700
28600
27200
11200
11700
11200
12600
12300
12200
12600
13300
12600
63400
16800
14000
37800
46800
71100
16800
17400
17300
19000
18000
18000
17300
17900
19100
19200
18700
21900
76300
109400
65400
21800
67000
21600
22500
21700
23800
22500
24800
22100
23200
28100
26600
145900
28000
106400
42000
74000
26600
27300
26600
29300
26800
28600
27100
6900
6500
6600
6700
6800
7300
7800
7700
43900
8500
8800
9700
9200
10500
21900
11000
11100
24100
11400
25600
12500
26700
14200
13200
13300
14200
31000
14800
29000
34500
62700
18200
16400
18100
17200
17100
17900
17000
18500
19000
19100
20600
21500
45700
93000
55000
23800
62800
21900
21800
22100
23600
24600
25500
9500
9100
13800
11500
121600
12900
54000
26700
54900
11600
12400
11500
11700
11900
13500
10700
10500
3300
4700
3100
3200
10100
3800
4900
18500
3500
6500
3400
3900
3500
18300
4900
10700
16500
4800
18000
5200
17800
14100
5100
5700
5500
22600
5500
24400
16300
6700
6800
6600
10100
6900
7700
7500
7000
6900
24600
7000
8500
10200
33400
81100
46000
8800
46500
8800
11600
8700
9300
9000
13800
8700
8700
13300
10600
174100
22200
90900
42700
94000
19000
19100
18900
20700
19100
19600
18800
9700
5500
5200
5500
5200
13200
5500
5400
33500
5700
19100
5800
6000
5700
25100
9000
16300
39500
8400
29300
8100
31000
22400
8400
9000
10900
38000
9100
70700
28200
11400
10200
10300
12900
11800
10600
12400
10500
10200
43300
11700
10900
47800
31600
63500
15300
22900
20100
15400
13800
13300
13300
15000
15700
17100
17200
21500
18700
99000
19000
54100
26000
56100
15700
17800
16800
19100
16200
18600
15700
8200
4300
4300
5100
4500
10500
5000
5600
4800
5400
34100
5500
41800
5600
17800
6800
12800
19500
10000
21000
7200
25700
31300
8100
7900
11600
33100
9800
20700
20300
10500
10100
9700
12500
10700
10900
12700
10500
11000
32100
14400
11000
25600
28900
58400
15200
22500
16200
16500
14800
13300
14200
15500
15700
16700
13500
51100
49600
88600
45200
15700
49200
16500
16500
17400
19100
16500
19200
16800
16500
14500
14000
12400
13400
12500
12100
12600
12800
12600
13000
12800
13400
13800
12700
16100
14800
14700
14800
15800
15200
247100
32700
26900
26300
25200
27200
25000
27900
129700
28000
30100
30700
19900
19800
24700
104100
138400
20000
20300
108500
19400
19600
31400
23100
106800
81600
52500
21000
19900
20600
20900
79000
24300
21000
20200
20700
329900
17700
18600
28000
46000
19000
15600
34700
15200
16100
37200
37800
30800
62100
20600
13700
13800
14600
15000
13800
14300
13900
14800
14100
14400
14700
15800
14200
20100
15900
15500
16200
16500
15700
94600
16700
18200
16200
16600
18700
24900
18000
54700
19000
22000
21200
19400
19600
21600
68500
112400
20100
20200
95700
23100
19300
23200
22700
103800
77700
51700
18700
18500
19500
18600
87700
23700
21700
22300
23100
315200
18900
19600
29200
48200
23400
16000
36200
16400
16900
36400
39400
32500
63300
19000
14000
14100
14900
18200
14100
15500
14400
14300
14200
14700
14600
97000
16000
17400
17500
17500
16900
17300
16300
16900
18200
17800
21500
17200
19000
17600
17500
51900
19800
22000
21700
19900
20400
21400
74200
118000
19200
20100
99200
20700
20300
24000
23000
104400
88400
54700
22400
21100
22400
21500
83800
28400
26600
20200
19500
214000
21500
18600
29400
46900
18800
15600
35600
16300
16800
36100
42500
31400
66500
15000
11900
11800
13100
13100
11800
12300
13800
12100
12100
12000
12800
12800
13500
15700
16100
15100
14200
43200
14600
15300
15900
14900
16900
15700
26500
15700
16200
18800
18000
55800
17300
17200
74800
74600
17400
19600
17600
17800
20200
82900
18300
21300
21800
85900
68500
47700
20600
19100
20400
20500
67300
22300
19900
24200
19900
202800
17200
18100
27600
46800
18400
16000
35900
15700
19800
35800
38000
32600
62700
14900
11800
12400
12300
13000
12000
12600
11800
12300
11800
12000
15700
12300
12300
15100
15600
14600
14500
14500
14500
14700
15700
14500
15900
16600
15600
15400
15600
45900
17700
42000
59300
16900
17500
72700
17600
20100
17900
63800
19300
21200
18200
45600
18100
20600
21300
18900
19500
20600
94200
87300
19400
19400
75500
19800
19400
195600
19000
18200
27200
49500
18500
15700
42400
16900
16300
39200
35700
30500
60800
15100
12100
13500
12400
12500
15900
12100
12400
12600
45400
12000
76800
12400
11900
15600
15700
60500
14800
14800
14700
18300
17600
54300
16300
14900
15300
15000
15800
18100
16900
17400
17000
17000
75800
75600
17400
21200
18400
17900
18700
18000
212400
68500
23500
22900
26800
19600
18700
20500
58500
79700
61800
18900
147800
72900
18700
157400
17100
31700
25300
23200
15500
15500
15700
15700
52400
23800
16600
15900
16400
15400
12100
12200
11500
11600
13000
11900
11200
11700
11700
78700
12700
12300
12200
14900
13900
14300
14200
74600
14400
14500
14500
14500
15900
14700
14900
15600
15700
20000
17800
17100
17200
14000
57600
17000
13000
16700
13000
13200
13200
13500
13200
33900
94000
14000
15400
13000
12800
16200
13900
12800
13100
12900
13200
13100
13300
151800
7900
10400
8100
8200
9500
8500
8300
8700
66800
26900
9000
11400
9200
14000
12000
10300
10100
10100
10000
10300
9900
10400
10300
10000
10800
71800
10900
12100
14700
11400
11400
53000
11000
11700
11900
12100
12400
12000
11700
12500
12600
13200
12200
12600
12600
12700
56500
12400
12800
13600
12900
12700
13000
14300
13200
34100
92800
13000
15400
12600
12300
12300
13900
12400
13100
13100
13900
13000
13300
153300
8000
9300
8000
7900
8900
8500
8200
11600
42100
25800
8600
10400
8500
12900
10000
10000
9800
9800
10100
10100
10400
10600
10400
10500
10900
10900
12200
16200
11300
11200
11400
11100
12300
11400
11200
11500
52000
73700
12500
11600
11600
13600
12000
15900
12600
12800
54000
15000
12900
13900
12600
12900
12800
13100
13400
33600
97200
13500
12300
12600
12800
12600
13500
12800
13000
13100
13800
13000
14200
145500
7900
9200
8000
7700
12100
8400
8200
8500
41700
26000
8200
10500
8500
12200
10000
10000
10000
10100
11900
10000
10300
10200
10200
10300
10300
13800
10500
11700
11100
11200
10900
11700
12100
11400
11400
11400
15900
77300
12300
12200
11900
13300
12400
15700
14400
53000
12500
12300
12400
53600
13500
12500
12900
13400
13600
33000
95500
13300
12600
12300
18300
14000
19200
13400
13000
13200
13900
28000
14300
150600
8100
9700
7700
8000
9100
8200
8300
8500
55300
35400
8900
10700
8700
13200
10300
10100
10000
10000
11700
9600
9800
13600
11900
10200
10600
49300
10400
11300
11200
10900
11600
11800
12300
11200
11500
13700
11700
109700
13300
11400
12500
13900
30900
13000
13100
54500
13600
12400
13500
13800
14700
13900
12300
17400
13500
14800
12600
12400
12000
12500
53400
12600
12600
13800
12700
12700
12800
12600
12900
150900
7900
9200
7000
7800
8500
17700
8100
8400
43700
37400
9000
11400
9100
11800
9800
10000
9900
13900
10700
9800
10300
10400
67100
10000
10900
12400
10300
11200
10900
10900
10800
10900
11700
11900
11100
11800
11600
74900
12100
11700
10900
11700
9700
10700
12500
52000
12400
12500
12200
13600
12800
12500
16100
13500
13500
14200
12000
12100
12200
11900
54500
60100
11300
11300
14100
11300
11300
12000
72000
159600
26500
8800
7900
8100
12800
7700
9600
15800
12200
8600
8900
8600
9400
12300
10100
10400
9500
10000
9700
10000
11000
10200
10300
10300
10900
51000
10700
44200
11200
14700
12700
11300
13900
11500
11700
11200
11600
11300
12500
12100
11900
14100
12700
12400
13800
12400
46700
17300
13200
13000
13000
13700
12700
12600
13600
15300
13200
12000
11500
11900
12100
13100
55600
10800
104400
13100
13000
13200
66400
156500
8300
9300
8100
12000
8500
8500
8600
8800
9200
8900
8900
10900
8900
52700
10000
9900
10100
10000
10300
10400
10000
12300
10300
10500
13900
11800
11800
46100
11600
11200
11100
11700
13000
11600
11600
11300
11600
12000
11900
11800
12100
16900
13600
12500
12800
11900
47500
14700
13200
12800
12700
13700
13900
13600
13800
15900
16000
12700
12800
13000
12500
13600
54900
12900
107200
14400
12900
13100
71600
161000
8400
20100
8700
8600
8800
9200
8800
9400
9400
9400
9400
12900
8500
11900
9200
9800
9800
13200
10300
10400
10000
9900
43700
10700
10300
11700
17500
12600
15200
12400
11700
11500
11800
12100
14500
11800
11400
14900
12900
54200
11500
13600
13400
12700
13700
12800
47500
13600
13400
12800
12600
16700
13100
13500
14200
15800
12400
12600
12300
13300
12500
14100
54700
13100
107400
12900
12900
13200
67800
155200
8100
9000
7800
8000
7900
8200
8100
8400
11600
8500
8400
10600
8700
11800
9700
9900
10600
9900
10300
10500
11400
10400
10100
10300
10800
11000
10700
11500
11100
12000
14900
13000
11700
11100
12700
11500
11100
11200
12300
51300
11800
47500
13300
12800
12500
46400
14300
13100
13100
12600
13500
13100
13000
14200
12600
15700
12200
12300
12400
12600
15700
13900
52700
12700
104300
13000
13200
13000
68400
152500
7800
9500
8100
8400
8000
8400
8300
8400
8600
8700
8300
10800
8500
12600
9900
10000
10300
62900
10000
10400
13300
9800
63200
10000
10300
10800
10500
11500
10900
37200
11200
11300
11400
11600
12600
11700
11500
11300
15200
52500
11600
80800
12900
14800
13100
12600
14700
29300
25900
14300
13900
16000
18400
14900
14800
20100
15000
13100
14300
56900
48700
14400
15000
13200
13200
17600
13600
14000
14600
164100
9000
9700
23300
10400
8400
8600
8700
8900
8800
9200
8800
11000
12800
13000
10700
10900
10300
10300
10900
10800
10700
11000
11200
10800
11000
11100
11100
12100
11600
12400
11800
11900
12100
11400
12900
15100
11900
13500
13200
55700
12000
60800
13300
12800
12700
13000
14400
13600
13400
15000
13500
14600
15100
14900
13600
16400
14700
13900
15200
15900
51100
15800
15000
13700
12900
17700
13100
13500
14900
156800
9000
8600
9200
8600
7800
9800
23300
9400
37300
8500
12900
8300
23500
11800
5600
5300
5200
5100
5000
5300
6400
5400
6000
5500
5500
5800
6200
7000
5900
6100
24400
27300
5800
6300
6000
5900
6500
6100
6000
6000
6100
7200
7000
6500
9300
6700
24300
6300
9600
7000
7000
27000
6800
7300
8800
7900
6900
6500
6600
6700
7400
7200
6700
10100
6700
7300
41100
7100
7000
82200
4400
4400
12300
10600
4400
7600
4400
4400
14000
5000
4600
5400
4600
9200
5300
5300
5000
5500
5300
5100
5200
5000
5300
5100
5700
5600
5600
9000
6200
6200
20200
23700
5800
6700
5700
5900
6200
6000
6600
5800
6100
7100
9500
6200
6700
6200
23300
6500
6300
6800
6900
26600
6600
6800
7500
8900
6500
9200
6400
6500
7100
7300
6400
7400
6400
7200
40400
6900
6700
82200
4100
4100
12200
10300
4300
5000
4300
4200
13000
5000
4400
5400
4400
8100
5100
5100
18500
8100
5100
21900
5200
5200
6600
5200
5700
5500
5500
6100
6000
8200
5900
5800
5900
5800
6000
6000
6400
9000
6000
6400
5900
7100
6900
6300
6400
7000
36200
6600
7000
6800
9700
33800
6500
6300
7300
7400
7100
6300
6200
6200
7200
7100
6400
7300
6300
9800
41300
6600
6600
79100
4300
4500
11900
10700
4100
4800
4200
4100
14700
4900
4400
5200
4400
8700
5200
24300
5100
5500
5300
5000
5100
5700
5300
5600
5700
5500
5500
7900
5800
5700
5800
22100
6100
5900
5800
6000
6500
7900
5900
6400
6000
6700
6400
6900
23100
24400
6400
6800
6800
6500
7100
6400
6600
6500
6600
7200
7200
6900
6400
6400
9700
7000
6500
7000
6600
6900
49100
6800
6600
77200
4100
4000
15700
10200
4100
5000
4200
4300
11900
4900
4500
4900
4300
8300
5400
5100
5200
5400
5000
5200
5000
5200
5300
5900
8300
5500
5400
6300
5900
5900
5800
5700
5800
5900
5900
5800
6700
6200
6200
6400
37600
9700
6300
6800
20500
24300
6200
7100
6600
6700
6900
7900
6700
6400
6700
9900
7100
6400
6500
6300
23400
6400
6500
7100
7200
27000
7000
6700
7300
79900
4000
4200
11900
10100
4000
5100
4100
4300
12400
5000
4500
5100
4800
9700
5500
9200
5100
5300
5000
5300
21400
5100
5300
5300
5700
5500
5500
6100
5800
5700
5700
5800
5800
5700
6000
27500
6400
6300
6000
6400
6100
6600
6300
6800
20000
23800
6400
27700
6700
9500
7000
6700
7300
6700
31200
7300
7000
6400
6500
6300
25000
6300
34900
7000
7100
44400
6800
6400
7300
69600
4300
4100
4100
4300
5100
5000
4400
8200
4400
5200
15200
4400
4600
8000
5000
4900
5400
5200
5300
5500
5400
5300
5100
5300
5900
5300
5500
7000
6300
19600
8300
8900
29500
15000
12200
12600
12200
13100
70000
13100
12700
14000
12700
15700
12500
13000
14000
13900
13600
14800
12700
14700
14200
14100
14700
16700
14300
14500
13300
13500
15000
13600
13800
15700
62200
12800
14900
13400
14600
148700
8200
8200
8200
8100
8300
8400
8500
8400
8500
8900
11500
8600
8900
12100
9900
10100
10300
10400
9900
11200
10100
10900
10400
10200
11000
10600
10800
12100
11500
29000
12300
11200
14900
13600
12000
11800
12000
12100
68600
32500
13100
14600
14300
13400
13400
13100
13500
13200
13700
17800
13200
14200
13700
13800
15000
15800
14000
13900
13000
12600
12900
13000
19300
12900
68000
13100
14800
13700
14900
159600
8300
8400
7900
8500
8500
8400
8600
8400
8900
8500
8800
9000
9000
35400
10400
10400
25600
10700
10300
10700
10700
10600
10400
11000
11300
11100
10900
11700
11600
11500
12100
11500
12000
13400
12400
71500
12000
12400
12900
12200
12300
14400
12300
14600
13800
13200
13300
12900
12900
13900
26100
14200
16700
13600
14600
15100
13600
13800
12900
12800
13200
13100
13500
13200
66900
13600
14900
17100
14900
152100
8200
7800
8200
8300
8200
8500
8100
8600
8400
8900
8500
8700
8800
12400
9900
10300
10200
10300
10200
13900
11600
10700
10600
10400
10600
9800
9400
10000
10700
11900
13400
12000
11800
12800
11800
11900
11900
11900
12700
12300
16300
13900
13600
32800
12900
13000
12900
13700
13700
12800
13600
13600
72200
14100
14200
15000
13600
14200
13200
13200
12900
13000
13300
13800
65000
13900
13100
12900
14400
161000
8300
8200
8200
9100
8000
8500
8800
8700
8900
8700
9500
8900
8700
11700
10400
9800
10700
10200
10600
10900
10300
10800
10200
14300
12900
10900
12000
12000
11800
11700
12300
12000
12100
12900
12800
12300
12400
12600
12800
11600
12200
13600
17700
45400
13300
13500
12700
13200
13400
12700
13900
15100
75900
14900
14500
15100
13100
16500
13100
13200
13300
58800
13300
13900
13600
14200
13100
13600
15200
155400
12000
8000
8600
8400
8200
8200
8600
8700
8900
8700
9000
8800
8900
12000
9800
10400
10200
10200
9900
23000
10600
10400
10000
10500
12700
11100
10800
14800
11800
11600
12500
12000
11500
12000
12100
11400
11600
12000
12700
12400
14000
13800
14000
32200
16300
13400
13400
13200
13000
13200
12600
13400
68400
14600
13900
14600
12500
12800
12900
13000
16100
13600
12900
13900
12900
14300
12800
21500
14700
153700
9500
9300
7900
8400
8400
8300
8600
8100
22100
8400
8500
8800
9700
13400
9800
10500
10800
10700
10200
10500
10800
10400
10900
10500
11000
11200
11200
12900
12500
11500
11900
14900
11900
25000
12000
12100
11600
11900
12800
11700
12400
14800
15000
13100
13300
13900
13300
13100
13000
13400
16500
13400
13300
13600
14800
15200
13000
13900
13300
13800
13600
14000
15100
13300
13400
14400
12800
95700
13400
149500
10200
8300
8500
9600
9400
8600
8300
8400
18800
21000
8900
27200
8700
12500
10100
10300
10100
10100
10700
10500
10700
10500
10700
10600
10700
10900
10900
12000
11900
11500
11500
11800
11600
15500
39200
9800
19700
9900
10100
10000
51000
14600
11300
11200
31900
21000
15600
14000
14500
14300
14300
14000
21300
14700
16500
17200
14000
16000
12700
13200
12800
13000
14100
13200
13300
14200
13200
104800
14400
166300
9800
7400
7000
8200
7700
8700
9100
9200
10000
22100
8900
23700
16300
13900
10500
11800
10400
10700
10700
10500
10700
10400
10700
30900
11100
11600
11500
12300
11700
11700
12400
11800
12000
11900
15400
12200
12100
11900
11900
12000
12300
15000
16300
13200
13000
13500
13100
13500
13800
12900
13200
13700
13900
15500
16300
16300
14600
14700
13700
12900
14300
14100
15400
14300
14800
15900
14700
89800
13700
153800
10700
7800
8400
9700
9700
8900
8800
8700
9900
20800
8900
23400
9000
12700
15400
10100
9600
10400
10600
11100
11000
10400
11000
11100
11000
11900
11500
12900
11600
12000
12200
11200
11800
12000
12400
12200
32800
12400
12100
12100
12100
13800
15900
13400
14600
12900
13300
13000
12500
13300
13600
13600
14900
13300
13400
18700
12700
14100
13400
13000
13500
13100
13700
13400
13400
14300
13100
211900
13900
150200
9700
8400
8800
9700
9400
8400
8100
8900
9400
22000
9000
26800
19300
13400
10700
10400
10700
10300
10900
11000
11100
10900
11200
10800
10700
10700
75500
12200
11600
11300
16200
11700
12000
12000
14000
11600
12200
12300
12800
11800
12500
13300
13700
12700
13300
12800
13100
22200
12700
16600
13500
12900
14200
13300
13900
15900
14100
12900
12900
13800
13400
14700
13100
13000
14300
12900
16600
13400
15800
149600
9300
8200
8400
9400
9200
8400
8900
8300
9600
20600
8800
22100
13700
12700
10500
10200
10200
10100
10500
10400
10800
10600
10300
10800
11000
11000
21700
12000
11500
11400
12200
11500
11800
63000
12100
12200
11800
11900
12200
76800
12100
14000
13700
12600
12600
12900
13400
13800
16200
13000
13300
13200
14200
13300
13000
14600
13200
12600
12400
13800
13700
13000
13000
14600
13300
20600
16600
13600
16100
158600
8600
9800
8500
8300
8500
8500
9900
8400
8300
9900
8700
23800
12200
14400
10300
14400
10400
10300
10600
11200
10700
11200
10900
13100
11200
11000
11000
12200
11300
11400
11600
11900
11500
12000
11500
11900
12200
15200
12100
23800
12900
14100
12700
12900
12900
13500
13000
12700
12700
12900
13000
12900
15100
13000
13900
18600
13800
14500
67300
13200
13400
14200
13300
14200
14100
13500
13200
13600
13900
159500
8500
8600
8900
9000
19400
9900
8800
8600
22900
9000
9000
9100
10300
12200
10100
10000
10000
11400
10100
10200
10500
10900
15100
10700
10800
11400
11000
14000
11800
11500
11400
11700
12200
12500
11900
12100
12700
17900
11600
12600
13900
17200
12800
12800
13200
13400
12900
13100
13100
13400
13800
14300
13400
13500
14600
16500
13700
13700
41600
13300
13100
14000
13400
14200
12700
13700
13700
13800
13900
156200
8400
8300
10300
8700
19400
13400
8900
8600
22200
8200
8700
8800
10000
12500
10600
10200
10000
10700
10700
10700
10600
11000
11100
10500
10700
11400
11000
15800
11800
11600
27800
12300
12100
13500
11700
11600
12000
12000
12800
12400
12400
14200
13200
12500
12900
13300
16600
12900
13000
13400
13600
13600
13700
13700
14400
15000
13800
13700
38100
15000
13300
14100
16200
15100
13200
13500
13500
13500
13600
159500
16200
11600
8400
8000
19100
9600
8400
10700
21900
8600
11900
8500
9700
16000
12800
10200
10400
10300
10300
10100
10100
10800
10800
10800
11100
11200
11000
11500
11000
11100
11300
11400
11500
11300
15400
12300
12200
12200
14700
12700
12600
13500
30100
13300
12800
13000
12800
13700
13000
13200
13900
12800
13000
17900
14600
15000
13500
13600
37500
12700
13000
13900
13700
16100
13300
13400
13000
13200
16800
153700
8200
8000
8300
8400
18600
9500
8400
8600
22400
8200
8800
8500
9900
14700
10600
10300
10000
14400
10400
10300
11600
10700
10800
9700
10600
11200
11000
12000
32700
11900
11600
11700
11900
11400
11600
12000
11800
12000
12500
12100
12200
13200
13000
13000
12800
12900
13000
13600
13000
13300
14000
12800
13000
32700
14700
16100
13800
13800
13500
13800
13000
14100
13700
14000
13000
13800
14500
14100
15400
153700
8200
9200
7800
11600
18700
9600
8200
8400
21700
8400
8600
8800
9700
11400
10600
10400
10400
10500
10200
10500
10300
12800
11000
10400
10600
14100
10500
11700
11600
11000
11500
11400
12600
12500
11700
11500
11500
11800
12400
12300
11800
13400
12300
12500
12600
16400
13300
14100
12600
13100
14000
14900
13300
14400
13900
14100
12100
12200
12400
12900
12800
12500
12600
16000
13000
12900
60300
13600
14100
148800
9200
9100
15100
8100
7700
9400
8300
9600
11400
21400
22600
8300
8700
14700
10400
10300
10000
10200
9900
10600
10900
10200
10600
10800
10700
10700
11800
12400
11700
11300
11500
11900
12300
50400
12100
14000
12000
12700
11900
12600
12100
13200
13400
12900
12300
24900
12900
13000
12800
12800
13100
16400
13100
12400
10200
14000
14000
13300
13000
14000
13900
13800
15000
13500
13300
14600
13800
13000
17200
160200
10400
8900
8500
9600
8900
8700
9700
8300
8900
8700
8800
10100
8800
14000
10300
10700
13800
10600
10000
10200
10500
10400
10800
10500
11600
11500
11500
12600
11700
11000
11300
11600
11400
46500
11900
11600
15400
12700
12300
12300
12300
15300
13100
12900
12800
13300
12900
13400
13200
13200
12700
13200
14900
13900
13700
18100
14400
13300
13300
14200
14000
14300
13100
13100
13400
14400
13700
13500
15200
156400
12800
8800
8500
9400
8200
8400
9700
8400
8300
8500
8900
10300
50900
17300
7600
8600
6400
83800
5600
6700
8100
8800
10400
5500
8000
8400
10300
14400
8900
11100
10000
20100
9200
9500
10000
9200
27300
10800
10200
13100
8600
15900
9300
10000
10100
11700
10400
9800
10800
10700
10900
9900
10200
11500
10900
13600
11500
10900
15500
16400
11500
14300
10900
7800
9800
11700
11300
11100
11400
192400
6700
4400
4600
5000
8100
4200
5100
4700
4700
4200
4300
5000
4500
11500
5300
5100
5200
5000
4900
5100
5100
5200
5100
5100
5400
5400
6600
6400
8600
6500
6400
6700
5800
9100
10100
10100
22800
9900
11600
10300
9500
29700
13900
11800
13400
8300
8300
38400
6600
6400
6600
7100
6600
6200
7700
8700
7400
13100
7000
7600
7300
7500
10400
7500
6700
7600
7300
7100
7000
71700
5000
4200
4300
5200
4300
4100
4900
4300
4700
4200
7200
5100
6800
11200
5400
5500
5100
5100
5000
5500
5200
5000
5200
5600
5400
5700
5600
6300
5400
5500
6500
5800
5400
6000
6200
5900
6100
6000
6200
5900
5800
6900
6400
6000
6300
6700
6400
45800
6600
9100
6600
6700
6600
6400
6600
7400
6200
6500
6400
7100
6400
6700
6400
6200
6300
6500
6400
9900
6500
135400
4900
4100
4000
4800
4300
4000
5100
4100
4400
4200
4400
6100
4500
9400
5100
8100
5000
5100
5000
5000
5200
5000
5200
5000
5400
5800
5500
10900
6300
13800
6300
6100
6200
6600
6600
6000
7300
9400
6800
6400
6500
7100
6700
6400
11200
6600
6200
23400
6500
6400
6500
7000
6500
6200
9900
7400
6200
6100
6500
7000
6900
8300
6400
6300
6700
6700
6400
7000
6500
126000
8600
4400
6100
4900
4800
4800
13900
7700
4600
5100
4700
4300
4500
11600
5700
5200
27400
4900
5200
5000
8200
5000
5200
5200
7100
7100
6400
6100
5900
5500
6300
5900
5500
5900
5700
7600
7000
6000
6200
6300
5800
9600
6400
6600
6200
6000
6400
6500
6400
6500
6100
6700
6500
7000
6600
7900
8400
7000
7800
6200
27000
6200
7200
7400
7200
6400
7400
10400
7500
62900
5100
5000
4300
5000
6300
7300
4200
4900
4300
4300
5000
4300
4800
8300
5200
4900
5400
5100
4900
5100
4900
5000
4900
5600
5800
26100
5200
6800
8700
5600
8800
5800
5500
14400
6100
6100
9300
6800
6600
6700
6200
7300
6800
7000
6700
6300
6400
25000
9500
6500
6200
8500
6400
7000
6500
7500
6700
6600
6300
6200
84100
6200
6400
6500
9000
6300
6500
6400
7800
130600
4600
4900
3900
4100
5400
4300
4100
4200
4100
4100
4300
4000
4200
8800
5100
8000
5100
5500
5300
6700
5000
5300
5100
5200
5600
5400
5000
5900
6000
5800
28000
5600
5700
5600
5600
7000
9500
6000
5800
5900
5800
6700
6200
6500
6200
6200
6200
7000
6300
6400
7500
6800
6100
6900
6400
10400
6800
6700
6400
6300
23100
6300
6100
7000
8300
6500
6300
6400
6300
61000
7000
5000
4200
4200
5400
4200
4300
4000
4200
5500
4300
4300
4500
8100
6000
7200
7000
7500
7700
7600
8600
7900
8000
8100
8400
22300
9300
10600
9600
6200
39300
6300
6000
6400
6300
6100
6000
6100
6300
6100
5900
6700
6400
9200
6500
6100
6300
22000
6500
6200
7000
8300
7400
7100
6600
7300
7200
6700
6300
6300
25700
6200
6100
6300
6300
6400
9800
7300
6400
139400
4300
5000
3900
3900
5200
4200
4600
3900
6800
4400
4300
4200
4000
8500
5000
6800
5100
5000
4900
4900
5200
6600
5300
5200
5600
5400
5200
5900
6000
5600
32000
5700
5800
5500
5700
5500
6300
6000
6800
7600
6000
6900
6200
6100
6100
6500
6200
6300
6000
6100
7100
9000
7000
8400
6700
6900
6400
6700
6200
56100
6500
7000
6700
8300
6200
7900
6500
10300
6700
63400
4300
4900
4200
4000
5300
4100
4200
4300
4000
4200
4100
4100
4600
7700
5000
5200
5200
5000
8300
5000
5200
4900
5200
5200
5400
5300
5200
5800
7000
5900
27900
5800
7100
5900
5900
5700
5900
5900
9000
6000
6100
6700
6700
6100
6300
7800
6500
19400
6700
6100
6900
9300
7500
6800
17800
7600
6500
8600
6600
6800
6700
7200
7000
7100
6600
7300
10300
7000
9300
144900
5300
5100
4600
4300
9700
5000
4500
4500
4500
4600
4500
4600
4700
