1393100
111700
19500
8700
8800
12000
10300
9400
11900
12100
137900
21000
12400
11600
111000
17700
126200
31200
15200
468300
20200
14800
163300
128700
193100
18900
16400
19400
41500
229100
142300
195900
21800
19900
19500
20100
18600
18200
19700
20200
20100
24400
145600
248400
28300
24600
24000
74200
24000
28200
24500
25100
24800
26400
27300
27100
267400
34500
259700
39800
271800
29400
29700
33900
27000
194300
61800
322200
172400
33500
29400
10600
9800
31300
26500
8300
10500
30500
9600
39000
11400
10200
10000
10500
62000
14700
42500
13100
12900
126000
14800
15200
83500
49700
86700
15600
14900
15300
22400
138900
81100
88900
22000
18900
18300
20600
19500
19900
20600
20700
20800
21700
103300
72700
27700
25400
23900
46400
30800
24700
25300
24400
25200
26000
29700
26200
152500
34400
196700
32900
187000
21900
20600
28800
20700
66100
24000
134200
90900
21200
24000
8800
6400
5300
31100
5500
6200
34100
14100
6200
7300
8000
6600
6600
35000
21400
23100
23400
8900
9300
9500
9700
9600
9900
30000
11400
22500
10700
14700
67000
44900
37900
19300
13000
13300
13600
13400
13700
14000
14500
14200
14300
41400
31100
18600
18700
16300
25300
17700
16800
17000
17300
18500
17800
19200
22900
56700
21500
68100
22400
69500
21200
21400
23500
22400
51500
22300
91700
54400
9300
10200
6300
4200
15800
7400
2700
3200
12500
3100
16800
4600
3000
2800
3100
16800
15700
8600
4200
4400
4500
4700
4900
4600
4700
40100
5400
13300
4700
27500
6900
15900
5600
6100
49000
5700
6300
31500
19600
33700
6000
10500
6400
32900
23000
9500
9200
7500
15400
7600
7600
7200
8000
7300
9100
8800
8000
63400
10800
61200
11100
56100
9200
8900
12000
9200
32700
9500
71100
36100
10600
3000
5700
3500
11900
2800
4100
4100
2700
8200
12600
4500
3000
2800
3100
17500
14000
4300
4800
4200
4700
5000
4800
4500
4400
27000
10600
5000
4800
21200
7100
18500
5700
6200
46100
6500
6400
30700
19300
37400
6500
8200
8500
13200
50000
38500
28900
10100
7800
8200
7900
7900
8100
7400
7900
7300
7900
45100
11000
63300
11300
56000
9700
9100
11600
9400
32000
9500
70500
33900
9100
12800
2800
4200
7300
16500
2800
3400
19300
3100
9700
3400
3300
3000
2900
26900
14200
24300
5000
4300
4700
5700
4700
4500
4500
29400
5300
43800
4600
25300
7300
15600
5900
6100
58300
5800
6200
65500
31200
88100
17900
9600
10200
15900
179800
55100
92500
19700
9300
14900
10600
11500
11300
15500
11600
7700
7600
42800
22000
12400
10800
15000
15700
9100
9200
9400
9000
9200
9100
12900
14200
10300
6800
6900
102900
21100
13400
13300
13500
13900
13000
13300
14100
13000
13500
15400
15200
14700
15000
21000
15300
15300
15100
15100
152200
11400
9000
10100
10400
11600
11500
10800
11400
10200
14800
10700
11300
111000
52600
10500
11400
11600
11700
21500
38200
11900
11600
14100
48000
13500
56600
11600
11900
11800
59400
11900
61300
116500
11600
10000
10000
9000
14500
9100
9700
9100
17200
9600
9500
16000
9600
11100
21400
7300
7200
7600
7800
8700
7400
8100
7100
7500
7700
7400
7600
9500
8700
8800
9200
8500
12900
9100
9000
9000
53500
9000
9000
10300
9800
11100
11500
10800
11500
10200
10700
14300
11500
79800
44500
10700
10900
11900
11600
13100
28700
11500
11500
13600
45100
13200
52400
11600
11800
11500
54800
15900
61400
110900
11200
9100
9200
9100
14100
9100
9600
9000
17300
9400
9300
15800
9400
11600
7100
8800
6900
7600
7100
7100
7200
10700
10500
10400
10200
27100
79700
13500
11100
9300
35000
10100
9300
8800
9500
10000
9000
8900
9100
9400
8900
11000
11900
10800
13300
10400
10800
14400
12700
79100
44100
10300
10800
11600
11400
13400
32100
12000
11400
14100
43900
13100
55000
11500
12100
11600
52800
15600
61600
110300
11200
9000
9400
9200
14200
9500
11800
11600
20900
9500
12200
20700
9600
15600
7700
8800
9700
7200
9700
9300
8300
8100
7600
8500
9600
8100
7800
10000
9800
10000
25200
10000
11900
49200
11100
11100
9800
9100
11000
11200
14500
14200
14000
25000
16500
11400
12400
50500
14600
60800
79600
17600
16900
17500
18400
21300
35800
19400
12200
14700
53800
14700
57600
12100
12900
11300
57900
11600
65000
112300
12100
9300
9300
9300
15000
9200
9400
9400
17000
9300
9800
11900
14000
12200
7300
8500
8400
7200
7100
7400
7100
8500
10200
7800
7500
48400
7300
9600
9600
21400
30600
9700
8900
8800
9400
10100
48900
40300
56200
9000
9700
14900
10400
10500
10400
10200
10700
10200
10600
10600
53800
10600
12000
11800
12600
12700
17800
11800
12800
11400
12800
11800
13100
80900
47200
11500
11900
17100
13700
111000
13000
9400
11200
10700
17100
10500
10900
11900
20000
10800
9900
11600
10800
16700
7300
7700
7400
7000
7100
7200
7200
7600
7300
7200
7300
7700
7400
9500
9400
8700
23600
9600
45600
9000
10000
10000
8800
9000
9100
9000
9200
12400
14200
43800
10600
10000
12900
10700
10800
12700
60100
10600
13800
14900
15800
18100
15900
14500
15000
16200
11900
12000
13700
88900
56500
13400
11600
12800
13500
109500
13000
9900
9400
15900
18400
11400
19900
9400
9500
9400
19000
9600
21000
11600
7000
7500
7000
36000
11100
7000
7200
7600
7200
7200
7300
9100
7900
9100
9500
9900
8900
26200
9200
10300
8900
9100
9000
8800
12900
9000
9300
11000
11500
10800
39900
10400
11000
43700
10600
10700
10300
10400
10700
14400
10500
38800
11100
11600
11900
11000
11300
11300
11400
45000
11700
12400
11500
13100
16700
109500
10400
9200
9300
9800
9200
10700
9400
11700
9600
30100
9600
21300
13100
12100
7500
7000
7300
7500
7600
7300
32200
7200
7300
7200
7500
8100
7800
9100
10900
9500
8900
30100
8700
8700
9300
9100
8900
8900
8900
8800
9100
12400
11400
10700
39100
10300
10600
47400
10500
10500
10300
10600
10800
10400
10500
35600
11100
11400
11700
11300
11700
11300
11400
48000
11800
12200
12700
13500
12600
108300
10400
9200
9500
9100
9700
10600
9600
10600
9700
34400
9600
21100
9400
13100
7300
7100
7100
7400
7100
7000
7200
7000
9100
7300
7400
7700
7700
9600
29300
9500
8800
34000
8800
9300
8800
9700
9200
9200
8900
9600
9300
11000
11500
10700
43400
10200
10600
43800
10500
10600
11600
10300
10800
10500
10500
36100
11100
10900
11600
15100
11800
11000
11800
43900
11600
12400
11500
13300
12600
110000
10400
9500
10200
9200
13300
10600
9400
10700
9500
30500
9900
20900
9600
11300
7500
7200
6900
7500
6900
7200
7000
7200
7100
44000
7200
7400
7400
9800
8700
9400
8500
34100
8700
8700
9800
9400
9200
8700
8800
9600
9100
14500
11000
12000
10400
29100
10800
10300
10300
11100
10500
41300
10600
10800
10700
39300
11100
11100
11500
11200
11200
11300
11400
45400
11800
12400
11500
13700
12900
112400
10200
9300
9000
9600
9200
10800
9300
10700
9800
29900
9400
21000
9500
10500
7200
8000
8300
8100
7400
8200
7000
8200
7200
8700
8200
7400
8200
10600
9900
10200
9600
36500
9600
8600
9600
10800
14300
9100
7300
15800
7300
7800
8400
9300
7600
28000
7500
7400
7900
7700
31700
11800
7700
8800
7800
9400
10000
7700
37200
7900
7400
42100
41400
7400
11600
7700
7600
7700
7500
105700
5500
4300
4300
4500
4300
5500
4500
5500
4500
25200
8600
16800
4400
9600
6200
6200
6100
6000
6200
6100
6400
6100
6000
6200
6200
6500
6300
7500
6800
14000
13100
42300
9300
9700
10300
7300
8500
9400
10000
12100
11700
12900
10500
8500
7400
25900
7600
11800
7300
7700
7600
8800
8100
7800
58500
8300
8300
7400
36700
11700
7700
42700
44800
7400
7600
7500
7600
7200
7300
135500
4400
4400
8700
4400
4400
4100
4300
21400
5200
5100
4200
5700
5500
9900
6400
6000
6300
7500
7000
6200
6100
8000
6600
6400
6600
6300
10800
7800
7100
6800
6900
8400
7700
7500
6900
7500
7500
7300
7800
7100
6900
8900
7700
11600
8400
8200
7700
34500
7700
8000
7400
7700
8300
7700
7700
9100
7700
7500
7600
11700
7700
7300
47200
7500
7400
7500
8400
16700
9200
64000
4400
4300
4500
4100
4400
8400
5300
6500
4600
5300
4500
14700
7700
12300
7700
8100
5500
6300
5700
5500
5300
6200
5400
5500
5500
5300
5600
13600
6100
9000
9200
9700
8500
5900
9700
6500
6400
5900
6200
5700
5900
8800
8000
6300
6400
11700
6400
36700
9400
7400
6400
6400
7300
6700
7000
7900
6600
6400
6400
6400
6300
10300
34800
6400
6400
6800
7300
6400
6500
61100
4000
4200
4200
4100
4400
4100
9400
5200
4300
5000
4400
6000
4500
7700
5200
5500
5100
5200
5200
5400
5100
9600
5600
5200
5500
5600
5700
6400
10500
5800
6000
6200
5700
5900
5700
5800
6300
5800
5900
6000
6300
7600
6400
6600
6400
7100
10800
25600
6200
6800
6500
6300
6500
6400
6500
7600
7000
6400
6300
6100
6400
6400
40800
7800
6200
6300
7000
6500
13000
63800
4000
4100
4100
4200
4300
4100
5100
9800
4400
5100
4600
5700
4300
7600
5200
5400
5200
22700
5200
5300
5200
5500
5500
5400
5500
5200
5700
6500
9800
5800
5800
6200
5700
5800
5700
5900
6200
6000
5800
6000
6400
8700
6400
6300
6500
6300
10900
6300
6500
7100
7100
6500
6600
6300
6900
7500
6400
6500
6400
6200
7800
6400
38600
6300
6500
6400
7100
6600
6700
60600
4200
4400
4000
4600
4100
4300
4800
5100
4600
9100
4600
5200
4200
8800
5100
5200
5300
5000
5100
5100
5100
5200
5200
5300
5500
32200
5600
6300
5700
9700
5900
6100
5500
5800
6300
5800
6200
5800
5900
6000
6200
7500
6200
7000
6400
6400
6700
10400
6400
6900
7100
6300
6600
6500
6500
7600
6400
6200
7200
7000
6400
25000
10400
7100
6500
6400
6700
7800
7100
62700
4200
3800
4300
4300
4100
4400
5600
5000
4500
5100
9900
5200
4300
7500
5100
5300
5700
5100
5300
5500
5000
5400
5200
5400
5500
5400
5400
6300
5900
5600
5800
6200
10000
5900
5600
5800
6300
6000
5900
5800
6700
7300
6300
6300
6300
6100
7300
6400
7600
7000
11000
6600
6600
6500
6500
7800
6400
6400
6400
7300
6600
25700
6400
7200
6400
8000
7500
7800
7500
63100
5100
4200
5100
5000
4300
5200
14400
4300
5100
5200
5900
4300
5200
10400
7200
29000
7900
20900
8100
6200
5700
8300
9400
6600
5700
10600
8900
9900
8000
6600
9000
8600
8300
8200
9300
9000
8100
16500
9100
6500
7200
22000
6900
6800
6600
7500
6600
7400
7000
7100
7000
6700
7400
41400
6500
7800
22000
7000
7200
6400
7200
7200
7100
6600
6600
6500
6600
10900
6900
63000
4200
4400
4500
4200
5200
4600
4500
4200
4500
4500
4200
4700
4500
7800
5300
5200
5200
9600
5100
5300
5000
5100
5500
5300
5500
5400
5700
6300
6000
5700
5600
5700
5700
5700
5500
5800
6200
6300
10400
8600
5900
17600
6200
6200
6000
6700
6400
6800
6400
6300
6200
6300
6800
35600
7100
7700
21700
8300
6600
6100
6900
7900
7600
6900
6700
6900
7000
7000
11800
67400
4500
7300
4200
4200
5100
4400
4300
4200
4300
4100
4300
4600
4400
7900
5500
5600
5300
5300
5100
9500
5000
5100
5200
5500
5400
5400
5200
6100
5900
5900
5700
5500
5700
5700
6100
6300
6300
6400
5800
6300
10000
20100
6300
6000
6200
6700
6300
6800
6400
7100
6400
6300
6800
37500
6600
7400
21900
6700
6300
6400
6800
7000
7000
6400
6500
6600
10800
6600
6600
62100
4300
3900
4400
4200
6100
4100
4400
4200
4200
4400
4200
4300
4400
7400
5400
5300
9200
5100
5200
5100
5200
7000
10100
6100
5500
5700
5800
6500
6800
6300
6100
32700
6000
6200
6200
6800
14500
9900
10100
10700
9200
7700
7200
18000
6800
6700
6900
9200
6800
6900
7500
7400
11800
6900
8800
8000
22800
7200
7500
6800
7200
8000
7600
6900
7000
6900
7000
6900
12000
65600
4600
4700
4700
4400
5200
4500
4700
4700
4500
4600
4500
4600
4800
8900
5500
5700
5600
5400
10500
5500
5700
5300
5900
5900
5900
5800
5800
6400
6200
6200
6000
6100
6200
6400
6000
7200
6700
6700
6300
11400
7000
7200
7300
6700
7000
6700
6700
6800
6800
6900
7400
7500
7100
7100
6700
23700
6900
6800
6700
7400
22200
7600
7100
6800
7000
6900
8500
36700
6600
66400
4200
4000
4400
4300
5300
4200
4400
4400
4200
4500
4400
4400
4500
8100
5400
5300
5100
5100
5700
5000
10000
5100
5300
5200
5400
5300
5500
6000
5500
5800
5900
5700
6000
5800
5900
6300
6300
6300
6000
6300
5800
10800
6800
6300
6200
6300
6400
6300
6200
6400
6900
7500
6700
16200
7000
18900
8900
13200
6900
7500
6900
7400
13200
6900
6700
6900
7800
37800
7200
64100
8300
8900
4300
4100
4700
5300
4900
4200
6100
4500
4200
4700
4800
9700
5500
5500
5300
5900
5900
5400
5700
5500
5600
5500
6200
5800
10500
7000
6600
6400
6500
6200
7000
6300
6900
5900
6100
6300
6100
5700
5900
7200
6800
6400
6900
10700
16700
6800
7600
6900
7500
7500
7700
7700
6900
55100
7000
6900
7700
11700
7000
7300
9800
39600
26000
7700
7100
9700
7000
65500
4400
4500
12900
11300
5700
4600
5000
19600
4500
4400
4300
4300
4300
8700
5600
5300
5600
6700
5900
5400
5100
6000
5200
5200
5300
5300
9900
6500
6000
5900
6100
5900
5900
5600
5900
5900
6000
6000
5900
6000
5900
6700
6600
6400
8600
7700
7200
7800
6300
7200
7900
7500
7300
6400
7300
46900
7100
7200
11200
6600
6200
6500
7200
38500
30900
7000
6900
7200
7200
65800
4300
4400
16700
4500
5800
4600
4300
29200
4600
4600
4600
4500
4800
9300
5700
5800
5800
5400
5700
5700
5500
5700
6000
5700
5600
10400
6200
6500
6200
5900
6300
6800
6800
6800
6700
6100
7900
6500
6900
6500
6300
7700
7300
11300
7300
7200
6900
6600
6700
6700
7300
6900
6700
6900
7100
45300
6700
6600
12100
6700
6700
7000
7400
27600
26200
7100
7000
7100
7100
64900
4600
4200
16300
4300
7200
4500
4700
15300
4500
4700
4600
4700
4800
7900
5900
5800
5600
5600
5700
5400
5700
5400
5700
5400
10200
5800
5700
6500
6100
6100
6400
6700
6700
6300
6500
7100
7400
6400
6800
6400
6500
7300
11500
6800
7800
7000
6800
7000
6900
6800
7000
7400
7000
6900
6800
46900
7000
10900
7500
7200
6700
6900
7400
27600
25600
7600
7000
7000
7500
66500
4300
8600
12600
4500
5600
4600
4600
15100
4500
4500
4900
4600
4500
27500
5600
5700
6200
5700
5800
6900
10100
5600
5700
5500
5700
5800
6500
6500
6000
6300
25700
6600
6600
6300
6300
6200
6100
6200
8100
10900
6500
7400
7100
6900
7300
6900
7500
7100
7300
6800
6900
7400
7000
7600
7000
7600
7300
11200
7500
7600
21400
6700
6800
6900
7500
7100
28500
8400
7100
70200
4400
4600
11800
4500
5700
4800
4400
15100
4600
4400
4700
4400
4800
7500
5600
6100
5600
5500
5700
5500
5500
5500
5700
5600
35500
6500
5800
6500
6200
5900
6900
6600
6700
6200
6200
6400
6400
6400
6800
6400
10800
8700
7400
6900
7300
7000
6900
6800
6800
6900
7100
7300
7000
6800
7000
7800
7400
11000
7900
7400
6900
7300
6700
6800
7500
30000
7000
7300
7000
106300
4300
4500
5400
4600
4300
4600
5100
10500
9900
4700
4400
6100
4900
8600
5500
5600
5300
5400
5400
5600
5900
5700
45500
5700
5800
5800
6000
6700
6400
6300
6200
8600
6400
6300
6200
6300
6600
6400
6700
7000
11300
7600
6600
6800
6900
6700
6800
6900
6800
7500
7000
6700
7900
6900
7200
8000
7000
6700
23900
6800
6900
7600
7000
7000
6900
9800
7200
7200
7100
73100
5100
4600
13300
5200
5800
9000
4600
4500
4800
5800
5200
4700
5400
7700
5800
5800
5500
5300
5700
5600
5500
5700
5500
5600
5700
5900
46000
6600
6300
5900
6200
6500
6400
5900
6200
6200
6300
6000
6300
6800
6500
7200
7000
6700
11500
6600
6700
6800
6600
8200
6900
6900
7400
7000
7000
13200
6900
6700
19700
6800
6700
12700
7000
7100
6900
7000
6700
7100
7000
66900
4400
4200
12200
5100
4300
4500
4300
4600
4600
5500
4700
9200
5400
7700
5900
6000
5400
5300
5700
5900
5600
5400
5700
5700
5600
5900
5800
6400
7600
6600
6300
6200
6100
6300
10900
6600
40300
6400
6600
6300
7000
7600
6700
6700
6500
6500
6700
6600
6700
7200
11400
6900
7400
7000
6900
7700
6800
6800
19700
6600
6800
7800
7500
7000
6800
9900
7000
11800
7200
77900
4700
4900
12400
5100
4600
4300
4600
4600
4400
5500
5100
4700
5200
7400
5800
5400
5300
10000
5600
5500
5500
5500
5700
5500
5700
5800
5700
6600
5900
6200
6200
6000
6200
6400
6700
6700
41100
6200
6600
7200
7900
9500
6700
7400
7700
8100
9300
6700
7700
7700
7800
6900
7700
8200
8100
12100
8100
6600
18800
6700
6900
7200
6800
6900
6600
7000
6800
11300
7100
64700
4300
4400
11800
5000
4500
4300
4500
4700
4300
5400
4700
4700
5200
7100
6100
5300
5500
9600
5900
5600
5500
5700
5400
5500
5800
5800
5700
6400
6100
6100
6100
6000
6300
6300
6500
6400
145500
11000
7500
6400
6800
32100
7000
6700
7000
7300
6900
6900
7000
7000
7000
6900
7600
7500
11500
7900
7100
6900
6800
6700
6800
7000
6800
7400
7100
6700
7800
6900
7300
71900
4300
9000
12300
5100
4400
4600
6200
7600
6600
8500
7600
7200
8400
11800
9100
8400
8000
9000
6000
5500
5600
7700
8200
9900
14100
6000
9400
10200
10300
9700
9700
6400
7600
6400
6700
6400
47500
6400
6700
6400
7000
12300
6800
6700
6900
7300
6700
6800
7500
6900
6800
7100
7000
7400
7100
7700
6900
6900
7000
11000
6700
6900
6800
7400
7100
7600
7600
7200
6900
64300
4600
4600
8500
4300
4700
5400
4800
5200
9300
12400
4800
4700
5000
9400
5300
5500
5400
5900
5600
5300
5500
6200
5700
5700
6100
5700
5700
6600
6300
6400
6000
9500
6300
6000
11000
7200
6900
6500
6500
6200
6600
9300
7400
7000
7500
6800
6900
7600
7200
6900
6900
7000
11400
7100
6900
8300
7000
7400
24800
25800
7000
9400
32200
6800
7600
11200
7100
7000
7700
66700
4600
5300
4600
4700
4600
9800
4400
4600
5500
19600
4600
15900
4600
8500
5900
5500
5600
5900
5400
5700
5400
5600
6000
5800
5700
6000
5600
6700
6100
6100
6100
6900
6000
6100
12200
6800
6600
6200
6500
6400
6400
8200
7300
7300
6700
6800
6700
7300
6700
6700
7000
6800
6800
11200
7300
8400
7000
6500
57200
25900
6600
7300
51300
9500
8100
12900
8200
7100
8000
70100
4400
5100
4600
4300
4500
10700
4600
4400
5400
19900
4700
12300
9800
10900
5600
5600
5500
5800
5600
5400
5500
5600
5700
5600
5700
6100
6000
6400
6300
6000
6300
7500
6300
6100
6200
11400
6500
6700
6900
6400
6400
8100
7400
6800
8600
6800
6800
7300
6800
6800
6800
6700
6800
11600
6900
7800
6900
6700
23900
25700
6800
7400
30000
6800
6900
6900
11500
7000
8100
64600
4300
5000
4400
4400
4500
9300
4400
5000
5300
20000
4400
11800
4700
13000
5900
5400
5500
5700
5400
5600
5300
5600
5600
5700
5600
5800
5800
6400
6100
6200
6000
6600
6300
6300
6300
6200
10600
7000
6900
6400
6600
7000
6900
6900
6600
7500
6800
7300
7400
7800
7400
7200
6900
7100
11700
7900
6800
6600
23400
78800
6700
7600
29900
7000
6900
6700
7100
11400
7600
68200
6000
5200
4700
4300
6800
13400
4500
5100
5800
20700
4600
11500
7700
25900
5800
5500
5200
5600
5300
27100
5400
6300
5600
5600
5800
15900
5700
6400
6200
6100
6100
6600
28200
6300
6200
6300
6200
6600
6700
6300
7400
7800
6900
6900
6700
7700
8000
7000
7200
7500
7300
11500
7100
6800
7200
8700
7500
6900
7400
23300
6900
7500
6900
6900
7000
6700
7000
11100
7100
67900
5100
5000
4400
4500
4300
9600
4400
4500
5500
19100
4400
12000
4700
7900
10800
5400
5800
5600
5600
5600
5400
5600
5500
5800
5400
5800
5800
6200
41500
5900
6300
6600
6900
7400
6200
7300
7300
7500
29100
7300
6300
10600
6700
7700
7700
8400
8600
6600
8400
8200
8100
7800
11600
7100
6800
8600
7500
6700
6700
30800
6800
7500
6900
6600
7100
6900
7100
10900
6800
67400
4400
4400
15900
9900
4600
5300
12900
4500
4700
4800
4700
4800
5400
9400
5900
5400
28800
5500
10100
5300
5500
5300
5700
5600
5800
5700
5500
6900
6000
6200
6900
6400
6000
6700
6800
6400
6200
40000
11400
7100
6600
7700
18200
7400
7000
6600
7300
6900
7500
8500
30800
10900
11200
9800
7200
13400
6900
6800
7600
6900
7800
7700
7000
8500
7000
7000
7200
7000
7000
67700
6000
4800
10200
4700
4700
4700
4400
4700
4400
4500
4800
4500
4900
8700
5500
5300
5400
5500
5400
5700
5300
5700
5400
5600
5900
5800
5800
6400
10700
6700
6500
6000
6100
6500
6200
6000
6100
39100
6500
6300
6500
11400
18300
11400
6500
6700
7100
6900
8500
6700
6800
6900
7500
6700
7300
7700
6500
6700
7200
6700
7400
7300
30900
8100
6800
6800
6700
6900
6900
64600
5400
4500
5800
4400
4800
4400
4500
4700
4300
4500
4500
4700
9600
8500
5600
5300
5600
5500
5400
5600
5400
5600
5600
9200
6000
5800
5700
6300
6500
6300
6200
6000
6200
6200
6200
6000
11200
6500
98200
6400
6400
8100
18300
6600
6800
6700
7100
6800
6800
6700
6700
7900
11400
6700
7000
7600
6600
6800
7200
6800
7300
7900
7100
9100
6900
6600
7200
6900
6800
69600
4900
4300
5200
4700
4400
4400
7100
6900
7200
4700
4700
4600
4700
8600
5500
5500
5600
6000
7900
24400
7900
5500
8600
8500
15500
9300
5900
6400
6500
18100
6200
6100
6200
6000
6200
6200
8600
6300
6400
6400
6900
7100
6400
11800
7100
7000
6700
7200
6600
7000
6900
38700
8000
6900
7200
7900
6700
6600
12300
6900
7400
7300
7000
10500
6700
6800
7000
6900
6700
68400
5100
4300
5200
4500
5800
4700
4400
4600
4500
4300
4700
4500
4800
8600
5400
5400
5500
5600
5700
5400
5500
5600
5900
5400
5900
5800
5900
6300
6600
6000
6400
10600
20000
6200
6300
6300
6700
6200
6300
6400
6400
7100
6600
6500
7300
6600
6800
7200
7000
6600
6900
43600
7400
7200
9500
7600
18300
7300
6700
6800
7200
7000
6600
6900
6800
23000
6900
6800
7300
64400
5000
4500
5100
4300
4500
4400
4300
24200
4500
4500
4600
4600
4800
7900
6200
5300
5600
9800
5500
5500
5400
5700
5600
5600
5800
5700
5900
6300
8100
6300
5800
6000
6100
6200
6100
6200
6800
6600
6100
7100
10500
7100
6600
6700
25200
6600
6800
7300
6900
6800
6700
66100
7300
6900
7200
7600
22500
6700
6800
6800
7300
7000
6800
6800
6900
6800
6900
6700
7000
66500
4400
4300
5200
8700
5300
5100
4800
5500
4400
4600
4600
4700
4600
10700
5800
5400
5900
5400
5800
5500
5500
37300
5500
22500
5900
10200
6400
6600
6200
6000
6100
6200
6600
6300
6400
6400
7000
6400
6500
6300
6400
8000
6800
7900
6800
7000
6800
7300
6700
7000
7400
7400
7700
7300
7100
8200
36100
7300
6900
10400
11200
17800
11200
8200
7200
7000
7000
6800
6800
66800
5300
4700
5200
5200
5400
4800
4600
4800
5600
9300
6100
5500
4700
8600
5600
5300
5500
5500
5600
5400
5300
5600
5400
5600
5600
38700
5900
6400
6100
10600
6000
6000
6400
6200
6600
6100
38200
7000
6400
6300
6200
7700
6800
7300
6700
6600
6700
7200
7900
6800
8200
8500
8300
8100
7800
9800
7600
6600
7600
7700
7700
8400
8100
7700
6800
8000
11400
7100
7400
521300
5300
4400
4700
5200
5200
4700
4300
4700
5400
4800
5300
5400
5300
9000
10200
5400
5400
5500
5500
5500
5300
5600
5500
5700
5900
5700
6000
6700
6300
6300
6000
6400
6800
6300
6500
40800
6400
6300
6400
6400
6500
7400
6900
7200
6800
6500
6700
8200
6900
6600
7300
7300
13100
6900
7000
8000
6800
6900
6600
6800
6800
7500
7000
6900
6600
7400
7100
6900
7000
68500
5200
4500
4500
5200
5100
4700
4500
4400
5200
4900
5300
5200
4900
7900
7300
5500
5400
5700
5400
5900
5500
10100
5700
5500
5700
5800
6200
7000
6200
6300
6300
6600
6600
6200
6300
75800
6400
6200
6300
10800
6400
7200
6700
6900
6600
6400
7300
6800
7400
7000
8000
7000
7200
6700
6900
8200
11600
6700
8300
18700
7100
7700
7000
6900
6800
6700
7000
7000
7000
64300
5000
4500
4500
5100
9600
4500
4700
4400
5100
4800
5500
6300
4900
8400
5600
5600
5200
5500
5300
5500
5400
5600
5400
5700
5700
5600
6000
11100
6300
6600
6300
6300
8000
6200
6400
36600
6000
6300
6400
31600
6400
7200
6400
6900
11100
6700
7100
6700
7300
6900
7600
7000
7000
6900
6700
7800
6900
7400
6900
6600
6900
7400
11400
6900
7300
8000
7500
7100
7100
66600
5000
4600
4700
5100
5100
4900
4600
4600
9300
4700
5600
5400
4900
7200
5400
5600
25500
5700
5900
5400
5600
5400
6000
5600
5600
5900
5900
6700
6300
6300
6200
11000
6600
6200
6500
37100
6200
6300
6400
6400
6300
7100
6500
6700
6800
6800
7200
11100
9000
7100
24600
7300
6800
7500
6900
7700
6800
12100
6900
6600
6800
7400
6800
6900
7500
15800
7900
7000
7000
66900
4600
4700
4400
4700
8900
5700
5300
4800
4800
4600
4800
4700
4700
