25000
2400
1500
5700
1700
1300
1700
1300
1300
3800
1300
1200
1500
1200
1200
2200
1800
1900
1400
1200
2100
1300
1500
2900
1500
2000
1300
1200
1200
1200
1600
1500
1200
1300
1200
1200
19300
1600
1000
1500
1300
900
1200
1100
800
1000
800
1000
12400
1300
1100
1400
1400
1100
1500
1300
1400
5100
1300
1200
1200
1200
1600
1500
1700
1100
1300
1100
1200
1800
1300
1100
11700
6900
1800
2000
1400
1400
1700
1400
1300
1300
1300
1400
1500
1300
3900
1400
1400
1400
1500
1400
1400
1400
1300
1400
1500
1500
1700
1500
1300
1400
1400
1400
1300
1200
1300
1300
4400
2300
1700
1300
1400
1400
1700
2000
1400
1400
1500
1400
5600
1400
1400
1300
1400
1500
1300
1400
1100
1200
1100
1400
1400
1200
1200
1300
1300
1800
1400
1400
1300
1400
1400
1500
4600
2600
1700
3300
1500
1500
1600
15900
2700
2000
1500
1500
1700
1400
3000
1500
1600
1400
1500
1400
1500
1400
1400
1400
1400
1900
1500
1500
1300
1500
1700
4300
1500
1400
1300
1600
14800
1400
1000
1100
1300
1000
1100
1100
1100
1000
1100
1100
1100
1000
1200
1200
1100
1100
1100
1100
1000
1300
900
1100
1100
1100
1100
1100
1000
1000
1100
1100
1100
1200
1000
1000
2400
1400
1300
1100
1000
1100
1100
1100
1100
1000
1000
1100
1200
1100
1100
1100
1100
1000
1200
1100
1000
1100
1100
1000
1200
1000
1000
1100
1000
900
1200
1000
1000
1000
1200
1100
2300
1300
1100
900
900
900
1200
1000
1000
1200
1000
900
1400
1000
1000
900
1000
900
1200
1000
1000
1000
900
900
900
900
900
900
900
1100
1100
1000
900
900
1000
1100
2000
1400
1100
900
1200
1100
1100
1000
1000
1000
1100
1000
1100
1000
900
16600
1200
1000
1400
1400
1100
1600
700
700
800
600
600
600
600
700
800
600
600
600
700
700
1000
700
600
600
500
500
600
500
1300
600
500
500
600
600
700
500
600
500
600
800
700
600
600
500
600
800
600
500
500
500
700
600
600
1200
600
600
