19900
16700
1900
11700
1400
1200
1800
2900
1400
1400
1300
1300
1500
1300
1300
1300
1300
1300
1600
1300
4800
1400
1300
1300
1500
1800
1500
1300
1400
1500
1500
1400
1300
1200
1500
1300
7200
2100
1700
2100
1700
1700
1900
1700
2100
2100
1900
1800
2000
1700
1700
2000
1800
1800
1900
4200
1700
2300
1800
1600
2100
1700
1700
2200
1800
2000
2400
7400
1700
2100
1800
1800
8600
21800
1500
7800
1200
1400
1500
1100
1100
900
1100
1300
1200
1000
1100
1100
1100
1300
1300
1100
1000
1200
1100
1400
1100
1100
1100
1100
1200
1400
1100
1000
1100
1100
1100
1300
7700
1800
1400
1700
1300
1300
1400
1200
1300
1400
1300
1300
1300
1400
1200
1400
1200
1200
1300
1400
1200
1200
1300
1300
1300
1200
1100
1300
5000
1200
1200
1300
1400
1400
1200
1200
9300
4500
1100
3300
1200
1500
1200
1100
1200
1000
1000
1300
1100
1100
1100
1100
1000
1000
1100
900
1100
1300
1100
1000
1000
1100
1200
1100
1100
1000
1100
1200
5000
1100
1000
1000
1900
700
800
800
500
500
700
600
500
3600
500
600
700
600
600
900
600
500
500
600
500
700
600
500
600
500
500
700
500
600
600
600
600
700
500
500
1000
600
700
700
600
500
700
700
800
600
600
500
600
900
600
600
500
500
600
600
600
600
600
600
500
600
600
500
500
800
600
600
600
600
600
600
900
700
700
600
500
600
700
600
600
600
600
700
1000
600
500
1200
600
600
800
500
600
600
500
500
700
500
600
600
600
600
800
600
600
600
600
500
1100
700
1400
1700
600
700
600
500
800
600
500
600
600
500
600
600
600
500
600
600
800
600
500
600
600
500
700
500
500
600
600
600
700
600
500
500
1000
700
600
700
600
600
700
500
700
600
500
500
600
600
700
1200
700
600
600
500
700
700
500
600
600
600
700
600
600
600
600
800
600
600
500
600
