17800
2800
2100
13800
2100
1900
2800
2000
2000
1900
1800
2100
2100
1800
1800
1900
12000
1800
1900
2000
1900
1900
2300
1800
2100
2000
2000
2200
2000
1900
2000
2000
2100
1900
1900
1800
9200
3500
1900
4800
1200
1200
1700
1200
1100
1600
3500
10400
1300
1300
1200
1600
1200
1300
1300
1700
1500
1300
1200
1200
1300
1500
1200
1300
1200
1400
1900
1300
1300
1600
1200
1200
7900
4200
2600
1300
1300
1200
1400
1200
1400
1200
1100
1200
1200
1100
1400
1200
1200
1100
1300
1500
2000
1500
1200
1200
1200
1300
1200
1200
1200
1200
1200
1300
1200
1100
1200
1200
1900
1300
1400
1300
1200
1200
1300
9800
1200
1200
1200
1200
1200
1400
1100
1100
1100
1200
1400
1100
1100
1100
1100
1100
2400
1200
1200
1100
1100
1200
1400
1200
1200
1300
1200
1200
3400
19400
900
2600
900
600
700
700
600
600
600
700
700
600
600
900
600
600
700
600
700
600
600
600
700
900
600
600
600
600
7900
700
700
500
600
600
1000
600
600
500
800
600
600
700
500
600
1200
600
600
600
600
700
900
600
600
600
600
700
900
600
700
600
500
5400
700
600
600
700
600
900
700
600
1600
1000
1400
600
600
600
700
700
800
600
700
600
600
600
700
600
600
600
700
700
800
700
600
700
700
600
900
600
600
600
900
600
600
600
600
600
1000
700
800
500
600
600
700
600
600
600
600
600
700
600
600
600
600
600
700
800
600
600
600
600
600
700
600
600
500
600
600
800
600
600
600
600
1400
700
600
600
700
600
700
600
600
600
600
800
700
500
600
600
500
800
600
600
600
600
600
900
700
600
600
600
600
900
600
700
500
600
600
4800
900
600
700
600
500
600
700
600
600
600
600
600
700
1300
600
600
700
1400
1000
900
800
600
600
600
600
600
600
600
600
500
600
700
600
600
500
600
