24500
3600
2300
2000
2100
2000
2600
2400
2100
2500
2200
2300
2800
2100
2200
2000
2200
1900
2200
2000
1900
2000
2000
2200
2400
2000
2000
2100
1900
2000
2400
2200
2100
2200
2100
2100
7000
2500
2000
2800
2300
1900
2500
1900
1800
2400
1900
1800
2100
2300
2100
2000
2000
1900
2000
3300
1900
2200
1800
2100
2000
1800
1900
3100
1900
4300
2000
1900
1900
2300
1900
2100
9300
21800
1600
1300
1300
1300
1500
1400
1200
1200
1100
1200
1300
1400
1200
1200
1100
1200
1300
1300
2000
1300
1200
1100
1200
1200
1300
1000
1100
1300
1700
1500
1300
1300
1300
1200
3400
1900
1600
1300
1400
1400
1300
1300
1300
1300
1200
6800
1300
1200
1300
1300
1300
1500
1400
1300
1200
1300
1200
1300
1400
1200
5300
1300
1100
1100
1100
800
800
900
800
1000
2000
1100
1000
1900
700
700
900
800
800
800
700
700
900
700
700
700
700
700
4900
800
700
700
700
1400
800
800
700
600
700
700
700
700
600
800
800
600
2800
16600
1700
600
600
600
700
600
500
600
500
600
600
800
11000
700
600
600
600
700
500
500
500
600
600
700
600
500
500
600
600
500
500
500
500
500
1100
600
500
500
700
500
500
1200
700
600
800
600
600
600
500
500
500
500
600
500
600
600
700
500
600
500
600
600
700
500
500
500
800
500
500
500
900
700
600
600
800
500
600
600
500
500
700
600
600
600
600
700
500
600
500
500
500
800
500
500
600
600
600
800
600
500
600
500
500
600
500
600
1200
800
600
1300
1100
600
600
600
600
500
700
600
700
600
500
500
500
500
700
600
500
600
800
500
600
500
600
500
600
500
600
600
600
800
500
500
1000
700
700
500
500
500
1200
600
700
500
600
500
600
500
800
500
500
500
600
600
700
500
500
600
600
600
700
500
500
500
500
500
700
500
400
600
