20800
3500
2200
2000
2200
2200
2900
2000
2000
2000
2000
2000
2300
2100
2100
2500
2200
2200
2300
2100
2100
2300
2100
2100
2400
2200
2100
2100
2000
2100
2300
2100
2300
2100
2100
2100
6800
2700
2000
2600
2000
2000
2000
1800
1800
1800
1700
1800
2100
1800
1700
2000
6800
1800
1800
2300
4300
2400
1700
1400
2000
1800
2000
2600
1700
1700
1900
1700
1700
1800
2000
1700
3400
1800
1300
1200
1600
1200
1400
1200
1300
1200
1300
1200
1300
1300
1200
1200
1400
1200
1300
1200
1300
1700
1400
1200
1300
1200
1200
1300
1400
1200
1200
1200
1200
1200
1300
1200
3100
1700
1500
1700
1500
1300
1200
1200
1200
1300
1300
1200
1200
1200
1300
1200
1300
1300
1300
1200
1200
1300
1200
1100
4400
1700
1600
1800
1700
1700
1700
1600
1700
1800
1800
1700
5400
24200
1600
2800
1400
1600
1400
1300
1200
2200
1200
1400
1300
1400
1300
2200
1200
1200
1200
1300
1400
1200
1300
3500
1300
1400
1200
1300
1100
1100
1200
2300
1200
1200
1300
1100
3700
20000
11200
2200
900
1100
800
600
700
600
600
600
600
600
800
600
600
600
600
600
600
600
600
600
600
600
500
600
600
600
700
600
800
600
600
500
2600
1000
600
700
600
700
1100
600
600
600
600
700
600
600
600
600
500
800
600
800
600
600
600
600
600
600
600
600
700
600
700
600
600
600
500
500
1000
700
800
1100
600
600
600
600
800
500
500
500
600
500
700
600
600
600
600
600
800
600
500
600
600
800
600
500
600
600
600
800
600
600
600
500
1000
700
4500
700
600
600
700
600
900
600
600
600
600
600
600
600
600
800
600
700
600
600
600
600
600
800
600
500
600
600
600
800
600
600
500
700
3900
2700
600
600
700
600
1200
800
600
700
600
600
600
600
600
700
600
600
900
1300
600
600
600
500
800
600
500
600
600
500
800
600
500
600
600
500
