26100
9200
3000
4200
2300
2400
2700
2200
3300
2100
2400
2100
2400
2000
2000
1900
2400
2100
2100
2100
1900
2200
2000
1900
2200
2000
7400
2000
2000
2000
2300
2400
2100
2100
2100
2100
7600
2500
2000
2400
2100
1900
2100
1900
1800
2300
2100
1900
2000
1800
2000
2400
1800
1900
2000
3200
1900
2100
1900
2300
2000
2700
1800
2300
1800
1800
1900
1900
1800
2500
2000
1900
11900
24600
1700
1500
1400
2400
5700
1100
1000
1200
2500
1200
1500
2000
1200
1300
1500
1400
2200
1300
1600
900
800
800
1000
800
900
1400
900
1000
1000
900
900
1000
800
800
2000
1000
900
1200
800
800
800
3900
1000
1000
800
900
1100
900
900
1200
900
900
900
900
1000
4000
1000
1900
900
900
900
1100
900
800
900
900
1000
900
900
800
9600
15200
10700
1900
700
900
700
700
700
600
600
600
600
600
600
800
600
600
600
700
600
900
600
600
700
600
600
800
600
700
1300
700
600
900
500
700
1200
700
700
600
600
800
800
700
500
500
600
700
700
600
700
600
600
600
600
600
700
600
600
600
600
600
700
600
600
600
700
600
800
1800
700
700
900
800
600
700
600
600
900
600
600
500
600
500
700
600
600
500
600
600
800
600
600
600
600
500
800
500
600
600
500
600
600
600
600
800
600
500
1400
600
600
600
500
500
900
600
600
500
600
700
800
600
600
600
500
600
900
700
600
600
700
600
900
600
600
500
700
600
3700
600
600
600
1100
900
1100
900
500
600
500
600
1100
1600
600
600
600
600
600
900
600
500
600
500
500
800
600
600
600
700
700
700
600
600
600
600
600
800
500
600
600
500
1500
1500
700
600
700
600
1100
1700
600
600
600
600
700
1600
600
600
600
600
700
1600
700
600
600
600
700
700
600
600
600
500
600
700
600
600
600
600
