22400
2800
2600
1900
1700
1900
2600
1800
1700
1800
1900
2000
2200
1900
1700
1800
2200
1900
2100
1900
1700
2000
1900
5500
2100
1900
1800
1700
1700
2700
1900
1900
2100
2000
1900
1900
4800
2400
2200
2200
1700
2300
2000
1900
1900
2200
1800
2200
2000
9500
2800
2500
2000
2000
2300
2100
1900
2400
2000
1900
2200
2200
1900
2300
2100
2000
2100
2000
2900
2500
2000
2000
30300
4200
1700
1400
1300
1300
2100
1500
1300
1300
1300
1400
1600
1600
1400
1400
1300
1300
1300
8700
1400
1400
1400
1400
1700
1600
1400
1300
1300
1300
1300
1400
1200
1400
1300
1400
3800
1500
2000
1400
1300
1200
1400
1300
1500
1300
1300
1400
1300
1400
1400
1300
1300
1300
1300
1400
1500
1400
1300
1400
1400
1300
1900
1300
1300
1300
1400
1400
1500
1400
1400
1400
3400
2000
1400
3100
1400
1300
1500
22400
2300
1700
1500
1400
1600
1700
1300
1300
1400
1400
1400
1400
1400
1400
1300
1600
1400
1700
2100
1400
4100
1700
1400
1300
1300
1400
1400
1600
18600
1200
1200
1000
1000
1000
1300
1100
1700
1000
1200
1000
1100
1200
1200
1000
900
1000
1000
1200
1200
1100
1100
1100
1200
1400
1200
1100
1100
1200
1300
1500
1100
1200
1300
1100
2200
1200
1000
1100
1100
1200
1100
1100
1100
1300
900
1000
1100
1000
1000
1100
1000
1200
1100
1000
900
1000
1100
1000
1000
1100
1000
1000
900
1000
900
1100
1000
1100
1000
1000
2200
1400
7300
1400
1000
1000
1400
1000
1300
1000
1100
1000
1200
1000
1300
1000
1000
1000
1300
1100
1300
1000
1000
1000
1100
1300
1200
1000
1000
1000
1100
1100
1100
1000
1000
1000
3100
1100
1100
1100
1200
1100
1200
1100
1100
1100
1000
1200
1200
1100
1100
900
1200
1400
2100
1300
1200
1100
1300
1300
1100
1200
1200
1200
1200
1300
1300
1100
1000
1000
1100
1200
7700
1700
600
600
600
600
1000
600
500
600
600
600
700
1700
600
600
600
800
700
600
600
600
600
800
700
600
600
600
600
800
700
600
600
600
600
800
