20500
2300
1400
1200
1400
1900
1800
2500
1400
1300
1600
1400
2000
1300
1300
1200
1300
1400
1300
1300
1200
1200
1300
1300
1500
1400
1200
1200
1400
1200
1500
1300
1300
1500
1300
1100
5700
1300
1100
1600
1000
1100
1400
1100
1100
1300
1300
1100
1100
1000
1000
1400
1000
1100
1200
1500
1200
1300
1000
1100
1100
1100
1600
1300
1100
1300
1000
1100
1100
1400
1000
1000
2200
1300
1300
1000
1300
1500
1200
1000
1200
1000
1000
1000
1200
1100
1200
1000
1100
1000
1000
1100
1200
1000
900
1100
1100
1200
1000
1000
1000
1000
1100
1300
1100
1000
1000
1100
2500
1400
1100
1100
1400
1100
1200
1000
1000
1300
1000
1000
1200
900
1100
1200
1100
1100
1100
1000
1000
1300
1000
1100
4200
1100
1000
1000
1100
1000
1100
1000
1100
1200
1000
1100
3700
18000
1300
1600
600
600
800
500
600
600
600
600
1100
700
600
600
600
600
600
500
500
600
4800
600
600
600
600
600
700
600
600
600
500
800
600
600
1100
900
600
600
600
500
600
600
500
500
500
1000
700
600
500
600
500
600
800
500
500
500
500
500
1000
600
500
500
600
600
800
600
500
500
600
500
1000
600
600
600
500
900
600
600
500
500
600
700
600
600
600
600
600
600
600
600
500
600
700
600
600
600
600
500
600
600
600
600
800
500
500
500
3700
9100
600
600
500
600
600
600
500
600
500
600
800
600
600
700
600
600
900
600
600
500
600
500
800
600
500
600
600
900
1300
600
600
500
600
500
1300
800
700
500
800
600
1000
1000
600
600
600
700
600
600
500
800
500
600
700
600
600
600
800
600
600
600
600
800
600
600
600
600
600
900
600
500
1200
600
700
800
600
1200
700
600
900
600
1600
600
600
600
600
600
600
600
600
700
600
600
700
600
600
600
600
600
600
600
600
800
500
600
600
600
