31500
3700
2400
2100
2200
2000
2500
2100
2000
2200
2200
2000
2600
2200
2200
1900
2000
2000
2300
2100
2200
2000
2000
2000
2400
2200
2200
2000
1900
1800
2500
2100
2100
2000
2100
1900
5900
2300
1700
3400
1800
1800
2100
1700
1700
1900
2400
1700
1900
1700
1800
2300
1700
1700
2000
1800
2100
1900
1800
7300
2400
1800
1800
1900
2900
1600
1800
1800
1900
2200
2200
1800
5400
21100
1900
5700
13500
1700
1800
1700
1700
1700
1700
1500
1900
1600
1700
1800
1800
1600
1800
3700
1600
1800
1600
1600
1700
1600
1600
1800
1500
4400
1600
1500
1500
1400
1600
1500
3900
19600
1500
700
700
600
700
600
700
600
600
600
700
500
3300
600
600
600
600
600
600
500
500
500
600
600
600
600
600
600
500
800
600
700
500
600
1300
600
1200
1800
600
600
900
700
800
600
500
600
700
700
500
600
600
600
600
600
600
600
600
500
800
600
500
600
600
600
800
600
600
500
600
600
900
700
600
600
2000
800
700
600
600
600
600
700
600
500
600
600
600
700
600
700
500
600
500
500
600
700
600
600
800
600
600
600
500
600
800
600
3600
3000
1100
600
3400
600
1000
800
600
600
700
700
600
600
600
500
700
500
600
600
600
600
900
600
600
600
600
800
500
600
600
600
600
600
600
500
1100
700
800
600
600
600
700
600
800
500
700
500
600
600
900
600
600
500
600
600
3600
600
600
500
600
700
500
600
600
600
700
900
600
600
500
600
1200
800
800
1100
600
500
600
600
800
600
600
600
600
600
800
600
600
500
600
700
700
500
500
600
600
600
700
500
600
500
600
600
700
600
500
600
1100
600
600
600
800
600
700
500
1200
600
700
500
600
500
500
600
600
500
600
1000
1600
600
600
600
600
600
600
500
900
500
600
600
600
500
800
500
