994500
49900
28000
34800
15200
7300
60500
31900
75500
29300
27100
15600
86900
55500
9400
10100
77700
29700
103900
60500
11600
20200
87600
85700
108900
83800
53800
12600
10400
139800
10100
19000
6900
42900
6300
3800
39400
29300
36100
22100
21400
6400
56900
44100
6400
8500
46200
8200
64900
56600
10300
14700
70400
68800
81500
98300
63400
14100
9900
120700
4100
3200
3700
35100
3800
3700
14700
35500
36100
39000
5900
5500
52100
33900
6400
6800
44500
8200
66300
41800
9700
9600
63200
65800
80700
61800
55900
12400
10700
103600
4200
3300
3700
13600
3700
3900
11400
34100
35600
23400
5500
34700
34100
23600
25800
18000
19100
8600
66300
59600
9900
9400
59200
62600
74900
60600
43000
12300
10100
95200
5900
3200
3800
42900
4200
3800
11400
20400
19500
21600
5400
5700
55500
58100
60000
18200
18400
8300
57500
29700
8600
8500
37400
10300
72400
55600
37400
12100
12800
89600
5100
3000
3700
32000
4200
3700
13700
25100
24000
35900
5600
22000
38400
32200
36000
32500
32800
8400
47300
36800
8600
8700
54000
9800
59600
37700
11000
11400
49500
46100
11700
9700
9700
10000
10200
10700
14500
11200
11300
77400
23400
15100
16700
15800
17900
16700
20000
71400
19500
16900
15900
54700
18700
16600
155300
10900
24500
10100
10400
10400
14800
13300
13400
13200
13600
14800
13000
12300
12200
46400
13900
13000
13900
18200
14800
15200
14800
60000
15600
14100
16400
46200
15400
14500
129600
23600
34700
12500
11500
10800
14000
11400
12200
11500
11100
11400
39900
12100
12800
12400
17500
12600
14600
15200
15200
15300
16400
53300
15000
13700
13600
44700
16100
14400
113900
10000
22100
10100
10200
10100
12400
10900
10800
11300
12500
11600
12700
12700
16600
12400
12800
12700
15100
52400
14000
40400
14600
14400
16300
13400
13600
43900
15300
14300
115600
14600
26900
10200
9900
10100
15000
13400
11400
10700
10900
14100
14300
12700
13000
12600
12600
12900
14900
15300
13700
41100
15600
14600
14500
43900
17700
14900
14700
53800
112900
9900
53100
10800
10100
10400
13100
14700
11200
10700
11000
11600
12400
13300
12100
13000
12500
13800
15200
13300
13600
49800
14000
14300
37200
15000
14900
14000
15300
29600
115000
9800
9400
15200
11500
22800
11700
10400
20300
10700
22100
11600
11900
12200
12300
12200
13500
12700
13800
14200
15200
13700
18500
14800
15800
23900
14500
13500
14600
30600
114400
9700
9500
10200
12300
10700
29600
31600
10600
10900
10900
11000
12100
12300
12400
14700
13200
12700
23100
7300
5300
5300
5700
5300
14600
17400
6900
5900
7000
22100
31900
4700
5100
5000
6900
5000
4300
4100
4000
3800
4300
4000
5200
4700
13300
8800
15300
6600
5600
6500
5600
5200
6100
5400
7300
15500
6800
5900
7000
21300
26900
4900
4700
5000
6600
4900
4800
4000
4000
3900
4100
4000
9400
4700
12100
4800
15600
5300
5700
5700
5500
5200
5500
5400
7300
15600
6500
6000
6700
23200
26400
4700
4700
4700
7000
5100
4600
8300
4000
4200
4300
4100
5700
4800
15800
4700
18000
6100
5600
10900
5000
21700
24100
7500
13500
13000
8300
8300
8400
9500
33700
7300
14400
7900
13200
7900
7000
10900
6200
6000
6600
6000
8300
10400
23600
7700
23700
8600
8300
7900
7300
7800
7800
8500
8900
10400
8200
8200
8700
8500
36200
23200
9100
8200
9200
21600
6700
7900
5600
5600
8800
5700
7600
7100
6500
8300
48100
4700
11300
6200
14700
6300
5000
4800
8000
5400
7500
5600
5100
5500
19600
6200
5000
4700
4800
6000
4500
3400
3900
3700
3300
3900
4400
4300
4100
4900
20100
4100
5200
5500
17500
5800
4800
4700
7300
5100
7200
5100
5900
5200
20400
6400
4700
5200
4700
6500
4700
3600
3400
3900
14400
3800
4400
4800
4100
4300
4800
4400
5400
5400
12900
5600
5300
4900
6800
5400
7000
5000
5300
5100
19500
6000
4900
4600
5000
6600
4200
3800
17000
4500
6300
3900
4600
4300
4300
4100
4600
4300
5200
4900
5100
5700
15600
4900
7300
5300
6500
5500
5200
7400
19500
5800
5000
5700
4800
6300
4700
3500
3300
7000
3500
4500
4900
4400
4400
4400
4300
4300
5000
5000
5000
5800
16300
4900
5700
7100
13400
6600
5700
5400
26600
6700
5100
4900
4700
8900
4600
3600
3600
4100
3600
4200
5900
4900
4300
4200
4400
4400
5200
4800
5300
5600
15100
4900
5700
6100
15000
6600
5400
5200
19600
4900
9200
4800
4800
4800
4900
3600
3600
3400
3500
3600
4200
4100
4000
5300
4000
4000
6000
5200
4700
4900
5100
8000
5700
6400
5500
5100
5300
5200
28500
6000
4900
4700
4700
12100
3800
3400
3900
3500
3700
3500
4300
4300
4100
4900
4200
4600
6100
4800
4700
6300
4600
6200
10800
6200
6300
5600
6100
5600
28200
6500
4700
4600
5700
12100
3800
3400
4700
3500
4800
3400
5300
4400
4100
4600
4300
5200
6800
5000
5500
4800
8600
5200
6000
6200
5300
5200
5300
5300
28400
5900
4700
5100
4700
11300
3900
3600
4000
3700
3900
3400
4400
4600
4300
4100
4400
4200
5100
10000
7600
6100
4800
4800
5900
6300
5300
5600
5200
5400
26600
5600
5200
4600
4600
13800
4200
3400
4200
3800
3900
3700
4500
4400
4300
4400
4300
4300
5100
7500
5100
5800
5000
5100
6900
5300
5900
5200
5300
5200
26500
6000
4700
4700
4700
11300
3900
3300
4400
3600
4400
3500
4300
4400
4200
4500
4300
4400
5200
7700
6200
6000
4800
5100
6800
5600
5400
5300
5300
25800
17600
6000
4800
4700
5300
4800
4900
3300
3400
3900
3700
3600
4400
5000
5400
4900
4700
4200
5500
16000
6100
5000
5000
7900
8100
16800
6500
5500
5300
5900
22900
4700
4700
5300
4800
15400
4500
3600
4100
3700
3600
3700
4500
5100
5900
5100
4200
4300
5500
12800
6000
5000
5300
5200
7400
12200
6600
5400
5600
5400
19600
4900
5000
4800
4800
11800
4100
3600
4000
3700
3600
3500
5500
4100
4500
5000
4900
4500
5500
12300
5900
5400
5300
9600
7800
11600
6600
5500
5200
5300
19900
6000
5200
4900
4900
11200
4200
3700
4000
10400
3400
3600
4900
4300
4300
5000
4800
4500
5100
8800
6500
6000
5000
5000
7600
11700
6900
5300
5500
5700
19800
5000
5500
4800
4800
12100
10200
3500
4100
3700
3500
3500
5000
4200
8400
5100
4900
4400
5500
144600
73000
37000
34200
28900
37200
53300
13900
9700
10700
8900
40400
7700
7600
7900
8100
42300
7800
6000
6800
14900
6100
6100
11900
6100
5800
8600
8400
7500
8300
10100
10300
9700
7900
8700
9900
26700
11200
8800
8500
34000
36500
15700
17400
8100
7600
7400
8300
5700
6000
5800
5800
6100
24700
7400
20800
6700
6600
7000
9700
8500
13600
7700
8400
8800
11200
8500
10400
8800
8800
9800
33700
7000
7300
7100
7600
6800
7300
5300
5500
6000
6400
6000
26600
6400
18900
6800
7000
6800
9600
14100
8100
7700
7600
8800
11200
8500
10800
8400
8500
10000
33600
8300
7200
7200
7300
8000
7400
5900
6100
58600
6000
6900
7900
6800
7000
6800
22600
6800
16500
8700
7900
7700
9000
8700
11200
8800
9900
8500
8600
10400
34000
7700
7200
7200
8000
7500
8000
6600
7600
6100
5900
6100
8400
7200
7100
7200
7100
7400
30300
7900
24800
8800
7900
8200
11900
8300
10400
9300
8600
11000
32600
7400
7400
7500
7800
7600
7100
6100
5800
5900
6100
6000
8300
6900
7500
6900
6900
7100
28500
8000
20800
7700
8500
8000
11100
10300
8300
8800
8800
11000
35300
7400
7900
7600
7900
7600
6400
5500
5500
5900
5500
6000
8200
6600
12800
6900
7100
6900
22700
7800
20900
8100
8000
7800
19700
9900
8200
8900
8100
10700
39000
7400
9800
7600
7500
9500
8400
6000
6500
5900
6000
6700
9100
6800
7200
7100
6900
8000
8900
8300
8200
7800
8200
7900
9400
9700
8100
21800
8500
8300
43100
7800
7000
7200
10300
13300
7400
5900
5600
5700
5900
7500
10900
6900
7100
6700
6900
7700
9100
6900
7900
8000
8200
8000
9500
10900
8500
24600
8500
8400
40100
7200
7000
7500
13100
11700
7200
6100
5900
6000
6100
7000
7200
6900
7200
7000
7500
8400
8500
7800
8100
8000
8800
8400
9400
11100
8400
22800
8500
8900
39300
7200
7100
8000
9800
10700
6700
6000
5700
5800
5900
6400
9500
7300
6900
7000
6800
8100
10400
7800
8800
7200
8400
9200
9600
10400
8700
22400
9200
8600
38700
7000
7600
7500
9600
10500
7000
5900
5700
5600
6400
6700
19500
7000
6900
6900
6700
8000
11500
10300
8700
7700
8400
9200
9600
8500
9100
9300
8500
8500
41100
8200
6900
7400
9900
11100
7600
6100
5700
6100
5700
6800
7100
6700
7200
6800
6900
8100
11100
8600
8200
8000
7900
9800
9600
11500
8600
8500
8500
8500
39700
10000
7400
15400
7300
7900
8700
7300
5900
6900
6600
6200
7800
8800
8600
7200
7100
7200
14100
9700
9800
8200
8000
8100
16100
11700
8900
8700
8900
9300
34900
8100
11100
7800
13400
7700
7300
6800
6800
5800
5600
6700
7300
8800
12700
7600
7200
7300
8900
10800
10100
8200
8300
8800
13300
11200
9000
8600
9000
8500
36500
7500
11200
8100
12200
7700
7000
7500
6600
6000
11300
6700
8200
8900
7300
8700
8500
7600
9200
10700
10300
8900
8700
8300
13200
12200
8700
9400
8800
9000
36500
7500
11500
7800
14000
7700
7200
6900
7000
6100
5600
7100
7500
8800
7100
8800
8800
7300
8900
10400
10700
8400
8100
8200
13800
11700
9700
9100
8800
8600
35200
13200
11000
7500
11500
8100
6700
6500
6600
5900
5700
6500
7400
10800
7000
8500
8400
7100
9100
11100
10700
8200
8200
8300
10300
12100
10400
8400
13100
8700
36600
7500
11100
7600
12100
7900
6900
6600
6800
6600
5800
6600
7400
8200
7000
8200
8800
7500
8600
10100
11400
8300
8400
8200
10400
13000
19000
10600
8800
13400
40400
12100
9500
7900
7700
11100
9100
9400
7600
5900
7300
5800
12500
7500
7700
6700
9500
7000
8400
7600
7700
7600
8400
7800
11200
8300
8200
8100
8800
8200
34200
9300
7100
7200
7000
7100
7800
5800
5900
5600
5800
6400
7800
8400
6700
11100
6900
7200
8600
8500
8200
7800
7800
7800
11100
8200
8400
11100
8200
8400
34100
9500
7300
7100
7500
7300
8500
6000
5900
5900
5800
5900
7300
6700
7000
7000
7900
7000
12800
8300
7800
7800
8800
8100
11100
8700
8600
8300
8800
8400
34600
9800
7100
7700
7200
7700
7900
5700
5800
5700
5900
6100
6800
6600
6900
6900
6900
8100
9100
8800
7600
11500
7800
7700
11700
8200
8300
8400
8200
8300
33200
10000
6900
7000
8500
7100
7700
6000
5800
5700
5800
5800
7000
6500
7800
10000
7200
7100
9600
8700
7900
7700
7900
8300
14600
8600
8500
8800
9000
8300
33300
9600
7100
7600
7000
7000
7800
5700
6000
5500
5700
5900
7000
7200
6800
7000
6800
6800
9400
9100
7800
8300
7800
8100
9200
8200
12100
14100
8100
8400
35900
7100
7700
6900
7100
7300
