54400
8300
3500
3600
10400
11800
16400
1010200
8400
39500
58700
17300
36400
42000
7500
6800
6600
6100
64000
7000
7800
6900
7600
10900
12100
51700
23400
10900
9000
13500
8700
3200
2900
3400
3400
3300
6100
34600
4400
68500
67700
28100
48400
55000
7900
8700
8900
8500
99000
9800
9700
10900
10900
11000
15600
71200
27700
13500
19200
12100
25800
27100
4500
4600
5200
4900
6000
49500
6500
6500
12100
38800
45000
44700
7700
14500
9000
8200
70900
8600
8800
8900
9400
9300
15800
66000
24300
19900
11700
11100
3800
3600
3700
4300
4400
4400
5400
5200
5400
6700
7000
45800
9700
36000
8300
71100
48800
24900
60400
11600
9100
8800
9000
9900
13800
55600
31800
13800
10900
12000
4300
4100
3600
4200
4700
4600
5200
7100
5800
6800
7200
34900
11000
44700
8700
56700
56500
23600
52200
44000
9200
9000
26100
9400
13700
62300
22700
13600
10800
11100
12800
3800
4100
4200
4500
4700
7400
17000
5500
6200
8400
6500
9400
57800
8800
35400
71900
22400
37600
36800
8900
9900
9700
9000
68300
10200
10000
10900
10800
10900
14700
83500
28100
16800
89400
19900
18500
18400
18000
23300
19800
18500
19400
20300
21000
161100
20900
24000
29300
19300
21300
20500
87400
18700
144400
41800
11000
30300
11100
11900
16000
85800
14800
19500
14800
16000
16300
15800
15600
20600
16800
16700
18300
16900
18600
134100
20000
20000
19100
17200
17400
18100
79000
18600
144400
42000
10900
29400
11200
11200
20500
14200
14000
14700
15000
23400
7700
40800
7100
7000
52700
7300
8100
9100
7500
119500
7600
12000
19100
7500
7600
7200
71000
8000
55600
22700
4700
17000
5600
4900
7800
6100
5900
9200
6700
6300
8300
38300
6900
6700
80200
7400
7600
7900
7700
59000
7700
64000
9100
7900
7300
12900
69300
7700
48000
21500
5300
18900
4500
5100
7600
6200
6100
6000
6300
7000
7700
45000
6900
7100
58700
7300
7700
7400
7300
7500
7300
7400
9100
7400
13300
115000
62200
9300
49500
20500
9300
21700
5400
4900
10400
8400
6200
6200
6200
6000
7400
35400
6800
49500
47600
6800
7900
7400
11700
7100
7900
7600
44700
7800
8500
111900
7500
8600
48000
5500
4800
5200
22400
4900
8400
6300
6100
6500
6400
6700
8200
6900
6700
6800
6800
7100
42000
7300
6600
8300
8400
8900
8500
9200
7500
7700
7000
83800
54100
5100
4900
8300
28100
5100
7400
6400
6100
6400
6100
6500
7900
6800
6700
6700
6700
6700
41400
7300
7100
8600
8100
8500
8000
8600
7500
7100
7700
75000
49800
5100
4600
7200
21600
4700
58800
18500
6900
7300
7000
6800
7700
6900
7400
7200
7500
7400
44600
8000
7600
9000
9800
10700
8400
8900
7500
12200
7500
65100
58300
4600
4600
6900
21000
4800
8400
7000
7100
6300
6500
6900
7100
6700
7000
6800
6700
7200
9300
7100
37700
7800
7400
7500
13000
9000
7700
7300
7600
74000
40200
4500
4400
7800
20700
4500
6900
5700
5600
5600
5700
5600
6100
6100
5600
5900
6100
6000
7800
6300
6100
83300
6500
6400
20200
6300
6700
7800
7500
7800
32100
4700
4400
7000
16200
5900
6400
11500
6000
6400
5400
5500
6000
6000
6000
6000
6100
25700
11800
6200
6600
6600
6700
6600
18600
6900
6500
10000
7600
8000
31600
11900
4900
4500
4800
14400
6500
5200
5000
26800
5200
5400
5800
5800
6000
6400
5900
5900
6800
6400
6700
7100
6900
6600
7200
6700
6200
6500
7900
7300
37900
4500
4700
4600
13900
4600
6100
5300
5100
5100
5300
22400
5900
5800
5900
6300
5800
6100
6700
6500
6200
7700
7100
6300
7500
6100
6500
6300
9800
7800
35800
4500
4300
4400
12600
4600
6700
5100
5400
5100
5100
5500
5800
6700
5500
29600
6000
6600
6700
6300
6200
6900
7100
6400
7400
7300
6100
6400
7600
7600
37000
4300
4400
4700
16200
5100
6100
5100
5400
5100
5500
5400
5700
5800
5600
25100
6100
5700
7200
6300
7300
7300
6400
6800
7100
6400
6400
6600
8000
7400
34800
4300
4800
5300
12900
4700
6200
5200
5300
5600
5300
5500
6700
5800
6000
22200
5900
6100
6300
6300
7200
7000
6600
6500
8300
6400
6600
7600
7400
10200
45000
4600
4300
4400
12200
4600
6500
5100
5500
5200
5100
5600
5800
6300
5700
22200
5900
5700
6500
6000
6800
7000
6500
6500
6900
6400
6100
7100
7200
9800
31200
11900
4300
4400
6700
6300
6400
7600
5500
5300
5100
5600
5800
6100
6500
5900
6000
11800
7600
8700
7500
6500
7800
6600
7400
6800
6300
7800
8000
6700
30700
4500
4600
4500
4900
5100
5900
5000
5100
5400
5200
5100
5900
5700
6500
5600
6000
6900
11700
6600
6900
6600
7700
6500
7100
6300
6400
8000
10000
8200
30900
4400
4600
4400
4700
4500
6000
5300
5300
5500
5400
5100
5900
6900
5800
5700
5800
5900
11000
6300
7900
6400
7900
6500
7200
6200
6800
7900
7900
6800
29200
4400
4900
4600
4900
5000
6000
5300
5400
5300
5400
5400
5900
6600
6000
5800
6200
6300
10700
6300
8600
9500
6700
8900
7400
6500
6600
8100
8100
6900
29300
4600
12600
4800
4800
5100
6000
5200
5300
5200
5300
5200
5700
6600
6000
6700
5800
7900
7700
6200
8900
6300
8000
8200
10500
7900
8800
6600
9600
6600
34500
4600
4700
5500
4400
4600
5900
4900
6300
5300
5300
8700
5900
7000
5800
7100
5800
5800
10400
6500
7000
6600
6600
7600
8200
6500
7500
6500
7800
6700
31700
4400
4200
6100
6500
4800
6700
5000
5200
5400
5300
5100
5700
6000
5700
5800
5900
6000
6400
8600
23200
6300
6400
6300
7000
6400
7200
6400
7000
6200
30100
4800
4600
4500
4700
4700
10400
5200
5200
5400
5100
5300
6400
5800
6000
5700
5900
5900
6700
6200
19100
6200
6100
6300
6800
6200
7000
6500
6800
6300
30500
4200
4500
4300
4500
4700
8100
5200
7300
5200
5300
9100
5700
5900
5600
6200
5900
5800
6400
6500
18900
6300
6100
6300
7600
6300
7100
6300
7200
6300
31100
4500
4300
4300
4600
4500
6100
5000
5100
5400
5100
5100
5900
5700
9200
6100
6100
5900
17500
6300
6400
6300
6300
6600
6700
6300
6700
6500
6700
6500
30600
4400
4400
4300
5200
4700
6000
6000
5200
5400
5500
5200
5800
5900
5400
6800
5800
9800
6700
6400
7000
6400
6300
6700
7700
6600
18200
6300
5700
6100
27200
4300
5000
4500
4600
4700
6400
4900
4900
5300
5100
5200
5700
5600
5800
6100
6000
5600
6400
6100
10700
5900
6400
8600
7000
6100
25500
6700
6000
7000
28800
4600
6000
4600
5700
4900
8800
5600
5500
9500
6800
5400
6100
7600
5800
6100
5900
7100
6900
6400
7700
7300
6100
8200
7900
8700
26300
6600
6400
8400
33000
4900
4600
5000
4800
4800
10200
5300
5300
5700
5600
5400
5900
6500
6400
6100
5500
6800
6800
5900
6900
7400
6400
7900
7200
9000
22400
6300
6700
8300
31500
4600
4700
9400
4900
5200
6600
5700
5400
6100
5800
5000
5800
5800
5800
5700
7100
6000
6700
6100
8100
7700
6100
7600
7300
9700
22400
6100
6800
8400
36300
4600
4700
4800
4800
4900
6400
6100
6700
6200
6100
5300
6000
5700
5900
5700
7200
5900
6900
8600
6300
6600
6300
7900
7400
9100
24800
6600
6900
12300
32800
4600
4600
4700
5000
4800
6200
5400
5100
6300
5700
5400
18600
5800
5600
5700
7200
6400
6900
8700
6600
6200
6700
7800
7600
6600
8100
12400
6500
8300
32900
4600
5000
5500
5200
4600
5800
5400
5000
5800
6100
5500
6100
5800
5900
5600
6800
5800
7000
7100
6300
6500
6600
7300
7100
10500
8200
7800
6700
7600
31600
7600
14200
5700
4900
7500
6700
5400
5000
5600
5200
6200
11000
5700
6400
5500
5900
5800
10600
8100
6200
7600
7900
6200
9600
8400
6400
6400
6300
6400
34100
4600
4600
19700
4600
5000
6200
4900
10200
5100
5200
5200
6800
5500
6600
5800
5900
5600
7800
7300
6000
7600
7700
6100
8800
8100
6400
6000
6100
6300
30200
4300
4600
24800
4500
5300
6700
5800
6600
5200
4800
5500
5600
5900
5800
6700
5800
7200
8000
7500
6200
8500
7900
6400
9600
8000
6400
6400
6400
7200
34900
3800
4500
18900
4900
4800
6700
5200
6200
5300
5100
5500
5800
5800
5700
7100
7800
7300
9000
6200
7800
8800
6100
6100
11000
8600
7800
6800
6500
10500
31300
5200
4600
19100
4900
5000
6700
6200
6400
5700
5800
5800
6400
6100
6000
7500
6100
6900
8000
6400
8000
6500
6500
6500
9800
8500
6600
12800
8200
8400
33200
4500
4700
20800
4400
4600
5700
5100
5900
5200
25300
5400
5700
5600
5800
6300
5900
6600
7300
6400
7300
6000
6200
6400
12200
7900
6200
7900
7700
6200
33000
7100
4700
4800
4700
4700
7000
4900
5200
5400
5800
9400
13300
5900
5700
6200
5800
5700
7800
6100
6100
6300
6200
6600
7900
6300
6400
6500
11700
6400
33200
4400
4700
4500
4600
4800
6500
5100
5400
5000
5300
5600
6200
5800
5700
9700
5800
6100
7800
6000
6200
6200
6100
6600
8000
6900
6500
6600
6700
7000
33400
4700
4500
4500
4600
4700
6700
5500
5400
5100
5400
5800
6200
5600
5800
5600
6500
6000
10900
6300
6600
6300
6600
6600
7800
6400
6100
6400
6400
7400
31900
4500
4200
4500
4500
5500
6500
5000
5200
5900
5300
6900
6500
6200
5800
5800
6800
6100
6500
6200
6300
8700
10200
6300
8200
6300
6300
7100
6300
6800
31200
4300
4500
4700
4600
4700
6500
5100
5300
5200
5200
6200
6100
6400
5500
5400
6800
6000
6200
6200
5900
6100
6200
6000
9100
10300
6000
6300
6200
7200
29800
4400
4200
4600
4500
4700
5500
5000
5500
5100
5000
5600
5800
8000
5400
6200
7100
6200
6300
6100
6200
6400
6100
6000
7800
6200
6000
6100
5900
10400
30500
4400
4500
4600
4600
4800
7200
5200
6600
5500
5400
6200
6200
5800
6700
5800
5600
6400
6200
10200
7100
6200
6100
6300
7000
7100
6100
6300
8200
7100
28600
4800
7300
4700
4400
4600
7100
4900
5300
4900
5300
5700
5700
6000
6700
6000
5700
6200
6400
6300
11800
6300
6700
6500
7500
6200
6300
6300
14600
6300
29500
4900
5700
4700
4400
5300
6400
5500
13200
5200
5200
10200
6500
8700
7800
9900
9600
9700
10700
9600
11600
10400
10700
6000
7300
5900
5800
6000
6900
7000
29900
4300
6000
4200
4300
4700
6600
5600
4900
4900
5300
5200
6400
12400
6000
5700
5900
7200
6600
5900
7900
6300
6400
6700
11500
6500
6400
6300
8100
7100
27800
4300
6200
4200
5400
5200
8300
5400
5000
5700
5100
5500
6800
6200
6400
5200
6300
6900
6900
6800
7200
6500
6100
6500
10300
6400
9000
6200
7500
7000
29300
6200
5900
5600
4400
5600
6100
4900
6000
5000
5100
6300
6200
6700
5500
6700
8400
7500
7400
5900
8500
6000
7300
15300
8100
6100
11700
6200
5800
6300
31500
4200
4400
4900
7200
4800
