13200
1600
700
700
600
600
600
800
600
700
900
600
900
600
600
800
600
8300
1200
700
700
600
600
700
600
600
600
600
1000
700
600
700
600
900
700
600
1100
700
800
600
600
600
600
700
600
600
1900
600
800
600
700
1500
700
800
700
600
600
600
800
1000
700
600
600
700
1000
600
600
4200
700
900
600
600
700
600
600
600
600
600
500
700
600
600
800
600
800
600
600
1300
900
900
1100
3400
1300
800
900
700
800
900
800
1100
10500
1300
1200
1200
1200
1800
1100
1100
3700
1300
1100
1000
900
800
1000
700
1100
1000
1300
600
800
900
900
900
1100
1200
1300
1100
900
800
1200
1000
1000
800
900
900
2900
900
900
900
900
900
1000
800
1900
1000
1900
900
1200
900
900
700
800
2300
1000
1000
800
700
1000
2200
1400
600
1100
800
700
600
900
900
1400
1000
1100
900
800
700
600
1500
700
600
600
700
600
1800
600
600
600
600
1300
700
600
600
600
600
1600
600
600
600
600
600
2900
700
1000
900
600
1500
600
600
600
600
600
1500
700
600
500
500
600
1300
2900
1400
800
600
600
600
600
700
600
700
600
600
500
800
1100
700
600
500
1600
600
600
600
600
600
700
600
600
600
600
600
600
600
500
700
800
600
900
700
600
600
900
600
600
600
600
600
1000
600
600
500
600
700
600
600
1000
600
600
700
600
500
600
600
600
700
600
500
600
600
600
700
600
1400
700
600
600
700
600
600
1200
600
600
900
600
600
600
600
600
5200
600
600
700
600
600
600
600
500
600
600
600
700
600
600
600
600
600
800
500
500
3000
900
1200
600
600
700
600
600
600
600
600
600
600
600
500
600
500
500
1400
600
700
600
500
600
600
600
1000
600
600
1300
1000
600
800
600
600
600
1400
600
800
600
600
600
600
600
600
600
500
700
600
600
600
1100
800
600
800
600
700
600
700
600
500
600
600
600
800
600
500
600
600
500
800
600
800
600
600
600
800
600
600
600
700
600
600
600
600
600
600
600
600
1100
600
600
1300
600
800
500
600
600
600
600
600
600
600
600
500
500
600
600
3500
700
1000
700
600
4700
700
700
700
500
600
600
700
600
600
600
600
800
1300
700
600
700
500
900
700
600
600
600
600
600
600
500
500
500
700
600
800
600
700
600
900
700
600
500
600
600
800
600
600
600
600
600
900
600
1000
600
600
700
900
600
600
600
500
1100
800
600
600
600
500
600
900
600
900
600
1300
600
600
500
600
500
500
800
700
500
600
600
500
800
600
600
700
600
600
800
500
500
600
600
600
4900
600
600
600
600
700
800
500
600
3200
1500
700
700
800
700
600
1500
800
700
800
700
700
700
900
600
600
600
1000
700
900
700
600
700
600
600
900
700
700
700
700
600
800
700
600
700
1200
800
600
700
700
700
700
700
600
600
600
600
700
800
700
600
600
600
1000
1000
700
700
700
600
600
900
600
600
600
600
700
800
600
600
700
600
900
900
700
700
600
700
600
800
1400
700
700
700
600
700
700
700
600
700
700
900
600
700
700
600
800
600
600
700
600
600
800
700
600
600
500
600
3400
1100
800
700
600
800
600
600
1000
700
600
600
800
600
1100
600
600
600
1000
5900
700
700
800
700
700
700
700
600
600
600
600
900
700
600
600
600
1100
900
700
700
700
1500
700
800
600
600
600
700
600
800
1700
700
700
700
1000
700
600
600
600
800
900
700
600
600
700
700
800
600
600
700
700
600
1600
1000
2100
800
900
1000
1200
1000
900
900
900
1000
2500
1000
1000
800
900
1000
1700
800
1100
900
600
600
900
700
900
900
900
1100
1400
900
1000
700
900
1000
14800
3700
1100
700
4100
1100
1000
700
800
700
600
700
600
600
900
700
700
700
1100
700
600
700
1100
700
600
700
600
700
600
600
600
600
600
700
600
700
1000
800
600
700
600
600
600
800
600
600
600
700
600
600
600
600
700
600
900
900
600
500
700
700
600
900
600
600
600
800
600
900
600
700
600
600
1100
600
600
600
700
700
1000
700
700
700
600
800
600
600
600
600
600
700
1000
600
600
500
600
600
700
600
600
600
700
900
700
600
600
600
500
600
5300
1100
900
700
700
700
7200
1200
600
700
600
600
600
700
700
1800
600
900
1500
1100
700
700
700
900
600
700
600
700
700
900
600
1000
1000
800
1300
700
2100
1100
1200
800
1000
600
600
600
600
600
1000
700
700
600
600
900
600
700
1100
1500
1000
600
600
600
600
600
1600
500
600
700
700
700
900
700
700
600
1000
600
1000
700
600
700
600
700
900
600
600
600
700
600
900
600
600
600
1000
600
1100
700
700
1800
700
700
6800
600
700
600
500
1100
600
700
700
700
3800
1400
800
900
700
700
700
600
700
600
600
600
600
600
900
600
700
600
1500
700
700
600
600
600
600
700
800
600
600
600
600
600
800
2200
700
700
1300
700
600
600
600
700
600
800
700
600
600
600
700
800
600
600
600
600
1100
900
600
600
600
500
600
600
600
700
600
700
800
600
600
700
600
700
1300
600
700
600
600
600
900
600
600
600
1100
800
5600
700
700
700
600
600
1100
700
700
600
600
700
700
700
600
600
600
700
600
1800
600
700
600
800
