22700
3400
1200
900
600
600
600
700
600
500
1000
700
800
500
500
800
500
600
900
600
600
600
800
600
600
600
600
500
900
600
600
600
600
1100
600
500
800
600
800
600
500
600
600
600
500
600
700
600
500
600
500
2200
700
800
600
600
600
500
800
600
500
500
600
500
900
600
500
500
500
900
500
600
700
600
600
600
600
600
600
6400
600
500
800
500
800
600
500
600
600
700
800
700
500
500
600
800
600
600
500
600
800
600
600
600
600
900
500
500
2900
800
1200
800
600
600
600
600
1000
700
1300
600
600
600
800
600
1300
600
900
1000
700
600
600
600
800
600
500
600
600
600
700
600
600
600
600
800
800
800
600
600
900
600
700
600
600
600
700
600
600
1200
600
500
800
600
900
700
600
700
500
600
500
600
500
600
600
700
600
600
900
500
600
600
800
900
600
600
600
600
700
800
700
600
600
500
600
5400
700
600
600
600
700
900
700
600
600
600
1600
700
600
700
600
600
900
500
600
600
600
600
3000
1200
700
700
600
800
600
800
600
600
600
600
600
600
1000
600
600
600
1300
600
600
600
600
500
5600
700
600
600
600
600
500
600
600
600
600
600
1000
700
700
600
600
600
600
600
600
600
900
600
500
600
600
700
600
700
1100
1000
1400
800
600
500
500
600
500
800
600
600
600
600
800
600
600
600
800
700
900
600
700
500
600
600
800
600
600
600
600
700
800
600
700
600
800
700
800
600
500
600
600
600
600
600
600
600
600
500
600
600
700
600
2300
800
1000
700
600
600
600
600
700
500
500
600
600
600
800
600
500
600
1100
600
800
600
600
500
500
600
700
600
500
1200
600
800
600
600
600
500
900
700
600
600
500
600
600
600
500
500
600
600
600
600
500
1100
600
600
800
600
600
800
600
600
600
600
500
500
600
600
600
1600
900
600
600
500
600
600
800
500
500
600
600
600
700
500
500
500
500
500
800
1300
600
500
600
600
800
600
500
600
600
600
700
600
500
600
1600
500
800
600
600
600
3000
1200
700
700
700
600
600
600
600
600
600
600
700
800
600
700
700
600
900
900
600
500
600
600
600
900
600
700
600
600
600
900
700
600
600
600
800
600
600
600
600
700
600
600
600
500
600
600
600
800
600
600
600
700
800
600
600
600
600
600
600
600
600
1500
600
700
600
800
600
600
600
600
800
600
600
600
600
600
600
800
700
600
600
600
800
600
600
600
600
600
6300
800
600
700
600
1800
600
800
600
600
600
600
700
700
600
500
600
600
2200
800
900
700
800
500
600
1100
600
600
600
600
600
700
600
500
700
500
900
700
600
500
4500
600
600
600
600
500
800
500
500
600
600
600
800
600
800
600
600
600
700
600
600
600
600
600
600
500
600
600
1400
800
600
500
700
600
500
900
500
600
600
500
500
700
600
700
600
600
600
800
500
500
700
600
500
600
500
600
600
600
800
600
600
600
600
600
600
600
500
600
700
600
600
600
500
600
600
600
600
700
500
500
600
600
600
800
500
600
3000
1100
600
1400
700
600
600
900
600
600
600
600
600
900
600
700
700
600
900
5400
700
600
600
700
700
900
500
600
600
600
600
600
600
700
700
600
800
600
500
600
600
500
600
800
600
700
600
600
800
600
2500
700
700
700
900
700
600
600
700
600
800
600
500
500
600
600
700
600
600
600
700
600
800
600
700
600
600
600
900
600
600
600
600
600
1200
600
600
600
600
600
1000
700
600
700
600
600
600
600
600
600
700
700
600
600
700
600
600
1700
2600
900
1200
700
900
600
1500
700
700
600
800
700
600
600
600
800
600
600
1000
700
500
900
600
700
600
700
600
900
600
600
600
600
600
600
600
600
1000
600
600
600
600
500
600
700
600
600
600
700
600
700
900
600
600
600
700
700
600
600
500
600
600
800
600
600
600
600
600
600
700
600
700
800
700
700
600
600
600
600
600
600
600
600
600
6400
700
700
700
600
700
600
700
600
700
700
600
600
600
700
600
600
700
600
600
600
600
700
800
600
3000
800
700
1000
600
1100
600
600
800
600
600
600
600
600
900
600
700
600
1400
700
900
700
600
600
600
600
800
600
600
600
600
700
800
600
600
600
1100
800
600
700
700
600
600
600
600
600
600
600
700
5600
700
700
600
600
1100
700
700
600
700
600
600
600
600
600
600
600
600
800
600
600
600
600
1200
700
700
600
600
600
800
600
600
600
600
600
1000
600
600
600
700
900
800
600
600
700
600
2000
700
700
500
700
2000
600
600
600
600
500
900
600
2500
700
900
700
600
600
500
600
1700
600
500
600
600
700
600
600
500
600
1000
900
600
600
500
500
600
5100
600
600
600
500
500
600
600
500
500
600
1000
500
600
500
600
600
800
600
500
600
600
700
500
600
600
500
700
500
900
600
600
600
800
600
600
500
500
600
800
500
500
600
600
800
600
600
700
600
600
800
600
500
600
700
600
800
600
600
600
600
600
1100
700
600
700
600
600
800
600
600
600
600
600
600
500
600
600
1400
900
600
600
600
