19600
3700
1300
2400
1200
1200
1000
900
900
1000
1600
900
900
900
900
1400
800
900
1400
1400
800
900
900
1000
1000
1300
800
1000
1300
1000
1100
900
1000
1200
1100
1200
1300
1100
900
1000
1200
1000
1000
900
900
900
1400
1000
1000
1000
900
2300
800
800
1200
1100
900
1000
900
900
800
900
900
800
1000
800
800
1100
900
1100
900
900
1500
1000
900
900
800
1100
800
900
900
1000
6000
900
900
1000
1000
1400
1000
1000
1100
900
1100
800
1000
800
900
900
1000
800
1200
900
900
900
1100
1200
800
900
12400
1100
800
2900
1000
700
600
700
600
1500
700
1600
700
1500
600
500
1000
600
1600
900
1700
6000
700
1400
1400
700
700
1700
600
500
500
600
600
900
600
600
1500
700
600
600
1100
1500
700
700
900
600
600
500
600
500
700
600
600
500
800
900
700
700
600
800
700
700
600
600
600
800
500
500
600
600
500
800
800
700
600
600
1000
500
600
600
600
700
800
500
600
600
600
500
1000
700
700
800
800
900
600
600
600
600
500
800
600
600
600
600
600
800
600
600
3600
900
700
3300
900
600
500
600
700
700
600
600
600
500
600
600
500
500
1000
600
800
500
500
600
600
600
800
600
600
600
800
500
500
600
600
500
1400
600
600
600
600
500
500
600
700
500
600
600
800
600
600
600
600
500
700
600
500
600
600
500
800
600
500
500
600
700
600
500
600
600
600
700
700
600
600
700
600
800
600
600
500
500
600
500
600
600
500
600
800
500
600
600
600
600
600
700
600
600
500
600
800
600
600
600
600
600
800
600
4000
1300
1200
800
900
600
600
600
600
600
700
600
1000
600
500
500
800
600
1000
700
600
900
800
600
500
500
500
500
700
1500
600
600
500
600
600
600
1100
600
600
900
600
600
500
600
600
500
600
700
600
600
500
1100
600
800
800
700
500
500
600
700
500
600
600
600
600
700
500
500
500
500
700
600
700
600
600
500
700
600
500
500
600
600
700
600
500
500
500
500
800
600
700
700
1300
600
600
600
600
600
600
600
500
600
500
500
500
700
600
1100
1700
700
800
800
600
500
600
600
600
700
500
500
500
600
600
800
500
500
800
500
600
600
600
600
600
500
500
800
600
600
600
600
600
600
1100
600
600
600
900
600
600
500
600
500
600
600
500
500
500
600
700
500
500
500
700
500
800
500
600
600
500
500
800
500
600
600
500
500
800
500
500
500
600
700
600
500
600
500
500
600
700
600
600
600
600
800
500
500
600
600
600
800
500
500
600
500
600
700
500
600
500
600
600
800
600
600
600
600
2200
700
900
600
700
500
600
1100
600
2500
700
800
600
600
600
600
800
600
900
700
600
600
800
700
700
600
600
600
800
600
600
600
600
600
600
600
1300
2200
1300
1200
800
600
600
700
600
900
600
600
600
600
600
800
600
600
600
700
600
800
600
600
500
700
600
600
600
600
600
500
700
600
600
600
700
600
3700
700
700
600
600
600
600
600
600
900
800
600
700
1500
600
600
700
700
800
700
600
500
700
700
700
600
600
600
600
600
800
600
700
1700
12800
6600
1000
700
500
600
600
600
600
500
700
600
600
600
600
500
700
500
700
600
500
600
800
600
500
600
600
600
800
500
600
600
900
600
800
600
800
500
1300
600
900
600
500
600
500
500
800
600
500
500
1200
700
800
600
600
500
600
600
600
500
600
500
400
600
700
500
500
600
500
600
600
600
700
600
600
800
500
600
600
600
500
3900
600
600
500
500
600
700
600
600
700
600
600
800
500
600
600
500
500
700
600
600
600
600
600
800
500
500
2600
700
1000
600
600
700
600
1200
600
700
600
700
600
500
600
600
3600
700
800
600
600
600
800
500
500
600
600
500
700
600
600
600
600
600
700
600
900
600
600
600
600
700
600
600
600
700
600
600
600
600
500
800
700
700
700
700
600
600
600
600
500
600
900
600
600
600
600
600
700
600
600
500
1000
600
600
600
600
600
900
600
500
600
600
600
900
600
500
600
600
600
1000
500
600
600
600
600
800
600
600
600
600
600
4000
700
700
700
600
700
2900
700
700
800
600
500
600
600
600
800
600
600
600
600
600
800
600
600
1000
500
700
600
600
500
500
600
700
500
700
500
500
600
800
600
500
600
900
4100
700
600
600
600
600
700
500
600
500
600
600
800
500
500
600
600
800
800
600
600
600
600
600
800
600
600
600
600
500
700
500
600
600
500
700
800
500
500
600
600
800
600
600
500
500
500
700
500
600
600
600
600
900
700
1200
600
600
500
700
500
500
500
700
600
900
500
600
600
600
600
2700
1000
700
700
600
600
600
600
600
700
500
600
600
600
600
700
600
600
1100
600
600
600
700
600
600
600
700
500
1500
600
600
500
900
500
600
600
800
600
600
600
600
600
600
500
600
600
600
600
600
800
600
500
500
600
900
600
600
600
500
600
800
600
600
700
600
600
800
500
600
500
600
600
800
700
500
600
600
700
600
600
600
600
500
800
500
500
600
600
600
800
800
600
500
600
500
1000
600
600
600
600
600
900
600
1300
700
500
500
700
