1253400
133100
50100
7400
8000
7500
28100
12900
20000
10300
8500
38600
41700
9200
13800
10100
10200
9000
203700
113500
11700
113700
15900
18300
12800
13200
12000
13100
12600
12400
13200
13400
12700
18800
13800
13700
19300
114000
163400
161500
58700
16300
71100
16500
19600
19800
78200
19200
115700
19400
17400
17800
19400
19600
151300
192700
191200
20800
25600
21100
22400
36600
43000
30700
29200
28100
28000
221300
23500
22400
22600
26200
177100
161700
28700
216300
154900
26200
29000
26800
191100
25600
78200
29100
26900
335800
27100
27000
26400
32000
36500
15900
29300
7500
16500
6900
6500
6600
10700
7000
8100
9200
12400
14900
9500
24400
12700
8900
60100
57600
11000
59300
11300
14600
12300
11400
13600
11800
13000
12100
12000
12900
13500
13600
12900
13400
18100
79200
97300
98000
38800
15900
40500
16300
17700
17400
47700
18300
69100
18800
18800
17600
19200
19300
109800
113100
131000
10000
14400
9900
10600
10000
9200
10600
11000
10700
9600
106400
10100
9700
9700
15400
114200
107400
11800
48700
99800
11700
12700
14500
126100
12800
54900
13400
11900
248000
15400
12500
11500
13200
10500
6900
3100
3400
11400
3000
3200
3100
3900
3400
3800
4000
3300
3800
3600
15000
3500
4000
21900
26100
42300
6000
5200
8100
11900
16100
7100
27600
5700
17300
25700
7800
9100
8200
7900
8300
15700
41500
50200
54500
21200
7000
21200
7200
8300
7400
24700
8500
41000
8700
7600
7200
8400
11500
50100
59600
65800
9400
11700
9600
10100
9500
9300
13200
11500
10700
9600
64300
9900
9600
10100
12100
63300
53200
11300
30500
71800
11800
11300
11800
88100
14900
36300
13000
11800
131400
12000
13200
11600
13100
10400
14400
17400
3400
10800
14200
14600
3100
4500
3300
3900
3800
3300
3700
3600
3400
3600
3700
17100
15900
11700
5600
8000
5000
34000
16000
6600
18400
5500
11900
11400
5700
6700
5400
6300
5700
27200
39100
16100
30800
7600
8100
8100
7200
7400
8000
7400
7400
7400
8000
7400
8100
7800
7500
46400
54800
57000
9300
11200
9400
10700
9500
9400
10600
12200
10600
9800
80200
9800
10100
9800
11600
52100
45300
13900
25600
44000
11900
11000
11600
58500
11200
30000
13200
11300
112900
11800
12300
11400
14400
5600
3200
9300
3400
7300
3100
3300
3500
4300
3200
5300
3700
4500
3800
4300
11000
3900
4500
11800
16600
9700
6200
5300
6200
18700
14800
6900
15100
6600
10400
21900
5800
6500
5900
6300
5800
25400
28800
14000
34600
10500
8200
8100
7100
7600
7400
12400
12100
7300
7500
7500
8300
15400
7400
12800
35700
52900
42100
18900
17900
19100
9500
10200
9600
21700
10500
44600
10700
14300
9200
10900
10500
48800
43500
11100
27000
46200
12000
11100
11700
54900
11400
29200
13000
11400
110000
11900
11800
11600
13100
8000
7700
4700
3400
9300
3000
3000
3000
5200
3100
4000
3600
3100
3700
3100
22400
6100
3400
13300
19500
9900
5300
4900
4900
11700
13500
6200
14000
5300
10000
25400
5500
6300
5300
5800
8300
28500
29000
14100
25300
7200
7900
8000
7000
7100
7200
22400
8600
7100
7400
7500
10800
32300
7300
12200
30000
48300
39200
21400
18500
19400
11600
14000
9900
21800
10500
36800
13900
10400
8900
12000
13300
49100
56200
50900
28200
13400
11100
15100
11600
11400
12100
13000
12800
11100
60700
11700
11700
12800
16700
11400
7800
7300
8000
7700
7200
7300
7400
8000
7500
7800
8500
7400
10300
7700
8100
7900
8100
11100
152100
89600
19500
18300
83200
19700
21700
20300
18900
20000
19100
105900
54200
11500
11800
11300
12200
59200
13600
13300
12900
13200
14000
12900
70700
15800
50600
13100
17900
13300
71900
13500
14500
78400
199300
96800
146500
14900
14300
14600
14400
71400
15400
14500
47600
15000
112900
16200
14600
16400
14400
14900
14400
184500
17800
13900
11700
11500
19900
13500
11600
12100
29700
11900
11900
11500
12100
13100
19900
12000
11900
15100
13900
10200
8800
9000
9100
9100
8900
8700
9200
8700
9400
8900
9600
9000
8800
9400
10100
12500
52500
42600
11900
10600
40400
11600
11100
10900
11300
11700
10900
55800
53900
11400
11700
11000
11000
55900
13000
13000
12800
13100
14500
12600
69500
13000
52100
14300
14800
13100
71800
13400
22300
78000
191700
109100
144500
14600
14000
14600
14300
71000
14900
15500
47500
14200
109900
15800
14600
19600
14600
14900
14400
339900
26300
11500
12500
12600
22500
13900
11900
11600
49400
12500
12700
12300
12700
17200
20000
12000
11900
16200
11200
11200
9200
12200
9900
13400
8600
55300
11100
10600
10200
17800
11000
11600
10300
11000
11100
16300
12000
58400
11800
12300
97300
10800
11200
11100
10500
23700
12900
11700
11800
69600
12800
12500
13300
66200
14000
14100
13500
14300
14900
14500
73600
13900
57900
18400
14400
12700
56500
13100
15100
61800
145300
79900
126800
14500
13800
14200
14000
53700
14800
14000
41400
14000
89000
15600
15300
15700
14600
15100
14200
117500
18700
11900
15200
12300
21500
14100
12500
12200
31300
12400
12600
12000
12500
14000
20600
12700
12700
12700
8300
11200
7900
38000
8400
8200
8000
8400
8600
49300
8600
8200
8600
8200
49600
8700
8300
11300
10100
9600
10000
10300
73800
10100
10300
10100
10400
10600
14400
10500
10200
10700
12900
11300
11700
14000
43800
37500
13900
12600
95400
13400
13200
12800
13000
13500
61000
99300
46500
13700
14100
13300
12900
84000
115800
14300
13800
14200
13900
59000
14500
14100
51200
18500
103900
16000
14300
15500
17900
14700
14200
117300
19400
12100
13400
12300
21000
14200
12500
12200
30600
12300
15400
12800
13100
13800
21400
12600
12800
12500
8200
8400
7800
8200
8200
8300
7700
29100
8400
7700
11300
8500
8600
8000
8200
8700
8300
11300
11600
11700
10100
10400
28600
10100
11100
10700
10100
10500
14200
10500
10000
58100
11200
11100
11100
14900
69900
52400
13300
12700
56200
13600
12700
12600
35900
13900
15300
72800
43900
13000
14700
52700
12700
52700
14100
41000
13800
14500
15200
14200
54100
17200
42300
14000
16300
13900
56900
14100
16000
63600
179300
116200
18800
12200
12300
15000
21100
14300
12200
12100
31700
13100
12900
13000
13700
13900
20700
12500
12600
12800
39700
8600
7800
7900
8700
8400
7900
7800
8400
7900
8400
8300
8900
8200
8400
8500
8900
11200
10300
37400
10100
10500
10000
30100
10500
38800
11600
10700
11300
11600
10200
10700
11500
11100
14100
14100
43000
36700
13400
12200
35900
13400
13200
15300
13400
13300
12700
46200
84200
13000
13800
13200
12700
53700
13900
14700
13500
14500
14600
13900
56100
14200
44700
14300
16000
14000
56500
15200
15800
63700
148900
170700
43400
12300
13100
13400
12100
26800
15400
11900
20200
13500
37100
15500
15300
15700
14900
15700
12500
14100
10000
7800
7900
8700
8600
7900
7900
8700
8000
8100
8000
8400
8100
8900
8200
48100
8300
11100
10100
9700
9800
10300
9900
9700
11100
10100
40500
49300
10700
10300
14800
10300
11600
51900
11600
15700
12100
12400
12000
13400
12600
13900
14200
12300
16500
14300
12500
12700
12400
12700
48000
13100
12600
16900
37000
13000
8600
14800
8700
10500
10900
9400
9400
8900
8900
8600
12800
90100
55100
55700
9100
107300
5700
5300
17800
6100
8400
11400
5500
5000
5600
7200
6600
19600
5500
6800
5800
6700
6500
10300
6700
6500
6600
47700
6700
7100
6400
7500
6800
6700
6500
7100
7300
6800
7100
6800
7000
7700
7400
7000
7100
7200
10100
7200
7900
7400
38000
48300
7500
7800
7800
7600
7700
48200
8100
12000
9400
8200
8000
9500
8100
10500
8400
8300
8900
9200
8400
8500
8300
8400
48000
8600
8500
10800
32900
8300
8300
9100
15200
8900
13700
9000
9400
8700
8500
9100
8600
60200
52700
53100
8500
110900
5500
5300
16400
5800
5300
11300
5200
5100
5000
11300
8600
19300
5200
6900
5100
5800
5900
10800
6100
6000
5900
6100
5900
5900
6100
6200
6000
6000
9000
6800
6500
6200
6600
6400
6500
7700
6800
6900
6700
7100
7300
34100
6900
49000
6800
7300
6800
6800
44100
7800
8300
39600
7000
8200
7600
7600
7500
11300
7800
7800
7700
8600
8300
8400
7900
7800
7700
7800
39300
8000
10500
10000
32100
7700
7800
8200
7800
8300
7700
8200
8900
10500
8000
7800
7900
54400
44400
49800
8000
99400
5000
4800
15300
5500
5000
10500
5100
4800
4900
5900
6000
17800
4900
5800
5100
8400
5800
10300
6200
5900
6000
8200
6200
5900
6100
6600
5900
12600
6300
6900
8600
11700
7100
6800
6700
8300
10200
39500
7400
7700
10300
7000
6900
7000
6800
7000
6900
7000
7000
7800
7000
42500
7500
8200
7600
7800
7800
7600
7800
7700
8300
7700
37100
46500
7900
7800
8300
7900
7900
47900
8800
9500
31500
10300
7800
8100
7800
8800
7800
8200
8800
8000
7800
7900
7900
55500
43900
50600
7800
102600
4800
5300
14900
5600
4900
13300
5100
4800
4900
5800
5800
17600
5000
5700
10000
5900
5800
23900
6700
6400
8100
7400
9600
6500
7400
6700
6400
31800
6300
6600
6600
50100
6800
6400
6400
7000
6600
6800
9500
7300
6900
7000
6800
6900
7400
7100
6900
7200
6800
8000
7400
40300
7100
7900
7500
10100
7800
7500
7600
7700
8200
47700
36700
44300
7800
9100
10400
8700
38100
50000
9300
10400
10600
8600
8500
10600
10600
44300
8900
7900
8600
9300
8000
8000
7900
7900
39600
12000
8100
102600
5300
4800
14900
5500
5000
10400
5100
4700
5200
5700
5800
20700
5200
6000
5200
5800
5800
10000
6200
5900
6100
6200
6000
6100
6100
6100
5900
6200
6100
6900
6100
9100
6800
6400
18800
7600
6800
8200
6900
7400
6800
6700
6900
6900
6700
7600
6900
7000
6800
8500
6900
44100
7100
68600
15400
13500
11400
13600
11800
13600
40100
12700
41600
66200
8300
8800
9900
8400
8500
49200
9100
10300
32700
8400
8600
9800
7800
7800
7800
7600
8800
9100
7900
7900
7900
10500
39400
8000
54300
99700
10400
4700
5000
5700
5100
8600
5100
5600
6200
5200
4900
5000
5100
19000
15400
17700
15900
13600
6600
6200
6200
6300
6200
6200
6200
6100
7200
6600
6600
6400
6200
6600
6400
6200
6500
7700
6800
9400
7100
7000
7000
37100
7000
6800
7600
7000
7800
8300
7800
7000
7100
7100
7300
12500
24400
7700
8000
7700
7700
44900
7800
7700
7800
7800
8500
10600
8000
8000
8000
8600
8200
9300
7900
7900
8000
7800
42700
11900
8300
7900
7900
8000
7900
7900
8200
8900
8100
8000
8100
103500
5700
5100
6300
4800
10600
22900
4700
11600
5200
5000
4900
5900
4900
5400
6100
5700
17700
10000
6200
6500
6300
6200
6300
6300
6200
6400
6300
6700
6400
6200
8700
6700
6400
6300
6300
10400
6900
6900
6900
6900
6800
35000
6800
6600
22300
7300
7100
7600
7700
7100
6900
7100
7100
12800
24200
8100
7700
7700
7700
44300
7800
7700
7700
7800
11400
8000
8000
8200
8000
9200
8100
9000
7700
7700
7600
7700
42300
8800
7900
7800
8000
8000
7800
7900
8000
8900
8200
8100
8100
103600
5700
15500
5900
4700
10000
22400
4700
11500
5500
5100
4900
5700
5000
5300
6000
7900
15000
10100
6200
6300
6400
6400
6300
6500
6200
6700
33800
7000
6200
6400
6500
6300
6300
9000
6200
7900
7200
6700
6900
7400
7100
7100
6800
7200
7700
7500
7600
7100
7200
7500
7100
7100
9700
9000
24200
7700
7700
7500
7600
46100
7900
8300
7900
7800
11100
8000
7900
7900
7900
8800
8100
9000
7600
7800
7700
10600
41300
9000
7800
7700
7700
7900
7800
7800
7900
9300
8100
33700
13000
103200
6100
4800
5600
4800
10500
22200
5000
11300
4900
4800
5000
8500
5000
5100
6100
5100
15200
9600
6100
9700
6400
20500
6100
6300
6000
20300
6400
6700
6100
9200
6400
6300
6300
52700
6400
7300
7400
6700
7200
7300
6900
8300
7200
7000
7500
7400
10000
7100
7300
7400
7000
7200
14800
8300
7800
7700
7600
7800
7900
90500
8600
9900
13700
12000
9500
10000
14500
9500
9400
9800
9600
11900
9600
12600
10600
7800
40200
8800
8300
7700
7700
7800
7800
7800
8000
8500
8100
10700
8000
106000
5800
4900
5600
4900
10000
21800
5000
11700
5100
4700
7900
5700
5600
5100
16200
5400
14700
9700
6100
6300
6600
6000
6200
6200
6300
6600
6100
6600
6200
6100
9000
6500
6300
6100
6200
7100
7400
6800
7300
7300
6700
6800
8400
8200
8100
7300
7200
39300
7300
7400
7100
7300
7200
8300
7700
7700
7800
7700
7800
37400
7700
10200
8400
8000
8000
8700
8600
8000
18000
8300
8000
9200
23700
7700
8100
7700
7800
46000
7900
7900
7800
7900
8600
8000
8000
8000
8200
9100
8100
98500
12900
5100
5700
4800
10000
22000
5000
11200
4800
7900
5100
5700
4800
5600
5900
5300
14800
9500
6300
6500
7700
6000
6300
6400
6200
6500
6000
6500
9200
6300
6300
6500
6400
6300
12800
22200
7500
6900
6700
7300
6700
7100
6900
7400
7600
10200
7500
38700
7000
7700
7200
7100
7200
8300
7700
7700
7800
7800
7800
57800
15600
8100
8700
8000
8000
8400
8800
7900
8000
8100
8300
12500
23700
40500
7800
7600
7700
44300
7800
7900
7900
10200
8600
7900
8600
8000
7900
11800
8600
99900
10800
5000
4900
4700
22300
6400
4800
4900
5200
5400
5000
5100
5100
6300
5200
5400
5300
10800
6600
6300
9000
6300
6200
6600
6400
6200
7100
6200
6000
6400
6700
6400
6800
6600
6600
7900
6700
6900
6800
7000
9800
7000
7400
7800
7000
7000
7500
7400
7200
7200
7300
7000
7200
86200
8700
10500
8000
7700
8800
8000
7800
8000
7900
7900
8100
8200
8100
8200
8800
8200
8100
12000
8000
7800
7900
8000
28100
7800
46300
51100
10600
8000
8900
8000
8200
8100
8200
8000
8000
98900
5300
4900
6000
5000
7600
6200
4700
21800
6300
5800
5100
4900
6500
5800
5200
14700
5500
10400
6900
6300
6200
8600
6100
6400
6500
6300
6200
6400
6300
6500
6400
6800
6400
6500
6500
7600
7000
6900
6800
6700
7400
9800
7500
7000
14800
7000
7400
7100
7000
7100
7000
7200
7100
102400
8100
7700
10200
10000
7900
7800
7800
7900
7800
7800
7900
8000
8000
8100
8900
8800
8100
11700
7900
7700
9300
9200
27600
7700
36800
48600
10500
8000
8600
7900
8100
8400
8300
8100
8000
97400
4800
12200
5900
4800
4600
8600
4900
21000
5900
5600
4800
5200
6200
6100
5000
5100
5100
10600
6300
6100
5900
6200
9200
6500
6700
6200
6200
6700
6400
6300
6300
6600
6600
6300
6500
17300
7500
6900
6800
6900
6700
7500
10000
7200
7100
6800
6900
7000
7500
7100
7800
7500
7300
407700
10500
8500
12900
9200
7900
8000
8100
8800
8100
8100
8300
8300
8400
8400
9000
8400
8300
12100
9200
9000
9000
9200
31600
12300
44300
54300
9100
11700
9100
8200
8300
8100
8500
8200
9100
100100
5800
4700
5900
4800
4900
9200
5100
44700
5900
5800
5200
7300
6500
6000
5200
5200
5400
10500
6300
5900
6600
6500
6400
9400
6700
24600
6500
6600
6100
6600
6800
6800
6500
110600
6400
7300
7300
6800
6600
6700
10000
7500
6900
6900
6900
6900
6900
8500
7600
7100
7800
7800
7500
10800
7800
8000
7600
10300
8500
7900
8200
7700
7900
7700
8300
7900
7900
8000
8100
8000
8000
12400
7900
7700
7700
7900
27200
7800
36200
44700
7800
10700
10100
8000
8100
8000
8000
10400
8200
97200
4900
4500
5700
4800
4800
8500
4900
17700
5500
5600
5100
4900
6300
5800
12600
5100
5300
9400
7200
6200
6300
6000
6300
9200
6400
6100
6200
6500
6400
6500
7300
6700
6400
7000
113500
7300
7200
6600
6900
7000
9500
7500
6900
7100
7500
7000
7000
7100
7600
7100
7600
7600
7100
8500
7900
7500
7800
7600
11000
7900
8500
7800
34500
13100
8400
8400
9400
11900
15900
8200
8000
38800
8500
26800
8000
7900
7700
7800
7800
8000
7800
11000
8100
8000
8000
8200
9200
8100
8100
97700
5100
5400
5700
5000
4700
5900
7700
17300
6000
5700
4900
5000
6200
6100
4900
5100
5100
9200
6400
6200
5800
6100
6200
9300
6700
6000
6200
6500
6300
6500
6100
6600
6500
117300
6600
7500
7300
6900
6800
8200
10200
7500
6900
7100
7100
6800
7000
7000
7500
7100
7600
7600
7300
8000
7700
7600
7700
10300
8600
7900
8400
8400
7800
7900
8500
8000
7900
7900
8000
8100
8000
57600
8400
7900
7700
7800
9200
7800
7900
7900
9000
10500
8200
8000
8100
8100
9000
8100
8600
96100
4900
5100
4900
4900
9500
4900
13600
12700
5600
4900
6200
4900
5300
5200
5200
5100
5200
10800
6300
6000
6700
9300
6500
6100
6200
6200
19300
6400
6800
6300
6300
6200
6400
6500
6300
7600
7400
7000
6700
7300
7100
9600
9800
7200
6900
7000
8700
7200
7000
7500
7300
7200
7200
17700
7900
7700
7800
7800
11200
36800
8300
8100
7900
8000
8100
7900
7900
8000
8000
8300
8900
12200
8000
9000
8500
7900
8200
8000
8000
8300
8100
9000
8800
11700
8100
9400
8800
8800
9100
100900
9900
5000
4900
5000
6700
5000
5700
4800
6400
6300
6900
13000
6100
6900
7900
12900
6600
10400
7300
6100
6900
9000
6400
6000
6500
6600
6500
6100
6300
6600
6300
6100
7800
6600
6800
7600
7300
7000
6900
7300
6800
10000
7500
7200
6900
7500
7100
7100
6900
7200
7500
7400
7200
8500
7400
7600
7700
7700
10700
223200
17400
9500
8600
8600
8700
8300
8400
8700
12000
11700
9900
16200
8600
9500
9400
8600
8800
8600
8500
8500
8600
10100
9600
11400
9800
9600
10400
9700
10300
109600
14000
6100
6900
5200
8000
5300
6200
8500
5600
6000
6500
13100
5600
6800
6900
5400
6000
11000
7100
6700
6500
7400
6800
6800
7000
6900
9800
6900
6600
7200
6800
6800
6500
6800
7200
26800
7600
7400
8100
7200
7900
7800
7500
7400
7300
7300
10900
7700
7600
7700
7500
7800
7800
9300
8300
8200
8400
8400
8900
41200
11700
21700
8600
8300
8600
8400
8400
8500
8500
8600
9700
10200
8300
12100
9000
8400
8400
8300
8400
8400
8500
10100
9400
9600
8600
8400
9200
11400
9800
112900
10400
5200
5200
4900
6200
5300
5200
5400
5200
5600
6300
12300
8200
6400
6800
5400
6000
11000
6900
6400
6500
6600
6600
8600
6800
6900
7100
35200
6400
9900
6800
6800
7200
6700
7100
7900
7300
7100
7900
7200
8000
7400
7500
7400
9000
7900
8500
7600
10300
8400
7600
7700
7600
9300
8800
8400
8300
9000
8200
8700
8900
8300
8300
8300
11600
8500
8400
9300
8800
8800
8800
9800
8300
9000
8800
8400
8400
11200
9000
8500
8800
9400
9300
9700
8700
8600
9400
8700
10700
108000
10100
5000
5200
5000
6200
5100
5300
5300
5200
6000
6300
12300
5400
6200
6600
5900
8700
10600
6900
6700
6400
6700
6900
6700
6900
7000
6500
6700
6800
7100
6800
6800
6800
7400
6900
10900
7300
8700
8000
7500
7800
7600
7600
7300
22100
7900
8200
7800
7600
7400
7700
7700
7800
8600
11900
8400
8300
8900
8400
8400
9400
8600
8500
8900
8600
8500
8700
9300
11600
9300
8600
9600
8400
8600
8500
8600
9100
38100
10500
11500
8500
8600
8600
9700
10000
8700
8500
8800
9400
107700
10400
15800
8200
5100
6300
5200
5200
5400
5200
5500
6200
12900
6600
7300
6300
5600
5600
9600
6900
6700
6400
9500
6800
8000
8600
6900
6700
6800
7500
6900
6900
6800
6800
6800
7300
9400
7600
7400
7900
7400
10600
7300
7600
7600
7500
7600
8000
7500
7500
7600
7300
7600
7800
8500
8800
120300
11100
8800
8400
8200
10500
9000
8600
8500
8400
8500
8700
9600
8700
8500
8600
12200
8200
8300
8400
8400
9200
39100
8900
8500
8200
8400
11200
8500
8500
8500
8400
8600
19100
107600
6600
6200
6200
9900
5300
5400
8200
5100
5500
6400
6700
7800
5500
5500
6300
5600
6300
13100
6700
6400
6500
9700
6500
6500
6600
6600
16900
7300
7200
7600
6600
6700
6900
6900
6900
8500
7400
7800
7100
7500
7400
7400
11500
8100
7400
7700
7600
7400
7700
7700
7900
7400
8100
16300
8600
37400
8200
11700
9200
8500
40900
8500
8400
8400
8500
8500
8500
8500
8500
9100
11500
10000
8800
8400
9200
8500
9500
8700
8600
9100
8700
9400
8700
8500
8600
8600
8700
8900
9500
156900
5500
5200
5500
4900
6400
12300
5200
8400
5600
5200
6800
5400
6200
16100
5400
5500
7700
9500
8500
8100
6900
6800
6600
6800
6800
6800
8300
6700
7900
7700
8000
7800
6800
7800
7700
9000
8700
8700
8200
7200
8300
8300
8800
10400
8600
8000
10400
7600
7600
7500
7800
7600
8000
9400
8100
36300
8100
8700
8700
8200
40900
8300
8200
8300
8500
8400
8500
8400
8500
22800
8800
10400
11000
8300
9000
8300
8800
8400
8400
8500
10100
9500
8500
8500
8300
8500
8500
11600
9700
123900
5400
5400
16800
5400
6200
11800
5400
5400
5200
5600
6300
8700
5500
15800
5600
5300
6800
10200
6900
6600
6500
6600
6600
8300
6900
6400
7200
6700
7200
6900
7300
10400
6900
6700
6800
9000
7900
7600
9600
7300
7700
7500
7400
7100
7500
7900
8000
8000
7700
7500
9400
10900
8300
9700
9900
38400
8100
8800
9200
8300
130900
17300
11200
8600
8400
8500
8400
8400
8500
9300
8500
9900
8300
8200
9200
10900
8600
8300
8300
8500
8500
9100
8500
8400
8500
8500
8700
8700
10100
140700
5200
5000
5200
5000
6200
11700
5500
5400
5300
5100
6300
5500
5500
14300
5500
8300
6600
10400
6300
6500
6600
6700
7100
7200
7300
8300
29900
35900
7000
7000
7000
6800
8500
10100
6800
8600
7200
9200
7400
7500
7200
7500
7500
7300
7500
7900
8100
10200
35300
8700
8500
21200
8500
22100
8500
8900
8700
8200
8200
8300
13300
9200
8500
8700
8500
11100
8700
9300
8600
8600
9200
10100
8300
8200
9000
8500
9800
8400
16900
11600
8700
9400
10200
9100
8500
8500
8700
8700
9400
130900
18500
5100
5400
5200
6300
11600
5400
5200
5500
5100
6500
5400
5700
14800
5400
15700
6700
12200
6900
6300
9400
6900
6600
6600
6700
6700
7200
6500
6900
6900
7100
7000
6600
6900
6800
8300
7900
7100
7100
7400
10300
7500
7500
7500
15600
8100
9700
8400
7400
7500
7800
7700
8200
8600
8400
8700
8300
8300
11000
8400
9000
9400
9800
8300
8400
8400
8600
8400
8700
30200
11300
12600
8500
121700
8600
9200
9700
8900
38500
8500
8500
8500
11600
8600
8800
8800
8600
9600
10100
126700
5400
12700
5200
5300
6000
14300
5400
5100
5300
7200
8200
13300
8200
19700
7600
12700
6700
11200
6300
9600
7600
9300
8700
11000
9100
41400
8700
9100
13500
6500
6600
7500
6400
6600
6700
19300
7400
6700
6900
9100
7100
28000
7300
6700
7000
7500
7500
9400
7300
7300
7000
8400
7700
8200
7700
8500
7800
8000
11100
9500
8400
25000
8200
8400
121000
21800
19100
9400
8200
8100
11900
14000
7900
35100
7700
12600
9100
7700
35700
7800
7700
10500
8000
8000
8100
8000
8100
8700
9500
827800
7000
7400
9300
7000
5200
8100
5000
5200
5200
6100
5400
5100
5100
5200
5000
5300
6100
11600
6300
6300
9600
6000
6100
6700
6000
6000
7900
21900
6200
6400
6700
7200
6200
6400
6500
7700
7000
7300
6600
6800
7300
9900
7100
6900
6900
7300
7500
7200
6700
7500
7100
7200
7500
10300
20700
7900
7800
7900
9400
8600
8800
8800
8700
8800
9000
8800
8900
8900
8800
8900
9400
10600
8800
10900
8100
7700
7700
7800
7600
14300
8000
7900
8900
8000
8000
8900
8900
10600
8100
97200
5200
5000
5100
4900
6000
4900
5000
5100
4800
6700
5000
5100
5200
4900
9800
5200
5000
41400
9800
8500
8300
6200
6200
5900
6100
6100
6600
6100
6200
7500
6800
6100
6200
6300
6400
12100
7100
7200
8000
6700
7300
7000
6800
6600
6800
15400
7600
7200
6700
7300
8500
7400
7500
10900
7700
7500
7700
7700
9900
8000
7700
7800
7700
7800
7900
8000
8000
7900
7800
10400
33600
9200
8000
7900
7800
7600
7700
7800
9100
7800
7600
7800
8700
10400
8000
8600
8700
8000
8100
95800
5100
4400
4900
14000
6100
4700
5000
4600
4600
9300
5000
4900
5100
4900
11700
5600
5800
10400
6300
6800
5900
6000
6300
8400
11500
8400
6700
7100
11100
12300
6800
6600
6200
6200
6600
7800
16700
7000
6800
6800
6700
7600
7000
7400
6800
6700
7200
6900
10100
6900
7000
7000
7500
8300
7700
7400
9000
7800
8300
7800
7500
7800
26400
8300
10500
9500
7900
8000
7900
8100
8100
8900
7600
7700
7700
7600
7600
37600
28100
24000
18000
17100
18600
17700
15500
17100
17100
15700
19700
1170900
11000
9900
14300
9800
13200
9700
10100
9600
9900
12900
9700
10400
10200
10000
13000
9600
10000
15600
12000
11300
11500
13700
11200
15000
11100
11300
11400
34200
12400
10700
11100
11200
11000
13200
10900
13000
11600
12000
11900
11800
11600
12500
12200
16300
11900
12200
12500
12600
12700
12300
12300
12100
12000
13600
35000
15800
14100
13600
19100
16000
15000
18600
14700
15300
14900
14000
14100
14500
14400
13900
15200
16600
14300
14200
18400
15500
13500
14500
15100
29100
15200
15000
18900
15500
15600
16800
17000
15700
19800
232800
8900
8700
9400
9400
10700
11600
9900
9300
9600
12500
9600
10000
9600
10000
12800
10000
23300
15900
12000
11600
11700
11800
12000
11600
11700
11600
12000
12200
11900
12200
12400
12200
12400
12400
14000
14800
13000
16600
13100
13400
12900
14100
13400
14700
13200
24800
13700
13700
14300
17400
13500
13900
13900
15600
14700
15800
14400
14600
15400
13700
14400
14800
15200
15300
19600
14800
14800
16000
15100
15100
52500
17400
15300
15000
14500
15300
16400
15600
18900
15500
17400
15500
15600
15700
15600
16400
15800
15800
16000
230100
9400
10200
12700
22900
11000
8800
9500
8900
9000
11800
9700
9500
10100
9300
11600
9000
9500
14700
10900
10400
10100
11700
15100
10200
10700
10900
11300
10800
10800
10900
11500
11000
22700
11400
11100
13700
28800
11700
12000
12400
12200
13100
12200
16800
16600
16200
13800
13100
14500
13200
12700
12500
12500
14900
13800
14600
13600
16500
14900
14200
18300
14300
44600
16900
15900
15300
14900
16400
15400
15700
16700
17400
14800
18800
15100
15200
16400
15000
15000
17100
15200
15500
15900
15500
15400
15100
14400
15400
18700
227500
9600
8800
9100
8900
9000
9400
9500
9400
9700
9800
11300
9500
9800
11400
11600
9700
13500
17500
12200
11700
14100
12200
12300
11900
12200
12600
12800
12200
46800
12900
13200
12900
12600
14200
14600
15900
14800
14800
16200
13500
14400
14300
14100
12900
14500
14200
14100
14300
12800
14300
14200
16200
18300
18000
13400
54700
14200
13400
13400
13800
13900
13800
14900
13900
17600
14200
14800
18400
13600
13900
13700
16200
13400
12600
13700
13600
16200
13700
13700
14600
35300
19800
16000
15100
16400
15000
15600
16700
15400
195100
11200
8500
13700
8200
8700
9500
8700
9000
8700
10200
8900
8600
8100
8500
8700
9100
9200
30200
11700
10400
10600
10400
10200
10600
14400
10800
10200
10600
13500
10600
10500
10700
10900
11100
10700
13500
11600
11400
12400
12100
11800
12100
11000
12100
16600
12100
33300
12400
12500
12800
12400
13300
12400
14900
13200
15400
13400
15200
13000
13600
13300
17100
15000
13600
16300
14000
14700
13800
13700
14300
30000
16800
14200
13200
13400
17400
13300
13400
13500
16600
13800
13700
15300
13700
14900
14000
13600
15400
17700
183800
11000
8500
10100
8400
25600
8600
8900
9200
8400
10600
8600
8800
9400
8500
8900
12600
8600
13600
19400
12100
14700
14500
17100
14600
14400
16000
17800
17200
18700
17800
13600
9200
9900
10200
11400
12900
16200
34700
13900
13400
12900
13400
12100
13000
13100
12200
12500
13900
16000
14100
14200
13000
14200
16900
18800
14000
14500
14100
16700
14600
14100
14700
29700
14600
15900
13900
15300
14300
14200
18900
15400
16200
14100
13900
14000
13900
106700
11400
8500
10000
8800
8300
14600
8600
9200
8000
8400
9200
8600
107100
6100
5500
6000
5100
5800
5000
8400
5400
4900
6500
5000
6100
5500
5100
5200
5300
5000
11100
6800
7100
6100
6200
8000
6400
6100
6400
6300
27500
6400
6500
6500
6200
6400
6600
6800
7800
6800
6800
7300
7700
7200
7200
6800
8900
7400
7300
7100
10000
11300
7800
7100
7300
7500
8700
18000
8000
8900
7900
7900
8000
7800
7900
8800
10800
8000
7900
8100
8100
7900
9100
8800
9700
8200
8000
8000
7900
8000
11000
8100
9200
38700
8700
8800
8100
9100
8300
8200
9100
8300
99900
5800
5200
5500
4900
4800
4700
5200
4700
4800
6000
5200
5200
5000
5000
5000
5000
5100
28200
10100
6300
6000
6100
6600
6500
6000
6400
6300
6300
6200
6700
6400
6000
6200
6500
6800
7300
6700
6600
7100
9900
7100
7100
7100
7000
7400
7200
35500
7500
8200
7700
7300
7000
10100
8900
7600
8100
10800
8700
7700
7800
9500
7800
8500
7800
8100
8100
7800
8000
7800
8400
26400
11600
7800
7800
8100
7600
7600
7900
7800
8000
8400
7800
9200
8100
11200
8300
7900
8000
8000
95400
5700
4800
5500
11600
5100
5000
6300
6800
5000
8600
5200
4900
5000
5000
4800
5000
5200
9600
6300
6200
8200
6200
6100
6300
6100
6400
6000
6300
6400
6300
7000
9200
6400
6100
6300
7000
13200
7000
7400
7600
6700
6600
7000
6900
7400
7100
6700
7200
7800
7500
9700
7500
7200
8100
7700
7700
8000
7700
7800
7700
7800
8000
41600
8500
8300
11600
8100
8100
8100
9200
8100
8900
7800
7700
7900
7800
7800
7800
7800
10400
9500
8000
10700
8000
8500
8100
7800
8600
7800
101300
5200
5200
4600
7700
4900
4800
5000
5600
5100
5100
8000
5300
6200
5100
4900
6200
5000
12800
9100
6900
6200
6200
6100
6200
6100
6200
6100
6300
23100
6400
6300
6500
6200
6400
6300
22200
8400
9800
7200
7400
6600
6800
7000
7000
7600
6900
7000
7500
7100
7600
7100
7100
7300
8800
7700
34800
8700
67300
10100
8000
7900
7800
33500
9800
9300
9900
13000
9100
14500
13300
8600
11000
8100
8100
8700
13100
7900
8700
8000
8100
27000
11200
8100
8100
8100
8300
9300
8400
8200
100700
5900
4900
4500
13500
7600
5200
4700
5000
10400
5200
5900
5300
6400
6200
6100
5900
7700
11400
36100
6900
6600
6300
6900
6900
9700
9700
6700
6700
6700
10800
6200
6500
6600
6300
6200
19800
6900
6600
6800
7200
7100
8000
6700
10300
7400
7200
17500
7000
7100
8200
7400
6900
7200
11400
8000
7700
8200
41500
10800
7700
7600
7500
8600
8100
7800
8400
8000
8100
8100
8300
16200
14500
8100
7800
8300
8600
7900
8500
7800
7900
7800
7900
7800
7900
8000
12400
8700
7900
8100
101500
6300
4900
4900
10700
11600
6800
5200
4700
5200
5700
4900
8000
8000
6000
5800
5400
5100
10400
7000
6200
6200
6400
6700
6300
6900
6500
6400
6500
6100
6200
10000
8400
6300
6400
6400
7500
17800
18300
7200
6800
6900
7300
6900
7600
6900
9000
7400
7200
6700
7100
7300
7200
6800
8300
7600
7600
8500
41600
7900
7800
7800
7600
10900
37300
8200
9800
8000
8000
7900
9000
8500
9200
7800
7800
9100
11000
7800
9700
8000
9900
8100
9900
8700
8100
7900
8100
8700
8100
7900
115100
7000
5600
5700
11600
4800
4600
5000
5100
4800
4800
5100
4700
5800
6000
5700
8100
5000
12900
6900
6300
5900
6000
6600
6400
6400
6500
6000
14200
6700
6300
6000
6700
6400
6400
122300
8600
6700
9200
7200
7000
7100
6700
6900
7600
7000
7200
6800
6900
7000
7300
7600
7700
7000
22700
15100
7900
7700
8200
7800
7600
7800
7700
8700
7900
8000
8000
10600
8500
8000
8000
8000
9000
7700
7700
8200
8500
9100
8200
7800
10300
26400
8000
8400
8800
8100
7900
8800
8200
8100
98200
5800
7400
4700
11100
4900
4900
5300
4900
5100
4600
5000
5100
5900
5900
5700
5500
5100
21700
7200
6200
6300
5900
9600
8300
6600
6800
6400
6000
6200
6300
6300
6200
6400
6400
6600
7600
8700
7600
6900
20800
7400
7200
7400
7900
7900
7700
27800
7500
7500
10900
7200
7900
7000
20200
9300
8400
7700
8300
11900
8000
7600
7600
8500
8100
8300
9700
8200
8500
9900
8300
21200
9500
10900
8200
10200
42700
8200
8100
8100
8300
10600
8200
8400
9000
11000
8200
8100
10500
8800
104700
6400
4900
4800
10600
20800
5200
5400
4900
7900
5100
4800
5100
5900
5900
6000
7000
5400
11400
7500
6000
8500
6400
7200
6400
6100
6400
6100
10800
6300
7700
8300
6700
6500
6200
6400
7100
6800
29800
25200
8600
7300
8300
6900
7400
6900
9800
7200
7000
6800
7200
7400
7100
6900
19500
7500
7600
7900
9800
7700
8500
9100
8900
19000
8900
10200
8800
10100
10700
9000
9100
9100
9500
8600
9200
11500
104300
7900
7700
7700
7700
9000
7800
7800
8800
7900
8000
11200
8600
8700
99000
5000
5000
5600
5900
4700
6000
4800
5100
4900
4900
5000
7700
5000
5200
6000
5300
4800
