104500
16300
11300
1473200
11100
9300
19800
11300
11900
10700
10800
191700
14000
169800
204900
173000
15500
18700
33500
172900
88100
111100
18600
18000
19600
150700
18800
19300
174700
20700
21300
22000
230700
23200
24400
22100
83100
27300
74800
144300
156000
25100
28600
30800
28700
27100
120800
28500
28200
29400
30400
30600
29200
29100
120200
36900
154400
33700
32600
302100
33300
34300
37200
37100
35900
36000
37200
38900
36800
37800
521300
451800
293600
52500
44800
42400
39400
342200
43400
45600
528600
45200
41300
33900
35200
33000
32000
31900
32200
36300
21900
36000
7100
8400
44000
8900
54700
8900
8800
10000
10500
41600
10500
11000
10100
10800
12600
11500
16500
60800
33800
44500
14400
14000
14500
57200
15300
15000
64000
16200
18900
21200
93200
18300
23400
24000
66400
22000
42600
77400
71100
20400
20200
20500
21700
21900
55700
21500
24300
21800
23500
23000
23300
22700
62900
29600
86400
25800
26100
154500
26600
28400
29300
29000
27700
28300
30000
29200
32300
28900
193100
163100
107100
34500
34900
28300
15600
118800
13500
15300
131500
14400
14700
12300
12300
12000
12100
12400
13700
12500
8500
24300
3200
4100
7000
3200
7100
14500
3200
4100
4200
46000
3400
4300
3600
3900
3500
4300
7300
5700
7300
47000
5700
5400
7100
6300
8600
6200
6200
36200
5900
28200
33000
28700
6100
8200
21000
8800
18600
33300
36200
7500
8100
7600
8700
8200
26300
8500
7900
8500
8900
11700
8300
8700
33200
11200
39800
10100
10200
76700
11600
10500
11400
14600
10200
10600
11700
11400
10600
10100
139600
141500
89100
15200
11800
15900
12200
108400
13200
15000
159900
14400
14600
12800
13700
12300
13100
12300
12200
12500
3800
12200
3300
4300
3400
3400
3500
3300
3300
4100
4300
16100
3600
4700
3500
4000
3600
4300
9000
5600
6700
24200
5500
5600
6900
6600
5900
6300
9000
22900
5900
24100
29100
28500
5800
6400
10400
44100
29800
31600
8100
7800
8000
28800
7900
8100
31000
8100
10700
8500
35400
8000
9600
8200
25600
11400
32900
10000
10600
63600
9700
10500
11400
12900
10200
10300
12000
11400
11200
10300
115200
115000
76800
14400
11900
13800
13000
104500
14300
15700
126600
15700
16300
12400
15800
12500
12200
12400
12000
12300
6000
19100
3200
5000
6400
3400
6900
3500
3500
4100
4400
31700
3600
4100
3600
7000
3700
4100
9600
10000
7000
36000
5800
8600
6800
6700
6100
6300
6200
30200
22900
27200
28300
23500
6100
6300
10700
37300
18600
42000
8100
7800
9400
26200
7900
8000
30100
8300
7700
8000
48300
7900
9400
8100
22700
11400
23100
50700
34600
31700
9800
10300
11100
36400
33000
10500
10000
43300
12200
11200
10700
9900
72700
13900
11900
13400
12000
93200
13200
14600
108400
14200
14600
12400
12100
12600
13700
12800
12200
12300
19500
7500
3200
4500
8100
3300
8700
8800
3500
4300
3900
19900
3700
4200
3500
4100
3700
4100
6900
5600
7100
22700
7100
5700
6500
11200
6000
6300
8000
32100
5900
24100
26700
24500
6000
6500
10500
30700
20400
31400
8200
7700
8000
25700
7900
8200
28600
8500
7800
8000
34300
7900
9600
8200
26600
11100
24100
38900
33200
20900
10000
10200
11200
24600
36100
10300
10300
27900
11900
11300
10700
10200
26700
13700
33200
12500
17300
67000
12900
12600
15300
13600
12700
12600
13600
14100
12700
12800
129700
113300
198400
27100
19400
18700
122100
21300
19100
19600
18700
21500
19300
60300
9800
9600
9900
9800
10800
9500
14000
12300
11500
13900
12800
11400
107800
12200
13300
12200
12700
11700
63800
14400
76300
12100
14900
12400
15800
16700
16200
36800
15000
13900
15200
14300
47700
52100
14000
15400
15300
15000
14700
14200
14500
74900
28800
23800
15800
15400
19800
16800
16700
15900
71200
17200
176200
16300
15600
17500
17300
16000
16000
16400
246000
27900
18400
12800
12900
13500
25800
22200
14800
15200
12700
12800
12700
15800
16700
13800
15100
24800
15100
10200
9200
49500
10400
9700
10700
9700
48700
9900
9600
10100
9500
9400
10400
9900
9700
55800
14000
11600
11500
11500
12700
11500
100400
11900
13100
12500
12900
11700
61200
12600
71400
11900
11900
14800
16200
15000
14300
37200
14300
13800
15200
14300
48900
49700
14100
15300
15200
14000
14300
14200
14400
74000
19300
20400
15800
15500
17200
16700
16700
15800
74300
17300
181100
17000
16200
17900
17900
16500
17100
16500
239700
27000
17700
12700
12500
12400
25600
22400
14600
14100
12500
13500
12600
12700
18200
12300
14400
24900
17100
10200
10000
9500
10400
9300
58500
9500
9700
9200
9000
11400
8700
8400
13900
8600
8200
10100
60800
8900
10300
9200
44600
9900
9000
12900
148100
56200
9900
50100
9000
9400
9400
9400
10500
12100
11400
10700
9900
33900
10000
9900
10400
9900
44400
46800
10200
10800
10600
9900
9800
10100
10300
69800
13200
16200
10200
10800
11300
10800
11000
10100
61300
11100
169700
10500
10300
10900
11200
10500
10400
10400
229200
20700
11000
6100
5700
5800
18800
14900
12100
10800
6000
5800
5700
5800
10200
6000
7000
17400
11000
7000
6700
6500
7000
56500
7200
6900
6500
6800
6600
6500
9300
6700
7500
6800
6600
7000
39500
8100
8300
7800
34800
9700
7200
10700
7600
9100
7500
36100
7700
8200
7600
8100
9100
7800
10000
32500
58000
8500
9600
8400
68300
8400
9200
9100
12800
8600
43800
9600
50700
8900
8900
8800
14900
15800
8700
8600
9700
9500
9400
8500
44600
9700
122100
9100
9200
9500
9800
8900
8700
9600
142700
19700
10800
5600
5500
5800
17800
15500
7100
6700
5600
5700
5800
8600
7100
5800
6600
17000
10600
7100
6800
8600
7800
7600
7500
6800
6600
7100
6700
6700
9600
6800
7300
7000
6900
7000
40400
7600
8500
7400
34600
8200
7600
8300
44700
7900
43600
35400
7700
7900
7800
7700
9500
7900
10700
11400
8300
35800
9700
8500
66900
8500
8700
12300
9500
14200
48100
9600
92100
8800
8700
11600
10400
9800
8800
26200
8700
8600
9800
9200
33500
36100
8800
9900
9700
8800
10700
9200
8700
53500
141900
19400
10800
5700
5500
5500
17800
15100
7200
6700
5700
6300
6200
8500
7100
6100
8000
17200
10000
7200
6700
6700
6900
6900
6600
6700
6800
6800
6800
6800
6900
12900
7800
97900
7100
7000
41600
7700
8400
41700
34400
8200
7500
8000
29300
31900
7900
34400
7400
7600
7800
8200
12300
9400
12300
8700
8400
8500
9400
8700
65200
8800
8700
12200
9200
8500
41800
9800
46200
8700
9300
8900
12900
9700
8500
26000
8600
8600
9200
8600
32900
35000
43400
10200
11200
9400
9400
9800
9400
55700
112100
7300
10300
5600
7700
6600
6400
5500
14300
7000
33600
5600
5900
6800
6700
5900
5700
7000
10400
6700
32600
6600
6800
7200
6700
9700
6900
6900
6600
7300
6800
52300
7200
6800
7600
6900
8200
7900
7400
7600
7400
7400
7200
12100
8000
7700
8500
7700
7700
49900
7800
7800
54500
49500
37100
8400
9200
8500
8300
8300
8300
8500
8500
9000
8400
9200
9200
8600
105000
9200
8800
8700
10100
8400
9000
8400
8500
8600
12500
8600
8500
35400
9000
113400
8800
11500
46200
9600
8800
8900
107200
6900
5200
5400
5300
22000
5300
8500
18200
12900
6900
12800
26000
5500
13300
5600
5400
17600
11500
7200
6600
9500
7000
6600
6600
6900
6500
7400
7100
6900
32600
6800
6900
50100
6900
6800
11000
7100
7400
7300
7300
7800
7200
7400
7900
7400
8800
7300
7700
48500
7700
7600
57400
48700
34800
8900
8400
8300
8100
8200
8200
8400
8400
12400
8300
9300
9000
10600
99400
9200
8600
8600
10000
11000
9300
8200
8300
8400
9500
8400
8800
34200
9200
110600
8800
8600
47400
9500
8800
8800
108600
6400
5300
5000
5300
20500
5300
5200
19500
13000
6400
13600
24200
5400
15900
5600
5700
17700
10300
7000
6600
6600
6600
6600
6700
6600
7000
8400
7100
6700
6800
51400
7300
6600
6700
7000
7800
7500
34800
7700
7500
8000
7300
7300
7600
53200
11000
8300
7500
49700
7800
54500
7800
7800
35700
8400
8400
11300
8300
8200
8200
8500
8400
8400
8300
8900
9000
8500
105500
8700
9000
8700
10200
8300
8900
8200
8200
8300
9800
8500
8300
36500
9000
108600
8700
8600
46600
9300
11400
8800
106700
6200
5100
5600
5100
20700
5200
5300
17300
12600
6200
15300
23900
5500
13200
5400
5300
17900
9800
7200
6700
6700
6700
6700
6500
6800
6700
6900
9900
6800
6900
6700
6800
6800
6600
6800
7800
8000
33000
7300
7400
8000
7400
7300
7300
7700
10300
8100
31600
49500
7800
51400
7800
9100
10400
8200
8100
11400
8500
8200
8200
8200
9500
8400
9700
8500
8500
50100
8400
8500
103300
49600
9900
8300
8800
8300
8400
9100
12400
8500
9000
36800
9400
111200
8700
11400
46200
9200
8800
9100
106100
6200
5300
5000
5200
22200
5400
6600
18500
14700
8000
13600
26000
5300
14800
5500
6500
18300
10200
8200
8100
9900
6800
6800
7700
7900
6600
7900
7200
6800
6700
6900
6800
7000
6800
7000
7700
7400
32800
7500
10400
8200
7500
7200
7500
7700
7500
8100
45000
51600
7700
8000
7900
7900
12700
8400
8200
8400
8400
8100
8200
8400
9100
8400
9700
8500
8500
54600
8600
10800
55500
50600
59600
8400
37100
8600
8400
8400
8400
9100
45400
44100
8600
9600
12200
10100
98600
8600
8700
9200
109800
6100
8100
5100
5300
20800
5400
5200
17800
12600
6400
12700
22800
5500
12600
5500
5800
19500
10200
7000
6800
6500
34500
6800
6400
6700
36300
7100
7000
6900
8200
6700
9700
81500
7000
9200
7800
7200
32600
37300
7200
8000
10300
7500
7400
7600
8100
8200
7800
120300
7700
7500
7700
7600
11500
8200
31400
8300
8500
39000
8400
8400
9200
10200
9700
8600
11600
50300
8600
8600
55000
50000
34800
11200
8400
8500
8300
8400
8300
8500
8400
8500
8600
9300
9700
9400
211500
8800
8700
8700
119200
6100
7100
6000
6800
6100
8300
5300
5300
14600
6200
26500
16200
7300
13200
6400
5600
5700
10100
6400
9900
6800
6600
6800
36900
6700
6800
6800
6800
7300
7000
6900
6800
6900
7000
7500
8900
8400
33600
7500
8000
7600
26700
8000
7500
8300
7500
7900
7800
9900
8100
8300
7800
8100
15000
8800
8600
8400
9700
8600
8500
134100
8800
9800
8900
8600
11800
10400
9000
118300
13500
12200
14900
12000
11700
13600
13300
50800
13500
8200
12000
11800
9200
11500
10500
10700
9300
8200
8300
9300
123100
6200
10500
5200
5300
5900
6000
5500
5900
5300
11700
5000
5300
5300
5100
5400
5200
9700
11400
6600
6400
6100
6200
6200
6500
6400
6200
6000
7000
113600
6400
6300
6500
6500
6400
8200
11100
7500
28500
6900
7200
7100
25100
7100
7000
7600
7000
7300
7100
8300
7400
10000
7200
7300
10000
8300
7900
7700
8900
8000
8100
44500
7800
10700
8000
7800
8100
8000
8000
127800
8500
8300
9800
8000
7900
10500
7900
35800
7800
7900
8300
8000
7900
7900
7900
8000
8100
8100
8200
11500
108200
7400
10000
4900
5300
5800
5900
4900
5700
5700
11400
5100
7800
5000
5300
4900
5100
5700
10600
6200
6500
6300
6200
6200
6500
6300
6300
6100
6400
6300
6500
6500
6500
6600
9100
6800
7300
24700
7000
6900
6900
7000
35100
47200
8700
7100
7400
10400
10100
7200
7400
7100
7400
7900
9400
7800
7600
7700
8800
8700
7900
44600
9000
9000
11200
8800
8900
8800
9000
57800
9200
11700
10200
8000
7900
8000
7800
90200
7900
8000
7800
7800
7900
8000
10600
8200
8100
8000
8100
9100
113000
6300
10300
4900
5500
5800
8500
5000
5700
4900
11300
4800
5100
5000
5100
5100
4900
5100
10400
6400
6200
6200
6200
6000
6500
6300
6300
6200
9100
6300
6200
6300
6400
6500
6300
6700
7300
7300
6900
6700
7000
7100
34300
7000
7100
7200
6900
10700
7100
7200
7400
7000
7100
7800
8800
7700
27400
8000
8700
7900
28400
8300
9100
9300
8000
8300
8000
8900
8600
8200
125900
46500
10000
7800
7800
7900
7800
35700
8000
8000
7900
7900
10600
7900
7900
7900
7900
8300
8200
9200
109800
5800
9900
4800
4900
5900
6200
4800
5700
5000
11100
5000
4900
5300
5200
5000
5200
4900
10000
6300
6300
6100
5900
6200
9100
6100
6200
6800
6300
6000
6300
6300
6300
6500
6500
6600
7300
6600
8100
7000
6900
6800
87700
9600
6900
6900
7000
7500
7000
7000
7100
7100
7000
7700
9200
7800
29700
8900
8200
10400
25400
8300
7900
8900
7700
21500
8500
9400
9000
8500
9900
8800
13600
8400
8300
8400
9700
8700
10400
53600
9200
8600
41100
8600
8600
10600
8200
52800
8300
8200
108000
9300
10000
4700
5000
5800
5700
4900
6000
5200
10800
4900
4900
5100
4900
5100
5100
5400
10100
6300
9000
6100
6300
6300
6600
6100
6300
6600
7100
6300
6500
6400
6300
6400
6400
6800
7300
7100
6700
6900
7000
9700
34200
7000
7000
6900
7600
7700
7000
7100
7200
7100
7300
7800
8900
7700
30300
7900
8400
7900
88200
8600
8000
8800
8000
8600
8100
8800
11100
8200
8700
8600
9600
26500
8400
8400
9800
8500
8600
50900
8600
8700
8800
8400
10800
8000
8000
51400
8100
8000
97400
10800
5000
5100
5000
11100
5100
5000
11400
5000
5000
4800
5000
4900
5100
5100
5000
6400
10300
6200
6300
6300
6200
6100
41600
6400
6300
6300
6200
7100
6500
6500
48900
6900
6300
6900
7700
7300
49200
8400
7900
7600
7500
33800
31800
6900
10200
7500
7200
7300
7300
7200
7100
7300
8900
8400
44100
7800
7900
40200
8000
7900
8000
8600
7900
9400
8200
7900
8100
9500
8900
133800
9700
8000
28000
8500
8000
8700
8700
7900
7900
8100
7900
10500
8100
8100
9600
8600
8200
8200
790300
6300
5800
5000
5100
5000
5100
8000
6100
15200
5000
5900
12300
5300
6200
6000
5300
5600
10000
6200
6500
6400
6500
6400
6400
8900
6400
6600
6600
6500
6300
6500
6200
46100
71300
6600
7600
7200
6900
10100
7400
7000
7000
30900
25600
6800
7200
8600
7300
6900
7100
7200
7000
7100
12200
11400
35900
8500
8600
41200
10100
8600
8600
8800
10300
14500
7900
7800
7900
8100
8900
118600
9600
7600
28000
10400
8000
8400
8400
7900
11900
39700
8700
8500
8500
8500
9900
8500
8600
8700
115700
6900
7100
5600
5800
5900
5700
6200
6900
17200
6100
6800
14100
9100
6600
5800
5300
5200
41600
7200
6400
6300
6000
6200
6500
31000
6000
6300
6500
9200
6200
6400
6300
6300
6300
6400
7100
8200
7300
6800
7600
6800
39500
6800
7000
7400
7000
43700
7700
7300
48400
8600
7400
7100
8700
8400
34600
7700
7600
38400
8100
8000
7900
8100
7900
9100
8000
7900
8300
8100
8900
122000
9600
7800
27700
7900
7900
8600
8300
7800
7800
10600
7900
7800
8000
8000
9000
8000
8000
8100
95600
5900
5600
4800
7600
25300
4900
5200
6300
14200
5000
5900
11500
5100
5100
5900
5200
5100
10700
8200
6300
6400
9300
6400
7000
6200
6200
6500
6100
6300
6300
39100
8500
6300
6300
6200
7100
7000
35800
7000
9600
6800
38400
7000
7000
7400
6900
7400
7300
7200
117700
7800
7300
7300
10800
8300
7600
8500
8200
7900
7700
31800
26900
8300
7800
10400
7900
36200
7900
8700
8100
123600
9500
7700
29100
8000
7800
8600
8700
7800
7800
7800
7900
7900
7700
7800
9400
8200
12300
8300
801800
6200
5600
4900
4800
4900
4900
4900
5800
14300
5000
5800
14800
5100
5000
5800
5200
5000
9600
6100
6200
6100
6200
6200
6300
5900
6100
6400
6700
6100
7600
6200
6100
8900
7100
6200
7300
6800
7100
6800
6800
6700
37700
6900
6800
7300
6700
7300
8000
7100
82900
7500
7300
7400
8200
8500
7700
8200
8200
25900
7900
35700
27600
7800
7800
7800
8000
7900
7900
7800
8000
7900
9000
11500
33500
7700
7700
92200
7900
7900
7700
33700
7900
12000
8000
7900
7800
7900
9100
53800
96600
5600
5500
8600
6900
4700
4900
4900
6000
13700
4800
5700
11900
5000
5000
5700
5300
4900
23600
6400
6500
9300
6200
6200
6400
6200
6100
6400
6700
6400
6000
6300
6200
6400
6400
6400
7300
6700
7200
34900
6700
6900
113900
6900
6800
7400
6900
39500
8000
7200
45200
7600
7300
46700
8500
13000
7700
8100
8100
19900
8300
115400
31000
8300
8400
8500
8300
8400
10000
8000
7900
22400
8800
8600
36400
7600
7600
35700
8000
9100
7800
8400
7700
9000
7800
7800
7700
10400
9300
123900
97200
4700
9400
5000
5000
5800
6000
4900
7500
4900
4900
5000
4800
5100
6500
5200
6100
5200
15000
58100
34700
36400
18500
6800
6400
6900
10000
7900
9900
9900
6300
7400
7300
7300
6600
8900
11600
8000
8800
48300
8100
6900
7800
8400
9400
10600
6900
7200
7000
7200
6900
7100
7200
7200
8900
7800
7600
7800
7500
12600
42500
8000
7700
7800
8300
7900
8600
7900
8200
8300
8000
8800
9600
8000
13100
8000
7900
7900
7700
7700
7900
7900
8100
8700
32300
8000
8200
10600
9400
8300
103500
5300
4700
4900
11200
5000
6300
7700
5000
5000
5000
4900
5000
5300
6700
5000
5300
6100
10600
6300
6100
5900
6000
6200
6300
6400
6200
6700
9300
7000
6200
6300
6800
6300
6200
6400
8200
6900
6500
6800
6800
6700
6900
7300
6800
6900
8600
7200
9600
7200
6900
7100
7100
7100
8800
7600
27900
7800
7500
8300
36400
7700
10300
7900
7900
7700
8400
7900
7900
8300
8000
8700
9300
9800
8800
7700
10400
7700
7500
7600
7800
8300
7900
8600
97300
8100
8000
7900
8800
11600
98200
5100
4600
4800
10800
4900
6000
4900
4800
4900
5000
5000
4900
5100
6200
5000
7800
6100
9800
29600
6000
7300
6000
6100
6100
6200
6100
6600
6300
6300
6300
6200
6300
6300
6500
6100
7100
9600
7300
6900
6700
6800
6800
7500
7500
7200
7200
7700
7200
7300
7000
7400
7400
7000
8300
7600
7500
7600
7700
8200
37900
7700
7900
7800
7800
7800
9500
8400
10600
8600
8300
8500
46400
8200
8700
7800
7700
7600
7600
7600
8000
10500
8000
8800
31500
7800
8000
7900
8800
8100
98000
5000
7900
4700
10600
4900
27500
5100
4700
4700
5000
4800
5000
5200
6200
5000
5200
6000
10500
6400
6100
5800
6200
8700
6200
6100
6100
6500
6500
6200
6300
6300
6100
6300
6300
6800
7200
6700
7700
7000
6800
6900
6700
7600
10300
7400
7300
7500
7100
7300
7100
6900
8900
7300
9000
7600
7600
7700
7600
7600
10400
8500
7800
7700
36000
35600
7900
7800
8000
7900
11000
8100
11700
7800
8600
7700
7700
7700
7500
7800
7800
8200
7800
8500
87300
10900
8200
8000
8800
8100
99600
4800
4700
5100
10800
4800
5800
4900
4700
4900
7600
5400
4900
4900
6500
5000
5200
5800
9900
6000
6000
5900
6000
6200
6100
6900
6200
6500
6300
36000
6600
9100
6100
6400
6500
6100
29000
6900
7300
6900
6700
6800
6900
7200
7400
7600
7300
7500
6900
9900
7200
7200
7400
7000
8800
7700
43000
7700
7700
7500
7700
8300
7800
7600
10500
7900
7800
7800
8000
7900
9200
8200
8900
7700
7700
7700
8300
9600
48500
8000
8100
24700
8100
7700
8600
7900
8100
8700
8000
8600
101800
5100
4600
4900
10800
4900
5800
5100
5200
5100
5100
4900
5000
5000
6400
5000
5400
5900
11900
6500
6100
6100
6200
6100
6300
6300
6200
6600
6400
6400
6400
6400
6500
6400
6400
6300
7100
6800
7600
9600
6800
6600
6800
7200
7300
7300
7100
22700
7200
7300
7000
7100
7900
7200
8900
7600
10500
9200
7900
7900
7800
8300
7800
7700
7800
7800
7700
7800
8000
7900
8000
12200
8700
7700
7700
7600
7600
8400
37500
9800
7800
72500
9000
8900
11000
8800
9200
9500
9100
13200
101800
6100
6700
4900
5800
7800
4900
26300
5200
5000
5100
5800
10500
5400
5300
5000
6100
5200
11000
6900
6100
6200
9300
6600
6300
6300
6000
6200
6300
6100
6500
6400
6400
6700
6300
6500
7600
7000
7000
22300
7000
7400
7000
10500
7500
7100
6900
7300
6900
7200
7200
9000
7400
7400
8900
8700
8000
7800
8100
11000
10900
8100
7800
8400
8400
33400
8600
7900
8600
8100
8100
8100
12300
7900
8800
8000
8000
7900
7900
8800
8100
8000
8100
9000
8100
10800
9100
8100
8100
8100
99400
5200
5000
4900
6200
4800
5000
11700
5300
7700
5100
11900
5200
5300
4900
5100
5100
5000
9600
6600
6400
5800
6200
6200
6200
6300
6200
6400
6300
6700
6300
9600
6500
6200
6600
6700
7800
6600
8400
6800
6700
7200
7100
7500
7400
7000
6900
7200
6800
6900
9800
7100
7200
7400
8700
8000
8100
7700
8000
8300
8300
8200
7700
8400
10300
32700
8800
8000
8500
8000
8200
7900
9700
7700
8500
7800
10500
7900
7800
8700
8000
8000
36300
8800
8300
7800
8700
8000
7800
7900
97900
4900
5000
4800
5800
4800
4900
11700
5000
5000
4800
12200
5000
5200
5000
5000
5200
7100
10400
7200
6300
6100
7500
6200
6100
6400
6000
6400
6300
6400
6100
6900
6500
6400
6400
7300
7300
7000
9600
7100
7400
6800
6800
7000
6800
6900
6900
7000
41000
7200
7100
7500
7000
7100
8700
8100
10400
7700
8700
8400
8500
7800
7600
8400
7700
32400
8300
7900
11200
10200
8000
7900
33900
7900
8600
7800
7700
7800
7800
8700
7900
10500
7900
8700
8000
7800
8400
8000
8000
8000
96800
5400
4900
4900
9700
4900
5100
13000
4900
5000
4900
11200
4800
5100
5000
4900
6200
5000
9600
6800
6200
6100
6300
6600
6300
9300
6300
6400
6000
6600
6500
6800
6300
6400
6400
7900
7700
7000
6700
107000
8900
7000
9800
7100
6700
7000
7000
7200
7500
6800
7000
7500
7300
7500
8100
7700
7800
7700
7600
11300
7900
8300
8700
7800
23800
8400
8000
8000
8600
8200
8600
8100
12000
8300
8400
7900
7800
7900
7700
10200
8000
7900
9100
8600
8000
7800
11000
8000
7900
7800
97000
4900
4600
4900
7000
5000
6700
11200
4800
5000
4900
13900
5100
4900
5000
4900
4800
5100
9500
6600
6100
6200
6200
6000
6100
6400
6300
6400
6000
24000
6800
6700
6200
9000
7600
6800
7300
7000
6700
6900
7400
6900
6900
6800
6900
7500
7000
6800
7500
7100
7200
7300
9700
7200
8300
7600
31900
8000
7700
9800
7800
8500
8600
7800
7800
8400
7800
11400
8000
8200
9500
8100
9000
8600
7800
7700
8400
8400
9100
10700
7900
9000
7900
35500
8900
8000
8900
9300
9500
8100
99600
5700
4700
5100
5700
5000
4900
10900
4800
4800
4900
12300
5100
4800
5000
5600
5000
5200
8700
40200
6200
6200
31600
6300
6200
6300
5900
6400
6200
6200
6200
6600
6400
6300
6300
6600
7200
6900
7800
6700
7000
7600
8100
8000
6600
8000
8500
8700
8200
6900
8000
8200
8000
8600
10000
8500
8600
10900
7800
8300
7800
8500
8200
7700
7800
8400
8100
7900
8000
8000
8100
8600
11700
8500
7600
7700
8100
9300
8700
7900
7600
8300
7800
35500
8800
7900
8500
9200
9200
8100
109700
5900
6800
5900
5700
5900
10800
8500
11000
5200
4800
5700
4800
5000
5700
5100
5100
4800
10600
6500
9200
6200
5900
6200
6100
6100
6100
6300
6600
6300
6400
6400
7200
6600
6400
6700
7800
7100
7200
7400
9500
6700
6800
7000
6900
7100
7400
6900
7300
7000
7100
130000
7200
7500
9200
7800
10900
34800
8400
9700
7700
7800
7900
7800
7700
47500
8300
8000
7800
12100
8200
8100
10100
8000
7700
7800
7800
7800
17000
13300
9800
8000
8100
8900
7900
8100
13500
14100
13200
8400
98400
5000
4800
4700
5000
5800
5100
16000
5100
5000
5200
5700
6100
6200
4900
5300
5600
5100
9600
6100
5900
7800
6200
6100
5900
6400
6200
9900
6600
6400
36100
6400
6500
6300
6700
6400
7300
7000
7200
6800
6700
6600
6700
6800
6700
7300
6800
9800
6700
7000
7100
50100
7200
7700
8500
7600
8600
107600
8400
10700
7900
7700
7700
7800
7900
7800
7800
7800
7900
9100
8000
8000
9800
10300
7700
7700
7800
7600
7500
8600
8500
7700
24300
8800
8000
8500
8100
10800
8100
9400
135100
8100
6800
6900
7700
8400
5000
12300
5000
4900
5200
5800
5900
8800
5000
5200
5100
5200
9500
6700
11700
6300
6100
9700
6100
8800
86200
25400
13800
14600
14100
12100
11800
10200
15300
97800
14800
13400
12300
12500
12200
12400
12400
12400
12200
12600
12300
13400
51900
13300
12900
18700
12700
13600
17000
13600
14200
72000
15600
14500
14300
14500
14400
15800
18800
14900
15300
14600
14800
16400
15000
15200
38800
15000
14000
14100
14200
17600
18400
15700
15400
14500
14300
15500
14300
14500
14500
14300
14300
14300
202100
12000
8900
9200
9600
10500
10200
23700
9100
9400
9600
10700
10800
11000
9300
12000
9500
9600
15900
16100
10800
11700
11100
10900
11200
11900
11400
11800
11500
11800
11500
154400
12300
11700
11500
11900
12800
18000
13500
41900
13500
12900
12600
12300
12500
12600
12600
13600
13000
12900
12700
13800
13300
13800
15200
13800
19000
13800
13600
14100
14000
14600
14100
14700
15800
14400
14400
14500
14100
108500
15100
15900
18300
15000
14000
14400
14200
13900
14600
14600
14400
18700
14000
16100
15100
14400
14300
14600
15000
14200
204900
10600
8400
8900
9100
11300
13700
23000
9400
9100
9500
10800
11000
11000
9600
9600
9800
9600
17800
11400
10800
11000
11400
11300
12900
11900
14900
11400
11600
12500
11400
11200
11500
11300
11900
12300
13200
12900
12400
12100
11000
12600
12400
14100
12500
13500
16500
14800
14700
13300
13900
14700
13800
15000
16800
13800
19800
13700
14300
13500
12400
13000
13800
14800
14100
14100
14000
14200
14600
162600
16300
18000
18600
14500
17000
70300
16300
15000
15000
15400
15200
18300
65000
15400
14700
13800
13400
17000
14400
14600
196300
9500
8600
8700
9100
15100
9500
23400
9500
9600
9500
10600
11200
10900
9900
9700
9700
9800
15200
39500
11200
10900
12100
11000
14600
11500
11200
11500
11900
11700
11100
13600
21100
11900
12000
11800
13300
13300
12700
12500
12500
12400
12500
12400
12100
12600
12800
15400
13100
13000
12500
13600
13400
14500
15200
14200
14700
13800
13700
16500
13900
18100
14400
14900
14200
14000
74500
14600
14500
180000
16300
16500
62800
14200
15400
67200
15200
13900
13700
14200
13600
13700
13900
14300
18800
14500
14100
16700
14600
17000
197100
9700
8700
9000
8700
9200
9100
11100
14800
9800
9400
10700
9200
9300
9700
9500
9500
11900
19600
10900
10600
11300
10500
10500
10400
10200
14900
10500
10800
10800
10800
10600
11000
11100
11300
11100
13400
42800
12000
12600
11800
11400
12000
11900
11600
16100
11900
12700
12400
12800
12600
13300
12700
12500
15100
13900
45800
13700
13900
13800
17700
14000
12900
15500
14800
53300
14200
13600
13700
13800
15100
14000
15800
13600
13300
18200
13100
13500
57000
13700
14300
13900
19800
15000
14100
14500
13700
13500
19800
15000
197500
11200
8900
10800
10500
9700
7700
8100
9400
8500
8100
8700
8700
8600
12800
8800
9100
8800
14900
10200
10200
10600
12400
13000
12000
12000
12200
11900
12200
12100
39200
13800
12500
12500
15400
13400
18100
45500
12600
12600
12400
12500
12400
13000
11700
12200
12000
13100
12600
12600
12300
13300
12400
12700
19700
13300
129800
59800
15400
7900
4600
4600
4300
4300
5200
4400
4300
4200
8100
4600
5100
4500
6300
4900
4600
5400
4600
4700
30300
4500
4700
7700
6700
5600
4600
4900
4500
4500
5600
5500
38000
3600
3600
3900
6300
3000
3000
3100
4000
2800
3000
3200
2800
2900
2600
3000
3100
2700
8700
3700
3400
3400
3400
3400
21200
7200
3800
3300
3400
3400
3700
3500
3600
3300
3500
4000
4700
3900
3800
3700
3700
3900
3800
3600
3900
3900
3600
6500
4000
3800
3700
4300
4200
4100
5500
4300
23500
4400
4200
4100
4200
4100
6700
4400
4800
4200
4300
4200
4400
4200
4700
4400
5800
4500
4600
5200
6900
4500
42800
7100
5100
4400
6200
5200
4600
4500
4600
5400
5100
8300
35600
3300
2900
3900
3700
2900
3000
3100
3900
2900
2700
2900
3400
2900
2900
3000
3100
2800
8500
6300
3500
3400
3500
3300
3100
3400
3600
3500
3100
3500
3500
3200
3500
4900
3200
3700
5000
3600
3800
3900
31200
3800
3500
3800
3900
3600
3700
3900
3700
3500
3900
4200
4200
3900
5000
22200
6700
4300
4000
4200
4100
4300
4000
4900
4300
5000
4800
4300
4300
4900
4600
4400
8400
4600
4500
6600
4400
4500
28800
4300
4500
4500
5600
5000
7100
4500
4500
4400
5100
5400
34700
3000
2800
4000
3500
2900
2800
2900
3700
5500
2800
3000
2700
2900
2800
2800
3100
2700
7900
3800
3600
3800
3300
3500
3500
3300
3600
3600
3400
3200
3600
3700
3300
4900
4400
4700
5600
4700
3600
4400
5300
6300
49700
4800
4700
3600
4700
4600
3700
4900
4900
7100
4400
4000
5100
21700
4300
4200
4200
4200
3900
4200
4000
5200
4200
7600
4500
4200
4400
5700
4300
4200
5600
4400
23100
4500
4600
4500
7300
4700
4400
4600
5300
4400
5400
5300
4800
4500
5500
4600
36700
3300
2800
6400
3600
2600
2800
2700
4300
2700
2900
3000
2700
2900
2700
2700
3000
2700
6800
3700
3500
3300
3400
3300
3100
6200
3800
3600
3300
4400
3400
3200
3300
3400
3100
3600
4800
3500
3700
3800
3600
3500
4000
3900
3600
3700
6600
4000
3500
3800
3900
4700
4200
3700
5000
21900
4000
4200
4200
4100
4200
4300
7000
4700
4100
5000
4800
4300
4200
4900
4200
4300
5800
4600
22300
7000
4500
4500
4600
4500
4400
4500
5300
4400
4300
4400
4600
4300
5100
4600
36200
3600
3200
4700
3300
3400
9200
2900
2600
2900
4000
3500
2900
2800
2800
2800
3800
3600
18400
13000
5600
99100
3600
7600
3400
3500
3500
3400
3200
3500
3600
3700
3200
6600
3700
3600
4700
3900
3800
3500
3800
3900
3800
3700
3800
3900
3600
3600
3900
3900
4300
3800
4000
6700
6200
4500
4200
4100
5900
4300
4200
5000
5200
5900
11100
4500
4500
4300
62500
6600
5900
5900
7000
4600
4500
4500
4400
4600
4700
4500
8200
4700
4800
4700
4700
41800
5700
4700
4700
4700
35700
8600
3000
3000
3300
2900
3100
9900
3200
3900
4300
3000
2600
3000
3000
2700
3700
3000
7600
3800
3400
7300
3600
3500
3200
85300
3400
3400
3500
3500
3600
3600
3300
3500
3400
3500
4600
5300
6700
3700
3800
4200
3800
3600
3800
4000
3700
3600
3800
4000
3800
3700
3800
4000
5700
4300
4000
6700
4500
4200
4200
4700
4100
4100
4100
4200
4300
4300
48700
13800
9300
4500
6700
4400
4400
6200
4400
4500
4600
4500
5300
4600
5000
4600
7200
40100
5300
4400
4500
4500
36500
3700
2700
2900
3000
2600
3000
12000
2900
3700
4000
2900
2500
3100
2900
2600
3600
3000
6800
3600
3300
3600
3500
3400
3100
3100
3200
6100
3600
3500
3600
3600
3300
3300
3500
3500
4500
4300
3900
91200
5700
6400
5600
6000
5800
33900
9900
13400
30200
8400
6200
6500
4000
3800
6200
4400
4300
4000
4300
6000
4200
8500
4300
4200
4000
4200
4200
4100
50200
4600
4300
4300
7200
8500
5100
4500
4400
4800
4600
4600
5100
4500
4400
4400
4400
39200
7800
4600
4500
4500
37100
3700
2800
2500
2900
2700
2900
9300
3200
3700
4300
3000
6900
2900
2900
2600
3800
2800
7600
3900
3500
3500
3500
3600
3400
3100
3300
3800
3700
3700
3400
3500
3600
6900
3600
134400
4800
4600
3800
23200
3800
4200
3900
4000
3700
3800
4000
6600
3800
3900
3800
4400
3900
3600
5300
4300
4200
4000
4100
4200
4200
4200
4200
4400
6900
4300
4800
4300
4200
4400
4300
4400
6800
4600
4400
4600
4500
4500
5600
5600
5900
5400
5400
6700
6000
42000
6600
5400
5400
6200
41100
3800
3100
2600
2900
2900
2700
10200
2600
3700
4100
2600
2800
2600
2700
2800
3600
2600
7600
6600
3700
3700
3300
3600
3500
3400
3200
3600
3600
3400
3600
3300
3600
3600
3600
3400
4700
4900
3800
26700
3800
4300
3600
3900
3900
4000
114200
3800
3900
4000
3900
4200
4000
5300
8100
4400
4900
4100
4200
4200
4100
4100
4200
4300
4200
4400
4200
4300
4800
7000
4300
4500
6500
4500
4300
4400
4600
4400
4500
9500
4700
4500
4500
7400
4800
4500
50800
5100
4700
4700
35900
3600
3200
2700
2900
5300
2700
9300
2600
3700
4100
2600
2900
2700
2800
2800
3700
2700
6700
3900
3700
3600
3400
3600
3400
6100
3200
3400
3800
3600
3800
3500
3300
3500
3700
3600
4500
4400
3900
23300
3900
4200
6500
4800
3600
3800
4000
4000
4000
3600
3700
5700
4000
3800
5000
4200
4100
4100
4200
4200
6800
4300
4300
4300
4400
4300
4300
4300
94100
4500
4300
4500
9400
4700
4500
4400
4700
4500
4400
5400
4500
4500
4500
4500
4600
4500
49700
4500
4500
4700
36500
3000
3200
2700
2800
3200
2800
2900
3600
3000
3000
3200
6200
9700
4500
2800
3000
3000
