1240600
60400
40300
6300
6300
37500
9000
12800
8600
8700
12500
9600
9300
9700
11700
10900
10500
11300
24700
114400
24900
254500
21700
19900
19900
18700
19600
203200
199200
20400
195700
206000
21400
19800
32600
21600
34200
165400
29000
26900
26500
406700
31000
26000
26700
255400
238600
27100
252200
28700
27200
27400
35000
27800
193500
152300
121400
216800
31700
31300
167700
58700
104600
194200
34200
33000
33700
34100
38900
34100
41800
41300
206700
43900
215100
39000
224100
39200
239500
39200
39100
38100
38200
39800
42700
40300
43500
41100
395600
43600
26700
41000
10100
9900
10500
10600
12400
12800
10900
11600
12300
12500
11900
15500
12800
13700
14900
13600
19900
72100
19100
79400
17700
17200
16700
17400
18500
53700
58100
19600
58000
66500
20200
21300
18600
16500
22200
65600
21500
18700
21100
69600
19000
28400
24700
73300
59800
21900
57500
26100
21200
23600
21900
22800
55800
44900
36600
56400
24000
25000
50500
27200
38800
65300
25800
25800
26100
27000
28700
26800
26100
28800
70600
31500
71000
30000
64700
11900
64400
11800
11700
11500
11200
11200
11400
11400
13000
11600
115000
11600
5400
18400
13700
3000
3200
3900
3800
3700
3200
4000
3800
3400
3200
4000
3600
9800
3900
3400
19500
15300
16000
5200
5100
28400
5200
5300
5400
5500
5300
5200
5800
5600
6400
45000
6000
6400
9700
28000
8300
7300
9600
54500
7500
7200
7500
38700
38300
7500
43400
7500
7400
7700
7700
7800
37200
26800
22700
41300
9000
11200
28500
11600
23100
79600
11100
10500
9700
11000
12400
10900
9400
12000
43100
13000
40600
11600
45800
11200
47800
10800
11400
11600
11100
11500
11300
11500
12300
11700
89500
11500
4500
13100
7400
3700
3400
3200
3600
3600
3000
3800
3700
3400
3500
3300
3500
12000
3700
3600
9600
9700
9600
5300
5100
23000
5200
5000
5000
7200
5400
5200
5600
5600
6100
33100
6000
6300
9100
15700
8400
38000
7900
14500
7100
10500
7600
20900
20900
7300
45100
26800
7300
8200
7300
7600
33600
23500
20700
38700
9400
9500
23400
10400
19100
37900
9300
9300
9400
9400
11200
9900
9200
14800
37600
12700
41800
11200
46900
11400
55100
11200
11800
11300
11400
11800
11500
11900
12600
11900
89700
11400
4900
8400
4400
2900
3500
3200
3700
3600
3100
3600
3700
3400
3300
3300
3200
12200
3900
3400
14500
8700
13400
5400
5100
15200
11200
11400
5200
5700
5400
13300
5800
5600
6200
15600
9900
6500
9100
16000
8400
31200
7200
10200
7100
10600
9400
24500
21000
7300
32800
22400
7600
7700
7500
7600
11300
31600
12200
12500
9900
78100
9500
9300
9300
32300
31800
9300
33700
13300
10500
10000
9400
9900
37100
13200
40300
11300
50000
11300
46200
11100
11600
11300
11200
12100
11600
11700
12800
11700
86500
11300
4400
7200
9600
3200
3100
3100
3800
3200
3400
3800
3500
6900
3300
3200
7100
22000
3900
3400
11300
11500
11700
5200
5000
13600
5400
5100
5000
5700
5200
5200
5700
9700
6300
15000
5900
6200
9000
22000
8800
55300
7400
25400
7400
22600
7600
24800
24300
7200
45400
31900
7300
7900
7300
7800
11400
38400
10600
22500
10200
59700
9300
13100
9500
36000
39700
9900
40100
15200
9900
11100
9900
9900
49000
26500
22000
45500
11300
11600
43300
12900
23300
53700
11300
11600
11600
11700
13800
11800
11500
14300
12500
12400
8400
11100
11600
11600
10100
17500
342400
23800
18500
17300
17100
17100
17100
17000
21500
18100
20100
19100
20600
19700
18900
18700
23100
19000
136600
128300
19600
20400
23700
20200
19800
19900
20300
19300
49800
21600
21000
21800
21300
21900
22200
21500
23000
21900
22400
23200
22200
22800
23400
22500
153800
23200
38600
129900
22800
22700
22600
22700
22700
22600
22600
117000
15100
16700
69000
14700
14200
115500
13700
13900
167100
17700
22700
11000
13500
22200
23900
34800
11900
11500
25600
30100
11800
11300
11900
11800
30900
12900
12300
8800
17600
9700
7700
7700
7700
7600
7900
7700
7800
7400
8200
7900
62200
62500
8100
7900
10700
9800
10000
10500
9700
9900
11300
9400
40700
46400
10500
9500
10200
10900
10500
9800
10800
9800
25400
13500
11600
12000
13800
12700
17000
12400
12100
11700
12700
11900
11900
12200
11900
12300
51400
12000
19900
31100
12800
13300
13100
13300
12900
13200
13400
53900
13300
13100
51100
13100
13300
84700
13500
13500
233200
26700
33700
19400
32700
44900
38600
74000
17400
16400
51400
32300
22800
16800
24700
17900
47200
24700
29500
21800
14300
13500
12900
13100
12500
13400
14000
135300
22000
14300
15500
28600
17700
15100
17000
14300
19800
17800
18500
21400
17200
16400
17100
18100
168100
19200
17200
16400
19000
17000
16400
16100
17000
16500
43600
19900
23000
20100
25900
21300
20800
19600
19800
19900
19400
22100
22700
23000
24400
22300
109000
28400
133400
63200
181800
22400
17800
13600
13300
13600
13600
68000
13900
13200
51200
13100
17400
85100
13700
13700
149700
11400
17500
11100
13300
20900
22300
34900
13700
11500
23600
30600
14800
11100
11600
11800
27600
11500
13700
8100
8000
7500
7100
7500
51500
7500
7200
8100
12300
7300
8900
7600
7600
7400
10000
7900
11200
22900
10200
10300
9400
9300
9500
10100
85500
11000
10200
9500
9700
10500
9300
9500
10700
9600
12300
11900
12500
17000
11400
11500
14300
11700
42400
44500
12900
12000
11700
12900
17100
11900
12900
12000
19500
34900
13900
13000
12600
13000
13500
13000
13200
57500
13800
13200
53900
15000
13500
91800
18800
13500
134900
13200
17800
11000
13000
22100
22000
35100
11500
16400
23500
18500
12400
14000
12500
11600
27900
11900
14100
8300
8400
20400
18200
14600
23600
27200
14800
96600
26900
8200
22600
8300
8000
8200
10400
7600
21200
15700
87200
21700
18600
45300
201200
33800
180000
20900
19500
18100
18700
19100
17900
17900
18600
19100
22600
21400
28400
23000
21900
21400
24200
22500
87500
87400
24400
22000
21400
28700
25900
22000
23300
22200
52600
23200
52900
23500
23300
25700
30600
23600
103100
23400
23500
23700
23900
106600
23800
23500
111500
25600
320200
19900
30000
19200
24000
36900
39900
62700
20700
20800
44500
34100
20900
19000
21200
19800
50700
22200
19000
15800
17000
14000
15000
15200
14300
60400
14000
73500
14200
14100
15700
14800
14500
14900
93800
15100
19300
85000
18100
19800
15100
14100
13900
22600
174300
16100
14800
14500
14400
105400
14500
14900
15000
14700
17500
16100
15500
16600
15600
15800
17500
17700
146000
82000
17400
16300
16200
17700
17400
16300
17000
16600
108200
16600
17000
15900
15900
16700
16800
15200
14900
15700
16100
84600
16100
15600
75300
15900
110400
16600
248800
23300
9900
9400
32000
10000
9500
10100
10100
29000
8600
9800
26900
10100
9600
42700
10000
10500
17600
12400
12300
13000
71400
12400
12400
12300
13600
12800
12600
12900
13500
14500
13500
18100
13700
12800
14900
14100
13700
15300
14100
14600
12800
14300
14200
62500
13800
14400
14600
14400
14000
20500
14700
15900
17200
19400
15400
16400
16500
16000
17100
15700
100600
21100
16300
17400
17500
16200
16200
16300
16300
16800
18500
17800
16100
15800
23200
15900
97900
18200
70400
14100
21300
17600
14100
14300
22500
14200
14000
14200
221800
10000
24200
9200
8800
11800
9100
10500
9300
9000
10600
16400
9500
9100
11200
9500
9200
9600
16300
10600
12000
10400
10100
11700
10600
10500
10500
11000
10800
65300
18800
12700
11800
30100
17900
12800
13800
15900
12200
13300
12100
14100
12400
11800
14300
68900
14200
13400
20900
13900
12700
14000
12600
13400
15700
15100
13900
13700
14800
15600
16200
15600
104400
16000
15900
16800
19000
15200
16300
16100
16300
16400
18500
16500
15100
19100
16600
16800
87400
15000
73200
14900
14700
23300
15300
15600
15900
16200
15700
15000
222600
10900
23800
9100
9000
8500
17800
10200
9900
9000
9200
9300
9900
9600
11700
9900
9500
10100
16500
10400
52000
10700
10800
11400
10700
16600
10800
10400
10500
10700
10800
10600
10800
11500
10700
14300
12700
12300
12600
13300
65700
12100
19000
12000
12200
12200
12100
12100
137000
17300
15700
21800
13200
8500
10400
8900
8800
12800
8500
15500
9200
8600
55000
8600
8500
10900
9200
9200
8600
8500
8500
9000
14800
8500
8400
8400
10100
11900
43900
7900
38100
12000
8000
9100
7900
18400
8900
8700
8800
8900
121700
5400
14600
8900
4800
4700
4900
5700
5100
5100
4900
5000
4700
5100
6000
5200
5100
5100
9600
6600
6100
6000
6600
6600
10500
5900
6100
6200
6000
6000
6800
6300
6000
43800
8000
6700
7600
7100
9800
8300
42400
7300
8000
7500
7300
7300
7400
8300
7000
6900
7600
7200
7800
7100
8200
7700
7400
13500
7700
8200
7700
7700
7600
31600
7900
7900
8000
8000
7800
9200
12900
8800
9600
7900
7800
11500
9100
8600
44000
7800
41400
8800
9400
10700
9100
9000
18600
9800
9700
9800
133200
5800
16600
4800
10000
5000
8000
6100
7500
6700
8600
7900
7800
9700
9300
8600
8000
5300
10500
6300
6600
10600
6000
7600
7500
178100
6900
6400
6400
6200
6400
6300
6400
6500
6600
7200
7100
6900
7500
14200
37900
6800
7000
6900
6900
6800
6900
7000
7500
7100
7600
7200
7700
7200
8100
7800
12200
8900
7600
8600
7800
7800
7700
32900
7700
8000
7900
7900
7900
13000
8200
8400
9500
8600
7700
8500
8000
16800
12600
8100
73800
8200
7900
8500
8900
131200
8300
20400
8700
8900
128400
5800
14000
6700
4600
6100
5100
6500
4900
5300
5300
5000
5000
5200
6200
5200
4900
5300
14900
6000
6000
6200
6000
6800
6100
6100
7900
6200
6200
6100
7300
6300
34100
6200
6300
6500
7000
10600
7100
8100
35300
6800
7000
7000
6500
6800
6900
6800
6700
7000
7400
9200
8900
7100
13000
7800
7500
8600
7700
8500
9200
7700
7700
52000
9200
9000
8600
12800
8500
10600
8900
9000
9600
12400
7800
7500
9300
8100
10100
9800
129500
7900
7900
9000
8700
7900
8000
7900
9700
8200
117500
8900
9000
4800
6800
5600
14300
5000
12800
5000
5000
6200
4800
5300
5300
4900
5300
5200
10200
5800
6000
6300
8100
6100
5900
5900
6000
6500
6200
5900
6500
7800
6100
6000
6400
6400
23800
6800
6900
6800
6600
6800
7000
6800
6900
6900
6900
8900
9100
7600
7100
7200
7100
7500
13100
8100
7500
8500
7800
7600
7700
7700
7700
37800
7700
7700
7800
7800
7700
7800
7900
7800
9200
7800
8600
7700
7600
8300
7800
8500
20600
12800
8400
9300
8200
9000
8400
9600
9900
44700
108900
5300
9100
4800
5200
5000
6300
4800
5100
6000
5400
16600
6300
5400
6000
5500
5300
5500
11500
6400
7100
6500
11400
6400
6700
6800
6200
9000
7100
8700
6900
6500
6900
6800
6700
6900
21800
7400
6900
7300
7200
7000
11800
7700
7300
9100
7500
7400
7300
8700
7600
7600
7600
8200
9900
8400
8100
8600
8100
12400
9100
8300
8200
117300
8500
8100
8300
8300
8300
9900
8400
8500
14300
8900
9100
8200
8000
8800
10600
9600
9100
8400
8400
8500
8200
8800
8100
9300
8600
47500
119300
5300
5100
5300
5300
5300
6000
5500
5600
6500
9600
15700
6300
5100
6000
5300
5400
6000
9900
6500
18500
6600
6400
6500
6700
6300
6500
6800
11300
6600
6600
6700
6600
6600
7400
6900
7700
7100
7200
8100
7800
7000
7100
7400
7500
8400
7500
7100
7700
12000
7500
7500
7900
7800
9500
8700
8100
8400
8000
8000
9400
8300
8500
44700
8400
8900
8500
8300
8500
8400
8500
8500
9500
8200
9000
12400
8200
8900
8200
8900
8400
8200
8300
8200
8200
8800
8200
9700
9100
49500
106300
5400
4900
5000
4800
5000
5800
5100
5000
5900
5200
16300
7900
5300
7200
6300
6500
5400
11400
7800
9200
6300
7600
8500
7100
7600
7600
8000
6800
6600
8400
7900
6500
7800
11300
6700
7700
7100
7100
7700
7300
7000
7300
39200
7600
8200
9000
7200
7400
7600
7200
7600
12400
7800
21700
8100
8000
8700
8100
8000
8100
8300
8300
7900
8200
8200
8400
9000
8300
9000
8400
9000
9600
8100
8700
8700
9100
8900
8300
13300
8400
8100
8300
8700
8300
9200
8500
9100
8500
45000
108600
5400
5100
4700
5200
5000
6100
4900
5300
5800
5200
16300
6100
5300
5900
5100
5200
5500
10700
43900
7100
6500
6500
6300
6300
6700
6700
7000
7000
6800
6700
6700
6900
6900
6700
9700
7600
7200
11900
7800
7400
7000
7200
7600
7900
8500
7300
7300
13200
7600
7300
7700
8100
7900
36900
12400
8200
8400
8000
8100
8400
8800
8400
8400
8300
8400
8500
9100
8400
8600
8500
13300
10200
47600
8600
10400
8200
8200
8400
8600
8400
40100
12700
8500
8500
8500
8500
8500
8500
8300
108900
6300
5100
4800
5000
5200
5900
9800
5100
5900
5200
16000
6400
5100
6800
5400
5400
5300
9900
6600
6400
6300
6500
6400
6400
6400
6400
11400
7100
6600
6700
6800
6700
6600
6800
7700
7600
7000
7500
8100
7800
7200
7200
7400
9600
8400
7500
7200
11500
7700
7500
7300
8300
7800
38400
8100
8100
8200
8000
8100
8900
46400
10100
8600
8300
58100
9000
10500
8300
8400
8400
9400
10500
9100
12300
8900
8400
8900
8300
8500
8300
43800
8300
8100
8200
8700
8300
8100
12900
8300
112600
5400
6300
5100
4800
5800
5300
6000
5300
5200
5100
5400
5000
6400
5200
10700
5300
15900
10900
6700
6200
8400
6600
6500
6200
6700
6800
6400
6800
6500
6400
27200
11300
7000
6700
6800
7700
7300
7200
7100
7300
7300
7400
7100
8600
7300
7400
7100
7500
8000
7700
7700
7300
11800
9900
8100
8100
8500
8000
8100
7900
8000
8900
8100
8300
8100
8000
8200
8200
14100
8500
8500
11400
9200
8100
8800
8300
8200
8700
52200
8400
58200
8100
9900
9100
8300
9100
8500
8600
8500
101700
9800
5200
5400
5000
5900
7700
16000
5500
5200
5200
6000
6300
5500
5200
6800
5300
6600
9500
6800
11000
32800
6300
6500
8100
6600
7200
6700
6700
6500
6800
6600
6400
6800
6700
7000
7700
7100
7000
7200
7300
11800
7000
7400
7800
7200
7000
7300
7400
8500
7200
7500
9100
7700
8900
7800
7900
8100
7800
8000
12400
8100
8500
8000
8200
8200
8100
8100
8100
8400
8500
8400
9400
9500
8200
12200
8200
8100
8900
65900
8400
54000
8300
9300
9000
13100
8900
9500
8600
8400
113400
6300
6100
5800
6000
6900
7100
18800
5400
5400
4900
10400
6100
5400
5300
6500
5300
6200
10100
7000
6400
6400
6300
6600
6300
6500
6600
6300
6900
6800
12600
6500
6800
6900
6400
6800
7500
8600
7200
7300
7600
7300
7200
7100
7900
7500
7700
7500
9400
7500
8800
11700
7500
9600
9100
8100
8000
8000
10200
8200
8100
7800
10500
10200
8400
8600
8400
11200
8300
8300
8300
10000
12300
12200
9200
9200
9200
9400
9700
54400
12700
140700
8500
10100
10500
10400
9200
10300
10500
8600
106700
5700
4800
5100
4900
6100
6000
45800
5300
5100
5100
5900
6000
5400
5300
6400
5500
6300
10300
10900
6500
6500
6100
6400
6400
6200
6500
6700
6700
6400
7300
6700
6600
6800
6700
7000
7700
7800
7200
7300
11200
7400
7400
7400
7900
7300
7800
7500
7500
7600
7200
7600
7700
7500
8700
7900
9200
8500
8100
12300
8100
8300
8700
8100
8200
8300
8500
8800
8400
8400
8500
8400
9400
8600
12300
8200
8100
8100
9000
50400
8300
50500
8300
37100
13500
8400
9100
8500
8500
13700
104300
5300
5200
5000
5700
5900
5900
13300
4900
9500
5300
5900
6100
5400
5100
6800
5300
6100
9300
6800
7000
6500
6300
6600
6400
6300
6400
6500
11400
6700
6900
9600
11000
10900
9800
7400
9600
9300
6900
7200
7400
7300
7000
7400
7900
7600
7900
7300
7100
50100
7700
7300
7400
125400
8800
8100
7900
8600
8000
8200
8100
8200
8700
13300
8300
8300
8200
8900
9700
8300
8400
9000
9300
27700
8300
8200
8200
8300
12400
8300
8900
8100
8400
8300
8600
8500
8400
8700
46300
8700
108400
5500
4800
5200
5000
6100
6000
12600
32100
5500
4900
6000
6100
5400
5400
6500
5500
11100
10000
7000
6400
6700
6500
6300
6500
6500
6500
6400
7000
6800
6800
6400
6700
6900
8200
6900
7700
7100
12300
7500
40900
7400
7400
7400
7700
7200
7500
8100
7400
7600
7100
7400
7700
9500
8600
8000
8000
12400
8200
8000
8200
8300
8900
7900
8300
30100
41300
9000
8400
8500
13000
8600
9200
8000
7900
8100
8100
9200
8200
8200
8800
8300
8400
8200
8200
12700
8500
8400
8300
8300
104800
6000
5200
5300
5000
5100
5900
19600
5000
18300
5500
6800
6100
5300
6300
5500
5400
6000
11200
6700
6700
6500
6300
6500
10900
7000
6400
6600
6600
6400
6700
7300
6700
6700
7200
6800
8000
7200
7200
29500
7300
7200
7300
11600
7200
7700
7600
7400
7700
7300
7700
7600
8200
7500
8900
10000
8100
8500
40300
8400
8100
12400
11000
8200
8200
8200
8200
9600
8300
8500
9100
8600
9800
8300
8200
12600
9400
8300
8200
11900
8400
8300
8400
130100
46700
8700
9200
13300
8700
8500
109000
5200
5200
5100
5300
5600
5300
5400
5300
5000
9900
5200
5400
5700
5000
6500
5500
5600
10300
6500
6800
7100
6700
6500
6400
6500
6400
8000
6700
6800
6300
6400
11300
7100
6500
6700
8000
7000
7300
28200
7100
7300
7100
7000
7300
7700
7300
7100
7500
8000
11700
7500
8000
7600
8700
8200
8500
8400
8000
7900
8000
8000
8200
8200
8200
8200
12500
9400
8100
8300
9100
8400
11000
8100
39300
8300
9200
8200
8000
13500
8400
8300
8400
47800
8300
8400
9300
8900
8500
8400
106300
5500
4800
5100
5000
5000
5300
5100
5100
29500
6400
5300
5000
5300
5200
6300
5600
5200
10100
6900
6700
6400
6700
8200
28400
8100
7800
6400
7900
9100
8200
6600
7700
8000
7900
6600
8500
7200
8400
8600
7600
8600
11900
8000
7400
7200
8500
7700
7400
7200
7400
7500
8000
7300
9000
8100
9500
8600
7900
8000
12300
8100
8100
8100
8100
8700
8200
9500
8200
8200
8900
8500
9600
8000
12500
8300
9300
8300
8000
9000
8200
8300
8300
131700
8500
8400
13900
10700
8500
8200
102300
5000
4900
4800
5000
5300
4900
5200
5200
4900
5200
5100
5200
5400
5000
10500
5500
5500
10600
6900
9300
6900
6800
6400
6500
6600
6600
6400
6700
6900
6700
32200
7000
7000
8700
6700
12600
7300
7300
7300
7100
7300
7600
8000
7500
7400
7400
7600
7400
7200
7700
7700
8100
7700
8400
12400
8100
31200
8100
8100
8100
8300
8200
8700
8200
8600
8500
8300
8400
13100
9200
8400
9800
8300
8400
8300
9000
9700
8200
9000
8200
8200
8200
65000
8500
8500
8800
9000
8500
8400
104500
6300
4900
5300
4900
10000
5300
5100
5100
5000
5000
5400
5000
5300
5200
6200
5200
5200
9800
8300
7400
40500
7000
6700
6600
6300
6600
11200
6600
6800
6700
58800
6900
7000
6900
6600
7500
7300
7300
7200
7700
7400
7400
8000
12100
7300
7400
7600
7300
33700
7600
7600
8100
7700
8500
8000
8000
30600
8100
8100
12500
8300
8200
8800
8600
8200
8100
8400
10700
8700
9000
8300
9100
9000
8100
13800
8400
8100
8100
8200
8200
8400
8200
8200
8100
10300
8500
8300
9200
12700
104000
5000
5100
4800
5700
5100
5000
6000
5400
5100
5200
5100
5200
5100
5500
6100
5300
5100
8900
11000
6700
6500
6500
6600
6500
6500
6300
6600
6600
6600
6600
6800
6600
6800
6700
6800
7600
7500
6900
7200
37000
7700
7100
7900
7300
7400
7200
7500
7600
7500
7200
7400
8100
7500
8300
8100
8100
33600
8100
8000
8200
8000
8100
8800
8300
8700
8400
9300
8400
8400
9000
8500
13300
8800
8100
8800
8300
8300
12700
11600
10900
11100
13000
12900
13000
15600
13500
14700
9400
9800
99700
4700
4900
4900
6100
4900
4600
5700
4900
4700
4800
13700
10300
4800
5600
6100
5100
5100
11200
7700
5800
6000
34700
10100
8100
8300
36700
6200
6500
5800
6200
24100
6600
11900
6800
7300
7900
7600
7300
7100
7700
7700
7300
7700
8200
11100
7000
6900
7300
7400
7000
7500
7200
7200
8200
7700
7500
21500
25100
8000
11700
7900
71000
7600
8500
8400
7800
7700
8300
7700
7800
10100
13200
7700
7900
8100
7700
8500
7700
8400
7600
7900
7900
7700
33400
8000
11900
7900
84600
7900
95400
4800
5800
5000
4900
6000
5600
15200
4800
10600
5000
13400
6000
6100
6100
5900
5200
6000
9900
6300
6400
15600
32400
5900
6100
6400
6300
5900
6300
6300
6300
106400
6500
6100
6300
7700
7400
10700
6800
6400
7000
6700
6700
7200
6800
6500
6800
7000
7200
13200
7100
7400
7100
7100
7900
11300
7700
20700
7700
7500
7500
8200
26700
7600
10300
8200
7800
7600
10700
7600
9000
9500
18700
8600
30600
9000
8700
10200
9900
9300
8500
12800
7700
7600
9200
7800
7800
7800
113600
7800
100400
4800
5500
4900
5000
4600
7100
10900
4700
20900
5200
13900
5900
5900
6000
10100
5200
5900
10100
6500
6100
5800
6000
6000
5700
6200
6300
6100
6400
6200
6100
6200
6300
8000
6400
10600
7100
6700
6500
6600
34100
42900
8400
7600
28500
6800
7300
7000
6900
11100
6800
7100
7100
7700
8400
7500
7400
20700
7500
8000
7600
7400
31100
7700
8100
8100
40200
7700
8500
7800
7900
8400
8700
7400
7600
7600
13000
8400
7600
8600
7500
7700
7800
7700
8700
7800
7900
7800
154200
7800
107200
5500
6900
4600
4800
4600
5600
14700
4900
19600
5200
17500
6400
6200
6300
6300
5400
6100
9800
6700
6500
6800
6500
7800
6700
6500
6700
11000
7100
6800
6500
19700
7400
6800
6500
7200
21100
29900
7100
7100
65500
12200
8900
8100
30900
7200
7700
7600
7500
7700
7200
7100
7100
7700
8200
7500
7600
11800
45700
18200
15600
11800
7900
7800
7600
7800
10600
7800
8400
8500
8000
13000
10700
7700
7800
7700
20500
9800
9000
9300
8100
8400
8200
17100
14700
8400
8500
8400
95600
9000
102400
5400
6500
5000
10500
5300
6100
13000
5400
11300
6900
13400
6700
6300
7000
9600
9300
6100
9900
11900
6500
26500
125400
6500
6500
6600
6800
6600
6800
6800
6400
6600
6700
6700
8000
6900
7500
12300
7200
6900
35800
7700
7200
7700
66000
8500
8000
7200
7300
26200
7600
7400
7500
8800
8700
8100
8300
8000
8600
48100
25900
29000
34100
47400
18500
24000
15700
18100
15900
13700
11600
14500
16400
11300
71800
57700
8500
15100
8200
8100
29200
8000
9500
9000
8200
8100
9400
8200
8700
13700
104000
5400
8600
5000
5100
5000
5700
12500
14200
11000
5400
14000
6400
10300
6200
6200
5300
5900
9900
7500
6500
6400
6200
6200
6300
6900
6600
6200
6700
6600
6600
11200
6300
6500
6600
6600
7500
6800
6900
7000
49200
15800
33200
10900
35400
7200
7700
7200
117300
7500
7200
7000
7300
8000
8900
28700
12200
7800
8500
8100
7800
8600
10600
8400
8200
17900
8800
8400
8100
9000
12500
8500
9200
8100
8000
21400
7900
8200
7900
7800
28400
7900
13900
8700
8100
7900
9100
7900
8100
8900
99600
4900
4900
5100
4800
10000
5100
6100
4800
5200
5800
5000
7800
5300
5400
5000
20100
5300
17100
11500
10200
10400
10500
10800
10900
10000
10400
10800
10300
11000
10500
10700
54800
12900
11100
12400
13400
19500
12700
12600
12800
12300
11800
12400
12000
11700
11600
11800
12200
13300
12500
11900
12900
12600
14400
14300
17000
14900
37200
14700
15400
15200
15500
14500
15000
15800
15000
14700
14900
18400
15900
20000
16000
13200
13300
16100
13800
13100
13500
13300
13600
13500
14700
14600
38000
20500
16000
13800
13700
14800
198900
11500
9600
9400
9400
12100
9100
8300
9400
8800
8900
17200
10600
9200
10500
8800
9500
9900
16600
10700
11100
11100
53700
11400
11100
11700
11400
10600
11000
10900
13600
10800
16400
11200
11200
11100
13600
12000
11900
11700
12200
12000
11700
11800
12100
12100
11700
12100
12200
12800
50500
12100
19900
12700
14400
13800
15600
13300
13000
13000
13200
13400
13200
13200
13300
13900
13500
51600
16100
17000
18200
14500
16500
13600
38800
15300
14200
14200
14300
14300
21400
15100
14200
14400
14200
14900
16800
14700
14800
15900
225100
9300
8800
14800
9200
9100
9200
8900
9600
23500
9900
9500
14000
9300
10600
9100
9700
9700
16800
11300
11300
11500
11200
11400
12700
17600
11900
11400
11900
11700
11400
11600
11800
11800
11600
12200
13300
13100
12400
12400
13100
44300
13800
14500
13200
18200
13200
13000
13000
12900
13000
13000
13400
14100
15700
15500
14500
14400
14400
14500
14700
14500
19400
14800
16700
15300
40600
16800
14900
16300
15800
15200
16800
14100
14100
20000
14500
14400
12800
13800
13900
13500
13600
15000
13600
13700
16000
13700
14100
14900
199300
10200
8400
8700
8600
9300
8400
8500
8900
8600
8700
9000
10400
8700
10600
8500
9300
9400
14900
18900
10700
9500
9500
11000
10600
11700
11200
11100
11300
11300
10900
27800
11800
11700
11300
11600
12600
12900
12100
19000
12800
12700
12300
12000
12100
12800
12500
12300
11600
12200
12400
12400
12600
13400
14600
13200
13100
18800
47300
13900
13700
14400
13700
13900
13800
13800
13900
15300
14200
14200
14900
16800
22400
13800
13700
15300
13900
13800
14300
13500
13700
14200
13800
14000
67600
16100
23700
15000
15200
18600
194800
9300
8900
9000
9300
8900
8900
8900
9300
8900
9300
9100
16800
9200
10800
9000
8100
8000
13600
12400
13200
28800
10900
10800
10700
10900
11000
11100
11200
11300
10900
11500
11100
11000
16700
12900
12700
13100
13000
12000
12700
12800
12500
12500
12500
17400
17900
12000
12300
39900
13600
13100
13800
14700
15800
16500
13500
13300
13800
13900
13500
13900
19800
14000
13900
14000
13800
14900
16100
42600
44600
41300
33600
14400
60400
14200
19800
13700
13800
13800
13800
13600
13900
15400
14000
14300
14100
16100
15400
14500
209400
10800
8500
9400
9100
8900
8600
8900
9400
34500
26500
11200
11300
9100
10500
9100
9500
9500
16300
19300
11400
10400
10800
12300
12300
11800
10000
10600
12100
12000
10900
11800
11100
11800
12100
11900
13200
12600
11900
15200
40600
13100
12800
12300
12300
13000
12300
12900
13700
13800
13400
13400
13600
15200
15600
14800
14600
14600
19900
15100
14800
14900
14800
17400
13800
14100
71700
16400
15500
16200
15200
15500
21600
16000
14600
14000
14500
23700
14800
15000
14700
15000
14900
17700
14900
15400
14900
21200
16700
15000
215000
8500
9000
10100
9000
8800
9100
11100
8800
9300
9400
9100
9600
9200
16700
9700
9400
10600
17200
11400
11000
11400
11900
11100
11800
12200
11900
12000
14800
13700
13600
12900
33200
12800
12500
12700
14600
14000
13700
13700
14000
14000
12900
15200
14800
16000
14800
18900
13600
13700
14300
14200
16700
14400
16300
15600
15200
14500
27300
15400
14900
14700
15000
15200
20400
17100
14000
15000
15700
15600
15500
15600
17600
15100
17200
60100
19700
15000
15200
16400
14900
15300
14800
15500
27600
17000
15500
16700
17500
22900
209200
11400
9000
9000
9400
9000
9200
9200
9100
9400
9400
9000
9100
9700
10500
9200
26500
15400
16600
17000
10100
10400
36100
10700
10000
10300
10300
10600
10600
10400
10800
9900
10500
10400
10100
11300
12600
18000
11300
23700
13600
12700
12200
12500
11900
15100
11700
12100
11700
11800
35300
13300
13200
14000
16800
20600
16900
15000
14600
15000
15300
15200
14700
14700
14500
15000
16000
15100
14600
14600
18700
14900
16800
13700
25400
238100
16400
10900
8800
9900
12100
9200
14100
8900
8700
9500
8600
12600
21400
8600
104000
5200
5100
4700
4900
7600
4700
15600
5400
4900
35300
5800
5000
9000
5200
5100
18800
5400
15300
6600
6000
6100
6100
6200
5700
6000
9100
6000
6100
6100
6700
8300
6600
6400
6400
6400
7700
6800
7200
7200
6700
21100
7400
7000
7200
10100
7100
7200
7300
7200
6900
7400
7200
7000
8800
8600
7800
7800
9400
7800
7700
11900
7900
7900
7700
8500
20200
8100
7900
7900
8200
9900
22300
8300
8100
77300
7900
18600
9700
9200
8500
9000
9000
7800
8000
10200
9500
8900
11200
7900
96500
5000
4900
4500
4700
4800
4500
4800
5000
4500
4800
4900
4800
5000
5200
4800
16700
7400
10500
6300
5700
5900
6000
5800
5900
6000
6100
6500
6400
6000
6300
6100
43500
6400
6200
10100
10700
6400
6900
7100
7100
6800
7000
7300
7700
7800
6700
7300
7200
7100
9300
7600
12200
7700
11700
12400
7600
7500
21500
7800
7500
8200
7600
8100
7900
7900
9200
7800
10600
8000
7900
7800
11000
7800
7700
27700
9300
7600
7700
8300
10300
8600
7700
7700
29400
9500
9600
17600
10300
8600
105800
5000
7500
4900
4900
5000
4900
4500
4800
4800
4600
5000
4800
4800
4800
4900
17700
4700
24100
7400
6500
15900
6500
29200
8200
6700
6700
6900
6500
6500
7100
6800
6800
6900
8800
7200
8100
9200
7800
7800
10000
7100
7600
7800
7600
7900
7400
7600
8300
7700
45800
7900
9000
9700
9100
8700
10200
14100
9000
8300
8200
8900
8300
9700
8400
8500
8400
8400
8400
8600
8800
11400
11000
8500
25100
8500
9600
8400
8100
8100
8600
8400
8200
10300
8600
14200
8700
8400
10200
8600
103500
5400
5000
5100
5200
5000
5000
5000
4900
15200
5400
5000
8100
5500
5300
5300
40500
5600
10800
6600
6500
6400
6200
6500
6400
6100
6400
6600
6300
6200
6900
6800
6700
6800
6900
6800
7800
8700
7400
7600
7000
41000
7900
7400
7600
7800
7400
7600
7900
7300
7600
10400
7500
7500
8900
8500
9900
8400
8900
8400
8000
8600
8300
8800
8400
17200
38900
8700
8900
61100
8700
8500
9400
9700
8400
8200
8200
8200
11300
8400
8300
8200
8300
9300
9800
8400
8400
8400
10000
8600
104300
7700
5100
11400
5500
6200
6200
8900
5300
9900
5100
6400
8100
7000
6500
7100
7200
6300
13200
6300
6400
6500
6900
6500
6400
6500
6100
6400
6500
6500
6600
6700
19200
7200
6600
6900
31900
7400
7100
7600
7300
7700
7200
7900
7000
9200
7600
7400
7300
7400
7700
7400
9400
7600
12900
8200
8800
8400
8300
46400
9200
8900
8300
41000
7800
8300
53100
7900
10300
8200
7800
8400
10400
8500
8100
7900
9500
11300
8500
7800
7700
7800
7900
7900
8000
41600
8300
8000
7900
8000
101400
6200
5700
5600
5600
5000
5300
5000
4900
5100
4800
5200
5100
5000
5000
4900
5000
5200
9900
5900
8700
6400
16400
6000
5900
6200
6000
6000
6000
6100
6200
6100
6100
6300
6200
6000
25200
6700
9200
8600
6600
7000
6700
7100
6800
6700
6800
7400
7000
6800
16900
7200
6900
6800
8900
7300
7300
10000
7400
9800
8000
7800
7500
32000
7700
8800
118700
10300
8400
8100
7800
8400
9500
8200
7500
31600
7800
8600
8100
7600
8000
7800
7800
7700
7800
8600
7900
8000
7700
8000
95200
5500
8100
5500
5700
4700
4900
5000
4600
5000
21100
5000
5100
4900
5000
5100
4900
5000
11000
6100
7700
6500
6100
8900
5900
6200
6300
6300
6100
5800
6200
6200
6200
6100
6400
6400
7200
6800
6400
7200
7400
21300
6900
26900
6800
6600
7100
7000
8700
7000
7100
7400
7200
6900
9000
9200
7700
7500
7400
10600
8000
8200
7700
31400
7800
7800
55800
8100
8600
10500
7800
8300
8900
9400
7600
8000
8800
8500
8500
7800
9700
7900
15600
8000
8100
8800
8000
7800
7700
7900
99500
5600
5500
5700
8000
5000
4700
5000
4800
4800
4900
4800
5000
5300
4900
5100
5100
4800
10500
7900
6100
6600
31000
7500
8800
6300
6400
6100
6100
6100
6200
6100
63800
6500
6000
6400
7200
6900
6900
6500
7300
9500
6800
6800
6700
6600
6900
6800
7000
6900
6900
7300
7200
7100
24900
7500
7500
11300
17900
9600
7500
9000
8000
11000
10100
12000
11900
12500
14900
11900
8900
7900
14500
8600
7800
7600
9200
8700
8400
7900
7700
7700
7800
7800
18400
11800
8200
8000
7800
8100
97100
5600
5700
5400
5500
5000
4800
4700
7800
4700
5000
5300
4700
5000
5100
4900
5100
5100
10000
6000
6100
6500
34000
6200
6100
6300
6000
6400
5900
6100
9400
6300
6100
6300
6300
6400
7100
6800
6700
6700
9000
6900
6500
6700
6800
6700
6600
6700
6900
7000
30000
10100
7100
7000
25800
7500
8100
8100
7700
8400
7700
8700
11300
7800
10300
7800
7800
7800
7800
7700
9700
9900
9800
7900
18500
8200
7900
10200
11900
10000
7900
32700
7900
7900
120000
8200
8800
11900
8100
8600
111800
6400
6600
8000
6800
4700
4800
4800
4800
5000
31500
5100
8100
5000
5000
5100
4800
5600
9500
6600
5800
6300
6300
6100
5800
6100
6100
6300
6000
5900
6300
6200
6000
6200
7800
7400
8100
7600
6600
7600
8100
27000
7700
6600
9500
7900
7700
6600
8000
8000
7800
8200
7000
8000
29000
7600
7500
8000
7500
8100
7500
8200
7600
7600
7500
8500
24200
10500
7800
7700
7800
7700
9300
7600
7500
7500
7500
7900
8300
8300
10100
32700
7700
7700
44900
7700
8600
7800
7700
8400
97500
5800
4600
4900
4700
5900
5600
5000
4700
5100
5000
6800
5100
5800
5100
5400
4700
7700
