63600
26100
9300
1109600
19600
15700
7400
12000
8200
55200
57900
11100
11100
11700
11100
64500
11100
11900
119100
14500
13700
50900
15400
14600
14400
49100
14700
14500
17000
130200
26600
38000
20400
21900
22200
23300
63400
26000
161700
191200
173100
27000
25000
28500
29100
316300
235400
33200
29000
259100
27600
28900
28100
28200
221000
230500
264600
235900
242900
60900
245300
244000
35100
32200
34800
35800
34900
35300
35400
36300
34800
41200
231500
41400
39300
41900
38200
287900
294500
44800
39200
73300
40400
44800
40600
40900
43700
45000
40900
44000
45000
14100
66500
10400
21000
10100
11000
11100
11100
11000
11900
11100
18100
37100
15400
14600
17000
18900
75300
17700
17500
43200
19700
19800
18600
34100
18900
18500
18900
67900
20200
22100
20400
20100
20500
22000
40000
31000
94200
91400
136600
30800
26900
28500
26100
192400
117600
12200
13100
117900
11800
12500
12700
15200
122900
130600
131300
155000
141400
34200
151800
165700
15400
14100
14800
16600
14900
14400
14100
14600
14600
15000
187800
20500
17800
17000
21000
354000
166900
24900
19400
39000
17800
17100
24100
17500
20900
19600
18600
19700
18500
6900
10600
4900
4900
5000
10700
150800
6800
4600
7400
4500
4200
3900
4300
4100
3600
3500
47400
8300
5600
47400
10200
5900
5500
6400
5900
19400
13400
6700
6100
6100
6600
21900
6200
16800
14600
12100
34900
32600
30200
7800
7200
8100
7600
54200
44800
7700
7400
50300
7400
7500
7500
7600
40600
55400
49100
57400
55600
15900
51200
60300
9800
9100
11200
10800
9700
9700
9400
9800
9600
9700
59600
12700
11300
11900
10900
82800
84300
15300
11800
20000
11300
11500
14300
11600
12700
12900
11800
12600
9000
4200
3600
2800
3200
3300
2900
3800
3100
2900
3400
3400
3600
3200
3600
3400
3500
3200
26600
6800
7300
54400
5100
5300
5100
5700
5600
11800
12200
5900
5700
5300
5900
16000
6800
6500
27500
19600
6900
46100
8600
69600
14500
73500
12100
26000
11600
99200
14700
15100
11700
31600
11600
14000
64000
71100
66100
82100
85700
23300
77900
88200
15100
14000
14900
20600
14900
14800
15300
14900
14600
14800
91000
20400
17500
18200
18500
131200
126200
23600
17700
31300
16900
16800
17700
18100
22600
20400
18200
25800
13000
6400
13800
4300
4700
5400
4600
5700
4900
4700
6700
5100
7000
5200
5400
6500
5100
5200
12100
11100
7400
40800
14600
10100
8600
9600
8500
35800
17600
9700
8900
8900
9700
23400
9100
43300
73300
37000
11700
26600
13900
13500
13200
38600
12100
31800
12900
39000
12400
15100
40300
41200
12300
14200
35000
17300
49000
46600
45600
40000
15600
17100
15400
102500
61200
41400
43900
77400
27600
16200
15700
16100
86300
21400
18500
18800
18500
126400
125300
22300
19000
30900
18500
19300
20000
19200
24800
22100
19300
21500
9000
5500
4700
4600
5100
4800
6500
6200
4800
5000
5900
4900
5800
5500
5900
6200
5400
5700
13600
9800
8600
33900
11400
8600
8300
9400
8400
16800
17300
9500
9200
8700
9900
22600
9200
9000
37200
30200
11500
30700
17400
13400
13300
28200
13100
23000
12400
43100
12200
14700
13100
27900
12400
14700
33700
17300
58400
47200
45500
36100
15600
17300
15900
100700
64800
24800
25500
68200
32800
15400
15700
16600
75200
73900
72600
88000
85100
38000
80400
82500
19000
19300
18900
22500
19700
19400
37000
19800
33900
18900
18700
16100
13900
14700
14000
13700
198700
34000
27700
29100
26800
27000
26700
29400
27400
25600
26000
25900
29800
30300
30300
30000
130200
22300
20500
21600
20500
17500
115900
18200
24200
17100
17200
16800
17900
17300
113100
19200
21100
111700
19300
18600
141400
19900
18300
17000
19200
133300
107600
18500
107100
20400
19100
19900
41800
129500
19600
16700
19900
16500
16200
16400
16800
16700
16700
17700
18900
17200
17300
18700
140800
17200
309500
23600
26000
19800
25100
19800
23600
8500
8700
8900
25500
10200
10400
7800
8600
15000
10800
10700
17400
14200
15800
16700
74700
11200
10800
11400
11100
11000
10900
11900
11700
10900
11600
11700
11300
15500
13600
12200
13400
12000
58500
13200
13200
12900
13900
13100
64300
14000
15200
13200
14400
18800
15900
14600
76600
13700
16900
72900
14700
13900
90700
15300
15700
14100
18100
86900
84700
14900
68800
19900
15600
17000
17200
110200
18300
15500
15800
16000
15800
19900
15700
15800
16200
17600
16000
16300
16200
16400
113800
16200
235600
19500
24800
20000
26400
21500
25200
10100
9900
10100
23300
10000
10000
10300
10300
10400
10400
10300
16000
15900
12300
12800
11900
12100
12100
12300
59700
12400
12300
12700
14200
12400
12800
13400
12700
13000
13900
14500
17100
15300
63100
13700
55400
13400
13800
14500
14000
14100
14100
14800
14300
14100
15800
15800
85200
15700
18300
79600
16400
15600
93200
16800
18100
16300
21000
98300
85100
17100
78200
20200
18700
20100
18400
140900
34500
16000
15700
15600
15400
28500
10800
17300
8900
17500
9000
13100
12300
9100
133600
15500
202500
18900
30200
19200
24800
20300
24900
9200
9400
9300
21700
8700
9000
8400
9600
9500
9500
9800
17600
73800
10800
10700
10400
67100
11100
11000
10800
11100
11300
11100
11400
11400
68500
11700
16000
11900
12800
15700
12300
14100
14800
12500
51800
12100
12600
13600
12800
86200
16800
13900
13200
13000
70800
14300
14900
14200
14100
17100
60100
13700
13800
17500
14400
14300
64100
14200
17900
14600
14700
14500
15700
89000
20300
100800
15900
13300
13900
13400
13500
14200
13400
13400
17700
14800
13900
13900
14500
13900
96600
14000
189200
17900
22100
22500
23500
20200
22800
8500
8900
8600
20700
8700
9000
9000
9100
11100
8900
9500
15900
10400
10900
10300
10600
45100
10600
10700
11200
11200
9400
9900
10400
9900
10400
10700
11100
10900
12000
12300
12600
12700
13200
13100
58800
15300
12200
13300
95000
12200
12700
13900
12200
12200
12400
13700
14400
23000
16500
11000
78200
21500
16400
22900
18900
21700
99900
12700
13500
13300
14000
18300
14800
14000
64600
13700
16200
64500
14500
15700
80700
14800
14300
13700
16000
79700
114800
19200
67700
17700
27100
14600
185600
20000
20000
17300
20500
23200
19600
9100
8900
14200
19300
11100
9000
9100
9400
9000
9600
9100
15600
11800
10400
10100
9900
10300
10200
10600
10400
15500
11800
10400
65400
10900
11700
11800
11600
11900
13100
12600
56200
12800
11600
11900
52200
11900
12200
12700
12000
12200
61900
12900
12500
12500
12300
13400
14600
14400
13500
13500
66100
14100
13800
13300
13200
13700
60600
13800
15300
13900
14200
14200
19300
14600
71200
14000
17000
68300
14700
45000
82200
15300
15400
14200
15800
81700
71000
69400
65200
15500
15400
13800
199600
27900
12000
11200
9200
8800
30800
9200
9500
9100
9200
10800
8900
8700
9100
9100
25100
9100
17300
12200
10800
10600
11100
14500
10800
11000
11100
10800
11900
11700
11300
11200
11300
11700
11100
12200
13200
11400
11800
11900
12300
11600
11800
14300
11900
16000
12000
61300
13800
12900
12200
12700
12800
14200
15100
15600
14500
14600
15400
14400
17700
66100
14000
14900
14400
13500
15200
14700
99100
15200
16300
15300
74000
13700
13900
15100
13200
13300
12900
13300
13800
15300
19200
14800
13700
14000
18500
13900
14200
14800
185900
9600
9000
10300
9000
25400
9300
18500
9100
9100
11700
10800
9600
10500
12400
9400
9200
9600
14800
10700
11000
10500
10400
10400
12100
11900
12100
10600
12200
11200
11800
12500
12900
12400
13100
11400
15700
12300
13100
14000
13200
12500
13200
13300
15800
12100
12200
60000
12400
13300
13000
13200
12300
13400
14900
14400
14300
13700
12200
20300
20100
61800
13800
14900
15900
14500
14800
13700
101800
15000
20300
15300
70500
15000
14800
14600
14000
13400
13600
13500
13300
14400
18600
14000
13900
15700
16000
14500
15200
14200
200000
9900
9000
14500
9400
21700
9300
18200
8800
9600
11300
10400
9900
10600
10800
9500
10400
9600
14500
11100
10900
58400
10900
10600
10700
10900
11100
11000
11400
11700
11000
11100
11200
11200
11400
12000
13100
12000
12000
15900
12100
13800
12400
12100
12900
12500
12200
12800
12800
13600
13100
12900
13300
12800
15000
14600
15300
14000
17700
14400
13800
66900
14100
15100
15400
14300
18500
14900
97600
18300
18000
14800
68400
14300
14300
15400
14400
14300
14100
13900
14200
20500
15000
16200
14500
14600
16200
14500
14600
15600
194600
10700
13500
10400
9000
20000
9300
19000
9200
11400
11100
10800
9500
10700
10700
9600
9500
9600
16300
192000
18700
11600
11600
11000
11100
11200
11900
11500
11600
11500
11300
11300
11400
96300
12500
11900
13700
16500
12900
12600
12600
13300
12400
12800
62800
12700
12800
14900
13000
12900
12900
12500
13500
12900
15200
17900
15900
12500
14100
13700
13900
13600
13700
13900
14400
60300
14500
14600
14800
18400
14300
16800
67800
14200
14100
15500
16800
14200
14200
14200
14100
19400
15500
15000
14700
14800
16900
14700
14400
16000
206600
9500
13100
10500
9400
21700
9400
18700
9000
9000
12000
10800
9700
10700
10900
9700
9800
11900
15200
11300
14900
10900
10500
10600
11400
10400
11700
11300
11800
11400
11000
9700
10100
11300
11700
11600
13500
12000
13200
12300
12200
16000
12000
11700
12700
13100
13000
13700
13000
12800
12100
12600
13100
12700
14700
13800
14000
13700
14600
17500
13800
13700
16000
13900
74600
73600
15000
14700
14600
14500
67300
19900
15600
15200
14900
15000
13900
13600
15800
120000
16100
26600
39000
15100
15100
14200
97200
13800
16100
14200
191100
9900
13700
10300
9100
19600
8800
18000
8700
8500
10500
10600
9200
10400
10000
9000
9200
9200
14800
10300
14600
10400
11500
10400
10800
10700
11400
13800
10900
65000
11400
10400
11000
10900
11300
11300
13800
11900
11500
11700
16100
12100
11700
11800
12200
12100
12200
13100
12400
11600
12100
13800
12800
12400
14100
16500
13100
56700
14700
14400
13500
13400
13200
13500
13500
58800
13600
13900
13700
13500
13400
18400
15100
14400
13700
13900
13700
15800
54600
65300
14600
20200
77300
15300
15900
14400
212900
16600
18100
15800
287300
9500
9300
11000
9700
9300
9700
9900
9800
11500
11100
9900
10000
10000
12000
10100
9900
14800
17100
11500
10500
10600
11800
10900
10500
11600
11200
10900
10800
11000
10800
11000
11200
11100
13300
11100
15300
11900
12900
13300
11800
13000
89300
13900
13800
14900
13800
14400
44000
14600
14600
12700
18800
14400
17600
16700
15700
15700
15400
15600
16200
16100
17500
15500
155700
85100
16100
16200
16000
16400
90000
17200
34200
15800
19100
16600
15600
15500
15700
15700
15800
190500
17900
14600
14700
14300
14400
18000
14200
15400
205300
10700
8800
8800
9100
10500
10100
23000
9800
10500
9600
9900
10200
9800
10000
10000
13700
10300
16400
12100
12000
12100
12300
12200
12300
12100
12200
12400
13000
12300
12500
11700
12300
12500
12600
12300
13900
16900
14700
43300
13800
13900
73300
13900
13800
13900
13700
14400
14200
14100
14300
14100
16100
14200
19900
17100
17900
15400
15300
17200
17500
16400
14800
15800
92800
214400
15900
17700
15500
30300
83100
15600
17100
13700
13400
14600
17700
13400
13400
14200
14500
83400
13600
16800
13800
13900
13500
14000
14200
19200
185000
9800
8700
8900
9000
10200
8700
18600
8900
9400
9000
11300
9000
8900
9100
9000
9300
9300
15600
14200
11500
10700
11300
11000
11200
11100
11400
11200
11700
12400
11200
10900
11300
11400
12200
11200
12500
12800
12200
12600
16100
12300
12500
15300
13400
12700
12300
13200
14000
69000
12600
12400
12700
12900
14500
15000
19400
14600
16700
13900
15800
14800
14100
14100
87300
77700
14700
18800
14500
15100
181800
17400
18100
16600
13800
14900
14300
14100
14100
14300
14400
93000
63300
15900
16000
15700
15600
15900
15900
21100
219700
10000
9600
9200
10000
11100
9200
19400
9600
9800
9800
9900
9900
9700
10200
10300
10000
11600
19900
34700
12100
11300
11400
11700
11900
11700
11400
12300
12800
12200
12000
12000
12700
12400
12500
12200
12900
12800
12700
16400
13400
12700
12600
14000
13500
14800
13400
14900
82700
13300
13300
173500
13000
16900
14500
13300
13300
13200
16100
13900
66000
75800
13600
13700
14200
19600
14500
13900
14300
14900
18600
15700
61000
17300
14500
15100
14100
13800
18200
14500
14400
196800
15800
15700
16300
15600
15600
18200
14300
17400
225000
9700
9100
9200
9700
11100
30700
19500
10300
9800
9700
11900
9900
10000
9900
10000
10100
9700
16200
11700
11800
11200
15000
12000
12000
11900
12000
12500
12400
12300
12200
12800
11400
11200
12000
11500
13000
13500
13200
12800
12800
12300
14700
17300
14500
13200
13100
13900
12900
13100
15000
13300
13400
13800
14800
14000
13900
14000
13700
13400
70700
13400
13800
13800
47900
16900
13700
14400
14100
13700
16000
84600
22200
16900
17400
15800
14600
14900
16200
15500
14200
14100
186500
91000
15600
15700
15400
17300
83100
16800
221200
13100
9300
9500
9600
11000
9400
18700
9500
9200
9100
9500
9600
10400
9200
10200
10000
11200
15500
11600
11500
11700
10900
10500
11000
14800
11400
11500
11900
43100
12000
11800
12300
12100
11900
12000
13000
13400
12600
12300
12400
12800
12600
13000
13300
15000
16100
12800
14000
12200
13000
12500
12500
12300
46700
13300
53900
14300
13700
13400
162000
14600
14300
14600
14400
15800
15400
14900
13700
13300
16300
14200
14900
14600
16100
14500
15500
14400
16600
14700
14200
14300
121300
80000
17700
13900
13700
15500
170100
15100
190700
9400
8800
10400
8600
8600
12800
9000
9100
23400
9800
9000
8900
9100
8700
9300
9200
11200
16000
6500
49700
6700
6200
9800
6100
6300
9000
6700
6300
6400
6700
6500
6500
6300
6400
6400
7800
7300
7300
6800
7200
7000
7300
9700
7600
6900
6900
7000
7800
7000
7000
7100
7300
56500
9400
8500
7800
10600
7700
7800
7600
9600
41100
7800
8500
7900
7900
7800
8800
8600
11200
8000
9800
8100
7900
9300
7900
7900
7900
8700
7800
8700
8100
10700
8000
7800
7900
8900
7900
7900
101200
5600
6100
5000
5000
5000
4900
23900
8100
6200
6100
5100
5100
5000
5200
5300
5000
6400
12600
6500
6100
6500
6100
6300
5900
6500
8900
8300
8900
6200
6200
6500
6300
6400
6500
6500
7400
7200
7200
7300
7100
6800
7100
6800
6900
6800
6700
7000
9900
7000
7100
6900
8200
123900
9900
8200
7700
9700
7500
7500
9400
10700
40700
9800
11000
7800
7800
7700
8400
8500
8000
9500
12000
7900
7600
8200
7600
7600
7700
8600
7700
9900
7800
7800
8600
7800
10400
8600
8000
8000
102200
4800
4700
4700
4800
4900
4700
5800
4700
7000
6400
7500
4900
5100
5000
5000
5100
4900
11200
6300
6200
6400
6000
6200
6000
6100
6200
6500
6300
6900
6000
8600
6500
9000
52000
6400
7600
6800
9000
7500
7800
6900
8300
7100
9200
7400
6800
7200
7100
9900
8000
7200
7100
7200
10800
8500
8400
9400
7600
7700
7700
7800
127900
8200
8600
7900
7800
9900
8400
8800
8100
8400
9300
7700
7700
11300
8000
7700
8200
8300
7800
8600
33400
8400
8000
9300
8900
10600
9500
11200
106200
6200
7900
6500
6600
5100
5200
6400
5300
5900
7600
5400
5300
4900
5200
5000
6300
8400
12500
7600
6400
6700
6400
6100
5900
6200
6400
7000
6600
8400
7100
8600
6500
6500
6400
10300
10100
10800
7600
7300
6900
7400
6900
9000
10100
9000
10900
9600
35500
8600
7100
7300
10900
7900
8200
11300
8500
7800
8500
10000
9100
12300
10500
8100
7800
8700
10400
44900
12000
8000
7900
61200
32000
8700
9700
8800
8000
7900
8500
12200
9400
9000
7900
9100
8200
9800
8100
9000
7900
7900
97300
8600
5600
6000
5000
4800
5300
5800
4900
5600
5800
4800
5000
5000
4800
5100
5000
5000
11200
6200
6000
8100
9100
6300
5800
6200
7300
6600
6200
6000
6300
6500
6200
7000
6600
6600
9300
7900
7300
35900
7100
7900
10400
7100
8700
8400
7000
7300
7100
7300
7000
7100
7400
7200
8200
8700
8200
7500
8100
10400
8500
7800
9300
7900
8500
9300
8400
8300
10200
8000
8100
129100
9500
8500
7800
7900
7700
8000
7800
7800
39700
7700
11200
8000
7800
7800
8800
8700
8200
8100
96000
4900
4900
4800
5700
5200
6300
6600
5800
6500
6600
6000
4800
6000
5900
5100
6100
5900
11500
7300
7000
7200
6000
6800
6900
7100
6200
9200
6300
6800
6200
6400
6400
6400
6200
6400
7500
6800
7100
7300
6900
7000
6700
7000
9000
8600
10300
7000
7000
7300
7200
7000
7000
7400
8100
8300
28300
7900
9700
8000
8000
7600
10400
7800
7700
7900
8400
8000
8000
8000
8000
52200
9300
11100
7700
7700
7600
7500
7700
7700
117200
7600
21300
8100
7800
7800
12500
8800
9300
8200
96100
5300
5000
5800
4800
4800
4900
5800
5300
5800
7600
5100
5100
5000
4900
6300
7000
5400
11400
6200
22000
6100
6300
6200
6100
6300
6800
9100
6100
6400
6400
6300
6400
6600
43500
6500
7800
7300
6700
6800
6700
6900
6800
6600
6800
9600
7200
6900
7800
7100
7000
7400
42600
7600
8700
8200
7700
7700
7800
7500
10900
7800
7900
7800
9200
8000
7900
8000
7800
9100
8400
7900
9200
37100
12600
7900
8700
8100
8200
8300
8600
7900
9000
8100
7800
8700
8100
10700
8200
8700
97000
5000
5000
12300
5700
5000
6200
16000
4900
5800
5100
6300
6700
5000
11900
6000
5200
4900
11200
6500
5900
6300
6100
6000
5700
6100
8700
6300
6200
118400
6400
7000
6300
6300
6500
6200
8000
7200
7000
7100
6900
6900
6700
6600
9600
7000
8600
6900
7000
6900
6700
7500
43300
7400
8600
8000
7900
7600
7600
10400
7700
7700
7700
7700
9100
41600
8000
7700
7900
7700
7900
7800
8800
10300
8400
7600
8600
7700
7800
7700
8300
8300
9000
9300
8000
8600
8100
10800
7900
8000
99100
4800
4900
11900
5900
4700
6000
12500
5000
5700
4800
7800
6800
4900
11300
6100
5200
5200
10400
6000
6200
6300
6200
5800
5700
6100
41200
9100
6800
6400
33600
6800
6200
6300
6400
6400
7100
6800
6600
6800
8200
7000
7100
6900
7300
6800
7000
7100
9700
7100
7200
7500
43900
7700
8400
8100
7500
45700
7900
7600
7800
7600
10600
9100
8700
7900
7800
7800
7800
7800
7900
7900
9100
7700
8500
7700
11300
7800
7700
7600
8700
7800
9300
7900
7700
10700
8200
8700
8000
7900
97500
4900
4800
11900
5700
4800
6000
13900
4700
5800
4800
4800
8500
5100
14400
5900
5300
5100
11000
6700
6900
6300
6000
6200
6100
6100
6000
7400
6300
6200
6200
6400
6300
6000
6200
9100
7100
6700
6800
7000
6800
6700
7000
7000
7300
6800
6800
7400
23600
7200
7100
7600
45500
11900
9000
8100
7500
7500
7600
7800
7600
8000
7800
7900
8500
9000
7900
7900
10700
8700
93800
8600
9400
7800
8400
7700
8300
7800
8000
10600
8500
7900
8900
9100
7900
8300
8000
7900
8100
7900
99600
7300
5000
11300
5700
4700
5800
34300
4800
5800
5000
4800
6400
5100
11000
5800
5000
7600
9800
6200
6300
6400
6000
6200
6000
6200
6000
6300
6400
6200
6300
6600
6400
6100
7900
6500
7200
7000
6900
23400
7900
7800
6800
7800
10200
14900
8500
4000
4800
4900
4900
5300
41800
5400
7100
8100
4400
4400
4500
4600
4300
4300
4100
4600
4900
4400
4500
4400
4500
5100
41400
5400
6900
5400
4700
4600
4600
4600
4700
4700
4600
4500
8900
4800
4600
4600
4700
4700
4800
4600
35300
3300
3000
9300
3800
3000
6500
10900
2700
3800
3100
3000
4200
3100
9100
3700
3100
2800
7600
3700
3500
3600
3600
3600
6400
3500
3500
3500
3300
3500
3500
3900
3400
3800
3400
3300
4500
3800
3900
4000
3700
4000
4000
3800
4400
3900
6900
4100
3700
4000
4100
4500
120300
4800
5800
4900
4500
4400
4400
4600
6900
4400
4300
4400
4800
4400
37000
4400
4300
4800
40700
7400
5700
5800
4400
4400
4400
4400
5100
4500
4400
4400
5900
4600
4600
6900
4600
4400
4500
4400
76800
3500
3800
3100
3900
3400
2900
3100
3600
6100
4200
3000
2800
3800
21600
3200
2900
3100
7600
9500
3800
3800
3800
3400
3700
6500
3400
3600
3600
3300
3400
3400
3300
3500
3600
3400
55400
3800
3800
4100
3600
4200
4400
3900
6600
3800
4000
4100
3900
5000
7200
4000
4000
3700
5300
4300
4700
4300
4200
6800
5100
4400
6900
5000
5000
4500
5200
4700
4400
4400
4600
4700
6300
4900
4600
7200
4800
5400
5600
4800
4700
5300
4800
4700
4800
5400
4700
4600
4700
8000
34500
4900
4300
3800
3100
4000
4400
3600
3100
4900
3200
3700
15300
4700
3700
7000
3800
3400
8400
5400
4300
3400
3600
3500
3200
3600
3600
3600
3300
3700
4200
7000
3400
3600
3500
3700
32600
3700
3800
3900
3800
3900
4100
3800
3900
3500
3600
4000
3700
4100
3600
3800
3800
3700
8400
4200
4800
4200
4400
4400
4300
4300
4400
4700
5000
4500
5100
4600
4400
7000
4400
4700
5900
4600
4400
4400
4600
5200
5300
4500
4600
5600
7400
4700
4700
5400
4700
4700
4600
5200
36900
4100
3500
2900
2600
3100
6800
3100
2500
3900
7700
3100
11900
8200
3000
3000
5400
4300
11400
5400
5700
4500
5600
4500
5100
5900
6300
3700
3300
3600
3900
3400
3500
3500
3500
3500
4900
3700
3800
4000
4100
4000
3800
4100
3600
3800
6300
3800
4000
3900
3700
28900
4000
3700
5200
4500
4700
4200
5000
4300
4300
4100
6900
5200
6800
4600
5900
4500
4400
4400
4500
5100
6300
4700
4500
7300
4700
5100
5200
4500
4600
5000
4700
4500
4700
7300
17500
12700
4800
11300
34500
6200
3400
3100
2600
3100
3600
3100
2700
4100
3500
2900
11600
3700
5500
3000
3100
2800
8700
3900
3700
3700
3400
6600
3800
3400
4800
3800
3600
6500
3800
3800
4100
3300
3700
3800
7300
4300
3900
4200
4200
3700
3900
4200
3900
4000
3600
3800
3800
3600
3800
3900
3900
3700
64200
4400
4300
4500
4500
4800
5700
4400
4300
4500
4400
4400
4400
4900
7100
4600
4200
4400
5700
4500
4400
4500
4500
5000
7300
4500
4600
4900
5700
5600
5600
6800
5500
5400
5500
6400
36100
4700
4200
3700
2600
3700
6300
3100
2900
3800
2800
2900
11300
3600
3200
2900
3000
3200
7200
3700
4100
3500
3400
3500
3400
3300
6300
3600
3400
3200
3700
3900
3500
3300
3700
3900
4500
4100
3800
4200
4100
80600
9800
9400
7700
14500
6700
7300
7200
29800
48100
9700
7600
7100
67800
8000
7700
8000
7500
8900
8500
13500
7700
11100
7500
7400
7200
12400
7800
7500
7500
7300
9500
7400
9300
11900
7700
7800
8400
7600
7700
9800
9700
8300
10600
8400
8100
8200
8200
12800
63700
7400
6000
5600
5000
5200
6300
4900
7900
7000
4900
5500
25900
6800
9600
5400
5600
5100
11100
6500
6200
5900
5400
5600
5800
5800
6100
6200
6100
6000
6500
6600
5900
5600
6400
6500
12200
7600
6900
7200
7100
6300
8300
8000
7500
6700
7400
6600
6600
5800
6400
6200
8800
7000
65400
8100
7800
8100
7900
8500
8500
7700
7800
11500
8100
9600
8300
9800
13900
8300
9500
8000
9400
8400
8900
8200
8000
7700
7800
8000
8300
9300
13000
8000
10200
8300
9800
7800
8100
8900
61200
5200
5000
4800
5500
6200
6400
9000
5500
6100
6800
4900
5000
6100
23000
4700
4800
6600
12500
6700
9900
6000
5700
5900
6200
6700
5800
5900
8700
5800
6000
6100
6000
7300
6100
6100
7600
6700
9000
6400
6700
11500
7400
6800
6600
7600
6800
6800
6500
6600
7200
6800
6900
7300
9200
7500
7400
7300
7600
12000
7400
7900
7300
7400
8600
8900
8500
8000
7600
7900
7800
8000
17100
8600
9700
9600
8200
8900
9600
8100
8000
8200
81000
8000
13400
186900
12200
8400
8100
8100
59700
5500
5600
5300
5000
5100
5600
12700
5800
6900
5200
4900
7700
5600
5600
7100
5700
6700
11700
6000
6100
6100
6200
6000
5800
6300
10200
6400
5700
7700
7300
6800
6500
6800
6700
6700
8600
7300
7400
7400
7400
8000
7700
7200
7500
7800
11100
7200
7400
7500
8000
7300
9400
7900
9800
11800
11500
8100
11400
8900
11500
12500
16800
10200
13400
12700
11700
12700
11800
10600
8500
8200
11500
9000
11500
8800
16100
9700
14500
14700
8700
11800
105700
9100
9700
90600
9100
9100
8900
11100
77100
5700
5400
5300
5400
5200
5500
7700
5400
6600
5100
5600
10000
5700
5400
7000
5500
6800
11500
6400
6600
6100
6000
18300
6600
6800
6200
7000
6700
6800
6800
6500
10900
6800
7000
6600
7900
7200
7700
7400
6900
7100
9100
7900
7800
7100
7300
7600
7500
7300
7400
7900
10700
7500
9300
8000
8100
8300
8200
8800
8100
8600
8200
8200
8700
8900
12100
8400
7500
7400
7100
7500
9900
7700
9500
7800
7700
8800
9400
11700
8000
7800
180400
9500
9800
77200
8200
7800
7800
8100
66000
5500
5200
5500
4800
5800
5400
8100
5500
7300
5300
4900
7000
5100
5100
7100
5200
10300
11400
5800
5700
5800
5500
6200
5600
6100
6000
6300
5800
6300
6000
6100
5800
5700
6100
6100
7700
8500
8000
6500
7800
7800
6800
8600
6400
7700
7600
6500
7300
7900
7800
8300
6500
7200
10100
8000
11400
7100
7200
8400
7800
8600
7100
8100
7300
7200
7300
7400
8200
7500
7600
12800
10400
10200
9100
7900
7800
8900
9500
7900
7900
8000
79800
9700
9300
173100
8400
8300
8100
8300
60000
5500
5700
5200
9200
5300
5300
8200
5300
7000
5000
5200
6700
5600
5300
8700
5100
6700
9300
5600
6000
5700
5400
10000
5900
6200
5600
6300
6000
6400
6100
5800
70500
5900
6300
7200
10900
9500
6400
6700
10400
6400
6300
10300
6400
6700
6600
6300
6800
6600
6700
10000
8300
10100
8500
7400
7300
6800
7200
7400
7000
6300
6200
7100
8600
9200
80900
7800
8200
7300
11100
14000
14600
8000
7700
7700
8000
8800
8100
12900
7900
8100
8400
9000
11000
8000
15400
6600
5400
5000
64200
8400
3400
3300
4400
2900
3400
5300
3400
3800
2900
2900
4100
3100
2800
4100
2900
3600
7800
3700
6800
3300
10400
3900
3300
3800
3500
3900
3500
3700
3600
3600
3500
3300
3600
3600
7900
4100
4200
3900
3700
6900
4000
4500
3800
3900
3900
3900
3800
3900
3900
4600
4000
7000
5200
4300
4400
4300
4400
7600
5200
4500
4500
5100
4400
4400
4400
4300
5100
5200
4600
5100
8600
4900
4700
4600
4800
5500
4500
5000
5000
4800
5500
5300
5400
7200
4800
4600
4700
4500
35800
3300
3800
3300
2800
3900
6800
3200
3000
2800
17600
3100
3900
11700
3100
3300
3100
2900
9100
3900
3700
3500
3600
3700
3300
3600
6600
3400
3600
3500
3300
3400
3600
3700
3300
3900
4700
4000
4000
3800
4000
4500
4000
3700
4700
4300
3900
7100
3900
4000
3800
3700
4000
4000
5100
4300
4400
4300
4500
4900
5200
4400
4900
4300
7000
4500
4300
4500
5500
4500
5100
4400
6300
5500
4800
6200
4700
4700
7300
4900
4600
130100
43400
5400
4900
4800
4700
5400
5000
7400
35100
3000
2800
3800
2800
3000
3600
3000
2800
3000
3600
3000
2800
2600
17000
2900
4100
6300
8000
3400
3600
3700
3400
3600
3600
3200
3600
3600
3600
3400
3600
3700
3500
3400
3700
3500
4600
3900
3700
6700
4100
4300
3700
3900
4000
4300
3700
4200
4200
3800
3700
4200
4000
3800
5400
4400
4300
4200
7100
4900
4800
4300
5000
4300
4300
4400
4000
4100
5400
4500
4800
4500
8700
5400
4600
4400
4500
18400
4800
4600
6000
40800
127000
8300
4900
4600
4700
5600
5000
4800
33900
3400
2700
3500
2900
3000
3500
3100
3300
5500
3600
3000
2700
2900
2800
2900
3600
3500
6700
3900
3500
3700
3300
3600
3600
3300
3800
3700
3700
3500
6200
3900
3500
3300
3700
3400
5200
4100
3800
3900
4000
3900
3500
3900
3900
3700
4000
3900
4100
3900
4000
6600
3900
3900
18000
4900
4500
4400
4800
5000
5100
4600
5100
4200
4400
4500
4500
6900
5500
4400
4700
4400
5700
5300
4600
4600
4600
4300
4500
4500
4400
43100
46900
6000
5800
5700
5800
6900
5800
5500
38800
2900
3000
3600
6600
3100
3800
2800
3300
2700
3700
2800
2800
2800
2800
3000
3600
3400
8300
3900
6600
3700
3600
3700
3400
3200
4400
3700
3600
3300
3700
4000
3600
3400
3700
3700
4700
4000
3700
4000
4000
8100
3900
4000
4100
3900
3800
3800
5400
4400
3900
4200
4000
3900
5100
4300
4500
4500
4400
5000
7000
4500
4500
5000
4300
5100
4600
4300
4400
4300
4300
4500
6000
5100
7500
4700
4600
4600
4500
4700
4500
116100
41900
5400
4700
8200
4900
5400
4900
4800
34800
2700
3000
3500
2800
2800
3500
3000
2900
2700
3400
3200
5400
2700
3000
2900
3700
5100
6800
3500
3300
3600
3500
3300
3300
3400
3700
3200
3400
3500
3200
3500
3500
6300
3400
3500
4800
3900
3800
3600
3700
3900
3800
3700
3900
4000
4000
3700
4000
4100
3700
46100
6900
3900
6600
4500
4400
5500
4500
5000
5100
4400
4400
5500
4400
5100
4500
7100
4500
4500
115100
4700
5400
4900
4800
4700
4700
5600
5200
4700
8500
5000
5100
5300
4600
4600
6300
4800
5200
4600
33700
3100
2900
6400
4300
3000
3500
3000
2600
2900
3400
3000
2600
2900
3100
2800
3600
3600
6700
3600
4700
4100
3500
3800
6400
3600
3800
3400
3600
3700
3300
3700
3800
3600
3400
3600
4500
4700
3900
3800
3800
4000
3800
3700
3800
6600
4000
3600
3900
4100
3900
3800
3900
4000
4800
4200
4400
4400
4200
4800
4100
4100
4200
7600
4400
5000
4600
10000
4900
4500
4500
5900
5800
4800
4600
4600
4900
8000
5300
4800
5400
4600
4700
4600
4700
4700
6100
4700
5100
4600
38600
4000
2700
3400
2900
2600
2900
2900
2500
10100
9700
4900
3000
2800
2900
3800
4100
2900
8000
3700
3300
3600
4000
3600
3400
3500
3500
3800
3300
3700
3600
3600
3700
3800
4100
6400
4700
4100
3900
3900
4000
4200
3900
5700
4100
4400
4100
3600
3800
4200
4000
3900
4500
4000
8300
5100
4500
4400
4400
4500
4400
4500
4500
4300
4400
4500
4400
4600
4600
4600
8000
17500
6800
5600
4800
4900
4800
4700
10700
7800
5200
4900
7600
4600
4600
4800
4800
4700
4600
4600
34300
3100
3100
4300
4300
2900
3000
14000
3100
2700
2800
3100
9300
3100
3900
3000
3800
2900
7000
4100
3700
3700
3400
3300
3700
3500
3300
6200
3700
3600
3400
4000
3600
3600
3700
3500
4800
3900
3900
4100
3800
3900
4000
4000
4100
4400
3800
7200
4300
4000
3900
4300
4500
4000
5400
5000
4200
4500
4200
4400
4300
4400
4400
6800
4600
4400
4300
4500
4500
4500
5000
4800
6500
5600
4800
4600
7000
4700
4700
5400
5400
4800
4700
5000
4800
4600
4700
4700
4900
4700
37200
3100
2700
4400
3800
3200
2700
10900
2900
3000
3100
2800
9200
2800
3700
3000
3700
3000
11200
3900
3400
3600
3500
3500
3200
3900
3800
114600
11300
6100
6500
4400
3600
4100
3600
3300
5200
3900
4000
15100
4500
3700
3900
12300
3800
3700
3900
3700
3800
4100
4100
4400
4500
3700
5500
5100
4300
5900
5100
5200
5000
5000
5200
5300
5000
5100
5200
5500
5100
5100
6800
5900
10500
5300
4700
4700
4500
4600
4700
25000
5400
4800
4700
4600
4600
7300
4700
4700
4600
4500
38600
2900
3100
4600
4100
2900
2800
13400
3100
3100
2700
5500
9200
3200
3700
2900
3800
2700
6900
4300
3700
3500
3300
3400
3500
3300
3200
3300
3400
3200
3400
6100
3600
3500
3300
3400
4200
3800
3800
4100
4100
3900
3800
3700
3500
4000
3700
3500
4100
4000
4100
6800
4500
4100
4800
4300
4100
5100
4300
4300
4200
4100
4400
5000
4400
4100
7200
4300
4500
4400
5000
4400
6500
5400
4600
4500
4300
4400
4600
7500
5300
4400
4600
4500
4600
4600
4500
4700
4500
4400
34000
2900
2400
7300
3800
3000
2600
10700
2700
2900
2900
2700
8700
2800
3600
3000
3600
3100
7700
4100
3300
3500
6500
3500
3600
3400
5400
3600
3200
4300
3600
3700
3400
3500
3800
3700
4300
3700
3800
4000
4200
3800
3700
6500
3800
3800
4300
3900
4000
4200
4100
4400
4500
4000
4800
4300
4700
4300
4300
4500
7000
4600
4500
5400
4700
4500
4500
4600
4400
4600
4900
4500
5600
8000
4600
4600
6300
4500
4500
4500
4600
4500
4600
4600
4600
4700
4500
5600
8300
6800
34200
3400
3500
5400
4500
3300
3300
12300
3600
3400
3300
3600
10300
3600
7600
3300
4300
3300
7900
4700
31200
3500
3300
3400
3500
3500
3200
3500
3500
3300
3300
3700
6400
3600
3400
3500
3900
3900
3700
3500
4300
3800
3800
3800
3400
4100
4000
3900
3700
4200
4100
5700
7200
3900
5000
4300
4200
4300
4200
4300
4200
4200
4400
5000
4300
5000
4300
6800
4500
4500
5000
4600
5700
5400
4300
4500
4500
4400
4400
4900
7300
4600
4600
5000
4600
4800
36900
4600
5500
5700
35100
6600
3200
2900
2900
2800
3100
4800
4100
2700
3200
3100
2800
3000
2800
2900
3100
4100
