58400
1012200
121200
7000
12100
6900
7000
7100
139200
9300
10200
8600
8100
8300
8800
8700
9100
9800
130500
139900
12500
11500
141000
11900
11500
12100
11700
19000
13000
214400
229500
14100
13800
14700
14100
274700
152700
257700
23300
114200
22400
24300
25100
22800
354200
27500
23700
488400
26000
23500
24400
23700
26500
25000
229300
28200
38000
26800
28500
27200
28100
28900
27300
29000
29000
28300
30800
31700
30200
34800
30400
30000
321300
36200
100900
239600
285800
107400
36200
35900
122200
34800
34700
34500
35300
138700
124500
35800
36200
37100
22900
35500
8300
9500
9600
8600
21300
9600
9600
41100
9800
53800
11100
10800
10800
12500
12500
11500
88900
88300
16700
15400
93900
15900
15800
16400
21400
18900
18500
149400
141700
18900
18900
18100
18900
194400
94100
102900
22500
59900
22100
21300
24000
22200
160400
23400
22800
210300
24000
23200
26100
23400
26200
23600
113300
27000
30200
29100
29300
29200
30000
32900
30500
36700
30300
31200
29800
30500
29600
31600
30600
30600
179300
34500
65000
144000
142000
52300
17300
18000
55300
17100
17400
16600
17000
72700
151400
20300
14900
12700
7600
135000
6800
6200
5500
7100
12100
5300
5600
89700
6200
97400
7600
5500
9100
7100
6000
5600
12700
17900
84600
14800
9000
8200
7700
8700
47200
9900
8500
8100
9200
101800
13300
8700
8700
9600
83100
80200
11200
37300
10600
11100
12600
11600
124600
11600
11100
184600
12800
11500
11900
11100
14100
10800
89500
14700
17700
14100
14200
17100
14000
14100
14300
13900
13900
14600
17600
14900
14000
14900
14900
14400
147700
17500
44000
125300
131000
54300
22500
11900
31200
11600
12600
11800
11400
43900
36800
11000
11700
11600
5100
14200
3000
3700
3300
3500
6900
8100
3400
25200
3300
28800
3900
3200
3300
4300
3300
3400
7900
12400
37900
5000
14400
5100
5400
5500
24500
6300
5200
5700
5300
37300
6600
5500
5500
5500
45300
34000
8700
19100
45800
7300
7300
25900
7200
9400
8000
63800
62100
8300
9900
7500
8500
79100
45200
9500
10500
9000
9600
9100
9500
13200
9500
9600
9200
10200
9400
9600
9400
9500
9800
9700
66600
11200
26300
70100
68600
26500
11500
11500
35500
11300
11600
11300
11000
39400
40200
11400
11500
11700
5400
4200
2900
3200
3300
3300
3000
3000
3300
6300
3300
7700
3800
3100
3400
3800
3500
3300
6700
8200
19200
5000
5300
9000
5100
5300
24400
6200
5500
5400
5100
11000
6100
5600
5300
5600
27600
27300
8300
14100
31800
7500
7500
11400
6900
8700
8000
49100
51400
8200
8500
7400
7900
59600
44000
43200
9400
22700
9300
9100
10600
9100
70900
9700
9300
95100
9800
9400
9400
9700
10700
9800
71800
11300
25000
61500
73100
28400
11200
11400
31500
11300
11800
10900
11400
39300
36300
11300
11600
11800
4500
19000
2800
3200
3100
3500
6600
4800
3100
12100
4300
13200
3700
4300
3200
6500
3200
3200
7800
11700
22000
6000
9700
5000
6400
6100
24600
5800
6300
5400
5200
21300
6000
5700
5200
5400
29500
25900
8700
14400
30200
7400
12700
21000
7200
8700
7900
45200
46500
8100
8200
7200
8100
60600
63500
51200
9400
29900
13900
13700
10800
15100
72900
9400
9400
94100
26600
9800
9300
18300
10500
9900
76600
37600
12400
11500
11800
11200
11600
11300
11300
11400
11700
12400
11500
11600
11400
11300
11700
12800
91200
25400
17400
17900
18200
17600
17500
17800
20600
19800
18100
28500
31000
30800
20400
17600
17700
18200
26100
19400
19500
19000
19300
19000
20100
19700
14900
10600
10800
12600
10900
10800
10900
11500
11500
11100
19300
13200
12900
12700
12500
13000
12500
13400
60400
12700
14200
13000
13700
55400
13100
15200
13000
14600
25700
15000
16200
15300
14500
13900
14400
18000
15500
14700
14600
70300
14500
14800
62200
15200
14600
14700
187500
11500
11600
11700
10900
20900
18900
11800
18900
19100
11800
12900
11800
12900
11700
11500
11800
12800
15900
9300
23700
8600
8800
8600
10100
9100
8700
9000
8600
8800
9300
9100
9100
9000
9400
9200
16300
11000
11000
10500
11000
10600
11400
10800
11700
10800
10600
11200
10800
10800
10800
11300
11100
17900
19800
12800
12900
13100
12700
13600
12700
13000
55000
12800
14200
13000
13300
55400
13200
14300
12900
13100
16900
14600
14300
15000
15400
13900
15100
14100
19700
14200
14600
68200
14200
14600
62200
14600
14300
14700
181900
11300
11400
11700
11100
21000
18800
11600
19700
18500
11500
12600
11800
12900
11900
11700
11800
11600
12300
13000
9300
8400
9000
8600
10700
8500
8600
9000
8900
8700
8800
9100
9100
9500
9400
9000
24500
14600
10800
10600
11800
10500
10600
11300
11600
10800
10500
11800
10900
10800
10900
11100
11000
11100
15100
16700
13200
14000
12600
14100
12500
12800
54500
12600
14200
12900
13600
54800
13200
14500
13100
13200
17000
14300
14100
15200
14300
13900
14500
14000
19900
14100
15600
66300
14300
14600
62100
14800
14400
15100
177800
11300
12600
11500
11700
20400
18700
11700
18800
18400
11700
12900
11600
12900
11700
12000
11800
11800
14800
12900
8700
8400
8600
8700
9700
8500
9100
9100
8700
8500
8900
9000
9400
9100
9300
10600
29200
11000
10500
10600
14700
9000
8600
8900
52800
8600
9500
9300
8300
8400
8900
8500
8300
8600
14400
46400
9100
8900
9000
9100
9600
9800
9900
10200
9800
9300
14300
9300
9900
9500
9200
9200
11200
9300
11200
10000
9200
9600
9500
9300
14400
9300
9300
61400
9600
9400
56900
10000
9500
9700
174000
5200
5000
5200
4800
13800
12300
5000
12700
13700
4900
6300
5300
6100
5200
5200
5200
5100
12500
10200
7500
8400
8400
7400
7700
9200
9100
8600
7300
8500
8600
7600
8800
8600
9000
10500
23700
12300
8200
8100
8900
8100
8200
9200
8300
59100
8100
8800
8500
8300
8700
8200
8800
8600
14300
9000
8800
9000
62500
13900
8400
8100
8600
8000
7900
7900
13000
8100
8500
8500
8100
8200
12500
10700
8900
8000
7900
8300
7900
7700
42000
7900
8800
8000
8400
35500
8100
9200
8200
8100
99700
5300
4700
5100
4900
13600
13000
5100
12900
11900
4700
6700
5900
6300
5200
5100
5100
5200
40300
16700
9700
8700
10200
8800
11200
10100
10400
10900
9800
9900
10400
7500
10900
7100
11500
11300
30700
10300
41600
6800
7400
7100
8500
7400
7500
7100
7100
7800
7200
7000
7200
7300
7200
7100
9000
12300
7800
7600
7800
32000
8600
7800
8400
7700
7800
7700
7800
8000
12400
8100
8100
8100
10400
8000
7600
7800
8300
7800
7700
7600
37700
11800
8700
39800
8100
39000
7800
8800
8100
8400
106500
5500
5000
6200
4900
5100
12100
5200
6000
5200
5100
15600
5100
5200
14700
5300
5300
5400
9600
6400
6500
6400
6200
6200
6500
6500
6600
6200
6500
6300
6400
6200
6300
7200
6500
6900
11800
7200
6800
6900
21800
7500
7800
7100
7500
7000
7100
6800
7300
7200
7300
7000
8100
12600
9700
8000
7900
8300
7800
8900
7800
8200
8500
8500
8100
7900
8000
12100
8800
8000
8200
8800
10500
33400
10100
9600
8000
11800
8100
8100
8800
8100
8200
8100
8100
8800
9100
8200
8700
8200
127800
5400
13700
5200
5200
6000
5200
18400
6300
5200
6200
6100
5400
9400
5300
5500
25300
5500
9800
7100
6600
6200
6600
6400
7000
7000
6200
6900
6400
6500
6300
6500
10500
6700
6500
6900
7900
6800
6900
10100
22200
10900
7900
7200
7300
6900
7000
7000
7300
11600
7200
7500
9200
7900
9400
7900
7600
7900
7600
8400
8100
7800
8100
8700
12800
8100
8100
8000
8800
8300
8200
8900
10300
32700
8700
12800
7800
7900
8400
8000
10000
8100
8200
8100
8500
8900
12800
8200
8200
8200
123400
5000
13900
5000
5000
6000
4900
17400
10500
5300
5600
6000
5400
5300
6000
5400
23400
5400
9100
6400
6400
7700
6600
6100
6200
6200
10300
6300
6500
6300
6300
6100
6200
6500
6400
6800
21500
6800
7800
7200
6800
7000
7300
7100
11800
7100
7300
7000
7200
7200
7200
7700
7300
7400
13000
8000
7700
7800
7700
8500
11800
8500
7800
8400
8000
7700
7700
7800
8500
8400
9400
8700
10000
37000
8500
8500
7800
8000
7900
8000
8600
7900
8000
8100
10300
13900
8800
8200
8100
8500
124600
5100
14000
5200
5100
6100
9300
17600
6300
6300
5600
6200
5100
5400
5300
7000
23500
5200
9800
7000
6500
6400
7900
8000
7400
8800
7300
6300
7400
7400
7300
6300
7200
7600
6300
7200
9900
6800
8300
8300
8000
7800
11500
7500
9500
6900
7400
6900
7200
7100
7200
7700
7000
7400
8600
7700
7600
9100
26900
8500
8900
8300
8500
7800
8100
7900
8200
8100
8100
7900
8200
8100
14100
32800
8500
8500
7900
8000
8100
9200
8800
7900
14000
8300
8000
8900
8800
8600
8200
9800
125600
4900
18800
5000
5000
5800
5100
17700
5800
5100
5300
6100
5100
5200
5200
5100
23200
5100
9800
16000
6800
6600
6600
6100
6200
6800
6300
6200
29900
6400
6300
6400
6400
6500
6400
6900
7600
11000
7400
8700
7000
7200
7300
7300
7400
7000
7400
7100
7200
7100
6900
7700
7300
8000
12900
7900
7700
7800
22600
8500
9000
7800
8500
7800
7800
8400
8900
12700
8300
8000
8600
8100
10100
7900
7700
7800
7800
8800
8300
7800
12300
8900
8000
8100
9600
8200
8800
8100
8300
8900
125700
5100
13400
5100
5000
5900
5100
18300
5900
5000
5500
5900
5300
5300
5700
6200
28200
5400
8700
6500
6600
6100
6700
6300
6300
6200
6400
7800
6400
6200
6800
6400
6200
6500
6400
6800
11300
8100
7500
7300
6900
6900
7400
7100
8000
7600
7500
7200
7200
7200
7100
7700
7400
7200
12600
38300
39500
7900
22300
8500
8600
7900
8500
11500
8000
8000
8100
9300
8600
38400
8200
8100
10200
7800
7700
11700
7800
8600
7800
7700
7900
8700
30800
7900
7900
7900
8800
11800
48200
8800
100400
13800
6300
5900
5000
5000
5200
5200
10000
5200
5100
5200
5200
6100
6100
5900
5300
5100
10200
6200
6300
6200
6400
6100
10600
6700
6500
6400
6400
6600
8000
6500
6600
6600
6400
6500
8600
7100
7200
7300
7200
6900
7000
7000
11000
7100
7900
7200
7700
45100
7300
7800
7300
7900
9400
7800
8600
42700
28100
8400
10500
8600
8200
8100
8700
8400
8100
8300
8800
12600
8300
8300
11300
8000
44300
8000
8100
8200
8400
8000
12400
8300
8500
8100
9000
8400
10200
9100
8900
8400
99700
10900
9700
6100
5200
5900
4800
5200
5200
14400
5300
6000
5100
6000
5300
5200
5500
5400
10300
6500
6600
10400
6200
6300
6300
6300
6800
6400
6500
6900
6500
6800
6600
6800
6600
6500
7800
6900
6700
6800
8000
11300
6800
7000
7000
7100
7600
7000
7700
43700
7200
7700
7200
8200
11500
8100
12400
38800
26300
8300
8700
7800
8000
8100
8500
8000
8000
12100
8700
8300
8100
8200
9400
7800
43300
7700
7900
8000
12100
7900
8000
8100
8100
8000
8800
8300
8300
9000
8200
9400
105300
10300
5100
5800
5000
6900
7700
7200
5300
17900
9000
9700
6000
6000
5200
5800
5400
5400
12100
6200
7600
7200
7100
6100
7400
7100
7400
6800
45200
7700
9300
7700
6500
7800
7700
7700
11900
7000
7000
7000
7400
6700
7200
7400
7700
7700
7400
7200
7100
7200
7300
7200
7200
7500
13000
7800
8700
38300
26200
8500
8400
8000
8000
8200
12400
9200
8100
8100
8400
8900
8200
9200
9500
7700
46400
8600
8000
8100
7900
7900
7900
7900
8300
8100
8700
8100
8800
12800
8300
8300
96500
10700
5100
5600
5200
5600
5100
5000
5200
12600
5100
5800
9000
6000
5300
5000
6700
5400
9400
6100
6700
6200
6400
6100
6400
6200
6400
6100
8400
7300
6800
6800
10400
6600
6700
7200
7800
7000
6900
7000
7400
7000
7000
7400
7200
7500
7300
7200
7200
41900
7300
7300
7200
7300
8400
7800
25600
7800
9000
8000
7900
8300
7900
11800
9100
8100
9000
44200
8100
8700
9000
8700
9500
7900
46700
7800
8000
8200
7700
7800
8000
8100
8100
8900
9400
8200
8400
8800
8800
8200
101400
10200
5000
5800
5000
5700
5000
5100
5000
12500
9200
5900
5100
6500
5200
7000
5200
5400
9000
6100
6300
6200
6500
6100
6400
6700
7500
6800
6400
6600
10800
6800
6300
6900
6700
6700
7500
7100
7500
6800
7400
6900
7200
7400
8300
7700
7100
7200
7200
11000
7100
7300
7300
9600
8400
7700
23000
7800
7700
7700
7700
7900
7900
7900
12500
8200
8700
53000
8100
8700
8000
8800
9900
7800
8700
42600
48600
8400
9200
8000
8200
8100
8900
12200
8000
8000
8700
8300
8100
8000
104600
10700
4800
5700
4700
6400
5100
10000
4900
12900
4900
6000
5000
6100
5500
5300
5100
5300
9800
6400
6500
6100
6500
6300
6200
6200
6300
10300
8200
6700
6700
6900
6500
6900
6400
6900
7900
6800
6900
7000
7400
7000
7000
7400
7800
7500
11100
7300
7100
7200
7300
7300
7400
7400
8600
7800
7700
7800
49000
8000
12000
8100
8000
8000
8800
7900
9700
45200
8100
9500
8200
8600
14500
8000
8500
38100
27000
8600
8400
7900
7900
11800
8800
8000
7900
8000
8800
8100
8000
8000
96500
4800
15600
4800
8700
5200
4800
4800
5200
5200
5000
5300
6000
5500
5400
5900
5300
5200
10100
6400
6100
10600
6500
6000
6200
6500
6400
6200
6400
6400
6400
6100
6500
6400
6500
6700
8300
6700
6800
7000
7400
6800
11100
7100
7700
6900
32600
6900
8200
7500
7700
7300
8100
7200
8800
7700
7800
11700
42600
8400
7800
8400
8600
8000
8000
7900
8000
8200
59900
8300
8300
8200
9400
7900
8000
8600
7900
8100
28900
8100
8100
8000
11900
8200
8200
7900
8100
8100
8800
8100
98000
34000
5300
4800
4800
17600
15300
5800
11600
5000
14600
5800
5100
5100
5200
5300
6500
5100
8800
7100
6200
6500
6000
6000
7700
7200
6500
7700
7500
7400
6200
7500
7400
6200
7400
7500
8600
7900
7800
7000
7400
7700
7800
8100
6900
11100
32100
7000
7500
7600
7600
7200
7800
7600
8900
7600
7800
7800
45700
8500
7900
8400
7900
7900
7800
7900
8000
7900
51000
8000
8000
12200
10000
7700
7800
8000
7600
7900
28500
9300
8500
7800
7900
8000
12100
8200
8200
8100
8300
8100
98900
10300
4800
4900
4900
12400
11200
9800
11500
4800
14200
5800
5100
4900
5400
5500
6200
5100
9500
7000
6300
6400
7300
6300
6400
20800
10000
30400
9600
8900
7200
7100
8300
7400
7100
7100
7900
10400
50400
11200
11900
11900
18900
11400
9900
14200
10900
11500
7700
7700
8300
12000
12100
11200
14600
10500
14800
12000
50900
13400
8000
8300
7800
8000
7900
8000
8000
8000
52400
8600
8100
8100
13800
8100
7700
7900
7700
8000
28600
7900
8000
7900
7900
8000
8100
8000
12000
8100
9800
8200
102200
10600
4800
5000
4900
12600
10700
5600
11300
4800
17600
6100
4800
5000
5100
5000
6000
5300
9500
6300
6100
6400
6100
6200
6100
6500
6200
6100
7500
6800
10900
6300
6400
48700
6500
6900
7400
7100
6900
7300
7000
8500
7000
7300
7100
7100
7100
6900
11200
7300
7400
7100
7600
7300
8200
7700
7700
7800
8400
7800
7900
8800
7900
7900
35600
8000
8600
8400
8900
40100
9200
8100
9400
7800
11700
8000
7700
7900
28400
7900
7900
7900
7800
8100
8000
7900
7900
8100
13200
8300
100600
10100
4600
4800
4800
13500
10500
5600
11200
4900
15000
9800
5000
5100
5100
5000
6000
5300
10300
6300
24600
6400
6000
6100
6300
6100
6800
6300
6400
6300
6400
10200
6300
6400
7100
6300
7500
7600
7000
7300
6900
6900
6800
7200
7000
7000
6900
7100
7000
7100
7100
7100
11500
7600
8400
7700
8700
7800
8300
7800
7700
7900
7700
7700
31500
7800
12700
8600
8600
7900
9100
8000
8900
7800
7900
7800
38900
12600
8400
8600
7800
8000
8000
8100
8000
8000
50100
8100
8000
8100
103700
9800
4600
4900
4700
12300
10500
5600
11000
4900
13600
5700
4900
6100
6300
9700
6100
5300
10300
6400
7800
6600
6300
6200
6500
6500
6300
6200
6500
6400
6400
6300
6400
6500
8100
6500
13100
7300
6900
7400
30500
7200
7000
7400
7400
7300
7000
7200
7200
7200
7100
7300
7600
11600
8300
7700
7900
9600
8600
29800
7800
8000
27800
7800
34900
8000
10000
9100
8600
8600
8900
9100
9100
7800
8000
7800
43200
8600
7900
8700
7900
7800
7900
7900
8000
7900
50400
44800
8100
8100
96000
5000
5200
5200
5100
5000
10700
5100
5600
5000
5200
5300
5100
8800
13900
5200
5300
5100
10700
6200
6700
6400
8100
6200
6400
6600
6300
42600
6400
6600
6400
6300
6600
6700
6300
6600
16200
7000
7100
7100
7100
7000
7100
7400
7300
7200
7000
9500
8200
8600
8400
8300
8600
7200
10900
9000
9000
9400
8900
8800
10500
8800
48800
8500
7900
7900
8000
8100
8100
8000
8000
8100
10000
7900
9400
8100
12500
45000
7900
7900
7900
8000
8000
8100
8100
8200
8000
8100
9100
12000
103400
5200
4800
5000
5000
5100
12500
6000
6000
5400
9800
5300
5100
6200
6100
5200
6400
6200
10200
6300
6000
6100
6400
6400
6100
6200
6600
39500
6700
6600
6300
6500
7200
6500
6600
6300
8000
7100
6600
6900
7000
6800
6900
7300
7400
8500
11000
7600
7000
7600
7100
7700
7600
7000
41900
7800
7500
8400
7700
7600
8300
7800
12000
8500
8400
7800
8200
8400
8100
7900
7900
8000
10100
7600
8300
7900
12200
41100
7700
39400
8200
7900
7900
8000
7900
8100
8000
8100
8000
11900
101100
5200
4700
5000
5100
4900
12000
5800
6100
5100
5800
5300
5100
6300
9900
5700
6400
7000
9800
6400
6100
6300
7000
6500
7900
6500
6200
6300
6500
6500
6300
6600
6300
6500
10800
6700
7400
6700
7400
6900
7000
6900
7300
7700
7100
55800
7600
7500
7100
7000
7100
11200
7200
7500
10600
7700
7700
8500
7700
7700
8300
7700
7900
7900
7700
7700
12600
8200
8100
8400
8000
8000
9800
7700
8400
7800
8500
45000
7900
7700
7900
7800
8500
8000
7900
8200
7900
8000
7900
8000
99600
9000
29200
4900
5100
5000
11800
5800
6000
5100
5800
5200
5100
6000
5900
5300
6000
6000
13900
6500
6100
6100
6200
6500
6100
6300
6300
6400
6500
6500
6400
6400
6200
6400
6600
6700
35000
6900
7400
11200
6900
6900
7300
7100
7000
35900
8500
7900
6900
7100
7300
7300
7100
7400
8500
12200
7800
7800
7700
7900
8300
8600
8200
8000
8900
8600
7900
8500
8000
8000
12400
8000
10100
7700
8300
7800
8400
45100
7900
7700
7900
12200
7800
7800
7900
8000
9200
8200
24900
8300
99600
4900
4900
4600
5000
5000
16400
6000
5800
4800
5700
5100
5400
6000
6000
5300
5900
5900
9500
6500
6200
6100
6200
10900
6200
6100
25100
6700
6700
7700
6500
6500
6400
6800
6600
6600
7300
6900
7300
6900
6900
7000
7500
11900
7400
36600
7000
7500
7100
7200
7100
7300
7200
7900
8200
8900
7900
7800
7700
12400
7900
8300
8300
7800
7900
8300
7900
8600
7800
8000
8500
9200
13100
7800
7900
8400
8000
7800
9100
7900
7900
7900
7800
7800
8000
7900
8000
11900
41300
8100
102800
4700
4800
4900
4800
4900
11400
5800
5600
5000
9800
5200
5300
5900
7000
21800
6100
6100
9800
6300
6300
6400
6300
6400
6200
6300
6300
6300
13300
9500
10300
7800
6400
6600
6600
6800
7300
7000
7500
6900
9100
10400
7500
7500
8000
41200
7200
7600
7200
7100
7200
7200
7400
8900
8500
7800
7800
7900
9800
8000
7800
12400
8400
8000
7800
8700
8000
8600
8400
8900
10400
8200
9300
8000
11700
8400
7800
7700
9200
7800
7800
7900
7900
7900
7800
7900
8200
43400
9100
9200
103600
8200
8200
26800
8000
22600
4900
7500
7400
5000
7300
9300
5100
5300
5400
5100
5300
5300
22200
10800
6200
6200
6100
6000
6100
6100
6000
6200
6200
6100
6200
10900
6300
6300
6400
6200
8300
6600
6900
7000
7100
6700
6900
7800
7200
6700
7000
7200
7300
8700
7000
41500
7200
7500
8700
8400
7900
12100
7900
8100
7900
8500
8400
7900
50200
8000
7900
8500
7700
7800
8100
8000
9400
8100
7800
9000
12500
8600
8000
8600
7900
8600
8000
9300
8000
8100
8000
9100
7900
40900
104500
5700
5800
5600
4900
5000
5100
5600
5900
5600
5700
12600
5600
9100
5000
5000
6200
6300
10300
5900
5900
6100
6000
12300
6500
6000
6700
33200
6400
6000
6400
6200
6200
6300
6400
6200
7500
6500
6700
6800
7100
6800
6700
7200
7000
6500
6900
7400
7300
7100
6800
134100
7700
11600
30100
8400
7600
8400
7700
7900
7800
8400
7800
7500
37800
7700
11800
8600
7900
8000
8200
8100
9300
7700
7500
8700
9000
8200
7700
27700
8000
8300
7700
7600
7800
7800
7700
8800
9300
8300
108500
12500
5600
5400
4800
4800
4800
5400
5700
5400
5500
25200
4800
4900
4700
5000
22500
10000
10300
39900
5900
6100
6200
5700
5900
7600
6600
5900
6100
6200
6200
6000
6300
6200
6000
6400
10900
7200
6900
6600
6400
6800
6800
6800
7700
7500
7000
6600
6800
6900
6900
6700
7000
7600
8300
11900
7600
7900
7500
7700
7900
8700
7700
7600
39300
7400
7600
8400
12700
7800
38000
8100
9100
7700
7300
8500
8100
8000
7500
8100
7600
12100
7700
7600
7800
8600
19500
16300
11200
8300
99300
5400
16100
9300
4700
6200
4800
5600
5400
5400
6500
12300
4700
4800
4800
4700
5000
5900
9900
6100
5800
10100
6200
8400
8700
6900
6500
5900
7900
6200
6300
5900
6400
6300
6300
6000
22800
7300
6800
6800
6400
6700
11000
6900
112100
6900
6900
6900
6600
6900
7000
6800
7100
7100
8200
7500
7400
7500
7900
11400
7400
8300
31700
7700
7800
8400
8400
7700
10900
34400
7800
13000
9200
7400
7400
8800
8100
8000
7700
8300
7600
8400
7600
7600
12100
7700
7500
8600
8300
8000
97500
5500
5300
5400
4800
4800
4800
10300
5400
5500
5600
11300
4700
4800
5000
4600
5000
5800
9300
6300
7300
6100
6200
6200
5800
10000
7100
6200
5900
6300
6400
6300
6100
6200
6200
6100
7300
7200
6700
6800
6800
6600
6800
6800
6900
6600
10700
7100
6900
6700
6800
7000
10200
7500
8300
7600
7500
7500
7900
7600
7400
8000
8100
11500
7800
8400
8100
7800
9000
51800
28400
13500
16700
13700
19400
13600
13300
14400
11500
76300
19400
18100
93600
15900
16200
18600
22700
20400
17000
17000
247800
11300
11100
11100
10000
10200
9800
11100
11200
18000
11400
22700
9600
10300
10300
10800
10300
11300
15600
12600
12800
12500
15800
13000
13100
12500
13500
13200
15600
12900
14900
14300
13300
12200
18900
15600
23300
18800
15900
15100
17400
16800
17300
13900
15500
51800
17800
14000
17700
20500
14600
14600
14500
16800
16700
15900
17300
15100
16700
15700
15700
16600
16000
15600
16200
21500
16800
16100
16000
183300
18900
17400
17800
16600
15400
17000
21200
17300
16300
16500
15700
16000
80500
15700
15900
17600
16500
16200
22800
16200
127800
11200
5700
7400
5900
5600
5200
5800
4900
5600
5100
9300
4900
5100
5000
6000
4900
6800
12200
6400
6400
5800
6300
6000
6400
6200
6000
10400
6200
6100
6200
6400
8900
6100
6800
6600
8000
35900
6900
7300
6900
7200
7000
6900
9600
10500
11600
7100
10600
12200
12100
12500
13400
12600
15400
10700
7700
7600
7500
7500
7600
9800
14500
7900
7900
46500
7900
7700
7800
7700
8400
7800
9600
7700
7700
11500
8500
7500
7600
63100
8600
7800
7600
7600
7800
8800
12900
8500
8300
25500
98500
4900
5000
5800
4900
4500
4800
5200
4600
5000
5100
6000
9600
5200
5100
5100
6000
5800
10800
6200
6400
6200
6100
6200
6400
6200
6000
25600
6300
6300
6400
6300
11600
6500
6500
6100
8000
6700
6400
7300
6600
7100
6800
7200
7300
7300
7200
6900
7000
7000
6800
11000
7300
7100
9500
7500
7400
7400
7500
7500
7500
7500
7400
7600
7600
47900
7800
7700
7800
7800
7900
7700
9000
7700
7600
7600
8300
7500
11900
37600
8600
7800
7800
7700
7700
8600
8600
8300
7900
7800
100200
4600
4700
5600
4700
4700
4600
5000
4800
4700
4900
5600
5100
5100
4700
5000
6700
9800
10500
6200
6200
5900
5900
6100
6400
7500
6000
6200
6200
5800
6400
6400
6500
6400
6200
6200
12100
6800
7300
6700
7200
6800
7300
6900
8600
7300
6800
6900
7000
6800
7500
7200
7600
7500
12700
7400
7500
7500
7400
7400
7500
7600
7500
7600
7500
54900
7800
7600
11600
7700
29000
8000
9000
7500
7500
7400
8200
7500
8300
34300
13500
8200
7800
7400
7500
11200
14500
8700
12000
11400
142500
9800
5100
6000
8400
4600
7800
7900
7100
7000
7200
9100
7600
8400
4800
4900
6700
6300
13700
6400
9300
15400
9100
6100
6300
8400
7400
9800
6000
10700
6400
53400
6500
6300
7600
6400
12200
12600
7300
15000
8300
6800
7200
6600
6800
8700
6900
6800
7000
7100
7400
6800
7600
7500
8100
7500
8300
12500
7600
8000
7700
7600
27900
7900
7600
7500
7800
7800
7700
7700
8500
12300
9200
7600
7600
7700
8400
7600
7700
34600
8200
7700
9100
11700
7700
9000
11000
8600
8100
38500
95600
4800
4800
5600
4800
4500
8700
4900
4600
4900
4900
5600
5100
5000
4900
4800
6100
5900
10600
7100
6200
6100
6100
6200
6300
7400
10600
6400
6800
5800
6400
6400
6500
6600
6100
6400
7400
6900
7100
6900
7200
6800
7300
8500
95300
8000
8100
8100
6800
7900
8400
8100
8600
8800
36000
8900
8500
10300
8600
10300
8600
8600
9100
8800
8800
8700
9600
12300
8000
7700
8500
7800
9000
7700
7600
7500
7600
7500
7800
26900
8100
11800
7900
58300
13700
11400
8800
7800
7800
7800
97000
4800
4700
9800
4800
4800
4600
5100
4800
4900
5000
5600
5200
5000
7100
5500
5800
5800
9700
6200
6100
5800
6700
10400
6600
6200
5800
6000
6000
5900
6600
6300
12700
6500
6200
6100
7700
6600
7100
6900
7100
6800
11200
6900
7000
21800
7300
7000
7000
8300
7400
7000
7600
8300
8400
7500
7600
8100
7500
12600
7600
7700
8300
27400
8300
7600
7600
7800
8100
8200
8400
7700
13500
7700
7500
7500
7500
7400
7400
8800
7700
7800
7600
43200
7700
11600
7800
7800
7800
8100
102600
5000
4600
5000
5500
4800
4900
10600
5600
5000
8900
4700
4900
5900
6000
5500
5100
4800
10400
6100
6300
6300
6100
5900
5700
6000
11000
6300
5800
7600
6400
6300
6300
6200
6400
6600
7600
25500
7500
7200
7100
6700
7300
6900
6900
6700
11000
6900
6900
6800
7400
7000
7500
7600
9000
7500
7600
7500
7600
7800
7500
8100
12400
39500
8700
7900
7800
8000
10100
7900
8000
7800
9200
7900
7800
7700
13000
7800
7700
8300
85400
8200
7900
8100
7900
7900
7900
8100
8100
12600
103500
6300
6300
6000
5600
5100
5200
5100
5800
4900
4700
13700
5000
4800
9400
5300
4800
8500
10000
6100
6300
6100
5800
6100
6100
5900
5800
19300
6500
6000
6100
6700
6600
6500
6100
10800
7500
6400
6700
7100
7200
6900
7000
6800
6500
6800
6900
6600
7600
8400
7100
6800
7300
7300
21800
7600
7500
7400
7500
7600
7600
8300
7700
7600
8400
7700
7700
7800
12700
7900
7800
7800
9400
8100
7600
7500
8200
7700
7700
8300
68000
8100
7900
7800
9100
7800
7800
7800
8000
7900
97700
5700
4900
9500
5900
4700
4800
4800
6100
4700
4900
13000
4800
5000
5100
4800
12700
6100
10800
6200
5900
6200
10900
6000
5900
6000
6000
6200
5800
6200
7500
6600
6400
6400
6200
6200
7200
6800
7100
6500
6800
6700
6500
10800
7300
6800
33400
6900
7200
7600
7400
7000
7000
7500
8700
7500
7400
7600
7400
11600
7600
8100
7700
7600
8100
7700
7600
7800
8300
7800
21800
8000
8900
11600
7700
7500
8400
7600
7500
8100
34300
7800
7800
8000
7700
7800
11900
8100
8000
7900
102500
5700
4600
20800
5600
5100
4600
5000
5500
5000
4600
15900
5400
4800
4900
5000
4800
6200
9200
6100
6600
5900
5800
6000
6200
5800
6100
6100
6000
6000
6200
10500
6600
6300
6200
6500
14400
6800
7100
6600
6800
6700
6800
6800
7400
6900
7000
6800
7200
7100
7400
11400
7200
10200
13400
10800
7600
11500
11300
7800
8000
7500
19000
7800
7800
7500
11700
7800
7700
7700
8600
8200
9200
7400
7700
7700
8100
7700
7800
12300
35600
7800
7800
7800
7700
7600
8100
9300
8000
28900
98600
6500
5700
6300
6300
6000
5700
4800
7500
4600
6000
14400
4800
5800
4700
5800
5900
6500
13400
5900
5800
6100
6000
5900
6000
94200
5900
30100
6300
5900
6000
6400
6500
6400
6000
6200
7000
10800
7100
6500
6800
6600
6600
6500
7300
6800
6700
6600
7100
6900
7300
7100
7000
7500
23900
7600
11700
8200
8600
7600
8000
7500
7600
7600
7700
7500
7600
7700
7700
7800
12500
8600
9000
7500
7500
7700
7800
7800
7700
19800
7800
7700
8500
7600
12300
8100
8400
9000
8200
7800
95400
5900
27400
16100
21100
7500
7500
14000
8100
5500
4900
15500
5300
5000
5200
5300
33000
8700
12800
6800
6100
6100
5800
6100
6100
5900
5900
11100
6200
6100
6100
7200
6500
6400
6000
6200
7000
6800
7200
6700
6500
6600
6800
6800
7300
18300
7100
11000
7200
7000
7200
6800
6900
7500
8200
7600
7600
8200
8300
7600
10100
7600
11600
7700
7700
7600
8300
16800
10500
8000
35800
8400
15100
7700
7400
7500
11400
7500
7700
8900
7600
7600
8300
7800
7800
7700
8400
7600
8300
7600
102000
5000
4900
4600
19200
4700
4800
5800
60400
4700
4800
12400
8700
5300
5100
5200
9400
5200
11400
6100
6000
6400
6500
6200
6000
6100
6200
6400
6000
6400
6400
6500
10600
6200
6600
6300
7800
19400
7100
7000
7300
7300
24900
7000
6800
6800
7000
7000
7500
11500
7400
7300
6900
7600
9000
7700
7700
7700
7700
8100
8300
7700
8200
31800
8200
8000
8600
8000
7800
8000
8100
7900
9500
8800
7900
8000
7800
15300
7900
8000
7900
7800
7800
8000
7800
7800
7900
7800
7900
8200
816000
5000
4900
4600
4700
4900
4700
4900
5000
6000
5100
4800
6100
4800
4900
5000
4900
6400
9300
6200
10500
6200
6100
5800
7200
6200
6600
6000
25300
6700
6400
6500
6300
7600
6700
6400
7700
6500
6700
11000
7000
7800
24300
6900
6800
6700
6900
6800
7500
7100
7300
7200
6800
7600
8700
29700
7800
7400
7600
7600
8000
7500
8000
7800
7700
7700
7900
7900
7800
11900
8100
8000
9100
8700
7700
7800
7600
8400
7600
7800
17400
7900
11900
7900
8000
7900
7800
7900
7900
8100
95600
4500
4600
4800
4500
4800
4700
4800
8900
5700
5500
4600
5900
4700
5000
4900
4800
15100
10200
6200
6100
5900
6100
6100
6200
15800
6600
6100
10600
6400
6400
6300
6400
6400
6600
6200
7200
23800
6800
7100
7300
6900
7200
6800
7000
11400
18500
7500
7000
7400
7400
7100
7300
6800
8600
7500
9700
7600
7700
7500
12100
7700
8100
7900
7800
7700
7700
7700
7700
7800
7900
40500
9400
12300
7800
8100
7600
8300
8000
7800
7600
7700
7900
7700
7900
7800
7900
7900
12300
9500
98800
4700
4600
4700
19800
4900
5000
4600
4900
5700
5000
4600
5800
4700
5000
8900
4800
6000
9600
6600
6100
6100
5800
5900
5900
5900
6400
6500
6100
6200
6000
6700
6400
6500
6600
6200
11800
18200
7000
7100
8600
6900
6900
6600
6700
7200
6900
7200
7000
7300
7300
7600
7500
6800
11100
8500
8500
8400
8700
10000
27400
8800
8700
33500
9100
9400
13800
8100
8200
7900
7700
8700
9100
8300
7700
7500
7600
9900
12000
7900
7600
7700
7700
7600
7700
7900
7900
7700
7700
14700
96400
4500
8500
4700
4500
4600
4900
4500
4800
5700
4900
4600
5800
6600
5100
5000
4700
6200
9600
6100
6000
6000
5800
12300
6100
5900
6400
14700
6400
6400
6000
6500
6300
6400
6500
6100
7200
6900
8800
7200
7100
6900
11200
6900
6800
7400
6900
7500
7200
7200
7300
7000
7500
7200
14900
7800
12600
7600
7500
12600
25200
9000
7600
7500
8100
8000
8200
7800
8200
7900
8100
12400
9100
7700
7700
7600
7600
7600
8300
7700
30100
8000
8300
7800
12000
7800
7900
13200
7900
7800
99200
4500
4600
4800
4600
4800
4700
4700
4800
5900
9100
4700
5800
4700
4900
4900
4700
23700
7700
6100
6100
6000
5800
6000
6100
5800
6200
6100
6200
6400
6000
10700
6300
6300
6500
6200
7200
6800
6700
6900
7100
7100
7200
6900
6700
7100
27100
7500
7100
11400
7300
7200
7600
7000
8400
7500
7500
7500
7500
8100
25400
7700
11800
8000
7900
7700
8200
7900
8400
7900
18400
8700
8800
7600
7700
7500
11900
7700
8200
7600
8300
7800
7800
9100
8400
7800
7600
7600
8100
11700
95600
5500
4800
4600
4700
19600
5000
4900
4700
4700
4900
4700
5000
4900
4900
4800
4900
9100
