1249400
49600
24700
11700
12100
14100
12200
10600
9500
9600
8700
8800
9000
9700
9200
16700
10000
115300
27600
64400
13900
117600
21600
94400
61300
12800
14200
13100
13400
13300
15500
14400
19200
14300
14800
15100
20000
114900
18400
129900
41500
103900
18100
17600
18100
30300
18800
272700
22100
19600
19900
20500
21200
19300
102500
24200
22600
22300
302900
23000
353300
25400
23500
23400
23400
23100
29000
24400
24800
27100
25600
24900
184900
27700
167800
29200
366400
28400
206300
31000
29300
28400
28400
29800
29500
36100
29600
29300
30000
30200
39500
13800
10700
6700
16000
26100
8200
7500
7800
16200
8300
8200
8300
8700
8800
9300
12800
10800
16300
45500
18100
62200
14800
48200
35700
14200
13100
13000
15700
13700
14800
15100
14300
14500
14700
15400
22300
75600
22800
83000
31800
71000
18000
19500
18700
19600
18700
163400
11900
13500
9200
9600
10200
9100
59100
11600
10600
10300
167300
15100
202200
11000
10200
10900
10800
10400
11000
10300
10800
10600
16100
10700
135600
12800
127900
14200
210200
12800
164400
15000
12900
12500
13000
14300
13200
14100
13400
13200
13000
13200
20000
7700
12600
3400
22500
3400
4500
4600
3500
12400
3700
3600
3700
4500
3800
4000
4100
4500
32200
11800
7900
21900
5700
6700
7100
5900
6600
6000
6600
10400
5800
6500
5900
6200
5900
36800
12300
62600
8800
67800
19400
372000
16900
11500
11400
14200
12300
154200
17600
15700
13000
13400
16300
11600
77600
17900
17900
16300
192700
21300
166900
11400
10300
10700
10200
10800
10800
13700
10700
10700
10800
10300
68200
12900
78900
15800
112700
12800
88700
14500
17800
12400
13100
14100
13100
13800
15300
12900
12600
13100
12300
9900
10300
3400
15700
3600
4500
3700
5100
19100
5900
5500
10000
4000
3800
4000
3900
6700
34400
13300
24300
32500
8100
7400
10200
8200
8000
6000
6900
5900
6100
6600
6000
7500
6100
35300
11800
31000
9000
42800
10300
45000
76400
8600
9100
8700
8100
8700
8200
8900
8100
8500
8500
25100
30900
11700
10500
10600
90800
11000
87600
10500
10000
10600
10000
13100
10900
10300
10900
10400
15000
10400
57300
12800
52500
13800
98800
12500
75200
14100
12400
15300
13100
14000
13000
14700
12900
13700
17000
13000
9700
9500
9900
3800
6000
3600
3900
3500
3500
14800
3800
3600
4000
3800
4300
4000
3700
4900
22800
10800
6400
6000
5300
16700
6600
6600
6400
5800
6400
5800
5700
7700
6400
6200
5700
52300
11300
17100
8700
39900
11000
23500
18100
8900
7800
9200
7700
9200
7700
9300
7700
8900
8300
36900
14800
39600
11500
34300
15000
30700
9700
10100
9800
13000
10000
105900
12300
32900
12300
11500
12700
10400
57200
12800
50300
13800
92600
12400
78800
13900
12400
12100
12800
13800
12900
13700
12900
12700
12800
12900
6600
6000
5900
3800
9200
3300
4100
3300
3400
12800
4000
3600
3600
3900
3700
4000
3700
4600
17100
13600
6500
8600
5300
6400
7000
5600
6500
5700
6700
5700
5700
5900
6200
7100
6100
44900
10100
17100
9400
30600
9800
25300
28400
7700
7900
9000
8200
8200
7900
8500
7800
8100
8300
19500
12300
36400
11500
40200
18900
29400
9800
11300
9800
11600
10000
79000
12200
25200
11800
11600
12700
10200
38100
14000
24100
12600
89000
12600
89700
29700
12700
12400
12400
13000
36100
12700
13000
13000
12600
12900
13800
9400
10000
8800
8000
9200
8400
8300
211500
25100
141500
19400
19100
18400
18600
18400
18300
14500
12900
12400
11900
12000
14300
118400
62500
12200
12900
89000
13300
13000
12900
91600
65200
13500
67200
12200
34700
15600
14500
14200
57100
14400
14500
14300
14400
14600
48200
14700
14400
82900
14800
80600
14800
14700
26400
18200
16200
18200
68000
16700
15700
21800
112300
17200
15800
15800
246600
153600
60500
15900
20600
16200
196200
14500
30900
12400
12400
12300
12800
19400
12400
12100
13700
27600
17100
12500
22800
12700
14700
12900
16200
11200
9700
9900
9600
51200
9500
9700
10500
9800
14800
9800
10000
68100
10100
9700
10200
10000
12600
11900
11700
12100
14200
73300
60800
12000
13000
76000
15400
12700
12300
73000
57600
13100
71000
12100
33600
16400
14100
14200
49800
14000
14500
14300
20100
15300
77700
15000
14300
84100
15000
76600
16700
14900
21800
17200
15900
16600
66500
17100
15600
17100
123500
17300
15900
15900
245000
152800
59900
15900
17500
16000
198700
13600
29100
12100
12400
12300
12200
19000
12500
12100
13900
32400
14500
13900
22800
12500
18800
12900
12500
8700
47600
8600
45100
8000
34000
8100
8900
55300
8400
9300
8600
8600
9800
8800
8600
52900
11200
10300
10600
11200
10400
12900
12600
10700
54200
11800
44600
12000
12900
12500
12200
58300
12000
10900
35000
13800
13600
13100
41100
12900
13200
13100
13000
13100
39500
17900
13000
59900
13300
55300
13100
13200
19300
19100
18700
15200
56900
16600
14500
15700
82700
20600
14400
14400
175900
115200
55200
14200
14400
14400
120500
13900
33700
12300
12200
12200
12100
21300
12400
12300
14200
27800
12100
14300
22000
12300
14200
12800
14000
8600
12500
22300
8400
8100
8200
73700
8700
8400
8400
8500
56800
7100
7600
7200
7300
7000
35100
8400
9100
7700
7800
12500
7900
7900
47700
8000
43900
8300
8600
8500
8100
8100
7900
8100
11200
9100
9000
8900
10700
55700
37700
8700
10300
55000
9800
10700
9200
129400
95700
20100
92400
21700
19500
18400
15200
15900
95000
17200
16300
17700
143200
15900
15400
15100
326900
202100
77000
16100
16000
15700
212200
11700
46300
10200
10000
10800
9800
22200
9300
9500
11900
37200
10200
9900
28000
10200
12600
10200
19000
12700
54900
54800
12800
12000
14800
83000
12400
11600
11700
12100
12000
12200
12100
12200
11700
12500
13800
19300
13700
13400
13900
15900
13700
13800
91100
16200
71600
14000
15200
15800
14500
117500
14000
14400
72600
18000
15200
14900
19300
97100
68200
15200
16500
181400
18200
15900
15400
108100
159100
18600
91700
16100
83700
19600
17400
15800
132600
15900
15900
15500
15300
99100
60800
102100
15300
109700
16200
104200
15600
16100
219600
14400
43000
10000
10700
10300
10200
23900
9900
10200
12300
56200
10700
10300
28800
10300
13000
11200
15900
12100
12500
11900
12200
11900
11900
12700
12900
12300
12800
17800
12600
71200
12300
11800
12000
11600
13000
13100
115700
13000
12500
15700
20200
14900
137500
14000
71700
14100
15000
14400
14700
14300
14100
14300
16100
24900
15600
15200
18800
99400
40200
9200
10100
62300
10100
9300
55500
55100
44800
10600
51900
9200
26100
10200
9200
9200
35400
8900
9100
9100
9700
13700
35700
8800
8800
67500
9300
56700
8900
9400
116600
8000
5700
6600
16900
6200
5900
7300
25000
6700
5900
5600
61900
41200
18100
5700
7300
6000
11700
12500
7200
7500
7300
8400
7100
7200
7400
7100
7300
7000
7300
7300
7300
7700
7800
7600
9000
7900
44200
7800
7600
8000
8000
7700
8000
7900
10300
8200
9600
8800
7900
9900
8300
9000
9700
13900
8900
8900
34600
8700
8800
8900
8700
8800
9600
9000
9700
9100
14400
9600
56000
9200
12000
9400
9000
9000
9000
9000
10100
13200
11600
10300
9000
10100
9800
10800
10300
12000
10100
9300
120900
6400
6800
6000
5900
7100
6200
6800
24600
28900
7200
6700
6600
25200
5700
6000
6100
6800
11000
7200
6600
6700
7200
7100
6800
7100
8000
7200
8400
7300
7400
12800
8700
7300
7400
7400
8400
7700
40400
8100
7700
8600
7900
7900
7900
8400
8600
7900
13300
8100
8000
8400
8100
8100
9300
9400
8700
8600
143400
10500
8700
8800
8600
13200
12400
9100
9500
9100
9900
9300
55300
9100
11100
13800
9000
8700
8800
8800
10200
8900
9000
9700
9100
10200
10100
13400
10000
10000
10800
9300
227300
6500
6400
5700
5400
6700
5400
11600
24800
27900
6300
8400
6600
25000
5900
5900
5900
6800
11700
7100
11300
7000
6800
6900
7000
7100
7200
7000
10600
7300
7400
8100
7500
7600
7300
7400
8200
7900
8000
7900
7700
13700
8000
8900
8300
8000
8000
8300
8000
8200
50000
8500
8700
8400
9700
9300
13100
8600
32900
8800
8700
8700
9000
8900
9400
8900
9600
9500
10100
13500
133900
10900
11400
9200
10300
8700
8600
9000
9900
8900
13600
10000
9300
9800
12000
9400
9900
10100
10000
9800
184400
7100
6300
7200
5500
6700
5400
6500
24700
33100
10100
8200
8800
43300
9100
9600
9700
10800
10300
10000
9800
9600
11500
33100
13300
8400
9000
8800
7400
7200
13500
8300
7700
7200
7500
7500
8300
7900
7800
7700
8100
8800
8500
8800
8400
53800
13200
8200
7800
8100
8400
8700
9200
8300
9400
8800
41600
9800
9300
8900
9000
15400
10500
9300
10000
10100
10600
9300
10800
10100
9300
9300
10900
13900
9300
8900
8900
9100
9900
24500
9400
10800
9400
11300
12200
9300
9800
14700
9800
13800
180000
6400
6400
5600
7500
6700
5300
6700
28700
28300
7000
6500
6400
24700
5800
5900
6000
6600
11600
7600
7200
7200
11400
7100
7100
7300
7700
7300
8600
7500
7900
8100
7300
7200
7400
7400
8000
7700
7800
7800
7800
8900
12300
8700
8400
8000
7800
9800
8100
8000
8000
10100
8800
8100
9400
8600
39400
13400
9500
8900
8800
8700
8900
9000
11200
9000
10500
9100
9200
9900
9200
13500
10000
9600
9100
9500
32700
8900
8900
9000
9000
9000
9700
10700
12600
10100
13800
10400
60300
11300
180200
6800
10800
5700
5300
6700
5300
6500
22800
27100
6300
6400
6400
24700
10000
5700
5800
7900
11100
7300
7100
7000
7400
6900
7100
7100
7500
7100
7200
7100
7200
8000
7100
7300
11400
7400
8000
7500
7900
8000
7900
8600
7500
8300
8600
7700
8500
11000
8200
9100
131500
15300
8800
62000
9400
8900
64600
8700
9200
8900
13300
8700
8900
9000
9500
9000
10300
133800
9500
11700
9300
16200
10000
9600
8900
9100
32300
8800
8800
9000
8800
8900
9600
13300
10000
9700
10400
9200
54800
9100
482000
31100
19800
37100
18100
17600
24500
17200
17900
21500
30100
12600
6700
6000
6900
6800
6700
6000
10700
6900
6600
7200
7500
6700
6600
6800
7000
7300
34600
7100
6700
7600
7000
6900
7200
11800
8300
7600
10000
7400
7400
7500
8000
121700
7600
34500
8200
7600
7800
7900
7500
12700
7900
8000
10100
8900
8400
9200
9700
31600
8500
8500
9100
13000
8700
8700
8800
8600
10300
8700
9100
8800
10400
8600
9200
8500
8600
8400
12900
8600
37300
8600
8700
9100
9100
8600
8600
9600
8700
10900
180300
5700
6300
5100
6500
5400
5200
6200
5200
5500
5500
7100
6700
5800
6400
5500
31900
6600
35300
7000
6800
6800
6500
6800
6700
6500
6700
6800
6900
7300
6800
7400
7000
6800
7000
11600
8200
7500
7300
7300
7200
7500
8000
122600
7400
33600
8000
7500
8200
7700
9200
12400
7900
7800
10200
8800
8500
9000
9800
31600
8900
8400
8900
12800
8600
8500
8700
8600
8600
8600
8600
8600
9600
8200
8200
8300
8400
8400
12900
9600
36800
8500
8500
8500
9100
8600
8600
9500
8700
10000
177700
5500
6200
5200
5300
5200
5400
6100
5300
6100
5600
6900
6500
5600
6300
5500
31400
7700
10500
6800
6500
6800
6800
6500
6700
6800
6800
6600
57200
8000
6700
7500
7000
7000
7400
11800
8200
7500
7500
7800
32800
7700
7600
7600
7600
8800
29200
8200
7900
7800
7500
12000
8400
7800
11300
8900
8500
9100
9400
31700
8600
8400
8900
12900
8600
8500
8600
8700
8500
8700
8600
8800
9800
8300
8200
12700
8500
8400
8600
8400
36800
8500
8700
8500
9000
8700
8600
9400
8800
14500
180200
5300
6300
5100
5300
5100
5400
6200
5500
5300
5500
6600
6600
5500
11200
5500
26600
6500
10900
6600
6800
6800
27900
6800
6800
6900
6600
6900
6800
7300
6800
11700
7000
8600
6900
7400
7800
7400
7400
8000
7300
7400
7500
7600
7500
8300
111200
8100
7600
12100
7700
7800
8400
7600
9000
8300
8400
8300
8800
8400
9000
40100
8500
38500
10900
8800
8700
8700
8800
10000
8900
8900
9700
8300
8200
10200
9800
9600
9600
9600
40300
9400
9600
9500
18400
9800
9600
13300
9800
14600
195700
5400
6100
5100
5800
6100
5500
6200
5400
5200
5500
6400
6400
5500
10900
5500
27300
6400
10900
6700
6700
6900
6600
6800
6700
6800
6600
7000
6900
7400
6600
16000
7100
6700
11100
7900
7600
7600
7500
7700
7500
7500
91500
7700
8100
8100
29400
8100
7800
7700
12300
7900
8200
7700
9000
8400
8400
8300
8900
8800
9000
39900
8900
38900
9200
8500
8700
8700
8600
9100
8800
8800
10200
9300
8500
13700
10300
32500
8600
8400
9100
8600
8500
8600
9000
8400
8600
8700
13300
8800
174100
5500
6000
5000
5200
5000
5400
6100
5500
5300
5500
6600
6500
5400
11200
5500
27500
6500
9400
6800
7000
7000
6900
6600
6800
7000
6800
6700
7000
7500
7000
14900
7200
11400
7100
7600
7700
7200
7500
8200
7700
7600
8100
7700
7700
8200
88500
8900
7800
7900
7600
12200
9700
64700
8800
8300
8500
8400
8900
8500
9300
44200
8500
71200
9300
8600
8700
8600
8600
9200
8900
8900
10100
15000
8600
9400
9100
32400
8400
8300
10900
8600
8600
9000
8600
13600
8700
8700
8700
8600
177100
5600
5200
5400
5500
5300
5600
5500
12800
5300
5600
5500
5300
9900
5500
6500
5600
7200
11800
6800
6900
6700
6600
7300
6900
7300
6800
6800
7000
11700
7200
17600
7300
7100
7100
7200
9000
7700
7500
7400
25100
7500
7600
9300
8800
7800
7500
12800
8000
8800
7800
8200
7800
7700
11300
9100
8600
8500
9900
8600
8600
12900
8800
8800
8800
9200
8700
8700
8800
8800
8900
9700
11200
8800
13000
9500
8600
8700
8600
8500
9800
9000
8700
8800
9200
8900
8800
9800
13900
9100
173800
14500
5400
6300
5400
5700
6500
5600
5600
6400
5600
5500
5700
21700
5700
5700
16300
5500
10600
7100
7000
7000
6500
7400
8100
7000
7300
6900
7300
7000
6900
14700
11400
7200
7000
6900
10100
7700
7600
7600
24400
7400
7600
7500
8100
7700
7500
8200
7800
15200
7900
8300
7800
7900
10100
9000
8400
8300
9800
8400
8400
8600
8400
12900
8600
9300
8600
10000
8900
10100
8800
9400
11000
10200
8500
8500
13500
8500
8600
8400
9600
8500
8700
10700
9300
9200
8700
9800
9500
8900
179600
14200
5300
6000
5600
5300
6500
5400
5500
6600
7500
5700
5400
17200
9900
5600
16300
5600
10200
7200
8700
6800
6800
7300
6700
6700
7200
7000
7300
7000
6800
18600
7100
11900
6900
7100
8200
23900
7400
7500
7600
8200
7700
8200
7700
7500
7800
7800
7800
8000
7800
13600
8000
7900
9900
9700
8300
8500
9300
8500
8400
8600
8400
9000
8600
13500
8600
8500
8700
8700
8600
9100
10700
8500
8300
8900
8500
8600
12700
8600
9300
8500
8600
8500
9000
8600
8500
11500
9300
8600
190700
15400
6300
7100
6600
5400
8200
5400
6600
7400
6500
6500
5500
17500
6600
5600
21300
5700
9600
6900
7000
6900
7000
7100
6700
7500
7200
6900
7100
7300
6900
14900
7100
7300
8300
6900
12300
8200
7400
7500
7500
8100
7400
8000
7400
7700
7700
7700
7600
7800
7900
8000
7900
7700
13600
8600
8300
8400
25600
8400
8300
8400
9000
8400
8500
9100
8500
14700
8700
9300
8700
8600
10500
8400
8400
8300
8500
8400
10200
12700
9100
8500
8700
8700
9400
8900
8800
9600
9800
9000
175400
17700
5300
6100
6000
5400
6200
5500
5200
6400
5300
5500
5600
16200
5600
5700
16100
5900
14200
7100
6900
6700
7000
7000
6900
6700
7000
6900
7200
7100
6800
14900
7200
7200
7700
6800
8100
7400
12000
7600
7500
8200
7400
8300
7500
7600
7700
7700
7600
7800
7900
8000
7900
7800
9600
8600
13100
8500
26800
8600
8600
8500
10500
8800
8500
9300
8600
10100
13100
9300
8700
9300
10500
9100
8600
8600
9200
8700
8700
8700
8600
15300
8900
9900
9300
8800
8700
8600
8800
9700
176500
13900
5100
10900
5400
5500
6200
5600
5600
6400
5700
5400
5600
16100
5400
5600
16000
5700
125300
7300
7100
6600
6700
7000
6900
7000
6900
6800
7100
7100
7100
14300
7100
8800
7100
7000
8100
7300
12000
7600
7600
8400
10700
8400
7400
7800
7700
8300
7700
7900
8000
7900
7900
7800
9600
8500
12700
8600
25700
9100
8500
8400
9100
8700
8600
9400
8800
10000
12800
9300
8700
8900
10200
9100
10300
8500
10700
8400
8300
8500
8400
12700
8800
9500
8500
11000
8700
8500
8600
9600
177000
5700
5600
22400
5700
5600
5400
5500
6200
5600
5600
5600
5600
6200
13800
6500
8200
6000
14500
7800
6600
6900
6800
6900
6700
7700
6900
6700
7000
7200
6900
20700
7200
7600
7100
7300
8600
12600
10800
8300
8000
7600
7700
7700
7800
7500
7700
7800
7500
7700
7800
7900
7700
7900
9500
8500
12900
8600
9700
8400
8500
8400
8800
8700
8600
8500
9900
8500
8700
8700
8800
74800
10400
9700
8500
8500
8600
8600
8700
9200
8700
8600
8800
13400
10300
8800
8800
8600
10600
9900
177900
7100
5700
5300
6500
5500
9100
6600
8300
5600
6500
6500
5400
6700
7500
6700
5700
6700
12300
6600
7900
11300
7100
6900
6600
6800
6900
6800
6700
7000
6900
17200
7200
7300
7200
7100
8100
7400
7900
7900
12400
7600
7300
7500
7500
7600
7400
7700
7700
7400
7700
7700
7800
7600
9100
9700
9100
8400
9100
12700
8500
8500
8500
8500
8400
8500
9600
8600
8600
8700
8800
148400
14400
9400
8300
8300
8500
8500
8500
8500
8400
8600
8500
8700
11400
13400
9100
8700
10000
9400
173600
5300
5400
5300
6100
5200
6700
5300
10600
5300
5400
5600
5200
5600
6500
5600
5500
5800
10000
8300
6700
6800
7000
10100
6900
6600
6800
6800
6900
7500
8400
16500
7000
8100
8000
8000
8800
8900
8400
7400
7400
8600
8400
7400
7600
8700
8600
8800
7500
8700
12000
8200
7700
8400
9000
8200
8300
8300
8800
8300
8600
8500
8400
8500
8400
8500
13900
8500
8500
14600
8700
67600
10200
8900
8200
8300
8400
13000
8500
8500
8500
8500
8400
8700
10200
8700
8600
9300
10000
9600
204700
7200
5200
5400
6200
6000
6800
5400
6200
5600
5300
5600
5400
5700
6500
5700
5800
5500
15400
6900
6900
6600
7000
7100
6900
6600
6900
8900
6900
6900
7000
15100
7300
7300
7200
7100
7800
7900
11900
7300
7700
7500
7600
7400
7700
7600
7600
7600
7700
9200
7600
8200
7600
8200
9000
8300
8700
13500
9300
8400
8400
8700
8400
8600
8600
9100
8600
8600
95800
13000
8700
8600
9700
9000
8500
8500
8500
8600
8300
8500
8400
8500
8400
8600
15400
8700
8700
8600
10000
9400
171500
5400
5000
5300
6100
5400
11100
5600
6100
5600
5300
5700
5500
5400
6600
5500
5700
5500
9800
6900
7000
7300
6900
6900
7000
8400
11200
6800
6900
6800
6900
14500
7200
7600
7100
7000
7900
8000
7300
7500
7900
7500
7300
7600
7600
7600
11900
7600
7800
7800
7700
8300
7600
8400
9100
8400
8900
9100
9300
8500
8500
10100
13000
8600
8500
8900
8600
8600
8700
8700
8700
10000
9500
8900
8400
8300
8400
12500
8500
8400
8500
8600
8500
8600
10500
8600
8700
8700
8700
71000
173000
5500
5200
6500
6000
5500
6600
5900
6100
5700
5500
5400
5600
5400
10900
5500
5700
5800
8700
6700
7000
6900
7100
7100
6800
6800
6900
6800
7400
7000
6900
14800
7200
7400
7200
11100
7800
8000
7500
7300
7600
7500
7600
7400
7500
7500
7700
8200
7600
7900
7800
8400
9300
8400
13100
8500
9100
8800
9500
8400
8600
8300
8700
8600
8600
8500
8800
8800
13300
9300
8800
9100
9500
8900
8900
8400
8300
8300
9000
8400
8500
8500
8400
12800
10300
9300
8600
8600
8700
68500
175000
6500
5600
5300
9700
5800
5400
5800
5500
5500
5700
5800
6700
5500
5800
6300
7900
6800
11200
7500
6700
11300
7100
6900
82700
7400
7200
6900
6800
7200
8200
14800
7400
7000
7400
7400
8500
9300
8300
7500
7600
8100
7800
7800
7700
7500
7600
8600
7800
9300
7800
8000
7700
7800
9600
12900
8600
8600
9800
8700
8700
8500
9200
8900
9400
9300
9400
8800
13700
9400
9000
9500
10400
8700
8600
8600
8600
8800
8500
8900
14500
9000
8800
8900
9400
9900
8700
9600
8800
8900
175500
5800
10100
5600
5600
5200
5600
5700
6800
5700
5300
5700
5800
5400
5700
5800
5800
6700
10800
28200
12400
6900
7100
6900
6800
7100
7400
6900
6900
6600
7300
15400
8000
7100
7400
7100
8200
7500
12300
7700
7800
8000
7600
7600
7700
7700
7600
8200
7500
8200
7700
7800
7900
7800
9500
12400
8400
8400
9500
8500
8600
8600
9200
10100
9100
11200
9200
8800
11000
10500
10100
11900
12000
9400
9600
10900
9400
9500
9500
9500
9700
13800
8600
9000
9300
9600
8700
9600
11000
8800
174800
5400
9600
5300
5400
5300
5300
5400
6500
5600
5500
5600
5500
5600
5800
5500
5700
6600
10300
6800
6900
6700
6800
6800
6700
7000
6700
6700
6900
7000
7000
15200
7300
7100
7200
7100
8600
7500
7500
7500
7800
7200
32700
8200
8000
7900
7400
8200
8900
8000
8200
7800
8500
8200
9500
8300
12800
8500
9600
9400
8400
8500
8900
8400
9200
9100
9300
8700
9100
13400
8800
9300
10100
8700
8600
8500
8400
8400
8500
8400
9000
12900
8700
8600
9200
9400
8600
11400
8800
8900
188100
5400
5400
9800
5200
5400
5500
5300
6200
5600
5400
5600
5600
5500
5700
5700
5700
6300
10100
7000
7000
6700
7200
12000
7000
7100
6700
7000
8500
6900
7300
15000
7900
7200
7300
7200
8500
7500
7700
7500
8000
12400
27900
8100
8100
7700
7800
8200
8700
7700
8100
7700
8600
8300
9000
8300
13600
8600
8900
9300
8700
8400
8700
8700
8500
9300
8700
9200
9300
13100
11800
9000
33600
8700
10400
12700
9100
8500
8600
8500
11500
8200
12100
8100
8700
8700
8000
8900
8100
8800
162200
5100
4900
5000
9300
5100
4900
5000
7500
5100
5100
5000
5300
5300
5400
5200
5400
6000
11500
6400
7000
6200
6600
8200
11400
6700
6200
6400
6500
8100
6600
15000
6800
6500
7100
6400
8000
7100
7000
7100
7400
7200
31200
7800
7500
7400
7100
7600
8200
7100
7600
8600
7600
7700
8600
7700
8200
11900
8600
10400
8100
8000
8100
8000
8000
8800
8100
9200
8200
8100
8200
12900
9300
7900
7900
7900
9000
12600
10900
11500
12500
11800
12100
19100
14400
13500
13700
8900
8300
9000
162200
5300
5000
6000
5800
9500
5200
6700
6300
5300
9900
8400
8700
6300
7400
7600
5300
6200
9700
6700
6500
6300
6400
6400
6200
10800
6700
6500
7200
6300
6600
16400
6600
6400
6700
6600
8000
7000
7000
6900
7400
6800
30500
7500
7500
7200
7000
7600
8200
7200
7600
7700
7900
7900
8900
7900
8300
9900
12800
8800
7900
7900
8000
8000
8000
8700
8100
8600
8200
8300
8300
8300
14800
8000
7800
7900
8500
7900
8000
8000
8500
8000
8800
13200
8800
8900
8800
8900
8200
10800
165800
6700
5300
5300
5000
5300
9500
5100
5200
5300
6900
5200
5400
6400
5200
6400
5100
5300
13100
7000
11000
6500
6200
6500
6600
6500
6200
6400
6400
6500
6300
16600
7300
6600
6500
7000
8000
7000
7400
7700
11200
7200
7400
7600
60000
7100
7300
7200
7900
7500
7500
7700
7500
7200
8900
13900
12900
8200
8300
8000
7900
8000
8000
7900
8000
8100
9700
46400
12500
8200
9000
8400
9400
8100
8100
8600
8700
8200
7900
8100
8100
10000
9300
10900
9800
9200
53200
11000
11100
130800
356000
11400
5900
5600
5300
7600
5400
9800
5300
5700
5800
5500
5300
5800
5400
5600
5900
5500
12200
14000
6700
6900
6800
6900
6800
6700
7000
7100
6600
6900
7200
18400
7000
7200
7100
7000
8300
7600
12900
8200
7600
7400
7400
7900
40700
7700
16300
7500
8300
8200
7900
8300
8500
8000
13900
8500
16000
8600
9300
8500
8400
8600
8500
8500
8500
8700
10700
47500
8800
8900
9400
9000
10000
8700
8500
8600
9500
8800
8700
13100
8600
8600
8600
11400
9400
8800
112800
10200
9700
57900
173200
5600
5000
5400
5400
6600
7000
5300
5600
5700
5400
7500
5700
5500
6100
5700
5700
10100
12000
7900
6600
6700
7100
7200
7500
35100
7000
7100
6900
6800
7400
15400
7200
7300
11600
7000
8800
7800
7900
7600
7600
7600
8200
7700
7500
7800
7400
7800
7700
9500
7800
7900
8100
13000
10500
8400
9600
8500
9000
8400
8400
8400
8400
8300
8400
8500
9900
77400
8900
8900
9600
9100
10000
8600
8500
8400
9400
8500
12900
8700
8500
8600
8600
11800
9400
8900
53700
9800
9600
57100
172700
5600
5300
5100
5500
6800
5400
5400
5500
5600
5600
5300
5600
5700
5400
10200
5900
5500
11200
7100
6800
6600
7100
6900
6800
6900
7000
6800
6900
6900
7300
15200
7100
7000
7000
6800
13300
7700
8100
8000
7500
7500
8300
7600
7600
7400
7500
7700
7700
7500
7700
7800
7900
8800
13100
8900
9600
9000
10300
8700
147800
9900
37400
8500
13200
8700
9400
9500
8900
9900
8700
8700
10100
8500
8300
8400
9100
12800
8500
8600
8600
8500
8500
17800
9400
8600
52600
12600
14100
131000
198300
5500
5100
6800
5500
6400
5400
5200
5400
5400
5300
5500
5300
5600
5600
5400
5800
5600
11000
6900
6600
7000
7100
7000
6900
7100
7200
7100
6900
48000
11600
15300
49000
6700
7000
7500
8400
7600
7900
7600
7600
7400
8300
7700
8800
8600
8700
7600
8800
8900
8800
9000
7900
9400
11100
9500
9900
13400
8900
8500
8400
9000
118600
8500
8700
8700
9300
9400
13200
9400
8700
8600
9800
9700
9700
8500
8500
8500
8500
8500
8700
9000
13100
8700
14600
42000
8800
8800
9600
9000
176400
6100
10100
5300
5500
6300
7000
5500
5300
5700
5600
5400
5500
6100
5500
5700
5700
5400
10900
6900
6800
6500
7800
6800
11200
6600
7000
6900
6800
6900
7000
15200
7000
7000
6800
7100
8200
7500
8000
7600
7600
7200
8000
7800
11900
7700
7400
7600
7800
7700
7500
7800
9400
9300
8900
8300
8900
9000
8900
8500
8400
9000
37600
8600
8600
8700
9300
9000
8900
9900
8700
8600
14000
8300
13200
8600
8500
8300
8300
8600
8400
8400
8300
8500
16400
47100
10300
8800
9500
8800
178300
5700
5200
5300
6200
5500
5300
6200
7600
5500
6900
7600
6700
6700
17700
7500
7700
16900
11400
6900
6900
7300
11500
6700
7300
6500
6800
7000
7000
8800
7000
17100
7100
6900
7000
7000
8200
7800
7600
7500
7700
7700
7300
11700
7600
8400
7600
8100
7800
7800
7600
8400
7900
8000
10000
8600
8500
8400
9000
8400
33600
9200
9400
8700
8800
8700
8600
8600
46400
8800
9300
8900
15100
8800
8500
8700
8600
8600
8500
9400
9500
8800
8600
9100
9900
13000
8800
9000
9900
8800
176100
5600
5500
12800
5400
5300
5600
5600
13900
9800
6600
5800
5600
5800
5700
6300
6800
5800
10100
6800
6500
6800
6800
7000
6700
6800
7100
7000
6700
6800
11600
16300
6900
6900
7100
7000
8000
7500
7500
7400
7600
7500
7300
7700
7500
7500
10900
7900
7600
7800
7500
12700
7800
7900
9500
8300
8200
8300
9000
8400
28200
8900
9100
8500
12900
8700
8500
8600
45200
8600
9100
8900
10500
8700
8600
8500
15400
8800
9300
9300
9500
10300
8600
8600
9900
8700
8600
8700
9700
9600
180300
11400
9600
12700
5400
5000
5300
5400
13100
5400
6300
5400
5500
5800
5300
5700
6500
10300
15700
10700
6600
6600
6600
6600
6600
6600
6900
6600
6500
7100
7100
15500
6800
6900
6900
6700
8100
7400
11900
7500
7100
7400
7900
7400
7600
7400
7700
7500
7600
7400
7700
7800
7600
7700
9500
8900
8300
12800
8900
8200
71600
9200
8800
8500
8500
8500
8400
8500
43600
12900
9000
8700
10500
8400
8300
8300
8400
8300
8300
9000
9400
8800
15700
8600
9900
8500
8900
8500
9500
9300
195400
5300
5300
13500
5400
5100
9800
5500
13800
5400
6300
5500
6100
5700
5600
5400
6600
5700
10400
6900
6600
6800
6700
7000
6600
45600
7100
7400
6800
6800
7200
16400
7100
6900
7000
7000
7900
7500
7500
7200
7500
7400
8100
12100
7600
18600
14900
7800
7500
7600
7700
7900
8900
7900
27800
8300
8100
8500
9700
8400
12500
8500
8300
8500
8500
8600
8500
10100
8500
13100
8600
8800
14800
9200
12600
8300
8400
8400
8400
9300
10900
8700
8400
8500
9800
9600
8600
8500
13900
8800
181400
5500
5300
20400
5200
5100
5400
5500
13200
5300
6400
5500
5300
5700
9800
5500
6700
5700
10800
8800
6600
6600
6700
7000
6600
6800
7100
6800
6700
6600
7100
15800
7100
7000
6800
11600
8000
7600
7500
7300
7500
7500
8200
7500
7400
7500
7600
7600
7500
7500
7700
7700
7800
7700
13200
8300
8300
8500
8800
8300
8200
8400
8400
9100
8500
8500
8400
8500
8500
9200
13500
8800
10100
8400
8400
8300
8500
8400
29400
9100
9100
8500
13100
9100
10700
8600
44200
8800
9400
8800
178200
5300
5400
16300
5700
5000
5200
5400
12600
5400
6400
5400
5200
5700
5700
5500
6400
5700
9100
6800
6400
6700
6700
11500
6600
6700
7100
6800
6500
6900
7100
15800
6900
6700
6800
6800
7800
7300
7700
7300
7300
7200
8000
7300
12100
7800
7700
35000
40200
7500
7800
7700
7900
7600
8800
8200
8200
9900
10600
9400
9300
9200
9200
9100
9500
9500
10100
9500
9500
10300
9600
9800
11900
12800
8300
8300
8300
8300
40600
9100
9500
8400
8400
8400
8400
9000
47700
8600
9200
8700
179100
5500
5100
5400
5800
5300
5200
6200
6400
10200
5300
5500
7000
5600
5500
5500
6600
5600
11900
6800
6700
6600
6700
7200
6800
12700
6800
6800
7300
7300
7100
53000
6900
7100
7000
6900
8600
7900
7500
7400
7500
7600
12100
7600
8200
7800
7700
7700
8200
7600
7600
7800
8000
59300
15000
12500
12900
12400
10800
14200
8500
8600
8500
8800
8600
9200
8700
8700
8800
11000
8700
8700
11500
13100
9300
10900
9600
8600
8500
8500
8600
8400
9300
8600
9300
123000
8800
8800
9700
8700
180300
5700
5600
5300
5400
6200
5500
5400
5500
5600
10900
5600
5500
7300
5600
5500
5500
6400
10500
6900
6800
6700
6900
6800
6700
50100
11400
7000
11400
7200
6800
16700
8900
7100
6900
6700
8500
7500
7100
7700
8000
7400
7200
7400
8000
7400
7600
12400
8100
7500
7700
7700
7800
7600
9500
8200
8600
8200
9600
8300
8200
8300
8300
12600
8400
9000
8400
8400
8500
8500
8400
8600
10000
8300
10500
8400
9100
13000
8400
8500
8500
8300
9300
8400
9100
55900
8800
8500
9500
13100
175200
5200
5200
5100
5000
6000
6700
5300
5000
5300
6300
5400
5500
5200
5500
5200
5300
10700
10900
6800
6500
6800
6300
6500
6600
6400
6800
6800
6700
7000
6600
15500
7200
7200
6700
7000
7900
11700
7500
7900
7300
7800
7400
8000
7600
7700
7700
8100
8100
125800
7700
7600
7700
12200
9200
8300
8200
8200
9500
8300
8200
8200
8400
8300
8400
9000
8400
8500
12800
8500
8600
8700
9800
8200
9200
8200
10300
8600
8300
8300
9000
19400
9200
8500
9100
54700
8500
8400
9100
9200
176600
9700
5100
5100
5100
6000
5300
5300
5300
5200
6400
5300
11600
5200
5500
5600
5200
6400
10300
7000
6600
6900
6500
10900
6500
6600
6700
6600
6700
7300
6800
15100
7300
7600
6800
6900
7900
7200
7400
7300
7300
7800
7200
8000
7500
7500
7600
8000
8000
40600
7600
7500
7800
7800
10500
8300
8200
8800
13200
8200
8200
8200
8800
8400
8400
8500
15100
8400
8500
8600
8600
8600
14300
8200
8800
8300
9200
8600
8300
8300
10800
8500
9000
8400
9100
136100
8800
8500
9400
8700
234500
5600
5100
6500
5300
6100
5200
5000
9800
5300
6200
5400
5200
5300
5200
5400
5400
6100
10700
6700
6400
8300
6600
6600
6300
6900
6900
6700
11500
6800
7400
15200
7300
7000
6600
6900
7800
8100
7500
7400
7100
8000
7500
7900
7600
7600
7600
12400
8100
26100
7400
7700
7800
7700
8700
8300
8800
8600
8800
8300
8500
8400
13400
8600
8400
8400
9200
8400
8500
8500
8500
28500
9600
8400
8400
12700
9100
8400
8300
8300
8300
8500
8500
9300
9200
8700
8600
9700
8500
10500
182000
6400
5100
6100
5100
8000
5200
6300
6200
5200
7500
5300
6500
5200
6600
6500
5300
11900
9800
7000
6700
7000
6700
6400
6600
6600
6900
6500
6700
7000
6900
15700
7400
7200
6900
7100
12300
7400
7100
9100
7500
7900
7300
7900
7800
7500
7800
8200
8000
29000
8100
7700
7800
7600
13500
8400
8400
8400
8900
8200
8400
8700
9100
8500
9000
9000
9100
8600
13100
8800
8800
8800
9700
8200
8200
8200
9000
8300
8300
8300
8500
8600
13100
9300
8400
9000
8500
8500
8400
8400
177800
5300
6500
5200
6100
9800
5100
5300
5500
5100
6300
5300
5500
11600
5200
5500
6400
5500
