1341800
157200
7700
6800
9400
22900
8200
7200
9400
7700
7900
8700
9700
8700
8500
8700
9600
9300
148100
12500
160300
11800
11100
153800
11900
12200
11700
13800
12300
187800
13000
193000
13600
12800
13400
13200
26200
79800
85800
17500
16100
15500
97100
18000
16300
126500
16800
17200
17300
17200
17500
17600
19500
17600
181400
137100
313300
143600
22100
24300
21000
21300
21700
25600
35200
22300
22800
39500
246100
22700
22700
22600
87800
27100
168000
25300
191500
34800
27300
198200
29400
28100
35300
167300
28600
28400
30800
30700
283000
33100
29000
10900
6400
6400
14700
19800
12000
22000
9700
10300
8500
9000
24100
18200
8800
10100
10600
9500
75700
13100
82500
12200
13000
68700
12200
12700
15100
12600
13300
93500
13300
95800
14300
15800
14000
15300
28000
54800
61400
21600
20700
20000
67800
17400
17200
72600
18400
18100
18000
18300
18700
18500
20500
18900
134100
89000
140700
93300
21900
25800
25900
27400
26500
28600
22400
22800
22700
27200
150600
23900
23800
23600
95400
26200
96500
26100
97000
27000
27400
27200
28800
28400
30100
76600
28300
30000
31100
28500
227400
29800
30500
9100
6400
6500
7600
15500
7100
16500
14800
3900
3300
4300
19700
27400
5400
14000
6300
5400
20500
58600
7900
25800
8600
67100
55800
9200
8000
7800
8300
8200
10400
8700
99300
9300
8500
8700
16900
43600
65400
12600
11000
10900
53200
11100
10900
67400
11000
10500
18700
11000
11700
11100
13500
11400
104500
90600
110900
75400
21100
17900
14200
14000
13500
14300
14000
14600
14300
20200
138700
16400
14800
14100
58700
17000
101000
17700
147000
16700
16700
17700
16100
17000
19700
86700
16700
16900
18100
28100
193600
19400
17100
11100
15900
4900
18600
23900
27200
5500
22000
5400
5300
10400
6200
5200
5300
11700
6700
6300
27900
37100
7900
8300
9200
13800
7900
8400
8000
7600
9300
8900
9700
8700
16100
8300
8400
8300
52000
12600
56400
10800
10700
55500
10900
11400
10900
11600
10800
78700
11700
79100
11400
11200
11700
11000
80800
62400
99000
64900
14400
18300
14200
13800
14000
14100
13800
14500
13700
17900
122700
14900
20800
14000
52900
17400
89200
16600
139700
20300
17100
17200
16500
17300
25900
91800
18000
18600
19800
16900
167400
17800
5900
5500
26000
4400
4800
18100
43300
31800
33400
4900
5000
6000
19500
20000
5200
7900
5900
5600
13000
37600
7500
22000
8600
19300
8200
8600
7700
8300
8300
9100
9600
9000
8800
9000
8700
10000
58500
12200
61000
20900
17100
52800
10700
11400
10700
11400
10800
72100
11300
73500
11500
11200
11600
11200
21300
71500
36600
15200
13300
13400
44000
16300
13700
51800
14700
14100
71600
14300
14000
14400
16700
13700
46400
16500
84200
19300
104900
22600
17100
16800
16800
17000
19600
75100
16500
16900
19500
16800
164500
23400
5500
5800
25200
4600
16900
5700
30900
4800
34400
4900
5000
5700
5200
5200
5100
6700
6000
5700
21300
31500
9700
7800
7900
12500
7600
8200
7800
7600
8200
8400
9600
8600
8400
8800
8400
8600
48800
11500
52300
10700
10500
56400
17100
11200
11000
11100
11000
71900
11400
76700
11800
11100
11300
11500
19100
69500
55500
14800
13300
13100
46100
13300
13600
72900
13000
13700
68400
14300
14000
14100
15200
14200
84300
95300
111000
66300
18400
22500
18100
64300
17000
17600
17800
21500
18100
22300
116300
24500
17500
19000
20300
14100
15400
13200
12900
14600
13000
12500
13700
14000
13600
15400
14900
15300
13300
13900
15400
15300
19700
17100
18300
17100
18500
16500
18300
16900
18200
17800
18600
17200
24800
16700
339100
40600
28600
28900
64600
30300
31000
117400
31000
22400
21500
25100
90200
89600
22500
25100
23600
26700
22600
22500
29300
167400
81000
24500
276400
18700
85800
18100
16200
71600
16700
16200
48300
16100
15600
22600
16900
16200
15700
18200
192300
12700
12400
13100
14000
12500
22000
15800
26000
18500
12000
11900
11800
37900
12100
11700
12000
11800
15300
9300
9300
11000
9000
9600
9600
9400
13200
8900
9300
11100
9100
9300
8900
9200
9000
9100
11900
21900
11200
10800
18400
11700
12700
11700
12300
16400
11800
12400
16200
13000
77800
14100
11300
11400
26500
13100
13500
59600
13200
13300
13200
14200
47100
51700
13500
13300
13500
13400
17800
13400
13400
83200
38000
15200
70300
18200
66700
15400
11400
67400
9600
9900
44200
9700
13800
15200
10500
9600
9900
10200
178600
5800
5600
5500
6700
6000
14500
9900
20500
7700
5900
6000
5400
33200
7200
6200
6000
5600
12900
8000
8400
7600
7800
7700
7500
11700
7500
8100
7700
7400
8200
71900
7900
7600
7800
7700
8400
8600
8500
8300
8100
12900
8200
8200
10900
8800
8800
8300
8500
9300
8400
9700
9000
9100
23300
9400
13400
51600
9200
9100
9000
9800
43500
43800
9300
12300
13900
10400
11500
11500
9700
77300
48300
10200
71500
9900
64600
17200
9500
49000
8600
8700
35500
8900
9200
9200
9500
8800
9000
8500
102000
5300
5100
4800
5700
5000
17700
4800
19100
7000
6600
5400
5200
30300
5500
7300
5500
5300
10200
16800
6300
34100
6200
6100
6400
6300
6300
6200
6500
6400
6300
6100
6400
6300
6500
6200
8700
11800
7200
6900
7400
8400
7100
7000
7300
7300
8400
6900
7200
7900
7000
7200
8000
7600
8500
11800
7800
7900
33800
8000
8600
7900
8000
8000
7900
57700
13500
36800
54500
8600
8600
8400
26500
7800
54700
7900
46100
8800
8100
51000
8000
12300
32600
8200
8100
9100
8900
8100
9500
8400
99600
5100
9200
5700
7600
5200
14400
5300
20000
6700
5400
5300
5200
32500
5400
5400
5200
5300
10100
29200
6400
6200
6200
6300
8100
6500
6000
6500
6500
6500
6100
6300
6400
6300
6300
6400
32800
9200
7200
7000
7000
9100
7200
7100
7400
7700
7800
7300
7000
8100
7000
7300
7500
11600
8600
8000
7600
8500
25200
8100
9000
7800
8300
8000
7800
8100
13100
8100
52600
8800
44500
8400
41400
11100
9100
40000
8900
26300
9100
13200
59600
40100
8300
8200
8100
8200
8000
8500
8300
55800
105700
5600
5200
4900
6400
5100
16200
4900
19200
7100
5500
5800
5300
30100
5500
5400
7200
9600
10400
7400
8000
6500
6200
7300
8100
6600
6100
6900
6400
6500
6100
6300
6400
6300
6100
6500
7600
11800
7300
7000
6800
9000
6800
37400
7600
7500
7300
7300
7200
8300
6900
9200
7700
11900
8800
8300
7700
7700
9800
8000
8700
7900
8000
7900
7800
14900
9100
17100
84800
8800
54500
8100
20500
8000
9700
42200
7900
34100
7800
9100
32700
32700
8100
12300
8200
8200
8000
8100
8300
55700
147900
9500
15000
5500
26200
6500
5200
15100
5200
5000
11000
5300
5200
6500
6100
5300
5400
5800
10700
6400
6200
6000
6100
6200
7600
6300
6300
6200
6200
7000
6400
8400
6300
6600
6700
7300
11700
7500
6800
23100
7700
7300
7300
7100
31000
6800
7800
7700
7300
7200
8200
13500
7400
7300
10900
8200
8600
7900
52100
7900
8200
8200
12500
9400
8800
9500
8800
8100
8300
8300
66300
9700
10000
12400
8400
9900
8400
8200
9700
10800
8200
55300
8300
9300
8200
12400
50400
8500
58700
8500
126800
5900
4900
9500
5600
6400
6300
5100
4900
7000
7600
5200
13400
6900
5000
5400
6400
5500
10800
6400
7000
11100
11200
6400
6600
14500
7000
6700
7200
8300
7100
6600
6900
6900
6900
6900
7900
8600
9100
21500
11500
7400
7400
7200
29700
7100
7300
7600
7100
7300
7700
12600
7500
7200
21000
9200
8900
8500
53100
7900
8500
8000
8400
8600
8500
8000
12800
9500
8200
8300
48200
8300
9800
7900
8200
7900
8000
7900
13500
9200
8000
46400
8900
8900
8300
8300
50600
8400
54600
8600
128000
5300
5000
4800
5100
5900
5900
5000
5200
5000
6000
5100
12800
6500
5300
5400
6100
5100
10300
19900
6100
6200
6200
10400
6100
6400
6600
6800
6700
6200
6400
6400
6600
6300
6500
6500
7100
6900
6700
30700
6900
6700
10900
7000
7300
6900
7100
7700
7300
7500
6900
7300
7400
7500
9500
7800
8200
7800
54700
8400
8300
7900
8400
7800
8400
8000
8800
7900
8000
8200
49400
8200
9500
7700
8000
7900
9400
8100
9400
8900
8600
54000
8300
10400
8200
8400
48100
8200
53900
12300
126700
5400
4700
4800
5000
7000
6000
5200
4900
5100
5900
5200
12400
11300
5400
5200
6000
5800
11000
7900
6400
6000
7800
6700
6400
6100
6600
42300
6800
8300
7600
6300
7600
8200
7600
6400
9900
8200
8900
27800
8000
8000
8200
8100
8300
8000
8800
11800
7200
7600
7200
7300
7200
7400
8500
8400
8100
22300
10600
8500
8700
11900
55500
8100
7800
8900
8000
8100
8600
8100
8700
8200
14900
8000
7900
10200
8200
8000
9300
8600
8000
47300
9200
13100
8100
8900
47500
8200
56400
8100
132100
5100
4700
5400
4900
6000
6100
5800
4900
5100
5800
5200
12400
6400
5100
5400
5900
5300
13600
6100
6200
6100
6100
6800
6600
6300
6500
6200
6800
64600
6700
6500
6300
6500
6700
6300
11100
7400
7000
7000
6800
7000
7100
6900
7100
7000
7100
7800
7200
7100
7100
7300
7300
92100
8300
8700
7700
22800
9800
8900
8400
7800
35000
12200
8000
8600
8200
8000
9600
8400
8300
8100
9700
7900
8700
8100
54700
7900
8600
8100
8900
8200
8600
8000
9000
8100
12300
8400
46800
8700
128200
5000
5100
4800
5000
5700
10300
5200
5100
5100
6100
5000
12700
6400
5200
5600
6100
5600
9400
6300
6300
6100
6100
6500
6200
10200
6500
6700
6900
6400
7000
6100
6400
7800
6500
6300
7100
7100
6900
7100
6800
7000
7100
40100
11300
7200
7300
7700
7200
7200
7100
7300
7000
7300
8900
8400
7800
21800
8600
12200
8700
7800
30000
7800
7800
8500
8200
8000
8800
8100
7900
7900
11800
9000
8600
7800
50500
7900
8500
8000
8900
12100
8900
7900
8800
7900
8000
36400
46900
8100
101100
5100
5100
5000
5200
5200
6800
6200
5200
14700
5100
6200
5700
5400
54200
9200
43400
8900
16200
7100
6700
6500
7000
8000
8900
6900
7100
7000
10900
7200
6900
6800
12300
7100
7000
6900
30100
7400
7600
8200
7600
7500
7400
7700
7600
7300
7900
7700
77100
42800
7900
7900
53100
7200
8700
7900
7600
40300
8100
10000
13600
8300
8400
50200
8500
8600
8500
8700
8500
9500
10800
9400
14400
9200
8500
8600
9200
8500
8500
8700
8600
8800
8500
39100
8600
8600
8700
8700
8500
8800
107600
5400
6300
5300
6600
5300
5400
5400
5000
5400
5200
6300
7200
11100
5500
5400
5600
5400
11400
6700
6500
6600
6800
6600
6600
7100
6800
6800
6600
6900
6800
7300
6700
6800
6900
11200
27300
8000
7400
7100
7500
7400
7500
7200
7600
9100
7400
7600
52600
41400
7700
7800
53400
8200
9500
8200
8200
39000
8300
8300
8500
8300
12800
48800
8100
8300
8500
8500
8500
9400
9000
10000
9700
8900
8200
12600
8500
8400
8600
8500
8300
8500
8400
38700
10100
8600
8500
8700
8600
12800
108300
5100
6300
5200
6100
5400
5200
5400
5100
5900
5400
6300
7000
6200
5600
5400
7500
8800
10300
7600
7500
6600
8000
7600
39900
8800
7800
8100
7200
7800
7900
8300
6800
56000
11800
49000
7800
7400
7300
7600
7300
7600
7700
25900
8000
7600
7400
7700
7400
7600
13100
7600
7700
8000
8700
8600
8200
38900
8200
8300
8400
8300
8300
53300
8400
8700
8500
8600
8500
9100
9100
8700
9700
8900
8300
13800
8500
8700
8400
8500
9000
8600
8400
39500
10400
8700
8600
8600
8600
13300
105500
5000
6200
5000
6000
5400
5200
5600
5100
5200
5400
8700
6800
6200
5700
5600
5200
10700
10600
6900
7100
6600
6400
6500
6800
7100
6600
6900
6700
6500
6900
8500
7000
6800
8400
7000
7800
7500
7200
11600
7500
7800
7300
7500
7900
7700
8200
7500
7800
7800
7700
7700
7700
48200
32500
8300
8300
8300
8300
8400
8600
8400
8800
8300
8200
9900
51200
44900
10200
40200
53500
8700
9600
8900
8300
8400
8300
13100
8500
8400
8200
8200
8400
38800
8500
8300
8600
8600
8700
8600
109800
5900
6000
6000
6400
5200
5300
5100
5200
5100
5300
6300
6900
6200
5300
5600
5200
5500
10800
6400
6400
11000
6500
6500
6800
7100
6500
6600
6900
6700
6500
7200
6800
6800
6600
6900
8200
7900
7200
7400
7400
7800
7300
7600
8000
7700
7700
7500
7700
7700
7700
7500
7600
7900
29400
8200
8300
8200
8000
8100
8200
8300
8400
8800
8400
8500
51300
42900
8600
8500
60000
8600
9200
8400
8200
38800
37500
8300
8500
9400
8500
52900
9000
8500
8500
8600
8900
9500
9400
9300
105200
5200
6600
4900
10100
5100
5200
5000
5200
5100
5400
6100
7400
6200
5400
5600
5500
5200
11200
6600
6300
6800
6700
8000
6700
11600
7100
7300
6600
6900
6900
7200
6700
6800
7000
8300
7800
7300
7400
7400
7500
8100
7400
7500
8100
12100
7800
7600
7700
7600
7700
7700
7800
7800
29300
8300
8300
8400
8300
8500
8500
12800
8600
8300
8400
8400
52800
40500
8500
8600
53700
12900
9300
8300
8200
39000
8200
8400
8400
8200
8700
48400
12500
8500
8400
8600
8600
10700
9600
8700
120900
7300
6100
6400
6300
6300
6300
6200
11400
6600
6100
13400
7300
5500
5500
5700
5400
5700
12000
6800
7100
6600
6500
6600
6800
6400
6800
11800
7000
6700
7000
7300
7000
6800
7100
8100
8200
7500
7300
7200
7400
7400
7700
7400
7600
8000
8000
13100
7700
7700
7700
7600
7700
7800
9800
24300
8300
8100
8100
8300
9000
8500
12700
11000
11300
9000
8500
8700
81100
8600
8600
9400
14500
8600
8400
8500
8500
8600
8500
8600
8400
8700
8700
8600
9600
9400
8800
13100
8800
9800
106500
11000
5400
5400
5600
6000
6500
5300
5400
5500
5300
5500
5600
11000
6400
5500
6200
5800
10000
6700
6700
6600
6800
6700
6700
6800
6800
6600
6800
6900
6600
7100
7100
7100
11600
6900
8400
7300
67400
8300
7500
7200
7600
7500
8900
8200
7900
8000
7900
7700
7400
7800
7900
7500
12800
26000
9200
9200
9300
9300
9700
9600
9400
12200
10900
10100
9700
13300
80400
8600
8500
8600
10400
8300
8200
8300
8400
12700
8900
9700
8500
8300
8500
8400
12100
9600
8800
8700
8600
9400
887300
21400
5400
5500
5200
5400
6200
5700
5300
5700
5500
5100
5500
6400
6300
5500
5500
5600
10700
7400
11500
6400
6800
7000
6600
6600
6600
6700
7200
6900
6800
7200
6700
7700
7100
7000
7900
7400
8800
7500
7400
7000
12000
7400
7400
7500
7600
7600
7600
8200
7500
7600
7700
8700
9900
24700
8300
8000
12300
8500
9100
8500
8200
9400
9800
9200
8500
8600
84400
8700
8500
8700
9900
8300
9700
8400
8700
8300
8200
8500
8500
38700
8700
13000
9700
9200
8900
8800
8600
9800
108100
10400
5200
5100
5400
5100
10400
5300
5300
6400
5500
5400
5300
6400
6200
5400
5500
5600
29000
7300
6600
6600
6800
7000
6500
6800
6800
11200
7100
7300
6800
7900
6700
7300
7100
6900
35600
7200
23200
7400
7500
7500
7600
7400
11800
7600
7700
35600
7900
8400
7900
52200
9400
8800
8900
8300
8200
8200
8100
8400
8300
8300
8300
9300
8800
10000
8700
10400
8800
8600
8800
27700
16100
8400
8300
8300
8200
8400
8300
8400
8400
8200
8500
8500
9300
9300
9500
13300
8600
9400
122900
12000
6000
6100
7000
6200
7800
6500
6100
6400
6200
6100
5400
6100
10600
5500
5500
5400
10000
6900
6800
6500
6800
7000
6800
6700
6800
6800
6700
6600
7000
7100
6700
7100
7900
12200
7900
7600
38400
7600
8900
7500
7200
7400
7400
7500
7400
7700
7700
8300
7800
7700
7800
8700
13700
8300
8300
8200
8200
8200
8400
8300
8400
9500
8900
8800
8700
8600
8400
8500
12700
8600
10300
23600
8200
8100
8400
8400
9100
8500
8300
14100
9600
11000
8400
8700
78300
8600
8600
8700
914800
18600
7100
5100
5400
5000
6100
5200
5400
5000
5200
5400
5200
6100
6400
5200
5500
5300
10100
6500
6700
12000
12000
10500
6900
7000
6500
6700
7400
6900
6500
7000
6900
7300
6800
8200
7800
7400
8000
7100
7300
7500
12200
7100
7500
7500
7400
7600
7500
8000
7800
7600
7700
8400
10500
9300
9100
9300
8200
8100
13100
8500
8300
9000
8400
9000
8400
8400
8300
8300
8400
8400
10400
28800
8300
8300
36900
13900
14300
8500
8400
11900
11000
9300
8500
8500
89700
8500
12400
8800
107200
5600
5300
5000
5300
7700
5300
5400
22600
9500
9700
5100
6300
5800
5300
4800
4900
6200
11400
6600
6500
6100
6700
5900
6400
10600
6000
6100
6500
6000
6000
6200
63900
6800
6100
6600
7800
6900
7100
17000
7700
9200
7100
7300
7600
7500
7100
7900
47200
7700
7200
7100
7000
7100
36500
7900
8200
7700
12500
8400
7800
8100
8300
8000
7700
8400
7900
8100
7900
8500
8000
8000
35500
7900
7600
7900
9000
8500
7900
7700
41800
38200
12200
8900
8900
9100
9000
9600
9800
9100
131200
6000
10300
4700
6100
12100
5400
6100
12400
6600
12100
16700
13800
6700
5300
6500
7300
6800
11500
6300
6500
6600
6900
6600
6500
6400
42600
6900
6800
6300
6800
6900
6400
6700
6700
6800
7900
12000
7700
38700
7600
7100
7200
7400
7100
7200
7400
7800
8200
9400
7400
7500
7600
7300
42000
8300
9000
8000
8000
8400
8100
8500
9000
8200
25000
8400
8500
8300
12400
9100
8700
8400
9800
8000
7900
8200
8100
9000
8400
8100
48700
40300
8300
8500
8400
8400
8300
9700
8600
8500
121000
5400
9700
5200
4800
5300
5300
4900
5200
5100
6500
13300
12400
5000
5400
5000
6500
5200
10300
11800
6700
6200
6700
6700
6400
6200
6400
8300
6800
23000
6900
7000
6800
6400
6600
6700
7500
7000
7700
7200
12700
7300
7400
7100
7100
7400
7800
7400
7600
7200
42400
8000
7500
8000
41400
8100
30600
8300
8000
8800
7900
8700
9000
8400
9600
8400
8500
8400
13100
8900
8600
8400
9900
8100
8100
8300
8100
8800
8300
8100
49200
39800
8300
8200
8300
8300
8300
8800
8400
8600
120300
5100
9500
5200
5200
5000
5300
5200
4900
5400
6200
13400
12000
5400
5200
5500
6200
5700
14600
33300
6800
6500
6700
6400
6600
6400
6500
6500
6500
6500
6600
6500
6600
6600
6600
7300
7500
7600
8500
11800
8200
7200
7100
7300
7400
8900
7800
7700
7500
7500
41900
7900
35300
12400
8600
8200
8600
8000
9100
8000
7800
8000
8600
8300
8000
8600
8500
13200
8500
8300
8500
8900
9500
8100
8100
8300
8100
9000
8400
8100
56600
39300
8300
8200
8400
8300
8400
9200
8500
8600
118500
9500
13600
5000
5300
5700
5000
5100
5100
5100
9700
14900
12100
5200
5200
5000
9500
5600
16400
6500
6100
6200
6800
6600
6100
6300
6500
6400
6300
6400
6400
7200
6400
6600
6600
6400
7400
7100
8200
11600
8100
7100
7000
7000
7200
7300
8400
7000
7500
7400
42400
7700
7200
7800
8700
12200
8600
8100
8300
8000
7900
8000
7800
39100
40900
8800
8300
8500
12700
8400
11300
8300
37300
8200
9000
8200
8100
8500
8100
13500
9000
8300
8200
8100
8300
8400
49500
9000
9100
8200
122700
5100
9500
5100
5100
4800
5200
5200
4900
5200
6100
13200
11600
5300
5000
5200
6100
9700
9200
16000
6200
6400
6700
6500
6200
6800
6400
6500
6800
6400
6500
6400
6500
6700
6700
6500
7400
11700
7700
7000
9500
7100
7100
7200
38500
7100
7700
7400
7500
7300
41600
7400
11600
7800
8700
8500
8700
7900
8400
8000
8000
8200
8100
8200
8100
8900
13100
8700
8300
8300
8500
8400
37700
8200
9000
8100
9600
8600
12500
8800
9200
8400
42300
8500
8200
8200
8300
9000
8400
8200
106400
5400
4800
9400
5200
6000
5400
4900
12600
11600
5200
5300
12900
5400
5100
6400
5300
5500
11700
7100
6500
6500
6500
6300
6400
6400
6900
7100
8400
6800
6400
6600
6900
6800
6400
6700
12300
7300
7100
7600
7400
7500
7400
7200
7000
7700
7900
7400
28700
7500
7300
7900
7700
7500
9000
12600
8100
8800
8000
8100
8000
8300
30700
8400
8700
8300
8400
8300
8300
12500
44800
8600
22900
8300
8200
8200
8300
8000
8100
9100
8400
12800
8400
8500
8400
8400
9100
9600
8600
8700
101200
10000
10800
5000
8500
10500
5600
4900
6200
7000
5500
5400
5000
5200
5100
6200
5300
5700
10700
6100
6700
6500
6100
6500
6600
6500
6400
10600
6600
6500
6500
6500
6500
6900
6600
6700
7800
7100
7000
29500
7400
7000
7400
7100
7000
7600
7800
12000
7500
7200
7200
7800
7600
7500
8900
8000
7800
8600
7900
8000
7900
8100
48200
8300
9300
8300
10400
8300
8400
8300
48100
8500
9700
7900
8100
12800
8200
7900
8100
8900
8300
8100
8100
8200
8300
8300
8800
10100
8500
13000
114900
11800
10600
4800
4900
5700
5100
4800
5900
4900
5300
5400
5100
5100
5100
6000
5300
10000
9900
6200
6700
6500
6300
6300
6500
6500
6800
6400
6600
7300
6600
6600
6900
7000
6600
6600
7600
7300
13100
7400
7000
7200
7200
7100
7600
7700
7100
7400
7400
7200
7600
7900
7600
7600
8900
7900
8400
13200
8000
7800
7900
9600
29900
8900
9200
8100
8100
8100
8300
8300
47300
8400
9500
8100
8100
8000
9500
8000
8000
8900
8300
8100
39600
12900
8300
8300
8800
9400
8500
8500
103700
12300
10200
4900
4700
5600
5100
9200
6000
5100
5200
5300
4900
5200
5000
6000
5200
5500
10800
24400
6700
6600
6600
7300
6800
6500
6500
6600
6600
11300
6500
6700
6800
7400
6600
6700
7700
26900
9000
7600
7300
6900
7200
7400
7600
8000
7200
8100
12100
7600
7800
7200
7400
7600
8400
8000
7900
8800
8200
44700
7900
7900
8100
13300
8800
8300
8300
8300
11900
8800
8300
8100
38100
8300
8200
8200
12400
8100
8200
8700
8400
18000
8900
8400
8400
8300
9100
9000
8400
8700
107500
10100
10200
5100
4800
5700
20900
5400
6000
5100
5000
5300
5000
5100
5000
6100
5300
5500
9600
6100
10900
6400
6500
6200
6600
6600
6600
6200
6500
6600
6700
6300
6700
7000
6800
6500
7400
7100
7800
7200
6900
11700
7200
7100
9200
7900
7200
7300
7500
7200
7600
7400
7500
7500
8300
7900
7900
8300
8000
12200
8700
7900
7900
8700
31400
8500
8200
8300
8300
8800
8200
8100
9200
12300
8000
8900
8100
8100
8100
8200
31000
8000
9000
8200
9900
8300
12900
8500
41600
8400
100800
9600
10100
4900
4800
6000
4900
5100
5800
9600
5100
5400
5000
5100
5400
6000
5200
5400
8900
6300
6400
6500
6600
6500
6400
6600
28200
6900
6500
34000
6600
6500
6600
6900
7000
6700
7400
7300
7200
7000
7300
7200
7300
7000
7500
7700
7500
7400
7500
7300
12300
7400
7500
7400
8700
8000
39300
8600
8200
8100
8200
8100
8100
8900
9100
12900
9600
8400
8500
8800
8600
8600
9300
8100
8100
8800
25100
8200
9900
9300
33200
9200
32000
9500
9700
11800
9700
9600
46200
9900
111500
5300
5100
4900
5200
4800
5100
5900
5400
5000
5100
5400
5100
5300
5900
6300
5600
5600
11000
6300
32600
6800
6500
6800
6400
6700
6500
6500
30200
11700
11400
6700
8300
6800
6600
13000
8100
7400
7100
6900
8300
7500
6900
7200
7300
6900
7500
7900
9200
7800
7500
7500
7600
7500
13800
8100
8900
8200
8300
8200
8200
8000
9200
9000
8200
8300
8500
8200
9200
12800
8600
9000
26000
8500
8100
8100
8700
9000
8400
8500
8400
12800
8500
8500
8400
8500
8300
8400
8500
8400
105300
5600
4900
5200
5200
4800
18300
29400
5800
7500
5300
5400
5200
5400
5500
5400
5700
5200
11500
6700
6400
6600
6600
6500
6500
7000
6500
6400
6500
6300
12500
6800
6700
6200
6700
6800
7900
9000
6900
7900
7900
7700
7200
7200
7600
7200
7400
7900
8000
9600
12800
7600
7500
7500
9200
7800
8400
7900
7900
7900
8100
8000
9000
8900
8800
14000
8200
8200
8300
8400
8400
8900
23000
8000
8000
8100
8700
13300
8500
9600
8400
8200
8200
8200
8300
8300
8300
8300
8500
10400
110900
9600
4900
5200
4800
5000
12000
5100
6600
5000
5400
5100
5300
6200
5200
5400
5300
5400
10400
6900
6200
6800
6400
6400
6400
11200
6800
6500
6500
6800
6900
6600
6600
6500
6800
6900
7700
6800
7600
7300
7400
7700
7400
7100
7400
11900
7500
7900
7300
7400
7600
7500
7500
7600
9000
8100
9000
8400
8200
8200
8100
8100
12800
9000
8200
8100
8200
8100
8300
9100
9600
9200
22600
8000
7900
12400
9000
9100
8400
8100
8200
8200
34400
8600
8300
8200
8300
8100
8500
12900
103600
4900
4900
4900
4800
5000
12100
5200
5000
5000
5200
5100
5300
6600
5300
5400
5100
5400
10500
7000
10900
6900
6500
6600
6300
6900
6800
6400
6400
6500
6700
6400
6700
6600
6700
6500
7700
7100
7700
7300
11600
7700
7100
7200
7300
7400
7200
7900
34300
7700
7200
7300
7400
7500
9000
8000
8100
9600
13800
8700
8000
7900
8000
8000
8200
8600
9000
8300
8400
8300
8300
8400
45100
8200
8000
8100
8900
8700
8300
8200
9000
8200
8200
8300
8300
8300
12800
8300
11200
8400
107800
5200
5000
4800
4900
4900
12800
4900
5000
5200
5000
5000
5200
5000
9800
5200
5400
5400
10400
6600
6300
6700
6300
6400
6600
7300
6300
6400
6600
7800
6500
6700
6700
6300
6500
6900
12200
7200
7700
33900
7500
7500
7400
12700
7100
7400
7300
7900
7200
11700
7500
7600
7400
7500
8500
8000
7800
7800
9000
8400
8100
8100
8200
8100
8700
13400
8800
8300
9500
8300
8300
8400
9500
21800
8700
8000
8100
12500
8400
8100
9000
9100
8300
8200
10300
8200
8200
8300
8300
9100
107900
5300
5100
4800
4900
4800
11900
4800
5100
5200
5000
5100
5200
5000
5400
5100
5300
5300
9800
6500
6900
6500
6200
11100
6500
6900
6300
6500
6500
6800
6900
6700
8100
6600
6700
6800
7500
7000
7800
7300
7200
7600
7100
7100
12500
7400
7000
7800
38300
7700
7200
7600
7600
7300
8600
7800
28100
8200
8900
10500
9200
9300
8600
8100
9200
11000
9900
9500
11800
9400
9500
9600
12800
8900
13200
8200
8200
8000
8000
8100
9000
8900
22200
8600
8300
8300
8200
8500
8300
14600
118700
5200
4700
5200
5900
5600
5300
4900
5200
5400
5000
5200
5000
5400
5500
5100
11000
5500
11200
7200
24100
7200
6800
6200
6900
6600
6600
6400
6500
6700
6700
6400
6900
11300
7200
6700
8900
7500
7100
7700
7500
7800
7500
7500
7200
7400
7400
8000
8100
7300
7500
7600
11700
7600
9300
8100
8200
8000
8100
8100
8300
10500
9000
8400
8200
8400
8400
12800
8600
9100
8500
8600
10200
36300
8600
8100
9100
8900
9000
12900
8400
8400
8200
8500
9300
11700
8700
8700
8600
8600
104600
10300
5400
5700
5300
5300
5700
5800
5100
5400
14500
5400
5500
6600
5500
5500
6300
5600
9900
6800
10800
6500
6600
6300
6600
6700
6800
6300
6500
7200
6800
6900
6400
7000
6800
6900
7800
7200
6900
8000
7100
7600
7300
8800
7400
7200
7200
9500
7600
7400
7200
7700
7500
7300
9200
8000
8000
7900
12100
8000
8000
8900
8800
8300
8400
39700
8600
8300
8400
9000
8300
9000
14300
9100
8300
8000
8900
8700
9100
8300
8400
8200
8200
8600
13600
10500
8800
8600
8600
8500
106500
5800
5100
4900
5200
5200
5800
5800
4900
9800
14300
5100
5600
6400
5500
5400
6100
5500
10300
6800
6400
6600
6600
6300
6800
6700
6700
6400
11100
6900
31400
7200
6700
7000
6600
6700
7400
7700
7000
7100
7200
7300
7700
7200
7200
7600
8000
7100
11700
7600
8000
7500
7900
7600
8900
8000
8500
8000
7800
7900
7900
9000
8800
12500
8400
8300
8300
8300
8400
9000
8400
8300
10000
10200
8300
8100
13000
8900
8900
8200
8200
8200
20800
8700
9100
9200
8700
8400
8500
8900
107400
5600
5100
4800
5100
6600
5700
5300
4900
5400
13000
5200
5900
6600
5500
9800
6200
6200
10400
7100
6600
6400
6600
6300
6600
6700
6500
6300
6600
6800
6700
6500
6600
7100
6800
6600
12200
7700
7100
7100
7300
7300
7700
7200
7200
7500
7500
7200
24100
7800
8100
7400
8000
7500
13100
8200
8100
8500
8300
8800
8300
8500
8200
8200
8200
8900
8300
8200
8300
12400
8300
8400
10100
9000
8300
8100
8800
9000
8600
8800
8300
12900
8400
8400
9200
9100
8600
8400
8500
8500
118700
6800
7600
5900
12400
5200
5600
26600
5200
5400
13300
5100
5400
6300
5400
5500
6000
5600
10200
7200
6400
6600
11000
6500
6500
6600
6700
6600
6400
6800
6600
6900
6600
6800
6700
7000
7500
7900
7400
24400
7100
7400
12100
7400
7400
7500
8900
7300
7600
7400
8200
7300
7900
7500
8900
8200
8400
8500
8200
13400
8300
8200
8100
8400
8800
9200
8400
8300
8400
8400
8600
8500
13900
8300
8300
8200
8100
8300
8400
9300
8800
8200
8300
8500
8300
8400
13900
9100
8500
8600
107900
5800
5100
4800
5100
5100
5700
5300
4900
5400
14700
5100
6600
7400
6600
6700
7200
6700
9800
7800
6400
7800
7600
7800
6700
7700
7700
7500
7200
8300
11200
7100
6500
8500
7000
6900
7600
7700
7300
7100
7100
7300
7900
7400
7100
7400
7500
7500
7300
7600
12300
7500
7900
8100
8600
8100
8500
8800
8400
8700
8200
8200
8100
8400
8200
13200
8800
8300
8200
8400
8300
8400
9500
7900
8300
9400
8100
8200
8200
13500
9000
8100
8700
8500
8300
8300
9100
9000
8300
8400
102100
10900
5200
5000
6200
6000
5800
5300
5100
12500
5300
5300
6600
6200
5700
5200
5500
9700
11300
6800
7700
6700
6700
6600
6700
6300
6700
7100
7100
6600
6600
6700
6800
11600
6700
6900
9100
7600
7300
7400
7500
7300
7200
7600
7500
7600
7300
7700
7700
40000
7700
8500
7500
12100
10100
8300
8900
8300
8300
8200
9500
8400
8800
8300
9200
8300
8300
13700
8500
8500
8600
8400
10400
27400
8500
8200
8400
8400
8400
8500
8500
13300
8300
8600
8400
8300
8800
8600
8500
8500
104800
5500
5100
6400
9300
6100
5200
5300
26700
5300
6300
5200
5300
5200
5200
5600
5400
5600
10600
7000
6300
6600
6700
6500
6200
7000
11200
6700
7000
6800
6500
6600
7100
6800
7100
7000
8600
7400
7400
8100
36000
11100
7300
7400
7000
11700
7500
7500
7200
7400
7700
8200
7600
7500
9600
8100
8800
8200
8100
8000
8100
12500
8900
8400
8300
29700
8500
9100
8600
8300
8400
8500
10100
8300
8200
12700
8500
8400
8200
10000
8400
8400
8500
8400
8700
8400
8400
8300
8400
8800
127700
6300
5800
7000
6200
7100
6300
7000
5900
6300
6900
6300
6900
6000
5400
5600
6300
10000
10800
6600
6600
6700
6500
6600
6300
6800
6500
6900
7000
6800
24400
6800
7000
6900
7000
7200
8400
12200
7900
7500
7200
7400
7500
7200
7000
7800
7800
7300
7600
7500
7700
7500
7600
7700
9400
12800
9200
36100
8300
8100
8100
9800
9100
8600
8600
8400
8400
9300
11300
12900
8500
8500
10400
9200
8500
8100
8100
8300
8500
8300
8200
8400
8900
8300
12900
8300
8300
8300
8600
8700
102500
5500
5000
7200
5100
8000
5100
5100
9900
5100
5800
5200
5400
5100
5300
5600
5400
5500
11200
6800
28500
6700
6700
6400
7100
6900
6800
6600
6900
6500
6700
6700
7100
6800
6800
7200
8400
7300
7600
7300
7200
7500
7600
7400
7200
9700
8300
7400
12500
8300
7800
7600
7600
7700
9700
8300
8400
8200
8200
8300
8200
8400
8300
8300
12800
8400
8600
8500
8500
9400
8500
8500
10500
8300
8100
9700
8200
13200
8400
8400
8300
8200
8300
8500
15400
9800
14300
8700
8700
12800
151500
5500
4800
5800
5100
6000
5100
19800
5300
5200
6000
5400
5000
5200
5400
5200
5600
5600
11400
6800
7100
6000
6500
6600
6400
6800
6400
8400
7000
6700
6300
6500
7000
6600
6500
6700
8300
8000
7600
7700
7400
11800
7500
7000
7400
7900
7900
7700
7600
7200
7300
8000
7500
7700
9100
8500
8200
8100
12500
8200
8100
8400
8300
8200
8800
8500
8200
8400
8400
9200
8500
8400
11700
9300
10000
9500
9400
9200
9500
9500
11200
9800
9400
9900
9600
11800
13500
8400
8500
8600
105300
5100
5100
5600
5200
6000
5200
4900
5400
5000
6100
5200
9700
5200
5000
5500
5200
5300
10100
6500
6400
6300
6600
6500
6300
6800
7100
6700
6900
6800
38500
7000
7100
11500
7100
6900
8200
7400
7700
7500
7200
7300
7400
7400
7400
8000
7900
7300
7400
9100
7700
13200
7600
7700
9800
8100
8800
8200
8700
8100
8200
8200
8300
8500
8400
8600
12900
8500
8600
9200
8400
8600
10300
8200
8800
8200
8200
8400
8300
12500
8900
8300
8300
35200
8400
10800
8600
8400
8500
8500
109000
5300
9400
4900
5100
5300
5000
5300
5100
5100
5000
5400
5100
5300
5600
5200
5500
5500
