1071900
30300
116200
19200
10700
10100
10000
13900
95500
22600
15900
13800
346400
16600
14900
15700
16500
16500
106100
102300
171600
31700
21300
21400
21900
299900
21300
24100
21600
21700
24700
23000
22700
27700
38200
214800
151700
147900
27400
28600
28100
28600
28500
28600
29700
29400
30300
32300
37700
32200
33200
31900
31500
31800
192700
114100
197100
35900
303800
331300
39800
37300
37400
37200
40100
389100
41600
42500
39000
39300
40100
40100
213800
48500
45400
355300
212600
209600
46600
223800
44500
45100
44700
210700
46100
46000
47300
270900
42300
45600
22500
33600
10500
10200
10600
10700
10200
37400
11600
44200
13200
12300
12800
12400
42400
12800
52500
15400
59300
71500
88900
24500
20100
19600
20100
137800
20200
22500
21800
21200
26200
23100
22400
22400
25800
104600
88400
104000
27500
27700
27400
30200
28000
28900
28700
32800
29400
31300
31300
32100
30700
32700
31600
32600
134400
116600
110400
107300
169700
87700
30700
25600
25500
26300
29000
116300
27300
26600
27100
26600
27800
30000
76300
32700
30300
122100
85500
75400
13000
73400
11700
11800
11400
63100
11800
11200
11700
92300
11400
13900
14900
11100
3700
3100
3400
3500
3300
18100
3200
10800
4200
4100
3700
3500
13100
24600
14400
3400
16000
6900
15700
12500
5200
11100
5700
5300
14000
6400
5200
5400
59900
15100
5400
5500
5500
6700
34700
31100
7000
7200
7300
6900
7400
8500
7800
7100
7400
8800
8300
7700
7400
8700
7400
7900
97900
45400
83800
16100
119200
123900
17800
16400
17300
16000
17900
170500
18400
15900
17000
16100
16300
16400
92300
23600
18500
201100
96000
98400
25200
103400
19500
19600
19000
97400
19700
19200
19900
148200
20000
23100
6700
6800
5800
4900
5100
5600
5100
10300
5100
5300
5500
5800
5900
5600
5400
17300
5900
5300
23200
9900
15900
13300
8200
8600
8800
8400
19300
9200
8700
10100
64500
9700
9100
9100
9200
10800
38000
33200
49600
14500
11800
12100
12400
74000
12400
13400
15400
16900
14000
12500
12200
12100
14100
75800
65500
37500
70300
15300
104100
107800
17300
16300
14900
16000
17800
159500
20300
17300
21000
15700
16900
17100
85400
24600
22300
148100
91200
93600
20600
96100
19400
19000
19600
93000
19700
20500
19300
133200
18900
22400
6900
16000
5800
4700
4600
5500
4800
26000
4800
10200
11500
6100
6200
5300
5400
17700
5900
6000
31800
9700
20000
30000
8100
13200
8500
8500
19700
10000
9200
8700
76700
18900
8800
8600
9100
10900
48300
31900
52100
16000
12500
11500
12100
91700
12600
14200
12100
12800
14000
12400
12200
12100
14400
73500
51200
72700
15600
44200
14900
48200
15100
15600
15500
16800
64000
18600
17800
16600
16200
17700
16200
17200
83400
22300
18900
133500
84700
90900
17400
93800
18900
18100
18900
87500
18700
18400
19000
136700
18400
26200
8700
12700
5700
4600
5800
6000
4900
19000
4900
9600
6800
6000
6100
5300
28800
18400
34400
5900
16100
9900
18000
8400
8200
13100
8800
8400
20300
8700
8800
8300
107500
18400
8800
9000
9000
10700
27100
31400
45900
13900
12500
11400
12300
110500
11900
13500
11900
12400
13000
12400
14100
12200
14300
73100
55900
43400
15500
15600
14900
17000
15400
15700
15300
15500
14200
13500
12400
17200
8800
10500
9000
8600
76900
65100
66000
16400
96300
92300
15300
10200
10100
9800
11600
123600
11400
10400
86700
10100
85000
9900
18400
154000
32400
23000
25000
27600
23500
23600
22400
22800
22200
223000
26500
22200
128400
183500
14500
14000
20600
14800
14700
15100
14800
14600
14800
14800
16700
16300
14600
14400
111100
91400
18400
21600
15400
15700
20400
17200
15700
16000
15800
16300
15900
16600
104500
18500
17800
21800
18200
17900
19600
17500
16700
119800
77900
16300
49500
92600
24100
22100
25100
25300
22100
23600
109100
27300
16600
22000
28900
23500
25700
22100
428800
12500
12400
9600
11600
22600
31200
38600
43400
11500
10300
10500
11400
10600
10100
43400
10400
10200
22600
15800
131400
13500
13100
13700
13900
101800
14400
13400
14400
13800
13900
13700
147600
13800
14300
19600
16000
15700
14900
15700
15100
14800
15400
15200
15400
14700
15200
71000
146900
60300
9300
14600
11300
22400
13600
14900
9700
9600
11400
9000
8800
8900
55000
10000
13000
9800
9200
9000
10500
10000
9500
63200
32800
9400
27400
38400
9300
9400
10400
10700
10000
9200
45700
10100
9500
11000
10800
10200
10300
11900
202600
6200
10700
5800
7000
12600
26200
21900
23600
6000
5200
5200
5900
5100
5200
24200
5200
5000
13900
7600
7900
7200
10000
7200
7400
7500
7100
7500
7900
7800
7700
7500
7400
7500
7600
7700
43400
23700
7900
11300
8600
8400
8300
55800
8700
8300
7900
53300
8700
8000
49300
86600
8500
8800
10600
9000
8900
8900
8800
8900
8900
8800
53700
13300
9100
9100
9000
9100
10100
10100
9900
61600
32000
9400
24800
37900
8900
11600
9200
8900
10000
9000
44400
10100
11600
9300
9200
9100
9300
11300
196500
5500
6800
4600
6000
12100
19200
18900
23500
5800
5100
4900
5900
5200
5000
23100
5700
5200
14100
7700
7300
11700
58700
12600
6300
6300
6100
6200
6600
6300
6700
6100
6400
6300
6700
6800
7500
22900
6800
6700
7600
7400
7800
7000
7000
6800
7000
39800
6900
7000
37200
56600
8500
7700
8000
7800
7700
9200
7600
7700
7600
7900
7800
42100
7700
7800
40100
32200
7900
8300
8100
9000
32900
11200
22600
28900
7800
7900
8000
7700
8500
8300
37200
11500
7900
8000
8000
7900
8600
8700
121800
5000
6000
4600
8600
11100
16500
18100
22900
5800
5000
5000
5800
5000
4800
23100
4800
5100
28100
7600
6200
6200
5800
6300
6300
6800
6200
6300
6600
6300
6400
6400
6300
6400
6500
6500
7300
23400
6700
6800
7100
7400
7300
6800
6900
7000
6800
40000
7600
7000
36500
54800
7200
8200
8100
7900
7900
8300
9000
27900
7500
7600
7700
7600
10400
8000
40300
32400
7800
7800
8000
8500
9700
8000
36000
7900
7900
24700
8200
7900
39300
8700
7900
10000
8600
10700
9400
8600
10000
45300
124100
6000
6500
5200
9300
11900
20600
19500
24700
5800
5200
5600
5900
5100
5600
23500
5200
5100
11100
9600
25200
6100
7100
6100
6200
5900
26500
5900
7200
6200
6600
6300
6300
6300
6600
6200
7200
37900
37200
37500
7200
7300
7300
6700
7200
7000
9500
37800
7000
7000
36700
53400
7100
7800
7900
7700
9000
11500
7800
7600
7600
7600
7700
39000
7800
7700
39900
34500
7900
8500
12600
8600
10100
7700
7800
7600
7600
34000
7600
7700
74200
9100
7900
8000
7900
8100
9300
8500
10100
47800
137200
5200
9000
10300
10700
5200
5100
4800
5900
5000
12200
8900
5100
5300
5100
5200
5400
7400
10700
6200
6500
6600
6200
6400
6900
6300
6200
6000
7700
8300
7900
6400
7200
7200
7600
62700
10000
7900
6900
47600
8100
8400
9700
6800
7400
7100
6800
7100
7200
7000
7000
7200
7600
7200
8700
7600
7500
8300
7600
7800
29200
8000
9000
8000
8100
7900
33400
8100
7900
8100
8700
8100
12000
8200
32900
7800
9300
7700
35500
9200
8000
7800
7900
11400
35800
8100
7900
8800
8600
9800
102500
5200
11600
4900
5000
7600
5000
4900
10800
5000
4800
5100
13800
5300
6000
5100
4800
6300
11300
6600
6500
40900
9000
6200
6100
6100
6900
12800
6200
6400
15600
7200
6600
6800
6900
6700
8200
7200
7100
42200
9700
8000
6800
6800
6900
7000
6700
7000
6900
6800
8500
7200
7400
7800
8200
7700
7500
9400
7800
10600
27800
7900
8500
8000
7900
7800
31800
8000
7900
8000
8600
10800
9600
13600
34900
7800
7800
7600
34900
9600
7900
10600
8000
8600
32700
8000
7800
8500
8500
7800
109200
4900
10800
4700
4700
4600
4800
4800
12300
5000
5000
5000
12800
5000
5900
5400
4900
6200
12300
6500
8800
6100
5900
6400
6000
6000
6300
6300
6200
6400
6000
6200
6300
6100
36000
6300
7000
6700
9700
6800
7000
7400
8300
7200
6700
7300
7600
7200
7300
7000
7000
8800
7700
39400
8200
10300
7600
7500
7600
7900
26100
7900
8300
7900
9100
7900
32000
10500
8000
8400
10300
8100
9100
7400
32900
7500
7700
7600
40200
9100
7900
7900
7800
8500
32500
7900
8700
9500
7800
7700
98100
5300
11200
4700
4800
6900
4900
4900
10500
4900
4800
4900
12400
5100
5900
5000
4800
10600
10600
6200
6200
7600
6100
6100
6100
6300
6300
6300
6300
6500
6100
7100
13400
6700
6500
7500
7700
7300
10500
7400
7200
8500
8800
7500
7200
7400
9300
7200
7100
7000
7200
7300
7800
38100
51900
7800
7700
37500
7600
8300
9500
8800
8000
7800
7600
10400
8000
8000
7900
8000
8400
8200
9000
7600
32300
7500
7800
7500
37700
9000
7900
7700
7900
8600
32000
7800
7800
10200
8600
8000
98300
4900
10900
4700
4700
4800
4800
4800
10700
5000
5300
5000
12900
5000
5900
7500
5000
6100
9700
6400
6200
6200
6300
6000
6200
6300
7000
30900
6300
6500
6200
6500
6400
6200
8800
6300
7400
7000
7300
7000
6800
7200
7000
7200
7100
6900
7500
7200
7200
8500
7100
7200
7700
41600
8300
7800
7800
37500
9900
8700
7800
7600
7700
7900
10400
7900
36700
15500
8500
8700
9200
8500
9300
38000
8400
14200
17700
8300
27800
9700
12400
7900
7900
7900
31800
8000
8100
10700
9000
8200
97500
4800
11400
4600
4800
4700
4800
4900
10400
5000
4800
4900
12100
7700
5800
5500
4900
6000
9000
6600
6300
6200
6200
5900
6100
6000
6300
6300
6300
6400
6100
34100
6300
6000
6300
6200
7000
6700
7100
28900
6900
7100
6900
6800
7400
6900
7600
7000
6800
8300
8100
7400
8400
40300
9900
8500
8400
39300
8400
9200
8600
10400
7800
7800
7800
9100
8200
7800
7900
8300
8700
7900
8400
7600
7500
7600
10400
7600
26000
7700
8900
7800
7700
7800
31100
49300
8000
7900
8600
8000
95200
4900
10000
5800
5100
4900
10200
6600
5000
4900
4800
8500
10700
5000
5100
5900
5300
5100
9100
6400
6200
6200
6900
6400
6000
6000
6200
36300
6200
6200
7900
6300
43400
6400
6200
6400
20300
7500
6900
6600
39700
7300
7000
6700
6900
6900
7500
6900
47400
7100
7100
6900
7100
7200
10600
10900
7700
7700
7700
8100
7700
8100
55100
8400
8300
8300
7800
7800
57500
8400
8500
8600
9300
8500
7900
8400
10100
7800
8600
30700
8100
7900
8500
8700
8100
8000
8000
8900
8100
9300
100300
5800
5000
5200
5100
5100
4900
5000
4900
5000
12800
6500
5200
5300
5200
5200
5000
5200
12000
6200
5900
6000
6100
5900
6100
32200
6600
6300
40500
6500
6100
6500
6400
6300
6100
9100
21700
7900
6600
6700
37600
7200
6700
6700
6900
6800
7200
7300
50300
7000
6900
6800
7200
7200
9500
8100
7600
7500
7600
8000
8300
8100
45000
8100
7800
8300
7900
7700
51800
8400
8400
8700
13000
8400
7800
9000
8900
7900
8600
36500
8100
8900
17100
9300
11800
8600
8900
9400
8800
9300
492700
7000
4800
4900
5000
4800
4900
4900
4800
8300
13300
4900
5000
5200
5100
5100
5400
5300
10700
6200
18900
6100
6300
6500
8200
6300
6300
6300
6000
9400
6700
6500
86500
12700
13700
11900
12000
7400
7300
10300
9900
8700
7200
7500
7300
105000
7800
7400
7000
6900
45200
7100
62300
8200
11800
9400
8300
13100
8300
8600
8400
10600
146100
9800
8700
9100
8500
8500
65500
9400
11200
9100
10400
9100
8300
9100
10700
11300
9300
32000
8600
9000
9400
9400
8600
8700
8500
9100
8600
12300
113400
6500
16400
5700
7100
5500
5300
5200
7300
5300
15700
5300
5200
5900
5400
5600
5400
5300
13700
6800
6600
6600
6600
6400
6500
6600
6500
6700
6700
7400
7000
7400
6800
113200
7000
54900
10700
7400
7400
8000
7200
8200
7400
7300
9000
35200
7500
7600
7600
7500
128800
7600
7800
7500
22000
11300
8300
8200
40900
9100
11300
8600
10700
9200
10000
8500
50400
8200
8000
8600
8100
9800
12300
8700
7700
8500
9300
8000
8400
32000
7900
7700
7900
8500
10800
7800
7700
8700
17000
9200
96200
6100
4900
4800
5000
4900
4800
5000
7800
4800
13600
4900
5100
5300
5000
5200
5600
4900
10400
7200
6900
6100
6200
6200
6100
6000
16900
6900
6600
6600
7800
7600
7300
6300
7200
7200
8000
7600
6800
8200
7800
8100
7900
7700
7300
37200
7900
9900
7000
7200
41000
7100
7000
15200
20200
8500
27700
7700
115400
8300
7700
7800
7700
7800
8500
8000
45900
8000
7900
8000
10700
8200
9200
8600
7900
7800
7900
9000
7800
10400
43200
11100
8100
8600
8100
7900
122800
8700
8900
8600
98600
5800
6500
5000
5000
5100
4800
5000
4800
4900
13300
4900
5100
5700
5100
13800
5900
5200
10100
6200
6100
8800
6200
5800
6200
6100
5900
6200
6200
6500
6100
6300
6300
6300
6100
6400
7000
6800
6500
7100
6900
7200
9200
6700
6900
33800
36800
7100
6900
7100
81600
7100
7200
6900
26000
8600
7600
7400
35500
8500
7600
7700
7600
7700
8200
7800
48100
7800
7800
17200
8100
8000
8900
8000
7700
7600
8200
8400
7800
10800
120000
8500
7800
8500
7800
7600
50100
8500
11000
8700
97800
5900
4800
15000
6200
4900
6300
10100
4900
5000
5000
5900
5100
8900
5100
6000
5200
6100
10600
6600
6300
6300
21300
6000
6100
6500
6100
6000
9700
6400
6000
6500
6400
6400
6200
6400
9600
8300
7000
7200
6900
7200
6800
6900
7000
6800
6800
7200
9500
7600
7100
7200
7200
7900
9300
7900
7700
7700
10000
17500
8100
8100
19600
8700
11200
9300
8400
8500
8600
91600
8100
9300
9300
8500
7900
8600
10500
8600
7800
7900
7800
7800
7900
7800
7900
7800
9300
7900
8200
8900
99000
5300
6600
6000
5000
5000
5000
5800
5100
18900
5300
5100
15400
6400
6100
10300
5500
17300
11200
21500
6800
6600
6300
6300
6800
7100
6700
7200
6800
6400
6800
6900
10100
7100
7000
7100
7900
7700
7300
7500
10400
7900
7200
7300
11400
6800
6900
7000
7000
7500
6900
7000
9700
7000
21600
7800
7700
7400
7600
8300
7700
7600
9800
7800
8900
8300
7900
10800
8000
44400
7900
7900
9000
8200
7800
7600
7600
8500
10300
16400
7900
7700
8400
8600
9000
7800
8800
7900
8000
8600
95000
7500
7400
6000
4900
4900
4800
5600
4700
13200
5000
4800
5100
6100
5200
6500
14300
17200
10700
6000
6200
6500
6100
6000
6200
6100
6200
8000
6300
6200
6100
6200
6700
6700
6400
6200
7100
7200
6800
7100
21100
6800
6900
7300
6700
14600
7100
7100
6700
7400
8600
7000
7000
7000
9100
10300
7900
7500
7600
8300
7700
7400
8800
7800
7700
8200
7800
9000
8200
85000
8600
8000
9100
9700
8000
7800
7600
8400
7700
8200
7700
7700
7700
7700
7800
7700
8900
9400
8000
8700
98600
5000
12500
5800
7700
4900
4700
5600
5000
13200
4700
5000
5000
5900
5100
6400
5100
13900
9100
6100
6500
8800
6000
6200
6300
6200
6000
40200
6200
6200
6200
6300
6800
6800
6500
6300
16700
7900
6900
8100
22400
7700
7800
8100
6800
7900
7800
7000
7000
8300
7900
8100
7100
8000
9800
8900
10400
8200
7700
8300
7700
7800
8200
7700
7800
8000
7900
8400
7800
7800
8000
10700
9000
8300
7700
7600
7600
9500
7900
7800
7600
7800
8300
7800
7800
10400
9100
7900
8000
9200
94500
4600
6000
6100
5000
4600
4800
5600
7500
13000
4700
5000
6200
6600
5000
6500
5200
13600
9300
6200
6300
6100
5900
6100
6200
6000
18300
6300
6100
5900
7000
6300
6700
6500
6500
6400
7700
7300
7000
7000
21400
6800
7000
7800
10200
7100
6800
7100
7000
7500
7000
6900
7300
7200
8600
8400
7800
8100
7900
8100
7900
10300
7800
7800
7900
7800
8000
8700
8000
8000
8000
9600
9400
7700
7900
10200
7900
9800
8700
8200
8600
8000
7900
8700
8100
7900
8000
81300
8100
8000
96300
4600
6300
5600
5100
4600
4900
5600
4900
12500
6100
7900
5000
6000
4900
6500
5600
13400
9400
6200
6400
7800
6300
6000
6200
6000
6400
6200
6400
6000
9200
6500
6700
6700
6500
13400
7800
8200
7500
7600
22600
7400
7400
7900
7700
24100
7600
7000
9800
7700
40100
7200
8600
7200
8200
8200
7800
8300
7800
8100
7800
10400
7900
7800
7900
7900
7900
8600
8100
14000
8100
8000
9500
7700
7700
10200
7700
8400
7700
7700
8300
7800
7800
8600
7900
7800
8000
47400
8000
7900
110400
5700
4900
11900
5000
5800
4800
5000
4900
4800
5000
4900
15900
4800
6600
5000
5800
6000
12100
6200
6000
6400
6300
6200
6100
7400
6600
6400
8900
6200
6500
6500
6300
115200
6600
6200
7600
7700
6800
7000
6900
6800
6800
7200
7100
6800
7000
9800
7100
7100
9000
7400
7500
7300
9200
7800
7700
7700
8100
8000
66300
8500
8200
8500
8000
7900
7900
37400
8500
8100
8200
8000
12800
8600
8600
8000
8400
7800
7800
8400
8500
7900
7800
8200
7800
10700
8100
8100
123100
17700
96100
5000
11100
11900
5500
5100
6500
5000
5900
5500
5100
4900
6000
5000
5200
5100
14500
8800
10000
6200
6000
35400
6100
6000
6200
6100
6100
22400
6500
6300
6400
6300
6400
6200
6200
6500
10400
7300
7000
7000
6600
6800
6900
6900
7000
6900
6900
6800
7200
7000
7500
7200
7500
7400
19900
10400
8200
7600
9400
7500
60300
8200
8300
7800
7900
7800
10300
112800
8500
7900
8000
7900
9800
8500
8200
7800
8400
10400
7900
7800
9000
8000
7800
9200
7900
9600
8100
8200
49500
7900
97800
4900
11400
11400
5900
5000
6300
4800
5800
5200
5100
4900
6100
5200
7700
5100
20300
6100
9600
6200
6100
6000
6200
6200
5900
6000
7700
6500
6600
6100
6500
6100
6200
6200
9000
6400
7200
6900
6800
7300
7000
6900
7100
7100
7400
7100
7300
7100
6900
6800
7100
35900
7000
8000
11100
8600
8800
8700
10300
8800
91600
11200
9000
10500
8000
7700
7700
37200
8300
7900
20600
8200
9900
8200
8300
7900
8200
7800
7600
7700
8400
7900
7800
7900
7800
7900
8400
8000
101900
8100
98500
4800
11000
11600
5600
4800
6400
4800
5800
5200
7600
4900
6200
4900
5100
5100
12500
5900
9700
6100
6200
24600
6100
5900
6100
6100
6100
6500
9000
6300
6600
6000
6300
6300
6200
6300
14000
8400
6800
7100
6700
6800
6800
6900
7400
6800
6900
7000
9600
7100
7300
67200
7100
7300
9800
8800
7700
7600
7700
117600
7800
7900
18300
8000
7800
8400
7900
7800
8500
8600
8400
8000
12300
8300
8300
7800
8200
7800
83700
21700
18700
21500
20700
20900
15800
9600
8900
13000
57700
9700
104000
7000
11600
11600
5700
5000
9700
5000
5700
5100
5000
4900
6000
4800
5000
5000
12600
6000
9300
6300
6300
5900
6200
6200
6000
6100
9100
7300
6400
6000
6600
6300
6400
6300
6400
6700
7400
6700
6900
7800
12500
7000
6900
16500
8100
7600
10800
7400
7500
84700
8000
35200
7200
7400
8700
8500
7800
7800
7800
10200
8000
7900
7800
7800
7900
7800
8000
7800
8400
8900
8700
8200
10000
10500
8000
7900
8700
7700
62100
9200
8900
7900
7900
8000
10800
87200
8700
8100
8100
8000
96600
5000
10900
11300
8600
4800
6500
5200
5900
4800
5100
6800
5900
4900
5100
5200
12800
6000
9400
6100
6400
6000
7600
6300
6100
6200
6300
6700
6500
6200
6700
6400
6500
33300
6400
6600
7100
6900
6600
7400
9600
6900
7000
6800
7500
18200
7200
7000
6700
8800
7100
35000
7100
7300
8200
8400
10400
8000
38500
7700
7700
7800
7800
7700
7800
7800
8000
7800
8500
11200
9100
8200
9600
8200
7800
7700
8400
7800
60500
11000
9900
7900
7800
7800
7800
37200
8700
8100
8000
7900
99400
5600
5700
4800
6100
4800
5200
5000
5600
4800
5100
5100
10800
5200
4900
5300
16500
5200
11000
7200
6300
6100
6000
76900
6300
5900
6400
6300
6300
6100
6300
11000
6500
6200
6400
6900
7600
18200
7200
6800
6600
7100
6800
6800
7000
6900
7000
7200
7200
7700
7100
7000
9900
7700
8800
7900
7700
7800
7700
7700
7800
7600
8400
8900
48300
8600
8000
8400
39600
8000
7900
8000
10200
8000
7700
7700
13600
8000
7800
7800
7900
7800
7900
7700
7900
8000
7900
8100
7900
9000
99000
4900
4900
9500
4900
5000
5000
4700
4900
11300
5000
4900
6100
13900
25100
5100
5000
5000
13100
6500
6900
6100
6100
6300
6500
6200
6800
15000
6900
6600
6400
87700
6800
6300
6400
6400
10200
6900
6800
6800
6600
7000
6800
6700
6900
6900
7000
6900
7100
8600
7000
6800
7100
7500
8900
9400
8500
8600
8400
9000
8500
8500
9100
9200
47500
9200
8900
9300
42600
7900
7800
7900
9900
7800
7700
7700
7700
7600
7700
7700
11100
8300
7800
7800
9100
8100
7900
8100
7900
8900
101500
4800
4900
9400
4800
8100
5000
4700
4900
11100
4900
4800
5900
12000
21300
5100
5000
5500
11500
6700
6300
6200
6000
8700
6200
6200
6000
5900
6200
7900
7100
6000
6400
6400
6400
8000
7800
7100
6700
6900
6900
38500
8000
7100
7300
7000
7600
6800
7100
7000
6800
7100
7100
8000
8600
7600
7600
7700
8200
10300
7800
7600
8300
8200
45600
8100
7900
9500
38000
7900
23200
8400
9800
7700
7500
7600
7600
7700
7700
7700
7700
7700
7800
7800
10900
8000
7800
8000
7900
8800
95500
4600
4800
26500
5000
5000
4900
6000
5000
11100
8700
4800
5800
12100
22100
5000
5100
5000
10800
6400
6500
6100
6100
118500
6700
6100
9200
6200
6400
6800
6500
6300
7000
6300
54900
8500
8400
50800
7600
7600
7500
42000
6800
6900
7500
7100
7100
6800
7000
7200
7200
7000
7100
8000
8500
7700
7600
7500
10400
7800
7600
7700
16200
7900
7800
7900
7800
7800
7800
7800
8500
8600
14000
7900
7700
7700
7700
7800
7700
7800
7800
7800
7900
7800
7900
7800
8400
8200
11000
24500
96300
4700
4700
9600
4600
14500
5400
4700
7200
11000
5000
4800
5900
15900
31600
7700
7600
5000
13600
8800
8500
7800
9100
7600
7900
7700
8700
553400
12100
8500
6900
6200
6500
6500
11900
6500
8300
7600
7400
6800
7100
129700
7300
6800
7600
7200
7400
7100
14800
7400
7400
7000
10200
8300
21400
8300
11100
7900
7900
7800
7600
7900
8000
7800
7800
8100
8000
11400
8100
7900
7900
8800
9400
8000
7900
7800
7600
7600
7800
15600
9300
11300
46100
8700
8200
8900
38000
8400
8100
8200
105700
5400
5000
9500
5300
4600
5000
4900
4900
11500
5100
4800
6200
16900
22200
4800
13800
5000
28600
6100
6300
8000
5900
6100
6500
6300
6000
6100
6300
6600
6100
6300
6500
6100
118900
6200
8000
7300
6700
7000
7100
36200
7300
6900
7500
13600
7000
6900
7000
7100
7000
7200
10100
9500
8500
7600
7500
7600
7500
7600
7600
34200
7800
9700
7900
7800
10600
7900
7800
8000
28900
8700
9200
7800
7700
7600
7500
37200
7800
10500
8700
8400
152600
8400
8000
8600
40700
8000
7900
7900
99000
5200
4800
4900
13000
4900
5000
4800
4900
5000
5300
4900
5000
5100
5100
5100
7700
7500
11000
6500
6600
6100
6100
6100
8500
6000
6100
6400
6300
6000
6400
9200
7000
6400
6400
6400
7500
16200
6800
6800
6900
6800
6800
7000
94600
7200
6900
7100
7200
10000
6900
45500
7700
7100
8800
9300
7900
7900
8200
7900
7700
7600
7900
27600
8000
7800
7700
36300
8000
12300
10100
9700
10700
7800
7600
9700
8900
8600
9800
8900
8500
8900
8700
8700
114200
9100
11300
9600
12400
8700
807500
5400
5800
10000
5000
4800
5100
5200
5900
4800
4900
5800
17400
5200
6000
6500
6400
5200
10200
6600
5900
6200
6000
6300
6500
6100
6200
6400
18200
6300
6400
9200
6100
6300
8500
6800
7600
6900
6700
6700
6900
6800
6500
6700
36700
6900
6900
7000
7300
11800
6900
45200
8100
7200
8800
19200
7800
7700
8100
7700
7500
7500
8000
10900
7900
7800
7700
96200
7800
7800
7900
7900
10000
7800
7600
10300
7800
7700
8800
7800
13800
7900
7800
7800
42500
7700
8700
8400
11500
8900
97100
5100
5700
9500
4900
4600
5300
5100
5600
5000
4800
5700
16500
5200
5900
6200
6200
5000
38900
6800
5800
6100
9000
6900
6600
6200
6300
6400
5900
37600
119400
6500
6300
6100
6700
6600
7200
7400
6900
6900
6600
6900
7200
6500
6800
7300
16600
7200
6800
6900
7100
7100
6900
7300
8600
7700
7600
7800
8100
7700
7700
7600
7600
11200
7800
7700
7800
36800
7900
8000
7900
36600
10100
7800
7600
10300
7900
7800
8600
7700
7700
7700
7700
8300
42200
7700
8500
8300
11300
8500
95600
4700
5500
9200
13400
5100
5400
6200
5600
5000
4700
5900
15800
5300
5800
6100
6000
5100
8700
6400
6100
5900
60600
6400
6400
6100
6100
6300
5900
8700
6600
8800
8800
20700
10000
11400
11600
18300
7500
12200
8200
7800
7300
14200
10600
11400
11000
7300
7500
10800
8200
6900
7100
7300
8200
7600
7600
7600
7500
7700
7600
8500
37200
27500
10600
7800
7800
7700
7700
45500
8600
8100
10200
7700
7600
12100
7900
7700
8400
7600
7700
7600
7800
7700
97700
8000
9000
8400
11700
8500
361200
5000
5700
9400
4600
4900
5000
4700
5600
4800
5000
5800
15400
5000
5800
6300
5800
5300
9800
6400
17100
6500
6200
6600
6500
9500
6500
6400
6000
6400
6500
9100
6300
6500
7600
7100
7300
7400
7000
7000
6700
6900
7100
10000
6900
7300
6900
7000
13700
7300
6900
7200
7400
7500
8000
7700
7900
7800
7700
7600
7700
10600
37600
7800
7800
7800
9300
8000
9900
47900
8800
8200
11500
31600
8300
7700
9000
8000
8000
8000
7800
8400
7900
122800
8000
35800
9300
8200
7900
8000
101200
5000
5500
9500
4600
5300
8900
11900
5800
4800
5100
5600
12900
4900
5700
6000
5800
5400
9500
6300
6200
6200
6200
9200
6600
6100
7300
7000
6100
6300
6400
6700
6300
6300
6700
6600
7100
7300
6900
13700
6700
6800
7100
9500
7700
7400
7000
7000
7300
6900
44900
6900
7100
8100
8100
7500
7500
7500
7500
10300
7700
7600
100600
7800
7900
36700
8100
7900
7900
47200
11200
8100
22300
7800
7700
7700
8300
7800
7600
7600
7900
8700
11000
7800
7800
35600
7900
7800
7900
7800
97700
4800
4900
5000
4700
8300
8800
4900
7100
4900
7100
6000
12900
6100
6800
6800
7800
6800
13800
6700
5900
6700
6700
6400
6000
6300
6700
6500
6200
6500
6400
21300
6600
6500
6100
6200
8200
7000
6600
9800
7500
7200
6800
7300
7500
8500
7700
6800
7000
7300
116900
7100
7500
7200
9200
10400
7700
8500
43600
8500
8300
8300
7800
8600
8100
8500
8100
8100
8300
10800
8100
8300
11400
8100
28800
8700
8000
7900
8200
8300
8500
10300
8800
15500
8500
8100
8100
8400
8300
8200
95300
5100
5400
4900
5100
7800
4900
5100
5800
5000
4900
5000
5200
5100
5600
5500
5000
5300
10300
6600
6200
24900
6700
6300
6100
6100
6600
9100
6200
6500
6300
6500
6200
6500
6500
6100
7800
8900
7000
6600
7200
7000
7000
7300
6800
6800
7300
9600
7000
18600
39800
7200
7700
8200
9400
7700
7700
9400
7700
8100
7600
11300
8100
8300
7900
8200
8000
7900
8400
8100
8000
8200
10000
8200
66200
8700
7900
8200
7900
7800
8500
7800
8300
8000
7900
7900
8100
10700
9400
8100
95300
4600
4800
5200
4800
5000
5100
4600
12500
5100
5100
4800
4900
5300
4800
7900
5400
5100
10400
6600
6400
6400
6100
6200
6300
5900
6400
6200
6400
6600
6300
6300
6400
6600
6300
6400
11600
6800
7200
6900
18000
6900
7100
86900
7500
7100
7100
7000
7200
7100
7200
6900
8100
10300
9600
7800
7700
8100
7600
8400
7800
8100
7800
8200
7700
16100
8100
10600
8000
9100
7900
8000
10000
7900
27700
8300
7800
7900
7800
10900
8700
8100
10700
8100
8100
8200
8100
8100
8300
8200
96900
7700
4700
4900
4900
4700
4800
5000
5600
4700
4900
5100
6000
5300
5600
5100
5100
5300
10000
6100
6500
6200
6300
6000
9000
6300
7300
6100
6300
6600
6600
38300
6500
6500
6600
6200
8000
7100
6800
6900
7300
7200
6800
6700
10200
7000
7200
7200
6700
8500
7200
7000
7100
7400
9000
7900
7800
20400
8500
7900
7900
11600
7900
8000
8400
8000
8000
8100
41600
8100
8700
8100
12900
7700
27900
8500
7900
7800
7900
8100
8300
8000
8900
28500
10900
8800
9400
8500
8200
8100
109600
5700
5700
5600
5800
6600
4600
5000
5500
5100
4900
7800
5100
5000
5100
5300
5000
5100
9900
6400
14400
6300
6200
6200
6000
6200
6700
6200
6100
6600
6500
6400
6200
9600
7800
6500
7600
7100
6700
6900
7200
7100
7100
6900
7400
7000
7100
7100
6900
34700
7400
7000
7200
10000
8800
7900
7700
7700
8100
7700
27800
8000
7800
8300
8600
10600
7800
8000
117200
8200
8400
8100
9500
22300
8100
8700
7800
12500
8000
8200
7900
8800
8100
8000
8000
8000
8000
8000
7900
7900
98300
4700
4800
12600
4800
5000
4600
5000
23800
5100
5100
4800
4900
5200
4800
5100
5300
5000
8600
6400
9400
6000
6200
6300
5800
6300
6400
6400
6000
6400
6400
6300
6100
6400
6400
6000
7500
7200
6800
6800
33500
10000
6800
7000
7300
7100
8100
7100
7200
7200
6800
7100
7100
7000
8600
7500
7700
7500
8300
8900
8600
9100
8600
8700
9200
26600
10800
8900
43500
8700
10500
9000
12400
7900
7700
8600
7800
8200
7800
8400
8000
8300
7900
7800
8000
10300
8100
7800
7900
7900
102400
5100
9600
6100
5000
4800
5000
5100
5700
7800
5800
5000
5200
5200
4900
5200
5300
5000
10700
6800
6400
6100
6500
6300
6500
6400
6200
9400
6700
6900
6200
17800
8300
6900
6600
6300
8100
7200
6800
6900
7100
7000
7500
7000
6900
7100
10000
7400
7000
7300
7200
7400
7100
7200
8700
7900
7800
8200
31500
8200
7900
8700
11000
8200
8000
8000
8100
8000
8100
8300
8200
10100
9400
8100
8600
8100
10800
8400
8100
30500
8000
8100
8100
9000
39800
8400
8100
8200
8300
11800
98700
6000
5100
5900
5000
4900
5300
6300
5000
6200
5200
5800
5200
4900
5200
8100
5900
5800
10300
6500
6400
17100
6000
6100
6300
6100
6100
6200
6500
6400
6600
6700
6400
6700
9400
6600
7900
7100
6900
6800
6900
6800
7400
7300
6800
7000
7200
7700
6900
15000
7200
7300
8600
7100
11400
7500
7600
8100
7700
7600
7600
8900
8000
8000
8200
7900
8100
8000
10600
8200
8100
8100
9200
7900
32400
8100
7900
7900
8000
30600
10600
8100
8000
8500
7900
8000
7900
9400
8000
9300
101700
5800
7600
5600
5000
4700
5000
4600
4800
23400
5300
5600
5000
4800
5100
5200
5900
5700
10500
6300
6600
6000
8600
6300
6300
6100
6300
6200
6000
6100
6600
6700
6400
7600
6400
6800
7200
7000
6900
6800
15600
7200
10700
7200
7100
6800
7500
7000
7300
7600
7300
7600
7200
7200
8800
7700
9100
8200
7800
10400
7600
8500
7900
8300
8100
8000
47900
8100
8100
9400
8500
8200
9400
10500
8700
7900
7900
7900
7900
38100
7900
8000
7900
8600
8000
7900
10700
8100
8000
8900
96500
5900
5100
5700
5000
4800
4800
4700
4800
7000
7900
12000
5200
4900
5100
5100
5900
5700
10200
6300
6300
6200
6000
6100
6200
6000
6300
6400
7100
6200
9300
25600
6800
6700
6500
6700
7500
7100
7400
6700
7300
7000
7300
7000
7200
7000
7500
6900
7000
10500
7300
7500
7400
7100
10600
7900
8600
15400
7800
7900
8500
7900
7900
7900
10700
8100
7900
8000
7900
8200
8100
8100
9300
7800
8500
8000
8000
8000
10700
30200
7800
7900
7900
17200
8100
8000
8000
8100
8000
11100
99200
5700
4900
5400
4900
4700
4900
4700
4800
5700
5100
5500
4900
6700
5100
5100
5800
8300
9900
6200
6600
34600
6200
6200
6300
6200
6200
6400
6400
6500
6800
6500
6500
6600
7600
6800
7300
10800
7200
27300
7400
7000
7400
7000
7100
6900
7700
7100
7100
23700
7500
7700
7600
7200
11300
7800
7900
7900
7900
7600
8500
7800
8000
7900
8000
8200
8100
8100
10600
8300
8300
9400
9000
15300
8000
8300
7800
7900
23900
17600
24300
13200
15200
8800
13000
12100
11800
14200
13900
12500
187700
13300
9600
10900
9300
11600
11000
9800
34800
13000
10900
12300
11100
9900
11000
10600
12700
17100
20400
15600
28200
15600
12500
15500
16800
11900
11900
9200
6500
6600
7000
6500
6300
6800
6600
7000
7700
7100
6700
6900
28100
7300
7600
10200
7500
7400
8000
7300
11600
12000
11800
15800
12700
13200
14400
14800
14500
14300
14200
17300
15800
15200
13800
13600
13900
32100
15200
14400
14600
15300
15200
15200
16900
18100
17700
15700
15600
14400
13400
14700
14500
13600
13600
14200
17200
13900
14400
18500
15000
14400
194800
11400
10700
9600
9700
8200
9500
25400
9600
9600
8000
9900
8800
13100
8100
9100
8800
9800
