63900
1248800
11800
154500
25200
10200
27800
10100
174600
12700
157100
10400
161100
10500
10200
12300
11300
11100
156400
14000
172400
16500
15800
104700
14100
99400
238500
16500
15100
16200
17400
279900
16600
264000
17100
50300
24700
234700
20100
20100
20700
136300
20400
191600
27700
27200
22600
24300
22200
21300
21200
21900
22600
23100
226100
29700
658500
301100
39500
41800
37900
38700
39100
46100
112900
40100
39600
40300
43800
41300
40700
41900
91600
350200
68500
237700
45700
45100
68100
276400
49800
48000
426100
267800
189600
47900
48500
48100
50800
60700
42100
25700
13100
12300
12400
12500
45100
12500
14200
13900
13000
13700
85600
15300
14700
58900
17100
19500
58400
20200
56600
21800
22400
39200
22300
46700
82200
24200
23100
24400
24800
468600
17300
34200
5900
11200
20400
50900
7000
7700
7100
25800
8000
36100
7200
6800
8600
7000
7500
7900
7000
6800
8000
7400
40000
14700
53300
49500
9000
13300
8700
10100
8900
8900
23400
8900
9000
8700
9300
9300
8800
9000
14900
72000
12600
53100
10700
11300
12000
67000
12100
10900
99400
75300
78800
10700
15800
11400
10700
14200
11600
11900
3800
3500
3400
3500
19200
3000
3800
3500
25500
3200
20800
3900
13900
29900
3500
15100
7500
27600
6300
35400
23400
6600
24100
7400
28900
6400
22600
5200
23300
5600
5300
5400
5500
5000
15000
45100
6900
7500
6800
27000
7200
33600
7400
6800
8500
7000
6800
9600
6800
7200
8200
7100
44400
10900
52300
47300
9900
9100
9700
10200
9100
10100
25400
9100
10500
10000
9300
10200
10200
10900
25000
77100
12600
50800
10800
15200
12100
61400
13600
11000
98500
77000
104200
12100
12600
12000
11400
14600
6100
4800
4400
3700
3300
3400
5300
2900
3800
3500
13600
3000
8300
3700
20500
8100
3100
10500
8000
19400
7600
23000
14900
5900
9600
5800
20500
6200
201800
10500
63200
8300
7500
7200
7900
7000
49500
10000
55900
12800
11200
45300
28200
32100
79200
12200
10200
11400
10200
108300
10000
66800
10500
31300
76200
16000
92000
84600
12000
12200
12000
12600
12900
12000
38600
12500
12400
11700
12100
11800
14600
12500
27100
111900
24600
404800
13300
15700
13800
92500
12700
11000
158500
110900
115200
10800
11300
11600
18400
17100
5800
8300
3500
3700
3000
3500
8600
2900
3600
3400
24200
3300
19200
11300
10600
16600
3500
3200
7700
31600
6400
35600
13500
6600
16400
5900
29700
6200
34200
5000
31300
12600
5200
6000
5600
4800
43300
7200
44900
8400
8000
28700
13000
24900
64500
8100
6700
8800
7300
93100
7200
75700
6900
29300
13100
73200
8700
8900
8800
49400
9500
48200
8600
9200
12100
9200
8900
18700
9100
8900
10500
24700
19300
94800
13000
96300
11000
10900
15700
89700
12300
15300
146300
108400
111900
10600
11300
11700
11000
15500
10900
8300
4600
3700
3400
3600
20500
4100
3400
4700
25300
3100
31600
3700
36500
30400
3700
3200
7400
32200
6100
39600
19900
5800
22000
5700
31300
6100
28600
5100
30600
5700
5100
5300
5500
9300
43900
7200
36900
8000
8100
43700
26000
30400
64900
8600
6900
8400
7200
84400
7200
64700
7000
36400
16100
78000
8800
8900
8700
60800
9000
46700
9300
9200
11000
9100
9000
47200
10100
10300
14700
48900
56600
12700
101000
84000
14200
11400
10700
10900
11100
10800
37700
11000
12400
10900
10900
14700
11000
10900
16500
145900
26900
18700
18400
17100
16700
16900
17600
17100
16900
17500
236100
17700
18700
18000
204500
10200
12400
8600
10200
8200
8300
65100
8600
10100
8300
8700
8500
8400
8300
8700
8400
11200
8800
8600
43500
27700
12100
10100
11600
10200
10400
10300
10300
42000
10500
11600
11600
11100
16500
10700
10400
10500
23600
13700
11800
49200
11800
44400
15900
12100
14400
56500
66500
37800
10900
52200
6600
6500
7200
6600
92100
4800
5500
26900
9800
4500
4100
5300
6100
13600
6700
4100
26500
4000
4500
26100
66600
10400
13600
8200
7000
7600
7000
6700
6800
50600
7400
7300
31100
7000
7600
7800
7800
7300
7300
62700
10100
7900
7600
11900
7900
48200
7800
7700
7600
8100
8000
7800
8200
8000
8200
8700
8100
8000
33500
22100
10200
8700
9500
8700
9500
8900
8800
8900
9000
13900
10700
9000
9700
9000
10600
11900
25900
10500
8900
29500
13200
34700
9000
9000
10800
51000
60300
40800
10300
47700
9600
8900
10200
10100
118900
5900
11100
26600
7000
5500
5600
6600
5600
16900
12000
9300
32900
5600
6000
27200
36300
5800
10900
7100
6600
7100
6500
7000
6700
6600
7100
11200
8300
6900
7100
7700
7200
7100
7800
7100
8000
39800
7400
7800
8300
7700
7700
9900
10000
8900
7600
9400
60800
9600
9100
9700
95100
8900
29200
21000
9700
9900
10000
8600
8800
8800
12800
8600
8900
9600
9700
8700
9500
8700
8700
9000
14600
16200
9900
30600
8700
33000
8900
8900
10400
49800
64000
36300
11400
45100
8800
9000
9000
8900
109100
5600
6800
25500
7300
5400
5800
6900
5400
15200
11900
5900
27300
5400
6000
26300
35000
5800
10500
8400
6800
12100
6800
6700
6700
6900
7300
10800
11300
23100
14800
12000
11000
10700
8000
9200
31400
43000
7800
7800
8600
8100
25800
7900
8500
8700
8400
8800
69200
9900
8300
11100
49300
8700
11600
8800
8500
8600
13000
46900
8500
8700
9400
9500
8800
8600
9000
8800
8900
10500
13100
9600
11700
9100
9200
29000
8700
45800
8900
9400
17100
48400
57900
36100
10500
48800
9000
8800
9300
9000
110600
5800
6700
25700
7300
5700
5500
11300
6300
14000
8600
5900
29200
5600
5800
27800
38600
5800
11400
31800
6700
7600
6800
6600
6600
6700
7300
7100
6700
7200
7800
7500
12000
7200
54900
6900
8300
33500
7500
49300
8900
12000
7600
7900
9100
7800
7800
8500
56700
8600
7900
8700
54600
8600
11100
8600
8300
8300
43100
48000
8400
12800
9900
8800
8600
52400
9100
8900
8700
9900
8700
9000
35100
21700
10900
8700
9600
8600
9100
8900
8700
15800
13100
14800
10200
8900
9900
8800
8800
8800
110400
9400
6700
30000
6900
5500
5200
6900
5500
14300
7600
6200
31600
5500
6500
30900
35000
5800
12000
7300
7300
7100
6900
6700
8100
6800
7400
7700
51400
6900
7100
8100
7600
8400
42600
7000
7900
62100
7700
7700
8300
7600
7600
48700
8300
7500
7700
8600
57100
13000
7800
8700
48500
8400
10300
33400
11200
14000
18000
67900
14200
13200
13100
13600
9000
8400
9200
9100
8900
10500
73300
10500
31000
21700
10800
10600
9800
9400
14200
8800
8500
8700
12500
10000
10400
8900
9500
8600
10900
9000
112700
5900
5400
10500
6900
11000
5500
5800
7700
18400
31700
17200
7200
32100
5800
5600
6100
6000
12400
6600
7800
8500
9100
11400
6700
6800
7500
6900
6500
6900
6900
6700
7500
7000
7100
7100
8800
7600
7500
7700
39400
11700
7600
44000
9200
7800
7800
8300
33000
8500
8400
8400
7900
51800
55100
8600
8400
9100
9600
8300
8600
29100
8500
12600
81000
44200
10000
65300
8800
14000
9000
9100
10600
46800
9000
9900
49900
8600
8800
14900
8800
8800
9800
55800
41400
9100
8800
12100
15900
10900
111200
6400
5600
5500
5600
7100
5600
5700
6800
12600
6800
15400
5600
5600
5700
20200
5500
6100
11900
7100
6800
6800
6900
6800
6800
6600
7300
11200
7300
6800
6700
7000
7000
6800
6800
11900
9000
7200
7500
7400
39800
9300
7400
47000
7700
7800
8000
8200
35100
8800
7700
8500
7700
47700
58300
8500
8300
8300
9600
8500
8400
29500
9900
8600
86400
45500
9100
59300
8800
9300
8600
9000
14300
44400
8500
9500
49000
8400
8500
10200
8600
8700
9400
55700
41400
9300
8700
10100
14700
10500
104900
5300
5400
5300
5300
6800
5500
5500
6800
6900
10100
15100
5500
5500
5500
20200
5400
5700
10900
7200
8400
7000
6600
7000
6900
6700
6500
7200
11300
9100
7400
7400
7100
7000
7100
6800
33100
7600
8800
8800
7700
46900
11900
7700
7500
7600
7500
7600
74400
7800
8500
7900
7800
8000
58300
8500
8400
8500
9600
8500
8600
29300
8500
9000
84500
43300
8700
57700
8600
9500
9100
9100
14500
45800
8400
10700
50300
8700
8700
10200
8700
12800
9600
53000
40700
8900
8600
10200
10000
14400
110200
5500
5200
5700
5500
6700
5700
5700
6700
7100
6900
15600
5500
9600
5700
19300
5700
5500
32300
7000
6600
7300
6800
6900
6800
6600
6800
6900
7100
6700
6800
7000
52900
6900
7200
6900
7800
7900
7300
8500
7300
7600
7600
46300
31900
29800
7700
7600
47500
8100
8500
7700
7900
7900
9900
12400
8400
8400
40400
8600
8300
76000
8300
8500
8500
13300
36400
9800
8800
9700
8800
49600
10200
48300
9100
9600
49200
8500
8700
10200
8800
8600
9900
57400
40800
8900
8700
10300
10300
10600
111100
5900
5500
5500
6000
6800
5700
5700
6700
7700
5800
34300
5800
5300
5800
22100
5500
6900
12200
8200
8100
8000
7900
10000
6700
7800
8100
7800
8600
6900
7100
8100
8200
6900
7000
11300
8000
7400
7400
8500
8300
7700
7400
9100
7700
7700
7600
7500
7900
45900
8600
12100
8200
7900
10200
8700
8500
37100
37000
8500
8500
45700
10500
8800
8800
9500
35800
10200
8800
10000
8800
52500
53000
9100
8500
8500
9900
8500
8700
33400
8700
8500
96200
63500
8900
63500
20700
17900
14100
133600
158700
6800
5400
5700
5600
13200
5900
5400
6900
7100
5500
14300
5400
5600
5800
17600
5700
5700
10400
6900
6900
6900
11400
7800
7000
41000
6700
7000
7200
6900
7000
7600
7100
7000
7100
6800
8100
7500
7800
13500
35500
7600
7400
7600
7600
7600
7500
8300
7700
7800
8700
8000
7700
7800
9800
13000
8400
10600
38100
8400
8400
40000
8500
8300
8600
9600
36900
10000
8800
10900
8900
44900
52300
12700
8500
8600
9800
8400
10700
29100
8500
8400
81800
41600
16400
52000
8500
9700
8700
9100
105800
17300
5500
6800
12700
5500
5600
11000
5600
5400
6700
14100
11900
6900
5500
11700
7600
8500
11200
7000
6700
37600
7500
6600
6700
7300
11300
6700
6800
47700
7100
6800
7300
7300
7400
7000
8800
38300
7700
7600
7700
12800
7400
7600
7600
8200
7600
7500
7700
8000
8300
7800
8000
7900
9400
21100
8500
8600
12800
8500
33500
9400
8800
8800
8700
8700
8600
8600
9300
9800
10700
103500
10200
8600
8600
9100
8600
8500
8500
9200
8700
13300
8800
8500
8800
11200
10500
8700
9000
8900
107600
5600
11300
5300
5500
5400
8200
6600
5600
5500
6100
12900
5600
6500
5700
5600
5400
5600
10700
6800
6600
6800
11300
26200
6800
6800
6500
6700
6800
7300
13000
7200
6800
47300
6900
11200
11500
42200
7500
7500
7300
33700
7700
7800
7600
8200
7600
7500
7600
7700
7400
7800
7600
7700
9400
25700
8900
8400
8100
8100
34200
9300
8600
8400
8400
8400
22500
12900
9500
9600
9300
152300
14800
8800
8600
8800
19800
12200
10700
8600
9200
8700
8600
8700
8600
10600
9600
8900
8800
8800
114600
5600
6400
5400
5500
5100
9400
7000
5700
6000
5700
13900
5600
6600
5500
10200
5600
5600
12100
6700
6800
6700
7100
6900
6900
7000
6600
6700
7000
7900
6900
7000
7500
7000
7200
7600
13000
7400
7400
28200
7600
7500
7400
8100
7400
7600
7600
48900
9200
7700
7700
7800
12700
41500
9600
21100
8200
8300
30900
9200
33800
9100
8800
12800
14400
9600
9700
9800
11800
10800
11800
110400
10900
10400
10300
16700
8800
8500
8400
8500
8700
8800
8700
8700
9200
14500
9800
9300
8600
8800
110900
5300
6600
6900
5500
5300
6700
11200
5400
5600
5300
13100
5300
6900
5400
5500
5500
5700
11500
6900
6800
16000
7400
6900
6900
34500
6900
6600
6800
7300
6900
6900
6700
52800
6800
7500
8500
7600
7500
26900
11600
7700
7500
8200
7700
7300
7600
86800
9300
7800
8400
7600
8200
7900
26100
40900
8500
8500
8500
9200
8400
8500
8500
9500
8500
14100
8600
8600
8700
8700
8700
9000
10400
8400
8900
8400
8400
8400
8400
8400
12900
8500
8500
8500
8600
9900
9800
8800
10000
8800
112400
5200
10700
5300
5300
5100
7100
6500
5400
16400
5600
13000
5200
6600
5400
5800
5300
5600
12100
6700
6500
11600
7100
6600
6400
6800
6700
6500
7000
7300
7000
6700
6900
7000
7000
7300
9800
8400
7200
31200
7800
9800
8100
8100
7600
7200
7300
48800
7500
7400
7700
7700
8200
7900
8900
43900
8300
8300
8300
9100
8400
8400
8500
9100
8800
8600
9100
8600
8600
13300
9100
8800
9800
27300
8400
8400
8900
10000
33600
9300
8600
12900
8500
8500
9000
13200
15300
16300
36700
225700
113500
7800
8600
5400
5600
5200
6800
7300
5700
5700
5400
13000
5600
11200
6000
5700
5400
5700
11500
11300
7400
10100
10700
6800
6500
6700
9500
11000
7300
7500
7000
22900
7100
6800
7100
12000
8400
7600
7400
27400
7400
7600
7500
8300
7500
7600
7600
105700
7800
7600
12500
7900
8400
8000
9200
39300
8600
8400
9000
9400
9200
8500
10300
14200
8500
19900
8500
8600
8600
8700
8700
8600
9800
21600
8400
8400
13100
38800
32900
9400
8700
8800
8500
8400
22600
8700
10400
14400
9700
174200
109800
5500
5600
5400
5500
5500
5200
11500
5600
5400
5500
5200
5600
7000
10700
5900
5400
5700
12300
6600
6800
6900
18600
7200
11600
6900
6500
6900
6800
6700
8300
15700
11400
7100
6900
7700
28800
7200
7300
7400
7000
7500
7400
13700
8700
77400
7600
7900
7600
8300
18600
7800
7600
7800
9300
9000
9300
8800
13500
9300
8500
42000
8500
8400
8300
8500
8400
11000
8700
8600
8600
13000
10300
8600
8500
35100
8500
10900
8500
8700
9700
8800
8400
12800
8600
10100
8800
8600
9700
8700
103400
6500
5400
5100
11800
10800
5400
5100
5400
5200
24100
6200
5400
5400
5500
13900
5600
5800
11000
7300
8500
7100
6700
6700
6500
6600
10900
7100
6600
6700
6700
6800
6900
6900
7100
7000
27400
7400
8800
7500
7200
16700
7500
8100
7300
43900
7400
7600
7500
7800
7700
7700
7400
7700
9500
9000
9000
8800
8800
12400
9500
46200
9300
9600
9400
9600
18900
9700
9600
9600
9700
9600
14500
8400
8400
33200
8300
9300
8600
8500
9700
9300
8600
8500
12600
9700
8600
8700
9500
9000
105000
6300
5200
5100
11200
6400
5100
9400
5400
5200
13600
5200
5700
5300
5400
13100
5400
5800
10700
7000
6500
6900
6700
6400
6500
6600
6600
6800
10700
6800
6900
6900
7500
7000
7200
7100
8000
7200
7300
7600
7300
7400
7500
7500
26900
7500
11700
9100
7700
7700
116800
7700
7800
7800
9100
9000
8900
9400
19000
14400
8500
43500
8300
8400
8300
8500
8500
8400
8600
8500
8500
8500
17200
8400
8300
34800
8300
9400
8400
8500
15300
8800
8400
8600
19000
13800
9100
8700
9800
8600
108400
6600
5100
5300
11000
6600
5200
5400
11200
5200
13500
5200
5300
5200
5500
12900
5500
5600
10600
7000
6700
6800
7400
6700
6500
6800
6700
7100
11000
6700
40100
7400
7600
7000
7400
7200
7800
7300
7600
7700
7400
7500
7400
7500
7500
11700
7500
7700
7700
7700
8100
7700
7800
7800
89600
8200
8100
8300
8200
8300
8400
13500
8500
43700
8300
8600
8400
8900
8500
8400
8600
8700
9900
8300
21500
33200
8300
9500
8300
8400
9400
8600
8300
8400
8500
9500
12700
8700
9800
9200
105800
6200
5300
5200
11200
6300
5300
5300
5100
12100
17400
5400
5500
5200
5600
13500
5600
5500
22100
11300
6800
6600
6300
9400
6700
6600
6400
7000
6700
6600
6500
11400
6900
7000
7200
7200
7700
7400
7200
8400
7300
7900
7200
7500
7400
30200
7400
7500
7300
12000
7700
7600
7500
7700
53500
8200
8100
8700
8100
8200
8200
8900
8200
49100
8600
8400
8900
9000
8400
8400
8500
8500
9500
10600
9200
13600
9200
10000
8400
43600
8300
8500
8400
8600
8200
8400
8500
12700
8500
8400
105200
7000
5100
5200
13000
6200
5200
5200
5100
5200
12800
5300
9500
5200
5400
12500
5400
6600
11300
6900
6600
6600
6300
6700
6800
6400
6500
7000
6700
6500
6700
16000
7000
6800
12600
8200
8100
7200
7300
7300
7000
9600
8100
7200
7300
7300
7400
35000
7600
7700
7400
7600
12400
8000
94900
8100
8100
8000
8700
41000
8200
9100
8300
48600
8900
8600
8300
8500
8300
8800
8600
8700
9700
9300
8800
9100
13400
10200
8300
75500
8400
8300
9700
8400
8200
9200
8800
8300
12600
8500
104000
5200
5100
9900
5100
6400
5000
5400
6600
5300
5300
5800
13200
6600
9900
5500
6600
5600
11000
6600
6300
6600
16500
6600
6600
7100
7100
7100
6600
6800
11700
8800
7600
7100
6700
6800
8300
7500
7500
8000
8200
7300
7300
31800
7200
9100
12000
8000
8100
7600
16000
7700
7700
7600
9300
8400
11400
8500
8400
8300
8600
13600
9700
8500
8300
8400
8600
9900
8500
10500
12800
9500
12400
9900
9600
10600
9700
9600
11900
9600
9700
9700
9700
40400
9800
14500
8600
8500
8800
9900
104400
5600
10600
5300
5600
8900
6400
5500
6600
9000
12800
6500
5600
5500
7200
5600
5600
11700
14700
6400
7700
11100
6600
7000
6700
6400
6600
6600
6500
6700
7300
8500
7000
7100
7200
6700
8300
7300
7100
12300
7900
14500
7300
31900
7100
7200
7400
8000
8000
7500
7500
7400
7900
7600
9300
12500
10200
8400
8200
8200
8600
9000
9400
8500
8400
8300
15300
35300
8600
15600
10400
11800
10200
8400
8400
8400
8400
8400
10300
8600
13200
8500
8300
36200
8600
10600
8500
8500
8700
10200
118900
5300
7500
5300
5000
7400
5300
5400
5200
7400
5200
5300
5500
5200
5600
5500
5400
14100
10100
6700
6400
6600
6600
7100
7600
6400
6600
6600
6500
6800
7100
7200
19900
7400
7400
6700
7900
11700
7200
7200
7200
114500
7500
8200
8200
8200
7600
7500
8200
7600
7600
8700
7500
12100
9300
27300
23700
27300
46400
16900
25900
24800
18100
35200
17700
17000
26400
20300
17300
22300
17700
17900
21900
23600
17700
16900
17100
17900
24000
15000
19500
13500
14800
69300
35800
18400
14800
14700
14500
23000
198600
9200
12200
8800
8300
11900
8800
9300
9000
11700
8800
8200
9300
9200
15900
9100
9300
12400
16700
10700
10400
10600
11800
11600
12800
10700
10600
10800
11000
10700
14600
12100
11000
17200
12300
11300
12500
11900
12100
11700
11900
11800
12000
15200
13900
14500
12500
12300
14600
12900
18900
13900
13400
12500
14400
13100
13700
15000
18300
13100
13500
57000
19200
13800
14400
16200
15800
14000
14300
13800
13800
13700
17000
14000
13700
20600
13800
13900
16400
13600
13800
16000
13500
60700
13900
16700
14300
19300
15600
16900
197000
9600
14500
9000
43000
20900
11800
11100
11700
30600
12800
10100
11700
10200
11500
10900
10900
8700
10900
6600
6300
61200
6200
6700
7000
6500
6400
6300
11400
6600
7100
7000
6300
7400
7200
7300
7900
7000
10100
6800
7100
21700
6900
8200
8000
8000
12000
7000
8300
7200
7400
8200
7700
7500
10300
8100
8200
9400
9200
8100
8000
38300
8400
8300
8400
9600
29400
8600
8100
8300
8200
8200
9800
12300
13500
8400
8300
7900
8300
9600
9700
8300
8200
8200
8200
40200
13800
16400
13100
14700
120000
6100
7000
5200
5700
6900
9600
5400
4900
6800
5100
4800
5300
5200
5400
6300
5500
9200
10500
6200
6200
6400
6300
6800
6800
6200
6300
6300
6400
6200
6900
6800
43500
16100
7700
6600
7900
6900
7000
7100
7200
6900
7300
7900
7900
13400
7300
7100
8000
7300
7600
8100
7500
7600
8600
8000
8200
9300
22700
12600
8100
31700
8000
8000
8200
9400
9600
8400
8300
9100
8600
8400
14300
8200
10600
8100
8300
8100
9000
9700
9800
8400
8300
8400
10000
37100
9400
15100
12500
13900
102100
5200
8700
6400
5100
6700
12000
5400
5000
5300
5300
11000
5100
7000
5400
5500
5300
17200
12600
7100
10900
6200
6200
35000
6800
6700
6500
6400
6300
6400
6900
6600
6400
6500
6600
6500
8400
7700
7000
11800
7300
8700
6900
7100
7300
7800
7200
7300
8000
8000
7300
40200
7600
7300
9300
9100
11800
8000
9100
7900
8000
7900
9000
7900
9200
8200
8000
9200
8700
13400
8500
9700
10400
8400
8100
17100
10900
10800
8500
8300
8100
12400
9700
8200
8300
8600
77700
8500
8300
8600
116600
5400
4900
5200
4900
4900
9800
4800
6800
5300
5300
32200
5500
5300
5400
7700
5200
9800
11400
6200
6100
6900
6200
6100
7200
6700
6400
6600
6300
6900
6600
6500
6500
7000
6300
6700
12900
7800
7100
7600
7100
6800
32100
7300
6900
7100
7200
7200
7900
8000
7300
7000
7400
9000
12900
8700
7800
7800
9100
7900
8000
7900
8800
8000
10900
8300
8100
44900
8500
9300
8100
9100
9600
7900
7800
8000
10300
9200
12600
9400
8000
8100
9600
8000
8200
8200
195200
8300
8400
8600
117500
16700
11600
5000
5700
5000
10000
5200
9600
6400
5200
13500
5200
5300
5100
11200
5400
5100
10000
6700
6100
6000
6200
6500
6700
6700
6000
6300
6300
7100
6500
6300
16500
7100
10600
6400
8400
7000
7500
8800
7000
6900
7600
7800
6900
7200
7200
7000
8000
7200
7200
7400
11200
7200
8700
9900
7800
7600
8700
41900
8300
7900
9500
7900
9100
12200
8100
9100
8400
9300
8400
9500
17700
13600
7900
8000
10700
13600
8000
8000
7800
8200
9300
7900
8200
39300
49600
8300
12300
8300
114600
6700
14000
5200
5100
4700
6800
5000
6900
5000
5200
15900
5300
5200
5200
6900
5100
5200
11900
9600
6100
6300
17000
9900
6800
7100
6200
7000
6300
7000
6300
10500
6400
7000
12600
6500
8600
7000
7800
7300
6900
7100
7800
8100
7000
7300
8700
7500
12200
7200
17000
7400
7300
7400
9400
9000
7900
8700
7900
7900
7800
8000
8100
12200
8100
8000
10600
9200
8300
11600
12800
12000
10100
13000
12800
33100
14800
9400
8200
8100
8000
8200
9500
8100
8200
8900
125800
8200
8500
8600
113300
5600
5000
4700
5000
4800
6600
4900
11200
5000
14100
11600
5200
5300
5100
6800
5300
6700
10700
6200
6200
6100
6300
6300
6700
6500
6100
7500
10600
6900
6900
6600
45300
6900
6500
6500
8400
7100
7500
7000
6700
15600
7700
7700
11400
7200
7000
7200
7800
7300
7500
7400
7100
7500
9500
8900
7800
8600
7900
8000
12000
9600
9500
8700
8000
8100
17700
9100
8200
8100
9400
8400
9200
13800
7900
8400
9900
8200
8000
7900
9400
8200
9400
8300
8200
12900
9600
11600
9200
13300
121200
4900
6000
7200
4800
5800
12000
4900
6800
5200
4900
11600
6300
5200
5400
6800
6700
5500
9300
8000
6300
6200
6100
6300
6600
10600
6100
6200
6300
7000
6400
6000
26800
7000
6400
6200
8000
6900
8100
6900
6900
7000
7600
7600
11000
7100
7000
7000
7700
7100
7300
6900
7100
7300
9300
9000
9100
8600
44100
9800
13100
7800
10900
8000
9400
8000
9500
8700
8100
8600
8100
8300
9300
13900
9200
8000
9300
7800
38200
8200
9200
9400
10100
8200
12200
25300
8500
9400
9700
10700
115000
6700
12700
7900
13900
16600
8400
5200
4900
4800
7000
5100
4900
5000
14700
5100
4900
5100
17500
6300
6000
5600
6000
30300
6000
6200
6800
6200
6400
6200
6300
6300
6400
6300
6200
6200
20300
11400
7100
6700
6900
7400
7000
7500
6900
6600
6900
7600
7100
6900
6900
28200
7300
7700
9800
11900
7500
8400
8700
7300
7600
8700
7800
8000
7800
7700
7900
7800
14100
8600
8100
7800
10200
10700
7900
7700
44700
9200
7800
7600
9200
12100
7900
7800
9200
9400
7900
8100
8000
8300
97200
6700
4800
10300
4800
4800
5200
4700
4900
5200
4700
14200
5500
5000
6500
5100
5000
5200
10900
6000
6000
6000
5800
5800
6100
10600
6000
6000
6200
6600
6000
6000
8000
6400
6900
6200
20000
6600
6400
6600
6700
7400
21600
11900
6600
6800
6900
8200
7000
6700
7000
7000
7100
7600
9800
7500
9700
8600
11000
11600
7600
8700
7700
7700
7800
7800
9000
27400
8900
8700
7900
7900
13100
7600
7700
7700
7800
8800
7800
7600
8900
7800
7700
7700
9000
13000
7900
7900
7900
8100
109900
7600
6100
6500
4500
4900
4800
4700
4800
9100
4800
4900
5000
4900
5100
4800
5000
5100
10300
6100
6100
6000
5700
6000
6200
6000
5900
6200
6100
6600
6100
6300
10300
38100
6900
6400
7600
6700
18400
6700
6700
6700
6600
7000
7600
6800
7600
7000
6700
7000
11500
7200
6900
6900
10000
7500
7300
8300
8600
30100
7700
8600
7800
11700
150300
13500
9100
8600
10500
9700
8800
8800
11200
8500
8300
8300
8500
17700
8800
8500
13100
8700
8400
8500
9400
53200
9400
8600
8600
8600
111500
7400
5400
6900
5700
5500
5200
5200
5300
5100
5300
5200
5400
5300
5400
5200
5300
5400
10400
6600
6500
6500
14900
6600
6700
6600
6300
6700
6700
9500
6700
6600
6700
6700
7500
6700
8700
7100
11500
7200
7300
7000
7000
7300
8200
7400
8200
7500
7600
7300
17300
7700
7600
7700
28700
8300
8000
8600
8100
9100
8200
9500
8200
8200
8200
9900
8700
8400
13600
8400
8700
11400
10400
8200
8200
21900
8500
9400
8400
8100
9700
12900
8400
8200
9700
9800
8400
8400
8400
8600
104100
6900
9600
6700
5300
5100
5100
5300
5000
5400
5500
32800
5600
5400
5300
5300
5400
5400
10600
6600
6400
6500
6400
6300
6300
8500
7700
6300
7600
8200
8200
7700
6500
10200
10100
7900
9300
9800
7600
8200
8400
9600
42100
10000
10600
8500
9200
8400
8600
7400
9300
8500
8700
8700
24000
12700
8000
8200
9800
9300
8100
9400
8100
7900
8000
9200
8300
50400
8700
12800
8600
9600
12200
8200
8200
9100
10000
8300
8200
9700
13300
8500
8400
8400
8300
8400
10100
10300
8700
8600
104600
12000
5300
6500
5300
5100
5200
5200
4900
5300
5300
5000
5300
5500
5300
5400
5500
5300
9700
6600
6100
6400
7000
6200
10900
6600
6400
6200
6500
7000
6600
6400
21700
6900
6800
6500
8100
13200
7400
7300
7200
7300
7200
7300
12600
7300
7900
7300
7600
7600
8000
7200
7500
8400
22300
8100
7900
8000
7900
51700
13200
9400
7900
8100
8100
10100
8400
8300
8500
8300
8500
9200
11500
12800
8200
9300
9800
8200
9700
9500
8400
8100
8200
8300
8600
16700
14300
9200
8500
8300
116400
5400
7000
7600
5600
10700
8500
5400
10200
8300
15200
9400
10900
8400
8300
5200
5200
18400
13300
7400
6300
7200
7100
18600
6800
8700
12100
6600
6300
6800
6600
6400
7200
7100
6900
6900
8100
7600
7200
7200
8600
7300
8200
7600
7600
7300
12300
7600
7500
7400
7500
20100
8000
7500
9200
9700
8200
8100
8100
8100
8100
9500
13400
8400
10500
9400
8500
10200
8800
8600
9700
8400
11800
9700
41400
8300
34500
8700
36900
8400
8400
8500
8600
12200
8500
8500
12800
8500
8400
8500
103900
5100
8500
5400
5000
5400
4900
5000
6000
5300
7100
10200
33200
5700
5800
5400
5600
5200
10800
7200
6700
6500
6100
6700
6700
6500
7100
7100
6700
6700
8200
6700
6500
11300
6900
7500
7900
7400
7000
7100
7900
7200
18400
7600
7300
7000
8900
7500
7400
8800
7500
7500
11800
7400
9200
8000
7900
8000
8000
8000
8100
9500
8200
8200
9100
9300
12700
21100
8700
8400
9700
8400
11500
9700
103200
8200
8200
14100
36100
8400
8300
8400
8400
10300
8400
8300
8300
8400
8400
8600
120300
5800
7900
5900
5600
6200
6700
5800
6100
6000
8600
5300
5100
5400
5500
5200
5600
5200
10100
11200
6600
6300
7800
6600
6500
6600
7900
6900
7600
6400
6700
6700
6600
29400
7000
7300
7900
8000
7400
7100
12500
7000
7900
7800
7500
7400
7300
7300
7400
7500
8600
10700
7800
7500
9000
8300
8100
12400
8100
21500
8400
9400
8100
9600
9200
9300
8400
8400
8500
8300
9500
12900
12200
9800
34300
8300
8300
8300
39400
8300
13100
8500
8400
10000
8300
18800
8600
8500
8600
8600
104000
4900
7000
4800
9100
5400
5000
5100
5300
5000
7100
6300
5100
5400
5200
5200
5500
5700
10200
6800
6800
7100
8600
30700
6700
6200
11600
7200
6800
6500
6400
6700
6700
6600
6700
7800
7700
8100
7400
7300
8000
7500
8000
8000
12100
7200
9300
7600
7700
7300
8300
39100
7800
7600
8600
8200
7900
8000
11100
8400
11100
9600
9400
9200
9300
9500
9600
9400
9600
9500
9600
9700
14300
14900
46500
17700
8400
8200
36800
8300
8300
8300
9000
10000
8300
12800
8500
8400
8500
8600
101500
4900
6900
4800
5000
5200
4900
5000
5200
5000
11400
19600
5600
5400
5100
5400
5500
5100
10400
6700
6500
6400
6500
6600
8400
6600
6900
7100
6700
6200
6500
6700
6400
6700
6800
8200
7700
8100
7300
7000
7900
7100
30300
8000
32800
7600
7300
7200
7600
11900
8700
8100
7500
7500
9000
8200
8000
8100
9100
8800
9500
8200
8600
8300
12400
35200
8500
37700
8700
8400
8500
8400
9400
8500
8200
8300
8100
12700
8100
10100
8200
8200
9800
9500
8500
8400
8500
8700
9900
8300
109200
6500
7100
5000
5100
5300
4900
5000
5300
5000
7000
5200
5300
5400
5200
5500
5600
5200
13300
6700
6600
6300
6400
6400
6300
6500
7000
7000
6600
6300
6700
6700
15900
7600
6800
7200
7600
7800
11700
7000
7900
7100
7700
7700
7300
7500
7100
7500
7400
7500
9900
8100
7400
9800
8800
8200
12200
8300
9100
38500
9600
8500
8300
8300
8200
8300
8300
8500
8400
8500
8500
12700
9300
8100
8000
8000
7900
8100
8100
10100
8200
8400
9500
10000
13700
8600
44200
8700
10100
9000
120300
7800
13000
5900
6200
6400
20000
5400
5000
5300
5300
8600
5300
5200
5400
5700
5200
5600
12400
7000
7000
6500
8700
11800
43300
6500
6800
6700
10000
7200
6500
6800
6800
6500
6700
6800
8300
7300
7200
7300
7100
7300
7400
11700
8400
8200
7400
7200
7400
7500
7600
17900
7900
7300
9400
8200
8100
8200
8100
8100
12700
9700
9500
10000
9400
8500
8400
8400
9100
8400
8600
9400
14500
9800
8800
10400
22000
8600
9900
8300
8400
8400
10400
8500
8700
12600
8800
8500
8700
8700
105900
5400
5200
5000
6800
5500
8700
5400
5200
5400
9800
5200
21900
5700
6800
5600
5600
6900
11000
6700
6700
6400
6400
8800
6700
6800
6500
6600
6600
11100
6500
6600
6700
7600
6800
6600
8100
7200
6800
7100
7200
7100
15000
8100
8200
8100
7300
7500
11900
7400
7500
8500
7600
7600
11000
8000
7900
8000
8100
8100
8200
9200
9500
14200
9100
8300
8100
17000
8400
8600
8300
9500
9900
9700
8300
12800
8200
8000
9900
8400
8400
8200
8300
8200
8500
8800
8300
8400
8500
13200
105100
5600
4900
5000
6800
4900
7000
5100
5000
5300
4900
5300
6100
5000
7900
9900
5400
7300
10300
6900
6700
6700
6600
6200
6500
6700
6800
6700
6600
6600
7000
6700
6800
19200
7000
7000
12100
7700
7900
8000
7300
7400
7500
7300
8000
7400
8400
8000
7300
8000
7400
7800
7500
7500
13200
8100
8000
8200
8000
16800
8400
9500
9200
9700
9300
8300
12600
8500
8300
8500
8400
9900
9900
9600
8200
8200
8800
8300
15500
8500
8400
8300
8400
8200
8500
14800
8700
8500
8500
8600
102900
5100
6600
6200
7600
6200
7900
6400
6200
5200
6200
6400
5300
6400
7900
6600
8700
8000
11300
7600
11200
6500
6700
19000
6800
6400
6400
6500
6600
6400
6500
6800
6600
7200
6700
6600
7600
135400
16100
16600
7900
7700
7600
7300
12100
7700
8400
8400
7900
8300
7800
40800
7900
8700
9200
8400
8100
13500
8400
8500
8400
8300
9600
9800
8500
8400
8400
8500
8600
10000
17900
8800
11700
10200
8800
8500
42400
8600
10000
8500
8500
8500
8600
13100
8800
8600
8800
8600
8700
8800
106100
5700
4900
5200
6900
5200
11500
5300
5200
5600
11600
14900
6000
5100
7100
5500
5200
7000
10500
6300
6500
6400
6600
6300
7200
6700
6900
11000
6600
6600
6200
6500
6700
7200
6600
6900
7600
15700
8200
7800
7300
8700
21000
7300
7700
7400
14500
8400
7500
10100
7900
7300
7800
7800
8800
8000
8700
8000
8200
8000
8300
8200
13900
9600
8400
8300
8500
25300
8600
9500
8400
8400
9800
8200
8300
8100
12500
8400
8300
11800
10400
10800
9500
8400
8900
8400
8500
15300
8600
9600
109300
5300
5200
5100
6400
5200
6600
5300
5200
5100
5200
5500
5200
9700
6700
5700
5600
6600
10100
6800
6700
6400
6600
6600
6400
6400
6600
6600
6600
6400
6800
6700
13000
39000
7300
6700
7400
7900
7800
7900
7300
7400
7500
7100
8100
7600
8100
8300
7400
7900
12400
7800
7700
7500
8700
8100
8000
8100
8000
24700
8500
8700
9600
9300
8300
12800
8500
8300
8500
9700
8800
10700
11600
8200
8100
8200
8100
8000
8100
14100
10300
10500
9500
8400
8300
8400
32000
8600
8400
9600
107600
6900
5300
5100
5300
5300
6900
5200
5500
5100
7000
5500
5300
5400
5500
5300
5300
9900
