1385900
56700
42400
26900
26300
17200
12500
176200
13000
13600
14100
14100
60400
14500
15900
15500
15500
19800
112400
20500
126600
22500
53700
18800
188700
21600
22700
20400
20600
20100
22600
202200
23300
147200
33800
29800
36800
225100
140000
32200
244800
29900
28600
28000
406000
28900
288200
349800
32600
28200
29300
29400
30800
33200
40000
239300
32900
245900
38300
39200
35000
37900
37500
37700
36200
35800
37700
36300
35400
39100
37300
35900
165300
37800
62000
262000
135400
39800
42700
181700
49100
43100
44300
43800
43400
55600
42200
46700
41500
45900
75100
28000
9900
10900
10900
13700
35600
14500
34800
11700
12300
44800
14500
12300
12300
14000
17500
14500
81100
19900
60700
18900
45300
19600
249600
21700
22200
22100
20300
22800
22200
111000
20700
82800
24900
21300
31400
163500
89400
33200
144300
37200
23600
28600
217000
12300
150700
164100
16500
12300
12600
11900
13100
12700
20800
141200
15100
153200
15700
14100
14400
16000
16000
14100
14500
13500
16600
15100
14600
15000
15100
16300
149300
23600
53900
172800
84100
17400
17900
103100
24600
19100
18400
17400
18100
20400
18500
21100
18500
18800
32700
36900
12000
5000
5400
6200
31200
4800
23900
4100
6100
30400
5500
5300
7500
5200
5400
5400
71000
23600
44600
13300
11600
8300
16300
55400
8900
10100
9800
9500
24700
9000
9800
9200
12700
8900
16800
85300
46500
15300
85000
13800
12000
11800
132900
11500
106400
102800
14000
11700
11900
11900
13100
12000
33600
103500
14800
161500
13100
9600
9800
11100
12200
9500
9900
10000
10500
13100
9900
10500
9500
10700
81300
13100
22100
64100
33800
11800
11900
42000
14000
12300
11800
11700
11900
18500
14600
13300
12300
12100
9800
8500
8800
3200
3500
4400
29500
3400
29700
3500
3200
34100
3600
3800
4100
3600
3800
3500
35100
10700
7800
7600
7000
5000
9400
30900
8600
6300
6300
5500
11200
5700
6300
5700
5900
8600
41600
8500
23100
9500
41700
7600
35000
7400
8000
7900
7500
7400
8400
29400
7800
26700
8200
7900
12200
48600
9100
50000
11000
9000
9400
10000
10300
9400
9700
9500
10300
9800
12300
9600
9500
10600
49000
12800
34200
57500
34500
11800
14900
38200
15000
13200
11900
11400
11900
13000
11800
13800
12200
11900
9500
3200
2900
2900
3300
3800
3400
3200
3200
3000
3000
3100
3200
3500
3800
3400
3600
3300
13500
11800
6900
7300
6600
4900
12100
22300
5700
5700
5800
5100
10700
7000
6900
5700
6700
6300
19300
8500
25700
9600
13100
8200
29400
7400
8900
11300
7700
7700
8300
28100
7800
22600
7900
7800
12200
37800
35900
11300
37800
10100
10300
21400
62200
9200
51700
49000
10400
28200
9300
9700
12100
11100
45800
12900
20800
56400
30800
11600
11900
34500
14100
11700
11900
11500
11700
12800
11600
13300
11900
12100
3300
10900
4800
3000
5300
3600
7700
3200
8200
3100
3000
10000
3300
3500
3800
3300
3600
3800
16900
7200
15200
7300
6300
5300
4900
24500
5300
6100
5800
5000
10800
5600
6000
5700
5900
5200
20800
7900
19000
8900
18800
10800
28600
7800
9800
8400
7700
7200
8800
46300
7300
27300
8300
8000
11700
44200
24000
11600
37900
13300
10500
9200
69800
9400
51900
48900
10600
9900
9500
9600
11500
10600
14200
48200
11800
49500
11200
11400
11800
12500
12700
11500
11800
11400
12700
11700
11400
11600
11500
15600
13300
7800
7600
7700
7500
8000
7900
7300
8100
7500
7300
7500
10200
184500
25200
17300
17500
17800
20300
158000
21100
21800
20000
19800
19900
20600
14000
15300
11400
11300
11300
11900
81600
11900
11400
11500
14300
85700
38200
14300
13800
15400
13400
17900
120700
13300
16300
14400
77400
62700
14700
13800
13200
68500
27000
41700
14500
14800
47800
14500
16200
14400
16400
14500
14900
93900
15000
14700
16500
15400
94500
15000
223500
12900
17000
13000
36700
11900
20700
11500
12100
11700
21700
13000
11700
11800
15800
11800
30500
11700
14800
9200
8700
8400
52400
8700
10100
9100
9300
8500
9200
9500
11800
8700
9600
9000
9000
8800
11600
58000
10600
12500
18800
11400
10700
11600
11300
11400
14100
11300
11200
12000
66700
12900
11200
11600
14200
81800
36700
14600
14000
13300
13000
12900
111500
13000
13400
13700
79900
59800
13300
13600
13600
67400
17200
42300
14500
14700
47500
14800
17400
14400
16800
14400
14800
92200
14900
14600
15000
14800
92200
15000
214500
14300
16400
12800
36600
11900
21600
11500
11700
11300
23600
12700
11600
11700
13400
11700
33000
12000
14300
10500
8900
8700
9300
8600
8800
9100
66900
9000
9500
9400
9700
12000
9600
9200
9000
54800
11300
12300
11600
10600
10900
11700
10700
10800
12800
11000
10800
12000
12300
63300
11900
11100
12200
12100
15700
85700
35100
17600
13600
13400
13000
12900
117700
13000
13300
13400
78800
62300
13400
13800
14400
68000
15900
39400
17000
14700
50100
14900
16200
16200
15600
16200
16200
94500
14900
15400
14500
14800
94800
16900
240000
9500
19700
13300
32400
5700
14200
5400
5200
5700
16000
6600
5300
5000
6700
5000
26200
8000
16500
8300
7800
27100
7300
62300
7400
8600
48000
7500
7900
8000
7500
72000
10000
7600
7700
7600
8600
8500
7900
8000
8000
8600
8100
10300
10600
42100
8400
8300
44900
52600
8500
8300
8200
8200
10000
55000
11800
11000
10400
55500
8900
10100
9200
10000
9500
12600
10500
9900
125600
10100
9400
9900
11100
34600
11900
9200
42300
9200
10500
9100
10000
9200
9200
87100
12200
9600
9200
13700
78100
9200
126100
5100
9200
8800
39700
5000
14100
5000
5400
4900
14700
7500
5000
5000
6600
5000
23800
8000
11800
7500
6200
34200
6700
6000
6400
6000
6100
6100
6500
7000
7400
6300
8500
8400
8200
6400
10000
7100
8400
6900
7200
7500
7000
30400
7900
7000
7100
7000
6900
39100
7300
62000
7900
7100
8400
42000
7700
9400
8500
7800
26600
9500
8100
8400
8500
8400
7900
8400
47700
8400
8300
8500
12100
56300
51200
9400
8700
8000
10600
8200
77000
7900
8000
8800
50200
44200
8300
8400
8200
45500
130200
5400
9800
5900
32500
5000
13800
5100
5000
5500
15700
6700
5000
5100
6300
5100
25800
5300
11000
9600
6300
6100
7900
6300
6200
5900
30200
6000
6600
6700
6800
6100
6500
6500
6400
6200
7200
24100
6800
6800
6700
7300
7000
6800
8100
6800
7000
6900
6800
101300
12100
11800
11700
82200
19100
42400
7900
10400
8400
7700
7900
9100
7900
11000
8400
9600
8500
8600
83400
8800
8100
8400
11800
55900
24500
9300
8600
7800
39200
10700
103200
9100
7900
8600
50300
46000
8200
8100
8200
45500
97400
10600
4700
4900
11200
4900
10400
5000
8500
14100
5100
21500
5000
13100
5200
5000
22900
5100
14700
6300
6000
6900
6300
6200
31300
6100
6400
5900
6200
7200
6100
6600
6200
6300
6200
6400
7300
8400
7900
7800
8400
37000
7800
6800
8000
7700
6900
8000
8100
8900
7600
8000
8000
56900
8800
32600
8100
8200
7700
34500
7600
7500
8400
7600
11400
8500
8100
7800
8000
8000
7900
10100
9300
23200
8300
11000
11600
7900
8300
7900
7800
8000
7900
8000
14900
8200
51400
7800
8700
11300
102500
5300
4800
5100
4800
6200
4800
5000
13000
5500
20100
4900
5200
6000
5100
8000
29500
15100
10900
6500
6200
6100
6900
6000
6200
32000
6100
6300
6100
5900
6300
9000
6600
6100
6400
6300
7500
7200
6800
6500
7400
30800
6800
6800
7000
6800
8600
6900
6900
7200
9900
7100
6900
51900
8700
30500
8100
7600
8400
34300
10300
7700
8200
7600
8200
8800
7800
7700
7800
7900
7800
8400
8800
24500
8000
9000
8700
7700
8500
7900
7700
7900
8300
8000
8400
10700
51900
7900
8400
8000
101400
4900
4900
4700
4900
5900
4800
4600
15700
4800
21300
5000
4800
5100
5000
5100
29000
14500
10600
6400
6100
5800
6100
5900
32100
6000
6100
5900
6100
6000
6200
6700
6600
6300
6200
6500
7200
6800
6900
7300
6800
7400
33900
6700
6900
8700
49300
7400
6700
7400
7100
7000
7000
7100
8400
30300
12600
8500
7700
34300
8000
8800
8500
7600
8200
9200
9800
7900
7800
10500
7800
8300
9200
26400
7800
9300
9200
8200
8700
8300
10300
7900
7800
8300
8800
7900
49600
8100
8600
7800
117800
9800
6000
5600
5800
6900
5900
7500
13700
4700
19600
4900
5000
4900
4900
5100
29500
14500
13100
6500
6400
6500
6400
6000
6100
6000
6200
6200
6000
6200
6300
6400
6400
7300
6400
6500
7100
6700
6800
9900
6900
6700
31100
6900
6900
32500
7000
7400
6900
7900
8400
7300
7200
7000
10700
8200
7800
7800
7700
32100
7600
7700
7900
7700
31200
7900
10600
8400
7900
7800
7900
50600
9000
23100
7900
8700
11200
7900
8200
7800
7600
7800
7800
7900
8600
9400
49800
7900
8400
10800
104200
5200
4700
4900
4800
6200
4600
4900
13700
5100
23400
4800
5000
5000
4800
7700
29200
14700
11500
10700
6000
6200
6500
6000
5800
7600
6200
6000
6200
6100
6400
6100
6500
9100
6500
6300
7100
6900
20000
7800
7500
6800
30900
6900
9000
6700
7100
7700
7000
10400
6900
7200
7500
8500
8200
8300
7700
7700
7700
31800
7700
7800
8000
7900
10400
50800
7900
8300
8500
8000
7900
50200
8800
33500
8500
7800
7900
34600
7700
7700
8600
7700
8600
8500
7900
10700
7800
8000
7900
8700
102000
4800
4800
4900
4600
5900
4800
4800
12700
4800
21200
4900
5100
4700
5100
5000
28800
14800
10800
7300
6200
6000
5900
6000
6000
5800
6100
8800
6000
6200
6900
6500
6200
6400
6500
6200
7000
6500
6800
7400
6900
6600
31300
7400
6700
51600
8000
8300
8000
8500
7000
8500
8300
54100
42300
9800
10400
8200
7500
32300
34600
7700
7800
7700
7700
7900
7800
9000
7700
7800
7800
52000
8900
31100
8400
7700
7500
74100
7500
7600
8500
7600
8300
9000
8000
7800
7900
7800
7800
8300
101000
8900
4900
6400
5900
4900
5500
4800
4600
4900
6200
4900
6400
5000
17700
4900
8100
5300
10700
6200
6200
6400
6100
6000
5900
6000
6000
6400
5900
6500
34100
6400
6200
8200
6600
6400
7400
6800
7200
6700
7000
6900
6900
6700
7000
7000
7300
7100
6900
7500
10300
7100
7100
7400
8700
7600
8700
8000
7700
7700
8100
7800
8200
8500
10300
8100
7600
7800
8100
7700
8600
8100
9100
7900
9000
36500
10800
9400
8000
7900
45700
7900
7900
70800
8500
11400
8100
8100
8100
8200
100300
6000
4900
5100
5800
5000
5800
4800
11800
5200
7900
5200
4900
4900
7400
5300
5300
5100
35300
6300
5900
6500
6100
6100
6000
6200
6200
6300
6100
9100
7000
6000
6300
6600
6400
6300
7400
6700
7100
6600
6800
7300
6900
6700
7000
7000
7400
7100
6900
10000
7600
7100
7000
7600
8600
7500
9300
8100
7600
7800
7700
7700
9400
11200
7800
7900
8300
7900
8000
7900
8400
8000
9200
7700
8400
39400
8000
7800
7900
7700
48300
8100
7900
71500
8000
11400
7900
8000
8000
7900
107800
6200
4800
5200
5600
5100
5700
5000
14800
5600
5100
5000
4800
4900
6200
6600
5100
5000
11800
6400
5900
6500
6400
6100
6100
6600
6300
6400
6000
6100
9000
33800
6400
6700
6400
6500
7500
6900
7000
6800
7100
8100
6800
7600
7000
7200
7000
7400
34800
7500
7100
7400
10800
7000
10300
7900
8800
13400
8700
7600
10600
10300
11100
15400
12800
12100
11700
12100
8000
8000
8500
8000
9000
7800
11000
36300
7700
7900
7900
7800
46100
7900
7800
91600
8800
8700
7800
8000
8000
8000
101500
5800
5100
5000
8300
5000
5700
4700
12100
4900
5000
5000
4900
5000
6000
5500
5300
6600
10700
6200
5900
7100
6200
6100
6000
8800
6400
6600
6300
6000
6300
6300
6100
6700
6600
6400
7400
7000
6900
6900
7500
7500
6800
7000
7300
10200
7100
7600
40700
20400
8900
7700
7400
7200
8200
7600
8200
7800
7700
10400
7700
9100
8400
7900
8500
7900
15500
8000
8400
7800
7900
8000
10300
10500
8900
35200
7700
8600
8500
7800
44400
8000
7800
72300
8000
8600
7900
7900
7900
8000
105900
6000
4700
7900
5900
5800
5700
4900
20300
5200
5000
4900
5100
4700
6100
5200
5200
5000
32700
5900
6200
9200
6200
5900
6100
6100
6200
6300
6300
6300
6200
41000
6200
6700
6400
6200
8100
7000
6500
8000
18900
7800
6600
7800
7700
8200
6900
8200
70600
8300
8100
8300
8200
10000
8300
7600
8100
7700
7600
7600
7700
7600
7900
7900
8500
45800
11400
8000
8400
7900
7900
9200
9200
7600
9300
8500
7900
7800
7800
7800
11300
8600
7800
7800
8000
8000
8100
8000
8600
8300
100700
9100
5600
4900
5300
4900
5600
5000
11800
5000
5000
4900
5100
4800
6200
5000
5200
5200
9900
6100
6000
10500
6000
6200
6200
6100
6000
6400
6200
6300
6000
6800
6200
6600
6300
6400
7300
6600
6800
6800
7300
6600
9600
6900
6700
7300
6900
7400
30600
7300
7000
7400
7100
7100
8100
7500
8100
21600
8000
7600
7700
7700
7800
7900
8400
7900
8200
10200
8500
8000
8600
8100
11700
7600
9100
8400
7500
7500
7500
7600
8400
8600
7800
7700
11100
8000
7900
7700
8600
8000
102500
4900
5700
13400
11100
5100
5100
5000
19700
5000
5100
22600
5300
5800
5100
5200
5100
5200
10000
6300
6200
6300
9400
6100
6200
6100
5900
6300
6200
6000
6600
6600
6200
6200
6600
6600
7400
7300
6700
6900
6700
6800
6800
10500
8100
6900
8200
7100
6900
7100
7500
7000
52900
7000
8400
7500
7600
7600
7600
10200
8400
8200
8400
8500
35500
8700
34700
7900
8000
10700
8300
8200
30000
8000
50900
8000
7900
9000
7900
8100
10600
8900
7900
7900
8600
8000
8000
8300
7900
8200
121400
7600
11000
4900
5000
6100
5200
4900
11400
43300
8600
9500
5900
7000
5700
5300
6900
5400
12800
6900
6300
6000
6200
6300
9800
11700
6200
6300
6000
6200
6400
6900
6900
6400
6400
6400
7700
7300
6800
6800
6800
7700
6600
7600
7300
10000
7000
7100
6900
7100
7100
6900
54000
7000
8400
7700
7600
7800
7800
7600
11100
8300
8500
8200
38100
9100
35300
8000
8000
8000
10900
8100
29500
7700
38400
8200
7700
8800
8300
7900
7800
11500
8000
7800
8700
8000
8000
7900
8000
8100
120700
5100
4800
7500
4700
4800
4900
4700
4800
5000
4900
5000
5000
6000
4900
5000
5200
4900
10200
6200
6000
6000
6000
6000
6000
6400
8900
6200
6100
6200
6200
19200
6900
6500
6100
6500
7200
6800
6900
7300
6500
6900
6800
6900
6600
7100
55600
6900
7400
7000
6900
7200
7600
7300
8400
7600
8200
7800
8200
7400
8200
10800
8500
8300
34600
8700
33600
7900
8100
10400
8100
8200
32200
7700
38000
7700
7600
8900
9000
7900
7800
8500
10600
8000
9400
7900
7900
8100
8000
8100
114900
4700
4800
5200
4600
7700
4700
4800
4800
4600
5100
4800
5000
5800
5100
5000
5200
5100
10900
6000
6200
18000
6200
6000
6300
7500
6100
6100
9500
6300
6100
6700
6600
6400
6400
6400
7300
32100
7000
7200
32300
7000
6800
9600
6800
7100
7000
7100
7900
16700
7400
7200
7500
7100
8100
8400
7700
7800
7700
7800
7700
11200
9300
8900
8900
8900
8900
8900
8800
8800
57900
8900
34000
7800
40000
7700
7600
8600
8000
8000
7700
8700
8000
10600
8700
8100
8900
8100
8000
8800
119900
4800
4700
4800
4700
4600
4900
4600
4800
6000
4800
4900
5100
5800
4900
5000
5200
4900
9900
6100
6000
6100
6200
6300
6100
6300
6200
6100
6200
6300
9000
6600
6600
6400
7200
6200
7000
6900
6900
7300
16600
6900
6800
6900
26000
7000
6900
6900
8900
10000
7200
7000
7600
7300
8100
8400
7600
7600
7600
7600
7700
8900
8600
7900
11200
14500
8100
9400
7700
7700
52100
8000
8700
7900
7700
7900
7800
10400
8500
8500
8500
8800
36200
9300
34300
8000
42800
8200
8100
8200
116800
4800
4800
4800
4500
4900
4800
4800
5100
4600
7900
5200
4900
5900
5100
5100
5000
5100
9800
5900
6100
6000
5800
6100
6100
6000
6200
6100
6100
6000
6200
7100
9700
6200
6500
6300
7000
6800
6600
7700
6800
6800
6600
8100
7600
6900
7000
6900
7800
7500
6900
7100
7400
9900
8100
8000
7500
16600
7800
7700
25100
8500
8300
7700
7800
7800
10300
7600
7800
7900
144100
8200
9100
7700
7600
7600
7600
7600
8300
11100
8200
8500
34700
8700
34400
7600
7900
7900
7900
7900
116600
4900
13700
4800
4500
6300
5200
5000
5500
5700
4700
4900
5900
7700
5300
5000
5200
5100
11200
6100
6100
6100
6600
7300
6100
6100
6000
6100
6700
5900
6200
9000
6400
6200
6300
6300
7200
7100
6600
6800
6600
6800
7000
6800
6800
7200
7200
6800
6900
7200
7500
115500
7100
7400
9200
7500
7400
7700
8000
31000
7700
7700
7700
10500
8700
8100
7800
7900
8500
8100
7800
8600
9300
9100
15100
8500
10600
7900
8700
7900
8400
7900
8700
7900
8000
8500
8100
8200
8100
9500
101600
5400
9600
5000
5000
5200
5800
4900
6100
5900
8400
5200
5700
5000
6300
5900
5300
5800
9900
6100
6000
6100
5900
6100
6100
6200
5900
6300
6300
6100
6400
9000
6800
6000
6500
6500
7600
6800
6700
7900
6800
7300
7200
6800
6900
7300
7200
7000
6700
7900
7100
51800
7200
7000
8800
7600
7600
7600
8300
30200
7900
7800
7800
10500
8200
7900
21500
8000
8500
7900
7800
8500
9100
8500
7700
9600
10800
7900
8600
7800
8400
7900
8600
7900
7900
8700
8000
8300
8100
8100
101100
5100
9400
4700
4900
5100
5600
4900
5600
5700
5000
5000
5000
4900
5900
8600
5300
5900
10200
5900
6300
6000
6200
5800
7800
9700
6000
6500
6500
6300
6500
7700
7200
6400
6200
6200
10100
6900
6700
6800
6700
6800
6800
6800
6800
123500
7300
6900
7000
7000
7100
7000
7000
7100
11500
7600
7400
7600
8700
31600
7800
7700
7800
7700
8300
7900
7700
10600
8400
8000
7800
8500
9100
8400
7800
8200
7700
7700
8500
9100
10000
8900
10400
8800
9200
9700
9000
9100
9000
9000
101000
8100
9500
4800
4900
5100
5600
4800
5800
5800
4900
5000
4900
4900
5900
5800
5300
5900
10300
6200
6000
14900
6300
26900
6100
6300
5900
6400
6300
6300
6300
6100
6200
6300
6200
6300
7100
6900
9800
7300
6800
6800
6800
6500
6900
6800
7500
6800
6900
8700
7700
7100
7100
7500
8100
7700
7600
7900
10800
7700
8400
7700
7800
8100
8300
7800
7600
8100
7900
48800
10500
8100
8900
8600
8200
8100
7900
7700
8600
7800
8400
7900
11100
8000
7800
8600
8100
8100
9200
8900
97700
5100
9200
4800
5100
5100
8100
4900
5700
16200
5200
4900
5000
4900
5900
5700
5200
5700
10300
6200
5800
6200
6100
6000
6200
9100
6100
7900
6300
6300
6500
6900
6100
6400
6500
6500
7100
6600
8400
7000
6800
7300
7300
6800
6900
6700
10000
7000
7000
6800
6900
7100
7200
6900
7900
7600
7700
7700
7600
7700
8300
8400
7700
11200
8200
7800
8300
8600
8000
121900
8000
9400
9400
7800
11300
7700
8600
30300
7800
7700
7800
7700
8300
7900
7800
7800
11200
8200
8400
9100
107800
5100
9100
4800
4800
5100
5500
5000
5500
5600
7700
5000
5000
4900
5900
7000
5300
5800
9400
6200
5900
6100
6200
6000
6100
6300
6200
6500
6200
6400
9400
18400
6400
6400
6500
6400
18300
7000
6900
6600
6800
6900
6800
6700
7000
6800
7500
7000
6900
9700
7100
7100
7000
7400
8100
7300
7700
7600
8100
7600
8300
7700
9300
8500
11100
7800
8500
8300
8000
48100
8000
7900
9100
7600
7500
7600
11200
31100
10300
8000
7800
8800
8700
8300
112300
20000
14600
13400
12600
20300
178400
11300
9000
9400
8700
8900
9300
8800
9700
8500
9400
12800
9000
13900
8700
8800
8400
9000
17500
11600
11300
11300
36600
12200
11500
11800
11300
11600
11700
11500
11800
15700
11900
11400
12200
11900
14200
12700
12500
12400
16200
14700
13100
12800
13000
12900
13200
13300
12800
177200
29600
14100
13100
12600
15000
17000
13600
13200
15800
13400
12900
13200
14500
14500
14500
18900
15100
16500
15200
15100
14400
14900
17000
14900
14200
16000
14100
14100
14300
18300
16700
15100
14500
14200
15000
14900
16200
15900
15400
14800
202400
10800
9200
16900
8900
9000
9400
10200
9900
11400
27700
10000
10000
31000
9600
9300
10000
9500
15700
12300
10900
10800
11000
10400
10100
14900
10400
11100
10800
11400
10900
12200
14100
11300
11600
11800
13300
12900
12500
12500
13400
30200
12900
13000
16800
12700
12800
13200
13100
73600
14000
13900
13300
13100
15400
15500
14300
14500
13800
17800
14300
14400
14200
14500
14500
14100
30400
15100
14700
14500
14700
14600
17400
14100
17600
15000
14200
16000
14000
16100
14200
14200
14600
14500
14500
14400
15400
15600
14700
18300
1011300
14900
9100
9000
8500
8500
11300
8500
9000
12100
10100
8800
8900
31600
8800
9300
9300
15500
16100
11100
10300
10500
11000
10800
10900
11500
11100
11500
10900
12000
9900
10700
34300
10900
10500
14300
12300
11400
14500
13300
79800
15000
13400
14500
12200
12800
13900
12900
11700
13300
13800
14700
14500
11900
17200
19200
13400
15700
27600
12600
12400
13200
12900
12300
13900
12500
13500
12800
12800
13200
16800
13800
16300
13100
13700
13400
13600
13800
13000
13200
13600
13800
14000
13600
33000
20800
14100
14600
14200
13800
190400
9800
8700
8700
8600
9100
9100
8700
9200
10900
10300
13200
9000
50600
9100
9400
9300
9600
15600
9700
10300
10000
11700
11500
10400
11600
10800
10900
10700
11200
11500
11100
11000
15600
11400
10800
12500
12000
15600
12800
12300
13300
12000
13000
13100
12900
12600
12400
12600
12300
35600
13300
13500
16700
14400
13900
13700
14000
14700
14800
14000
14300
14400
16600
14000
14300
14300
85100
16400
15100
14400
14300
17100
14700
14000
14900
14000
14400
14300
14000
18000
14200
15200
14100
17100
14500
15300
15800
14200
14300
196400
9700
9500
9200
8800
13100
8800
11300
9600
10800
11400
9600
9100
24400
9100
9300
9400
9500
15100
10700
10200
10400
10500
10200
10700
10900
14700
10300
10300
11100
11700
11700
11100
10700
11100
10800
10900
18600
14900
11600
10000
32800
12300
12300
11000
11800
11700
17500
12400
11500
12400
12500
13000
12600
14200
12900
13400
13300
14200
14500
15100
13500
13500
18000
13600
13300
37400
70800
15100
15100
13900
14300
16200
15200
13600
17500
13000
13300
12900
12700
13000
13600
12900
13600
13500
14200
13200
13400
13600
13600
188500
10200
9100
8600
8900
9300
8700
8800
9100
11000
10500
9200
9200
36500
9300
13600
9700
9600
15000
10500
16300
10400
11000
10600
10600
11000
10300
10900
12000
11500
11000
11100
12100
11000
14200
11200
13300
11800
11800
12400
12400
17800
73200
12600
12600
12200
12100
12000
12000
12200
12300
12300
13000
11800
14300
13200
13200
17500
40100
16300
14000
14300
15600
13800
13800
16600
13300
67600
16300
15600
19200
14600
16100
15400
13300
13500
13400
13300
13000
13400
13500
13200
13300
13400
18000
15800
13700
17000
13600
14000
202500
9800
8900
9300
9000
8800
8800
8500
8900
9300
8900
9400
9000
9100
10400
15500
9200
9100
108300
11300
10100
13300
11200
12200
15800
10400
11000
11000
10700
10800
10400
10700
11000
11500
12000
11100
13100
12300
14500
11800
12200
11800
12700
12400
12200
16200
12100
13100
13200
12700
13600
13800
13000
13100
14900
13700
13800
13700
13700
15700
14500
18100
14800
13800
16300
13700
14000
14000
14700
15600
88000
14900
17000
18300
14900
31500
14500
13400
13800
13000
13600
15200
14000
13600
15000
96900
18600
14300
14600
16300
190600
9500
19300
9300
9100
10700
9000
8600
9700
10600
9200
10300
13000
9400
11100
9500
9300
10200
15300
10800
11400
10900
11300
10900
11200
11000
10900
11100
11200
11400
11200
135800
13800
11600
11300
11400
12900
12500
12700
12400
12400
12400
14400
12600
13400
12600
12800
12800
13500
12900
13700
16900
13100
15600
15100
13700
13600
13500
14000
15800
15000
14200
15100
14400
15000
18200
14600
15000
14900
14400
85300
14800
16800
14700
18300
15000
14200
17900
14300
14200
14400
15700
14500
14400
14400
98300
14700
14700
14700
15700
196300
9600
19500
10000
9600
11000
8600
9800
10100
11400
8800
9000
10300
8800
13400
9400
11100
10100
16900
10700
11200
10500
13100
10200
10800
10700
10400
9800
10100
10300
10000
21600
27300
11500
11000
11100
166400
13200
11400
14200
12600
12300
12500
12400
11800
12000
11800
12400
11500
12400
12300
13400
12500
12300
14700
18600
13400
13900
13300
17700
14700
14500
14700
13500
14100
13800
17200
13900
14900
18900
84200
14300
17000
15100
13700
13600
13500
13900
13500
13000
13200
19900
13800
13500
14100
97400
14100
14000
14000
15900
182700
10300
32100
13100
12800
15500
13700
12800
12600
10800
10200
14000
14200
13600
13800
14500
12900
9800
15800
11300
11400
11100
32500
16700
11000
10300
10600
11100
10900
11000
11300
10900
11000
10900
11100
10500
160700
13500
12800
11600
13800
18600
14100
15900
13100
12900
12100
12600
15600
12300
30800
13400
12900
12600
25600
13500
13400
13100
13900
18000
14400
13700
13700
86000
13800
13900
15100
13900
15200
14200
14000
19300
18400
13800
13800
14900
13800
13600
13900
13600
13400
14900
14600
14600
15000
98900
14300
14900
15000
16800
199100
25000
28000
9100
9100
13500
9500
9000
13300
13400
25900
9500
9500
9500
11000
12000
10000
10100
17500
11300
11700
11100
11400
11000
11100
10800
11500
10400
11000
15500
11200
11200
11400
11800
11300
11600
307100
14600
11800
13300
13100
33000
12500
13900
11900
12600
13000
13300
11900
13000
13100
14200
13400
12300
16500
16600
14200
13900
17700
13300
14200
13400
13200
13700
13400
13600
27700
13700
14900
13900
13800
14800
19100
13700
13400
13200
13000
15600
14600
13600
17100
13700
13400
13700
29800
13800
18500
14100
85000
93600
203700
11600
19100
9200
8800
15500
8700
8800
9200
10100
8900
9600
9100
9500
10700
9100
9800
9300
16300
10800
10300
10600
15600
11400
10500
11800
54400
10900
10600
11100
11000
10900
11600
11200
10700
10900
52400
11700
11500
11600
12500
12200
12000
15600
11900
12500
11700
12200
12100
11800
12100
12900
12400
12000
13900
13100
12800
12600
30300
13500
18200
13000
29300
13300
13500
13500
14800
13400
14400
13800
16200
14800
15100
13100
16600
14400
13600
16100
14900
14500
15800
14600
14700
14900
14700
15800
15500
14900
97000
16600
194900
9000
8400
8300
8600
8500
8500
8700
8400
10300
9000
9000
9100
29200
8900
8800
9200
12800
21500
11400
10600
11000
11200
11800
10800
11000
11000
11000
11000
15900
11900
11300
11300
11500
11700
11200
34200
13000
12500
12200
12300
12200
12600
54100
12300
12000
12200
16900
12400
12100
12100
14000
12700
13100
15100
14000
13400
13300
12900
13400
13200
15700
14500
17400
13500
13800
14700
13700
14400
14100
13600
15000
37800
15000
13400
17100
15400
13900
13400
13700
13900
13500
13500
13700
13400
59500
14000
15000
17300
13700
192200
9900
8400
26700
8700
8800
8400
10100
8600
8600
24900
23300
9300
20600
13200
10700
10500
9900
17600
12000
11800
12100
12000
12000
14700
11400
12000
12500
12500
12900
12000
14100
13100
12900
12300
11600
15800
12500
14700
14500
14200
14700
15000
58100
13200
12000
13300
14300
13700
12200
13600
13400
17100
12500
15300
16500
13300
13200
13200
13300
13500
13800
14300
13500
13300
13400
14500
18900
14800
13600
13600
15400
37000
14400
13500
13900
14500
13400
15400
17400
14000
13500
13600
13700
15000
65000
15200
15900
15700
15500
198300
10700
8700
9000
8900
9200
9400
11000
9400
9700
24200
8500
8900
10400
9700
11300
11100
10400
20800
12000
12000
11500
11500
54200
12100
12100
12100
12600
11600
11100
10700
11100
11700
11800
11200
11500
12200
17100
17200
12800
13000
11500
11700
12000
12700
12000
12900
13500
12500
13400
13400
15900
14300
13900
17000
15900
15000
14700
14900
16200
15500
15300
16600
15400
15300
13700
14500
14000
14600
13700
13300
18800
37700
17200
13600
15400
16100
15400
15300
15800
15700
15600
15300
17100
13600
64400
15900
15300
13800
14700
208100
9500
8400
8900
8700
12900
8400
10600
8600
8900
24400
8900
10600
11000
9900
11300
11000
28800
16600
13200
11200
11100
23100
10800
14700
10600
11100
10400
10800
11600
11000
10600
12200
12900
11100
11400
12600
11600
14300
11500
12900
11400
12600
12100
17800
13700
13700
15100
12800
12400
23900
13800
12400
12800
14900
13200
13800
15000
13200
13300
14100
60500
14200
14100
14400
14700
13500
13500
13400
14500
14000
13900
42700
15100
14000
14800
14300
13800
13300
14800
14300
13600
13600
13900
13700
64900
13800
15500
13800
13700
189200
9800
8400
8700
8500
8700
8100
10000
8500
8400
27800
10200
8600
10700
8900
10200
10400
11600
15400
10400
10400
10600
10100
10200
10600
10800
10100
10700
11100
18400
10900
10900
11800
11200
11200
11600
12500
30400
11400
11500
12400
11800
12500
12000
12000
12300
11800
13000
16400
12100
12500
12200
12100
12100
14300
142100
15400
13300
13400
13600
14400
61000
13600
13400
13300
14600
13600
14700
13400
14200
13900
13900
15800
14100
13300
17100
13100
12900
12900
12700
14300
13300
13300
13200
14800
13500
16900
13100
13900
19400
187700
10000
8600
8800
8800
9000
8700
10000
8600
8500
25000
9100
11400
10200
8700
10500
10500
9400
14900
10700
10300
10800
10100
10300
10300
10300
10500
10500
11900
11400
11200
10900
31200
11400
15300
11800
12800
11500
11600
14000
12600
11500
11600
12100
12300
12000
12200
13000
13000
75400
12900
16100
12400
12400
14800
13000
14600
13100
13300
14400
14100
57800
13900
13500
13000
18300
13300
15700
14600
14000
13600
13700
14200
14600
13300
13100
13000
13300
13200
17500
14300
13600
13400
13300
14600
30000
30600
14400
14000
14700
211200
11800
8900
8000
9700
8900
8500
10800
8600
8800
8400
8500
8400
19300
8600
10300
9200
9400
18000
10500
10800
10200
10500
26000
11400
10400
10800
10600
11100
10700
10600
10900
11300
13000
11600
11000
17400
12000
12000
11500
11800
11900
13100
11700
11400
12300
11900
12000
11900
12400
12200
29100
13900
12200
20700
14400
14900
15100
16500
14400
507300
21500
14600
16000
14700
18000
14400
14500
17000
16300
17700
15500
19400
15600
18200
15400
126500
16600
15800
15800
18800
15800
14700
15900
14600
15300
15100
15000
15500
14800
197100
11600
13200
10600
9200
10600
9200
9100
9500
9300
11200
9800
10200
11000
9400
9500
11300
9900
15800
11000
11200
15300
11000
10700
11500
11300
11300
11300
11700
11300
11600
11800
11400
12400
11500
11600
14100
12500
12400
13500
16100
12300
31600
15200
12700
13100
13000
12800
12900
13400
12900
13000
13900
13500
18100
14000
13700
18700
14500
14300
14100
14200
13800
15200
14300
15600
14300
34400
14700
15400
15900
14700
21000
14300
14200
13800
49200
13900
13900
13800
14200
15200
13800
19300
14400
14400
15100
14700
14800
14700
200700
12300
9100
10500
9200
10500
8800
32700
9200
9800
11700
9300
12000
10900
9900
9400
11800
10600
15900
11100
11200
11500
10800
11100
12100
11700
11100
15300
11900
11100
11100
11200
10900
12300
11200
11200
12800
12100
12600
12200
14800
12200
13400
12600
12900
12800
17000
12900
12500
12700
13700
13200
13400
13000
17700
14500
14000
14700
14000
32800
14500
14300
17700
14800
16400
15900
14500
15500
16400
15100
15600
15200
18100
31600
14200
17900
45700
13800
13800
14000
14500
15200
14200
15300
14500
31200
14700
14400
18600
14500
198500
11600
9200
10500
9100
10500
9400
12400
9800
9500
11500
9600
9300
14800
9500
9500
10200
9000
15000
11100
11100
10900
11100
11900
11600
11600
11300
11300
11700
11200
11500
11700
15400
11600
11100
13800
12800
12600
13300
12500
12800
12200
13200
12800
12800
12500
13700
13000
12600
30100
13600
18000
14200
13100
16000
13900
13700
13900
13900
13900
15200
16500
14200
14500
14200
14400
18100
14900
14700
14400
15600
14800
17100
14300
14100
28600
50100
14000
18000
14200
14500
19900
14400
15400
14300
14300
14600
14900
14500
14500
203900
12100
9100
10400
9300
12500
9100
9500
9400
10100
11600
10100
9600
10900
9900
9400
10400
8700
20000
11600
11900
42200
10600
10800
11800
11800
11400
11300
11600
11400
13900
12000
11200
11600
11700
11700
17500
13400
12900
12600
12300
12200
14000
12200
12700
12200
12800
12600
12300
12600
13300
12800
12800
12900
16200
18000
15200
14400
16400
14000
15100
14100
14000
14600
14300
14500
14700
15800
14900
14300
19000
14300
17700
13900
13700
15200
13600
13400
14000
14100
13500
15500
13800
18500
14100
13600
13900
15100
15100
14000
191800
9900
8800
9600
8400
9900
8300
10500
8900
8600
10700
8900
7600
10600
9600
9200
13800
9100
15400
10700
10900
11000
10500
10500
15600
11100
10500
10700
11400
10800
11000
11400
26000
11200
13300
11000
12500
11400
12300
11500
11600
11700
12700
15900
12000
12600
12600
11700
11700
12000
12700
12300
12200
12200
14900
13200
13700
13900
32400
18300
15000
16500
13800
14200
13800
14000
13800
13900
14800
14800
15100
14900
21800
13700
13200
14800
14200
13800
14000
14200
14200
16100
12500
14100
15300
13400
18300
15400
14900
13600
209500
11900
10000
10000
19100
9800
8900
9300
9400
11000
8800
14900
9200
9500
9400
9300
9600
9700
