82600
1586900
45400
14700
122100
11200
12000
11000
220100
184700
150500
14600
182700
11300
13800
12400
229900
14000
103100
113900
49000
16900
15400
20500
15800
25900
16000
176800
17000
22500
18000
17900
18200
18600
18200
21900
47300
116800
38200
55200
22800
56500
31600
24900
31500
434300
51100
26700
25700
25600
24800
380100
23000
18800
27900
206700
166200
21600
152300
21300
21600
21600
23900
22200
21700
22000
22100
23200
24400
24600
23300
28500
241900
231100
31400
30100
224100
27700
30400
31000
110600
26300
27700
26800
27000
27000
27100
26600
27200
29200
61500
9400
31000
33400
8100
8600
7400
56800
7300
56800
7400
12800
7800
9300
8200
54300
9700
9400
37100
42800
13700
10700
11100
12100
11200
11700
11300
68500
12400
13700
12900
13800
13400
13000
13500
13200
27900
60100
18500
34500
16100
18200
16600
16500
16600
100000
18100
18800
18100
18600
17600
131500
18400
23100
26000
131200
114200
9600
113500
9800
9800
9700
11000
9800
9600
9800
9500
10000
10900
11100
9900
9800
136600
146100
11700
11900
165800
11500
13700
18100
82400
12000
12300
12000
13800
12200
11900
11600
12200
13800
3600
3100
3300
17100
3600
4300
3600
3200
3200
3200
3100
7700
3600
4100
3500
37600
3700
3900
8400
28000
10400
6000
93000
9800
5500
6600
44600
28100
27200
5600
35600
5700
6600
5700
45200
6300
14000
26700
10100
15200
7500
8800
7400
7400
7400
55600
8500
13900
8200
9200
7900
94500
8100
7600
14000
71200
60100
9500
58300
9500
9800
9500
16100
9800
12200
10000
9500
10000
11600
11700
9800
9800
76900
81000
12100
12800
83300
11400
13400
13400
52100
12100
11900
11900
11700
11800
11900
11800
11900
13500
11800
3300
5600
9700
9600
3700
3300
14600
3500
18700
3500
3400
4000
4300
3500
14900
3700
4000
8200
31700
21900
6200
26500
10600
5200
8200
72500
21700
25600
5800
27400
6700
7500
5400
33800
7200
27600
20200
10400
15600
7700
13100
7500
7400
7400
33100
7400
8400
7900
7900
8300
7400
8000
9000
13300
58300
50700
9200
50100
9300
9500
9400
11100
9700
9500
9600
13700
10000
11000
11200
10200
9600
86300
77000
11400
11300
78300
11100
13200
12900
43400
12700
12800
15600
11300
11700
11400
11400
12200
13200
7500
3100
5500
7400
3300
3500
3400
13700
3200
13000
3200
3400
3500
4400
3300
10400
3400
4100
12800
23300
13500
5900
21600
5900
5100
6300
39700
30900
24800
5700
29400
5700
6400
5700
38000
6100
39600
23300
9300
10400
7100
8700
7100
7500
7100
33200
7300
8800
7600
7900
7600
7500
7500
7500
19900
28500
11600
13900
9500
11400
9700
9100
11000
58700
14900
12100
9200
11400
10300
90700
23100
10400
59100
62600
11500
11300
76700
11300
13100
13100
41300
11800
11800
11400
11700
11500
11700
11300
16000
13500
3300
3100
3200
8700
7500
3300
3100
3200
3100
3200
3100
3400
3600
4000
3200
21800
3300
3900
7100
15600
7500
5700
30400
11400
5200
6100
40500
22400
23600
5600
26600
5400
10400
5800
31900
6300
25500
19500
9700
16600
7200
8500
7100
8100
7000
34900
7100
8400
7700
7200
8300
7300
7500
7600
26600
25700
11900
13900
16200
12700
22500
9300
9500
66700
10800
12400
9400
11000
9300
70600
37100
9700
15800
51300
68000
25300
50700
11500
11400
11700
13300
11600
11700
11300
11500
12000
19000
13000
11900
11600
127300
136300
17100
16600
17400
22300
17100
16600
18500
17200
18300
16800
10000
9300
9600
10000
9000
9200
11800
11200
11800
11400
12000
15100
10900
10600
11300
11900
11000
11100
67500
11000
11500
11300
11100
11000
34700
14700
17300
13000
12800
13000
12800
13100
14000
13900
13300
15200
14200
83500
17100
13200
12900
13600
24000
91400
14700
34500
16300
46200
15100
14400
15100
15800
62600
16300
78900
81400
18100
15600
14600
14700
181100
11700
31600
11700
11500
29900
26300
11300
13200
11800
36200
11300
11600
33800
11800
23600
11800
24000
15100
9100
12800
8700
8800
8600
9700
8800
34900
8900
9100
8800
10900
10000
9400
50100
9100
9100
15500
11200
11700
10900
11600
11300
10600
11000
11300
11600
10800
11400
64000
11000
10800
11600
11100
14900
33100
12900
13100
12800
21100
17200
14000
13000
14700
14200
13300
14900
20900
81800
15900
14000
13900
14300
17400
91100
15300
38700
16200
43500
14500
14300
14400
15700
62500
16400
81400
76000
14300
14800
14400
14500
175500
11500
35100
11400
11100
158900
33500
12500
15800
12800
44000
12300
12700
36800
13100
25400
20500
25700
20400
20200
9900
8100
7900
7700
8500
7900
11800
7900
8100
7900
7800
9700
9400
9900
8600
8200
47300
45300
10000
10300
10300
11300
10100
9900
10700
49700
10200
10300
11500
14800
12300
12400
10600
10600
30500
12700
12300
12500
12700
12500
12500
12600
13900
18300
12900
14900
17200
68000
14000
12900
12600
13400
21500
79500
16300
31800
15700
37500
14200
15200
14200
15600
56000
15600
72500
60800
13900
14400
14500
14900
119200
12600
34400
12200
11900
32600
29600
14600
13900
12500
36600
12100
12600
41900
12300
25500
12600
25100
14000
8400
7700
8300
22600
8000
8200
7900
8100
8100
7900
8000
8100
9100
12100
9100
8100
8200
35000
40900
10200
10200
10200
11200
10000
14900
13300
10600
10300
11600
12600
12000
11100
12800
12700
10600
13600
14700
13900
13000
13600
17300
12600
12600
12300
16800
13500
12500
58000
13600
15400
62900
17400
13200
16300
78300
15800
32000
15700
39700
19200
14200
14400
15700
60300
18400
63800
69800
18700
14600
14000
14300
113700
12600
39700
12100
13300
31600
30500
12200
18800
12900
36900
12000
12600
39700
13700
25700
14100
30800
14600
8300
8000
9700
8000
12300
8200
29000
7900
9400
8300
8200
7900
11300
8900
8200
43300
8400
33500
46900
10200
9900
11100
12200
10500
10200
10400
47200
10200
10100
11500
54100
14800
12400
10400
11700
13500
12800
13700
34600
13400
12700
12900
12700
12600
18100
13200
12500
54400
12600
12600
12900
12600
13000
32200
35000
13800
14000
13800
13700
15300
13800
15800
16100
14000
16000
15200
67600
59800
14400
13700
14500
113100
12300
34300
13300
12000
36200
24100
11800
14100
12400
36400
12500
13900
36100
12400
25100
12400
24800
12800
12700
7600
8200
7700
7500
8200
29500
7900
7900
8900
7900
8100
9000
8900
7900
41000
14200
31700
40200
10200
9900
9900
11400
10100
9800
51500
48100
14400
10200
11700
85300
10400
12000
10300
10300
13400
12300
13800
12600
18000
12700
12500
12300
12800
13600
12800
12400
50500
12500
12600
9600
8900
9100
37100
9500
8500
9100
8300
8400
13100
8500
14000
9700
8600
9800
13900
61100
8700
8800
8500
8900
110200
23700
5300
9700
6900
13200
6500
19800
6400
8400
28300
7500
20400
44900
5600
6600
10300
17000
13800
6800
6300
6400
7400
6400
6700
6600
6700
6500
6700
6800
59400
6700
7500
6900
7200
6700
9900
7200
7200
7400
7900
7500
7200
7500
7900
7600
7900
7600
7300
7600
12700
8100
7700
7700
9400
8200
41700
36500
8400
8200
8200
8400
13400
8300
8500
8300
9300
8600
9100
8400
44200
8500
10600
8400
38300
8900
8300
8200
36300
48600
8500
9500
8400
58600
8800
47800
8900
9600
10200
8600
126300
5700
5100
19400
5300
6300
7200
5300
6500
17100
6700
5500
7200
5500
5600
7800
5400
5500
10700
11300
6500
6600
7100
7700
6500
6700
7700
6600
13300
7000
6900
6600
6800
6900
56000
6700
8400
7200
12200
7300
8000
8500
7400
7500
9300
7600
8100
7500
7400
7500
7600
7500
7700
7600
9200
7800
46000
35400
8200
8100
8200
8300
9100
8100
8400
8400
11300
8600
17600
8800
48700
8600
10400
8200
31500
8400
8300
8200
41200
48500
8400
9500
8500
55000
8500
48900
8900
9500
9700
8600
122400
5300
5200
13700
5300
6100
10800
5300
6700
18700
5400
5200
6700
5600
5500
7500
5500
5600
11200
6600
6700
6500
8300
6700
6500
11100
6500
6700
6700
6500
6700
6700
7200
6700
6700
7100
7600
7100
7300
7300
7800
7200
7800
7300
7500
7500
7300
12300
57800
7700
8300
7700
8200
7600
12300
8300
41800
40200
8700
8300
8700
8300
9200
8200
8500
8500
9200
8600
9200
8600
47900
8700
10200
8200
31600
8200
8300
8900
34800
48600
12600
10900
8500
54000
8900
44300
8600
9200
9800
8500
128100
5200
5300
13700
5300
6500
6700
5200
6300
16900
5300
10000
11600
5400
5600
7400
5300
5500
10500
6500
6700
6700
8400
6700
6600
6600
6400
6600
6600
6500
6700
6900
6700
7200
11800
7000
7600
7200
7300
7200
7900
7200
9900
7600
7500
8200
8100
8100
56000
7600
8800
12300
8400
7800
8900
8200
42900
8300
8900
8300
9300
8600
9300
8700
13300
35500
8400
8500
8500
8500
8500
42300
10000
8300
67000
9400
8400
8200
35800
48500
8300
12100
8600
59900
8700
46900
8600
9300
9900
8600
128600
5100
5300
17800
5300
6100
6500
5200
6300
26900
5500
5200
6800
5600
5400
7200
5500
5600
10400
6500
11100
6800
7900
6500
6600
6600
6300
6700
6600
6600
6600
7200
6900
46000
6800
6600
7600
7400
7400
11400
8000
7800
7900
29100
7400
7600
7500
8000
55300
7500
8500
7500
8200
7800
13000
8300
8200
8300
9000
8300
70200
8300
9200
8400
9200
9700
10000
9500
9700
56900
8600
9300
11100
9200
45900
40700
8400
8300
8400
8400
9600
8400
8800
8400
9700
8800
9600
8700
54400
8700
124300
5000
5200
14100
5300
6200
6500
5000
10600
16700
5300
5300
6900
5500
5500
7400
5300
5500
10100
6400
6600
6700
6700
6500
6600
6700
6500
6700
11000
6800
6600
17500
7000
8300
6900
7100
7600
7400
7000
7200
7900
7500
7900
7500
8100
7200
7400
8200
59800
7700
9100
7600
8400
7500
8900
8600
8200
8100
12300
36600
13100
8600
9100
8500
9200
8400
10500
39600
50900
8600
8500
12800
9700
8200
42400
35500
8300
8300
8300
8200
9300
8300
8500
8300
9400
9100
9500
8500
43900
8500
106600
5300
15000
6400
5400
5100
12000
16400
5100
6700
5400
18300
5500
15400
5600
6500
6900
5300
11100
6600
6600
7100
17700
6900
115700
12500
7700
6900
6800
72200
6800
7300
6800
6700
14900
7200
8800
7500
7300
11400
6900
17200
8500
7800
7600
7400
56100
7900
7700
7600
27800
9400
12700
7300
21800
41300
8400
8400
8100
10000
8900
8400
7800
8500
51400
9400
8000
8000
7900
7900
7900
9000
22200
9200
11900
8300
10600
8500
8800
7800
8800
8300
9000
8000
8100
7900
57500
55700
8100
8100
103600
6300
6200
5000
6000
4900
5000
19100
5000
13200
15000
5200
5000
14900
6600
5200
15200
6600
10200
6300
6200
6400
5900
6400
10300
6200
6000
6300
6200
6500
6200
6600
6400
6100
6300
50500
7900
6800
6800
6800
6600
13900
11400
7000
6900
6800
47000
7000
6900
7100
7100
7700
7200
7100
9700
33500
13600
7800
7500
7600
8300
8700
7700
8600
45500
9100
14800
8000
11900
7900
8000
8500
21700
8600
7700
7500
7800
7600
8700
8000
13100
7900
9900
7900
8000
7800
55100
54000
7900
8000
101400
6300
5800
4900
5700
4900
4800
14800
4900
12600
5300
4900
5000
14300
10400
5000
15100
7300
10900
7100
6800
6500
6200
6600
6300
6100
6800
6300
6700
6700
6400
6700
18100
6300
6500
6800
7200
6900
6800
7400
6900
6700
6700
6700
6900
7000
6900
51000
7100
7000
49400
8800
7300
7200
9800
32700
7600
7500
15300
7700
8500
8300
11800
8600
46600
8800
7900
7900
8200
7900
8000
8600
25400
8500
7600
7600
7700
7700
8600
7700
8700
7900
12900
7900
15600
8500
54700
54900
8000
9800
97800
10700
6100
5100
5900
4800
5400
15300
12300
13000
5400
5100
5400
17600
7000
5500
17000
11200
11400
6300
6400
8400
6600
6500
6300
6400
6000
6100
6400
6700
30400
6800
6500
6600
7900
6400
8800
8200
7800
9700
8100
7900
7000
8000
8100
6900
9200
72800
8100
8000
8600
7100
11700
7300
8500
7700
7600
7900
7600
7700
10000
7900
7800
8200
62500
13000
8700
55100
8900
10300
8800
8800
25700
8600
7700
12100
7900
7800
8700
7700
8900
9400
8900
8000
8200
8000
49100
55500
8100
8100
99800
6000
5900
4700
5800
4900
5100
16700
5400
10900
5500
5000
5200
12900
6200
5200
12600
6200
10400
6700
6800
7100
6600
7000
8500
11200
8100
6700
9700
6600
6500
6600
6300
6400
6500
6400
7700
24600
6800
7400
6800
21100
7300
10900
7100
7300
7100
48900
7200
6900
7300
7100
7100
7200
10000
7800
7500
7700
7500
11500
8500
8000
9800
10200
110900
9000
22400
53000
8800
14000
12700
8300
9000
30900
7700
7900
7600
7800
9200
8900
8900
13400
43700
9600
8100
49000
8100
8300
8400
9100
102000
6300
6000
5600
5600
5100
4900
13000
5000
10600
5200
4700
5100
11700
10500
5000
12200
6100
11500
7400
6400
6800
34100
10200
6700
6200
6000
6200
6300
8000
6400
6600
7100
6400
6500
6300
7400
7000
136200
8000
7000
7100
7300
7300
6800
7000
11300
45600
7200
7000
7300
7500
7200
8600
8400
7700
7700
8000
20300
7900
8600
12400
7900
7900
41800
7900
7800
7900
8000
9400
8100
8700
9000
35900
7900
7600
7500
7600
8900
8400
7700
10500
75200
11100
8000
8600
7900
7800
7900
8700
114400
10100
5100
4800
4900
4800
6100
4900
6000
5000
6100
5100
5400
5000
14000
13900
5200
5000
10600
6800
6300
6300
6800
7000
6500
6200
6300
6400
120800
7000
6500
11100
6400
6500
6400
6400
11000
7100
7100
7100
6900
6900
7000
7500
7800
6800
6900
30800
11500
8200
7200
7700
7500
7800
9600
9700
8400
8400
8300
9300
8400
9300
8500
15500
9700
9400
8900
9000
8600
8700
9800
8500
11100
8200
8800
20100
13400
8700
9800
8500
9800
9200
8800
8700
8500
8900
10500
9100
8800
10900
133900
6900
6100
9000
5400
7200
5500
8000
6400
5500
6800
15100
5700
7500
8300
5800
20600
8100
12800
7800
7300
6700
7300
7000
6800
7000
6600
9100
7000
6900
42700
13000
7000
6900
7000
7100
8900
7300
7200
7600
7600
7300
8100
9900
7800
7400
7500
32300
12000
8300
7600
7700
7400
7900
9500
9800
8300
8300
8300
12000
10100
8400
10200
13900
8800
10400
8600
9100
8400
8600
8700
8600
11700
8300
8200
8300
12500
8500
9600
8900
9700
8500
8400
8400
8400
8500
8600
8800
8700
8600
113700
5700
5300
6200
5300
5100
5300
6600
5100
5500
6600
13300
5500
5500
6700
5400
16800
7600
11000
7900
7600
7000
7400
7800
7700
7900
7600
6800
7600
7600
7700
7000
19400
8100
11600
7100
8200
7900
116700
7500
8300
7400
8200
7500
7500
7300
41900
12500
7600
8400
7500
7900
7600
7900
9500
9700
9000
8400
8500
9700
8500
8400
12700
9400
10700
8700
8400
8400
8400
8500
8700
8400
11400
9300
8400
12600
8500
8400
11600
9800
9900
8800
8400
10500
8600
9200
8700
8700
8800
12800
109600
5300
5300
5200
5100
5300
5300
6400
5300
5200
7000
12500
5600
5600
6500
9900
14600
7000
10300
7100
6500
6600
18600
8500
6600
7000
8600
9300
6900
7200
6700
7000
6800
6700
11300
7300
8000
7900
7500
7500
8100
7500
8200
7600
7400
7700
42500
8100
7800
12800
18900
8000
7700
7700
10300
8400
8200
8400
8400
8300
8300
9300
8600
8500
13100
61400
8700
9700
8500
8600
8600
9900
11600
8500
8200
13300
8500
8200
9500
8400
9600
8600
8500
8600
8500
8500
8600
9100
8600
12700
104400
5500
6500
5400
5300
4900
5200
6700
5100
5400
18200
12400
5500
6300
6800
10200
14300
6700
10800
6700
6600
6300
7000
7000
6600
6800
8500
6900
6800
6700
6500
7000
8200
11700
7700
7300
7900
7900
7300
7300
8200
17100
8200
7500
7500
7600
41400
8100
9100
12900
7600
7800
7600
7800
9800
8400
8300
8300
8400
8300
8300
9400
8500
12600
8600
32600
18900
9700
8500
8500
8900
8500
11300
10400
8300
12800
8400
9300
8400
8600
10500
10000
8600
8600
8800
8700
8500
8700
10200
12900
107300
5200
5100
5100
5000
5300
5300
6200
5300
5200
6700
12000
5500
5400
10900
5600
13600
6800
11700
7000
6500
6500
7000
6900
6700
6700
6600
6800
6700
6700
6600
7000
11500
7100
6800
7200
9300
8200
7500
7900
9200
7700
8100
7600
7600
7300
42400
12700
7700
8500
7500
8000
7600
7800
9700
8300
8500
8400
24900
8600
8400
10600
13800
10800
10100
128500
8900
9500
8600
10500
8800
8700
10000
10200
12700
8700
37900
9500
8500
10000
8500
11800
51300
12800
8800
9100
8500
8500
8800
8600
105000
5400
5500
5500
5300
5400
12900
5900
11200
5900
5400
5400
5600
5400
5900
5700
5300
5600
10300
6900
8800
6800
6900
7700
11600
6900
6600
6800
6800
7000
6700
7200
6900
7100
6800
7100
8500
7600
7300
7900
7500
7200
7500
8100
45200
135000
9600
7900
7900
7500
7900
41600
8000
7600
10200
15300
8500
8400
8900
10600
9100
8800
8600
8500
9900
8700
11400
8600
14300
9800
8900
9700
12400
9600
35200
9700
9300
9000
13400
8700
15400
8800
9000
8700
10400
8700
8600
122000
9600
9100
145200
6500
6200
7800
7100
5400
7400
6900
5700
7700
6500
19000
7900
8600
6900
20100
5500
8800
13800
7000
7600
7600
7500
6600
7700
11700
7000
6800
7400
7000
6900
7100
7200
6800
7000
7000
8200
7400
7400
7200
7400
7300
8000
8100
12700
77000
7700
7400
9600
9100
8000
119800
7900
7700
9500
13500
8200
8400
10100
9500
9200
8400
8300
8200
9300
8400
10000
9100
9400
14000
8800
9500
12200
8400
35200
9600
8500
8400
8600
12800
8500
8500
8900
8600
9800
8700
8600
38300
8700
9000
133300
5400
5100
6700
5500
5100
6800
6500
5400
6500
5400
5500
6800
11200
5800
17400
5600
7100
11100
7000
6300
7300
6700
6600
6900
6600
6700
6700
7300
6900
6900
6700
11500
7400
6800
6700
7700
7400
7800
7400
7900
125700
8000
7500
37200
7500
7500
13000
7500
10000
44000
8100
7800
8200
9400
8200
8100
8200
8200
9500
13800
8400
8400
8400
9600
8600
9500
8500
9300
9500
8700
9200
16400
8500
34500
9500
8400
8300
8600
8400
8400
9200
8700
12900
9700
10400
8600
123900
8800
9000
134300
5100
5100
11400
5500
5200
6500
6700
5500
12400
5500
5300
6800
8600
5500
16700
5500
11600
11400
7000
6700
6800
20200
7100
6900
6700
6500
7000
7400
7000
6900
6800
7300
7100
7000
6800
12500
7400
8000
7400
8400
7600
8800
7700
7700
7700
7300
8700
7600
8300
20900
8300
8000
8300
13900
8500
8400
8400
8300
9000
10100
9700
9700
78800
8600
8700
8800
8500
8600
121400
8900
9000
44800
8700
39400
10900
8500
8400
8400
9800
8600
8500
9000
8600
10200
8700
8500
42500
8600
8800
128400
5300
4900
6800
5200
5200
7500
11400
5400
7000
13100
5500
7400
7400
5600
16200
5300
7300
10600
6700
6600
6800
11300
6600
6800
6900
6700
6700
7400
6900
31100
7000
7800
7000
6900
7100
7800
7400
8000
7600
12800
7500
8700
7700
7700
7700
7400
8200
7500
8300
7900
8200
7900
8300
8900
8200
8300
12600
8500
8400
8300
10700
9800
73400
8600
8400
16200
8800
16200
41400
8700
8900
39100
8500
8500
8600
8400
9900
13600
8500
8500
8500
10400
8700
10400
8500
10100
10000
8800
10300
151300
6100
5900
7800
6400
5900
8400
8300
6100
8000
6100
5200
11700
7100
5800
16100
5600
7800
11300
7100
6600
6500
6800
6700
6700
6600
6800
6900
12400
7200
6700
7000
22100
7500
7000
51800
7900
9500
9600
7300
8700
7300
8500
7400
12100
7700
7600
8400
7700
8600
7800
8500
7700
8900
8900
8300
8700
8500
15900
8500
12800
9700
10000
157700
8600
8600
32300
9000
13100
41400
8800
8600
10000
8500
8300
8500
8500
9900
10400
9400
10100
9600
12600
9700
11900
18400
12100
11400
10800
13300
115000
5600
13400
7100
5200
5400
5400
5200
7300
5700
5700
5500
7500
5600
5500
17400
5700
6000
12900
7900
7200
6800
6600
19500
6900
7100
6500
6800
7300
7000
6800
7000
12000
7200
7400
7000
8600
7500
7400
8300
8400
8200
8100
7300
7600
7700
7500
10000
9700
7900
7500
25700
8000
7900
9600
8200
8300
8400
8000
8300
8200
8500
8400
9500
8500
8400
12800
8600
8800
8500
8600
8700
10000
35900
8400
8300
9000
8700
8300
12700
8600
8400
10000
8800
10100
49100
10200
10000
10300
13100
105300
5300
5500
5200
5700
5300
11400
5200
5400
11100
7400
13700
5600
5300
5700
5600
5500
12000
12100
7700
6800
6600
6700
6700
6800
7500
6700
8800
6900
7000
7500
7000
6700
7400
7000
7000
12900
7400
7500
8100
8100
8300
18800
7800
7400
7600
7700
7400
7600
7700
7800
7600
7700
7700
13700
8900
8200
8300
8200
8300
8200
8500
8400
9500
8500
8500
8500
21900
8700
8600
14900
8900
10100
38900
8600
9100
8800
8600
8400
8600
8400
8400
14600
8700
10000
129000
10400
10100
10200
8700
112400
5200
5300
5200
5200
5200
11100
5300
5200
11300
7100
5200
5500
5300
5200
5400
5600
5300
11900
7200
6700
6600
11700
6800
6600
6900
6800
7200
6800
6700
7200
7000
6800
7700
6700
6900
8500
8700
8200
7400
7300
12400
7500
7400
7300
7700
8300
7700
7600
7400
8400
7700
9000
7800
9500
8100
8100
8100
12800
24300
8500
8400
8200
9600
8300
8400
8500
8400
8400
8500
8500
8600
14200
34900
8300
8400
8300
8500
8200
8300
8300
8500
9700
10000
9900
55800
10300
10200
10300
8700
103200
5300
5100
5300
5200
5400
16600
5500
5200
10700
6900
5400
5200
5300
5400
5200
5600
5300
11500
7200
6700
6500
6600
7700
8900
6800
6900
11700
6800
6700
7100
6900
6900
6700
6800
7000
8400
7900
8000
7500
7300
8000
7400
7300
7500
7500
12700
7800
7400
9100
8400
8400
8400
7900
8900
8200
8300
9400
9200
9400
8300
12600
8500
8400
8600
8400
8700
8600
9300
9800
8600
8500
9800
49500
12800
17500
8400
8500
8300
8300
8200
8300
9800
9400
9700
46900
14100
10000
10000
8700
113800
5200
5100
5200
6600
5200
11300
5100
5100
10700
11200
5800
5400
5100
5400
5100
5200
5500
10700
7100
6500
6800
6700
6600
6800
7300
7200
7200
6900
6800
7300
11400
7000
6800
6900
7000
8800
9000
8300
7400
7300
8100
7900
7600
7500
7300
8500
7600
7600
11600
8500
8100
9000
7900
8900
8200
8400
9500
9800
9500
8300
9000
8300
12900
8600
46100
8600
9100
8600
8600
8500
8500
10000
8400
8200
12400
8500
8600
8300
8700
8500
9900
8700
8500
8700
36700
10000
8700
13000
8900
106700
5000
5200
4900
5200
5200
11200
5100
5200
10600
7300
5200
5400
5200
5200
6500
5400
6400
10600
7800
6500
7600
7800
6500
6500
7900
7700
7800
6600
8900
8000
7700
18300
7900
7800
7400
13700
8000
8000
7500
7300
8200
7300
7400
7400
7100
8900
7700
7600
8000
10700
10100
8800
7800
14200
9300
7900
8700
9500
9200
7700
7800
7800
7800
7800
7800
7900
7800
7700
7900
8300
8000
9000
7700
7600
9000
30800
7800
7700
7900
7800
12900
7800
7800
7900
8000
10200
8300
8000
8000
97500
10100
5000
4700
4800
5000
4700
9500
5100
10000
6500
5200
6700
12100
6500
6700
7100
5100
16500
8400
7000
6700
7000
26200
6800
10200
6000
6300
6700
6400
6200
6500
7200
6500
6400
6400
7700
14500
6900
6900
7500
7000
6600
7100
8200
7000
7000
7100
6800
7000
7000
17200
7100
8000
9000
13200
7900
7700
7800
7800
7700
7700
7800
7700
7600
7800
7800
7900
7900
9400
12100
8200
9600
7900
7900
8100
9600
7900
7800
7700
7900
9300
8000
12200
8100
8400
9200
42800
8100
7900
102600
4900
4800
4900
4700
5000
11600
5200
4900
4900
5000
6300
5400
6400
5100
4900
8000
7500
11000
6300
7900
6400
6300
6300
5900
6300
10900
6100
6300
6400
7200
6500
6200
6400
6700
7100
7700
7500
7200
6900
7500
7000
22000
7000
8000
11800
7100
6900
7100
7000
7100
6900
7300
8000
8900
8700
7500
7500
7600
7600
7400
7400
7700
7500
7600
7800
7700
17300
8200
9000
8000
8000
9400
7800
7900
7700
13400
7700
7700
8700
8100
12000
8000
7900
7900
7900
8900
39600
12200
8000
99200
4800
4700
4600
4900
5000
6200
4800
4800
5100
5000
6400
5000
6400
9700
5500
6900
5200
13600
6400
8000
6300
6100
6200
6000
6200
6100
6000
6300
6300
7200
6100
6600
6900
7800
11300
7400
7500
6900
6800
7600
6600
6700
7600
6900
7000
7600
7100
7100
7000
7000
7800
7300
7600
12900
8500
7700
7600
7600
19400
7800
7700
7700
7800
7600
7700
7900
7900
7800
13100
8100
8000
9100
7700
8000
7800
9700
7900
8200
8000
7900
9100
12000
8000
7900
21700
10500
122200
8400
8100
100900
5200
4800
4600
10000
4900
6700
4800
4900
5100
4700
8300
5000
6500
5000
5000
8200
5300
9800
6500
6200
6200
6100
7100
12500
6100
6200
6200
6100
6400
6900
6400
6500
6200
6700
6800
7300
7600
6900
6900
7400
6900
6800
6900
11100
6900
7900
7300
7000
6800
7000
9800
7400
7400
8300
9400
7900
7600
8400
7700
7800
11900
9700
9800
8100
8100
8000
7800
7900
7800
8100
8900
9300
7700
11700
7900
9200
8000
7800
7900
8300
9100
7900
7900
7900
7900
9000
42600
8000
8100
43100
5600
3000
4200
3300
2800
4600
2600
2800
2900
2600
8400
2700
12100
2900
3200
6600
4500
10300
6000
5400
5200
6000
3700
3200
3500
4100
5100
3600
3600
4000
3300
3300
3600
3900
8200
4600
4500
4000
3600
4200
3900
3700
4000
3500
3900
4400
7900
3800
3800
4100
4500
4100
3700
5300
5300
4300
4100
5300
4600
4100
4300
11600
5400
5300
5300
5800
5400
5800
5400
5500
6300
9400
7600
5500
39900
4900
4700
4600
4600
4700
4700
4500
4700
4600
5400
4800
7500
4900
8900
34900
3000
2800
2900
2700
2900
4200
2900
2600
2900
2900
3900
3000
4000
3100
2700
4000
2900
11300
3700
3600
3700
4400
3300
4400
3900
5000
4100
3600
3300
3900
3500
3500
3600
3800
4300
4200
4500
3800
8100
4600
3800
3600
3800
3900
3800
4300
3500
3800
3900
3700
5700
3900
4700
5000
5400
4400
9100
5500
4500
4300
4300
5700
4800
4300
4200
4200
4200
4200
4200
4300
9300
5900
5600
6200
4700
4500
4700
4500
4600
4600
4700
4500
4600
4500
8500
4700
5800
4600
4700
37500
3100
3200
2900
4600
2900
3100
3100
2900
4800
3000
3000
7700
2900
4600
17400
3200
2800
9500
3700
3600
4000
3700
3300
3600
3400
3200
4000
8200
3600
3300
3900
3700
3700
3900
3600
5800
50300
5000
3700
116400
4000
5600
14200
4200
5100
4900
5100
4200
3900
4100
4200
3800
4300
5900
4400
4500
4500
4300
4600
8300
4600
4300
4300
4300
4400
4400
5400
4600
4500
5900
4700
7400
9400
4900
4600
4500
4500
4800
4800
4700
4800
4800
4600
7100
4800
6000
4800
8900
5400
35100
2800
2900
3000
5000
3300
2800
3000
3100
11600
2800
4500
3200
2900
3300
8500
3200
3200
7900
4000
3600
3600
4200
3800
3500
3500
3500
3300
3400
3600
3300
6400
3700
5000
3800
3400
10000
26200
4500
3700
33100
3900
3800
3800
3800
4500
4100
4600
3900
6900
8200
4100
3600
3900
6300
4900
4300
4400
4200
4800
4300
4300
4300
4400
6200
4600
8700
5300
4400
4500
9400
5900
8400
4800
4600
4600
4600
4700
4600
8600
4600
4600
4600
4500
6500
4800
5700
4700
4500
4600
35500
2900
3000
7300
4300
3100
2700
3000
3100
9000
2800
4400
3100
4000
3100
4200
3000
3100
7700
4000
3700
3300
7500
3700
3400
3400
3700
3500
3300
3700
3500
3900
3400
32600
3600
3600
5200
3900
3700
4100
8000
4000
3800
3800
4000
4700
4000
107300
4000
4600
4000
4100
4700
3800
5300
4400
8400
4500
4300
4300
4500
4400
4300
4400
4200
5700
4600
5500
4400
4500
5400
8500
8600
4500
4500
4600
4600
4400
4400
4400
4400
4500
4500
4500
10500
4800
6200
4800
4600
4800
33900
3500
3300
3400
4900
3000
3000
2800
2900
9100
7000
4200
3700
2900
2800
4300
4600
3200
7800
3900
3700
3400
3500
3400
3400
3400
3500
3300
3400
3500
7400
3700
3600
3700
4100
3200
5300
3800
3900
3900
5500
3900
3900
3700
3600
4700
3800
4000
3900
4500
3800
7900
4600
4100
5800
26400
5100
4400
34000
4300
4400
4300
8000
5600
4400
5100
4400
4400
4300
4300
4400
4500
7100
4700
4600
8200
4700
4500
4500
5100
4500
4600
4600
4500
6400
4800
6600
4700
4500
8600
35900
3000
2700
2800
4400
2800
3000
2600
2800
8200
2800
4100
2900
2900
2700
4400
2700
4700
8000
5100
4900
4500
3500
4600
4900
3400
4400
4500
3300
4500
4600
5000
3500
4300
4600
4500
6100
8300
4300
3700
4000
3900
3700
3800
4000
4600
4100
4000
3700
4600
4000
4100
4600
4000
6200
32900
6200
5200
116200
4700
4600
4400
4500
5500
4600
5300
9600
4700
4300
4500
4500
4400
7700
4800
4800
4700
4700
4600
4900
4700
6100
10100
4800
4600
4500
6400
4700
4600
5900
4600
35100
2900
2700
2700
8600
2800
2900
2900
2700
8800
4100
4200
2900
2900
2800
4200
2900
2800
5800
4200
3900
3600
7300
5400
7600
3300
3400
3500
3500
3900
3500
7200
3700
3400
3800
3600
7700
4000
3900
3500
3900
3900
4000
3600
4000
8600
4000
3900
3700
4500
5400
4300
4600
3900
5900
28000
5400
4400
37400
4400
4400
4300
4300
5400
4400
6600
5100
4600
4300
4400
4400
4300
9900
4600
4500
4600
27300
4800
4600
4400
5800
4500
4600
4600
4700
10700
4700
5200
5700
4700
35600
3200
3100
2700
2900
2900
2500
2800
2700
2700
2900
4000
9800
2900
4500
2800
3000
3100
15200
5300
10000
8600
4900
5000
5800
5600
5400
13400
9100
8600
8900
5100
5600
6300
5500
5600
8800
6400
5900
6500
5400
6500
6400
6800
8100
6700
13800
6900
6300
6600
7800
6700
6900
7900
11200
32400
6400
7200
7200
4600
9100
126800
4800
4700
5800
5400
5300
4500
4400
5700
4500
4400
11700
5200
5200
6300
4900
6000
4900
5100
4900
4600
4900
4900
6100
8900
5000
4800
4800
48700
41000
3000
3000
3000
4100
6600
4900
3400
3100
3000
7000
4700
3000
3100
2800
2900
3300
2900
8300
3900
3700
3400
3500
4200
3700
3800
3300
3600
3800
4100
3400
7800
3900
3700
4200
3500
5100
4000
3700
3800
5100
3800
3900
4000
4800
4200
4900
4100
3800
4700
8800
4100
4000
4600
6400
20700
4300
4300
4300
4200
4200
31500
8800
4500
5500
4300
5400
4400
4400
5300
4500
4500
6400
4900
4900
10600
4700
6000
4700
4700
4600
4600
4800
4800
5900
5700
5100
4700
9200
140000
37700
2800
2900
3000
2700
4700
3000
3200
3600
2900
2900
4400
2800
7000
2800
2900
3100
2800
8000
3800
12900
3300
3400
4100
3600
6100
3700
3600
3500
4300
3400
3600
3700
3500
8400
3600
4500
3800
4900
4100
4000
3500
4700
3800
3800
4200
6700
3800
4600
3900
3800
4600
4000
10600
6700
17600
4400
4200
4700
4300
4200
35900
4700
4400
9400
4400
5400
4200
5300
5600
4800
4600
6300
4800
5700
5800
4800
9800
4700
4600
4500
4600
4700
4600
5900
4800
4700
4700
4700
52000
36000
2900
2600
3000
2600
4400
3000
2900
2800
3100
2700
4400
2900
2800
3000
2600
3000
6800
7000
14400
3300
3500
3400
4000
3400
3700
3600
104900
3600
4100
3800
3800
3400
3800
8400
3800
4500
3700
4600
3700
3900
4000
4500
4000
3700
3800
4400
3900
4700
4300
4500
4600
5400
4000
7700
5200
5300
5200
5300
5600
5300
5300
7300
5800
6400
5900
5500
8900
5600
4600
4400
5100
6500
4600
4600
5600
4600
7000
4800
8700
4600
4500
4700
4700
5800
4700
4700
4600
4600
47200
40500
3100
2700
3000
2900
4000
3100
3200
2700
3200
2600
4200
3100
2700
2900
2700
2900
3100
6900
3600
3600
8600
3600
4000
3600
3700
3600
3300
3500
3900
3600
3400
3500
3600
4300
3500
4700
5800
4700
4100
4000
8000
4600
3800
3700
4100
4300
4100
4400
3900
3700
4800
3900
4000
5400
4400
5000
4300
8300
4400
4400
4500
5400
4800
6200
4700
4600
63200
5700
4700
8500
5300
7200
16900
4500
4500
4600
4500
4400
31300
4700
9500
6000
4800
5800
4600
4600
7000
4700
4700
35800
3100
2700
2800
7400
6300
4900
134900
8600
7100
6600
9900
6900
6700
6700
6600
6700
6600
11500
7300
7600
7500
7200
8100
7700
15200
7600
7200
7700
8100
7600
7600
7600
7700
8000
7500
9600
8200
9200
10500
8200
19000
10200
9100
9300
15200
10500
9600
9300
8500
8400
13400
8700
8600
10900
9400
9200
8900
9200
10900
9700
9800
16600
9700
10700
9800
9700
10100
10900
9400
9400
10800
14500
42100
9900
9800
10500
10100
10200
67400
10000
9800
12200
10000
11700
14900
9800
14000
10100
10100
84900
14900
13700
11700
6100
11400
6200
5900
5700
5600
6200
12000
9000
6200
6500
6200
6000
24300
