66200
1473400
90300
35400
17300
37800
11300
46100
12400
14300
14200
16600
70100
16800
15800
16500
14900
14800
70400
18200
76500
18900
18300
18700
19100
220900
19500
20000
19900
18800
31900
27200
297000
25800
21800
22200
92600
161300
96600
26500
24900
25000
260400
124500
29500
32200
27700
26600
32000
167600
26900
27500
30500
130300
192100
36100
31100
276800
34900
32600
32900
32700
33700
33700
42800
286300
37700
49000
35700
76500
41200
268700
50500
335600
230000
40900
44100
46300
265000
42000
40300
282800
270900
41500
242900
44200
42000
45200
42000
43200
30400
33700
34500
10500
11600
12100
11100
11700
33200
15100
12100
13900
13900
12700
14000
14600
15800
13900
60000
18800
50700
18000
18200
17700
18100
88700
21100
18600
20300
19100
21600
20400
83100
26900
21200
22400
75400
104500
57700
24400
25700
24200
132900
56400
27100
28600
29200
27000
28900
70400
27400
27800
29600
65100
102700
31400
33900
140200
39400
32700
32900
35000
34500
37200
33900
142200
40300
42400
37600
35900
37000
126200
47200
177700
118100
18400
20900
23900
143300
19700
19900
165500
138100
20200
138200
19900
19800
22800
19900
24700
6200
10300
19500
5000
6000
6400
6100
5100
5200
5300
5500
5900
6500
5700
6200
6200
6800
6000
11400
48600
42500
13600
9800
27800
18100
15800
8700
10900
9200
10200
18800
9500
13000
11200
26700
9500
39600
58400
35900
12300
12900
12200
72700
39300
14100
12700
13500
13300
16100
50000
13000
12900
14900
50700
78700
15600
15600
115600
16200
15700
18000
16200
15500
16400
19400
137700
18300
21900
16400
16000
16900
85200
37500
143400
104200
19900
23700
21500
123700
20600
19400
123000
119400
19900
124000
26500
20200
22300
19700
20400
37600
11900
7100
5300
5700
10000
5300
22200
5200
5400
5600
5800
6400
6000
6300
6200
6600
6100
10800
27600
26300
12400
10300
23800
17800
15100
8700
13500
9000
10400
18200
9500
10400
14000
26700
9400
32100
12200
27000
12200
12300
12300
12000
73700
69700
12800
12700
67900
14600
13100
59000
14300
13400
12900
74300
15400
16500
105300
15600
14900
15200
15200
15000
15000
15800
110900
16700
19500
22300
15600
15500
101600
35600
153500
103000
19400
26200
21400
114400
19500
18800
130900
127000
20800
133100
19500
19400
22700
19800
19700
18900
23500
7200
4900
5800
6300
5600
22200
5400
5200
5500
11200
6800
16000
7700
6100
6100
6100
10700
28700
21100
11100
10000
32200
24900
14900
8600
9900
8800
10000
27400
9100
10500
12000
43800
9000
29900
11200
28900
11800
13000
11300
11300
83100
20000
12000
11500
22100
13700
11800
46400
13400
12200
12200
36300
59800
39200
18100
14600
14300
96000
49900
17500
14700
16100
14900
17200
68600
19300
17300
18000
79200
26600
133900
98300
17500
20500
20000
108700
18200
17800
119400
119100
19900
129500
18300
18000
20600
19200
18500
7100
17200
15200
4800
4900
6100
5000
5200
9700
5500
5600
5400
6500
5200
8800
9500
6600
10400
20600
51500
55000
13700
9400
32100
28500
14600
8300
9700
8400
9900
21900
9000
10300
10500
48800
9100
47300
11700
26000
11300
14400
11800
11800
88400
21200
13100
12800
22700
14300
12200
48200
13100
12500
12900
36800
84200
61300
14600
14900
14100
103800
82900
18000
16200
16700
15300
18400
111800
16200
16700
18700
55400
238400
13800
12000
82500
12200
11600
17000
11800
11600
11700
11700
69100
13800
19400
12200
11600
11800
64500
12700
7900
7700
7500
7600
8100
7600
7500
7700
7900
7800
7900
11400
10300
7700
8100
182800
25400
21100
21100
48600
19800
19900
20800
20100
21500
93600
20200
19700
21100
20100
116300
14200
61300
11300
11800
15700
14000
16000
13000
12700
48700
13400
50900
13200
14100
48300
15000
58700
13500
13700
132100
60100
13400
28200
16000
14700
14100
16300
14500
16200
14400
15300
14600
14100
14800
81700
16600
16400
16700
94200
15000
180500
12000
31100
12800
22200
13000
11700
32500
12100
11900
24200
13300
13900
13600
12000
29800
12100
29500
13900
9300
53100
9400
8600
9600
9300
8900
8700
10400
9400
11800
9400
9200
9000
9600
9100
8900
12300
11500
26700
10800
11100
11500
11000
10900
42500
13600
11200
12100
11100
74800
11100
64600
11600
11800
15300
13800
14900
13500
12500
50400
12900
50100
13000
14100
43700
14300
58900
13400
14700
129500
59700
13600
20200
14800
14600
17800
17500
15000
15900
14300
14500
14300
14400
14500
80400
16500
17300
15400
96800
15800
190600
12800
32000
11600
22300
12800
11600
32100
11600
11500
23600
12700
13800
13900
11600
25500
6000
28700
16500
23200
10200
11400
9500
7900
8500
8800
9000
7800
7900
7800
15600
16900
9800
12800
8500
12200
12100
11100
53200
8800
8100
62900
9500
9000
8400
11500
8500
8700
8600
8600
74900
8700
56200
9100
14700
14100
13400
14600
13400
42600
10800
46600
9600
10800
42100
10400
56600
11400
11800
137300
56500
9800
12300
12600
9400
9500
10900
9400
13200
9500
9200
9400
9200
9400
77400
13100
11200
9600
90700
9600
131500
8600
24300
4900
18500
6000
5100
25500
5200
5100
16700
5800
6800
6600
5200
20100
5200
27300
11500
6800
6300
6800
43400
6600
30300
6500
7900
6800
6700
9300
6600
50000
7000
7100
7100
6500
36100
7500
7200
41800
7100
41700
7200
33000
7200
7300
7600
7100
7300
7300
7200
7100
38200
10000
8500
8700
21700
7700
7700
8500
8200
7900
30100
8000
8200
11600
8600
55500
8200
42300
8200
9000
12300
11000
8000
8100
8800
8000
9300
8000
7900
8000
7900
8000
53200
10800
13000
10400
61800
8200
99900
5200
20300
5100
19300
6000
4900
24500
5100
5500
16900
5900
6700
6100
5100
19500
5700
24900
10700
6700
6100
6600
6300
6700
6900
6300
6400
6600
6700
6600
6200
6500
6500
6900
6500
61700
7600
7100
7400
6900
8700
8800
7200
7500
6900
8400
7200
7300
7400
7400
10000
7200
39000
7300
8300
8700
22100
7700
7800
10200
8300
7800
33500
7900
9000
9300
8200
52500
8200
42100
8100
9100
12600
9400
7900
9200
8600
31700
7800
36500
8100
11400
31200
8900
39100
8200
52900
93800
40600
10100
102100
5100
26100
5100
15400
8600
5200
24400
5800
5600
18300
6700
7200
6400
5200
19900
5200
25600
9900
7600
7100
6800
6300
6600
6300
6500
6200
6800
6800
45200
6600
6400
6400
7000
9300
6600
7500
7100
7100
6800
7000
6900
7400
7600
7000
7100
7300
49900
7000
7200
44800
7500
37700
7400
8300
8600
21200
7900
7900
10500
8000
11300
33000
7900
8200
8800
8100
86900
8500
44800
44800
8900
9800
8700
8400
8000
7700
34300
7800
33300
10000
8900
30500
10000
41300
8300
42700
94000
43700
9100
102900
8000
5000
5300
6400
5200
6800
5200
7200
5500
5100
5300
27300
22700
6500
5500
26600
5500
10500
6400
6500
6500
6400
6300
6600
6400
6700
6600
6300
6900
9400
6800
6500
6700
7100
6800
9200
7800
7100
7200
6900
7100
47700
7100
7400
9700
11100
7800
7400
7900
9200
7300
7400
7700
10200
8200
9400
10100
8400
8600
38700
31500
8300
8200
8200
37800
8200
43400
11600
8500
8400
9000
10500
8400
40300
48200
11400
46100
8200
9800
8200
49700
8200
8300
8400
8500
10800
10300
8600
8400
98900
6600
5200
4900
6300
5300
5300
17100
5500
8600
6400
5200
18000
29600
5600
5400
5700
18400
10900
6400
7500
6800
6900
9400
6400
6800
6500
6500
6400
6400
6500
6500
6700
6900
6700
6800
7800
7400
8200
7200
6900
6800
49100
8800
6900
7700
8000
7700
7300
7800
7200
7400
7600
7400
9800
7800
8100
8400
8400
8600
34900
30800
7900
8100
8100
39500
8200
40900
10100
8200
8200
8300
10500
8000
43700
44700
8800
45900
8100
9700
8100
53700
8600
8300
9500
15000
8400
9000
12400
11600
123000
6400
7900
6800
6200
5200
5400
16500
5400
5900
5300
5300
17600
28500
7200
5500
8500
17700
11100
6500
6500
6600
6500
6400
7900
6500
6600
6500
6200
6900
6300
6400
10400
8700
6900
9400
7700
7100
7400
6900
7000
7300
9300
7800
7500
7700
7200
7600
7200
7400
7400
7500
7400
49700
11000
8200
8000
9900
8000
10500
35700
33700
13600
8200
8200
38900
8400
40800
9100
8600
9800
8400
13500
8100
40900
47500
9000
46300
10800
11600
8200
50500
8600
8300
8300
8300
8300
9000
8300
11000
101300
6300
5100
4800
5900
5000
5300
15900
5200
5900
5300
5100
19900
29000
5600
5200
5500
19500
11000
6500
6400
6800
6500
38000
6300
6200
34600
6400
6500
6400
6600
6600
7900
7600
7000
6700
7500
7100
9000
31300
38500
7100
22700
35200
15400
14500
13600
14200
13500
13700
15000
15100
14200
19000
16800
16000
23600
14800
14500
14600
100100
18300
14500
15500
15700
15100
14100
18900
13900
14900
13800
14500
18000
14300
74400
78300
19200
203100
14500
18200
14300
91400
14700
14900
14600
19200
15600
15900
16800
14000
272000
12100
8600
8700
9900
8900
8900
28700
10700
13100
9900
8700
34200
50700
10300
8900
8800
30300
17200
11400
11600
10600
14200
10600
10500
10000
10500
10800
10800
10900
10700
11900
11000
11700
11700
11500
13000
12000
12600
11800
12000
12100
16700
12500
13200
13200
12300
13700
12600
13000
13000
67800
184900
13500
18900
14900
13400
13300
14200
13000
80000
13500
13700
14800
15200
18000
13600
14400
14700
13800
13500
78200
16500
13000
13100
15600
17000
14500
98900
51700
13500
13300
13700
63100
14200
74300
14900
14000
14000
127500
255900
12000
8500
12100
9800
9200
8600
27700
8600
9800
8900
9000
58900
41400
9300
9200
9100
27400
16200
11100
10900
13200
10600
10400
10600
10300
10700
10500
75700
10700
10900
11700
11500
15200
11300
10900
12100
11200
12200
11600
11400
11400
12500
12100
12400
12300
11600
12700
12900
14600
12200
12100
15800
12800
13600
14800
13700
13000
13900
13100
74500
13000
13600
14200
18700
14200
13500
14200
13300
13500
13700
14200
15600
14600
144200
17500
12900
13800
55800
44400
12600
14100
14400
71900
16800
121800
17100
15600
16200
105900
300200
13400
23500
22300
12300
22700
9400
11500
9700
25200
9700
10100
10600
10400
13900
14100
42800
10000
18600
11600
14800
11600
11300
11300
11400
11300
15800
12000
82300
12100
11700
12800
11800
11900
12200
12900
14100
81200
14200
12500
19400
13000
12500
12800
13200
12900
14900
12500
13500
13000
13200
13100
13700
13000
15700
14100
15700
13900
20600
14200
14800
14100
15600
14700
15800
16300
14600
17300
15200
16200
14600
18600
16700
14600
14600
15900
15500
71400
14400
62700
16700
20400
13500
13400
15600
14900
13900
14700
17400
15200
276100
20500
10200
10300
15700
12600
10100
11600
9000
9800
9300
10900
9600
9400
9800
9800
9700
10200
16400
12100
10800
12000
11600
11000
15500
11300
11500
11300
11600
12100
12800
12800
12700
85500
12100
12000
14200
42400
17800
13000
13000
12900
12700
12900
13600
12900
13200
12900
13200
13100
13000
13200
14200
14600
16800
14300
19200
14400
19900
14500
15400
14800
14300
14000
15800
17000
16500
16200
15300
15900
18300
14200
15600
13100
13100
15800
14000
73500
14900
70300
15000
14700
14400
14700
15700
15300
14900
14700
14900
16300
275500
19100
12900
9100
10600
8900
8700
10300
9000
9400
9500
11200
9800
10200
10000
9900
10400
10100
16900
11500
11600
11600
41900
11300
12000
15100
11500
11400
11900
12600
12200
36000
13400
11700
12000
11800
14100
13000
13800
12700
12800
17500
13000
12900
13700
13300
140400
14800
13700
13900
13200
13900
21300
15200
17300
18900
16600
14600
16700
14700
16400
15300
15800
15200
18300
16500
15700
15700
17500
20500
16800
17000
19500
15700
15900
19400
16100
91200
15200
64900
15900
15000
15200
15100
17000
15600
17700
15300
15200
16200
281600
20100
9400
9700
11300
10000
9900
11300
9600
10100
10100
11000
10200
9700
10200
10300
10300
14300
17000
12000
11300
11500
11900
12100
12600
12000
11700
11900
12400
12600
11900
28900
13900
12600
12600
12200
21400
13400
13700
13400
13900
13800
14200
13800
14700
14200
83200
14600
13900
13900
14200
14200
18700
15600
16400
100700
16200
15000
15900
15100
15300
15000
16000
15500
18800
15400
16800
16100
15700
15800
17200
15900
18000
15200
15200
16300
15400
75700
15600
60900
15200
15100
15200
15100
16100
15500
15500
15100
15600
16800
293700
18400
9800
9400
11400
9800
9900
11100
9400
9600
9700
10700
10400
10900
13700
10100
10100
10500
18600
12000
11900
11600
12000
11700
12100
12100
12100
11800
12000
12900
12700
24100
12700
12700
12500
12700
18600
13400
13900
13400
13500
13600
13600
13200
13900
13300
86600
14200
13600
13100
13400
17400
14000
14200
15800
108600
15100
14000
15500
14100
14400
62000
18000
14500
14700
15200
14500
78200
17800
14700
15600
14700
16500
13900
19700
13900
14600
14000
15200
14100
17000
14200
15600
15900
15600
14400
14400
19400
14700
14700
392300
17600
7500
5900
7400
5700
5800
7000
5500
5600
5400
6400
11400
8700
5300
7100
13200
5900
11300
6900
6800
6500
6900
6800
6900
6600
6800
8300
6400
6800
6700
26500
6700
6400
9500
6500
8000
19500
7400
7100
7000
7000
6900
7000
7600
7400
70100
10100
7300
7300
7200
7300
7500
8300
8700
22900
8700
7800
8400
8100
7800
10500
8200
7900
10100
8200
8200
10000
8300
8300
9600
8400
9300
7900
8800
10600
8600
7800
9000
8000
8800
7900
8600
8900
8000
8700
8100
8900
11000
8200
173000
5200
5400
6100
5200
11800
5100
11400
5300
5300
5000
4900
5100
8400
5300
5200
5300
6300
11500
6300
6400
6000
6500
6300
9200
6400
6300
6300
8000
7300
8600
16900
9300
6500
6600
6900
7700
7100
7100
7000
7000
8800
7100
9500
8100
7000
32400
7500
7000
7300
11800
8000
7900
7100
8700
7900
7800
7900
9100
7900
9700
8000
7900
36100
13400
17200
11900
7900
8400
8600
8100
7900
9300
7900
7800
9400
7900
10600
8800
8000
8600
8200
8100
8000
8600
43500
8100
8100
8200
10800
169100
5200
14400
4800
5900
14600
6500
6600
6200
5700
5600
5500
5500
5700
5600
6000
10000
16000
10700
6200
6200
6200
6000
6200
6300
6600
7800
6500
6200
6300
6100
14600
6600
6800
7000
6400
10300
6900
6900
6700
6800
6900
6800
7200
6700
7000
32300
7100
7100
7200
9300
7700
7600
7200
11200
8300
7900
7500
8800
7600
7500
7700
7600
35500
8500
8000
7900
10600
10500
8600
8200
7900
9200
7800
7700
9100
8900
8000
9400
7900
10800
8900
8600
8700
9300
46700
8800
8900
9000
8900
168700
7800
5800
4800
5600
5800
5500
6000
5500
5100
6500
5100
5000
5200
5100
5000
5700
13400
10300
8900
6000
6300
79300
6100
6200
6500
6200
6100
6300
6300
6100
13800
6400
6300
6600
6300
7000
6700
9400
6900
7400
6900
7900
6800
6900
6700
6900
6900
6600
7000
6900
7000
7100
8300
8500
7700
8100
10000
8900
7800
8200
8900
8900
35400
8100
7800
7900
7800
8200
11400
7900
7700
11200
7900
7700
8800
7800
7800
8500
7800
8400
7900
7800
10600
8900
41900
7900
8000
7900
8200
184400
6600
7600
5300
9100
4800
4900
7600
6100
7100
5300
8000
5000
17300
5200
5500
6200
14800
13400
7300
6700
6800
10000
12600
12800
8200
6400
6200
6900
6400
6200
14600
6600
6500
6700
6400
7100
6900
8600
6800
7300
7000
7700
36700
7100
6900
6800
7100
7000
6900
7100
7000
7300
8100
8100
7600
7500
8100
8900
7600
10300
8300
7700
7700
110100
7900
7900
8000
8000
10900
8900
8100
12300
8300
7700
9000
7800
7700
8300
7800
8600
7900
7800
7900
8500
47400
10400
8000
7900
7900
171000
5100
5700
5000
5500
4900
4600
5700
8200
5700
4900
5000
4600
5100
5100
5000
5800
13700
11200
6400
6100
5900
6200
6100
6000
7900
7000
41400
6900
6100
6300
15000
6500
6200
7500
6700
7000
6800
8900
7000
7500
8900
7900
7200
6700
7100
10000
9300
7300
7100
7300
7100
8100
8800
8600
7600
7600
7800
10100
8000
7800
8400
7800
10700
36100
7900
7900
7900
8000
8400
10700
8200
8700
7700
7700
7700
11500
8000
7900
7900
7900
35800
8600
8000
8700
8000
8500
12700
8100
7900
168500
5300
5900
4700
5500
4700
6000
6300
5500
5300
5100
4700
4900
7800
5000
5300
5800
13800
10100
6800
6100
6100
6200
6000
7600
7100
6200
7900
6100
8500
6200
17100
6600
9300
7000
6300
8700
7100
6900
7500
7300
6800
7900
7000
6900
7000
6900
6800
8100
7400
6900
7000
7200
10900
8400
7500
7500
7500
8100
7600
8000
8600
7800
7800
32300
7600
11200
8000
8000
10700
8800
8100
9900
7700
7800
8100
10600
8000
7600
51400
7700
117700
8700
9700
7900
8500
8500
8700
8200
7900
173900
5400
4900
6300
5000
5200
5700
4800
5900
4900
4900
5000
4900
12900
5100
4900
7800
5200
11200
6100
6100
6000
6000
6000
6100
6400
6100
6100
6300
6100
6400
15900
37000
7100
6500
6200
7600
9800
6600
6800
53400
7500
7000
6700
7400
7000
6900
7000
9800
7100
7600
9100
7100
7300
8900
7700
8200
7600
8500
10300
8100
7800
7700
11300
8200
7800
8300
8100
8500
8400
8200
8100
9700
8900
7900
8500
11200
25000
9400
8000
8600
8400
8100
8900
8500
122800
8200
45600
8700
8100
167400
6000
5300
5200
4900
6200
6900
6800
6100
12400
6100
7200
6100
6300
5200
6200
7200
5500
11000
7000
6000
35500
7700
6100
6300
6200
5900
6100
6200
6500
6100
21300
6500
6200
6600
6300
7400
8000
6800
6700
131900
7400
6800
7000
7200
7000
8300
7200
7800
6900
7600
7200
7200
7100
11700
7500
8300
7500
8900
8300
7800
7700
7700
7700
8400
7800
8200
7900
8300
11400
7900
8000
9300
8700
7800
8400
8200
24300
9300
10500
8400
8600
10000
8600
8700
47000
8000
46500
10700
8100
168500
5600
4900
4700
5000
4800
5800
5800
5100
11000
5000
6000
7600
5100
6600
5100
5200
5500
10400
6500
6100
85300
6400
7800
14600
6600
6600
6700
6600
7300
6800
17400
6800
9800
8400
6800
7800
7300
7400
7300
7200
7200
7400
7300
7100
7400
7600
7400
7300
7500
76500
8600
9200
7600
9400
8100
8600
8100
9100
8800
8300
8300
8100
8400
11800
8400
8900
8500
9100
9000
8800
8700
9500
9100
8000
8800
11600
26100
9700
8400
9700
10500
10400
9700
9400
121000
8200
53500
8100
8300
166800
5900
5200
4900
4700
4900
5800
8300
5100
11300
5200
5900
5300
5100
4900
5300
5200
5300
13100
6300
6100
6100
6300
6100
6600
6100
6200
8800
6400
6500
6200
21900
7400
7400
8100
7100
7900
7400
7600
7100
7900
7500
7600
7300
7300
7400
7600
7300
11200
7600
40900
7700
7300
7200
8100
8900
7700
7800
58800
11200
7900
7700
8600
7900
7800
8000
8100
9200
8900
8200
8100
8400
9200
11100
7800
8500
8200
25200
9200
8000
8500
8400
7900
11300
8700
43000
8200
44800
8200
9500
169200
8500
4800
5000
5000
5900
5900
5700
4900
11000
5000
6100
4900
5100
4900
5000
5300
5400
29000
6300
6100
6000
6300
6100
7000
6400
6000
6200
8700
7000
6200
15000
6500
6200
6800
6400
7300
6800
9700
6700
6900
7000
7000
6700
6900
7100
7100
6900
7000
7000
34900
7700
7000
7100
10100
11600
7800
7700
54400
8300
7800
7700
8500
122700
10500
8100
7800
8000
8600
8000
8100
8100
9500
7700
8300
7700
8400
11000
7900
7900
7800
43500
8500
7900
9100
8000
8500
11200
8700
8200
167700
5800
4900
4900
4700
4900
5500
5600
5100
11000
5000
5800
7800
5200
5000
5300
5200
5200
10000
6300
6000
6200
6100
6100
6300
6100
6200
6200
6100
6600
6200
14500
6300
6400
9500
6400
7300
6500
6900
6700
6900
31100
7000
6900
6800
7000
7100
6900
6900
7300
34800
10300
7100
7100
7900
8700
7500
7500
117600
8200
7900
7800
8100
7900
8800
8000
8400
7900
8600
8100
7900
8000
9200
7600
8200
7700
11000
9900
8700
7700
7600
7800
8300
7800
8500
9600
9100
8600
8300
10700
168800
7400
4900
5600
5600
9900
6800
4700
5900
5600
5100
5900
6400
14400
6000
14400
5900
5000
22600
52400
10400
10100
10400
10400
15400
10700
10800
10800
10900
10500
10800
35400
12600
11500
12000
11900
13900
12900
12800
12400
12600
17300
13400
23700
13400
17600
14200
14400
13800
15100
15200
14200
14900
14400
16700
14400
14100
61000
16000
18400
14800
14200
14200
202500
16200
15000
14700
15900
14700
14600
16300
14800
20900
16700
15800
15100
14800
16000
14000
54100
14100
13900
14100
150300
17000
15300
15000
14800
15000
18900
283700
17900
9600
9200
8800
9200
10500
10200
9600
10800
9400
9700
9100
9600
9400
11600
9600
9600
16500
11600
11500
11100
15700
11300
11500
12000
11400
11300
11900
54300
11300
25500
12400
11900
11800
12400
16500
12300
12400
12700
15400
11800
12500
11800
11700
12100
12600
13300
13500
13600
12800
12900
13700
13500
16400
13900
14000
64500
15600
14400
17300
14400
14600
82800
15600
14100
14400
15400
14400
18500
16100
14600
17000
16400
15200
16300
14300
16000
14000
60700
14300
14100
14600
236600
15500
14500
15100
14500
15100
18000
275700
12800
9900
9400
9200
9300
10600
9100
9100
9400
9200
11600
9600
9300
9800
10700
9400
9400
19700
11400
11100
10900
11100
11000
11000
11800
11500
11200
11900
10900
11300
24400
12100
11200
12000
12100
14000
61500
12100
12200
12900
12700
12900
12300
13200
12900
12900
12900
13500
12600
12800
14000
13100
13500
20300
14000
13800
60200
15300
14200
14200
16600
14300
174800
15500
14700
18500
17600
14600
14700
16000
14700
16700
16600
15700
17000
14600
14400
18300
54100
14300
14200
14200
150400
15900
14600
14800
19400
14800
18400
272000
13200
9700
9400
9100
9500
11300
9500
9500
9300
9500
18800
9800
26400
10000
12300
10200
10400
17300
12000
12000
11900
11800
13700
12100
16400
23500
12500
12400
12300
11900
27200
12800
12900
12300
17200
16900
58300
12900
12100
12700
12400
13600
12900
13300
12700
12800
12800
13400
13200
13900
12800
17100
12900
15200
14200
14200
14100
14800
13900
15400
13700
14300
14000
60100
19000
14400
15000
17600
85100
15300
14600
17000
16000
15000
18900
14600
14200
14700
54800
13900
13700
15500
258500
17200
14800
17000
14700
14700
15600
272700
13700
10000
9000
8900
9200
10600
9000
13100
9400
9100
9300
9300
8900
9400
10900
9500
9200
15300
11300
10900
10400
11200
11100
10600
11300
11400
11100
11300
10700
16100
24800
11800
11300
11200
11900
13400
55100
12200
11600
12200
12200
12800
11900
12800
12200
12400
16700
14700
12500
12300
13500
12900
12300
14300
13400
13600
13700
15000
13800
15600
16300
13800
17500
14200
14800
13800
15700
14200
135800
17900
16300
17900
15100
61900
65300
14700
19700
15400
15400
14500
165400
19300
15200
17500
16200
20500
15000
19800
14800
271700
13700
9300
11400
9200
10500
13900
10700
10300
9400
10400
9200
10400
10600
9500
13000
9300
10500
17500
10400
11800
11800
10600
12000
11700
17300
11000
11000
11400
10900
10900
25300
12900
11700
12700
15400
14700
57900
12100
11900
12000
12300
12900
16600
13000
14500
12800
12700
13300
12800
12400
12700
12800
14300
15000
13500
13700
13900
14600
15900
18600
13900
13900
13800
13800
14700
14100
15000
14200
14100
15500
15800
16900
13800
20200
59600
13500
14200
13800
13700
13600
83900
15000
13900
13700
20000
14100
14300
16600
13800
275600
13100
10800
9200
9300
8500
9200
23100
9200
8700
9200
37600
9300
9300
9600
9500
9400
10900
18000
11100
15000
11000
11700
10900
11300
11400
11700
15000
11500
11600
11500
27000
12900
11600
11200
11900
12700
12900
12100
12300
16400
12400
12400
12000
12600
12300
12600
15300
12700
12600
67200
13000
82800
13900
15000
17700
15200
14000
15100
13400
14400
14500
14700
13900
14200
17100
15100
14000
14600
19800
16800
15600
19100
15300
14600
14500
14400
13700
14000
13700
14000
13700
14000
18200
15000
63900
14600
14300
14400
14500
276900
17200
10100
6800
5300
18100
10500
5200
5200
5400
5700
20400
15700
6700
6400
5800
7100
5200
11400
6500
5800
5300
5500
5800
5500
9100
5700
5600
5300
5900
5700
5200
6100
6000
5600
5300
7600
6400
6100
6200
6300
6400
6200
6300
7900
6100
9800
7000
8200
6200
127600
6700
75300
7400
8200
7100
8100
7200
10800
7100
7300
7900
7000
7100
7100
8100
8200
7000
7100
7000
8500
9000
90100
31800
22100
13700
14000
13400
14500
13800
11300
4800
5000
5100
5000
48300
10200
34200
8000
7700
43000
3200
3700
5000
3200
9700
4300
2900
3400
3100
3400
13000
13100
5700
3300
3400
4300
3000
10200
5000
3900
3500
3800
4000
3500
3500
3800
3800
156500
4100
7300
3800
3800
3800
3900
3600
4600
3900
4300
33100
4700
4300
4300
4200
4300
4500
4500
4400
7400
4000
4400
4200
4200
4600
5800
4800
5200
4700
4700
7100
4900
5400
7300
6400
10300
19600
10500
9600
12000
9800
10700
9800
14700
9700
13400
8900
8900
16000
9500
10100
9500
9800
8800
9500
10000
59700
9600
9100
8800
8200
80000
5800
6100
8000
5900
16500
6700
4800
4800
5300
6200
18100
14300
7700
5700
5600
7000
5300
20000
11800
7000
7500
7800
7400
7800
7300
7300
7900
7900
7800
7200
7800
8200
8000
7700
7800
8800
8100
7800
7100
13100
8300
6900
9900
9100
7900
7900
14700
7800
8100
12900
7200
6900
12100
13200
14100
11100
5900
9700
7300
6200
6100
7400
6600
4300
5100
4300
4400
49900
4500
127800
5200
7600
4500
4600
4600
4400
4400
4600
4300
4300
4500
4500
7700
4700
28100
4700
4700
4800
4700
37300
2800
2900
3900
2800
7800
3500
5500
2800
2900
2800
11100
8900
4000
3100
2800
3700
3100
11200
4000
3400
3500
3600
3300
3500
3500
3900
6400
3500
3200
3400
3500
3500
3500
3600
3600
26200
12000
4000
3500
4100
3800
3800
4900
4100
4900
5000
4600
4600
3800
5000
4900
4800
5000
5600
6600
5300
7600
4800
4700
4500
4600
4600
4500
4400
5000
4500
4400
31900
4500
134100
5800
16900
5000
5800
5000
4900
4900
5000
10900
4600
5000
7200
5700
5900
4600
4500
4400
5100
4500
36900
3600
3400
3900
2700
7900
3600
5500
3000
2800
3300
11100
8500
3900
3000
2800
3700
2900
7900
4300
20800
3700
4500
7300
6300
3600
3200
3500
3800
3600
3300
4100
4100
3900
3600
4000
4400
4100
4000
4100
4500
5600
4300
8100
4400
6600
4300
3900
37400
5300
4300
3800
3600
5800
5100
4400
4300
4500
4600
7000
4500
4300
5100
4400
4300
4900
4500
4500
31400
4400
118500
9200
8200
30000
5600
4600
4600
4800
4700
5400
4500
4700
4600
8400
5200
4700
4400
4500
5700
4600
36700
4700
3000
2900
2700
2900
3100
3400
6400
2800
3000
3100
2900
8400
3000
2900
2800
2900
9900
3800
3300
4600
15500
4100
3800
4000
6900
3700
3700
3800
3600
4100
3400
3900
3700
3700
6100
4000
4500
7200
3700
3700
3900
3800
7400
4400
3700
16200
4300
4600
4100
5900
4200
43000
5200
11700
7600
4600
5500
4400
4100
4300
7400
4300
4200
4200
4300
4200
4300
4400
5300
4400
6000
27600
4500
7200
4700
4500
4500
5600
4700
5200
4400
4600
104000
4800
4700
4700
7800
5300
34600
2800
3000
3200
2900
2900
3600
3000
2600
3500
2900
2800
2600
3000
2600
2900
3100
8400
7000
3700
3600
3600
3400
3900
3800
3700
3400
3600
3300
3700
3500
3200
3400
3600
3200
3600
4900
3800
7100
4100
3700
3600
3800
3800
3700
4100
3900
4000
4000
4000
3800
3900
3800
37200
5300
7200
4400
4400
4700
4100
4100
4200
4300
4300
4200
4300
4200
4400
4200
4300
4900
7500
5900
27400
4600
4400
5000
4500
4600
7100
4700
5200
4500
7600
29500
4500
4600
5500
4600
5200
34900
2700
2900
2600
2800
2800
3700
2500
5500
3700
2900
2600
2700
2900
4000
3300
2800
3700
7400
3400
5300
3500
114000
4100
3700
3600
6200
3500
5500
3500
4900
3500
3600
3400
3400
4900
4300
7800
3500
6400
4000
6700
4400
6200
4600
5300
5500
10600
6300
4500
3800
4000
3900
5200
5300
4500
4400
4300
7300
4300
8100
4400
6800
6800
11100
4600
4300
4400
4500
4400
5700
4600
5900
28600
4500
4700
4600
7200
4600
5400
4600
4900
4400
4400
29700
4600
4600
4500
4500
5300
38100
4600
3000
2600
3000
2800
3600
2600
2800
3700
3000
2700
9200
3300
2700
3000
2800
24700
9300
3600
6400
3500
3500
3800
4000
3400
3200
5000
3600
3900
3400
3600
3500
3200
3500
3400
4100
3700
3700
3800
3900
3900
4300
4400
3500
3800
3900
3600
3800
4100
3800
3600
3900
4000
4700
4200
5200
4400
4100
7000
4300
4300
4300
4900
4300
4200
4100
4900
4500
4400
4200
37600
8600
88100
4400
4900
4700
4400
4600
5700
4700
5200
4600
4800
30900
5400
5400
5400
4600
6500
36000
3800
3600
2600
3700
2600
5400
2700
3700
4300
5700
2800
2900
2600
2800
2800
2700
3400
7500
4000
3400
3200
3400
3900
3700
3300
3500
3700
3400
9500
6800
3800
6200
3300
3600
3700
4400
5200
27700
3900
3500
7600
7300
5100
3900
3900
3900
3600
3800
4400
6900
3700
3800
4100
4900
4200
5600
5400
4200
4200
4200
4000
4100
4600
4200
29600
4600
4600
4600
4500
4200
88800
6000
6000
4600
4600
5500
7300
4500
4600
4600
4400
4500
4500
4500
4500
4400
4500
5500
4700
40600
5700
2600
2800
2900
2600
4000
3000
3000
3600
4800
5000
4900
4500
4500
5100
4100
6000
6600
3800
7500
3500
3600
7400
3800
3100
3300
3600
4200
3200
3500
3500
3200
3200
3400
3600
4100
3600
3700
3700
5000
4100
4300
4100
6300
3900
3800
3700
3800
4100
3800
3700
3700
4000
4700
4200
4900
4500
4200
4100
4100
6600
4600
4600
4400
4400
12200
5300
4700
4600
4400
34400
11400
6700
4300
7100
7500
4800
4400
4500
4700
4500
4500
4300
4400
4400
18400
4700
5200
4700
38500
10000
2700
3000
2500
2800
3100
3800
2900
3500
2700
2900
5600
2900
2800
2700
3000
3700
8600
3700
3600
3500
3600
3400
3200
3700
3600
3500
3200
3500
3400
3100
3400
3500
3400
3200
7800
3800
3700
3900
3800
3700
3900
4000
3800
3600
4300
3900
3900
4000
4300
4500
4300
3700
8100
4500
4300
4400
4400
4300
4300
4600
4300
4500
15500
4800
4300
4900
4600
4500
7600
4700
6200
4600
4600
4400
4500
4500
4400
4500
4600
4500
4500
4600
7200
5700
5100
5400
4500
4700
34700
4500
3400
4100
3800
4400
3400
3300
6700
3400
3600
3500
3300
3400
3100
5100
3200
3200
7600
4000
3900
4200
4300
4400
4100
3900
4100
5000
3400
3200
6200
3600
3300
3500
3600
3600
4500
3800
4700
4400
3900
4000
3700
8600
7200
4300
4600
3700
3700
3800
6900
4400
4300
3800
5000
4100
3900
4100
4100
4100
4000
4100
4200
4200
4100
6300
6900
5200
4400
4500
4800
4500
5600
4700
4400
4400
4500
4500
4500
4500
7200
4400
4400
4400
4400
5400
5000
5300
4500
6000
33800
4000
2500
6200
2900
3500
2800
15100
2700
3000
2600
2800
7500
2800
2900
4200
3200
2700
11900
3700
3500
3300
3400
3800
6700
3200
3400
3500
3500
3200
3400
3500
3600
3300
3500
3500
4500
3900
4200
4300
4200
4200
3900
6700
3800
3900
3800
3500
3500
3900
3700
3500
3900
3900
5000
6000
5700
4500
4200
4200
4200
7100
4400
4400
4200
4400
4300
4900
4400
4500
4800
4400
6000
16800
4500
7300
4600
4500
4500
4400
4600
4500
4600
4400
4400
5100
5300
5000
4400
4500
36400
3500
2500
3700
2700
3700
2600
2900
2700
2800
3000
2700
2800
2800
2600
3800
2900
2700
6900
6400
3600
3300
3400
3600
3900
3500
3300
3400
3500
3500
3200
3500
3400
3200
3400
3500
4300
3900
4300
6700
4200
4100
3600
4100
3800
3800
3800
3600
3800
13800
4000
3700
4000
3800
4800
4300
4200
4300
7000
4500
4200
4200
4200
4400
4800
4200
4200
4100
4700
4800
4900
4300
7800
5500
5400
5500
5400
5700
5400
5500
5500
5500
5500
6800
5400
7200
10500
8100
6200
11400
287600
6600
4900
6100
5800
5800
6500
4800
6800
4500
3900
4200
4400
9800
4500
6500
5900
4600
8900
5600
7000
5500
4600
4700
4900
5400
4200
3400
3200
3800
3400
3200
3500
3500
6200
3500
4500
3600
4200
4100
4000
4000
3800
4100
4000
3800
3500
3800
3700
3500
3700
3900
4000
3500
7700
4400
8600
4400
4300
4400
4300
4300
4100
5700
4900
4300
4200
4300
7500
4900
4900
4300
6100
4500
4500
4500
4600
4400
4500
4600
4400
5300
7900
4700
4400
5000
4500
4500
5100
4500
34400
4100
2500
3300
2800
3400
5400
2800
2600
2900
2900
2900
2900
2500
2800
3800
2900
2600
5500
3700
3400
3200
3400
3700
3700
3600
3300
3500
6100
3300
3400
3400
5100
3200
3400
3800
4300
3900
4200
4300
4100
4200
3900
4000
3600
3800
4000
6800
3700
3800
4100
3900
3700
3800
4700
4400
4200
4200
5000
4400
4200
4200
4100
4300
7500
4600
4300
4400
5100
5000
4800
4300
5700
4500
4400
4500
4500
4400
7200
4500
4400
4800
4400
4500
4500
5100
4600
4600
5200
4500
34800
5800
2700
3000
2700
4400
4400
4000
4000
4600
4000
4100
4800
5900
5500
6300
5100
4900
