1257300
55100
88700
10300
24600
8400
8600
9400
9000
9500
10100
11000
10600
10400
10300
46200
10900
11400
128800
182000
78800
21100
18400
81500
83500
14800
16000
15300
47000
15900
16100
15700
16800
16100
69100
17900
166000
101500
19300
20600
19200
19500
19800
20700
20900
97900
21900
21100
342900
21800
21300
22500
22100
22000
28000
237200
27100
197000
26600
24800
25000
27200
26800
27000
28300
26000
322500
28000
27300
29500
27400
27200
233100
159100
130700
32600
182200
161700
32400
129100
161700
96000
34000
102700
32700
32300
36900
35700
114500
33400
24600
24800
7900
7900
8400
22800
8800
16200
8400
9100
10100
32100
9500
9700
10800
10600
10900
12700
63300
74700
39200
15100
14600
42700
38600
14000
18500
15100
27200
15400
15200
17200
16000
15900
33200
17800
88400
60100
19000
20200
19000
21900
19700
20300
20600
53600
21300
20400
162000
21000
24700
21600
22200
21600
60800
178000
41100
108700
40600
35600
41400
36400
38100
37700
36900
36100
174500
38000
38200
36400
41800
37700
140300
84200
56200
26000
90500
80000
20000
67800
99000
60000
22200
59600
18400
18800
20600
20800
74900
18800
38700
10800
7000
6000
6400
10500
6500
16200
4900
6200
6100
15200
9900
5300
6200
6200
5800
6000
29200
20400
28300
13200
30000
8800
14100
8700
8500
22800
9100
8600
9000
13000
9200
43900
20300
9800
55700
34400
11300
12400
11800
11100
11700
13300
12500
41300
12500
12100
166300
12400
12700
12000
12400
12000
26600
70800
18000
62100
17000
14500
14200
14700
16200
16600
18700
17200
108300
15500
15200
14200
152600
19100
78600
44800
30500
18700
49100
39000
14400
28000
50500
28300
14300
29800
11500
12200
13200
13400
39700
12200
9400
3100
3600
3600
4200
11700
3600
5800
3100
3800
3600
15600
3700
3400
3800
4200
3800
3900
20600
9400
14000
13300
13400
5500
13500
5800
5300
15300
5800
5700
5400
5900
5800
10400
22700
6000
23300
36200
17700
10500
9900
17800
20400
8200
8900
10100
11600
8700
7500
7800
8700
7500
15300
8500
13100
41100
10800
36700
10400
9300
9800
9800
10200
13000
9800
9500
66800
9800
10000
9600
9800
9800
60000
35600
28100
13200
41400
39200
12800
26500
45200
55200
16300
30300
11700
11800
13600
13000
35300
12100
11300
11800
4600
3600
4300
6700
4400
12200
3400
3600
3600
7300
3400
3300
3900
4100
3500
3800
14900
18300
13300
7900
15100
6100
7900
5800
5300
16000
5900
5400
5500
5700
6100
10300
11000
5700
23900
28900
15900
10500
8700
16000
16800
7700
8500
8600
14300
8600
7600
7700
8700
7500
14700
8500
32800
27200
9400
13400
9500
9200
9800
10600
10300
34200
10400
9700
68500
11200
9900
9500
9900
9700
52000
38200
32000
12900
39900
38700
15400
24700
41800
26900
13300
31800
12700
11900
13000
14300
35700
12000
4200
6100
3800
3400
4600
5600
3800
16800
3500
3700
3700
7100
3400
3400
3900
4000
3500
3900
13200
14300
13300
7500
12700
5300
10400
5600
5500
34100
5400
5700
5600
9700
6100
14500
10200
5900
45900
29800
17500
9200
8700
19900
47400
7600
8700
8300
19300
8600
7600
7500
8800
7800
23700
8400
31100
25000
9500
10400
9700
9400
9600
14200
10400
85400
10600
9800
93600
9900
9700
10000
10000
10400
18800
60200
13500
66000
13000
20800
16900
11600
12500
12600
11700
11800
110800
12100
31600
12600
12800
14700
13100
9200
135700
24100
21400
19600
18100
143600
18000
20700
18000
18100
17600
17600
18000
17700
19400
18700
23300
16100
15800
11700
13000
10900
11500
11700
11000
11200
11100
15400
82800
11400
11700
12000
81400
11800
17300
13800
40900
16500
34000
14000
13700
13400
13300
16300
13500
13200
70400
13800
15400
13800
85100
13600
102100
15700
15700
65500
16100
18100
43400
14700
78000
14900
15900
14800
14600
105300
16300
16000
67000
64900
216800
18200
12100
12500
19600
11200
19700
19700
11400
14600
13600
14200
40200
13500
25900
11800
27900
14600
14100
9400
9200
8900
9000
9300
36400
9100
9300
9400
9900
52600
9400
9000
9100
11700
9100
9500
12300
13500
11600
11500
11000
10800
10900
11800
11400
11000
11100
12000
74100
13700
11700
11800
76700
11900
16200
14600
40900
12900
34500
17400
13200
13400
13200
13400
13200
13300
70800
13500
14100
13500
86800
13600
92400
14600
36500
65200
18900
16800
39500
14400
77700
14900
15700
14800
14600
107800
15200
15200
64900
63300
217800
17100
11300
11200
17800
11500
18600
19400
11500
13200
13100
11800
38400
13500
28300
12700
27600
11800
14300
9500
9700
10800
9100
9000
8700
8900
9000
8900
10400
9100
77000
9600
9100
71400
9200
9500
11700
10800
39900
12800
11200
13000
11100
58000
11100
13200
11900
11900
11200
11100
11800
11200
12100
13100
16100
13200
43300
13100
33800
14600
13400
13500
13200
13400
13400
13400
69300
16100
14100
14800
83500
13500
90900
14500
15300
68100
16300
16200
41500
16300
80600
17700
17500
14800
14600
104500
14700
16000
70600
64900
211000
17400
11400
11100
16400
13200
18700
19200
11500
13400
13700
15400
41700
13000
26900
13600
27600
11900
17100
28100
9400
11600
8900
12000
8700
9100
8800
8800
9800
8900
9200
9100
79100
8900
9400
10000
11600
10900
40300
10700
11000
11700
36700
54500
10900
11900
11900
66200
11200
11100
14400
11400
13900
11400
13800
13400
14100
13600
13000
13200
13600
15500
13000
13600
15700
14100
77000
13700
13400
14500
82300
14600
93500
14800
18000
65100
16200
16300
38900
17400
76800
14700
16000
14700
14700
106300
25200
18400
87300
88300
262900
22400
15100
13400
22500
19900
19300
19100
13400
18700
17000
13100
39100
13100
26300
12600
27700
11700
19500
9400
9500
39700
56400
10200
9200
8900
8700
9400
9700
9000
9500
11400
9100
51400
9600
10800
11800
107300
37100
10700
10900
12200
13500
56300
10900
11500
11900
10900
11000
11300
11700
12000
14200
13500
14200
13500
17300
14000
13100
13100
13200
14200
13400
13900
13400
14100
111600
16200
13600
14400
80100
15100
17600
71700
167000
26700
46300
22700
17100
112400
16900
16500
22400
14900
74800
15000
14900
14900
87200
15000
213300
16900
11400
11500
16600
11500
19000
19600
11800
13400
14900
12200
40000
13400
29300
11700
28000
11900
16500
9300
9200
8800
8500
29500
8800
8800
10400
8900
17200
9100
25100
10000
9600
10900
10600
10700
12000
9600
55400
33100
9100
14900
8400
56200
11100
9200
9000
8700
73300
10100
9300
8700
9500
8700
10300
9500
9900
20600
9400
18400
10000
10600
51900
10100
10200
12900
74300
10100
160000
16900
102200
14600
13300
10300
42800
10200
31700
10800
10200
10000
10100
52700
43000
12900
70800
10200
10500
10100
87900
10300
264100
5700
6700
16000
13100
10600
13300
5500
18700
6000
6800
5600
5500
28500
5800
20400
16200
15400
57800
7100
7000
7000
9700
6900
7300
7000
6900
7100
6800
7400
7100
7200
7400
6900
8000
7300
10000
7700
8500
7600
7700
7400
10700
8000
8200
7900
7600
8000
7900
7900
7800
11400
8300
8100
9500
8700
9700
30800
36600
8700
9000
8900
31800
8800
8700
9000
8800
49600
45700
9200
10400
9200
48200
11700
10400
8900
8700
41100
10500
9000
53300
9900
9000
9100
9400
12300
9200
10000
11800
9200
111200
8000
33100
17600
6400
6000
5400
17600
6800
5700
6400
5500
8700
17100
6000
21100
5900
14800
11200
7400
6800
6800
7800
6900
7700
6700
6800
7200
10200
6800
6900
7400
7200
7000
6900
37000
8700
7600
8000
7900
7700
8200
7500
7700
8200
11000
7900
7600
7700
7900
7900
7700
8400
8100
9500
8400
9200
29000
31000
11600
8400
8600
31100
8600
8600
8600
9900
46100
40800
11500
9700
8900
43000
8800
9400
8600
8700
36400
12800
8900
49000
9500
9300
9100
8900
9900
10500
9100
9000
11900
116500
5800
13800
12300
6300
7800
5700
17600
6700
5600
5700
8300
6000
19900
9600
19500
5300
13300
11100
6800
6200
6300
6500
6300
6400
6300
6300
6500
6600
6300
11100
6900
6500
6600
8100
6800
39000
7500
17100
7800
7400
7700
8100
8400
7800
7700
7600
11000
8000
8000
8600
8000
7800
9500
10400
8500
9300
36600
34500
11100
10700
8100
28100
8100
8100
8300
8100
43200
39600
8400
11800
8500
38900
8200
8500
8500
8000
32600
9400
10900
45500
9000
8300
8300
8300
9000
8400
8600
8500
8300
100400
7500
12800
13100
6600
5300
6000
17800
8800
7800
5300
7500
7500
18200
5500
22100
5500
13400
11000
6700
6200
6400
6400
7600
6700
6500
6300
8200
6800
6600
6300
6700
6600
9200
7600
6700
34700
7500
7400
7000
7100
26500
7500
8700
7200
7400
7200
10000
7300
7500
7900
7400
7600
7300
8700
27600
8800
8000
37300
30000
8600
8000
8900
8400
43600
9100
8400
8300
10100
8500
8300
8300
43900
8300
10200
8300
8000
31900
9400
8200
48100
8900
8300
8400
8400
9100
9000
8500
8700
8600
98300
5300
14700
11200
5600
5300
5200
17100
6300
5200
5400
7000
5200
15900
5500
19000
8000
13000
9300
6500
6200
6300
6600
6400
7200
6300
6800
6800
6800
6500
6400
6600
6600
6600
6300
39400
36300
7700
7400
7100
7100
7100
7600
7300
7100
7200
7200
7500
7300
10100
7800
7400
8000
7500
8600
9300
8500
7800
8000
8000
8000
8000
8900
8200
10600
8200
8100
9500
8700
8700
8100
8200
9200
7900
8800
27700
31300
8300
8100
32800
28400
8100
8100
8100
8300
43000
42100
8600
9800
45800
98200
5400
11300
14300
5700
5200
5100
15700
6000
5300
5300
5200
5700
14300
5600
18700
5500
12700
9700
10600
6400
6200
6300
7000
6600
7500
6300
6700
6700
6500
7600
8400
6800
45400
6600
6600
36200
7500
7600
7300
44700
7400
8100
8300
8200
7900
7600
8300
7800
39200
8200
8100
8300
7900
9300
43600
8500
10000
8300
32500
10800
8100
9100
8000
8100
8100
8200
8200
8700
8200
8200
8100
9100
8100
11500
49900
28900
7900
8000
8200
65100
10700
8200
8200
8000
44300
37200
8300
9700
9400
131400
5100
5900
5000
5200
10200
6700
5300
12900
6100
5300
5500
11900
6800
9400
6500
5600
5600
11100
6500
6400
6300
6000
6700
6400
6300
6500
6400
6300
6700
6200
6500
9200
6700
6600
7800
8000
7500
6800
7500
7000
7000
7500
7400
7100
7200
7700
7300
7200
7200
7500
11500
7300
7300
8900
8000
28600
7900
8100
34800
8600
8600
8100
11200
8800
8300
8700
31800
8300
8400
8500
8300
9700
8300
8200
11800
8100
8800
8900
9000
8500
9300
8300
9200
8600
9000
8500
13000
8600
38900
98900
9600
5400
11500
5300
5400
5400
5300
6200
8200
6100
5400
5400
5800
5800
6600
5500
5700
10500
6600
6400
6200
6400
6300
6400
6800
6600
6500
6600
9300
11500
6600
19100
7400
6900
7200
8300
8000
7600
8100
7700
7800
8200
8000
7700
10100
7600
7300
7300
10200
7400
7500
7800
7400
9900
7900
27900
8100
8100
153900
9000
9700
10300
9500
9300
9400
9800
34500
9100
9300
9000
9100
11300
10800
8000
9200
8000
8400
8500
8700
8400
9200
8300
10400
8500
12900
8500
8800
8500
38700
103400
9300
5300
13300
5100
5200
5200
4900
8700
5800
6300
5300
5200
6100
5400
6500
5300
5800
10000
6600
6400
6300
6500
6400
6500
6200
7100
9100
6600
6800
6300
6500
6700
6700
6400
6500
7400
7100
7200
6800
7200
8000
7100
7500
7600
7300
7100
10300
7200
7300
7500
7200
8800
7800
8800
7900
27100
7800
7900
64200
11400
8000
8000
8500
9000
8000
8700
31600
8600
8200
11400
8400
9700
8100
8000
8400
8100
8100
8800
8500
8200
9100
10700
8900
8700
10300
8500
8800
8300
38000
102400
12000
5100
11300
5100
5400
5200
5000
6200
5500
6100
5500
5200
5400
5500
6600
5300
5700
35300
6500
6400
6400
6300
6300
6500
6500
6800
6300
6400
8100
6500
6200
6800
6600
7100
8600
7700
7100
7000
9600
7100
7700
26100
7200
7600
6900
112200
7900
7200
7100
7500
7300
7600
7900
11000
8700
7900
8600
8100
8400
12800
8700
8800
20100
9200
9200
8800
8900
11900
8900
9000
8800
10800
11100
8000
9700
8100
8000
8900
8600
8300
14000
8400
9000
8900
9300
9200
8800
8400
38200
175700
9600
4900
11200
5300
5700
5100
5500
6300
5200
6100
5200
5500
5400
5400
6500
5200
5600
12200
6700
6400
6700
6500
6500
6500
6600
6700
6700
6600
7100
6400
7100
7200
6700
6600
6800
7600
7700
9800
7200
7100
7700
7100
7000
7700
7200
7600
9000
7200
7300
7600
7600
7500
7900
8600
11400
8000
8600
8600
8000
8900
8600
8200
8200
8900
8700
8300
8300
8300
10800
8600
8300
40100
170400
51900
9200
9000
107300
14700
8400
8100
9300
10600
8300
10200
32400
8300
8400
8700
8400
172200
9800
5300
13000
5300
5500
5000
5000
6500
5700
6100
5400
5000
5400
5700
6700
8200
5600
9400
6500
6300
6200
6100
6300
6300
6200
6400
6300
6200
6600
6300
6700
6600
6500
6500
6600
7300
9700
7000
6800
7000
7700
7200
8500
7700
7000
7400
7500
7200
7000
36300
7200
7400
7600
11100
8800
20800
8400
8500
7900
8600
8300
8000
8100
8400
8000
8000
11200
8200
8200
8100
8500
9400
8400
27800
7900
8100
85600
11300
8000
7900
8900
8700
8000
8600
32700
8200
8300
8400
8300
166300
5400
4900
6100
5100
5100
6000
5900
5500
6600
5300
8200
5900
6100
5400
8800
5400
12700
16600
9700
6300
6100
6500
6200
6300
6100
6100
6800
6500
6300
6400
53600
6600
6200
106100
6700
7700
7000
6900
6900
6900
6900
7100
6700
7800
7600
10800
7200
7100
7000
7800
7300
7000
7100
9000
7800
7600
7700
8300
7800
7700
7800
8400
11700
9500
9400
9100
8900
10800
9500
9100
8800
10800
9000
8700
9500
12200
8300
7900
8600
40900
8100
7900
7800
8500
8200
43200
8300
11400
8200
166700
5300
5900
4800
5000
9700
10700
5600
5100
4900
5300
5200
34800
18900
12600
5800
14100
6400
10700
6600
6800
6900
6800
6600
9900
6300
116800
6100
6300
6800
10800
6800
6600
6400
6300
47400
7300
6900
6700
6900
6800
6700
7000
6900
7000
7300
7700
7000
10000
7200
7400
7000
7000
7200
8900
7500
7400
7700
8000
7700
9200
7700
8500
7900
10800
8400
8100
7900
8000
8700
8100
7900
9300
9300
7800
7800
8700
8000
10500
9200
40300
8100
7800
7900
8600
8100
115500
8300
8600
10800
162800
5400
5900
5100
4800
9500
10600
5500
5000
5100
5300
5000
13300
5000
14300
5100
13200
5300
9900
6300
6100
6300
6300
6300
6200
6100
6300
6200
6100
6700
6300
6900
6400
6400
6500
6300
9800
6700
7100
7000
7400
6900
7000
7000
7000
6900
7600
7000
6900
48800
7100
7500
44200
7100
8700
7700
8100
7700
8000
7900
7800
7700
8200
7900
8700
10800
8100
8100
8200
8400
8000
8300
9200
7900
7700
7800
8600
8100
7800
11200
41700
8100
7900
7900
8700
8300
42800
8300
8900
8200
164200
5300
5800
4900
5000
9300
10300
5400
5000
5000
5100
5300
12700
5300
11500
6500
15300
5200
9700
6100
6100
6400
6300
6100
6200
6300
6300
6100
6400
7200
6200
6600
6500
6400
6200
6400
7200
9800
6900
6600
7500
8200
7200
7000
7100
6900
7400
7100
7100
131300
7100
11500
53600
7700
8700
8000
8100
8600
8800
8300
8500
8200
8400
9200
9600
8500
8500
11300
9500
8700
8500
8600
10000
8400
8200
8500
9200
8600
8400
9500
47600
8700
8500
8500
9200
9200
128700
8800
20300
8800
176000
5300
6200
5300
5300
10400
10800
5900
5000
5400
5600
5300
14000
5500
13600
5400
13600
5400
12700
6900
9200
6800
6600
6700
6600
6700
6600
42800
6800
7000
6800
9400
6800
6500
7000
6500
10000
6800
7000
7000
7300
7100
7500
6800
7200
6900
7400
7200
6900
48600
7100
7200
115000
7200
8300
7600
7600
8200
8200
7700
7800
7600
7900
10100
9400
8600
10500
8100
8500
8000
7900
8000
9200
7800
7900
7700
7700
7900
8100
7900
8500
10900
8900
8500
41800
8000
8100
8600
8200
8000
162900
8000
5900
5000
4700
10000
11600
5500
4700
5100
5100
5200
12300
5000
11200
5300
12400
5400
9500
8800
22500
6500
6000
7900
28900
7100
6100
6200
6100
6600
6400
6800
6300
6400
6500
6200
72900
6900
6900
7300
7300
7100
7300
7000
6900
7000
7600
40500
7000
50200
7100
7200
114700
7200
8300
7700
7700
7600
8200
8200
8000
7700
7900
11200
8900
8100
7900
8000
8500
8100
8000
8200
9300
7700
7800
7900
7900
8300
43900
7800
8700
8100
8500
10100
8200
8300
8000
8600
8000
8000
164500
6000
4800
5800
6600
6200
5500
6400
12800
5900
4900
6000
6000
5300
14900
5400
9600
5200
11500
6100
6100
6100
5800
6200
6100
6000
7600
6300
6100
6200
6400
7700
6500
6600
9800
6800
7900
7200
7000
6900
7000
6800
6900
6700
8400
7000
7100
6900
7000
7600
7100
6900
7700
7300
11200
7800
7600
8000
8300
7700
7800
7800
8300
8700
7900
8400
7900
9400
11100
8600
7900
8400
9600
8600
8100
8000
8000
8000
7900
8800
8700
10600
8000
8900
8500
8100
8100
8200
10000
8200
163900
5100
5100
5100
5000
6300
6800
6200
6800
7100
7700
6800
6900
6100
14200
6700
6700
6000
13200
6800
6700
6500
6700
6400
6500
6600
6500
6700
6500
10500
6400
18000
9000
6900
6900
6800
8000
7400
7200
8100
7400
7300
9600
7000
7000
6700
7000
7100
7000
8000
6900
7300
7500
7200
8200
7600
7600
10900
8400
7700
7800
7600
8100
8300
7900
8400
8100
8000
8400
8500
8000
11200
9200
7900
9100
7900
7800
7800
7700
8800
8700
7900
7800
8600
10800
8100
7900
7900
8100
8100
179600
5200
4900
4800
5200
5200
5800
5000
6100
8900
5900
5800
6000
5100
5400
5400
5300
5500
9600
6100
7000
6200
5900
6100
6100
6100
6200
6300
6200
6000
8900
7200
6500
6100
6600
6400
7300
6800
6700
6800
6800
6700
6900
7000
7000
6900
8300
7100
6900
7600
7500
10400
7500
7600
8800
7600
7700
8100
8300
7700
7900
7800
8800
8300
9300
11200
8100
9600
8700
8500
8100
8400
9300
8100
8300
7800
7700
7900
10200
8500
8700
8500
7700
8500
13300
8000
19900
8600
8800
8700
174800
5100
4700
4800
4900
5000
5600
5000
5800
6000
5700
5600
5900
5200
5100
5000
5400
5200
10200
9200
6800
6400
6100
6100
6200
6200
6300
6300
6300
6300
6300
15600
6500
6400
6300
6500
7200
7000
6800
6800
9500
7500
7000
6900
7100
7000
7000
7100
7300
7600
7800
7700
7600
7700
8500
7700
7700
10500
8800
7800
7800
7900
7700
7700
7800
7900
7900
8600
8000
8000
8600
8100
11500
8000
7900
7800
7800
7800
7700
8600
8500
8000
7800
8700
8300
10500
8100
8200
8000
7900
164100
12700
5400
4800
4900
5200
5900
5300
5800
5700
8700
6300
5800
5100
5100
5400
5400
5400
9400
6200
6400
6300
6400
5800
6100
6300
6100
6000
6200
6400
6100
17800
7000
6400
6100
6500
7000
8400
7000
6600
6900
7000
6800
6900
7100
7200
6700
6900
7200
7500
7500
10600
7500
7600
8300
9200
7800
7800
8200
7700
7700
8100
7800
7700
7800
8000
8000
11000
8000
7900
8700
8000
9100
7700
7900
8300
7900
7800
7800
7800
11000
8700
9100
8900
8700
8200
8500
8900
8700
8600
167700
17100
4800
4800
5100
4800
5800
5000
5700
5700
5600
5600
5700
5400
5200
5000
5200
5300
8500
6100
9300
6300
7700
5900
6300
6000
5900
6200
6200
6300
5900
14500
6500
6300
6300
8100
7100
6600
6800
6900
6500
9400
6900
7000
6700
7000
7000
6700
8200
7600
7400
7300
7300
7500
8500
7800
7700
7700
9300
8700
8600
8500
8700
8500
8600
8800
8700
9800
7800
10100
9300
8900
12100
7800
7500
8100
7700
7600
8100
7600
8300
8500
7700
8300
7900
8200
11000
8400
7800
8600
163200
5600
4800
5000
5100
4900
4800
5700
7200
5100
7700
5800
5000
5200
4900
5300
5200
4900
9600
6400
6100
6100
6000
6200
13500
9200
10300
11400
6600
11800
6800
30200
9200
7000
11200
6900
8500
7100
7300
7600
7600
6700
19400
7300
7000
7400
7600
7900
7300
7000
10300
7200
76600
7400
9100
7900
7600
7500
8900
7800
9300
7800
8400
8000
10800
7900
8500
7900
7800
8000
119000
14400
10100
8000
8000
7700
8000
10800
35100
7700
7800
8000
8000
7800
8500
7700
7800
8000
9000
7900
194900
5800
4700
5500
4800
10400
5000
5300
4800
5100
6100
11400
5000
5200
5000
5100
5100
5000
12900
6300
6000
6000
5900
6000
5900
6000
6200
6000
6200
6100
6000
14300
6400
6000
6300
7800
7400
6800
6400
6800
9800
6900
6600
6700
6700
6700
6900
7200
7000
6900
6900
7200
71900
7000
8800
7500
7400
10100
8800
7700
7400
7600
8300
9700
7800
7700
8200
8000
7900
7800
41300
7800
9200
7500
7700
8000
7600
7600
33600
7800
10100
8000
7700
7600
11400
7900
7800
7900
8700
8000
186000
5600
6100
5400
4500
10200
4600
20200
12200
8500
5200
11100
5100
4800
5100
4800
5100
5100
12300
6100
7900
6100
5800
5900
6200
5900
6000
6200
6200
5900
121500
13800
6400
5900
7800
6400
7100
6700
6600
6900
7000
6700
6900
7000
7100
6800
7000
7100
6800
9900
7300
7100
7400
7100
8900
7600
7600
7400
8400
7700
7400
7500
8100
7700
7700
10300
8100
8400
7900
7700
37300
7900
9200
7900
7800
7600
9100
7800
36300
7900
7700
7800
7600
7800
8500
7800
7800
7700
8700
8000
204000
6200
4900
5700
5200
10700
5600
5800
5200
5500
10300
23700
5200
5500
5500
5400
5700
5400
10700
9600
133500
6500
6400
7600
6700
6400
7000
6600
6500
6300
6600
15900
6700
6900
6900
6600
7600
7100
13000
6800
6800
6800
6800
8300
6800
6800
6800
6800
6800
7000
7100
6900
7000
7200
8100
7600
7500
7700
11400
7600
7500
7400
7500
7600
7800
8500
8100
8100
8700
8000
59400
10800
9200
7600
7600
7500
7500
7600
40400
7800
7800
7700
7700
10100
8800
13100
8000
8000
9000
7900
206900
6600
5000
5400
5200
10600
5000
5200
8900
5300
4900
10900
7100
5000
5100
5000
4700
5200
11300
5900
6100
6100
5900
6000
6200
6400
6300
6200
6500
5800
6200
23100
16600
6800
6800
6800
7600
7000
7300
7100
7000
7300
9600
7200
7300
35300
6900
7200
7000
6700
7200
10200
7000
6800
8200
9200
7300
7500
9200
7600
7500
8000
7700
7400
7400
8600
7900
10900
7900
8100
46500
7900
9700
7800
7700
7800
8100
7700
9200
7900
11800
8100
7900
7800
8700
8200
8000
7900
37500
7800
207600
8300
6900
7900
6800
13200
8300
7000
7700
7500
8300
16400
8700
5200
5100
4800
5100
8200
15400
6400
12000
6100
9900
7100
7500
7000
11000
11400
6100
7400
8400
18900
10100
7400
7900
6000
8000
7800
8800
11500
8300
9100
13000
6700
8300
7100
6900
6600
7000
36200
9400
7400
7100
6900
8400
7800
7300
7400
9300
11800
28800
7600
7600
7600
7700
8500
10200
8200
7700
7700
78700
11000
9500
30700
7700
7700
8200
7700
7600
7800
9800
8000
7700
12700
8300
8400
7800
7700
37000
9400
187300
5000
4900
4600
4900
4900
9900
4700
7500
5100
4800
5000
12300
5100
4800
5200
6000
5100
11700
6300
5700
6200
6100
5900
6200
9300
6100
6000
5900
6400
6400
15800
6800
6400
6300
6200
7700
7600
6600
7200
6800
6800
9100
7200
6800
9700
7100
7200
7400
6900
7000
10100
7600
7100
8600
7800
8300
7900
10200
7700
8200
10500
8000
8200
7800
8300
8100
7800
8300
8500
8100
8100
12200
8700
10700
8600
7900
43800
7900
8000
9900
8500
8100
7800
8800
8000
11500
7800
8800
8300
165000
6300
4900
5300
5500
6000
5300
5800
8900
5100
5200
5300
5200
5500
5100
5300
6200
5400
10200
8000
5900
5700
6100
6000
5700
6000
6000
6100
6000
8900
6600
14200
6100
6200
6400
6300
7200
7000
6700
6900
6500
6700
6900
7000
7600
6500
6800
7100
10100
7100
6900
7000
7100
7200
8200
7500
8300
7600
8200
7600
8000
7800
7800
10800
7500
9600
8200
7900
7900
7900
8000
8100
10500
8300
9100
8400
10500
116900
7900
7900
8600
8400
7900
7800
8500
7800
9000
8000
11200
8200
162700
5800
4900
5100
5600
6000
4900
6000
5900
5100
4900
8200
5300
5100
5700
5400
5900
5100
9600
6100
6100
5800
6000
6100
5900
5800
6000
6100
6200
5900
6300
14000
9000
6200
6400
6400
7200
8400
6800
7100
6600
6900
7500
7200
6800
6600
6800
7200
7200
7100
7000
6900
9600
7300
8800
7600
7900
7700
8100
7700
8100
7700
7900
8300
9400
8200
11200
7900
8000
7600
8100
7800
9800
8900
8000
8800
7900
44700
7700
7900
8200
8500
7900
7900
8400
7900
8500
7900
8900
8200
166800
5700
5200
4700
5700
6100
5100
5600
5700
5200
5300
4900
5400
5000
5000
8300
6000
5500
10100
5900
6100
6200
6100
6100
6300
6300
6000
6100
6400
6300
6500
13800
6400
6200
6200
6400
10000
6900
6800
7300
6800
6500
7400
7200
6800
6800
6800
7300
7200
6900
7100
7100
6800
7100
11500
8100
7600
7900
8100
7600
8300
9500
7900
7600
7800
13900
8700
8800
10400
7900
7800
8100
10000
8200
7700
8200
7700
39800
7700
10500
8300
8400
7800
7800
8800
8100
8400
7900
8500
8200
169500
5700
5000
5200
5500
5700
5200
5600
5700
5100
5300
4900
5200
5200
5000
5500
6100
5400
13100
6300
5900
6200
8000
6000
5900
6200
6600
5900
6500
6200
6600
14500
6200
6400
6300
6200
8000
6500
6600
10000
6800
8100
7500
7400
6900
6500
7000
7300
7300
7100
8100
6900
7900
8000
8900
9700
8500
8900
9100
8500
8900
7700
8800
8600
8400
10900
8400
7900
7800
7900
7700
8100
8900
7800
8300
7800
7900
7600
11200
8000
7900
8400
7800
8600
10400
8400
8100
81500
8300
8100
165600
5700
5000
5200
5500
5600
5200
5700
5900
5000
7100
5200
5100
5200
8100
5300
7400
5300
9000
6200
6100
5900
6900
6000
5900
6000
6600
6000
6300
6100
6800
14200
6100
6100
6300
9100
7400
6900
6600
7200
6600
6600
7300
7200
6800
6700
6900
7200
7200
7000
7100
7100
8100
7700
10900
7900
7500
7900
8200
7500
8200
9900
7800
8200
7700
8000
8400
10500
7900
7800
7800
7900
8900
7600
8000
7500
7800
7600
8100
7800
7700
11200
7900
8500
8100
8400
7900
7900
8000
8000
187100
5800
7900
6000
5200
11900
4800
5200
6000
5900
5000
5000
5000
5100
6000
5100
5700
5200
10700
6700
6300
6400
6200
6200
6200
5900
6700
6400
6100
6700
6300
15800
6400
6400
6600
6700
11200
7600
7200
7200
7000
7100
7000
7000
7200
7500
7300
7100
7000
9100
7300
7400
7600
7100
11700
7800
32000
7700
8300
7700
8100
8000
8100
8200
8200
8100
8000
49800
8700
8300
8000
8300
9500
8000
7800
7700
8800
7800
9700
11600
8000
7900
8300
8300
8500
8200
128300
8100
52000
11400
162600
4900
6400
5000
5300
5200
5100
5000
5000
5300
5800
5300
5200
5300
5800
5400
9600
6400
9700
6100
6000
6300
6100
6000
6100
6200
6100
6300
6100
6300
6000
14400
6600
6300
6600
6200
10800
7200
7100
7200
6900
6700
6900
7100
7200
7400
6900
6900
7200
8600
7000
19700
16400
8900
16200
8000
34200
7700
10700
7600
7900
7900
10100
8200
8400
8000
8000
140500
9100
8400
8200
8300
10500
8100
8000
7700
8800
7800
8600
11500
8100
7900
8200
8000
8500
8100
50200
8200
68800
11700
169200
5200
5000
4600
4700
5200
4600
5100
5000
5000
6300
4800
5100
5400
5700
5100
5100
9000
10400
6300
6300
6200
6000
6300
6200
6100
6000
6600
6300
6400
6100
15100
6400
6500
6800
6400
11900
7500
6700
6900
6900
6900
6800
6900
7400
7200
7200
8200
7300
7100
7200
7300
7200
7600
11800
8000
31400
7500
8100
7600
7900
7700
7700
7800
8000
7800
7900
48700
8700
8300
8100
8100
10600
7800
7600
7700
8500
7900
8600
11300
8000
10200
8000
8000
8500
8200
102000
8100
50300
11800
164500
5200
4600
4900
4800
4900
4900
4800
4700
5000
5800
5100
5600
5200
5700
5200
5200
8800
10300
6400
5900
6200
6100
6000
6100
6200
6000
6400
6200
6300
28100
14800
6600
6200
6600
6800
11900
7400
6800
6700
6900
6800
6900
6700
7200
7000
6900
7500
6800
6800
7100
7300
7000
7400
9600
10900
8400
8100
8200
7800
7500
7800
8000
8200
8000
7800
8000
8000
48700
10500
9600
9000
11300
12700
10900
10200
11500
10300
10800
13200
8100
7900
8000
8000
8400
8000
48700
8100
91800
8800
167500
5000
4900
4800
4700
5200
4900
4900
5000
5000
5700
5700
4900
5500
5500
5200
4900
8900
9700
6000
6100
6200
6200
5900
6200
6200
5800
6400
6200
6400
6100
14300
6500
46800
6800
9300
7300
7500
7000
6700
6900
6800
7000
6900
7200
7000
6900
7500
7100
6800
7200
45900
10000
7500
9200
8100
8400
10900
8900
7800
7800
8000
8000
8600
8000
10400
8100
8100
7900
8600
8700
8100
9300
7700
109100
7800
7800
7600
10500
8500
8000
7900
8000
8000
8400
45600
8800
8200
8100
8100
167000
5200
4900
4600
4800
5200
4800
5000
4900
4800
6000
4800
5200
5300
5700
5000
5100
6200
11800
6300
6100
5800
6100
6100
6100
5900
6100
6500
6100
6600
6300
14300
6400
6200
6600
6500
7200
7400
9600
6700
6700
7000
6800
8200
7300
7000
7100
7600
6900
6900
7100
7400
7100
8000
9000
8000
10700
8600
8600
7900
8000
7900
8000
8300
8000
7900
8600
8000
8200
8700
11200
8300
9300
7800
31000
7800
7700
7700
8000
8000
7900
7900
8200
10600
7900
122100
8800
8700
8100
8300
186100
5500
5000
4600
8800
4800
7200
5900
5200
4900
5200
5200
5100
5200
13800
5200
13000
6100
14800
6500
6400
6100
5900
6400
6100
6200
5900
6200
6200
6000
6200
16900
6300
6400
6400
6300
7600
6800
6400
9500
6900
6800
6700
6900
6900
6900
6800
6900
6900
7000
7000
7300
7600
9000
8400
8700
7600
10400
8800
7700
8100
7700
8300
7800
7700
8400
7800
7800
7800
8300
8000
8100
12000
31400
7800
8500
7800
8400
43000
7900
7900
8200
10900
8100
8400
7900
10200
8100
8300
8500
169500
5300
5100
5100
4800
14600
4800
4900
4900
5900
4900
5100
5300
6000
4800
6100
6100
5300
9200
6100
6000
6200
5900
6100
6100
10600
6400
5900
6200
6300
6000
14600
6500
6200
6100
6400
7500
6800
6700
6700
7100
6900
6800
7100
6800
6900
9700
6900
6900
7100
6800
6900
7500
7100
8400
8000
8000
7500
8700
7400
8100
7800
10800
7700
7800
7700
7900
7800
8100
8300
7800
8100
9400
29900
7700
11300
7800
8300
117900
7700
7900
11900
7900
8100
8600
7900
8500
10900
8200
9000
163900
5200
5000
4700
5500
11300
4900
4600
5500
5700
5200
5200
5000
8600
5000
5800
5800
5400
10000
6700
5800
6300
6200
6200
14800
6500
6200
5900
5800
6100
6200
14000
6400
9200
6400
6100
7700
6700
7200
6900
6800
7400
6900
6600
6800
7000
6800
7000
7300
7000
6900
7100
7200
9900
8400
8400
7600
7500
35200
8000
8100
7800
8300
7800
7900
7800
8100
7600
7900
8300
7900
7900
10400
28900
8400
8300
7600
8300
43300
7800
7800
7900
7900
8000
37000
8200
8400
7800
8000
8800
166300
5200
5800
5700
4900
12600
4600
5600
4900
7400
4900
5900
6000
8900
4900
7400
6700
5100
10700
8900
6200
6400
5900
6200
6200
6500
6300
6000
6300
6200
6300
14300
6400
6200
6200
6300
7800
6700
7200
9700
9000
7400
6900
6700
7400
8800
7100
6800
7000
7000
7600
6900
7100
7300
8300
7600
7500
7500
31500
7900
7700
7900
7700
7900
7800
7900
7900
7900
7900
8100
8500
7900
11800
30700
7700
8200
7700
8300
117100
7800
7900
8000
8000
10700
34000
8100
8500
7900
8000
8600
163800
5100
4800
4900
5000
12100
4600
7500
5000
5500
5100
4900
5100
5500
5000
5700
5900
5300
10100
5800
6100
6900
6200
5900
6000
6500
9300
25100
6200
6100
6100
14300
6500
6300
6100
6500
7500
7300
7300
7000
6800
7200
6700
6800
9500
7000
6700
7000
8500
7100
6800
7000
38900
7100
8100
7700
8200
7600
28400
7900
10500
7900
8100
14200
11300
7800
7800
7800
7800
7900
12600
8200
8600
12400
10600
7700
8400
7800
8300
7700
8500
9800
8000
7900
35000
8000
7800
11700
8000
8200
165800
4900
4900
4700
4800
10800
4800
4400
4800
5500
5000
5000
4700
5600
7800
5600
5700
6600
10600
6200
5800
6400
6400
6100
6100
6700
6000
6200
6100
5800
6200
14600
6500
6000
9200
6300
7300
6700
7100
6800
6700
7100
6700
7000
7300
7100
6800
7100
7100
7000
6700
7000
7100
9900
8200
7500
7600
7500
27900
9600
7700
7700
7800
7600
7700
7800
35700
10400
8000
8100
8600
9300
9000
8600
7600
7500
8300
7800
8600
7700
11500
7900
7700
7600
7600
41700
8000
8500
8000
8000
185500
9600
4700
8200
4700
5400
11100
4800
4700
5200
5100
4900
4900
5100
5600
4800
5200
5700
