1081600
14000
8200
6500
5700
6900
5200
4900
11900
5600
8100
6000
8900
6000
8000
5100
5500
4700
5700
4900
4800
5500
7400
5500
9200
11100
8600
5100
5400
5700
5400
5100
6700
5900
8200
6100
9400
5600
5500
5800
6400
5900
6700
6900
5300
6100
8700
6800
11000
5800
5900
8800
5800
5000
5200
4800
6100
5000
12200
7200
7900
4400
3900
5900
5300
5400
4400
5900
5500
4800
8500
8500
7300
4600
3500
3000
3000
3100
2800
2800
2900
2800
2800
2800
2900
3300
3400
2800
3300
3100
2800
2900
2800
4400
3100
3500
2900
3100
3100
2900
2800
2900
3000
3000
2800
5700
3000
2800
2900
3100
8300
3200
3200
2900
2900
2800
2800
2700
2800
3000
3000
48000
12000
6300
5600
5200
5100
15900
5400
5000
4800
4100
8300
4900
3900
4500
3800
4800
14400
4800
4300
3800
3600
4200
7800
3900
3100
2600
2600
2900
2700
3200
2600
2700
2600
3400
2800
2600
2500
2500
2500
2900
2600
2500
2600
4600
3300
2700
2700
2800
3100
3200
2600
2400
2600
2800
3400
3200
2700
2700
2600
2600
2500
3800
2600
2700
2500
2500
2800
2600
2800
2800
2700
2600
3000
2600
2600
4500
2500
2500
2900
2700
2600
3200
3100
2700
2900
2600
2600
2600
2700
2800
4200
2600
2600
2600
6000
3400
3900
2600
2600
2400
2300
2500
2300
2400
2400
2300
2700
2600
2400
2500
2400
2200
2300
2400
2400
2300
2300
2500
2400
2700
2500
2400
2300
2300
2400
2500
2300
2200
2400
2300
2400
2200
2400
4100
2500
2700
2300
2400
2300
2600
7200
2400
2600
2300
2300
2200
2300
2300
2200
2600
2200
2500
2300
2100
2300
2100
2200
2500
2200
2200
2200
20500
8200
4600
3100
5200
10900
4300
3100
2900
3300
2800
6600
3500
3400
3000
3000
4500
3500
3000
2900
3100
3600
3000
2900
3000
2800
2800
3200
3700
3000
3000
3200
3400
3400
7500
3600
3000
3100
5300
3000
2800
3000
2800
2800
2800
3300
2900
2900
3200
3000
2900
2900
3100
3000
2800
2700
2800
2600
3600
3100
2700
2700
2800
2900
2800
2900
2800
2800
3000
2800
2800
2900
2700
2700
3300
2700
2900
14200
2500
2000
1800
1700
1700
2300
1800
1700
1700
1700
1800
1800
1900
1700
1700
1700
2100
2000
1700
2200
1800
1700
4800
2100
1800
1900
1800
1800
1700
2300
1800
1800
1700
1900
1800
1800
1800
1800
2300
3300
1800
2200
2700
1800
1700
1600
1600
3500
8800
2500
1900
1800
1800
3000
1900
1800
2800
1800
1900
1900
1800
1800
2700
1700
1700
3100
1700
1800
1700
2300
1800
30100
2000
1300
1000
1100
1300
1000
1000
1000
900
900
1200
1600
1100
1100
1000
1000
1200
1000
1100
900
1100
1100
1200
1000
1000
900
1000
1000
1000
1000
1000
1000
1000
1100
1000
1000
1100
1600
1100
4000
1100
1000
1000
1100
900
1300
1000
1100
1000
1100
1400
1000
900
1000
1000
1100
1000
1300
1000
1000
900
1000
1200
900
1000
1000
1000
1000
1200
1000
1000
2100
1100
1100
1200
1000
1000
1000
1000
1100
1200
1000
1100
1000
1100
1000
1000
2400
1100
1000
1000
1100
1300
1100
3000
1200
1000
1000
1400
1000
1100
1000
1000
1200
1100
1000
1100
1200
1000
1100
1500
1100
1000
1100
900
1000
2000
1000
900
1100
1000
1100
1200
1000
1100
1000
1800
1000
1000
1200
900
1300
1000
1000
1300
1000
1000
1000
1000
900
1200
1000
900
5400
24300
11900
800
3600
700
900
600
700
600
600
800
900
700
600
700
600
700
1200
700
600
700
600
600
800
900
700
600
600
700
800
700
700
600
600
700
700
600
600
600
600
700
900
600
600
700
600
700
1000
600
600
600
1300
600
700
600
600
600
600
3700
800
800
700
600
600
800
600
600
600
700
600
600
2600
700
600
800
600
700
1600
700
700
600
600
600
1600
700
700
700
600
700
1700
700
700
600
600
600
1700
700
600
600
900
1600
700
600
600
600
600
600
700
700
700
700
700
600
700
700
600
700
600
1600
700
600
600
700
700
1400
700
700
700
600
600
3500
700
600
700
700
600
900
600
1100
700
600
600
800
