1133100
11100
5800
4600
4000
4300
3700
4500
10200
5500
6700
4100
6600
4100
6300
5100
4800
3600
4100
4400
4100
4300
5900
4000
7000
8600
5700
6600
4300
4400
3800
3500
4100
3700
5900
3800
5900
3700
4400
4000
4300
3600
4000
4400
3900
4200
5700
4400
6100
3600
4500
5300
3900
3800
4100
3500
5100
3800
6000
3900
6200
3800
4100
5400
5200
4600
4200
3900
3700
3600
5700
3800
9500
6500
4600
4700
4400
3700
3700
5000
4000
3800
3800
4200
4000
4100
4300
3600
3600
3800
3700
3800
3800
3400
3500
4600
4400
5600
3900
3700
3700
3600
3700
4300
3800
3400
7400
4600
5000
4500
4700
4400
4900
3700
3700
3900
3900
4200
3700
3900
4200
8800
4400
4400
4100
3700
3900
11300
3900
3600
3800
3600
5600
4300
3900
3600
3600
3600
3500
3400
3500
3500
3600
3500
8300
4400
3600
3200
3600
3000
2800
2800
3000
2700
2800
3300
3000
2800
2700
2800
3100
2700
2900
2900
3000
2800
3100
2800
3300
2700
3300
3000
2800
2700
2800
2800
3200
2800
2700
2700
2700
3300
3100
3500
2600
2700
2700
2800
2600
2500
2600
2500
2800
2500
2700
2700
2600
2500
2900
2500
2500
2600
2500
3000
4200
3100
3800
2700
2500
4800
12200
4500
2700
2700
8100
2800
16700
5000
3900
3500
3900
8800
3400
3200
3300
3200
3300
9800
4500
3300
3200
3300
3500
3200
3300
3300
4000
3200
3500
3200
3500
3200
3300
3200
3200
3200
3200
3600
3300
3300
3200
3300
3300
3600
3200
7300
3300
4600
3400
3000
3100
3400
4900
3700
2900
3300
3500
2900
2700
2900
3000
3800
2900
2800
2900
2800
2900
3000
3000
2900
3100
3200
3000
4800
2900
2900
3000
3200
25700
4100
3100
2600
2500
2300
122200
5100
3200
2400
2200
2800
2800
2300
2500
2200
2300
2200
2300
2200
2400
2300
2200
2400
2400
2300
2500
2200
2500
2200
2100
2200
2400
469200
14800
6300
2700
2300
2200
2100
2100
2100
2100
2200
2200
2100
2300
2100
2400
2400
2200
2200
2200
2200
2200
2400
2200
2300
2200
2200
2300
2500
2200
2200
2200
2200
2100
2200
2200
2100
2100
2200
7400
3200
2900
2500
2300
2400
8400
2300
2300
2200
2200
2200
2500
2300
2500
2200
2200
2300
2700
2300
2200
2200
2200
2400
6900
2500
1800
1600
1700
1900
2000
1600
1700
1700
1700
1700
1700
9400
1900
9100
1900
1800
2300
1700
1700
1800
2200
1700
1700
1700
1600
1900
1700
1700
2000
3300
1600
1600
1600
3000
2100
1800
1700
1700
1800
2700
1900
1600
1500
1900
1500
1500
6400
25200
17300
1000
800
800
700
11500
1000
700
900
800
1100
700
800
800
800
1300
1000
800
700
700
700
700
800
700
700
800
800
1000
700
700
700
700
700
900
800
700
800
800
800
900
800
700
700
800
1300
900
800
800
800
700
700
700
800
600
700
700
700
900
800
700
800
800
700
900
700
700
800
800
2800
1000
51100
2200
1700
1300
1000
1200
1300
1200
1300
1100
1200
1200
1300
1200
1100
1300
1200
1100
1100
1100
1200
1100
1200
1200
1300
1200
1100
1400
1200
1600
1600
1200
1200
1400
1300
1200
1500
1300
1200
1700
31300
2100
4900
26200
14200
4900
1200
1100
2900
900
700
800
700
700
700
3300
800
700
800
700
900
800
1200
700
700
600
500
700
800
600
700
700
1700
800
800
700
600
600
800
600
600
600
700
800
900
700
600
600
600
600
900
700
600
600
800
600
900
600
600
600
700
600
800
600
600
600
600
700
700
700
1200
1500
700
700
800
600
600
600
600
600
700
600
1200
600
700
800
600
600
600
600
600
600
700
700
600
700
600
800
600
600
600
600
700
800
2000
700
600
600
1000
600
600
600
900
1300
900
700
800
700
600
700
1200
700
600
700
600
600
700
700
600
600
600
600
5200
700
600
600
600
600
700
700
1000
700
600
600
800
600
600
700
700
700
900
600
800
700
700
600
800
600
600
600
600
600
900
700
700
700
600
600
800
700
600
500
600
600
600
600
