911200
9700
6400
6900
4600
4400
3800
3900
8700
7100
7000
4800
6100
4100
6200
5100
4400
3800
4400
3900
4000
4500
6200
4100
6800
8500
8300
4000
4600
4300
4100
4000
4900
4100
5900
4000
6300
3900
4300
4400
4000
4100
4300
4400
3800
4500
6200
4200
6800
3900
4200
5300
3900
4200
4300
3900
4300
4200
6100
4400
6500
3700
4200
4400
4000
3900
3900
4000
3700
3600
5600
4100
10300
6500
4700
3900
3800
4100
3800
3400
3600
3600
4000
3900
6700
5000
9500
4500
3900
3000
2900
3500
2900
9200
2800
2800
3000
3900
3100
3600
3600
2900
3500
3200
3400
2900
2800
2800
2900
6100
2900
2900
2900
2700
2700
3000
2700
2800
2800
2900
2900
7300
3700
3400
2900
2700
2900
40200
7600
4000
3200
3400
7200
3500
3000
2900
2900
3000
2700
2700
2700
2900
2800
3000
12400
5600
4700
4100
3700
4800
4000
4800
4300
3800
5900
4400
4700
8500
4400
4300
3800
5000
4400
7000
3700
4700
3800
4200
4200
3700
4600
4100
3600
3600
4100
4800
4000
3600
3500
3700
5100
5100
4400
4100
3500
3400
3400
3500
3600
3600
3300
3400
3800
3700
3700
3500
3400
3300
3400
6300
5400
5400
4300
3700
4600
3900
3600
20100
4700
4000
3800
3800
3600
3400
4400
4200
16900
5100
8000
3600
7100
12400
3300
3300
3300
4400
3500
3500
3500
3300
3200
3400
3300
3300
3400
3300
3200
3800
3400
3300
3700
3200
3500
3300
3500
4000
3300
3200
3500
3300
3500
3100
3500
3300
3300
6800
3300
4000
3300
6500
3600
3000
4000
4000
2900
3200
2800
5600
2900
2900
3100
3800
3000
3200
3200
3000
3700
3100
3000
2800
2900
2900
4200
3000
2900
3100
2900
2800
16000
3300
2900
2200
2000
3200
2200
2100
2100
2200
2000
2900
7000
2100
2000
2100
2000
2100
2300
2000
2000
2000
2100
2000
2400
2000
2100
2300
2000
2200
2400
2000
2100
2000
2000
2100
2400
2100
2200
2100
1900
2000
1900
2100
2600
2100
2100
2200
2400
2000
2100
2000
1900
2900
2300
2100
2500
2800
2100
2200
2300
2100
2100
2200
2100
2100
2100
2100
2000
2000
2100
2000
15800
2500
2200
1600
1900
1600
2000
1800
1700
90100
4500
3500
2800
2800
2400
2500
2400
2500
2800
2300
2200
2300
2300
8200
2800
2200
2300
2400
2300
2400
2600
2300
2400
2300
4200
2400
2400
2500
2400
2200
2300
2300
2900
2200
2800
2400
6100
2300
2300
9600
3300
2900
2500
2200
2800
2500
2300
2200
2100
2200
3200
2400
2200
2200
2500
2200
10400
2500
2300
2300
2400
2400
21600
9200
1500
2700
1400
1200
1300
1500
1300
1200
1200
2100
1500
1500
1200
1300
1300
1300
1300
1500
1200
1200
1200
1200
1700
1500
1200
1300
1300
1300
1500
1200
1200
1200
1200
1200
1600
1800
1700
1300
1300
1200
1500
1200
1300
1200
1300
1200
1500
1300
1300
1300
1600
1200
1500
1300
1200
1300
1300
1300
1600
1200
1300
1300
1300
1200
1500
1300
1300
1400
1200
1200
9400
2600
2300
1900
1900
1800
1800
1800
8400
2000
2000
2000
2000
1900
2100
1800
1800
1900
1800
1900
2100
1900
1800
2000
2000
1800
2000
1700
24800
3600
2200
2300
1900
15800
2000
2000
2000
2200
1900
3200
2100
2000
1900
2000
1800
3700
1900
1800
2100
2200
2200
2100
1900
1900
1900
1900
2100
1900
1900
1800
2100
1900
2100
1800
1900
1900
1900
1800
2100
1900
1800
1900
6500
34100
11200
800
700
600
1100
600
700
600
700
600
1100
600
600
700
700
600
800
600
600
600
600
600
800
700
700
600
600
600
600
600
600
700
600
600
700
700
600
600
600
600
600
1500
600
700
600
600
700
600
600
600
600
600
600
700
600
600
600
600
1000
600
600
600
600
600
900
600
600
600
700
600
2200
800
1000
700
600
2500
700
600
700
700
600
1900
700
700
700
600
600
1500
600
700
600
600
700
1500
700
700
600
600
600
1800
700
600
600
600
600
1700
700
700
600
600
700
1600
700
600
600
600
600
500
700
600
700
700
1700
700
600
700
600
600
1600
700
700
700
600
700
2200
700
700
600
600
600
1800
700
