763600
10600
6400
5000
4400
5500
4200
4100
8500
5700
7300
4100
6200
4000
5700
4900
4600
3700
5100
3900
4100
4400
6000
4000
6500
8100
5900
4000
4400
4000
3600
4400
4800
3900
5900
3700
6200
3900
3700
3700
4400
4000
4600
5300
3700
3800
5700
4500
6500
3600
4000
7100
3800
3700
3800
3600
4500
3800
5700
4600
6000
3800
3600
4300
3900
3500
3700
4100
3600
3700
5500
3600
8300
5300
3800
3300
3300
3700
3300
3900
3500
3100
3400
3300
3600
8900
3600
3800
3300
4100
3100
3300
4000
2800
3000
38900
21400
7200
21600
9200
6900
6000
10100
5100
4900
5100
5100
4800
5900
5600
4900
4600
4200
4100
3900
4000
6100
5100
4600
4600
5700
11800
5700
4600
4200
4000
4100
14900
4600
4400
4200
4300
7200
6000
4200
3800
3700
4100
4100
3700
3900
5000
4400
4300
8600
4800
3700
3100
3000
3200
3200
2700
2800
2800
2700
3100
3100
3300
2800
2800
2700
2700
2700
2800
2800
2900
2700
2900
3400
2700
3800
3200
2500
2900
2700
2700
2900
2600
2600
2700
3300
2600
3000
4500
3500
2800
2600
3100
5100
2700
2700
2600
2700
2800
2900
2600
2700
3100
2700
2700
2800
2600
2700
2900
3200
2900
3500
2800
2600
4300
11600
3000
4800
2700
2700
3000
6900
3700
3500
2700
2700
4500
2600
2700
2700
2700
2600
2700
2700
2600
3300
2700
2600
2700
2600
2600
2800
2500
2700
2600
2700
2500
2800
2600
2600
2500
3000
2500
2600
2500
2700
2500
2900
2600
2600
5000
2600
3400
2700
2500
2500
2400
2900
2700
2700
2700
2400
2600
2900
3400
3900
2900
2500
2500
2300
4100
2700
2300
2500
2300
2900
2500
2500
2500
2400
3300
2600
2800
16600
3000
2300
2300
2000
1900
2100
2000
5600
2000
2100
2000
2700
2100
2500
2000
2100
2200
2000
1900
1900
1900
1900
1900
2000
6700
2000
2100
1900
2200
2000
3100
2000
2100
2000
2400
2300
2000
1900
2000
2100
2100
2000
1800
2000
2000
1900
2100
1800
1800
2000
1900
1900
2400
2000
2100
1900
1900
2000
2000
2300
2100
2000
2000
1900
2600
2000
1900
2000
1800
1900
1900
10900
3400
1900
1800
1800
7200
2200
1700
1800
1600
1800
2000
1900
1800
1800
1700
1900
1700
1900
2000
1800
1700
1700
6700
2200
1900
1800
1900
1700
1800
2800
2000
1800
2000
1700
1800
1900
1700
1800
2800
1800
1800
2100
1700
1800
1800
1700
1700
2100
6200
2500
2000
1800
1900
1900
1800
2200
1900
1700
1800
1800
1900
2000
1800
1800
1700
2100
1700
1800
1700
1700
1800
48200
13400
1600
900
700
600
600
800
700
600
900
700
800
600
600
600
600
700
1200
600
700
5400
700
600
800
600
600
800
600
700
600
700
600
900
700
600
700
700
700
900
600
700
600
700
1300
900
600
700
700
600
600
600
600
600
600
600
800
600
600
600
700
700
800
600
600
4900
700
700
600
700
600
700
10100
1000
1000
1000
800
700
700
700
800
900
700
600
900
700
700
700
700
700
800
700
600
900
700
600
3300
1000
700
900
600
600
700
700
600
1000
700
3400
800
800
700
900
1000
600
700
700
600
2300
900
700
800
700
600
700
900
700
3200
900
700
700
900
600
700
700
700
700
900
700
3300
700
700
600
900
700
3700
1400
1200
1100
1000
1100
1100
1100
1200
1400
1100
1100
1300
1200
1200
1200
1100
1200
1100
1300
1000
1100
1100
1000
1300
6600
1100
1100
1100
1100
1000
1300
1100
1100
1100
1000
1200
1400
1000
1000
1100
1800
1100
1200
1100
1100
1000
1100
1500
1200
1100
1000
1100
1000
1300
1100
1100
1100
1100
1100
1300
1100
1100
1100
1100
1100
1300
1100
1000
1100
1100
1100
2500
1200
1400
1100
1100
1300
1100
1200
1000
1100
1000
1300
1600
1100
1200
1100
1300
1100
1100
1000
1000
900
6700
1200
1000
1100
1200
1000
1300
1100
900
1100
1000
900
1200
900
1000
1100
900
1000
1200
1000
900
900
1100
1100
1200
1000
1100
1200
1100
1000
1300
1100
1000
1000
1100
900
1200
1100
1100
1000
1100
1100
1200
1000
1100
1100
1200
1200
1300
1200
