1128800
14000
8700
7200
6000
7100
6000
12700
6400
6400
8800
5400
11600
5800
5900
6400
6700
5600
6300
5600
8000
7200
8900
7000
9400
11400
6200
5600
5000
5200
6100
6400
5300
4800
8100
5100
8300
4900
5600
5800
5100
5800
5500
5800
5800
5500
8300
5700
9300
5400
5200
8200
5300
5100
5900
5000
5700
4900
8300
5300
8600
5000
5700
5700
6100
8400
6300
6000
5600
5300
9300
5800
9600
6500
5600
4600
4500
4000
3800
3600
3400
3600
3600
3900
4400
4400
4700
4100
3600
3800
3600
3800
3900
3700
3600
3900
4000
4300
4800
4100
8100
3800
3700
4100
3500
3500
7500
3800
4200
11300
4700
4500
3800
3900
3700
3700
5200
3600
3700
3800
3800
9600
5700
4500
4100
3900
3600
14400
4600
4100
8900
3800
9500
4400
4100
3600
4100
3700
3900
3500
3700
3400
3500
3700
7500
3800
2700
3100
3100
2500
2400
2500
2600
2500
2800
2600
3000
3200
2600
2500
2700
2600
2400
2600
2400
2500
2600
3000
2800
2500
3500
54100
6500
4500
6900
4300
3600
3200
4200
3400
5600
4000
4900
4200
3300
3400
3100
3500
3400
3200
3000
3200
3600
3100
3200
3200
3000
3000
3000
2900
3100
2800
2800
3000
5200
3100
3300
3200
3000
3000
2900
3000
3300
3000
3300
6100
6900
3400
2800
2500
2500
2300
2400
2200
2400
2100
2700
2300
2600
2300
2300
2200
2700
2300
2200
2200
2300
2300
2200
2500
2400
2400
2300
2300
6800
3100
3300
2300
2500
2200
2200
2500
2300
2400
2100
4300
2400
3000
2300
2300
2300
2300
2800
2200
2700
2500
2300
2200
2200
2300
2200
3000
2300
3000
2400
2200
2900
2500
2400
2200
2300
2800
2300
2300
2000
3100
2400
2200
13400
3200
2100
1900
1800
2100
2000
5200
2600
2400
2400
2400
2600
2600
2600
2500
2700
2500
2500
2600
2500
2700
2600
2600
2500
2900
2500
2300
2600
2500
2400
2600
2500
2800
2500
2400
2200
2000
8200
2500
2500
2400
2700
2500
2700
2700
5900
2500
2900
2700
2500
2600
2800
17000
2600
2600
2300
2400
2500
2700
2600
2500
2300
2000
1900
1800
2200
1900
1800
2500
2200
1900
16500
2500
1800
1500
1700
1500
2000
1600
1700
1600
1500
1500
1800
1600
1800
1600
1600
1600
2000
1600
1400
1500
1600
11000
2300
2100
3000
2600
2700
2500
2500
2100
2400
2500
2600
2400
2200
2500
2300
2900
2300
2200
2700
2200
2000
2200
2500
2200
2400
9100
3100
2600
6600
2400
2700
2500
2300
2200
2300
2200
2500
2600
2300
2300
2200
2100
2500
2200
2300
2500
2300
2300
37600
1800
1000
900
1200
800
900
900
900
800
800
800
1400
1300
900
900
1500
900
900
800
800
800
1100
900
900
800
800
800
1000
900
800
800
800
800
1000
800
800
900
800
1100
800
1000
900
1200
800
1000
800
800
900
900
900
1000
900
800
1300
900
800
900
800
800
900
1000
1200
900
800
800
800
800
3800
900
5000
1300
2500
1100
1000
800
900
800
800
900
1600
1400
1200
1400
1400
1300
1400
1200
1100
1200
1100
1200
1600
1300
1400
2600
1400
1400
1500
1200
1200
1200
1300
1200
1500
1200
1200
1300
1400
1200
1600
1700
1200
1400
1200
1300
1300
3200
1600
1400
1600
1400
1400
1700
1800
1500
1500
1400
1400
1500
1700
1300
1400
1500
1600
1500
1300
1200
1400
1400
1500
1400
1400
1500
5800
18600
11700
1200
1000
700
600
600
600
800
600
600
800
600
600
3500
700
600
600
600
600
800
700
600
800
700
600
800
600
600
600
600
800
700
600
700
800
600
800
600
600
600
600
600
800
600
700
600
700
600
800
700
1200
700
600
600
600
600
600
700
600
600
800
600
600
700
600
600
700
700
600
600
2000
1200
700
600
700
600
600
700
700
600
600
600
900
700
600
700
600
700
600
700
600
600
600
600
800
1000
700
700
600
600
800
600
700
600
600
600
1200
700
600
600
600
800
1200
1200
800
700
700
700
700
700
600
600
600
600
700
700
600
700
600
3600
700
600
600
600
600
1100
600
1000
600
600
1200
800
