695800
9200
6000
6500
4800
4700
4500
9400
4100
4900
6300
4300
7300
4300
4400
4600
4000
3800
4400
3900
4500
4600
6000
4700
6400
8800
4700
4000
4100
3900
3900
5600
4000
3900
5900
4100
6600
4100
4100
3800
4000
4200
4500
4400
4000
4600
6600
4800
7000
4400
5300
5500
4300
3800
6900
4300
4700
4200
6300
4100
6400
4100
6300
5600
4000
4100
4200
4300
4100
3800
5900
4100
9200
7100
5000
4300
4100
3800
3500
4100
3700
3600
3800
3600
4100
5000
4900
3600
3500
4200
4100
3900
3900
4100
3800
4300
4500
4300
3600
4500
4000
4200
4100
7200
3700
3500
3900
3500
7400
4500
3500
3900
3500
3500
3500
3500
3500
3500
3500
3500
3700
8800
4000
3700
3600
3600
8600
12900
4400
4700
4200
3800
6100
6700
4600
3900
3700
4200
3800
3900
3600
3600
3500
3800
12000
6400
4900
4000
3700
3600
4800
3900
4200
3500
3600
4400
4300
4600
3400
3300
3300
3700
3700
3600
4400
3600
3600
3800
5000
4000
4600
4000
3600
3500
3500
3400
3600
3400
4200
4100
5100
4700
3800
4400
4000
5000
10300
4100
5000
3500
3100
3500
21700
6700
4300
3400
3000
3000
3200
2900
2800
5800
2900
4500
24900
5300
3000
2700
4100
9600
2900
2900
2900
2900
2600
3000
9700
3400
2700
2200
2700
2400
2400
2300
2400
2200
2300
2300
2800
2200
2300
2300
2300
2500
2300
2600
2300
2200
2300
2500
2300
2200
2300
2200
2200
2300
2100
2200
2100
2200
2100
2300
2200
2400
2200
4100
2200
3100
2300
2200
2200
2400
2800
2300
2200
2200
2600
2500
2200
2400
2300
2600
2300
2800
2200
2300
2300
2300
2300
2600
2100
2300
2300
2300
2200
3300
2200
2600
10600
2800
2100
1900
1900
1900
1900
2000
4200
2300
1800
1900
2100
5100
2000
2000
1900
1800
2000
2200
2000
6000
2000
1800
2100
2000
1800
1800
1800
2100
1900
2200
2000
2100
1900
2000
1900
2100
1900
2000
1900
2000
2100
2300
1900
2900
2300
1900
2000
2100
1900
1800
1900
2900
2100
1900
2000
2700
1900
1900
2400
2000
2000
2100
2200
2000
2300
1900
1900
1900
2000
2600
14200
2900
1700
1600
1600
1500
2900
1600
1600
1500
1500
1500
4600
1600
1500
1600
1500
1700
2400
1500
1500
1600
1500
4300
1900
1600
1800
1600
1600
1600
2000
3000
1600
1600
1500
1400
1600
1600
1500
2000
1500
1500
1600
1500
1500
1600
1600
1500
1700
7100
2200
1700
1500
1600
1900
1600
1500
1600
1800
1500
1600
1700
1500
1500
1800
1500
1700
1800
1600
1500
1600
1500
28600
1300
900
800
900
800
1000
800
800
800
900
900
1100
800
800
800
700
800
900
1400
800
900
800
800
1100
800
800
800
800
900
1000
800
800
800
800
6900
1000
800
800
800
800
800
800
700
800
1600
900
1000
900
3200
900
900
800
1300
900
900
800
800
800
1000
900
1400
1600
900
900
4000
900
800
900
800
800
1000
2400
1000
800
900
800
900
1000
900
800
800
900
800
900
800
800
800
800
3700
900
800
800
800
800
3100
1200
800
900
900
900
1100
900
800
700
900
800
1200
6400
1900
1300
4000
1400
1700
1100
1200
1200
2700
1400
1300
1400
1000
900
1000
900
900
1100
800
800
900
800
1000
1200
900
900
1000
900
1100
1200
2000
800
900
800
1100
5100
18600
1400
700
700
600
600
800
11000
700
600
600
800
800
600
700
600
700
600
800
700
900
600
700
800
800
700
700
600
600
1000
700
600
600
700
700
900
700
700
600
600
600
900
600
600
1100
600
700
700
700
700
600
600
600
600
600
600
700
700
600
1000
700
600
600
600
700
900
600
700
600
600
700
1700
700
600
900
700
900
600
700
600
600
900
1100
800
700
700
800
800
700
600
700
600
600
800
700
700
700
700
700
900
600
600
600
600
700
700
600
700
600
700
800
700
600
600
600
600
800
1000
600
700
600
700
800
600
600
600
700
700
600
700
600
700
600
800
700
600
600
600
500
800
600
600
600
