778400
24900
35500
112200
29500
24800
22000
19000
17200
16200
27500
19300
40100
24300
21700
31200
27200
41600
37100
36800
53500
70300
34200
40600
961800
55700
25600
23900
23000
23500
22900
23000
49800
30000
28500
30300
49300
37600
27000
24200
53800
62500
20400
17300
17400
17500
20600
22500
65300
33500
30400
30300
28400
24700
27100
27500
29100
71100
29900
28600
32200
17200
15600
26400
16500
16600
16000
13600
12900
14800
20800
15900
25900
26900
16800
37600
19000
26600
18800
17300
15600
30900
18500
19300
51700
18300
18200
12900
11200
12800
11900
12600
26300
17300
13200
18400
34600
16100
19700
13400
25800
26100
31800
14400
13900
12500
13100
12600
33900
18900
15500
14200
14000
13900
19000
14900
13900
32200
16300
14200
20400
17000
9300
16200
9900
8500
8300
19600
8700
8000
10100
9100
11100
9600
9200
18400
10700
9900
9800
8900
8700
10900
10000
8900
17200
10800
10800
12100
14600
11300
10000
9500
20200
16900
11500
10200
28500
13700
12200
11500
54600
31900
12700
12300
12100
12500
12500
13000
34100
21700
25600
18900
19900
18700
18500
18100
32800
46300
23900
22400
22100
11500
12200
21300
12400
14900
10900
10600
10800
11000
15400
12000
15800
14600
13000
34900
15200
15500
13900
23000
13700
20900
14600
43700
25100
18400
20100
28100
17200
26000
17300
16100
15500
54300
17400
16100
36300
22500
1348100
21600
38500
29400
16300
15500
16100
14900
16100
16200
26000
23100
17700
17500
17200
17300
16200
17000
16500
74700
14200
12500
28900
16000
7300
16800
7700
21100
9500
6300
6300
6600
10300
7900
14100
7900
7100
19300
9400
7800
7300
7800
7400
11700
8400
7400
11200
8200
7700
28400
10300
18800
9700
9800
8700
21800
9500
9100
11000
9700
9300
8200
8600
24600
9400
8800
23700
12600
10600
9800
14200
14400
10200
10900
10500
11000
9800
11100
10500
23800
11300
10400
10300
7500
6600
11300
5800
5700
6500
7700
6000
6300
9500
6700
7300
6700
6600
13700
7400
6700
7500
7000
6900
10300
7700
6700
8100
7300
9400
15000
9100
13900
7800
7900
7700
49400
10000
8100
10000
9500
8800
8100
7900
8700
8400
14800
21000
12300
12300
9100
17600
12200
9200
8800
21300
19600
10400
31200
10400
9400
9600
9100
44400
30300
14600
14000
18300
16000
14300
15000
14300
13600
13700
14300
18800
15300
13700
13500
16400
17600
17700
15700
12100
15200
11900
11800
13100
16700
12100
12400
12400
12300
16200
12400
11800
14900
11900
14000
19300
15900
13000
9200
10600
7500
9300
9900
9800
11500
6900
10300
86200
12000
12500
5800
20500
5700
5300
4900
10500
5100
5300
5000
9300
6600
20000
6400
5500
5600
5400
5800
7900
7600
5900
10100
6500
5600
6200
6100
8100
15000
6200
5700
5400
5900
5600
5600
8100
6100
6300
5600
5700
8000
10800
6500
6500
8500
5700
9900
7400
9700
6000
6400
9900
5900
9600
9600
10200
12100
6200
11800
82700
6800
12100
5500
15000
6100
6000
4900
10500
4800
4900
4600
10300
5700
5200
5200
5200
5500
5100
5200
8000
5400
5500
5100
5900
7200
5500
5500
6100
8300
5600
5600
5500
5700
5500
6100
6600
5700
5800
5600
5800
5800
9200
6400
5800
8400
5900
7700
12100
10200
6400
5900
9600
5900
9200
9900
10600
10700
6800
10200
74300
9600
77400
15200
20900
9400
9100
62000
19400
11500
9200
8300
20900
14000
9100
9500
8700
8300
13400
8400
21200
8800
8400
8400
9400
22900
8800
11800
9700
17000
10200
10100
8700
8600
8500
8500
9800
25800
13500
10000
15500
10200
9200
9000
8900
8700
9500
8700
19000
16600
10400
17500
16600
13400
15300
13400
13400
14100
19200
14500
116700
10100
12800
7800
14800
7600
7100
7100
11600
7200
6900
6800
14400
11300
9300
8600
8000
7900
7900
8400
10300
8200
7800
7900
9200
11500
10600
8700
9000
11000
7900
8800
8300
8400
8600
8600
9600
9200
9400
9700
20100
9200
9000
9100
8800
8800
8900
9200
10900
9200
11800
9100
9400
9300
16600
9700
10500
13600
9700
12600
53700
7100
10900
6900
14500
7000
7200
7100
10400
7900
6900
7000
23800
18600
33100
11400
9500
7700
8000
7300
13100
7500
7700
7100
8300
10100
7600
7500
7500
9800
7600
7300
8200
7400
7500
7500
8700
25500
8300
8200
13500
7400
8500
7200
9100
7500
7600
6900
7800
7400
11500
5500
6400
6300
16200
5900
5500
14900
6200
8600
29900
16000
5400
5100
8700
4600
8500
10300
9000
50600
7000
10400
32700
11700
6700
5100
4300
4500
4500
4700
4500
4600
7300
4500
6400
5000
4900
5100
4700
4900
4300
4500
4400
5300
4800
4600
6300
4600
7300
5500
5000
5000
8100
5200
5100
5100
5100
10000
11300
8300
6000
5700
12300
5400
8100
5600
7700
5200
5300
8200
27500
4900
4800
4600
4800
5100
4800
9100
4800
5100
7800
5500
6600
4500
4300
4400
4500
4500
4300
4600
4300
5700
4400
5700
6300
5000
5000
4700
4700
4700
5000
4800
4700
5500
4700
4800
6300
5200
6900
5400
5200
5000
6800
5000
11500
5300
4900
5200
14200
7700
5500
5800
5300
5300
8300
5600
5500
5500
5500
7700
27600
4900
5400
4700
4900
4500
4500
8900
4700
4700
8800
4800
5400
4600
4300
4300
4300
4300
4500
4400
4300
5800
4300
4800
5300
5000
5900
4600
4700
10200
5100
4600
4600
4600
5900
4600
7200
5100
6800
5400
4900
6900
6900
5000
5300
5400
4900
5100
10600
7900
5600
5500
5200
5900
8400
5400
5500
5700
5400
7700
29400
5000
4600
4500
5000
4900
4700
8600
4500
4700
7800
4700
6500
4500
4300
4200
4300
6500
4200
4900
4300
7300
4100
5100
6600
5900
6300
5700
4500
4500
4600
4700
5700
16700
6300
5800
19500
5200
7100
5900
5300
5400
7000
6100
23300
5200
19600
5400
19300
12900
6000
6100
6800
13700
10000
5900
5900
8300
5100
8600
28100
5600
4500
4600
4600
5300
4400
9400
4500
4400
8500
5100
6600
5500
4300
4100
4200
4100
8600
4100
4200
14600
4100
5200
6900
4600
6200
5700
4300
4500
4600
5400
4300
4500
5800
5600
5800
6000
5700
4700
4900
5900
4900
4900
4700
5900
4900
8500
7600
5500
10400
5100
5200
5600
9600
5200
6300
5000
5600
5200
28600
4300
4900
4600
4500
7200
4500
9100
4200
4500
8900
5000
5500
10500
4000
4000
4000
5900
4300
3900
4000
5300
11600
10200
5400
4500
5600
4400
4300
5100
4200
4100
4300
4600
5600
4700
6200
4900
5100
4800
4900
5000
4800
5200
4900
5000
4900
5200
6900
5400
7100
5400
5200
4800
7100
4900
5100
5100
5100
5000
32600
7800
4500
10400
4400
4300
7500
4200
4200
4100
4500
6800
7900
4200
22500
4500
4200
4500
3900
4200
6800
3800
4100
4100
16100
5300
4700
4300
4500
4500
4400
6000
4800
4300
4700
4300
6800
4800
6900
6700
4900
5000
4800
6400
5100
4900
5000
4800
7800
5800
5300
5300
9300
5300
5400
12300
5100
5300
8500
5700
27600
18000
4600
4800
4400
4600
4400
4300
4500
4700
4200
4700
29000
5600
5200
4500
4300
5300
4100
4000
4300
4200
4500
4300
6400
4800
4900
4800
5200
4800
4700
6400
5700
4500
4700
4400
7000
4900
6800
6200
5100
5000
4900
6100
4900
4700
4900
4500
7700
5000
5200
5300
8100
5200
5300
15900
5000
5300
5500
5400
33600
8000
4600
4800
4800
4300
7800
4200
4300
4300
4100
4300
8200
6400
6100
4400
4300
8500
4200
4200
4300
4500
4300
4100
6700
4700
6800
4500
5100
4600
4600
4500
4700
4300
4300
4600
7300
5700
6600
6600
4900
5300
4700
6400
4800
5000
5300
5000
8100
6600
5100
4800
8400
6300
5500
8200
5200
5100
5100
7000
30800
8400
4200
4300
5300
4200
4100
4100
4000
5200
4200
4400
10500
4400
5100
4400
5600
4800
4200
4100
5600
4300
4300
4400
6200
4800
6800
6100
5100
4700
11000
4700
4600
5000
4500
4900
6600
4900
4800
5300
5300
5600
4900
7000
4900
4800
4800
4900
7000
5500
5100
5300
7300
5200
5300
16700
5300
5200
5300
8200
28100
7700
4200
4400
4300
4300
4200
4800
4300
4200
4200
4500
8000
4600
5000
4500
4400
5000
4300
4200
4500
10200
7400
11200
5200
4800
9400
4700
4800
4500
4500
4800
4500
4500
4700
4700
5800
5000
5100
4900
5100
5000
5000
10600
5000
5000
3600
4700
6100
5400
7500
7300
5400
5400
5600
7900
5400
8000
5400
5500
26400
7100
4300
4400
4400
4200
3900
4000
4000
9400
4200
4200
6200
4400
4600
4300
4100
4500
4100
4100
4100
4400
4100
4200
4900
4700
6300
4500
5000
4400
4400
4400
4500
4600
4900
5300
6500
5400
5100
5200
5000
4900
5700
29500
4700
4700
5000
5100
6500
5100
6800
7100
5200
14600
7400
6700
5300
5100
5200
5100
33200
4400
4300
4100
6600
4900
5200
7000
4400
4400
4100
4400
9300
6300
4800
4600
4500
4500
4400
4500
4500
5500
4500
4400
6100
5700
4500
5200
6300
4800
5100
4600
4500
4200
5900
4600
8500
4900
5500
6800
5400
5200
5300
5000
5300
5600
6900
5100
7500
5800
5000
5100
5100
5200
5600
5400
5500
5400
5800
8000
35100
4600
7000
8000
4500
4800
4300
7200
4500
4300
4800
4600
7200
4300
5000
4800
5300
4300
4100
4300
4600
4900
4300
4800
6000
4700
5000
4500
5700
4400
5100
4700
4600
4500
6300
4500
8600
5000
5300
6700
5000
5300
75800
7400
6500
6200
8700
8400
9900
14700
5800
5900
5800
31000
6300
5900
5500
5600
5400
8700
27700
4500
4600
7500
4500
4700
4400
6800
4300
4300
4700
4800
7900
4500
5200
4400
4900
4400
4200
4400
4600
4900
4400
5200
5500
7500
4800
5100
4700
5100
4700
4700
4800
4900
4400
4600
12400
5200
13700
7300
5300
5400
5000
5000
5100
5100
5100
4800
7400
5500
5500
4000
4800
4400
4700
7500
4900
3200
3200
4900
15500
2600
2500
4400
2700
2700
2500
4100
2700
2500
2800
2500
6300
2700
3300
2700
3100
2700
2700
2500
2700
3100
2900
3000
3400
9100
3000
2900
3700
3000
2800
2800
3000
2800
2900
2700
3700
2900
3200
3000
4200
3200
3000
3000
2900
2900
4100
3000
4600
3600
3000
3000
3000
3200
3100
13000
3100
3100
3100
4500
14300
2500
2500
4800
2600
2500
2500
3900
2500
2600
7400
2500
5100
2700
3100
2600
2800
2800
2800
2500
2600
2900
2600
3000
3800
3900
2900
2900
2900
2900
2700
2700
2900
2700
3100
2700
3600
3000
3000
2900
4200
3000
3000
3100
2900
2900
4100
3000
5400
3100
3400
4200
3300
3100
3000
3100
3400
3400
4200
3200
19400
2600
2700
3900
3200
2400
2400
3900
2600
2600
2500
2400
5200
2700
3300
2600
2900
3100
2600
2500
2600
3000
3900
3600
3200
5400
2900
2900
3000
2800
2700
2800
3000
2800
2900
2700
3600
2900
3000
3100
4000
3100
3000
2800
2800
2900
4200
3000
10300
3100
3100
4500
3100
3100
3900
3100
3100
3200
4500
3200
14800
2600
2600
2500
2700
2500
2600
2600
2800
2400
2600
4400
18000
7800
4000
3800
5700
3800
4000
3800
3800
3800
3800
3600
6000
4300
4500
5600
6800
4500
4400
4300
5300
4000
4600
4400
17900
4300
4600
18900
4600
4200
4500
5600
5000
5100
4600
5100
8100
5400
5100
4800
7200
4900
6800
4900
4800
4900
5400
7200
27000
4000
3700
6500
4200
3900
5300
3700
4200
4000
6500
4000
7200
4200
4700
4400
10700
4000
4100
3900
4400
4300
3900
3900
5700
4200
4200
5700
5400
4200
5500
4700
4500
3800
4000
3800
7000
4100
4300
5800
4300
4100
4200
4900
4700
4900
4800
4600
7500
4900
5300
5400
7100
5400
7000
5700
5200
6200
5400
8100
30500
4400
4200
16400
4900
4100
4000
6200
4700
4500
8100
4600
7700
4700
4800
4800
5800
4100
4100
4300
4600
5200
4100
4200
5500
4900
4400
4600
7900
4800
4400
4300
6000
4700
4500
4400
7700
5900
6500
7100
5600
6400
5000
5200
5200
6900
4900
5100
8600
5300
5700
6200
7400
6400
6900
5200
13000
5600
4900
7700
31100
4400
3200
6500
3900
3800
3700
6000
3800
3700
6500
3600
6600
4100
4500
4200
4000
4100
3900
4600
4100
3800
4000
3700
4900
4400
4000
4300
6200
4200
4300
4200
4100
4200
4000
4000
5600
4500
4500
6400
5700
4400
5000
4500
4400
4200
10400
4100
7000
4700
4700
5000
6800
5000
7500
5000
5200
4700
4900
7100
27100
4200
3800
6600
4200
4100
3500
3800
4000
3800
10800
3700
6500
4200
4800
5400
4200
3600
4400
4100
4700
3900
3400
3600
4800
3800
3700
4000
6200
4100
4000
9500
4300
4200
4100
4100
5800
4400
5500
6200
7100
4400
5800
4900
4700
4900
4700
4500
6400
4800
4700
7900
5000
4600
4800
4600
4400
4800
5000
4900
26400
4200
4000
6500
4200
3800
3800
3800
4200
3800
6600
3800
6100
4000
4700
4500
3900
3900
10200
3800
4400
3800
3900
3700
5000
4400
4300
4200
6400
4200
3800
4400
4300
4500
3900
3800
6000
4500
4100
6900
5700
4600
4100
4500
4300
4400
4400
4600
6400
4800
4800
8000
5000
5000
4700
5000
4700
4800
4400
5100
31900
4000
4100
3800
6400
3600
11100
3600
3800
3900
5300
7200
8900
4000
4500
3700
9300
4300
4100
4800
4700
3600
3500
3700
5300
4200
4100
4600
4400
4800
4800
4700
6000
4200
5100
4000
7700
4600
4600
4700
6500
4900
4400
4600
4200
4700
6800
4600
7200
4900
4700
6900
5100
5000
4900
4800
7600
4900
5100
7400
26700
10200
4100
4000
4000
4000
4000
3900
3800
6600
6300
3700
7300
4300
3900
4700
3600
4300
3900
3900
4000
4200
4100
3900
5900
4300
4300
4200
4100
5000
4200
4100
6000
4300
5300
4200
7900
4500
4700
4500
4700
4600
4400
4600
4500
5300
7000
4700
7300
5100
5000
12700
4900
4800
5000
5000
6700
6300
5500
7400
25800
4500
4100
4100
4000
4100
3800
4100
3900
7000
6700
3900
7500
4100
4300
4600
4100
4000
3900
4100
3700
3900
4100
6200
5000
4500
5800
4400
4200
5500
4400
5300
5600
4400
4400
4200
8200
10500
6900
4700
4600
4700
4900
4700
4400
5000
6500
4800
7200
5000
4800
7100
5200
4900
5000
5000
7100
4800
5200
7100
34500
4500
3900
3800
3900
4000
3900
4000
4000
6900
7500
3900
7400
4100
4100
4800
4000
4200
4200
5100
4100
4300
4100
3900
4700
4400
5400
4400
4600
5100
4500
5600
5500
4400
4400
4400
8500
4800
4800
4800
4900
5200
4900
4900
7000
4800
6700
4700
7100
5200
5100
7000
5000
5200
5000
4800
7300
4900
4900
7400
25900
4300
4000
3900
4100
4200
3700
4000
3900
12400
7000
3900
7300
4100
4100
4800
12800
4100
3800
3800
3800
4100
3800
4100
4600
4300
5700
4300
4300
5600
4200
5500
5300
4200
4800
4100
5600
4500
4400
4600
4400
4700
4500
4300
6800
4500
6600
4600
8800
5000
4800
6000
4700
5200
4900
4800
4900
10800
7100
4900
16300
4000
4000
3800
3800
3700
3900
3800
3700
8500
6600
3900
6500
4000
4200
4300
4200
3700
4200
3700
3900
3800
3900
4000
4600
4300
5400
4100
4300
6000
4200
10000
10200
8700
4500
4300
6100
5000
4800
4900
4300
4300
4500
4700
6300
4600
11800
4600
8600
5600
4800
4700
4700
5000
5700
4900
4900
4600
7500
4900
14900
3600
3800
6300
4000
3800
3700
4000
6200
4000
3800
6500
15100
4700
5000
4100
5200
4100
4000
3900
4700
3800
4100
3900
5200
4600
4300
8600
4100
4200
4000
4100
5900
4100
4300
4100
13700
6200
4600
4900
4600
4700
4400
4700
6700
6900
6100
4700
10000
7700
4900
4800
5100
4900
5100
4700
5500
4900
4800
4800
15200
4000
4000
4400
4300
4000
21800
6800
4300
4500
12100
4100
7600
4300
3900
4800
4400
5000
4200
4000
4500
3900
4200
4100
5400
4700
4300
5300
4300
4200
4200
4200
5500
4200
4000
4300
7900
6100
4500
4600
4400
4500
4600
4800
6400
7000
6000
4700
9600
11100
4900
10800
5000
5100
5200
5200
4800
5700
5200
5100
14800
3900
10400
3900
4100
4100
6700
6500
4000
4200
6700
4100
7200
4400
4200
4300
4600
4400
4100
4100
4200
3800
4000
3900
4700
4600
4300
4400
5500
4100
4000
4400
6000
4400
4200
7800
13800
5900
4900
4400
4400
4500
4200
4500
5900
6900
5400
7400
9700
7400
4900
5200
4900
5100
4700
10800
4900
5100
4600
5000
17100
3900
4000
3800
3800
3800
6900
7000
3900
3500
11400
3500
6900
4100
3700
4500
4900
9300
4000
3800
4800
3700
3600
3700
4700
4200
4000
5100
6200
4800
4700
4500
6600
4600
5800
5100
6400
4900
5100
7300
4800
4800
5200
4700
9400
5600
4500
4500
12300
8900
5200
11800
6200
6200
4600
4900
4500
4800
4800
4700
14400
3700
4100
3600
3700
3600
6900
6800
4300
3800
6400
4000
7400
3900
4200
4300
4200
4600
3900
3700
4200
4000
3800
3800
4800
4500
4300
4200
5500
4200
4100
4000
6300
4200
4100
5400
5100
6000
5000
6800
6000
5100
7700
5100
7900
6400
5000
5200
14000
8800
5600
5100
5100
7100
4500
4500
10600
8700
8200
5000
16700
4400
4300
4300
5300
4600
6800
6500
4300
3900
6600
3900
7000
4500
4000
4800
4800
4600
4300
3800
5000
4400
4000
4100
5200
4200
4300
4200
6000
4100
4300
4300
5500
4000
4300
4200
5500
6400
4600
6600
4600
4400
4400
4700
6100
5000
9900
4400
8300
7100
4800
5100
4800
4700
4600
5100
6900
6700
6800
4900
17400
6700
4100
3800
3900
4300
3900
3800
3900
3900
4800
3700
9300
4200
4500
4500
4400
4800
4800
4400
4100
4500
4500
4300
5600
4800
4600
4100
4400
5200
4700
4600
4200
4300
4100
5300
12400
6200
5200
4600
4500
6500
4600
4800
4700
5400
4500
4500
6900
5000
6400
6600
5000
5200
4700
7100
6700
5900
4900
5500
14100
3900
4100
4000
3800
4000
4000
4600
3900
3800
3700
6100
7500
4600
3900
3900
3900
4000
4100
4000
3900
4000
4000
4200
5000
4300
4500
4100
4300
4400
4500
9900
4500
4300
4100
5300
7200
5900
4600
4600
4700
5900
4900
4800
5100
6100
5100
5100
6500
5000
6800
8100
5100
5200
5300
8300
5300
5400
5000
5100
14100
4500
4300
4300
4500
4300
4200
4100
4300
4100
4000
6300
7800
5200
4900
4100
4200
4100
4000
4000
9800
3800
4000
3900
5100
4400
4400
4300
4200
5300
4100
4400
4200
4400
5600
4100
6700
5800
4500
4500
4400
5900
4700
4600
4500
5600
5100
4600
6500
5200
6300
6500
4900
5000
7000
6700
4800
6500
5000
5100
14100
4200
4000
3900
4000
4000
4200
3900
3800
4000
9500
6200
8000
4100
4000
3800
4000
3700
3800
4800
3900
4100
4000
3700
4900
4500
4400
4500
4300
5700
4600
4400
4700
4800
5400
4600
5800
5000
4900
5000
4800
5000
5000
4800
4800
4900
4800
6900
6600
4900
6400
6300
5400
5200
5400
6600
5100
5300
5200
5300
19100
4200
4000
4100
3800
4000
3600
3800
3800
4000
3800
5800
7800
4400
4500
4300
4300
4200
4400
4200
4400
4200
4200
4500
5000
4600
4600
4800
4500
5300
4400
4500
4300
4200
10900
5100
5600
5000
4700
4900
5000
4900
5300
4900
4800
5000
4700
6100
7400
6600
5300
5500
7200
7100
10800
5200
5500
6700
5200
5100
13900
4200
3900
3900
3900
4000
3900
4000
4100
4100
4000
6100
6700
4300
4000
4300
4400
4100
5200
4000
4200
4300
4800
4100
4800
4500
4200
4700
4400
5200
4500
4500
4400
4500
5200
4400
5500
4800
4900
4900
4700
5100
4800
4500
4800
4500
5000
5300
7300
12100
4500
4300
6900
6900
5000
4800
4900
6000
4800
4800
12600
4100
6100
5700
3900
3900
4100
5700
4000
4000
4800
3700
10200
4500
4500
4200
4200
4800
4300
4900
4700
4200
4300
4300
6400
4600
4500
5500
5700
4600
4500
5300
4600
6200
5500
3900
6600
8900
4400
4500
4500
5500
4600
4600
7300
4700
4600
7600
14000
5300
6700
5000
7100
5800
4900
4700
4800
4400
4500
4300
14300
10000
4600
4000
4200
4100
4000
4100
4200
14800
11500
4000
8300
4400
8000
4200
4400
4000
3800
4000
4400
4000
4100
7600
5500
5200
4400
4500
5400
4500
4600
4700
4400
5500
4600
4600
6000
4800
4800
4700
4800
10400
4800
4700
6500
4500
4500
6100
8200
5300
5200
5200
6900
5200
7000
5200
5200
5200
5100
5000
15100
4200
4200
4000
4300
3700
4000
4100
4100
3800
3800
3900
7500
4300
4700
4300
4800
3800
3900
4000
4100
4200
4000
4600
5100
4400
5100
4600
4300
5400
4900
4400
5300
4300
4400
4200
5700
4600
4500
4600
4800
4600
4200
4100
5600
4200
4200
6400
8300
5600
4900
6600
7300
5100
5200
5500
5400
5000
5400
5200
15200
4300
4000
4100
4200
4100
3800
3800
4000
3700
4100
4100
7600
4600
4800
4300
4300
4100
4100
4000
9500
4100
4300
4700
5200
4300
5300
4800
4300
5300
5000
4400
5300
4000
4600
4200
5800
4800
4700
4600
6100
4700
4600
6500
6800
17700
4900
4800
8500
5500
5200
4900
6700
4900
5100
5900
5300
5000
5200
5500
15100
4100
3900
3900
3900
4100
3900
4000
9300
3900
4100
4000
7500
4900
4600
4000
4100
4000
3900
4100
4300
4100
4000
4600
5100
4400
5100
4400
4200
5100
4500
5600
5400
5800
16900
4700
6400
5200
5100
5200
6600
5000
5100
4800
5100
6300
5600
5400
7300
5600
5400
5200
5400
8600
5500
5200
7000
5500
5200
20200
27600
5200
7700
4200
15400
4100
4400
4300
4500
4300
4300
4300
8300
4300
5100
4200
4300
4000
11500
5200
3900
17500
4300
4300
5000
4600
5300
4600
4600
4800
4300
4200
5000
4200
4100
4100
5500
5500
4300
4800
5200
4400
4700
4400
4500
5600
4500
4500
6000
5000
4700
4900
4900
4600
4900
10400
6000
4900
5000
6000
15900
4000
4300
4000
5400
3800
3900
3900
4000
3700
4000
3700
