621000
24900
107600
30000
22900
21900
24800
20800
20300
23700
27200
27500
36600
25000
23800
21300
22900
23400
21900
24000
30700
27200
23000
22500
890900
42600
24000
24400
21700
20400
45700
23300
24200
25200
23100
39100
42900
28700
27200
23400
22800
23800
25500
47800
18200
17000
17700
16200
37800
22200
18300
22300
39300
25200
39400
24200
19000
20200
36500
17600
16500
15900
13900
14000
11200
11600
10500
10400
9600
15800
19100
12300
21500
24800
12200
13200
19800
11800
11300
11200
11600
12800
11700
12900
23200
15300
12800
11900
13300
11600
23700
15100
12500
13900
12800
23400
27400
18800
13800
12700
12700
14200
32100
29000
14900
15800
14100
13300
25900
17900
14800
13800
26700
16700
27900
15900
15700
16200
28000
16300
11600
11700
9800
13200
9900
9600
10700
21900
10500
10400
13100
10700
13900
11800
29600
13200
11800
10600
10500
10700
10600
12400
18400
17900
17200
18600
12000
11100
10700
11800
19600
14000
15100
13300
11800
19200
150600
26500
37800
40500
24700
20100
22600
40200
23900
22200
15700
18400
34500
25900
25400
19800
88300
35400
74300
28400
26000
29800
42800
17700
11000
21200
10500
22400
10200
9700
10400
9400
9900
17000
20100
18300
14500
13400
31500
15700
12800
12200
12300
13300
15600
15900
12600
56000
26900
18300
17200
16800
15700
15700
15600
16000
15100
17800
16400
16700
27800
21700
30900
18100
21100
15300
18100
35000
19800
18100
17800
18600
29600
23700
18900
18200
53100
38700
66600
37000
35400
35700
72600
38100
19300
27400
17500
22100
15100
15900
15500
13800
12800
17000
23400
15300
19100
16700
35900
26400
25100
17000
19300
18000
20200
23600
18300
31700
30700
22500
19600
19100
19600
20600
21500
20200
40300
25500
22500
21500
41100
25700
21400
22600
19700
26600
43800
25300
22800
21600
23000
40500
39700
26000
18800
19400
38100
21100
33900
25100
29700
74900
59900
41900
8500
42200
112600
144000
18100
14200
30600
10800
6600
22700
20200
9100
16100
11300
17800
11000
16000
9500
6200
5300
5500
10800
5700
26900
9100
6200
5800
6400
5600
5500
6000
6200
5800
7400
9000
5500
12200
6800
5800
5800
5400
5300
14700
6400
5900
10200
10500
13100
8800
8700
6400
6200
6100
6500
7300
16000
6500
6800
6300
6300
28200
63800
37500
21700
28800
19200
19500
21400
21700
20800
24000
20000
23800
32100
21100
21100
20000
20900
20000
20100
19400
23900
20600
21600
22300
20800
17800
14900
16400
13400
21000
19400
20900
20300
14900
13500
29000
23000
14600
14100
14500
24000
616700
41400
19200
11900
10800
10100
140000
20100
19600
9600
8000
7300
32200
7800
7100
7000
7400
7100
12200
9100
11200
8600
29900
8000
7500
31800
8900
12700
11500
10600
10000
12600
9000
8100
16000
8600
8200
8100
7600
8200
13400
10600
11000
8900
12000
8500
8700
13000
15000
15700
8700
12900
9000
8300
19000
9900
9000
9100
8800
18300
19000
16400
14200
9500
9100
8400
95900
9600
7800
6800
7800
6600
16500
9700
6300
6700
6200
12800
9900
8000
9800
8000
8100
7800
7700
7500
7600
7500
8300
10900
9300
9000
12300
10100
11800
10200
8500
8000
7800
8600
7900
7900
10400
11300
8600
10200
9100
8100
12900
14000
10300
9700
16400
8500
18300
9900
10300
9000
8700
16500
14100
14200
13700
8900
13100
8400
88700
8500
29600
7700
5700
7100
16000
5800
6200
5600
5800
5900
11900
7500
9700
6700
6400
6600
6900
6400
6400
6800
6900
9000
8300
7200
10900
7100
9900
7700
7400
6900
6900
7000
7300
7400
8800
13300
10000
7600
7500
8500
8300
11500
7800
7400
7700
12500
16800
8800
8300
7800
7900
16200
13100
14900
12700
8000
8100
7500
84300
6300
5600
5500
5300
5000
14800
7300
5400
5100
5400
5400
7600
6900
14400
6500
6600
6500
6700
6500
6500
6500
6800
10100
7800
7400
11900
7700
16100
8500
7700
7900
12400
5500
5000
5500
6700
14900
5700
6200
6100
7700
5700
6000
8700
5500
6000
6100
7600
6000
6400
6200
6800
6200
16700
16900
6300
6100
6400
21500
86800
6200
5500
6200
4700
5200
14900
5200
5500
5400
5300
6100
10300
5000
7700
4900
4700
4600
4600
4600
4600
4400
4600
6400
5700
5000
8900
5300
8000
5300
5300
5400
5400
7500
5200
5100
6900
10900
5700
5600
7800
6000
6900
5500
5700
5700
5900
5600
7600
6200
6100
6100
6100
5800
11900
14800
6300
6700
6200
6300
111100
6000
9800
4700
4600
12500
8300
8200
8300
5200
5500
4900
12200
6900
4800
4200
4900
5300
5900
5200
4800
4800
4900
4500
7300
12400
5600
5300
5300
5600
5400
5700
5200
5200
5500
5500
12700
5800
6100
6000
5800
11300
5700
5600
6100
5700
5700
6300
8400
11300
6200
6300
9000
6200
6400
6200
6200
6200
6900
6000
36800
5400
5100
5200
4900
5200
5300
9600
17600
4300
7700
5200
10800
6200
5300
5000
5800
4700
4900
6100
4800
5000
4900
4500
6800
7500
5000
5200
7700
5200
5300
5600
5200
4900
5000
5000
11100
5500
5500
5600
5500
5600
5600
5500
5700
5600
6100
5400
8800
14200
6000
6100
6500
5900
5700
6000
6000
5800
5900
5800
31700
5200
6000
5100
36400
27800
3400
13600
3200
2800
5200
2700
5100
4000
2700
2600
2700
2700
2500
3300
2600
2400
3000
3400
5000
3900
2900
3100
3000
3100
3600
2900
3100
2900
2900
2700
11100
3200
3200
3300
3200
3000
3200
2900
3100
3200
2900
2900
4900
5700
3300
4800
3500
3500
3400
3500
3200
3700
3400
3200
16800
3400
3000
2900
2800
2800
2800
4800
3000
2700
4400
2900
4500
3100
2700
2900
2600
2700
2400
3300
2700
2600
2600
2500
4700
3900
3000
2700
2800
6100
3600
3000
3400
3300
2900
2700
4200
4400
3000
23800
8300
5700
5300
6100
5300
5100
5300
6200
18400
14700
6100
6000
5900
12000
5700
6200
5700
5900
5700
5600
36300
4800
4700
4800
11000
4800
5000
11000
4900
4500
7900
7300
6600
5100
4200
4400
4400
4500
4300
5000
7600
4100
4300
4400
19500
6700
6200
6200
5200
5000
7700
5000
5000
4900
6100
4900
6500
9100
6100
5500
5400
5600
5200
5400
5700
6400
5300
5300
19300
5500
5600
5500
5000
7100
5500
6600
5600
5700
5500
5400
31900
4700
4400
4700
5700
5100
7100
9500
4900
4700
9000
5500
6900
5300
4400
4500
5400
4400
4000
5100
4200
4200
4200
4200
9500
8000
4700
4800
4700
5000
8100
4400
4800
5900
4800
4800
7500
8500
5200
6300
5400
5300
5200
5400
5400
5100
5200
5500
13700
5700
6700
5700
5600
5400
6800
5300
13100
5700
5400
6500
33900
12400
4700
5200
5000
5600
4600
4800
4800
4400
4800
4900
8800
4800
4500
4400
4600
4500
6600
5400
4400
4800
4600
4500
6100
6400
5000
4800
6500
4900
4900
5100
4900
4800
4800
4700
11400
8000
5300
7800
7300
4900
7100
6900
7000
5200
5100
5300
8200
6200
6800
5700
6300
5700
5700
5400
5700
5900
7900
8800
30800
5200
5000
4800
8100
8100
4900
4700
5000
4500
4100
4700
5900
48600
5400
5200
4800
6100
4500
4500
4600
4700
4500
4600
11200
6700
5400
5600
6800
5000
5100
5100
5100
9900
36600
10700
4900
11200
3600
5300
4400
3500
4500
4300
4400
3500
3200
3700
5000
3700
3500
3600
3700
3500
3500
3500
3400
3700
3500
3700
18800
3100
2900
3600
4800
6400
3100
3000
8900
3000
3100
2800
5200
3200
3000
2800
2900
6400
2700
2600
16900
2600
3000
2700
14900
9100
2900
3000
2800
2700
2800
9500
2800
3000
2900
2600
4100
4600
3100
4200
3800
2900
4300
4100
3700
3000
3000
3200
4700
3300
6000
3800
3300
5500
3200
3100
6200
3100
2900
3500
17200
2600
2800
2600
4300
4300
2600
2500
2900
2300
2600
2400
5700
2700
2700
2600
2600
4100
2600
2600
2700
2900
2500
2600
3400
2800
2800
2900
3100
2700
2900
4400
2700
3400
3100
3200
3700
7100
4600
3100
6200
4300
4300
5300
4200
3900
9300
3200
4600
3800
3300
3000
3000
2900
3000
3500
3000
2900
2900
3100
15600
2600
2400
2600
4900
4200
2500
2500
3400
2400
2500
2600
5400
2600
2600
2700
2700
3100
2500
2500
2500
2400
2500
3000
3100
2800
2900
2800
2800
3000
2700
3300
2700
3000
2700
2600
3700
3600
3000
2800
6800
2900
2900
2900
2800
2900
2800
2800
4700
4100
3100
4100
4200
3000
4200
4200
4400
3100
3200
3100
15700
2800
2500
2500
4100
4200
2500
2400
2600
2700
2400
2400
5700
2600
2800
2500
2600
3100
2700
2500
2600
2500
2600
2700
3500
2700
2700
5800
2900
2800
2800
3600
2700
2800
2800
2600
7700
3900
3000
2900
4100
12000
3100
3900
3000
3100
3200
3100
4500
4700
3400
4900
4500
3400
4400
4600
4600
3300
3100
3200
17100
2900
2700
2700
2800
3200
2800
2700
3400
3400
2700
2800
53300
11700
4300
3800
7100
3900
3800
4000
3800
6700
5400
4100
6500
10600
5000
5000
4900
6300
5800
6600
6400
4800
4700
4700
8200
6100
7300
6400
7800
7800
6100
7400
5800
6500
6200
7600
12500
7500
7000
11400
6800
6500
6600
9200
6700
6800
6700
6500
21900
7200
12700
7000
7000
6700
7100
10000
7000
8000
7100
7200
14700
3900
3600
3700
5300
4300
4700
3800
3400
3400
4700
3800
5500
5900
4900
4600
4400
5800
4400
6100
4500
4500
4400
4500
7200
5800
5500
5400
7300
6800
5700
6900
5400
5500
6100
7700
15100
6600
6700
6500
6600
6500
6500
9000
7700
6600
7700
7000
27300
7200
14600
3800
3600
2800
3200
5100
2900
3100
2800
3500
23100
3800
3600
3000
3900
2800
2700
3000
2600
2600
3300
3000
4200
3300
3000
2900
3000
3200
2900
2900
3000
7400
4000
3000
4500
5100
3200
3300
4500
4300
3400
4200
3000
3200
3200
4400
9800
3400
5400
3500
3400
3300
3400
5300
3300
3300
3500
3200
15300
3000
4700
3400
2800
2700
3000
7600
2800
3100
2700
2800
5800
3300
3000
2700
3800
2700
2800
3400
3500
2700
3400
2700
4400
3100
3000
3000
3100
3000
3000
2900
2900
4200
4100
3300
3900
4400
3000
3400
3000
4500
3100
4500
3100
3100
3000
3100
10500
3500
3400
3400
3200
6100
3300
5500
3200
3200
3400
3200
16900
3000
4800
3000
2700
6300
5900
8500
2700
3100
2600
2900
8900
3400
2800
2900
3200
2700
2700
2800
2800
2600
3100
2700
4100
3700
3200
3000
3000
3000
2900
3000
2900
3900
4200
2900
4100
4400
3300
3200
3100
4400
3100
4300
3200
3400
3000
3200
4300
3500
3400
3400
5300
5000
3400
4900
3200
6300
3400
5600
15600
2800
4700
3100
2700
2900
2700
5300
2900
3300
2700
2700
9000
3000
2800
2700
6100
2700
2600
2600
2500
2500
3300
2700
4200
3400
3000
3000
2900
2800
2800
3100
2900
3800
4000
3000
3900
4300
3200
3200
3100
4500
3100
5900
3200
3000
3200
3100
4300
4000
3400
3300
4800
4900
3200
5200
3100
3300
3500
4500
21100
3000
2800
3200
3000
3200
2900
5000
2800
2800
2800
2700
6900
3300
3100
3100
2800
2800
3000
2900
2900
2800
2700
2800
3900
3100
2900
3200
2900
3000
4700
3400
3100
3000
3000
3500
4300
3500
3600
3200
3300
3400
3200
3100
3100
3200
3600
3600
7800
3900
3400
3500
3300
3500
4800
4700
4600
3500
3300
4500
16200
3400
3400
2900
2900
4600
4800
2900
2900
4400
3000
3100
5700
2900
2900
2900
2800
2800
2900
2700
4300
3400
2800
2900
6500
3100
3100
3300
3000
2900
4800
3300
3500
3000
3000
3200
4900
3200
3100
3100
3500
3000
3100
3200
3100
3300
3200
3100
4500
3200
3500
3300
3300
3200
5100
4400
4700
3300
3500
4200
16200
2900
2700
2800
3000
4200
4800
3000
6500
7000
3000
2900
5800
4400
4300
3100
3100
4300
3000
3300
2800
5800
2900
3100
6300
3100
3200
3500
4000
2900
3200
3100
3000
4100
2900
3000
4900
3300
3100
4600
3100
3000
3100
4000
3100
3000
3100
3100
10200
3300
3300
3200
3200
4200
4400
5400
5300
3600
3200
7700
14600
3300
2800
2900
2600
4300
4300
2800
2800
4200
2800
2900
4900
2900
3000
2800
3000
3200
3000
2700
2800
2600
2700
2800
3700
3000
3200
3000
3100
2900
2900
2900
2900
3100
2800
3000
4000
3100
3100
3200
3200
3100
4900
3100
3100
3100
3200
4500
7200
3200
3300
3400
3200
3300
4400
4500
4500
3300
3200
4800
14900
3400
2800
2600
2800
4300
4300
2800
3000
4200
3000
2800
5100
3600
3100
3900
3700
3700
3400
3000
3000
2700
2800
3600
3500
3000
3400
3100
3000
3000
6000
3100
3000
2900
2900
3000
4000
3200
3200
3700
3500
3100
5700
3500
3200
3200
3300
3200
4300
3400
3300
3400
3700
3500
3400
3400
3600
3300
3400
3300
15500
2900
2800
2900
2600
4600
4000
3200
2700
4700
2800
4600
6900
3700
3000
3300
6400
3200
10100
2800
2800
2600
2700
3500
3800
3600
3200
3100
3000
3000
3900
4100
4800
2900
3100
3000
4100
3200
3200
3700
3500
3200
4700
3200
3300
3300
3300
3300
4600
3300
3600
3300
3300
3300
3300
3300
3500
3300
3400
3500
14800
2800
3100
2700
3000
2800
7700
5600
4500
3200
3200
5200
16700
5100
3300
3100
3100
3000
3600
2900
3000
2900
2800
2800
4400
3200
3100
3000
3100
3100
3100
4100
3100
3100
3100
3300
4300
4400
3400
3600
3300
4400
3300
3300
3200
3600
7300
4700
7300
3600
5900
3600
3700
3600
5300
3700
8800
3500
5100
3700
18800
3300
3000
3200
3100
3200
2800
3200
3200
2800
5300
3100
6300
3500
2900
3500
3300
3100
3300
3000
2800
3400
3200
2900
4000
3100
3500
11800
6100
2800
2700
3900
2700
2800
2800
2900
3700
3900
2900
3100
2800
4000
5800
3100
2800
3100
3500
4300
6100
3100
5200
3100
3200
3100
4800
3200
4600
3000
4400
3000
17100
2900
2600
2600
4100
2900
2500
2400
2700
2400
8500
2600
5500
3100
2800
2900
2900
2500
2900
2700
2400
2600
5500
2500
3100
4400
2800
2900
2900
2600
3600
2900
2700
2700
2600
2700
4300
4500
3000
3200
2900
4000
3000
2800
2700
2900
2800
4400
6100
3100
5200
3200
3100
2900
5000
3100
4600
2900
4500
3100
18600
2900
2400
2500
2700
2600
2400
2700
2500
3200
7400
2600
5200
2600
2800
3100
3000
2700
3000
2500
3000
3000
2900
2500
3300
3800
3000
3000
2700
2600
3900
2600
2700
2700
2800
2700
3800
4700
3000
3100
3100
2900
2900
4300
2900
2900
3100
2900
8600
2900
5400
3100
3000
3200
4400
3200
4300
3300
4300
3300
16000
2700
2800
2600
2500
2600
2400
2400
2500
2700
4500
2700
5100
2700
2700
3500
3300
2800
3200
2600
2800
3100
3100
2700
3100
7000
2900
2900
2700
3000
4300
3000
2700
2700
2600
2800
3700
3300
2900
2900
2900
3200
2900
4900
2900
3000
2900
2900
4200
4800
3200
3500
3000
4900
3300
3100
3000
3000
3200
4800
15300
2700
2600
2600
2400
2500
6400
2600
2500
2900
4600
2800
5800
2800
2600
2900
2800
2600
2800
2800
2300
2600
2700
2700
3000
3900
2700
2700
2600
3200
3700
2800
2700
2900
2600
2700
3700
3000
2900
2800
2800
3000
2900
4100
2800
3100
3100
2900
4100
5100
3100
5100
3000
4500
3100
6200
3100
3000
3200
4800
16400
2600
5100
2800
2600
2700
4400
2700
4400
2500
4100
2800
6700
3800
3400
2700
2700
2500
2500
2800
2500
2500
2500
2500
3700
3800
3700
3400
2700
3000
3400
2800
3700
2800
3000
2600
4100
4500
3100
3000
3200
3000
3000
7300
3100
4400
4300
4300
7100
3500
3200
3400
3400
3200
3200
3400
3400
5200
3300
4700
17100
2800
2600
2900
2700
2700
4900
4700
4800
2700
5300
2700
8400
2700
3600
2500
2600
2400
2600
2900
2700
2400
2700
3000
3500
3800
3500
2800
2600
2600
4000
3000
3400
2700
2700
3000
3900
4000
2900
3200
2800
3000
2800
4100
3000
5000
3900
4200
6600
3200
2900
6000
3100
3200
3100
3300
3100
5600
3000
4800
17600
2700
2800
2500
2500
2600
4800
5100
4700
2800
2400
2600
6900
3100
3300
2800
2500
2600
2600
3100
2600
2800
3000
3100
3400
3800
3200
2800
2800
2700
5500
2800
2700
2800
2900
2900
3900
4000
3000
3000
2800
3000
3000
4000
2900
4600
3900
4400
6200
3700
3000
3400
3000
3000
3300
3100
3200
4700
3000
4900
21100
2800
5400
2600
2500
2800
4700
4800
4900
2900
2600
2500
6500
2900
3300
2900
2600
2600
2600
3400
2600
2500
3200
3500
3300
4100
3000
2800
3000
2700
2700
2900
2900
2700
2600
3400
3800
4500
4300
3100
2900
3000
4300
3100
7200
3600
2900
3100
6400
3400
3000
3100
3000
3300
3100
3100
3100
4800
3000
4700
18800
2900
2600
2500
2700
2800
4800
4700
4700
2600
2400
2600
6500
3200
3200
5400
2800
2600
2600
3200
2500
2500
2900
3300
3200
3800
2900
2700
2800
2800
2700
2800
2600
3000
2700
3400
3900
4300
4000
3000
3100
2900
4200
3000
3900
3700
3000
2900
6900
4800
3100
3200
3400
3200
3100
5000
3100
4800
4800
4800
17100
2800
2600
2700
2600
3000
5200
4600
4700
2600
2600
2500
6200
2700
3200
2700
2600
2700
3700
3800
2600
12700
4700
3100
3600
3800
3100
2700
2800
2700
2700
2800
2600
2900
2800
2900
3400
4300
4500
2900
2900
3200
4200
3000
4300
3800
3000
3000
4100
5600
3500
3600
3700
3500
3000
4800
3100
4800
7300
5100
16700
2900
2600
3700
3500
2600
2700
2800
2600
4900
3100
5300
8500
3000
2700
2600
2800
2600
3700
3200
2800
2500
3300
3600
4800
2900
2900
4100
2900
2600
4400
3800
3800
3100
4400
2900
4800
3200
3300
3600
3100
5200
3000
3100
4500
8300
3600
3100
6700
3500
3300
3400
3900
5600
3400
3200
3200
3300
3300
3100
14900
2800
5000
2800
2800
2800
2700
3100
2800
4900
2800
2700
7600
3500
3300
2700
3600
2600
3100
2500
3200
2800
2700
5500
4600
2800
2700
4100
2800
2700
3900
3800
3900
2900
2800
2700
4300
3100
3700
3000
3000
4900
3000
3100
4400
5000
3000
3200
6100
3400
3200
4200
3300
5300
3400
3100
3100
3200
3200
3100
17800
3600
4800
2900
2600
2900
2600
2500
2700
4800
2800
2700
6900
2800
2700
3300
3400
2600
3200
2700
3200
2800
3300
2700
3300
3100
2900
2900
2900
2900
3800
8100
3000
4300
4300
4000
4100
3100
2900
3000
3000
7600
4800
3300
4800
4500
4100
3200
6100
3400
3300
3200
3300
4800
3300
3100
3300
3200
4500
3300
14700
2800
4800
2700
2600
2900
2600
2600
2700
5100
2700
2500
7300
3200
2700
2800
6400
2700
3000
3000
3300
2700
2500
2700
3400
3000
2800
3400
2900
2800
3900
3800
2700
3000
3800
4300
4900
3200
3000
4600
3100
3300
4200
4400
4500
3100
2900
3200
6600
3400
3200
4700
3400
4900
4500
3100
3300
3100
3300
3100
17200
2700
6000
2600
2600
3500
2600
2600
3500
5500
2700
2600
7600
2900
2700
2800
4000
2700
2900
2500
3900
3000
2700
2600
4200
2900
2800
2900
4100
4200
3800
4900
2800
2800
5500
3800
9700
3100
3000
4400
3200
3000
4400
4400
4400
3300
3000
3100
4300
3700
3400
3200
3200
5200
3200
3300
5100
4700
3500
3200
14800
2800
5200
2600
2600
2800
2800
2600
2700
7400
2800
2700
6400
3700
3000
2900
3300
2700
3000
2600
3100
2700
2600
3200
3300
2900
2900
2700
3000
2800
3700
4000
2800
2900
4100
3800
5100
3100
3000
4500
3100
3000
4400
4600
4200
3300
2900
3100
4300
3200
3400
3400
3200
8100
3200
3400
5100
4800
3200
3100
16200
2800
2900
2700
2700
4800
2800
2800
2800
2900
2900
2700
7600
3000
2700
2600
3200
3200
3200
2900
2700
2600
2800
2600
3700
3100
2900
2800
3600
3100
2700
3000
3600
3000
3000
2900
4000
4200
3200
3100
3100
4500
3100
3200
3100
3300
4200
3200
9000
4500
4700
4800
3400
5200
3400
3400
3400
4400
3200
3300
14800
2700
3400
2700
4500
2900
2800
2700
5100
2800
2800
2800
7400
2900
3100
2800
2700
2800
2900
3400
2700
2600
2700
2900
3400
2800
3000
2800
3500
3200
2700
2800
3500
2800
3300
2900
3900
4100
3100
2900
2900
3400
3000
4300
3000
3100
3900
3200
5600
3400
4400
4700
3800
4700
3300
3200
3200
4400
3200
3200
14800
2700
2500
2800
4500
2800
2800
2700
4400
2600
2800
2700
6200
2800
5800
2700
2700
2800
2600
3300
2600
2600
2700
2600
3400
2900
2900
2800
3200
3500
4200
3600
3000
2900
3000
2800
4100
3900
2900
3200
2900
3000
3000
3200
3100
3100
3800
3200
5500
3200
4600
4700
3300
4700
3300
3200
3100
4500
3300
3100
18100
2600
2700
2800
4300
2800
2700
2600
4700
2700
2800
2800
6300
2900
2800
2900
2600
2600
2600
3200
2600
2600
2600
2600
3400
2900
2800
2900
3100
3500
3500
3700
2900
2900
3000
2800
3600
3200
3000
3000
4400
3200
3000
4000
4100
3000
3200
3200
5500
3200
7600
4600
3200
4600
4600
3300
3200
5000
3300
3700
15500
2800
2800
2900
4300
3000
2600
2700
5400
2700
2600
2700
5700
3500
3100
2800
2700
2800
2800
3600
2600
2500
2700
2900
3200
2900
3100
2900
2900
3800
3900
3700
2900
3300
2900
2800
6600
3300
3300
3100
4300
3900
3000
2900
4500
3000
3100
3300
4000
4900
3200
3200
3200
3700
3300
3400
3200
3400
5000
3400
16200
2600
2600
2600
4300
3000
2500
2700
4300
2500
2600
2800
5900
4200
2800
2800
2900
2700
3100
3100
5500
2600
2600
2600
3500
2800
3000
2800
2900
3700
3500
4200
3900
2800
2900
2800
3600
3600
3500
3100
4400
3400
3000
3000
4100
3000
3100
3000
4400
5300
3700
3400
3400
3300
3200
3300
3400
3300
4400
3300
15900
2900
4400
4300
5600
4500
2800
2700
2700
4300
2700
2700
