584000
108800
26800
30900
24500
25600
22600
29200
21500
18700
26700
161800
62100
42200
48800
27700
41900
30500
21300
22700
22700
30800
24200
24800
963600
48900
26100
26800
57400
25800
23600
26700
25400
45500
23600
21800
37000
26100
22100
21100
17200
18000
17200
18600
16900
18100
18100
24100
39100
23400
24400
21200
51000
39700
39300
24900
37200
19500
16700
18200
16000
18400
11700
13300
9600
11700
14800
14700
17900
12200
13000
11000
40400
35400
27200
16600
26500
13400
12000
11400
12900
19300
11900
10900
23500
14800
13100
12400
38600
14500
13300
16500
13500
31800
14800
13800
24700
17800
16900
14300
14000
13200
35800
18200
15400
15900
14900
14800
35200
19300
17300
15200
26300
28700
26200
17200
33000
15800
14700
14800
11800
16000
11000
12700
9400
9800
13300
25200
13800
11000
11900
9700
16900
19400
12200
11800
10700
10600
10000
21200
12300
13500
12400
10800
21400
13400
13000
12100
23300
13700
12400
12100
12300
28900
18400
13100
25900
16600
13700
14800
12800
20700
15900
13300
12800
12500
19800
17700
33900
27500
24800
22600
32000
37800
34500
24200
45600
24200
22300
22000
14800
18700
13300
28300
13500
12100
16700
14800
15100
12200
16300
12400
17700
23700
15700
17000
13900
13700
12700
35600
15100
17800
15600
72300
32000
39300
29000
23500
25900
18100
17800
16600
16000
23000
17300
16100
32100
22700
39500
19700
18200
17200
17100
18200
22700
18100
18400
18500
29500
25500
20200
16900
54300
28200
26700
20800
27700
19000
25200
21900
10800
12700
11000
14500
9900
9600
10800
10000
9900
10000
12700
9300
13500
16000
12400
15900
11500
11500
11300
16500
12800
13300
11500
11000
17900
25100
25300
14500
20200
13900
12900
11800
12300
16500
13200
12500
20900
15800
15000
13400
24700
20200
14200
15300
14900
21500
15000
15100
28800
20300
18400
16900
27000
28400
25500
18300
23600
17200
14600
53200
19500
14800
8400
11600
13200
7100
14800
14400
9500
15200
11200
8100
16600
20300
9800
11100
8200
7800
7500
13400
8600
11300
9100
8300
26100
17300
17800
9200
15000
12100
8800
8600
8800
11700
9100
8600
13600
15800
12800
13400
20500
13600
10300
10000
9800
19700
10500
16100
14800
13900
10200
9700
13700
9900
11000
10400
9700
13100
10200
9400
36300
37300
24600
22400
32600
20400
20400
23000
25500
21200
20400
19600
23000
37600
38300
23000
21500
34300
21900
20600
25300
27500
54200
29100
22800
19600
17700
22000
18800
18500
18500
18600
18200
23000
19400
10800
13100
10700
10900
10000
10100
18600
10900
16300
10200
21800
12000
10500
139500
44700
10800
8500
8200
16000
7800
19000
8000
6900
7300
7800
12100
9400
8300
8300
12400
13200
8500
8600
8700
12500
8700
8900
11200
9500
8900
9700
8600
14200
14700
9700
38200
13600
12500
18300
12500
11900
9800
9900
16500
14000
9600
10900
14000
9600
9500
9300
12600
10200
9700
10600
10400
14000
10300
10200
10300
11500
10500
13000
154300
31000
16000
8900
8800
15400
8900
18400
7700
7300
16600
7800
19100
9900
14000
8800
9200
9400
9000
8900
8800
8900
26300
8400
14800
20600
9500
14800
10500
9500
9700
12900
9800
8600
8300
9700
11700
9200
9900
9200
9400
9100
9300
10200
10000
9800
9400
9300
13300
9800
9500
9300
9500
13500
11900
10300
9900
9700
9700
10300
105600
14200
8600
7300
6900
11300
7200
16700
7800
14000
6700
7100
10400
9300
7900
7800
7500
7900
8100
7800
8200
8000
8300
8300
9500
10100
8500
10000
8400
9800
8400
10700
8700
8400
8500
8900
10300
9500
9000
8800
8800
16400
9000
8600
11400
11100
11900
11700
12200
12400
9500
9600
9500
12900
9600
9600
15700
9400
17900
9600
95900
10700
6800
6800
6600
10100
6400
10100
6200
6200
6200
6800
10200
7800
8000
7600
7600
10000
8000
8300
7800
7100
7600
8000
8800
10700
10600
9800
8400
8200
8800
10000
12800
10400
6800
6200
10100
9700
7800
7000
7000
10500
6600
6700
15600
9600
10300
7300
9600
7800
7500
7600
8200
7700
7700
7600
8600
34000
8700
7600
42100
10700
7600
6400
6100
11000
6200
17000
6100
6100
5900
6600
7500
6400
6400
5700
5700
5900
6000
5500
5700
5800
5800
5700
6400
13900
7000
7900
6400
7400
6700
9100
5800
5700
5900
6900
7600
7500
9100
6400
6300
9800
8000
6300
11300
9300
10700
7800
31400
7200
6500
6100
6100
6500
6200
5900
6300
11800
6200
6000
31000
5100
5200
4600
4800
9500
5200
11100
5500
4900
5300
5100
32900
7200
5200
5100
5900
4900
4500
9700
4900
5000
5800
4900
8500
5400
4900
5000
4800
5100
4900
7400
4800
4900
6600
4800
7100
5400
5800
5600
5300
5200
5300
5300
5600
8300
5300
11100
24600
5800
16100
6000
5300
5200
8500
5400
9000
5700
9900
8900
30700
4900
14000
4600
8700
5100
8700
4700
8600
4700
5100
9300
7700
4600
4300
4600
4200
9800
5900
6100
4300
4500
4900
4600
10400
5100
5000
4900
4600
5100
4900
7100
4900
4900
4900
4600
7000
5200
8200
5500
5300
5000
5200
5400
5300
7600
5200
5500
12600
6200
9100
5600
5400
5700
5900
5500
8900
5700
9300
8400
30900
5300
9300
13200
13300
5600
16000
8800
29000
5100
11300
155600
17200
5700
4800
6300
5200
13200
18700
7700
5600
5300
7900
13100
31800
9900
8100
7000
13600
7100
6600
7200
7000
7300
13100
7000
13200
9100
8600
8200
8800
7900
8300
8900
8200
11400
8300
8600
12400
10000
15200
62500
12200
10500
10600
9900
14900
9900
18600
13800
43000
9800
15200
9600
17100
10000
16300
10200
15800
16500
5400
17800
15600
4700
4300
5700
4200
4900
4100
6500
4300
3900
4000
4100
11600
7300
5100
4800
6000
6000
4700
4600
5000
5600
8100
4900
10600
6700
6100
5300
5300
6700
5200
8300
5300
9700
5200
5900
21800
6600
10100
5700
6700
6600
5800
5800
9700
5800
9800
10300
29800
4800
10200
5000
12000
6000
8300
6500
9200
4900
5000
10100
8000
5700
4400
4800
4500
6700
4500
4600
4300
8500
4500
4400
19700
11100
6200
5100
6900
6000
4700
4800
5500
6400
8100
5000
10500
5800
6400
5300
5300
5500
5500
8300
6000
5200
5400
5300
7500
5900
5800
5900
5800
5700
5800
5800
5700
9300
5900
5900
27100
4700
9200
5100
8600
10000
10400
5000
8700
5100
5100
9100
7900
4700
4500
4600
4300
5600
4300
4600
4700
4400
4300
7000
12300
26500
5400
5200
7000
5100
5900
4700
5900
4800
6800
5200
9800
5400
5400
5700
5500
5800
5600
8500
5100
5200
5700
5600
7800
5700
5500
5800
6100
5700
5100
5800
5800
9300
5700
5500
30900
12600
13300
5500
4600
4400
9500
4800
7500
4300
7900
8000
15500
2900
3900
3800
5800
4400
4300
5000
4200
4700
4400
4200
6400
4200
4900
5500
5200
4700
5700
5700
4800
4700
5800
4600
7300
5300
5500
4800
6900
5100
5400
4900
5100
5000
5100
5200
9900
13500
5500
5600
5300
5300
5600
7700
5600
5500
8100
6400
36400
4800
7600
4700
4700
7200
4500
4600
5000
4800
4500
4400
6300
5300
4100
4400
4200
4700
4300
4200
4200
4300
4600
5200
5800
4900
5000
6300
5200
4700
5500
6000
5500
4600
5900
4600
7100
5100
4900
5100
6800
5000
5000
5100
5100
5100
5000
5100
14100
10000
5300
5500
5400
5600
5400
7600
5600
5300
5400
5600
29700
5300
7000
4700
4400
7100
4600
4600
4700
4800
4700
4500
7100
4600
4200
4700
4100
4300
4200
4100
4200
4200
4500
5300
5000
5100
4500
4800
6700
4800
5000
6300
5000
4900
5000
9000
7400
6300
7900
5500
7100
5300
5300
5000
5600
5200
5200
5400
10600
9800
5600
5500
5200
5200
5600
7200
5800
5700
5500
6000
31300
4800
10200
4600
4900
6900
4700
4700
4700
4500
9800
4400
7600
4300
4300
4800
4600
4100
4600
4200
4500
4200
4400
4800
5300
4900
4800
4500
6100
4800
4700
5700
4800
4800
5000
4600
6300
5200
4800
6200
4800
5000
6200
6400
5000
5000
6300
5000
9800
9400
5700
5700
5500
5600
5600
14900
5800
5700
5600
5400
39300
4800
7700
4400
4300
7100
4800
4600
5300
4500
4800
4700
7500
4800
4400
4600
4200
4600
4300
4300
4500
4300
4400
5800
5500
4800
4900
4700
6500
4900
4800
6000
4600
5300
4700
4700
6800
5200
5300
7600
5000
5200
7600
6700
5500
5100
6500
9000
7300
5400
5300
5300
8100
5300
5700
5500
5500
5200
6100
5400
32800
4600
7500
4500
4400
7000
4300
4400
4300
4300
4300
5100
6800
4600
4500
4400
4400
4900
4000
4000
4200
4500
4200
5300
5400
4800
4800
4600
6000
3800
4500
5200
4500
4800
9100
4400
6200
5000
5500
7100
5400
4900
6500
7100
4800
5000
6600
4800
7100
5500
5800
5400
7900
5500
5400
17300
5400
5300
8900
5500
29600
10300
4700
4600
4700
5700
5100
8300
5500
4900
4800
4600
11900
5300
5700
7600
4800
4900
4600
4500
4400
4600
4600
4400
6000
6400
4800
5000
4700
10100
4600
6500
5000
4400
4900
4900
6000
5400
5400
5400
5200
5600
5400
7200
5300
6500
5500
6100
8200
5500
5400
6700
7900
5900
7600
5500
4700
6800
8000
8700
28700
5000
5200
9400
7000
7700
12100
5300
5000
7200
5300
7500
8400
4700
4500
4800
4500
6100
5200
4400
4500
4300
5300
4400
6300
5000
4900
5000
4800
5000
4800
6000
5100
4500
4700
5100
7400
6000
5900
5900
5100
5200
4600
7400
5100
5400
6200
11400
8700
5500
5800
5400
7600
7900
7500
5800
5400
8200
7100
5400
26900
4600
4500
9300
8800
7900
7800
5500
4900
7100
4600
8300
8200
4600
4600
4600
4400
4600
5000
4400
4500
4300
4900
4600
6100
5300
5900
10100
4900
4800
5000
4700
4800
5900
4800
4800
6200
5300
5100
5200
5200
5300
5500
7200
5000
5500
5500
5300
10200
5700
8200
5700
7700
5700
7500
5500
5100
7200
6400
6900
28100
5100
4700
9000
7600
11300
8000
4900
4700
7400
4400
7300
7800
4800
4300
4400
4400
4800
4900
4400
4500
4200
4900
4000
7000
4900
5900
6200
4900
4800
4800
5000
4700
5000
4800
5100
6500
5400
5600
5400
5300
5300
5500
9900
5500
5100
6000
5800
7700
6000
5600
5700
11600
5400
7700
5600
5400
7700
7900
6300
27300
5200
4900
9700
8100
7000
7900
4700
4700
7600
4300
6700
10500
4900
5400
4700
4700
5300
5200
4500
4500
4500
5200
4300
7400
9700
6400
6500
5200
4800
4900
5200
4900
4800
4700
5200
8600
5300
5200
5200
7200
5300
5200
7400
5200
5100
5400
5400
7600
5600
5700
5300
5800
5700
6200
8700
6400
5500
6000
5700
27800
5200
4500
9600
7200
10900
7800
5000
4800
7300
4700
8400
8500
4700
4600
4900
4600
6000
6200
4400
4400
4400
5800
4500
7500
5000
7600
6600
5300
7500
5100
5100
5200
5100
4500
4700
6700
5600
5200
5200
5200
5400
5200
7800
5300
4900
4900
9400
7100
5800
5600
5900
5500
5700
5400
9600
5800
5700
5700
5900
28400
5100
4800
5000
8600
5300
8600
5000
4500
7900
8000
4900
11700
5100
4700
5600
5100
4600
4600
4400
4600
4100
4400
4700
8500
4800
5700
6000
5800
5200
4900
4700
5800
5200
5000
5300
9800
5400
5800
5700
5400
5400
9200
7300
7200
5500
5500
5200
7900
5900
8200
8300
6000
8400
6000
8600
5800
5700
6100
6000
29400
5100
4500
4400
4700
4700
6500
5000
4800
9100
9100
5100
8400
5500
5200
4600
4600
5800
4500
5000
4300
4500
5400
5200
7000
4700
4900
6100
7100
4900
8700
4900
6700
5000
5000
7400
8700
5500
5300
5600
6400
5600
8200
8800
11000
6100
5600
5300
7800
6200
8100
8500
5900
8300
6300
7900
6200
5900
6300
5800
29600
5000
5100
4800
4500
4800
4800
5200
4800
8000
8300
5100
7500
4800
6500
4400
4700
4500
4700
4400
4900
4700
7300
6100
5800
8700
5100
6500
6700
5000
5100
5100
5000
5000
5100
5000
7200
5900
5500
5600
5400
5400
8700
7100
7000
5400
5900
5300
7800
6000
8300
8100
5700
8000
5900
7600
5500
5900
5800
5800
29600
6200
5000
4900
4700
9300
4900
5100
4700
7900
8000
5100
7500
4700
5400
4900
4400
4400
4500
4400
4600
4500
4500
6100
5900
4900
4900
6300
6300
4900
5200
5200
5100
4900
5200
5100
6200
5700
5500
7100
6900
5400
6200
5200
8400
5500
5700
7500
7900
6000
12900
8400
5900
8100
5800
8200
5900
5800
5500
5800
29700
5100
5200
4800
4800
5100
5000
5400
4800
7800
7800
4900
7800
4700
5400
4500
4800
4400
5000
4300
4200
4500
4400
5500
5700
4800
4800
6800
6300
4800
5000
4800
4800
4600
8900
4700
6000
5500
5200
7600
6800
5400
6900
5100
6900
5300
5100
7000
16400
5700
5400
5700
5200
5400
8600
7900
8600
5700
5700
5800
28600
4700
4700
4500
4900
5200
4600
7400
4800
8000
11600
5100
6900
4800
5400
4500
4400
4400
4300
4400
4400
4200
4100
4900
6300
4600
4800
6200
6000
4900
4900
5100
5100
4700
4900
4600
4800
5300
11700
10100
5800
4600
5000
4300
5500
4600
4600
6700
6700
4800
4500
4800
5300
4800
8000
7000
7200
5000
5100
10100
31800
4400
7700
11700
4600
7600
4700
7000
4200
4200
4300
5400
9400
5000
4400
4300
4000
4500
4200
4300
8900
6000
5300
5500
6200
4700
4600
4600
4500
6900
4400
4500
4700
4600
4500
4400
6800
5200
7400
5300
7300
5300
4900
6900
5200
4900
4900
12000
8100
5600
5800
5500
5200
5100
5000
5000
8300
5100
5100
5500
28600
4500
4800
7800
4400
4700
4400
4500
4400
7900
7800
7700
8100
5600
7700
4400
4200
4300
4900
4000
4700
5000
3700
4900
6400
5300
4700
4500
4500
6200
4600
4500
4300
4400
4300
4500
7200
4900
7300
5000
7800
5200
5200
7100
4800
5000
5600
6800
7600
5300
5100
5400
5000
5200
5200
5000
8200
5300
5300
5200
26900
4600
4200
11600
4500
4500
4200
4100
4500
7500
7800
9900
7600
4500
5300
4100
3900
3900
4400
3900
5000
5400
5100
5100
5500
4400
4400
4400
4400
4300
4400
4700
6100
6300
6200
5900
6800
5100
7300
4900
7100
5100
4500
11000
4800
5500
5100
6800
8100
5300
5100
5400
5500
5400
5200
6100
7800
5300
5500
4200
28200
4500
4200
7900
4300
4700
4500
6800
4900
8000
8100
7700
8900
5300
5300
4300
4000
3900
9800
4000
5000
5100
4500
5500
5700
4800
4700
4800
4700
4000
4500
4600
6600
6700
6300
6500
6300
4900
4800
5100
4900
8300
5100
4900
4900
5300
4800
4800
7600
5200
5100
5300
5500
5300
5300
5500
8300
5600
5200
5100
31000
4700
4300
10400
4500
4800
4500
4400
4500
8100
6900
7500
8500
4700
4500
4300
4300
4000
4400
4000
4600
5300
4000
4200
7400
4600
4400
4700
4600
4400
4600
4700
6100
6300
5900
6100
6600
5000
5100
4800
9200
7700
5000
4700
4900
4800
4900
4800
6800
5200
7900
5800
7700
5600
5400
7600
5400
5300
5000
7900
29300
5100
4400
8900
4300
4800
4300
4100
4300
8200
8300
8100
11600
4900
4900
4500
4000
4000
5200
4100
4300
5100
4300
4900
5400
4900
4700
4600
4600
5600
4600
4500
6800
6700
6900
6900
6600
5100
5200
5100
5200
7700
5200
4900
4500
4800
4900
5000
7000
5900
8300
8500
8200
5700
5000
8300
5400
5700
5300
8300
37200
5200
4900
4500
4600
4600
4300
4300
8300
4900
4600
4300
15200
5400
5500
4400
4200
7000
4300
4400
4400
4500
4500
5500
9200
5200
4700
7700
5000
4900
6500
8000
6600
5200
6300
5200
8100
6000
5500
5600
5300
12900
5400
5400
7800
5600
6100
5500
9100
5600
5700
5800
6000
5900
8400
5800
9000
6100
5400
5500
29700
4800
7700
4700
4500
4600
4400
7800
5100
4400
4200
4500
10100
5300
4900
4500
9400
4200
4200
128800
13300
5900
5100
5700
10400
5600
7800
7300
4800
5000
7200
8500
7300
5200
6800
5300
8100
10500
4900
5200
5000
8700
5100
5600
8800
6800
5100
6100
9800
6000
6200
6000
6000
6100
16900
5500
9000
7500
5700
5800
28700
4800
7100
4000
3900
4500
4700
8700
4500
4400
4700
4200
9800
7300
5400
4600
5500
5300
4300
5400
5100
5400
4700
5300
5800
4800
4800
5700
4700
17000
5500
4800
4700
4600
9900
7700
8000
5600
5400
5100
5300
7900
5700
4800
7500
5300
5100
5300
8600
5600
5100
5200
5400
5300
5400
5600
8800
6100
5500
5800
30000
4300
8900
5100
4900
4200
4100
12000
4900
4300
4300
4300
8800
4900
4700
4200
4500
4000
4000
4700
4400
4400
4000
7800
5200
4200
4300
4000
4100
5700
4000
3900
4000
4400
4300
7400
10200
5500
5200
7500
4900
5000
7100
7800
7200
5700
7100
9200
7800
5300
5600
5500
5600
5500
5700
5400
8500
5500
5500
5600
29100
5000
9100
4500
4300
4700
4600
8300
4600
4600
4700
4200
9000
4700
5000
4100
7100
4200
4300
4600
4300
4400
4100
4500
5100
4300
4500
4600
4600
6400
4400
5600
4700
4600
4300
7800
11100
6300
4800
6700
6000
5000
8000
6800
8000
6200
7000
7000
8700
5600
7800
6900
5300
12300
5100
5700
8500
5400
5500
5300
27900
4000
8100
4300
4700
5200
4400
8200
7100
4500
4500
4400
8900
5500
4700
4400
4900
4300
4400
5100
4700
4300
4100
4800
5400
4700
4700
4400
4600
6600
4500
4600
5000
4600
4500
10700
10100
5200
5100
8000
5300
4900
7200
7100
7200
5700
7100
5400
7600
6200
5500
5600
5300
8500
5500
5300
8800
5700
5700
5500
30500
4800
4600
4700
4600
4300
8300
4600
8400
4500
5100
4600
28200
10500
4900
4200
4300
4200
4200
4300
8600
10500
5100
4100
5600
4600
4700
5100
5300
5200
4700
4600
4600
4500
4300
4400
7200
4800
5200
4900
6000
5700
6000
5100
4600
5100
5000
4800
7000
5000
4900
5500
4500
4700
5200
5000
5500
5100
5200
7100
34700
6300
4400
4400
5800
4200
4000
4700
8300
4300
4100
4200
17300
4800
4400
4300
5500
4100
4200
4300
4000
4300
5500
4300
5400
5800
4600
4600
5000
6400
4600
4700
4600
4600
4600
4400
7200
4900
4800
4800
6800
5300
5900
6000
5000
5000
4800
5000
9400
5100
5200
6800
5100
6300
5200
5100
5100
5000
6200
6600
31000
10000
4400
4000
5900
4100
4800
4500
5600
4400
4000
4100
8400
5500
5300
4300
4300
4200
4300
4000
4300
4200
4100
4500
5100
4800
4400
5000
4800
4600
4200
4600
4900
7700
4700
4600
6500
5000
4800
4700
5800
5200
12100
10700
5000
4900
8400
4700
12200
5000
8200
4900
5100
37700
7900
5700
5000
5000
4800
12100
19500
6000
4200
4100
5900
5900
3900
4100
6100
3700
3600
4200
8400
5100
4400
4300
3900
3900
4000
4000
4300
3900
4000
4200
5200
4600
4500
4400
4700
4800
4400
4600
4500
5800
4500
4100
5600
4900
4700
4800
6400
6200
4900
4900
4600
4600
4900
4600
11900
5200
4900
5100
5200
5100
5100
5200
4800
5200
4700
7000
17600
6000
4000
4100
7100
4100
4000
4000
6000
4100
3900
4200
7900
4800
4300
3900
4000
3900
4000
4100
3900
3900
3900
4300
4900
4600
4400
4600
4300
4200
4200
4600
4700
5200
4500
4400
6000
4700
5000
4900
5500
10100
4900
4700
4500
5000
4400
4500
6600
5300
4900
5400
6400
5000
6800
5000
5000
5000
5000
5100
17400
6200
4100
4000
7300
3900
3900
4100
6100
3900
4100
4700
6400
9000
4200
4100
4300
3900
4400
4100
3900
4100
4100
4900
4800
4400
4500
4900
4600
12000
4300
8500
4700
5800
4500
4400
5400
5000
4700
4800
6400
6600
5000
4800
4700
4700
4700
4700
6300
4900
4800
4400
7000
5100
7000
5100
5100
5400
5100
5200
15200
4300
3900
5700
3900
4100
4200
4400
3900
3900
4000
6400
9400
4800
5600
4400
4800
4800
4400
4900
4100
4300
4600
4200
5600
4900
7600
4600
4800
4500
4100
4600
3700
5900
2800
2600
4100
2900
3600
3000
2700
3000
2600
2800
3000
2800
2800
4300
4700
3100
4100
3100
2800
3500
3100
3000
3900
3000
2900
3000
9900
2500
3900
2500
2500
2300
2300
4700
2400
2500
3900
2500
7100
3000
2500
2400
2600
2600
6200
3300
3200
2800
2600
2400
3900
2700
3900
2600
2700
2600
2700
2700
2500
2500
2800
2700
4000
2800
2800
2700
2700
2700
2700
2600
2700
6800
2800
3800
4300
2900
4100
2900
2800
3000
2900
2900
4100
2900
2900
3000
8700
2400
3800
2400
2300
5000
2400
4500
2400
2400
7200
2400
6400
2700
2500
2400
2300
2700
2400
2800
2900
2600
2600
2400
3100
3100
3400
2800
3400
3100
3300
3500
2600
2700
2800
2800
3800
2800
2800
2900
2800
9700
2900
2600
2600
2700
3400
3800
4700
3200
3800
3200
2800
2900
2700
2900
7100
2900
3000
2900
8200
2400
3800
2400
2500
2200
2200
4500
2400
4000
4000
2300
6200
2700
2500
2500
2400
2500
2500
2800
3100
2500
2500
2400
3400
3300
3300
2900
3100
3300
2600
3100
2600
2800
2700
2600
3600
2900
4000
2800
2900
2800
2900
3900
2800
2800
2800
3600
4200
3000
3900
2900
2800
2900
3000
2900
3700
3000
2800
3500
8100
2600
3700
2400
2300
2300
2300
4400
2600
2400
3800
2400
5900
3200
2500
2400
2400
2400
2400
2800
2800
2500
2700
2400
2900
2700
3500
2700
6300
3100
2600
3400
2700
3200
2700
2700
3400
3000
3900
2800
3100
2700
2700
2600
2800
2700
2800
2800
4100
3200
2900
3000
2900
3500
2800
2900
3000
2900
3100
4200
8400
2300
3700
2300
2300
2500
2200
5500
2500
2300
3600
2300
8500
2700
2400
2400
2600
2400
3100
2900
3200
2500
2600
2400
3200
2800
3600
4000
3500
3400
2700
3300
2800
2600
2700
2500
3500
3400
4200
3100
3500
2800
2900
2700
2700
2900
2800
2800
4500
2900
3100
2900
2900
3000
3000
2800
3000
3000
3100
4100
10700
2500
3800
2500
2400
2700
2400
2400
3800
2700
2500
2600
