140000
26300
508800
30400
24000
26800
24300
20800
23600
20800
28200
20400
45600
26800
21400
26400
21700
20400
115900
29300
29700
37900
24300
23200
942400
61300
39700
24400
24800
36400
23300
36100
23000
26400
25700
21900
40600
26300
44900
19600
17700
16800
17100
50600
22800
42000
18300
16700
38600
21300
24300
44100
19000
18300
18700
19200
29500
17000
15700
15400
15700
10200
9400
12600
10200
11200
9400
9700
9800
9500
13500
10900
19200
12300
11400
12300
19300
11800
27000
14000
14800
19700
13600
11900
21000
21600
14000
12900
12400
20700
13500
21300
13300
21100
16100
16300
27100
16300
27500
14100
13800
12700
22500
27400
16600
24900
14200
12700
38400
26000
14800
29000
14700
15300
13800
13400
13300
13200
14700
12700
9000
7500
7200
10600
8400
7400
7200
19000
9200
8200
9700
8600
11200
8800
17600
11900
10100
9300
8700
8900
17400
13600
88900
10600
22900
22400
12400
11400
11000
20400
11500
17800
11600
13200
13700
11400
23600
14700
60300
18400
13900
13900
12200
31500
14600
43200
35000
13900
26900
18000
14600
26400
14100
14000
12500
12900
14500
13700
12500
12600
14400
7400
6700
10500
6900
6700
6500
7500
7100
7100
8900
7300
13600
8800
23100
15100
9100
9000
10900
10000
13000
12300
9800
31400
21300
16400
15700
18600
15600
15500
28200
18500
17400
29100
22200
17300
24000
22700
74200
29500
22300
21800
25900
32000
19400
28400
20600
20100
27100
26500
20000
35200
21700
21200
171200
26800
16500
14900
18800
14700
9300
8500
7400
13900
9800
15800
10200
11200
9700
10000
13200
11200
12700
11500
19600
17600
13400
68400
12500
10000
16300
13800
10400
9200
18100
9800
9300
10000
9300
9700
19700
11100
9900
19900
10500
14300
12200
22800
12700
11100
12500
20000
11100
20900
11300
15400
10200
10500
20000
14000
11000
23200
12500
12200
10900
10800
11500
11500
10900
10900
8400
8600
8100
10700
8800
8100
8300
9700
8800
8500
10600
9400
9100
8600
12100
19800
9000
10500
9300
8900
12800
12400
10200
8900
9700
9300
9000
9300
9800
9200
16600
82600
24700
27300
10400
12400
24300
85500
24600
19900
18100
19400
8100
20500
7800
14700
9300
7800
9400
10400
17200
8100
7700
7500
7700
15000
7900
14900
8200
7500
30300
67500
18300
20200
18200
17400
17400
24200
21000
25000
18300
17300
19600
16700
15900
13200
17000
15900
13200
14700
13300
13300
13700
13800
15400
14100
13500
14100
19200
18800
13700
14300
20800
19900
24600
18800
21300
20500
19200
19300
19300
19600
19600
20100
27700
26300
19600
19400
123200
14000
20000
8600
8900
16200
9000
10700
8300
8100
8600
8500
24500
26500
17000
17700
37900
21200
17300
17500
20500
20100
20200
17700
18900
19000
17900
17900
24200
17800
19400
17900
17900
17600
19500
10900
13600
11400
10200
10100
15300
17200
11000
11300
11400
10400
16000
10400
12600
20700
10900
11600
11000
11100
10900
11000
19400
21500
11200
11000
104500
9200
17300
8700
8600
15300
9100
7700
9600
8400
8200
9700
13000
12300
8400
8400
10000
10000
8500
9700
8400
8800
9900
8700
10000
13200
9100
12600
9700
9300
9400
15000
13500
9300
9400
9400
15800
11000
7600
9300
11400
11400
7800
8000
8100
7800
11700
14800
12200
10400
7800
7800
8100
7800
8300
8000
13600
12700
8000
8000
71100
11900
12800
3900
4300
9900
3800
3800
4500
4400
3800
3900
5400
10100
4600
5100
5800
5700
4900
4600
4400
4700
6700
4600
5400
7600
4900
7400
5000
5500
9600
9100
9100
4800
6700
5000
6100
5100
5000
5100
8900
5600
5200
4900
5000
5100
5100
5100
6400
6500
5100
5300
5200
5200
5300
5200
13100
10000
5200
5600
66400
3700
10100
3700
4000
8600
3900
3700
4100
3900
3800
3700
5500
5800
5000
4400
6000
5300
4400
4800
4500
4400
5300
5800
5600
7200
5200
7800
5000
4700
5100
7500
7900
4700
7600
5600
6100
5000
4900
5000
21500
8400
5400
5100
5000
5300
5200
5200
12400
5200
5400
5000
12200
12200
5300
5200
5300
5600
14800
5500
92300
4200
8200
4000
3900
6000
3700
36300
7600
8900
4500
3900
5000
8000
10100
3600
4200
5500
3900
3400
3500
3400
4400
3600
4300
5400
3800
6000
4000
3800
3700
5200
5900
4000
3700
3700
5300
5400
4000
4100
6300
5400
5100
3900
13200
4300
4000
4300
5600
4300
4300
4300
6200
9000
4100
4500
4400
5400
6300
4200
61400
4000
3700
4100
3800
3700
3800
4300
7300
6100
3800
3700
7600
20200
11500
4000
3500
3700
3500
3500
4400
4400
4600
4300
4900
4000
3600
3700
3600
3700
3800
3800
4700
4100
4800
4200
5200
4400
4100
3900
4000
4100
3900
3800
8600
3900
3900
4600
8000
4400
4300
6000
4200
4300
4000
4100
4000
4300
4700
6000
24900
4000
3800
3600
3400
3600
3600
3600
5000
3800
3600
3900
5300
3700
4500
3600
3600
4300
3700
3700
3500
4200
4300
3600
4800
4500
3800
3800
3700
3800
3600
6600
4900
3700
5300
3600
5000
4000
4200
4100
3800
6300
4500
3900
5100
4400
3700
3700
7300
4500
3800
6500
3900
4000
3900
4100
4000
4100
3900
6300
16700
3700
3600
3200
3300
3700
3400
3700
3300
3500
6200
3500
5500
3500
4000
3600
3200
3700
3500
4900
3200
3800
4100
23000
4200
3200
4000
3300
3200
3000
3000
3200
4000
4200
3000
4100
4800
3500
3200
3100
3000
3100
3300
3100
4700
3200
3100
3100
6700
3400
3200
5100
3300
3900
3300
3300
3200
4600
3400
5900
17800
3000
3900
2900
2700
2800
2700
3500
3000
3300
2800
2800
4200
2700
3100
2900
2600
3100
2800
3700
2600
3000
3900
10400
11500
4200
4000
3100
4200
3000
4100
3000
4800
5200
3900
4000
4800
3100
3100
4100
3100
3100
3100
3700
5300
3200
5600
3300
7600
3500
3200
5100
3200
7100
3200
3300
3200
4200
3300
6700
17500
3000
3700
2800
2700
2700
3900
2800
2700
2900
4500
2900
4200
3500
4500
2800
3000
3500
2800
2800
2500
4200
3200
3000
5400
3000
5600
3100
3100
3000
3900
3000
4000
5000
3000
4800
4400
4200
3600
3200
3100
4500
3200
4600
5700
3400
7900
3100
4500
3600
3600
3900
3400
3300
3500
3300
5300
3600
3300
3400
15400
2800
2700
2900
2900
3300
2600
3000
2800
2900
2800
3600
3900
2700
2900
2900
2600
2800
2700
2900
2500
2800
3000
3100
3400
3100
4000
2900
2900
3400
3100
3000
3700
3900
2900
3700
6700
3100
3200
3200
3100
3100
3300
3100
4300
3500
4700
3200
4900
3500
3500
3500
3400
3400
3300
3300
5000
3300
3300
3500
20800
3300
5000
5400
2700
2700
2900
2700
2700
2700
2900
9900
5600
3500
2800
2700
2600
3500
2800
2800
2700
2800
3000
2900
3600
4400
3100
2900
3200
2900
3000
2800
5900
4300
4600
3200
4500
3300
4400
4300
4300
3300
4200
3200
3400
3100
3200
3200
5000
3800
3300
3300
11800
3500
3400
3300
5000
3300
6800
3400
15400
4700
3400
2800
2900
2900
2900
2800
2800
13200
2900
2900
7200
2800
2800
2700
2700
2800
2500
2700
3200
2600
2700
2500
3600
4000
2700
2700
3100
2700
2700
2900
3100
5300
4200
3000
5200
3400
4200
4300
4800
3000
4100
3100
3200
2900
3000
3100
4900
3300
3200
3100
3300
3100
3400
3100
5000
3200
5400
3200
18200
4600
3400
2800
2800
2700
2700
2800
2600
5200
2800
2900
4700
2800
2800
2700
3000
2500
2600
2700
3700
2700
2700
2700
3500
3900
3000
3100
3200
4000
3000
3000
3000
3000
3100
3000
4800
2900
4300
4200
4400
3000
4000
3200
3000
2900
3000
3100
4700
3700
3200
3200
3300
3400
25500
5000
5500
3300
8300
5100
28200
6600
3700
2800
2700
3200
3400
2900
3000
5600
2900
3100
4900
2900
3000
3100
3200
2700
2900
3200
3900
3000
3000
3500
3900
4400
3300
3200
6600
4100
11700
3300
3100
3300
3200
3100
4200
11300
3800
3400
3400
3700
3800
3700
3500
5200
4800
3900
5100
3700
3900
3900
4000
3800
3900
4200
5400
3800
7200
3700
18600
5300
3300
3000
3100
3200
2700
3500
2700
17500
2800
3100
25100
2700
2700
4700
3000
2500
2600
7300
6900
2600
2700
2400
10300
3900
2800
2900
3100
3700
3100
2800
2900
2900
2900
2800
4200
5500
3000
3100
2900
3100
3000
3200
3300
4000
4500
3100
4300
3300
4700
4600
5300
3400
4400
6400
3100
3000
3100
3700
15100
4500
2800
2900
2800
2700
2600
2900
2800
4400
2600
2900
5500
2700
2700
2800
3000
2500
2500
2800
3300
2600
2600
2500
3500
3500
2800
3000
2800
4200
2900
2800
2800
2800
2900
2800
3800
4700
3000
2700
3000
3000
2800
3700
3100
4100
6700
3100
4300
3200
4600
4600
5000
3100
4600
3300
3000
3000
3100
3500
15400
2700
2600
2600
2600
3100
3000
2700
4900
2600
5700
2800
6100
2800
2700
2700
2700
3600
2600
3000
2600
2600
3500
2600
3900
3400
2800
2700
3800
2800
2800
2700
2900
3000
3600
2800
4200
3000
4200
3200
8700
3300
3000
2800
3000
5200
4100
2900
4900
4800
4400
3700
3300
3300
4900
3400
4700
3200
3200
3500
15700
2700
5300
2900
2500
2600
2700
2600
2600
2500
3200
2800
4500
2800
2700
2700
4000
3300
2600
2600
2700
2800
2500
3000
7200
2900
2800
3000
3500
2700
2600
2800
2800
2700
3600
5000
4000
3100
3900
4100
4200
2800
2900
3000
2900
6400
4100
3000
5100
4600
5100
3100
3100
3100
4700
3400
4600
3200
3300
3300
14800
2700
7600
2600
2400
2600
2900
2400
2500
2500
2800
3100
4600
2800
2900
2700
3500
3100
2900
2700
2700
2700
2600
3300
3300
2800
3100
2800
3000
3800
3100
2800
2800
3200
3900
2900
4100
3000
4000
3100
3800
2800
2800
2800
3000
4100
3900
3000
4700
4900
5800
3100
5900
3200
5000
3400
4600
3600
3100
3600
15200
2500
6100
2600
2600
2500
2600
2400
2700
2500
2900
2500
5300
2700
2800
2800
3500
3400
2600
2700
3000
2700
2600
2600
3700
2800
2900
2900
3100
3800
3000
3100
2800
2800
4200
2800
3700
3200
2900
3100
7200
3000
2900
2800
3000
3000
4500
2900
4500
4700
4600
3300
3200
3600
8200
3300
5100
3200
3100
3300
15700
2500
6600
2700
2400
2600
2500
2700
2500
2500
2600
2700
5000
2700
2800
2900
3500
3400
2800
2700
2600
2700
2500
5600
3300
3300
3300
2800
2800
4300
2800
2800
2800
2800
4100
2800
4000
3200
3000
3200
4200
3000
3100
2900
3100
3000
4800
3000
4700
3200
7400
3400
8700
3100
3300
3000
3100
5100
4500
3100
17500
2700
7700
2500
2300
2500
2700
2500
2400
2600
2800
2500
4700
2700
2900
2800
3000
3100
2600
2700
2600
2700
2600
3200
3000
2800
2800
3000
2800
3500
2800
3000
2800
3400
3500
3000
3500
3300
3100
2900
4000
3000
2900
2900
3000
3100
3900
2900
4100
3200
4200
3300
4400
3000
3300
3500
3200
9800
4200
3300
15200
4200
5600
2500
2700
2700
4400
2900
4100
3000
2600
2700
6200
3600
4000
2700
2700
11200
2900
2700
2700
3200
3300
2600
4300
3100
2800
2800
2800
5100
3700
2900
3000
3100
2800
2800
4200
3100
3000
3100
3200
2900
3900
4400
3100
3400
3000
5100
5500
4200
3200
3100
3200
5700
3300
3200
5500
3300
3200
3600
17400
2800
2800
2700
5300
2900
5500
3600
2700
2700
2700
3100
8900
3100
3000
2800
3800
2800
3300
2800
2700
3600
2800
2800
6700
2900
2800
2800
2900
2800
3600
3200
3400
2800
2800
2800
4500
3000
2900
3200
3000
2900
3900
4500
2900
2900
2900
4000
4400
3100
3000
3300
3100
4700
3200
3100
4400
3300
3400
3200
16900
2800
2600
2800
3800
2900
2400
2600
2500
2600
2600
2600
5500
3100
7000
2800
2700
2600
3100
3000
2700
2600
2700
2700
3500
3000
2900
2900
3100
3400
2900
2900
3200
3700
3600
2900
4000
3100
2900
3000
3000
3200
3800
3200
3800
2900
2900
5100
4400
3300
3100
3100
3000
4800
3400
3200
8100
6100
5800
3200
15000
3400
2700
2900
9900
2700
2900
3000
2500
2700
2500
2600
5400
2900
2900
2800
3000
2800
3200
2700
2700
2800
2600
2800
3300
3200
2900
2900
2900
3800
4300
3000
3000
4000
3500
3000
3700
3300
3100
2900
3000
3000
5200
3000
3100
3300
2900
3000
4300
3100
3300
3100
3000
4600
3100
3000
4300
3400
3000
6100
16600
2600
2800
2500
3900
2700
2400
2600
3100
2800
2600
2500
5400
3100
2800
3200
2700
2700
3300
2800
2700
2700
2700
2800
3200
3400
3200
2900
2900
3500
3300
2900
2900
4000
3500
3000
4400
3100
3000
3700
3000
3000
5300
3200
3000
3100
3300
3000
4700
3200
3100
3200
3200
3200
4600
3200
3200
3000
3400
4300
16600
2600
2600
2500
4000
2600
2700
2600
2500
2500
2500
2500
5400
2900
2900
3000
6800
4800
2900
2800
3400
2300
2300
2500
3000
2800
2600
2500
2500
3200
2600
2500
2600
8000
3000
2800
3400
3100
2700
3400
2700
2700
4100
2700
2700
5700
2800
2700
4100
2800
2700
2900
2800
3300
4100
2900
2800
2700
2900
3900
15200
2500
2200
2200
2200
4200
2500
2300
3800
2400
2800
2500
84900
13700
9300
4700
3500
3400
7100
4200
4900
5200
5100
6800
9000
5800
8900
8400
7500
6900
5900
6900
5400
6600
8200
6700
9800
12700
11900
8300
6700
7400
11400
7100
7700
11300
7800
7000
12700
9900
8700
8200
12700
9300
8500
8400
12600
6700
12900
11600
40400
10100
13900
9600
9900
15500
15200
9800
9900
9100
14200
9800
19900
5900
6600
5300
5800
6200
4900
7100
5600
6400
5100
5200
20300
8100
14900
6900
6500
4900
4400
4500
4300
4400
7000
4900
10300
5300
4900
5000
5100
5200
8500
5600
5000
9700
9400
5900
8400
5200
5300
5200
16300
5800
5300
5100
8900
5400
9900
8500
27900
4600
4200
4600
4800
9100
9900
4200
4400
4400
4900
4300
37600
4700
5200
4100
4100
5000
4200
4900
4200
4800
4100
4100
7400
4600
6500
10500
4500
4600
6600
4400
4600
4400
6400
6200
7500
5100
5000
5100
5000
4800
8800
13300
5200
8400
4900
5200
7500
5300
6700
5200
8800
5200
5200
5200
9200
5400
15900
8700
51700
5000
5100
4800
4700
8300
7900
4500
4600
5200
4700
4700
8300
4400
4900
4100
4000
4600
4200
5700
4200
4500
8100
4100
7400
4500
6100
4700
4600
4800
6300
4600
4600
4900
6300
6100
6400
4900
8400
7100
12600
5000
5000
5000
5100
5100
7400
5400
7900
5400
5600
5700
7700
5200
5600
5600
8500
5100
9200
8600
27700
4700
4300
4400
4300
8100
8100
5800
4500
4400
4900
4100
8900
9300
7100
4600
4400
5300
4000
4500
4200
4800
4200
4300
7500
4800
6800
4900
4900
4900
6400
4900
4900
4800
6900
6400
7000
5100
7600
8000
7600
5000
5400
5400
6000
4900
7900
5200
7700
5600
5100
6200
5100
9800
8300
5200
5400
9200
6100
5700
30300
5300
5100
5100
5300
16400
11700
5100
4700
5600
5200
4600
8700
4600
4900
4300
5100
5600
4600
4800
5300
4700
4600
4500
7700
5300
6800
5300
5200
6400
6400
5000
10300
4700
6400
6700
7500
5500
7700
7900
7100
6800
5300
5300
5000
5700
8100
6600
8500
7100
6300
6700
5800
5900
9900
5900
6300
12500
6600
6400
32700
5800
5000
4900
8900
9400
4800
4600
7200
4500
9000
7900
11800
4800
7100
4600
4400
4100
4500
4600
5600
4300
5600
4300
6200
6000
4900
6300
5000
4900
4400
4200
4400
6300
4700
5100
7200
6700
7800
7600
6700
4700
4600
6600
5100
5400
4900
4900
9200
9600
5300
5100
5100
5200
8200
5800
4900
10400
8500
5200
28100
5400
4600
4300
7600
4700
7900
4400
4300
3900
4800
4200
8500
5200
4300
4600
4000
4100
5500
4700
4600
4400
4900
4000
5900
5800
4400
4200
4300
8400
4300
4400
4100
6900
4500
4300
6500
6400
6200
6300
7300
4600
4600
7100
5000
5600
5100
4800
7200
5000
4900
5200
7600
5400
8400
5500
5200
8900
8600
5400
26200
4600
8600
4600
8000
4500
8800
4500
4800
4500
4400
4500
7800
5100
4300
6000
4400
4300
4700
5000
4700
4700
4700
4600
5500
4000
6400
5000
4700
4900
5300
4900
6300
4700
6400
4600
6900
7000
7300
7200
7100
5200
5000
10100
5300
5600
5400
5000
8100
5600
5500
5400
6500
5400
8700
5200
5100
8200
8200
5300
28300
4300
4200
4000
7700
4800
8300
4200
4200
4400
4300
4400
9200
6200
4300
5200
4200
4100
5000
8900
4300
4100
5900
4400
5300
5500
6900
4600
4400
4600
4400
4900
6400
4800
7000
5800
8900
7500
5700
5400
5600
4900
4600
4900
5000
8100
5300
5400
7800
5300
5400
5300
5600
5200
8300
5300
5300
12000
8200
5500
27600
4800
4400
4500
8200
4500
8100
4800
4500
4600
4600
4500
7600
5200
4700
4900
4400
4800
5000
4600
4300
4200
4900
4300
5600
4800
6300
4700
4500
7500
6100
4800
6400
6000
6600
4700
7500
8700
6200
4900
6500
5200
5000
5100
6000
8800
5400
6100
8300
9300
7900
9100
9900
5400
6600
8700
7100
5100
5300
5400
32000
4800
4800
4500
9300
4500
8300
4600
4600
4400
4600
5000
7500
5100
4300
5100
4400
4200
4900
4800
6900
5200
4900
4400
5300
4600
6700
4800
4900
4700
4700
4900
6200
4900
6400
4600
6500
7000
5400
5000
5100
5300
5200
5400
5100
11800
5000
5000
7300
7800
30700
13200
5400
4200
3600
4900
3700
3700
3400
3500
17000
2900
2800
2500
2700
2900
4700
3000
2600
5000
4600
2600
8100
3400
2800
3300
2600
2900
2700
2500
2600
2600
2500
2500
3800
2900
2800
2700
2900
3400
5200
6600
2700
2900
2900
2900
4700
3200
3200
3100
2900
3800
3300
3500
3100
3100
2900
3200
4700
3300
3200
3300
3100
3400
3000
4400
3200
3100
3000
4800
15500
2800
5400
2700
2600
2600
4200
3200
2700
2700
2500
3700
6900
3200
3300
3000
2500
2800
2700
2900
2900
2700
2600
2500
6500
2900
2800
2800
2800
3300
3800
2900
2700
2700
2800
2800
4000
3000
2900
2900
2900
3000
3100
2900
3700
3000
3000
3200
4300
3200
3100
4600
3200
3000
3000
4300
3200
3000
3000
4200
14100
2600
2800
2600
2500
2600
3800
2500
2500
2600
2500
3700
6400
3200
3200
5800
2600
2600
2500
2800
2700
2600
2600
2900
3400
3900
2800
3200
2700
3500
2800
4700
2800
2900
2900
3000
3800
3200
2900
3000
3000
3200
2900
2900
3000
3000
3700
2900
4500
3100
3100
3200
3200
3100
3000
4200
3200
3100
3000
4300
14300
2700
2700
2800
2500
2500
3900
2500
2500
3800
2600
4500
6900
2800
2600
3500
2600
2600
2600
3300
3600
2700
2600
2500
4100
3400
3000
2900
3600
3300
2900
2700
3700
2700
2800
2800
4500
3300
3100
3900
3000
3600
5000
2900
2900
2900
3000
4400
4900
3200
3100
3200
3900
3100
3000
5100
3200
3100
3000
5100
15200
2800
5800
2600
2500
2500
3900
2500
2400
2700
2500
3700
6800
3000
2900
3000
2700
2600
2700
2900
2700
2600
2600
2500
3300
3500
2900
3000
2700
3400
3100
2700
2900
2800
2800
3100
3600
3100
2900
2900
2900
4500
4100
2900
3100
2900
3000
3000
4200
3400
3400
3200
4900
3300
3400
3100
3200
3200
6000
3300
14100
2600
2800
2500
2500
2500
3900
2500
2500
2600
2400
3600
5700
3300
2600
2800
2600
2600
2600
2900
2800
2500
3200
2500
3200
4700
2900
3000
2800
3400
3000
3000
2900
2800
2900
3200
3500
2900
3100
2900
2900
4000
3900
2800
3100
3500
3000
3000
4100
3300
6100
3200
3200
3200
3300
3200
3200
3400
3100
3200
14100
2700
2600
2900
2700
2600
2600
4100
2700
2900
2500
4100
15000
5500
3000
2600
2500
2600
2700
2800
2600
2800
3300
2500
3500
2900
3900
3100
3200
2800
2700
2800
2800
2700
2900
2800
3900
3100
3000
3200
3000
3000
3100
3000
3800
3000
2900
3200
4300
3400
3300
3200
3100
3700
3400
3400
3200
3500
3200
3400
16400
2700
3400
2700
2700
2700
2700
4200
2700
2600
2600
3500
6700
2800
2800
2800
2600
2700
2700
2900
2800
2600
3000
2800
3500
2800
3500
3000
3600
2800
2900
2800
2900
4400
2900
3000
3800
3100
3000
3200
3000
3000
2900
2900
3800
2900
2900
3000
4100
3300
3200
3200
3100
3200
3400
3200
3000
3100
3100
3200
16200
2700
2600
2500
2500
2600
2600
4100
2700
2600
2600
3700
6500
2800
2800
2800
2600
2600
2600
2800
2800
2600
2900
2600
3400
2800
3000
2800
2800
3100
3400
2900
2800
2900
3600
2700
3700
3000
2900
3000
3200
3100
2900
2900
3700
2900
2900
3000
4000
3200
3400
3200
3100
3000
8700
3200
3100
3000
3300
3000
12600
2600
2500
2600
2400
2800
2400
3400
2600
3400
2500
3900
6600
2700
2700
2800
2500
2700
2500
2600
2700
2600
3000
2600
3500
2900
4300
2900
2800
2800
2800
2700
2700
2800
3600
2700
3600
2900
3000
2900
3700
2900
3000
3900
3000
2700
3000
2800
4100
3100
3300
3100
2900
3000
3000
3100
3000
2900
3000
3500
11400
2600
2500
2400
2400
2800
2500
3700
2600
2600
2500
3400
6000
3000
2700
2700
2500
2500
2500
2500
2500
2700
2700
4100
3400
2800
2900
2700
2800
2700
2700
2700
2600
3300
3300
2800
3600
2900
2900
2900
3500
2900
3000
2900
2900
3200
3000
2900
4200
3100
3100
3100
3300
3700
3100
3000
3900
3100
3100
3100
10600
2600
2400
2400
2400
2800
2400
3400
2600
2500
2400
3300
6600
2800
2700
2900
2500
2500
2800
2600
2600
2500
2900
2600
3300
2800
2800
2700
2900
2700
2800
2700
2800
2900
3300
2800
3400
3400
3000
3100
3600
3000
3200
3000
2800
2700
2800
3000
3900
4300
3200
3300
4500
3200
3200
3000
4200
3200
3000
3100
11100
2500
2800
2600
2600
2500
2800
2600
2500
2400
2600
2700
