619500
26500
40300
29100
24600
130400
25100
25400
18300
18900
33700
27500
42100
178900
26200
36100
26700
21000
26300
25200
28500
24400
37800
26800
932200
64700
36200
27300
25200
25200
37700
25200
24700
26700
22000
17300
60000
24900
23500
21300
19100
16400
38500
18200
17700
38600
18300
26000
111000
38600
19000
20800
40000
24900
21600
19100
33800
35300
18300
16100
18900
11000
9600
23700
16200
13700
10500
9900
9400
11500
15300
12300
19800
13500
11600
53800
19500
13000
11800
11500
14800
13900
28300
13700
27600
30400
14500
13400
12300
12400
24600
18200
13500
14100
13200
12500
38500
17700
17900
13800
13800
13600
55800
20200
16100
55900
17400
14900
45400
19900
16100
15500
26200
18100
15800
15500
24900
25300
16000
16100
12900
10200
10000
16400
13800
11300
9900
23200
11000
11700
11700
10700
16500
10400
10600
11200
10500
19900
12400
11700
10700
13100
11700
17000
17800
18300
13500
12000
13100
12700
18600
12800
12900
17100
14400
21500
30900
17200
13500
12800
19100
15000
23600
17400
13700
19800
22600
18800
56400
28600
24800
22200
44300
25100
22000
22000
47900
37500
22800
23700
14800
13200
12000
26200
17600
14600
13000
15100
12600
13200
16400
13600
18400
16900
16000
16200
14800
38300
17000
21600
16400
19700
21900
44200
26500
19100
18000
24600
17700
17300
15800
18800
16400
25100
24100
18900
36300
25800
33400
20000
18900
24400
28200
20400
17400
24500
18900
18400
39400
27300
21100
20800
33300
20200
19600
18500
28200
28800
25500
19300
10800
9600
8500
23600
13200
13000
10000
9700
8800
10000
12600
11300
13100
14500
11900
14500
10900
18000
12100
10900
11200
13500
10900
17000
23700
13000
12000
19500
13300
12200
13400
12700
13700
14900
21500
15400
21300
29900
18900
18000
15600
67600
21600
13100
12300
10700
10600
11100
40600
16300
13400
11600
20700
13600
11900
12500
23700
21600
12300
12500
8900
8200
7500
21100
11700
8100
6800
9200
14500
8200
11500
8300
9200
7700
7400
10300
10500
16700
13400
9500
8400
12500
8500
14400
11200
8900
8300
15000
8500
11300
8500
8300
8700
10400
17400
9200
11100
17500
14500
9300
8900
8900
16000
8800
9600
9400
8600
8900
31600
14000
10800
10200
12900
10000
19400
11500
18200
18900
11700
25800
28900
26900
48900
24200
21300
20200
20000
21800
20100
21200
21200
29800
46900
45500
26300
19200
23000
16300
16100
17200
19300
18900
16400
16200
18600
16600
16900
16000
16300
19000
19900
10400
13200
9700
11000
9600
12100
9300
9600
9100
14200
9300
9300
9100
9400
8700
8500
12800
121300
20600
27500
13300
14300
7100
16000
6700
6800
6500
7300
6600
14400
17500
10200
11700
9800
8100
8100
9300
9700
11200
8500
8000
10000
9400
8100
9100
8100
9200
8400
16300
16000
11100
9000
8700
12800
9000
9100
11600
8600
12200
20300
16400
15600
9500
9300
8900
11800
9600
9200
9200
9100
10200
9300
9100
8900
9600
9400
13200
120300
21000
7200
10500
13600
6600
18000
6100
8700
6900
6800
6100
10000
7900
8500
7200
8500
7300
7200
8400
8900
7300
7500
7300
9000
7900
10900
10500
8500
7700
8000
7800
7700
7900
8500
11100
10600
8200
10700
8200
8200
8300
12300
10100
12900
9100
14000
8900
12600
9400
8900
9200
8900
8900
8600
8600
13300
8700
8200
13500
109800
14500
6800
12800
12500
6200
13400
6200
7000
7300
5900
5700
10300
7600
8500
7800
8600
7400
7300
8000
8400
7300
7000
7500
8400
7700
10400
7500
7900
9400
8100
8100
8000
12400
7800
11100
10700
9000
8700
9200
34900
13200
9500
9100
12500
12500
8700
7800
11300
11200
8500
10200
8200
8100
8000
8300
8000
8400
8800
12200
44500
10300
6100
9700
12500
5800
16800
5900
5500
5400
5600
5200
8300
6800
7900
6700
10000
16900
6500
8200
7700
10200
6400
6600
7600
7900
10000
7300
7200
7100
7300
7900
7200
7100
7200
9400
8700
7800
7600
7400
7500
10300
7900
7800
10700
10400
7500
7100
9800
7800
7900
7700
8000
7400
12000
8100
17000
11300
7600
8000
37200
9300
5300
9900
11300
5600
11600
5300
5600
5500
5300
5300
8300
8100
9000
7100
8400
7300
7000
8300
9000
6800
7600
6900
8300
8400
11300
7500
7300
7700
7000
7200
7400
11500
7300
10600
8700
10000
7300
7600
7200
8300
9000
7300
11100
10400
7700
7500
9200
8400
6800
7200
7600
7500
11500
7900
13100
7800
7900
8000
34000
10100
8300
5300
5200
5300
5200
5100
5700
5200
4800
14900
10700
7000
5200
6100
4700
5600
5600
4700
5600
4800
8600
4600
9100
7400
5600
5200
5700
5200
5000
7400
5200
5100
5500
5100
10700
5500
5500
8800
9400
5700
5800
10500
6000
5400
8400
6600
9400
6500
6900
6200
6300
6300
6200
10500
6300
9000
7700
6500
35800
5500
5600
5400
5300
5400
10200
5400
12100
10500
5300
5400
7100
6600
4800
4700
4700
4900
4600
6500
4900
13300
4500
4700
14200
6800
5000
5600
5000
4900
4700
6500
4700
4900
5200
4700
8900
5200
5000
8200
11900
5500
6000
9300
5600
4900
6700
5300
12800
6000
7500
5800
6100
5800
5800
9600
6100
5800
5700
5800
29200
4800
5700
5000
4900
5000
9300
5100
12800
9000
5100
5000
6500
5800
4800
4400
4600
4600
5800
6200
23700
5900
8600
6200
5400
14300
4800
8200
4900
6200
38400
5800
6700
7900
5200
5000
14000
5700
5400
8600
8300
5400
7100
9700
4900
5100
12600
5100
10300
5500
5500
5600
7100
5400
5600
10200
5200
6500
5900
5500
154700
7300
3400
3300
6100
4900
13400
3600
8900
7500
3100
4100
5800
8900
5700
3000
2700
2800
2700
6200
3000
3800
2700
2700
3600
11200
3300
5300
3200
5100
4300
7000
5100
3700
3100
4400
12800
5900
3400
3300
3400
4500
4000
5900
3200
3200
3300
3300
9400
3700
3600
3600
3600
4500
3700
13000
4500
3400
3300
3600
32100
2800
3100
3200
2700
3000
5100
3100
5100
5200
2700
2900
5600
3400
2900
2700
2700
2700
2800
3900
2900
2900
2700
2700
3300
3800
3100
3800
3100
3700
7200
3000
3700
3000
3000
2900
5200
4800
3800
3300
3100
3400
3100
4300
3500
3300
3400
3100
6100
3500
3500
5500
5100
3400
3400
6300
3400
3300
5000
5400
16600
2800
3100
2900
2900
3000
8000
2800
5100
5000
2800
3500
4300
3500
3000
2800
2800
2800
2600
3600
2800
2700
2800
2600
3400
4200
3000
3800
3100
4500
4200
3000
23400
3300
2900
3300
5500
4700
3300
3300
3200
3100
3100
4600
3200
3100
3600
3100
9100
3300
3300
5000
5000
3400
3400
5800
3600
3300
5000
3400
18600
3200
2900
3000
3200
2900
3000
5000
3100
2900
2900
2900
15000
3600
2600
2900
2900
2600
2600
2800
2700
2700
2500
2600
3900
2900
2900
2800
3000
2900
2700
3200
3300
2800
2800
2900
5000
3600
4100
3000
3900
3100
2900
2800
2900
2900
3000
2900
4800
3600
4200
5400
5500
3200
3400
4200
4900
3300
4500
4000
15800
3000
2700
4300
2800
2900
2800
4200
2700
2700
2700
2900
5500
3000
2700
3100
2700
2500
2600
2800
2700
2600
2500
2500
8100
2800
3100
3000
2800
4700
3300
2800
2800
2900
2800
3000
4700
3300
3700
3000
3500
2900
3600
2900
2900
2800
2900
3100
4600
3200
4200
3300
4600
3400
3200
5300
4400
3300
3300
3300
14700
2800
2700
3800
2900
2600
3600
6900
2600
2500
2700
2500
4400
2800
2800
2700
3900
2600
2500
2800
2700
2500
2500
2500
3800
4300
2800
3500
2900
2700
2900
3200
3100
3000
2800
2600
4500
3700
3700
3100
5000
2900
2900
2900
2900
3200
3000
3000
4800
3100
4600
3200
7200
3400
3100
4100
4000
3100
3200
3800
16000
2900
2800
4000
3400
2600
2700
4000
2600
2700
2500
2900
4500
3000
2700
2700
2600
2400
2800
2600
2400
2700
2500
2700
5100
3200
2900
3400
3200
3300
3000
3600
3400
2700
2900
2700
3600
3200
3000
3000
3000
5800
3100
3100
3000
3300
3100
3100
4200
3100
4400
3300
4500
3100
3100
4600
4100
3200
3600
3200
16500
2800
2600
4000
2700
2600
2800
4300
2800
2900
2600
2500
4900
2900
2700
2800
2800
2500
2500
2600
2600
2800
2500
3000
4200
3000
2800
6500
3100
3000
3000
3500
3800
2900
2800
2800
3800
3000
3000
3300
3500
3100
3100
3100
3100
3100
3200
3100
5500
3300
4600
3200
5100
3200
3100
3300
3200
3100
3300
3400
14300
2600
2700
3700
2700
2500
2600
4200
2600
2500
5400
2600
4900
2700
2900
2700
3000
2500
2700
2800
2500
2700
2900
3500
3900
3000
2800
3600
2900
2900
2900
3400
3700
2800
2800
2700
3800
2900
4100
3200
3000
3100
2900
3800
3100
3400
3000
3100
5300
3300
4700
3100
4300
3200
3200
3000
3300
3000
3200
3200
15200
5600
4300
2900
4300
3100
2900
3900
4000
2500
2600
2700
6000
3000
3300
5100
2700
2900
2800
2700
3200
3400
2700
2700
4900
3300
3000
3000
2800
2900
2700
2900
3900
3900
2900
3700
5700
4800
3400
3100
4600
6000
4600
3400
3100
3500
3300
3400
7800
3600
3300
3700
5000
3400
5300
3400
3400
3400
6000
3700
15900
3600
3200
3100
2900
2900
3000
4900
2800
2600
3500
2900
4800
2900
3000
3300
3200
3700
2700
3600
2800
3500
2800
3000
4600
2900
3000
3000
2800
3600
3600
2800
3800
4200
2900
3800
6600
4700
3100
3400
4300
4500
4400
3000
2900
3000
3400
5700
5300
3500
3700
3400
5000
3200
5000
3200
3400
3100
6400
3400
17400
3400
3300
2800
2700
3000
2600
4800
2800
2900
2800
2800
5100
3100
2800
3300
2700
3300
2600
3200
3000
3200
2700
2700
4400
3300
3800
5500
3100
3000
3000
3000
3700
3000
3100
2900
5700
5200
5900
3100
4200
4300
4400
3000
3100
3300
3200
3100
4700
4000
4200
3300
5400
3300
5000
3500
3300
3100
5700
3500
14800
3100
2800
3900
3500
2900
2700
4800
3000
2700
3400
2900
7500
2800
2800
3400
2700
3200
2800
3400
2700
3200
3000
2600
4300
3100
4100
3600
2900
3000
3000
3000
4100
3100
2900
2900
5200
3100
3200
3300
3100
3200
3000
3200
4500
4600
3300
4300
4800
3200
3200
3200
7400
3300
4800
3700
3200
3100
6300
3300
14200
3000
2900
2700
2700
2700
2500
4700
3000
2600
2800
2900
4600
2800
2800
3500
2700
3100
2600
3300
2800
3400
2900
2700
4200
3500
3700
3900
3000
2900
6200
3100
3800
3100
2800
2900
5000
3400
3200
4400
3100
3300
3000
3100
4600
4500
3200
4500
5800
5500
3600
3400
5500
4900
5000
3800
3200
3300
3700
3300
16200
3600
2900
3700
2800
2800
3600
5600
2700
2600
2700
3800
5500
2700
2700
4300
2700
2900
2700
3900
3400
20000
2900
3800
13600
10900
4000
4900
3100
2800
3000
6700
4400
2900
2800
2800
6400
3100
3400
3000
4000
3200
2800
2900
5700
7500
3100
7100
6000
6000
3800
3200
5000
4800
4700
4100
3100
3200
3700
4800
18200
3100
3100
2900
4700
2900
4800
3000
2700
2700
9500
3000
22400
6800
4800
4500
4300
10900
4500
4400
5200
4500
4800
5100
7600
4800
6000
6100
6700
6200
5000
4500
13100
5000
6500
5100
9200
5700
4700
6900
4800
4800
4800
5200
5500
12000
8400
5400
11800
5800
5700
8400
5800
5400
5400
5400
10700
11300
5300
5800
28000
9400
4800
4400
8100
4600
5400
4600
4300
8000
4400
5300
6900
74100
6600
5600
5500
5600
5600
6100
5600
5500
5900
7700
17900
13500
9200
17800
10000
10000
8900
7600
8100
8000
9900
7100
14900
10900
9400
10800
8300
8400
8800
8500
8500
9100
11600
8500
17100
10500
9600
13700
9600
9900
10000
9600
9500
16600
10200
10200
34100
22100
10400
9900
14600
9700
10600
10400
11400
14500
10400
12400
9200
5600
7400
15600
7500
4400
4400
4600
4600
4700
4500
14800
14000
9800
5300
5200
5000
5100
5300
5400
6800
5400
5600
7100
10600
8100
5800
7900
5700
10400
5300
5400
7900
5500
8200
5600
12100
6800
5800
8800
5300
6000
5900
5700
5700
11400
5700
5700
32500
9600
5400
4800
8700
4700
4900
5100
5300
8600
5000
5500
7200
9100
4700
8800
4300
4500
4300
4900
4200
4700
4500
6000
7400
6700
5100
4900
5100
5000
4800
6000
6700
5100
4100
4900
7500
8100
7600
7300
8600
7400
6000
5400
5300
5300
7600
5300
12300
5600
6000
9700
6000
5700
8700
10400
8600
11200
5200
5400
28500
8300
4600
4100
8000
3900
4900
4600
4200
7400
3400
4600
6800
4600
4100
4900
4100
4200
4000
4000
7000
4000
4200
5700
7000
6200
4800
4600
4500
5000
4700
8000
6200
4300
4500
10500
12400
5000
7500
8400
10600
7200
6800
5500
4700
4900
6800
4800
10200
8200
5100
8000
5200
5100
5100
5200
5000
5000
8900
5600
28200
8400
4700
4400
13900
4700
4200
4400
4200
8500
4200
5200
5900
4700
4000
4400
3800
3900
3900
4200
4200
3900
4300
4700
9600
5700
4400
4200
4200
4600
4300
4400
5600
4500
4200
5600
6100
4700
7100
7800
12500
6700
4700
4800
4600
4700
6900
4900
15200
7300
5900
8700
5300
5300
5300
5300
5100
5100
9200
5300
27100
4500
6300
7300
4300
3900
2800
3000
2700
6500
3400
2900
9200
2900
2700
2600
2500
2400
2500
3100
2500
2400
2900
2700
3600
3000
2700
2600
2500
2700
2800
2700
2600
2600
3700
2700
7300
3500
3100
2900
3100
2800
2800
2900
3100
2800
2700
2800
4500
3300
3100
3100
3000
3000
3300
2900
4100
3200
4000
3200
15300
4400
5600
2600
2500
2500
2400
2800
2400
2600
2500
2500
6200
2800
3000
2900
2600
2500
2500
3200
2600
2500
3000
2600
3300
2800
5700
2700
2600
2500
2600
2600
2500
2900
3600
2700
3900
2800
2800
3300
3100
2700
2700
3000
2700
3600
2800
2800
4300
3100
3100
3000
3000
3000
3300
3000
4200
3200
4000
3100
13900
4100
3500
2600
3000
2400
2300
2700
3300
2600
2500
3000
6500
2600
2900
2600
5400
2400
2300
2900
2400
2500
2700
2400
4200
2800
2700
2900
2800
2700
2700
3600
2700
2600
3500
2800
3900
3000
2900
2800
4600
2800
2700
2800
3400
2700
2700
2800
4100
3300
2900
3000
3000
3000
3200
2900
4100
3200
3800
3000
24400
4200
3500
5800
2400
2400
2300
2700
2400
2500
2500
2500
6100
2700
2700
2600
2900
2500
2400
2700
3000
2700
2600
2400
4600
2800
2700
2900
2800
2600
2700
3400
2600
2600
3300
2900
3500
4900
2800
2800
2800
2800
3000
2800
2900
2700
3900
2900
5700
3100
2900
3000
2800
2900
3300
2900
6100
4800
3800
3000
13800
4000
3500
2600
2400
2300
2400
2600
2400
2500
2400
2600
7500
2700
2900
2900
2500
2500
2400
2800
2700
2500
2800
2400
4200
2800
2900
2800
2500
2700
2800
3400
2700
2600
3600
2700
3600
2900
2800
3100
2800
2900
2800
3000
2800
2800
4100
2800
6800
3000
3100
3800
3200
3000
3100
3200
3000
3100
2800
3300
13800
4000
3500
2700
2600
2300
2300
2600
2400
2900
2600
2500
5300
2700
2800
2800
2500
2500
2300
2800
2500
2500
2900
2400
4000
2700
2900
2800
2700
3100
2900
3300
2600
2600
3600
2800
3700
2900
2800
6100
2800
2800
2800
3000
2800
2700
4100
2900
4100
3700
4300
3300
3000
3100
3000
3200
3000
2900
3000
3400
19400
3700
2500
2500
2600
2600
2600
2400
4300
2500
3800
2400
10200
4600
5000
4500
6300
4200
4700
4400
7700
4200
4300
4100
6200
4900
4600
6600
5400
4300
4400
4500
4700
4400
5400
4300
6500
4700
6300
12600
4800
4700
5100
5000
5000
5400
5000
5100
8200
7800
5600
7400
5700
5400
7500
5300
5100
5900
5200
5500
26200
4400
4500
7200
4700
4500
4700
3800
7200
4000
4800
4800
7400
4400
5000
4200
4100
6800
3900
5400
5400
3300
3000
9500
5400
4200
4300
4600
4200
4300
4300
4000
4200
3800
4700
3500
5200
4400
6100
5300
4100
4400
4100
2900
3300
3400
3100
2900
4400
4300
4800
6500
4700
3800
5900
4200
3100
5500
3200
4400
14400
2900
2900
7700
2800
2800
2600
2700
3900
2800
2500
2600
6500
3000
3100
2800
2600
2500
2500
2500
2900
2700
2500
2400
3200
3100
2800
2800
3800
2800
3400
4000
2800
2800
2800
2700
3900
6600
3800
4000
3100
2900
2900
2900
2900
3300
3000
2800
4300
4300
3100
7000
3200
3200
4000
3000
3200
3000
3000
3000
16600
2800
2500
4300
2600
2600
2600
2400
4100
2500
2600
2700
5600
2600
3000
2800
2500
3000
2600
2500
3000
2700
2600
2500
3200
3400
3400
2800
3600
2700
3200
2900
2700
2700
2700
3600
3500
3000
3400
3600
7000
2900
2900
2900
2800
3200
3600
3100
4200
4000
3300
4300
3300
3100
4800
3100
3100
3000
2900
3100
14100
2800
2700
3800
4200
2600
2600
2500
4100
2500
2600
2500
5800
2700
3100
2700
2800
2700
2700
2400
2900
2600
5700
2500
3000
2800
3000
2800
3400
3000
3700
2700
3100
2700
3300
2800
3700
3000
4300
4600
4100
2900
2800
2800
3000
3200
3600
2800
4700
3400
4300
4400
3100
5800
3200
2900
3100
3200
3000
3300
13800
2800
2400
4000
3100
2500
2500
2600
4000
2500
2500
2500
5900
2500
3000
2500
2800
2600
2400
2400
2700
2700
2300
2500
3000
3000
2900
2800
3700
4500
3400
2700
2800
2700
2800
2800
3600
4800
2900
3800
3800
3000
2800
3000
2800
6100
3800
2900
4100
3200
4400
4600
3100
2900
3200
3000
3200
3300
3100
3100
14200
4700
2600
4300
2700
2500
4000
2700
2700
2500
3100
2800
8100
2900
2700
2900
7700
4600
2600
2500
2800
2500
4100
2700
9100
3000
3600
3000
2800
2700
3300
3000
2700
2900
3300
3400
4500
4000
6300
3300
3000
3600
3000
3700
3000
2900
2800
2800
4300
4300
3100
4500
3300
3300
3300
3100
4700
3200
3300
3100
15200
2900
2700
2700
2800
4000
3000
4700
2800
2600
2700
2600
6200
2600
2700
3100
2800
2700
2500
2500
2800
2600
2500
3000
3600
2800
3500
4300
2800
2600
5000
2800
2700
2600
3300
4200
4700
3900
4000
3000
3000
3000
3000
3800
2900
2800
4300
3800
4900
4200
3200
5400
3300
4000
3100
3600
3100
3000
3300
3100
19400
2700
2600
4800
2600
4800
2600
2600
2600
2600
3500
2500
6700
3600
3300
3300
2600
6100
2600
2700
3100
2700
2500
2600
3500
2900
2900
2900
2800
2900
2700
2800
2800
3000
2800
2800
3800
4100
3100
2900
2900
2900
3000
2900
2900
2800
3400
2800
4000
4200
3200
4100
3200
3100
3100
3200
3200
3000
3100
3000
15200
3100
2800
2500
2500
6500
2700
2600
2500
3000
2500
2500
7300
3100
2600
3000
2600
3000
2600
3100
2800
2600
2600
2500
3000
2900
2800
2900
2700
2800
2900
2700
2700
2800
2700
2900
3300
3200
3600
3000
2900
3000
3600
3000
3100
2900
3800
3900
4600
4200
3100
4300
3100
3000
3100
3000
3100
3000
3100
3100
17100
2700
2700
2600
2600
3800
2800
2700
2800
2600
2600
2500
6100
2800
2600
3100
2600
3100
2600
2500
3000
2600
2500
2700
3300
2900
2900
2800
2800
3000
2700
2700
2800
3000
2700
2800
3600
3100
3700
3200
3000
4100
4000
2900
3000
3000
4000
3600
4100
7100
3200
3300
3100
3200
3200
3300
3100
3100
3500
3100
14800
2700
2600
2600
2600
4000
2700
2700
2500
2400
2500
2700
6100
2800
2600
3100
2900
3000
2500
2600
3100
3000
3900
7900
4100
2800
3000
2800
3000
2800
2700
2700
2800
2800
2700
2800
3800
3000
4100
2900
3000
3100
7000
3000
2900
2900
3800
3900
3800
4500
3300
3100
3100
3300
3200
3300
3100
3200
3000
3300
15500
4300
2600
4200
2500
4100
2700
2900
2500
2700
2600
2800
8200
3000
2900
2700
3300
2700
3300
2800
2600
2600
4100
3400
3400
3900
3000
3700
3000
2800
3500
3000
3500
2900
3800
2900
4000
3100
6600
4200
3500
4000
3100
3500
3000
2900
4300
3300
4400
3500
3300
3400
3200
4100
3300
3100
3300
4900
3300
3700
16100
4900
4600
2800
2800
4400
2800
3000
4900
2900
2700
7200
7200
2900
2800
3200
2700
3500
3000
2700
2600
3200
2700
2700
3500
3500
3000
3700
2800
2800
3800
2800
4100
3100
3600
2900
3900
3200
3000
4200
3200
4300
3200
3000
3000
2900
4500
3000
4400
3300
3200
3100
3300
3200
3100
3100
6300
4700
3500
3300
15600
4600
5600
2700
2700
4200
2900
2600
4300
2700
2600
4300
6200
2800
2800
3300
3100
3300
2700
2700
2600
3200
2600
2900
3200
3000
2800
3100
3800
3100
4700
3200
5700
3000
2900
4000
3900
3200
2900
4300
3100
4200
3000
3100
3500
3200
4100
3300
4100
3200
3200
3300
3100
3200
3200
3300
3200
4900
3300
3100
15600
10400
6600
4100
4600
135900
5400
3300
6500
3200
3300
4800
8200
2900
2500
3500
2600
3200
2600
2800
2500
2900
2500
2700
3300
3100
2800
2900
3800
2900
3800
2900
2600
3000
2800
7700
3700
4200
3000
4100
3200
3000
4100
4900
4800
3000
4200
3000
8000
3300
3300
3300
3100
3300
3300
3200
3100
4800
3300
3700
11100
4500
4100
2700
2700
4300
2700
2600
4500
2800
2600
4100
6700
3000
2600
3100
2600
3000
2600
2600
2400
2700
2600
2500
3400
2800
2700
2800
3400
2800
3600
3000
2700
3200
3000
3400
3800
3900
3200
3700
3000
3200
3700
3300
3800
3100
4200
3000
4400
3100
3300
4500
3500
5100
5800
3400
3200
3300
4400
3400
10000
7200
4200
2700
2600
4200
2600
2700
4200
2600
2500
4100
6900
3000
2700
3300
3000
3200
3200
2700
2800
3200
2500
2600
3200
3100
2900
3100
3700
3000
3600
3000
2900
2800
2700
3900
3400
4800
3200
4100
2900
6000
4100
3300
4000
3200
4100
3200
4100
3200
3400
4800
3400
5000
3100
3200
3200
3300
4800
3200
9300
2800
2500
2700
2600
3400
2600
2500
2900
4900
2600
2500
