675400
29400
36500
30100
24000
22200
33200
22000
20500
21100
26900
22700
40600
27700
22500
24700
25400
25800
28200
44300
43100
29300
27600
27800
958200
47900
27100
54900
26400
45600
24100
26300
28000
21300
19400
16500
39100
48600
33000
21800
19800
19400
19300
25500
19600
54300
27400
53700
45200
59500
40600
20900
17300
16600
16400
21600
16900
15600
15400
40200
17100
45100
17500
15000
20900
13000
15100
13100
11200
22800
14800
10400
18500
11800
11300
14200
12300
11500
10400
34200
22000
14900
12800
17100
38300
14900
13300
70600
20900
37000
15000
14300
13800
15300
13700
16400
28200
17200
16000
14900
13900
19300
40700
18600
17000
24700
15100
21300
39000
30200
22100
15900
16000
16000
21300
15800
14100
13400
13700
36500
10900
12100
11700
12900
11400
9400
12500
21900
9300
10900
16300
8600
18600
9900
18900
14000
10000
9500
16400
10100
9700
11600
10800
9600
39200
13000
12500
16100
11300
17600
11100
14800
11600
12100
11600
11000
24400
15000
12500
12900
12900
13400
18600
13100
12400
18300
21200
26200
46200
30700
29000
21600
21600
21100
20100
20600
20400
23000
20700
28400
15100
16700
15900
19200
15500
12400
10000
11100
11400
18000
17000
13200
22000
17400
39800
19200
15900
18300
21200
18500
14300
20100
25000
44100
26600
17400
16600
18100
16600
16200
15500
27500
24600
19400
17400
25400
33200
23700
32200
20500
20000
20800
19700
18300
25900
52500
23000
28100
33500
39100
25700
21700
21700
22600
21600
21200
20900
20700
21600
34700
13800
14400
12200
15400
11600
12700
10800
9000
8900
12600
14200
12100
17500
12800
18300
17300
11800
10800
14200
10700
10200
13200
11000
9900
18700
12400
11700
13400
12400
11800
11700
24100
16400
15200
15100
19100
25700
19700
16900
21700
26200
27200
16400
16800
16800
15000
15400
16500
30600
43300
57600
13700
12900
12100
11600
11800
10800
11300
10900
17800
20100
11600
12600
10500
7900
6900
7300
7700
9600
8600
10700
7500
17100
7800
12300
12700
8500
7400
11100
7900
7800
12000
15800
8000
11000
13700
8700
10500
8400
8000
8100
17700
12300
11000
9100
9200
13200
11900
9700
13300
9800
14400
9300
8900
9900
10100
9900
11800
13700
24400
15800
10700
11200
10000
10000
10900
10000
17100
10900
28800
38300
23100
15000
15000
14200
13200
13200
14800
14200
14300
14800
13600
15100
13800
18900
13500
13600
16600
13900
14100
13400
14200
15700
15200
15600
16200
15000
18300
14000
16700
13800
14400
14300
14700
14000
14500
29400
15900
17000
16600
14800
16900
15700
14300
14600
14500
15000
14900
80700
10400
12400
10900
7100
10900
10100
7300
11600
8600
7200
7900
13200
10900
17100
10100
9100
9200
8800
9200
9400
13200
11200
9500
10400
9000
11900
9600
10000
8800
8800
9900
8700
9900
11600
9800
11000
12300
12100
11700
9500
18100
9600
9600
15900
9500
178100
19100
18100
17000
9700
22300
10700
17500
9800
19800
9900
9000
8700
8800
112300
9700
7800
8000
7900
4600
5000
4300
7500
4800
4500
4800
9800
6000
5200
5100
9100
5000
5100
5000
4900
5000
8000
5300
5800
5400
5600
7300
21500
11700
11500
9000
8800
8900
11800
9800
11600
12500
13200
12000
17200
12900
13100
10000
9300
8700
9300
9400
12600
11100
10700
13300
9600
14200
9700
9600
9600
9500
14800
10200
105600
8100
6900
7600
6800
7800
32000
6000
10400
7900
5900
5800
12400
8100
7500
7800
7800
7700
7600
7100
7100
7600
10000
14500
11100
20200
8000
53800
8300
9900
8300
8100
8200
8000
15900
8700
14900
8100
10700
8000
7700
9200
7800
7700
7900
7800
16000
8800
10700
11200
8700
11500
8400
11800
8300
8300
8400
13100
8300
8500
95100
6300
5400
5800
5500
7600
21800
5400
15000
12900
5000
5000
8900
7300
7100
6300
6600
6700
6500
12500
4600
4900
6500
5000
6200
5300
5200
7200
5100
5300
5000
5300
5300
5200
6800
5300
6700
5700
7900
5500
7800
5600
5500
5600
5500
5500
8200
6200
7500
9100
8800
8900
5700
11900
6400
6000
5800
6300
12100
6000
37000
5600
5100
5400
5200
5100
6300
5400
9000
5200
4600
12000
6900
12900
4500
4500
4200
4300
4500
4600
6500
4400
5300
4700
5200
5800
4800
6300
4700
5000
4700
5100
4600
4600
6200
4800
5900
6000
7800
5200
5600
5200
6600
5300
5000
5200
7600
5400
6900
22900
8400
8000
5900
9900
5700
5900
5600
6300
6300
5800
28600
4500
4700
8500
4800
8400
4700
5300
5100
4500
6900
4500
21600
4800
9500
5000
4500
4800
4500
4900
8800
5400
4600
4400
6300
5100
4900
4700
4700
4900
6900
4900
4900
5000
4800
6600
6800
4900
5600
5400
5300
7900
5400
14900
5400
5500
5500
6200
8000
5700
5800
5800
6200
5600
5600
11100
5700
5500
5700
9300
29200
5000
4800
4400
5000
4500
4900
4800
5100
9000
4800
5300
12900
5000
5400
4700
4500
4600
4300
4600
4300
4600
5200
5700
6100
5100
4800
4800
4800
4700
13000
4900
4700
4800
5000
6800
6800
5200
5200
5200
5100
7600
5500
7900
7300
5700
5400
5000
7900
5600
7900
5800
5500
6100
5700
8000
5400
5400
5300
8000
28300
4600
4900
4200
4400
4700
4600
4600
4700
9300
10400
4200
7100
4600
5500
5000
4300
4200
4300
4500
4200
4300
6100
5100
5400
5400
7700
4900
5000
5000
20000
4900
8000
4900
4800
5000
7700
5100
5200
5300
5100
8500
5300
9600
5400
5400
5600
5500
7500
5500
6000
5900
5700
6100
5700
8600
5600
5900
5600
10700
31400
5100
6300
4700
4900
4700
6100
5100
4900
9800
5000
4900
8300
4600
5300
5600
4400
5000
4300
5900
4200
4300
5100
6400
5400
5100
7900
5400
4900
4500
5800
4700
8600
5400
4800
6000
6300
6200
7300
5100
5100
5200
7800
5500
7000
5000
5400
8800
8500
6200
5600
6700
5600
12600
5600
9600
5600
6700
14500
9100
29900
5100
4600
5700
4800
5200
4800
5800
4800
9900
4700
4900
8300
4400
5400
4600
5700
4500
4300
4500
5500
4300
4900
5300
6600
4900
8700
5000
4800
4900
6100
4600
9200
4400
5200
4600
7400
4300
5700
7600
10900
5700
9200
5400
5200
5100
6200
7700
8600
12200
5600
5600
5600
9400
5700
9000
6900
5700
5600
5700
27600
4900
4700
4800
5200
4700
4800
4700
4800
8900
5000
4800
6200
4500
5400
4400
4200
3900
4300
4800
4100
3900
4900
4900
5300
7500
6600
5000
5300
5700
4800
4700
7800
5100
4800
4900
6600
5200
11400
5200
5200
5300
7800
5400
5200
5300
5500
8400
7500
5800
5700
5700
5800
8800
5800
8700
5600
5800
5700
7600
30600
5300
4800
4800
4700
4800
4800
8400
4600
4700
4900
8100
9300
4900
4500
4600
4900
4500
4600
6900
4500
6500
4400
4400
6300
5000
4800
5400
4900
5600
5100
4800
4900
13000
4900
7200
7100
5400
5600
5200
5300
5400
5600
5300
7600
7800
7800
7500
11800
6000
9200
9100
9500
5800
5700
5900
6000
9700
11500
6900
28900
5600
5000
6000
5200
10900
5000
4900
5400
5100
5100
5200
6500
5300
4700
5000
4700
5600
4100
4300
4400
4500
4100
3800
6100
5000
5200
4800
4900
5200
5200
4900
5000
7000
5000
7200
6600
5400
5200
5200
5200
5500
5200
5300
8100
7800
7800
8600
11500
11400
8800
10100
9300
5800
6000
14100
5900
15300
8700
5800
32300
5300
5000
4700
4800
4800
4700
4800
4800
4800
4800
4900
6700
5400
4500
6000
4500
5100
4600
5100
5000
4400
5700
4600
5500
5200
4900
5000
5500
4800
4900
12900
4900
4800
5000
4800
6800
6100
5300
5500
5400
5200
5300
5200
7600
7900
7100
7700
11200
6100
8800
8500
15400
5600
5700
8200
5800
9400
9000
6500
34400
5100
5000
4800
4900
4800
4700
5700
4600
4800
4700
5000
7200
5700
5000
5400
4500
10100
5200
5100
5500
4300
5200
4400
5700
4800
5500
5500
5000
5000
4800
7200
5100
4700
4500
4600
6400
5300
5300
5100
5100
5000
5200
4800
5200
7900
5100
13700
12900
5700
8900
8600
9000
5800
5300
6500
5800
8800
8900
5600
31100
5000
4700
4900
4900
4800
4700
4800
5600
4800
5000
4900
6800
6200
4700
6400
4300
5500
4300
5800
5500
4200
11000
5000
5600
5300
4700
4800
5400
4900
5000
7700
5200
4900
4800
4600
7300
5400
5100
5400
7000
5000
5000
5300
5300
8500
5200
8900
7300
5600
5900
5800
5200
5200
5300
5600
9300
8800
13500
8700
33000
5600
4400
5000
4800
4900
4800
4400
4500
4900
4400
4500
5500
4500
4400
4300
4000
4900
4400
4300
4500
4000
4400
4300
5300
4700
4500
4500
4900
4500
4600
6300
4500
4500
4400
4800
7400
4700
5100
5100
4700
4700
5100
6000
4700
6800
4900
7000
6800
5100
5300
5100
5300
5300
5300
5400
8300
7800
7800
7400
29600
4600
7500
9200
7400
4900
4600
4900
4800
7300
7800
4500
9200
4900
4700
5700
5200
4700
5100
4700
4600
5100
4800
4800
6700
6300
6800
5300
4500
5200
6900
5400
8700
5300
4600
4800
15500
5700
5100
5100
5600
8600
5700
5100
5400
6600
5300
4800
7900
5900
5600
6300
5600
8800
5900
5900
5900
8800
9300
9200
29600
9000
5400
4700
5100
4900
8000
4200
3500
7200
4900
20400
18100
17100
4900
4700
8600
4200
4400
4100
4300
4100
4200
4600
51400
4700
5700
3300
3200
2900
4200
3100
3800
3100
2800
3000
9000
3200
3000
3200
2900
4100
3400
3100
3000
3100
4500
4100
5400
3100
3200
3500
4200
4900
3200
3200
3200
6900
8500
4700
24700
4600
3300
2500
3000
2500
4400
2800
2500
4600
2700
3100
6600
3600
3000
2800
2800
2600
2800
2900
2700
2600
2600
2700
3500
3000
2800
3900
3600
2900
3800
3000
2900
4300
3100
2900
7500
3300
3000
3000
3000
4000
3000
7500
3100
3100
2900
3100
4700
3700
4200
3300
3100
4800
3200
3200
3100
4600
4400
4700
15200
4500
2600
2400
2600
2600
4300
2800
2600
4900
2600
2700
5800
6800
2900
2800
2900
2500
2500
2700
2800
2700
2600
2500
3400
7400
2800
4000
3700
2900
3500
3000
2800
3400
3000
3000
3800
4300
9500
5200
9900
2900
6900
3800
4000
3400
3000
3100
4300
3000
3400
3300
3300
4600
3100
5500
3100
4400
4400
4600
14600
4300
2600
6700
2700
2400
4400
2600
2700
4200
2800
2700
5500
4100
2700
3000
2900
2800
2700
2600
2700
2500
2900
2700
3200
3400
3000
3800
3800
2900
4000
3200
2800
3700
3200
2900
4000
3000
4500
3300
3000
3000
4300
3100
4300
3200
3000
3100
24100
3700
3400
3200
3100
5400
3900
3300
3400
7200
3200
3400
15600
4600
2600
2400
2700
2300
4600
2500
2500
4500
2600
2900
8600
4800
3000
2900
2800
2600
2600
2700
2600
2600
3100
2700
3300
2800
2800
3800
3500
2900
3700
3000
2800
8000
3100
2800
4000
3000
4500
3100
2900
2900
4200
3100
4200
3000
3000
3100
5600
3400
3200
3100
3000
4600
3200
3700
3300
3200
3100
3300
14100
2600
2500
2700
4000
4500
2700
2500
2600
4400
4300
6700
10100
5000
4400
4300
4600
26000
4800
4800
4600
4600
4200
4400
8400
6100
5000
4900
4900
5000
6000
5000
6100
5000
5000
4800
7200
6700
7100
5000
5400
5200
5200
4700
5200
5500
5200
5100
10900
5800
5700
5600
5800
5600
6200
5700
5400
5700
8300
5500
36500
4800
4700
4800
7500
8800
5900
4700
4600
4800
7200
4800
6400
3100
2900
3400
3000
2900
2700
2700
3000
2700
2700
2900
4400
3900
3000
2800
2900
3100
4000
3100
4400
2900
2900
2900
4900
9500
4000
3300
3100
3100
3000
3500
3100
3100
3000
3500
4600
3400
3200
3200
3500
3200
3400
3300
3200
3200
4300
3300
16300
2700
2600
2800
3900
3800
3000
2700
2500
2500
3900
2400
5600
2900
2800
3600
3400
2900
2700
2800
3400
2700
2700
7400
3500
3000
3000
3000
2900
3800
3100
3400
3000
3400
3200
3000
4100
4100
4100
3100
3000
3200
3000
3000
2900
3000
3200
3000
4400
3100
3300
3100
3100
3100
3300
3200
3100
3000
4500
3100
14200
3100
2600
2600
3900
3900
2700
2800
6800
2500
4200
3800
5700
2900
2800
3200
2900
2900
2800
2700
3000
2800
2800
2800
3400
3500
3100
2800
2800
3700
2900
2900
2900
2800
3000
2800
4600
4000
3100
3100
3000
3000
4400
3100
4100
3100
3000
2900
4400
3200
3100
3100
3300
3100
3200
3100
3200
3100
4300
3200
14100
2600
2800
3300
5300
3800
3000
2600
2500
2500
3800
2500
5700
2900
2900
3100
3100
2800
2700
2800
3200
2800
2900
2800
3500
3000
2800
3600
3500
3600
3000
3000
3100
3000
2900
2900
4600
4100
3200
3600
3200
3100
4800
3300
4000
3100
7300
3100
4900
4300
4300
3300
3200
3300
3100
3300
3300
3400
3200
3200
14000
2700
2600
3300
3800
4000
2600
2700
2600
2400
3800
2500
5700
3100
2900
3200
3300
2800
2600
2700
3500
2700
2800
2700
3400
2800
2900
2800
2900
3800
2900
2900
7200
3000
3000
2800
4800
4400
3200
3800
3200
3200
4400
3700
4200
3200
3300
3100
4500
4600
4700
3200
3300
3400
3200
3400
3200
3400
3400
3400
14700
2900
2900
2700
2800
3000
2900
2600
2600
2700
4300
3100
7400
3200
2900
3700
2800
3100
3200
3200
3500
2900
2700
3200
5100
8700
3100
3000
3900
3000
3000
2900
3200
3100
3100
3900
5700
3300
3300
3200
3100
3200
3300
3100
3500
3200
3300
3200
5100
3400
3200
3200
3600
3300
4800
3500
3200
3100
3400
3400
15800
2900
4400
4400
2900
8200
2800
2700
2900
2600
4200
2700
5200
3900
3000
2900
2800
3000
2700
3500
2700
3600
3300
2800
4800
4100
3200
2900
4300
3000
2800
3000
3200
3000
3000
3900
4500
3100
3200
3000
3200
3100
3300
3300
3400
4200
4700
4800
7200
16700
4700
5200
249200
8100
8100
4800
5100
5000
4100
3500
26000
3900
7600
4100
3900
4600
2500
3400
4200
2400
6100
2700
7500
3900
3700
4100
2900
2700
4200
4100
2500
4500
3900
2500
5200
3400
2800
6100
2900
4100
5300
5500
10000
4400
2700
5600
4600
4400
4500
3000
4300
4100
3300
9900
4900
3900
3500
4600
5000
4300
4400
3000
5100
3100
6900
3800
3400
4700
4000
4600
27200
3200
4900
6700
3100
3800
2300
2300
2400
2300
8400
2400
6500
2900
2500
2400
2400
2400
2600
2800
3000
2700
2500
3800
3100
2600
2800
3700
2700
2800
3300
19800
3500
2800
2800
3200
5900
3800
3200
2800
3900
3400
5700
2900
2700
3200
2700
3700
4300
2800
2800
2800
3100
2800
4300
2900
2900
2700
7500
2900
14900
2400
3900
3800
2200
3700
2300
2300
2200
2200
3700
2400
5800
3100
2600
2400
2400
2600
2600
2800
2400
3300
2800
2500
2900
2600
2800
3300
2800
2900
3100
4900
3100
2700
2600
3300
4500
8000
2800
2800
3900
2900
2800
3000
2900
2900
2700
3900
4200
3100
4900
3700
3000
2900
3400
2900
3000
3000
3100
2800
15100
2400
3700
3700
2300
3700
2200
2400
2200
2900
3800
2300
6500
3600
2600
2500
7400
2900
2400
3000
2600
3000
2400
2300
3200
2700
2500
3800
2800
3300
3400
3500
3500
2800
2900
3400
5000
4300
4200
4200
6700
4400
4300
4200
16700
5000
4500
7200
4700
3800
3500
3200
3400
3400
3200
3200
3300
8200
3300
3100
19500
2700
2300
2400
2800
2500
4200
2600
2700
2300
2400
2500
9600
2800
3300
3400
2600
2900
3100
2600
2500
2400
2800
2700
3300
2700
2900
4100
2800
3700
3300
2900
2800
2600
2700
3400
5100
2900
3100
2900
3000
2900
2700
4000
3000
3100
2900
2700
9500
3000
3200
3500
3500
4300
3000
3000
3000
3200
3100
3200
13900
2400
2500
2400
2700
2200
2300
2400
2500
2400
2300
2300
5900
2700
2600
2400
2600
2600
2600
2500
2600
2400
3000
3100
3300
2700
2700
3600
2700
4000
3200
2800
2600
2600
2700
3900
9200
2900
2700
3000
2900
2900
2800
4000
3200
3200
3000
2700
4100
2800
2900
3100
3000
4200
3000
2900
2900
3800
3000
3000
13700
2400
2300
2300
2500
2200
2200
2400
2500
2400
2300
2300
6500
2700
2600
2600
2800
2700
2400
2500
2500
2600
3700
3200
7900
2800
2700
3600
2700
3600
3400
3100
3000
2700
3400
2900
4700
2900
2800
4000
3200
2800
2700
3900
2700
3300
2800
2900
4100
3000
2900
3100
2900
4300
2900
2900
3000
3100
3000
3000
13900
2300
2400
2400
6900
2200
2200
2300
3800
2400
2400
2300
6800
2800
2700
2700
2500
2900
2400
2500
2500
2400
3300
2900
3200
2800
2800
3400
3000
3400
3400
2700
2700
2600
3300
3300
3500
2900
2800
4000
3000
3900
3700
6200
2900
3300
2900
4000
4100
2900
2900
7200
3000
4200
3000
2900
2900
3000
2900
3000
13800
2400
2300
2300
2500
2200
2200
2400
2500
2400
2300
2200
6000
2800
2500
2600
2600
2800
2400
2500
2500
2400
3100
2800
2900
2900
2700
3200
2800
3400
3300
7300
2800
4100
3400
2700
3400
3100
2800
3600
2900
3500
3800
2800
2800
3300
3000
3600
5200
3100
3000
3100
3000
2900
3000
4400
3000
3100
3000
2900
13200
2300
2300
2300
3000
2200
2300
2300
2400
2400
2300
2800
9400
2700
2500
2400
2400
2600
2700
2400
2500
2400
2900
2900
2900
2700
2900
3100
2700
3300
3100
2600
3000
2600
3000
2600
3500
2800
2900
3500
2900
3800
3700
2800
2800
3200
2900
3700
4900
3200
2800
3000
3000
3100
2900
4100
3000
3000
2900
6900
13200
3700
2300
2400
2500
3700
2400
2500
2500
2600
3100
2500
7600
2800
2700
2500
2600
2700
2600
2500
2500
2500
2400
2700
3400
6600
2800
2700
2600
2700
3400
2700
3100
3300
2700
2900
4700
2900
3400
3800
3100
3300
3100
2900
2800
2900
2800
3000
4500
3100
4700
3100
3100
3000
3100
3200
2900
3000
2900
3400
13800
2500
2400
6700
2600
2400
4000
6300
2900
4100
2600
2600
5300
2700
2900
3000
2400
2500
2500
2500
2600
2500
2400
2500
3400
2700
2700
2800
2700
2800
3100
2800
3200
2800
2600
2600
4200
2800
3600
3500
3100
3100
2900
2800
2800
2900
2700
2800
4200
3000
4400
4000
3100
2900
3000
3000
2900
7400
3000
3000
13500
2500
2400
2400
2300
2300
3700
3800
2300
3600
2400
2400
6200
2800
4800
2900
2600
2800
2600
2400
2400
2500
2700
2600
3600
2900
2700
2700
2800
2700
2800
2800
2800
2700
2700
2900
4400
2800
3300
3500
3400
2900
3000
2800
2700
2800
3200
3000
8500
3000
4400
3000
2900
2900
3200
2900
3000
3000
3000
3100
13000
2400
2300
2500
2400
2300
3700
3500
2500
3200
2600
2300
5500
2700
3200
2700
2600
2600
2600
2600
2500
2600
2600
2500
3900
2800
2700
2900
2800
2700
2600
2800
2700
2600
2700
2800
3600
2800
2800
3100
2800
2800
5500
3000
3500
4200
2900
2900
5600
3000
5100
3000
4100
3000
3000
3000
2900
4000
3000
2900
15400
3500
2400
2400
2300
3300
3400
4600
2300
4400
2400
2400
5100
3600
2800
2700
2600
3700
2700
2400
2400
2500
2600
3600
3500
2700
3800
3000
2800
2900
2700
3900
2900
2700
2600
2700
7800
2900
3000
2800
2800
3100
3800
2900
3500
3100
3200
2900
4600
3400
3800
4100
3200
2900
3100
3100
3600
3000
3000
3100
13600
2400
2200
2600
2400
2300
4100
3400
2500
3200
2300
3800
5000
2900
3200
2700
2600
2600
2400
2700
2500
2500
2500
3000
7800
2900
2800
2900
2900
2700
2600
2700
3000
2700
2700
2700
3500
2900
3400
3200
2900
2900
3800
2900
3600
3300
2900
2900
5100
3200
3900
4200
3100
3000
3200
3000
3000
3000
2900
3200
12700
2400
4400
2400
2600
2500
2500
2400
2700
2500
2400
2300
7100
2900
2800
2600
2600
2700
3100
9000
5000
2800
2700
3300
8400
2800
7600
3500
3600
2800
2900
2700
3400
3000
2800
2700
3700
3100
3100
2900
3600
3200
3000
3200
3000
3100
3300
3200
3800
3100
3900
4100
3200
3800
3100
4300
3200
3100
4400
3100
12900
4000
2600
3700
2700
2800
2600
2500
7900
2600
2500
2800
7200
3100
2700
2900
2600
2600
2600
2700
2700
2700
3000
2500
3300
2800
3200
3400
3300
2900
2800
2700
3300
3000
3100
3200
3800
3000
2800
2900
3600
3000
3000
3500
2900
2800
3200
2700
3900
3100
3000
4000
3300
3100
3100
3800
3200
6800
4100
3200
13500
3900
2500
3800
2700
2600
2600
2400
3800
2500
2400
2700
6000
3100
2700
2700
2600
2800
2700
2700
2700
2700
3100
2600
3300
2900
2700
2700
2900
2700
3900
3200
2800
2700
2800
5000
3700
2900
2700
2800
3700
2900
2800
3100
2900
2900
2900
7000
3900
3000
3100
4000
3000
3000
2900
3700
3000
3100
3900
3100
12700
3700
2500
4200
2500
2500
2600
2800
3700
2500
2300
2600
6400
2800
2700
2500
2600
2900
2700
2500
2500
2600
3100
2500
2900
3500
2700
2700
2800
2800
3500
2700
2700
3200
2800
3200
3500
2900
2800
3800
3700
3100
2900
3800
3800
3000
2800
2800
3800
3100
2900
4000
2900
4400
2900
3900
3000
3100
4100
3700
12900
3600
2500
3600
2400
2600
2500
2600
3500
2700
2400
2500
5800
7700
2700
2500
2600
2900
2600
2800
2600
2700
3200
2600
2900
3000
2600
2700
2800
2900
3400
2800
2900
3200
2800
3400
3600
2900
3000
3700
3900
3000
2900
3100
3800
2900
3000
2900
3800
3100
2900
3100
3900
3800
3100
3200
3000
3200
3100
2900
17600
3400
2600
3300
2600
2500
2400
2300
3700
2500
2500
2500
5400
3300
2800
2500
4000
3200
4600
2700
2600
2700
3300
2500
2900
2900
2900
2700
2700
2800
3500
2800
2800
2800
2800
3400
3500
3500
2800
3900
4000
3000
2900
2800
3900
2900
2900
3000
8300
3100
2900
3100
4700
3000
3200
3400
3100
3100
3300
3500
13000
2500
2800
3500
2500
2600
2300
3700
2400
2800
3600
2600
