718200
99800
58300
37600
24200
36400
27000
31100
37100
17900
28000
24400
47100
27900
24200
22900
24700
21800
33000
25600
30000
25400
44400
26100
946300
46800
25300
29000
26900
22900
26200
55200
32100
26600
39500
33700
55900
38200
27200
44300
23400
25700
18200
21100
17600
18600
38600
41200
43000
24700
25900
29300
47600
22300
39500
21000
18400
44200
41400
19000
30600
14000
13200
15100
10600
11600
9400
9200
10300
10000
14200
10700
35300
16000
12600
12100
34800
13700
20100
12800
11600
13900
21500
13200
32400
15600
13700
17500
13800
12500
14900
40300
14300
15200
27700
16500
34300
18400
15100
33400
14900
13500
21700
17400
14100
12900
31000
23600
37600
18600
16500
14900
39600
17500
29800
15600
14900
26100
24600
15900
13300
9900
9200
12100
9300
9100
8500
22400
11200
10000
14300
10200
12800
17400
12100
12000
10500
18400
12400
17600
12400
13600
12400
10600
25700
13600
11800
11400
13200
12000
11400
31900
12600
17300
18500
12900
29700
16500
13300
19700
21400
13400
15300
12800
13300
13000
19200
18100
32600
17700
16700
18000
30700
24000
34600
21700
22200
37400
38000
27200
30200
15100
14300
19500
14300
12800
12600
12500
15400
12400
16500
13100
23900
30900
15400
16800
14000
34200
15500
25100
16200
22800
16000
49500
29300
20000
17600
16800
16600
16300
23500
16500
16000
21400
25900
17200
39600
21600
35400
28100
19000
19900
17600
16700
16300
18400
28700
23700
30300
23000
21700
19000
27700
19300
27800
18700
18300
29600
28800
19100
14000
9600
9100
12900
8800
8500
14000
9500
9500
8600
12000
14700
13300
17300
12300
16200
11800
24300
12000
19000
13600
16400
13700
12900
23800
14000
79100
61700
12900
11100
18800
10200
12500
12000
16600
9800
27700
12700
10600
9700
8800
10400
9900
19000
10300
10500
20100
12500
24200
14900
13200
11500
19500
12500
19700
11700
11800
27100
22600
11800
13800
8100
7000
10300
6800
6200
5800
8300
7100
7500
11500
8500
9100
12900
8700
9000
7500
12600
8100
13800
8400
12100
9100
7700
13900
8900
8800
8100
8300
8200
39700
8800
8600
10400
12500
8400
11700
11300
8600
8800
8900
8500
12000
18000
16600
10900
14400
9300
20900
14000
10500
31900
11500
10800
9500
10000
11100
12800
18600
15700
39000
25400
23000
19600
43200
20800
21100
22300
27000
20600
20400
20000
23500
25300
21200
20400
20400
20900
20700
21600
21600
25100
21400
21400
25900
24900
26100
21700
23600
25100
26600
22700
21400
109400
16100
15900
18000
15700
15100
15200
16000
15700
42100
16700
17600
15900
15400
15100
117200
16200
10600
10400
10000
10500
10800
10400
17800
10700
13300
11700
16300
13500
11600
12400
11800
16200
12900
12800
13000
15700
12100
12400
13400
21900
12500
9800
8500
8700
8500
8900
8800
8800
9000
9400
14600
9600
13000
9300
16000
17000
12400
10600
13800
9200
9300
9600
16900
9900
10300
10600
9400
10200
24100
9700
10000
9500
9700
9400
112800
8700
7000
7100
7800
6200
7300
6700
30800
9900
7900
10600
12700
12800
8200
8400
8000
12100
8900
8400
9100
8100
11000
18500
10300
11800
9200
9000
10100
9300
8900
9400
13000
9400
9200
9200
13900
10800
12500
9800
11900
12300
16100
10200
9600
8900
8700
8700
16100
9900
9600
9300
9500
9800
18600
9400
9500
9400
9300
11200
112800
8600
13200
7300
6100
6700
6500
6600
13600
8600
6900
6800
11900
11600
8500
8300
7600
10200
10800
32300
9300
9500
7400
7300
8700
7900
7500
8000
7900
9400
8400
7400
10300
7700
7900
7400
9400
8400
8000
7900
29700
8700
7300
7600
7700
7600
7900
7500
17800
10600
8100
7600
7500
7900
12800
11500
7800
8900
8200
8100
101400
5600
5100
5100
5100
5600
5100
5100
12400
5200
5500
5200
9400
8000
6800
6500
6300
7500
7700
6800
7100
6300
6200
6300
7600
7200
7100
6900
9700
7000
7000
7200
9500
6800
6900
6900
8000
6800
60100
23600
8200
7900
7700
7900
7600
7700
8800
8100
31600
6500
7100
5400
6400
6300
7200
5200
4900
4700
4800
4600
76800
3600
4200
8400
6900
3400
3000
3200
6300
3300
3100
3000
4400
4600
2800
2800
2900
3300
3400
2700
3300
2700
2700
2700
8600
3200
3500
7000
3100
3000
3000
3000
4900
3200
3100
3200
3900
4100
3200
3200
3100
3400
4200
3300
3200
4700
3200
3300
5800
3500
5000
3500
5300
5600
5400
3700
3900
3800
3400
3600
22300
3200
3100
3200
3200
3200
6100
3400
6300
3000
3500
3000
8100
20100
3000
2700
2600
2700
2600
2900
2500
2500
2700
12300
8700
4700
3300
3100
2800
2800
3000
4100
13900
14800
3200
2700
21000
3400
3000
2900
2900
3200
2900
3400
3900
3700
2900
3300
6600
3400
4900
3400
4900
3300
3100
3100
3100
4500
10600
7100
19600
3000
2600
3200
3300
6000
3000
2500
3100
5800
2900
2800
4800
2500
2800
2800
2600
2500
2600
2600
2800
2500
2800
2500
3200
3100
2900
2700
2700
2700
2800
2900
2600
3300
2700
2900
5100
3000
2900
2800
3100
2900
2900
2900
3900
2900
2800
2800
4700
3100
4500
3200
4600
3200
3000
3000
3100
4200
5500
3100
20200
3100
3200
2800
2700
5000
4200
3100
2600
2700
2700
2700
5700
2700
2600
3400
4000
2600
2500
2600
3300
2500
25100
14400
10700
6900
4900
4800
5200
4800
4700
4800
4700
4700
5300
4400
14200
5500
5400
5200
5100
4900
5000
5300
9500
5400
5100
5000
7900
5500
7700
12100
8000
5800
5500
4900
5400
8400
8700
5700
35300
5400
4900
4800
4800
9600
4900
4900
4600
4800
4800
5100
6600
4300
4400
14500
4800
4300
5000
4800
9000
4500
4500
4700
5600
4900
5100
5100
5100
5000
4800
4700
5000
4900
5000
5400
6200
5400
5300
5200
5200
5000
5600
5000
7300
7300
5300
6400
8500
6200
7800
5500
8100
7700
5500
5500
5600
10000
8600
6600
46600
5300
4900
5200
6000
9300
5200
8200
4600
8300
5100
5600
6400
5800
4500
6000
4700
5600
5200
4500
6600
4500
4500
4700
7100
5400
5500
5100
6400
5400
5400
5300
5700
6300
5800
5400
7700
5800
6400
5700
6100
5100
5200
5100
6100
7600
5000
6300
12500
5700
6800
5500
5600
5400
7000
5500
8100
6500
5500
5300
36400
5300
6500
4900
4900
12700
5100
4300
5400
4600
4800
5500
7300
4500
4200
5200
4400
5600
4200
4300
6400
4200
4300
4200
6500
4700
4800
4700
4800
6700
4700
4700
4600
4600
4800
4900
6800
5200
5100
5000
4900
9800
5100
5100
5000
7600
5000
5200
11200
5600
5500
5400
5800
5300
5400
5500
7900
6300
5300
5200
30500
4700
7700
4800
7800
4600
4500
4600
6800
7700
8500
4500
11600
5000
4300
5100
4600
4900
7600
4600
4600
4900
4700
6000
8600
5200
4900
5100
6700
5100
5000
5400
7300
5300
4900
13000
8400
35700
13900
5500
4900
5000
5500
4800
91500
5400
5200
5600
11500
5600
4700
3400
3400
6600
6100
3300
3400
3600
5500
3600
19300
3200
5000
3000
4800
2900
2700
2900
3100
2700
2600
2900
5300
3000
2800
2900
3200
2700
2700
3300
2700
2700
3000
2800
5400
2800
3000
3000
4200
7300
3200
2800
3700
2800
2900
4200
4500
4900
3100
3000
3000
3100
3000
3000
3000
3100
3000
3000
4600
3500
3100
3100
3200
5400
5700
3400
3400
3200
3100
3200
21700
3200
4400
18400
12900
10900
2700
3200
3000
2600
2700
2800
21600
5300
3500
2700
3800
2600
2600
3600
2500
3100
3700
3000
13100
3100
3000
3000
3000
3000
4100
2900
2800
2900
2700
4300
5100
5200
3200
3200
2900
3100
6000
3100
2900
3000
3300
3300
10800
5100
5000
5000
5100
8800
8900
5100
5000
6900
5000
5800
26900
3500
5100
2800
10600
5100
4100
4100
4500
4900
4300
4600
12000
4400
4200
7700
5000
3700
4000
10100
4400
4700
4900
4500
5900
4800
4900
4200
5400
4100
4100
2800
3000
2700
2700
3600
10400
4900
4600
5100
7300
5300
5300
5300
7100
4900
4900
7800
8100
5500
5400
5200
5300
7600
9700
6100
4800
4900
4900
3300
30500
3200
4500
2800
4500
2600
2500
3700
2900
2500
2400
2800
7500
3000
2600
2800
3800
2700
2700
3300
2700
2500
3000
5300
5100
2900
2800
3100
3000
2900
3800
2700
2900
2700
2700
3700
5700
3000
2900
3500
4300
2900
2900
3100
4000
6300
2900
4200
4700
5200
3400
3200
3000
3200
3200
3100
3200
3000
3300
3100
17800
2900
4300
2600
4600
2700
2500
2500
2500
2600
2400
2600
5800
2900
2700
2700
3100
2700
2600
3100
2500
2700
2900
2500
3400
2900
2800
3000
5700
2800
4000
2800
2800
3000
2900
3700
5400
3200
2700
3000
6800
4400
4600
5200
6700
5000
5400
7300
6900
9000
7700
5500
5000
5300
5400
5100
5000
5000
5800
5100
21700
2800
2900
2600
4100
5000
10300
2800
2700
2600
2700
2800
10900
4900
5600
4300
4500
8900
4200
5900
4500
4500
4500
4400
6200
6500
4800
5100
4600
4700
5300
7100
4800
4900
6600
4700
9300
5000
5100
6600
7500
5600
4800
5000
5200
5900
4800
5100
7800
8200
5600
6300
5600
8500
5400
9400
5600
5700
5300
5500
35100
5200
4400
12500
7800
4400
4300
4700
7600
4000
5000
6400
7300
4400
5000
4300
7800
4800
4600
4700
4600
4100
4500
5100
5700
6200
4800
5200
4500
4200
5500
5700
4500
3000
3600
2700
5800
3000
3000
6200
4100
3200
2900
3100
2800
3100
7000
3000
5300
5200
3700
3100
3300
4600
3300
3200
3400
6100
3300
3300
16200
2700
2700
5000
4000
2700
2600
2600
11000
3500
2900
4000
5500
2800
3200
2800
2900
3200
2600
3100
3000
2600
2800
3400
3300
2900
6000
2800
2900
2800
3200
16700
3200
3800
3000
3000
5300
3200
2800
4000
9000
3100
2800
3200
2900
3300
3000
3000
4600
5300
4200
3100
3200
4800
3100
3100
3400
3100
3000
3200
16000
2700
2600
4800
4400
2400
5500
2700
4400
2600
2700
4100
5500
3100
3400
2900
2700
3400
2700
2700
3400
2700
4800
3300
3600
2900
2900
2900
3200
2900
2900
4000
3000
2900
2800
3100
3700
4300
3100
4400
3000
3000
3200
4400
3100
3100
4400
3000
4400
4700
3000
6000
3000
5100
3000
3000
3100
3200
2900
3100
15800
2600
2500
4800
4200
2500
2900
2800
4000
2700
2600
4200
5600
2700
3500
2900
2600
3000
3300
2600
3100
2700
2800
3200
3200
3500
2900
2900
2900
2900
3000
3800
2900
3100
2700
2900
6600
4000
3400
3100
3000
3000
3400
3900
3000
3200
4100
3200
5600
3100
3200
4400
4800
3100
3000
5100
3100
7600
4500
3200
16200
2800
2700
4300
4000
2700
2400
2500
4200
2500
2800
3900
7800
2700
3300
3000
2700
3200
2800
2700
3300
2600
2800
3500
3100
3100
2800
2800
2900
3000
2800
3700
3100
3000
2800
3000
3800
4400
3000
3000
3100
3200
3200
4200
3100
3100
4400
3000
5800
3100
3000
4800
4600
3200
3000
3800
6000
3200
3700
3100
14800
4600
2600
2600
2600
4400
2800
2500
2700
3000
2500
2700
10000
6300
5800
4500
4600
4400
4500
4700
4400
4400
9500
7100
7700
4300
4400
4000
3900
4200
4100
4300
5300
4500
4000
4100
6300
4600
4800
4800
4500
4500
6300
3700
3700
4500
4100
6100
7500
4600
4500
4600
7900
7800
5600
4600
4900
5100
16000
5300
29200
4100
3800
5200
7800
3800
6000
7100
4700
6200
5500
5700
7100
4000
4800
9700
5100
3700
4400
3900
4000
4600
3900
3800
11500
20600
4400
4100
4300
4600
7400
4600
6500
4100
4000
4300
6800
4500
4800
4800
12100
4500
6300
4900
4600
4400
4700
4500
6600
4400
4600
4600
9600
7400
4800
4700
4700
5000
4500
5000
24300
4100
3600
3600
6400
3500
3500
6400
3400
8800
10600
11200
16600
4400
4900
4000
3900
3700
5100
3700
4100
3800
4200
4000
4700
4200
5400
4000
4100
7600
4300
4400
4000
4100
3900
4300
5900
4500
4400
4300
4200
4500
5800
4500
4700
4300
4400
4400
6400
4700
4800
4700
5900
6400
4700
4800
4800
4600
4700
4500
36600
5100
3400
3600
20400
5000
9500
7400
4300
5900
4200
5900
6100
4400
4500
4100
3800
3900
5500
3900
4000
4200
4200
3800
5100
4600
5400
4400
4400
4300
4500
4500
4300
4600
4100
4000
7200
4900
3900
4400
4200
4500
5400
5000
6000
4600
4300
4900
7100
5400
5000
5100
7000
11000
4900
4700
4600
4600
4800
4600
26000
4100
3700
4100
6100
4000
3600
6900
3900
6900
4000
5900
5400
3900
4800
4600
3700
3800
4700
3600
3900
3700
3700
4000
4800
4200
5600
4600
4100
4000
4000
4400
3800
4800
4200
4100
7600
4600
4400
5300
4300
4600
5900
5600
9800
3400
4700
4600
14300
4600
4600
4400
4300
4700
6800
4500
5100
4400
4700
5000
25400
4000
3800
3900
28900
3800
3600
6700
4400
7000
4200
5500
6400
4100
4800
4000
3900
3800
4600
4000
3800
3600
3900
3900
4700
3800
5300
4100
3900
3900
6400
9200
6600
4400
5700
4100
7500
4400
4400
5000
4200
4800
4400
4700
6700
4300
4800
4400
5900
5300
4800
4600
4900
4100
6200
4700
3900
2900
3000
3400
24900
2500
2400
2600
4200
3900
2300
2500
2200
2300
3000
2600
9300
3900
3800
4100
4800
4300
3800
3700
4000
3700
4500
3900
5800
4200
5500
4400
4200
4900
4800
4200
5300
4500
9100
3900
5800
4100
4300
4600
4100
3000
2800
2800
2900
2700
2700
2800
5800
3000
2900
4200
3000
3000
2900
2800
2900
2900
3500
2900
16700
2800
3700
2700
2200
4000
3900
2400
2600
5300
2600
2400
5600
2500
6400
2400
2400
2500
2300
2900
2300
3000
2300
2400
3400
2600
3300
2600
2500
3200
2400
2400
3100
2500
3200
2500
3800
2600
2800
3500
3800
2700
2600
3200
2800
3400
2700
2700
5600
2900
2800
4600
2700
2900
2700
2800
2700
2800
3200
2800
15100
5500
3500
2500
2200
4200
3700
2300
2400
3000
2600
2300
5500
2600
4800
2700
2400
3500
2400
3200
2300
2300
2400
2600
3000
2500
2800
2700
3300
2800
2700
2600
2500
2500
3700
2600
3700
2600
2800
3800
3900
4000
2700
2900
4800
2800
2600
2700
8000
2900
2600
4100
2700
2700
2900
2900
2800
2800
3700
4800
29400
3600
5800
4700
4500
6100
5800
3700
3800
3900
3800
4400
7300
4100
4700
4200
4000
4100
3900
4400
5400
3700
3700
4200
4900
4200
4200
3900
4700
2600
2600
2600
2800
2500
3200
2600
3600
2800
6800
2800
2900
3600
2800
2700
4000
2600
3800
2800
5400
3900
3600
4100
2700
2900
3000
2800
2800
2700
4300
2700
14300
3900
3600
2500
2100
3800
3500
2300
2400
2200
2200
2400
6200
2500
3000
2800
3200
3500
2400
2800
5200
2300
2300
2300
3200
2700
2600
2400
3400
2600
2600
2500
2900
2500
3100
2600
3400
2800
3800
2800
2600
4000
2600
2700
3600
2700
3700
2700
4000
2800
3100
4500
4300
2900
3000
4100
2900
2800
3000
2900
13900
2200
4100
5000
2200
3700
3400
2400
2300
2600
2300
2400
5700
2600
2800
2700
2500
2400
2400
2900
2300
2300
2400
2300
10300
2700
2500
2600
3400
4300
2700
2700
2500
2500
3200
2600
3400
4600
3700
3100
2700
3400
2900
2600
3600
3000
3900
2800
3800
3500
2900
7000
4300
2900
2800
2900
3100
2900
4200
2900
17500
2600
2400
3800
2700
3200
2300
2500
2300
2300
2400
2500
10900
4700
6100
4700
5100
4300
4500
4300
4400
4200
4400
4500
7400
4700
4600
6400
4300
4400
4200
5400
4300
4200
4200
4300
6800
4600
6700
4500
4400
4900
4800
4700
4800
4900
11400
4700
8200
4800
5300
4900
5100
4900
5000
4800
4900
4600
4900
7800
26500
4300
4000
4000
6700
4100
4100
6400
9900
6400
6500
4300
8000
4800
4000
5000
4200
4700
4200
4900
3900
4200
4000
4100
7300
4000
4200
9400
4400
4300
4700
6000
4500
4600
4400
4400
6500
4600
6200
4300
4900
4500
4000
3400
3600
7200
5900
6400
6600
4500
4700
4600
4700
4600
4700
4700
4600
5400
4000
4200
15200
2700
2600
2400
3900
2700
2400
3800
6900
3800
3500
3000
6200
2700
2600
4800
2600
2800
2600
2500
2400
2400
2400
2600
4000
2800
3500
2700
3600
2700
2600
2600
2800
2600
2700
3100
3900
2800
3900
2800
2800
3100
2700
2800
2800
3200
3800
2800
4200
3100
3000
3000
2800
2900
5700
2900
2800
2900
3000
5900
15200
2500
2200
2300
3800
2600
2300
3700
3400
3500
3700
2400
5900
2700
2500
2900
2600
3000
2700
2600
2400
2500
2400
2600
3800
2800
3300
3000
3300
2700
2800
2600
2600
2700
2600
3400
7700
2800
2800
3900
2800
2800
2900
3900
2900
3300
3200
2800
4200
2900
2900
3100
2900
2800
2800
3000
2800
2800
4600
4900
14200
2900
2300
2300
3800
2400
2300
3700
3600
3600
3800
2300
6000
2700
5300
2800
2600
2700
2800
2400
2400
2400
2400
2700
3400
2600
3300
2800
5000
2800
2600
2600
2600
2700
2600
2700
4500
2900
3000
3700
3700
4200
4400
5300
14500
5600
3800
3000
5600
7000
11700
3600
3500
3400
3200
3600
3400
3600
6800
3200
16100
2800
2700
2600
5400
2600
2500
3900
4000
15800
3900
3000
6200
2900
2800
3600
5400
3000
2800
2600
2400
2500
2500
2800
4000
3000
3400
2800
3900
2800
6100
2700
2600
2700
2700
2800
4900
2900
2800
4100
2900
3000
2800
3900
2900
3300
2700
2600
4200
3000
4500
3200
2900
7200
2900
3200
3000
2900
4800
2900
14100
2800
2500
2500
2600
2400
2400
2500
2600
2300
3300
6900
7300
2800
2600
2500
2600
2500
2500
2500
2400
2700
2400
2500
7600
2800
2600
2600
2700
2800
2500
2600
2700
2800
5300
3200
4600
2900
3000
2900
4200
3700
2800
2600
11300
2800
2700
14500
4800
3500
3200
4200
3400
3200
5200
4100
3000
3100
2900
3200
16100
2800
2400
3600
2300
2500
2500
2900
2600
2400
3500
2500
7900
2600
2500
5500
2600
2700
2600
2900
2600
2500
2500
2500
3900
2700
2700
2800
2500
2600
2500
2600
2600
2900
2600
3000
3900
2800
2800
3000
3400
2800
2800
2800
2700
3300
2700
3400
4200
3000
2900
5000
3000
2800
2900
3900
3000
3100
3000
2900
15100
2500
2400
3400
2300
2400
5100
2400
2300
2500
3400
2500
7600
2900
3100
2500
2600
3000
2600
2600
2700
2600
2800
2500
3700
2800
2900
2700
2700
2600
2900
2700
2700
2600
2700
2800
3700
3000
2900
2800
3400
2800
2900
2700
2800
2700
3600
3200
4300
3000
3100
3700
2900
3100
2900
3700
3000
3000
2900
2900
17400
2500
2500
3500
2500
2400
2300
2500
2300
2600
3200
2600
6900
2700
2600
2600
2800
3000
2600
3200
2800
2700
2600
2500
3300
4300
2800
2700
2700
2800
2700
2600
2600
16000
2900
2800
7300
3200
3000
3200
3100
3000
2900
3000
3100
3000
3000
4100
5000
3200
3200
4200
3200
3100
6100
6600
3000
3000
3100
2800
14800
2500
2400
3500
2400
2500
2400
2400
2300
2400
3400
2400
5800
3900
2600
2700
2600
3000
2700
2500
2500
2600
2600
2700
3100
2700
2900
2700
2700
2700
2800
2800
2700
2600
2700
2600
4800
3000
2800
2800
2800
2900
2700
2900
2800
2800
2900
3600
6800
11800
3300
3200
4100
3000
3200
2800
2700
2800
3600
3700
11100
2400
2300
3400
2300
2400
2200
2200
2200
2200
3300
2300
5700
2600
2600
2500
2700
3400
2500
2500
2400
2700
3100
2400
4800
2800
2600
2600
2700
2900
2600
2600
2500
2600
2800
2500
4600
2700
2600
4100
2700
2700
2700
2600
3700
2800
3100
4400
3700
3100
3000
3000
4700
2900
2900
2700
3000
2800
2700
4700
8900
2400
2300
4400
2400
3200
2600
4500
2600
2400
3100
2500
16100
6000
2900
2500
3500
2600
3600
3400
2800
2500
3400
2500
3600
2700
3000
2800
2800
2600
2600
2700
2600
2500
2600
2700
3900
3000
3800
3100
6000
2800
2800
2800
2900
2900
3300
3000
3900
3100
3400
4400
3000
3500
4300
3000
2900
2900
4800
3000
8300
2700
2600
2500
4000
2400
3800
2300
2500
3000
2400
2300
6500
4400
3300
2700
2700
2600
2400
3100
2700
2400
2700
2500
3400
2500
2600
5500
2600
2600
2500
2800
2600
2500
2600
2700
3700
2900
3700
2900
2900
2600
2800
2800
3000
2700
2800
2800
3800
3100
2900
4000
3200
2900
4000
7400
2900
2800
2800
3300
7600
2400
2500
2300
3900
2400
3900
2300
2500
2300
2600
2300
6300
2700
5700
2600
2500
2500
2400
2800
2300
2500
2400
2500
3500
2800
2900
2600
3300
2900
3800
3300
2800
2600
3000
2800
3300
3100
18300
3300
2900
2800
2900
2800
3000
3700
2800
2800
3900
3300
2900
4200
2800
2900
4200
2900
2800
2900
3000
3000
7300
2400
5200
2300
3900
2400
3700
2300
2300
3200
2300
2300
6000
3100
2800
2700
2600
2700
2400
2600
2500
2400
2700
2400
3600
2700
2800
2600
3400
2700
3200
3400
2700
2600
3300
2600
3500
2700
2900
2700
3000
2700
2800
4000
3000
2900
2900
2700
3800
3100
2900
6700
2900
2900
4000
2800
2800
2900
3000
3500
7200
2400
2500
2300
3900
2300
3700
2300
2400
2500
2200
2300
5500
3500
3100
2700
2500
2800
2400
2800
2400
2400
2600
2400
3700
2700
9200
3700
3500
2700
3400
3300
2800
3400
3300
2700
3400
2800
2800
5800
2800
2700
2800
3000
2700
2700
2800
2900
3700
2900
4200
3100
3000
3400
3200
2900
2900
3000
3100
2900
7200
2800
2300
2300
3600
2400
3600
2300
2300
2500
2300
2300
6000
3100
2900
2700
2700
2600
3700
2800
2400
2700
2500
2400
3600
2800
2800
2600
3400
2700
3400
3300
2700
2900
3200
2500
3500
3400
3100
2800
2700
2800
2900
2800
2800
2800
2900
2600
3700
3000
4200
5800
2900
2800
3000
2900
2900
3200
2800
2900
9200
2500
2600
3700
2400
2500
3800
2400
2200
2700
2400
2500
