623400
26800
23100
26600
21700
20200
22100
20500
19400
19300
25400
20200
31100
28600
20700
20900
23400
20500
22500
33900
28600
35400
103600
42600
1213500
74100
36200
33300
32800
32700
57200
50500
61900
27800
53000
24500
52100
34600
30100
24500
24900
23400
23600
23500
24000
26800
26000
36700
65100
33000
30700
29100
24600
26000
26900
27600
25500
54100
24600
43200
42700
28500
17000
116700
19200
12900
14100
15800
9900
9400
12400
10500
17300
16600
11900
11900
16600
13600
12800
21700
13500
23200
13500
12000
21000
14400
12500
11500
11800
13000
20100
21500
20600
16700
32100
13700
29800
16000
13600
12600
13600
12400
22800
14700
13200
13600
12900
15600
32100
22400
14200
14000
17400
14800
14200
12600
12200
29400
14200
26200
9600
13800
8900
15300
8900
8100
12300
16600
8300
7600
10400
8200
22400
12300
9900
9600
8700
8500
9500
9200
8800
11000
9900
9300
25200
11800
10200
9900
13000
10200
18000
28800
20300
13600
21100
11300
17100
14300
12500
12800
12400
12100
11200
14800
11700
16900
12900
12600
2334100
54400
25200
19500
19000
19100
20600
22300
23300
53300
22700
51000
19100
22300
13300
25300
15100
13000
20500
13200
12300
11000
14800
11800
32900
16300
13700
15400
15300
13500
13100
13800
12000
16600
13100
13400
18800
15400
15900
14500
13400
13600
15100
30200
17300
33700
15300
15600
22500
19100
26800
17700
17000
18600
16500
16900
17600
24200
17900
18000
27400
21200
20700
18300
55000
15900
15900
15100
14300
36900
15300
35000
22800
18200
10400
14600
9500
9000
9700
9000
8700
11200
13300
9500
23500
11000
9500
11200
9700
9100
9500
10900
9500
12500
11300
10500
12300
10700
10800
9100
9400
8700
11900
23000
11200
21200
9900
9700
11800
15700
9400
8800
8600
14000
26400
21000
19500
10200
20200
9400
14700
20300
10300
10100
10100
11200
11800
10400
10100
41400
13300
31100
9400
14500
7500
14800
7600
6100
9100
8800
7200
6300
10200
7800
14200
6600
6500
7800
7600
6600
7300
8400
6900
11600
8500
8400
9300
8500
8100
7400
8500
8300
8000
18100
9600
18400
8500
13100
11800
11100
9200
10500
7400
9000
26800
21200
22600
10900
20600
9500
13600
15200
11400
9900
10600
11400
9800
9900
9800
9700
9800
11100
42400
44100
17900
21600
16700
15000
16200
21700
16100
16700
15400
16400
20500
23500
16900
15900
24700
15400
15900
15400
44300
16600
17500
17700
20400
25800
18000
17600
17700
16500
16200
22200
16800
18400
16200
15600
23500
16600
15900
23000
16700
17300
24300
16700
14700
17800
10300
12400
124500
29600
15800
20000
8800
7900
8000
7200
7300
16500
8100
7200
10300
9900
32300
9900
8700
11800
8900
8700
8200
14800
8500
8200
10800
8700
8700
9300
12900
11500
9700
14500
7400
8700
10000
8700
10700
13800
9100
9300
8900
13400
10100
16900
11000
9600
9500
9000
12000
10400
9700
16700
9900
9500
16500
10900
9800
16300
9900
12900
121500
24500
8300
15000
9700
6800
7400
6700
6800
14200
12700
11400
10300
8900
9600
10100
8600
9900
8400
9000
10400
7800
6700
11400
8700
13100
16200
13300
12500
8500
7700
11500
8800
8400
8500
8600
11600
15600
9400
9600
9100
9100
9000
14500
9800
9000
9300
9400
12000
9500
9400
15500
10100
9100
16500
10100
12500
15900
9600
9400
568500
25300
9000
19500
7800
6800
6600
6100
7100
16500
6900
6800
11500
8000
10900
8200
7600
13200
7800
8000
7900
8000
8400
7900
8700
14100
8600
11600
8300
8700
8100
11000
10600
8300
8300
8300
11400
8900
9100
8400
8900
8500
15500
8900
9200
8700
10500
8500
8700
26500
9000
42000
9200
8900
19500
9400
9200
14000
8600
8100
108500
14600
32000
15300
7900
7300
22200
13500
5000
42400
11000
7700
12400
10900
14900
8200
7700
11300
8700
8600
7700
7600
14100
7700
8700
11600
12300
10900
9600
35600
8000
9600
8000
7600
7400
7700
13900
7000
6200
5800
6200
9300
5900
5800
24900
4300
3300
14200
14300
9200
3700
3500
8100
3600
3400
8700
3500
3400
3800
3500
69400
10700
3300
9800
3200
2900
3100
3100
2900
5000
3000
2800
5900
3200
7100
3000
2700
5300
2900
3000
2900
2800
2900
2900
3300
5100
3300
4500
3200
3100
2900
4200
3000
3100
3100
9600
4100
4400
3300
3600
3900
3200
4400
3200
3900
3300
3300
3300
4400
5500
3300
7300
3400
3400
3500
5400
3600
4300
3500
3300
20600
3100
3100
5300
3100
2900
6200
3600
3200
5000
3100
2900
6700
3500
3000
3000
2800
2800
2900
3100
3600
3200
3000
2700
3800
3400
3700
3000
3100
4100
3000
3100
3100
4100
3000
2900
4400
3300
3100
3800
3100
3300
3100
5800
3300
3400
4600
3400
7600
5000
3600
3400
5100
3600
3500
4400
3800
5000
4200
3600
15700
3500
3100
3200
8600
3100
3000
3100
4800
5300
3500
3000
5100
3200
2900
2800
3100
2800
2900
3000
3000
4800
2700
3300
3800
3100
3000
3100
2800
3700
3000
3200
2900
4300
3000
3100
4000
6100
3200
3200
3000
3100
3200
4700
3000
3200
4200
3000
4800
4900
3400
3400
4800
3300
3400
3400
3400
4800
3300
3300
15400
3000
3400
2900
3100
3000
2900
2900
5500
4800
3000
6000
4600
2800
2800
3200
2800
2600
2600
2800
2800
5800
2900
4600
4300
3000
4500
3000
3200
3000
3000
3000
6100
17700
3100
2700
4800
3100
3200
3200
2900
3100
2900
12300
3100
3100
4300
3100
4700
5100
18000
4000
5000
3700
4100
3500
3400
4700
3500
3100
16900
2800
2900
2600
2600
2800
2900
2600
7200
5100
3000
2600
3500
3100
3000
2700
2600
2500
2700
3000
2600
2600
2500
3200
3900
2800
3400
2800
2700
2800
2800
3000
5200
3400
3000
2600
3500
3400
3000
3000
3000
4900
4700
3200
3400
5000
3300
3100
4500
4600
3400
3100
4400
3300
3100
3200
3100
4600
3100
3100
20900
2900
2600
2600
3500
2800
2900
2600
5600
5400
2700
2500
5800
2700
2800
2600
2500
3300
2400
2700
3500
2700
2600
3100
5600
2900
2800
3700
2800
2800
3000
2700
5200
3000
3600
2700
4400
3100
3400
2900
2900
5000
3100
3300
3200
4600
4100
2900
4900
3300
3200
3200
4100
3200
3100
5700
3100
3200
5700
3100
17200
2800
2500
2600
2600
2800
2600
2500
5300
5300
2600
2500
5700
3500
3900
2700
2600
2500
3300
4000
2600
2600
2500
3000
5800
2700
2900
2700
2700
3700
2900
2800
4600
4100
2700
2800
4400
3000
2900
3000
4100
4100
2900
3000
3000
5000
3000
2900
5400
3300
3100
4100
3100
3200
3500
5600
3100
3100
8100
3000
15200
4500
2900
2700
4500
2600
2600
2800
2800
4300
2800
2500
5200
3100
2800
2600
2500
4100
2700
2500
2600
2500
3100
3300
4000
3000
3000
2900
3300
2900
2800
2800
3900
4000
2800
3800
4200
4600
3400
3000
3000
3000
3100
3200
3000
2900
4400
3000
4700
3400
3400
4200
3200
3400
7700
3200
3300
3300
4800
3200
14900
2900
5000
3000
3100
2900
2700
6000
4800
2800
2700
2900
4500
2900
2700
2700
2600
2700
2500
2500
2500
3200
4300
3100
3700
2900
2800
2900
3200
2700
2800
2700
4100
3500
3100
3500
4100
4500
3300
3000
2900
3000
2900
5800
3000
3000
4300
3000
4700
3200
3200
3400
3200
3100
5300
3100
3200
3100
3600
3100
14800
3300
4600
3000
2800
2800
2500
4600
5000
2700
2900
2700
4500
3000
2700
3000
3200
2500
3200
2700
2500
3300
2700
3100
3300
3000
3000
3400
3400
7000
3000
2800
2800
2800
3000
3900
4100
4500
3200
2900
2900
2900
3200
3000
2900
2900
4300
3200
5700
3300
3400
3300
3100
3100
4700
3200
3300
3300
3100
3500
14800
3000
4700
2900
2700
2500
2600
4400
7300
2700
2600
2800
4300
2900
2700
2700
2700
2500
2600
2600
2400
3100
2600
3200
3300
2900
2900
2800
3100
3700
3200
2800
2900
2800
2700
4400
4100
3200
3000
3200
3000
3300
3100
3100
4900
4300
3100
4100
4500
3200
3500
3300
3100
3300
4900
3600
3200
3800
3500
3200
18200
2900
4300
2800
2700
2600
3100
5200
4600
2600
2600
2800
4300
2900
2600
2800
2500
2500
2500
2400
2400
3200
2700
4100
3300
2900
2900
2900
3200
3700
3100
2800
2900
3300
2800
3800
4100
3100
3000
3100
3000
3100
3000
2900
4300
4100
3000
4200
7000
4800
3300
3400
3100
3100
3400
3200
3100
3100
4800
3200
15800
2800
4500
2800
2700
2600
3000
4300
4500
2700
3100
2700
4500
2800
2900
2600
2700
3000
2600
2700
2600
3500
2900
3200
3100
3200
3000
2800
3100
4000
3000
3100
2900
2900
3700
6900
3700
3300
3100
3200
3100
3000
3200
3100
4500
4200
3200
4300
4700
5100
3400
3300
3200
3400
3100
3200
3300
3300
6100
3400
14600
2800
3300
3000
2700
3200
4800
2800
2900
2800
2700
2600
5700
2900
2700
2800
2800
2600
2600
2800
12600
3000
2700
11300
15800
3300
2900
2800
3000
3600
2800
2600
2600
2700
3800
2800
11200
3200
3200
3700
3000
3300
3200
2700
3800
3200
3100
3700
4800
3600
3100
3400
3000
3000
3100
3300
3100
3000
3000
4600
15100
2800
2700
2700
4500
2500
2700
2700
2600
4100
3000
2400
11500
3000
3600
2800
2700
2600
2900
2500
2500
2500
2600
3200
3500
2700
5500
2700
2600
3800
3300
2900
2600
2700
3500
3000
5000
2800
2800
4300
2900
2800
2900
3200
4100
2800
2700
3900
5900
3100
3000
3200
3000
2900
3000
3300
3200
3000
2900
4400
14000
2600
2700
2400
3900
2400
2500
2400
2400
4100
2500
2500
4600
2900
3300
5600
2900
2500
2700
2400
2700
2500
2500
2600
4000
2900
2800
2900
3000
2700
2700
2900
2700
3400
2700
4200
7300
3100
2800
5800
3000
3600
3000
2800
3700
2800
2800
3400
6500
3100
4000
3000
3000
3100
2900
3100
3100
3000
2900
4100
14600
2600
2500
2400
3800
2300
5400
2500
2400
4100
2600
2900
4900
2900
6600
2900
3000
2600
2700
2600
2900
2400
2500
2600
3600
4400
2900
2900
2900
2700
2700
2900
2700
8600
2800
3800
3700
2900
3000
3200
2900
3900
3200
3200
2900
2900
4700
3000
4300
3300
3000
3100
3000
2900
3100
3100
3000
2900
2900
4400
17000
2700
2500
2400
3800
2300
2400
3200
2400
3700
2500
2300
4400
2700
4000
2700
2600
2600
2900
2400
2500
2500
2400
2700
3100
2900
2800
3000
2800
2800
2700
3900
2900
2900
2800
3300
3500
2800
3200
2900
3000
3600
3100
2900
2900
2900
3700
2900
8700
3100
3300
3900
3200
5900
3500
3000
4200
5300
3000
5500
15100
2700
2800
2400
3900
2400
2400
2500
2500
4200
2500
2600
4500
2900
3300
2700
2800
2600
2800
2800
2600
2600
2700
2600
3400
3000
2800
2800
3000
2800
2800
2800
2800
2800
2800
3400
3600
2900
2900
3300
2900
3600
3100
3400
2900
2800
6700
3400
4900
3200
3200
4000
3000
3000
3100
3000
4600
3000
2900
4000
14300
2700
2600
2400
2400
2400
2700
2700
2600
2300
2600
3900
7400
3300
3300
3400
2900
2800
2700
3400
2800
2700
2700
3200
4300
3000
4400
3900
3000
2800
2900
2800
3000
3900
3000
2800
4500
3400
3200
3100
3000
3100
4200
3300
2900
3100
2800
3200
4700
3400
3300
3300
3200
3200
3200
4900
3400
3400
3200
3300
18400
2800
3000
4600
2900
5500
3600
2800
2600
2900
4300
2700
5300
4500
3100
3600
2900
3400
2800
2800
2800
2800
3600
2700
3800
2900
4200
3800
2800
2900
3300
4300
3000
4000
2900
2700
4700
3000
3000
3400
2900
2900
4400
3300
3200
3000
2900
3000
4700
3200
3100
3100
5800
3300
3000
5000
3200
3000
3300
3100
16800
2700
2700
4400
3200
2700
2600
2700
2800
2400
6300
2600
4900
3900
3200
3300
2900
3400
2700
2600
2600
2800
2600
2500
6200
3900
4200
3800
2900
3100
2900
3700
3200
2900
2900
3100
5100
3900
3100
2900
3000
3900
4200
3100
3900
2900
4200
3100
5900
3200
3100
3100
4100
3800
3100
5600
3300
3300
4200
3200
18800
2700
3700
4100
3700
2600
2500
2700
3700
2600
5200
2600
4900
4300
2900
3000
2800
5900
2700
2600
2500
2500
2800
2500
3900
4000
3800
4000
2800
2800
2900
3800
2900
2800
3000
2900
4000
3000
5100
4300
3000
3100
3600
2900
3100
4300
3000
3500
5600
4500
3200
3100
3700
3100
3100
6300
3300
3400
3000
3100
18600
2600
2900
4300
2700
2600
2500
2800
2600
2500
4500
2600
5200
3500
2900
3000
2800
3100
2700
2600
2800
2700
2700
2600
4000
3900
3800
3700
3000
2800
3500
3500
3000
3500
2900
3000
3900
3100
4600
4200
3200
3000
4100
3000
3200
4600
3100
3200
4900
3300
3300
3400
3200
3100
5100
3200
3100
3400
3100
3300
17600
2600
2600
4100
2500
2500
2500
2900
2600
2700
4400
2600
5300
3300
4200
4000
2800
3200
2700
2600
2800
2600
2700
2600
5800
3800
3900
6700
3100
2900
2900
4000
3000
2900
2800
3100
3700
3500
4600
4900
3100
3200
3100
3000
3200
4500
3100
3200
4300
3200
3300
3200
3300
3000
6300
3200
3100
3500
3100
3700
14800
2700
2600
2600
2800
3000
2600
4600
2700
5600
2500
2600
6700
3000
2700
2900
3800
2900
2800
3100
3200
2800
2700
3000
7800
3000
3800
3000
2900
2900
3100
2800
3600
3100
3900
4000
5800
3300
3200
4400
4700
3300
3100
3200
4600
3300
3400
3000
4900
3600
5200
3400
3600
4900
3300
3500
3500
5000
3500
3600
18000
3000
3000
2800
2700
3000
2600
4700
5000
2700
2700
2800
5600
2900
3300
3600
4800
3000
2800
2800
3100
2800
3300
3000
5500
2900
4100
2800
2700
2800
2800
2800
3600
3200
3700
4100
5600
3600
3100
4500
4500
4400
3100
6000
4400
3100
3200
3000
4800
3400
5600
3500
3200
5100
3400
3300
3200
4800
3600
3200
14600
3100
2700
2800
2500
2800
2600
4600
4700
2600
2900
2800
6100
3200
3100
3700
2900
2900
2900
2800
2700
2600
2800
5700
3300
3500
3200
3000
3900
3400
3000
3800
4100
3000
2900
4000
5500
3100
3200
5600
4500
3200
3000
3700
4200
3400
3000
3000
4600
3600
5300
3400
3200
4900
3300
3300
3500
4600
3500
3300
18600
2700
2800
2800
2800
2600
2600
5300
5500
2800
2700
2700
5500
2900
3300
3400
2800
2800
3400
2800
2800
2600
2700
3000
3300
3300
3100
2900
4100
3200
3000
3600
3900
3000
2800
4100
5000
3000
4600
3100
3000
3100
3200
3000
4100
6000
4400
5000
4800
3300
5000
3200
3100
4900
3300
3200
3200
5000
3300
3200
16400
2700
2600
2600
4000
2800
2600
5000
4700
2900
2600
2600
5700
3300
3000
3300
3000
3100
2900
2800
6200
3300
5900
2900
3300
3100
3100
2900
3800
3300
3000
3700
3800
3000
2800
3800
5100
3300
4200
3300
3100
3200
3100
3800
4100
3400
4200
5300
6500
3400
3200
4900
5000
3400
3300
3500
4800
3400
3300
3200
18300
2700
2600
2800
2600
2500
2500
4600
4800
3100
2600
2600
5100
3100
2900
3200
2900
3000
2700
2700
2700
2700
3000
2800
4600
3100
3100
3100
3600
3700
2900
3500
3700
3000
2800
3500
10000
6600
4000
3100
2600
2700
2600
2700
4300
2800
7200
4400
5500
3600
2900
4400
4400
3200
3000
3000
4400
2900
3100
3100
17700
2700
4300
2600
2200
4300
2400
2600
2400
4500
2400
2300
7200
2700
3000
2600
2700
2900
2500
2400
3300
2900
2800
2500
3600
2800
2700
2900
2800
2500
3200
2700
6600
3500
2600
3400
5800
3000
3000
3800
2900
3100
2800
2700
2800
4700
4000
2800
4900
3500
4300
3300
3100
4600
3100
3000
2900
3200
4300
3200
15700
5800
7900
7400
5400
5300
2500
4600
2500
2400
4300
4300
6400
2800
2400
2900
2500
3100
2400
2500
2600
2400
2700
2500
3600
2700
2500
2600
2500
4100
3500
2600
3400
3300
2600
3500
5000
2800
2800
3900
3300
2800
3000
2800
2700
6500
2800
5400
4500
2900
5000
2900
3000
4400
3000
3100
3000
2900
4700
3000
13900
3100
12200
5500
2600
2300
2300
4200
2700
2500
4200
4200
6400
2800
2500
3300
2500
2600
2500
2700
2500
2500
2500
2500
3200
2700
2700
3000
2800
2600
2800
2900
3500
2800
3800
2800
4800
3100
2800
3700
3000
2800
2700
2700
2800
4300
2700
2600
4100
3000
4500
2900
2900
5800
3000
2800
3500
3100
4200
3200
17600
2500
7100
4300
2800
2400
2300
4200
2400
2200
5600
4300
6900
2800
2600
3000
2500
2500
2400
2400
2500
2400
2500
2500
3300
3400
2800
2700
2800
2800
2800
2700
4100
2900
3400
2900
3400
3200
2800
2900
2700
2700
4200
2800
4000
7000
3100
3900
4200
3100
4300
3200
3000
4500
3000
2900
2900
3000
4200
3200
15500
2400
5100
4100
2400
2500
2200
4300
2400
2200
4000
4100
6400
2700
4000
3000
5500
2500
2400
2400
2300
2600
2400
2500
3000
2900
2700
2600
2800
2800
2800
2600
3500
2700
3200
2700
3500
2800
3000
2900
2700
2800
4000
2900
4000
4300
2900
3800
8200
3100
3100
4500
3100
3000
3100
6800
3200
4600
3000
2900
15300
2400
4300
4000
2400
2300
2400
4100
2400
2200
4000
4200
7200
2900
2600
3800
2800
2500
2400
2600
2400
2700
2500
2500
3300
2700
2600
2600
2800
5700
2700
2700
3900
2900
3500
2900
3300
3000
2800
2800
2900
2900
4100
2900
5200
4800
2900
4500
5600
4200
3200
4400
3400
3100
3000
3200
3000
4500
2900
2800
13900
2600
7700
2500
2400
4400
2600
2500
2300
2400
4800
2700
7700
3100
2500
2700
2500
2800
2600
2600
2500
2500
2700
2600
3400
4600
2700
2700
3800
3000
2700
2700
3200
2900
3600
2700
4300
3400
2800
4200
4200
3700
3000
3100
2900
2900
3000
2900
4500
4200
3100
3400
3000
2900
3000
4600
3100
4900
3200
3100
19000
3100
2600
2600
4300
2500
2700
3000
2500
2500
2400
2300
6500
2800
2600
2900
2700
3000
2800
2800
2500
2400
2500
2600
3300
2700
2600
2800
3200
2700
2800
2600
2600
2600
3500
2800
3700
2900
2800
3900
4300
3900
2900
2900
2900
2900
2800
2700
7500
5100
3000
3900
3200
3000
3000
4400
3700
4400
3000
2900
15800
3100
2600
2600
4700
2300
2300
2400
2500
2400
2300
2300
6800
3100
2700
3200
2700
3000
2700
2900
2600
2500
2700
2600
3400
2800
2700
3000
2700
2700
2700
2900
2500
2800
2600
2700
7100
3200
2800
3700
3900
3700
3100
2900
2800
2800
3300
2800
4500
4300
3000
3000
2800
2800
3200
4100
3200
4100
3100
2900
16000
2600
2300
2700
3900
2700
2400
2400
2400
2500
2300
2300
7000
3300
2600
3100
7000
3300
2600
2700
2800
2500
2500
2500
3300
2800
2700
2800
2800
2900
2700
2700
2900
2800
2700
2800
5400
3100
2800
3800
4100
3200
2900
2700
2800
2900
4200
2900
4200
4500
3000
3200
2900
2900
2900
4400
3100
4300
3000
2900
16100
5500
2300
2700
4100
2400
2300
2600
2400
2400
2400
2500
6400
3200
2800
4100
2700
3500
2700
2600
2500
2500
2800
2600
3000
3100
2700
2700
2600
2800
2700
2800
2600
2600
2900
2700
3500
2800
2900
2800
4000
3200
2900
3000
2800
2900
4200
2900
3900
3300
2900
4300
5700
5100
3000
2900
3000
3800
3100
3100
17700
2600
3300
2500
4800
2500
2300
2400
5600
3100
2400
2800
7400
3000
2500
3700
2700
3200
2600
3500
2600
2600
2500
2800
4000
2700
2700
3600
2800
2900
2800
2900
3600
2700
2700
6600
4700
2900
2900
3000
3900
5700
3100
2800
2900
2800
4100
3000
3900
3100
3100
4100
4400
4700
3000
3100
3100
2900
3100
3000
13600
4100
2500
2500
2400
2500
2700
5200
3000
5400
2400
2400
8400
2900
2700
2700
2500
2600
2800
2500
2800
2600
2700
2700
4600
2800
3200
3000
2800
2700
2700
2800
2700
3100
2900
2800
4700
3100
7200
2900
3000
2800
2900
3100
2900
2900
3200
2900
4400
3200
4000
3300
4500
3000
3200
3000
3300
3000
3000
3100
14100
3700
2800
2400
2500
2400
2400
2800
2900
2500
2400
4300
6300
2700
2900
2800
2600
2600
2900
2600
2600
2600
2700
2800
3600
2700
3200
2800
2800
2600
2600
2900
2600
3100
3300
5800
4500
3000
3600
3300
2900
2800
2800
2900
2900
25100
3200
17300
6800
5000
6300
5700
4300
4100
4600
4800
5200
5000
3300
3300
15900
4300
2600
2800
2600
2500
2800
2700
5800
3900
2400
4300
8200
3100
3100
3100
2800
2800
2800
2800
3700
3300
2800
2800
7300
3500
2900
2900
6300
2900
2700
2800
3100
3500
2700
3400
4700
3200
3500
2800
3200
2700
2800
2900
2800
3100
2800
2800
4200
3000
4100
3100
2900
2900
3200
3000
3100
2900
3300
3000
14000
4200
2500
2500
2400
2500
2400
2500
2300
2400
2500
3700
6400
2700
2700
2700
2700
2500
2600
2700
2500
5400
2700
2600
3100
4200
3000
2800
2700
3000
2800
4300
2700
2700
2900
3700
5400
3100
3100
3300
3100
2900
3000
4000
3100
3600
2900
3200
4200
3100
5500
3200
3500
2900
3000
3200
3100
3000
3000
3100
13900
3800
2600
2400
2400
2400
2500
2400
2300
2600
2400
5000
6400
6600
2800
2600
2600
2700
2800
2600
2500
2500
2600
2700
3000
3200
3100
2800
2700
2800
2900
2900
2700
3200
2800
3300
4100
3100
2900
3000
3000
2800
2900
3500
2900
3700
2900
3000
4900
3300
3800
3000
3300
3600
3000
3100
3000
3000
2900
3100
14800
3800
2500
2600
2400
2400
2400
2400
5300
2500
2300
3700
6200
2900
3100
2600
2600
2500
3100
2900
2500
2600
2600
2600
3200
3200
2900
2900
3200
2900
2800
3000
2900
2700
4200
3300
4400
3100
3000
3000
3000
2800
3100
2900
2800
3800
2900
2900
5000
3300
4200
3300
3400
3000
2900
3000
3300
3000
2900
2900
13600
5300
3700
2900
2400
2500
2600
2600
2500
6700
2700
2800
