601600
30600
27800
29800
27600
25300
30600
23700
20700
20700
29700
27000
33300
29800
126100
25100
25000
31800
22200
24600
42400
26000
41900
32800
1175700
103400
47500
27900
27400
28000
26100
31300
24900
28100
25800
45800
47100
33900
24100
48000
22200
23500
35900
46700
58600
28500
17700
38300
39000
22300
20300
21900
18400
18300
18100
19800
19000
21300
46700
31400
13900
13000
10200
12700
21600
17900
11900
13500
10300
14700
13400
11900
17200
13100
20000
15800
38300
26800
14500
13000
20000
17500
21700
18100
23200
40000
14700
13200
14400
12700
12000
13400
11600
14700
13700
30900
34700
16400
14300
40200
16100
13800
27600
29400
37100
15800
13900
26700
36800
18100
15600
15400
13500
14200
13800
13500
13400
14400
35600
15300
10000
8600
8200
14700
17000
19000
10200
28200
9000
8600
14900
18700
13600
10200
9400
9900
8900
9300
9400
8800
9200
11000
10500
9100
22400
35900
12700
11800
11100
11800
10600
10200
10100
12600
14300
21600
23300
14900
12600
27300
20100
14000
25300
25700
29900
17600
13000
63100
44800
20500
16600
14100
13800
13400
12500
12800
13800
13300
37200
15200
8900
7700
7400
10900
11400
12100
8700
7600
7500
7600
9700
11300
11300
10300
9100
10400
8800
9900
9000
9000
8500
12500
9500
24600
16200
12800
23500
14500
10700
15200
12700
11200
14500
17500
14000
13700
20300
14600
23200
24700
14300
12400
17700
21100
21500
16600
17300
21100
21000
18200
13600
13300
12900
13200
12600
13100
13700
13700
25500
14600
8700
7700
7700
9600
12100
15400
9300
12100
8200
8300
10000
14200
12300
10100
9300
12800
9900
15600
10100
9000
10200
11600
10100
9600
14300
10400
17600
12100
11200
16800
11900
11900
16500
13200
16700
18200
16700
21000
12900
12200
12300
14300
12200
11800
10900
12900
12200
20400
24300
16500
14800
13600
13100
13400
45400
10700
9400
9300
19000
10100
17000
8100
6500
8600
9500
8200
6800
6400
6500
7600
9000
10500
14600
7400
7400
8200
6800
7200
7200
7200
7200
9500
7700
7100
9400
7900
22200
8600
7500
10000
8200
10200
11000
10000
10100
10700
14100
14900
9500
8900
7800
8200
8400
8600
7700
10400
15400
15600
13600
18500
8800
16100
9500
9200
14600
15300
15500
9100
8400
13800
30100
24900
20700
20600
20100
20800
30100
21700
21000
21100
20400
20500
22700
20100
19000
15600
20800
14600
16500
15000
14700
16600
14500
14500
20200
15400
13900
18800
16200
15600
14200
14500
18600
18500
18800
15100
18700
16200
14800
19600
19800
15400
15600
14500
9300
9000
22500
14800
82300
26100
8100
9300
6900
6600
6600
7500
15100
7300
7000
6500
27800
19900
14500
17900
14400
14000
13400
13000
12300
15900
12900
12700
23000
15700
16500
14700
21400
14000
20300
15100
13800
15000
13700
14200
21900
16200
14200
19200
14200
17700
14300
14200
26200
21100
27700
19200
22600
15900
14400
43100
21400
16500
15600
14000
14800
16200
15600
18500
145500
31000
13400
12200
16400
11000
21200
11400
16700
12300
11600
41400
25700
23300
13300
12600
13700
13300
14400
11600
8800
8400
8400
12300
10200
9300
9100
10000
9500
8500
8700
10100
9200
10800
9400
8300
10700
10000
9400
13500
9000
8900
8700
8600
18100
12800
13300
10100
19100
10300
11900
13100
16600
10200
10000
10500
9600
9400
10400
12700
98200
17100
10200
8600
7400
7100
6900
7200
11400
7700
6700
6900
12300
10900
8800
8200
10000
9500
8700
8600
8000
21500
9100
8500
9700
8800
14600
8700
8600
28500
9000
8500
8400
9000
8500
9000
10000
9300
9000
8800
13100
10400
12100
9100
16800
8800
9400
9000
11500
13400
9300
14300
13700
16000
9700
28600
9800
9500
9400
13100
45800
14400
7000
6800
6600
8900
6900
7100
11400
7600
7300
6600
14800
12700
9700
8600
10100
10000
8700
9000
8100
7700
8200
8000
9400
9200
10800
8600
12000
8600
8500
8800
8400
8400
8300
9500
9600
9100
10000
9500
12000
8700
15200
11200
9100
8900
8400
7500
9700
10700
9100
13300
9200
9500
8900
9500
14400
13200
19300
9500
34000
16400
12400
9900
28000
6300
6200
6500
10900
5900
5800
5700
9300
8300
5700
5700
6500
6800
5600
5800
5500
5700
5500
5500
6100
5500
7800
27000
5400
5300
5300
5600
5300
5600
5500
5600
7000
6900
6900
6100
17000
5800
14300
6000
5900
11700
5900
5700
8400
6000
6100
9500
6400
6600
6200
5800
10500
10900
11100
6300
30900
8200
5600
9800
9600
5400
5200
5800
5500
5200
5200
9000
22200
6400
4900
4700
5100
4800
4700
4700
4600
4600
4600
7000
6500
5300
7700
5200
5300
15400
5600
5400
6700
5300
5500
6600
13300
5600
5600
5700
5600
5500
5300
5900
5500
5400
5500
6200
8100
6100
6300
5900
5900
6100
5900
5900
5900
12300
10000
9500
39100
4300
3800
5900
4800
4700
4600
4700
4600
5400
4900
5600
6800
4900
5600
4500
4300
4300
4900
5700
4400
5500
4600
4400
6500
5100
7000
4800
10400
6900
5000
5000
7000
5100
5200
6800
7500
5500
5500
5300
5700
5500
5300
5500
5400
6500
7700
5400
8900
5800
5900
5700
5700
5700
5600
5500
5700
9400
8800
8800
26500
18600
5600
7500
4900
5000
4800
5000
4600
5200
4700
5200
6600
10700
7000
14400
5100
5200
4900
7500
5000
6800
10000
4600
6000
12200
8900
5300
4900
5700
4700
4800
5000
4800
4900
13700
8300
5300
5400
5200
5300
5200
5200
5100
5500
5400
5300
5200
7200
5800
6000
5800
6200
6100
5900
5200
5300
6400
7300
8500
44000
4600
4800
4200
4500
4500
5400
4500
4200
4700
5600
4400
5800
4900
16500
4200
4200
4100
4100
5600
4100
4400
3800
4700
5100
4500
4500
5500
5200
4900
4500
4600
5800
4300
4900
7800
6200
4800
8200
5100
4900
6700
6400
5000
7800
5100
5200
8000
8300
5500
6600
5500
5500
6200
5300
6200
5400
7700
7600
9200
25500
4300
5400
4800
4600
4300
5900
4300
4200
4500
5200
4600
6400
4600
6900
4000
4200
4400
5500
6300
4400
6500
4700
4600
7200
5100
4800
4800
5000
6400
4700
4900
4600
6000
5100
7200
7900
5600
10900
19800
5700
9000
5300
4900
19600
5700
5500
7000
6300
3700
3700
4400
3700
3400
3400
4300
11900
3300
3500
4300
17600
3200
3000
7200
2900
2600
2600
3000
2700
5300
2500
3100
4100
2800
3100
4100
3000
2900
2600
3200
2600
2900
2800
2500
3600
3200
4500
2800
3000
3500
2800
2700
2600
3100
2700
3800
3600
2800
5100
3100
3100
4400
3200
3100
3800
3300
3200
3800
4400
3300
4300
4300
3800
3400
3100
2900
3100
3000
3300
3000
18700
3900
2900
2600
2500
2500
2500
2600
2500
4500
4000
5200
25600
4200
2800
3300
2900
3300
3100
2800
2700
2700
2900
2700
4800
3100
2900
2900
3000
2800
3100
2900
2700
3600
2900
2800
4300
3400
3000
3000
3400
3100
3000
3000
3000
3000
3000
2800
4600
5200
3100
3600
3200
5000
3200
3000
3400
3300
4100
3500
19500
3100
2600
2600
5300
4100
2700
2800
2600
2700
2700
2500
5200
3000
2600
2500
2500
2500
2700
2500
2600
2500
2800
2600
4600
2800
3000
2700
3200
2800
2800
2900
2700
3600
3000
2700
4100
3000
2800
2800
3000
2900
2900
2900
2900
3000
2900
2800
7100
5600
3300
2900
3100
3200
3000
3300
3300
3000
2900
3000
16000
2800
2800
2600
4300
3800
3200
2700
2500
2400
2800
2500
5400
2700
2800
2600
2400
2400
2800
3300
2600
2400
2500
2600
5300
3400
3100
3300
3000
2700
3300
3400
2900
2700
3300
5600
4100
3400
2900
3100
2900
3100
2900
2800
2900
3500
2900
2900
4500
5000
3100
3000
3200
3800
3700
3000
3100
3300
3000
3500
16500
2800
2600
2700
4100
3900
2700
3300
3300
2400
2600
2900
5400
2800
2600
2600
5500
2500
2500
2400
2400
2800
2400
2500
3700
3100
2900
3100
3100
3200
3200
3000
2900
2800
3300
3000
4900
3000
3000
3100
3000
2900
2900
3200
3000
8800
3200
2800
4400
4900
3300
2900
3200
3200
3000
5500
4400
3300
3100
2900
16600
2800
3100
5700
4200
3800
3000
2600
2900
2600
2500
2700
4100
2700
2500
2700
2600
2400
2500
2400
2400
2800
2500
2500
3700
3300
2800
3500
2900
2600
3300
3100
2800
2900
3200
2700
5500
3200
3000
2900
2900
3000
2900
2800
2900
4300
2900
2900
4300
3200
3000
3200
3000
6500
3200
3000
3000
3200
3100
3000
15100
2600
2700
2600
4100
3800
2800
2800
2500
2400
2600
2400
4500
2800
2700
2600
2500
3000
2600
4200
2700
2600
2400
2600
4000
3900
4400
3500
3200
2600
3500
3500
2900
2700
3500
2800
5400
3000
6200
3000
3100
2900
3100
3500
3100
4900
2900
2900
4200
3200
3200
3000
3100
3200
3300
3000
3100
3000
3400
3000
13400
5500
3100
2800
2600
3300
2700
2900
2600
2900
4200
2700
6800
5200
4000
2800
2900
2800
2800
2600
3000
2800
2800
5400
4200
5100
2900
4100
3400
3300
2800
2900
3200
2900
4300
3100
7200
3400
3100
3100
4700
3400
3400
3100
4300
3900
4900
3300
4800
3700
5000
4800
3500
3300
4400
3300
3500
3400
3300
3300
18800
2900
2700
3100
2800
2700
2700
2900
3900
2800
5400
5000
6100
3200
3200
5600
2700
3700
2900
3100
3400
3300
3200
2800
3800
4500
3000
6100
2800
3200
4000
3100
3600
2900
4200
2900
4200
3100
2900
3400
4300
3400
3000
3000
2900
3200
4500
3300
5000
3300
5200
5100
3100
3100
3100
3400
3100
3300
3100
5800
14200
3000
2800
2700
2600
2700
2600
2600
2500
2800
6200
4800
5700
3100
3200
2700
2500
3400
3000
2600
3500
3400
2900
2600
3400
4200
4200
3600
3100
3100
2700
2900
2800
3400
3000
5200
5900
3300
2900
2900
9000
3100
3000
3200
2900
3000
4600
3100
4700
3900
6100
4900
3300
3300
3200
3100
3100
3400
3200
3200
14700
2800
2600
2600
2500
2600
2700
2700
2600
2700
4700
5000
5400
3500
3200
3100
2700
3300
2800
2600
6000
3100
4400
2700
3600
4400
5600
3000
3700
2900
3000
3000
3100
19200
3300
50700
16400
10100
6100
5800
5800
6100
5700
5800
5700
5800
9500
5800
9500
8000
9000
9300
6400
6700
6800
6600
6600
6600
6300
6900
22200
7000
6800
6800
6400
6800
6900
6800
6600
7100
9600
9200
6900
4300
4200
3700
3400
4200
3500
3600
4100
4000
4300
3700
6100
8500
6100
4700
5000
4600
4600
4800
4600
4600
4900
6400
9100
7500
6000
5700
5600
7400
5500
5600
5500
5900
8300
5900
9500
6500
6600
7000
8800
7000
6800
6700
7000
6500
9100
6800
21300
7400
6800
7000
6900
7000
6800
6600
7100
8500
9700
8900
20400
4200
3200
7500
3300
3400
2700
2900
3100
3200
3000
2700
11800
9300
4400
3200
3200
3100
3100
4000
3100
3100
3000
5400
4100
4900
3700
3500
3100
3200
3100
3400
3300
3200
5100
3100
4500
3700
3400
3300
5100
3500
3700
4100
3400
3300
5100
3400
14400
3000
8000
5200
2900
3000
3000
2800
2800
3100
2800
2900
7600
3100
2800
3400
2800
2800
3800
2800
3400
2800
3200
2700
4300
4100
4100
3500
3900
3100
5100
3100
2900
3900
4400
3000
4600
3200
3600
3300
3100
3100
3300
3200
3000
3200
3500
3400
9400
4600
6700
3500
3800
3500
4300
3400
3300
3300
4500
5000
20300
3700
2700
7200
9400
6800
3500
2900
3600
2900
7900
5500
5400
3200
5200
3400
2700
2700
6000
3300
3300
3200
3000
2600
4100
3900
4300
3100
3800
3100
4400
2900
3500
4100
4100
2900
5000
3200
3000
3100
4600
3100
3100
3300
3200
3300
3200
3100
5100
3600
3200
3400
3700
3400
3100
3300
3800
4400
4100
5100
20400
2900
3000
4600
2800
4800
2900
2700
2800
3000
4700
4300
5700
3100
4200
3500
2800
3000
3100
3500
2900
2700
3000
2700
4900
3100
3000
3000
3200
3000
4300
3300
4800
3200
4000
3100
4600
3200
3100
3100
3000
6200
3100
2900
3000
3200
3300
3300
5300
3700
3100
3400
3200
3500
3100
3200
3200
3400
3400
5100
16600
3300
2700
4900
2900
4400
3100
2800
2600
2800
4700
4400
4800
3100
2900
2900
2600
2800
2600
2800
2700
2500
5600
2600
3900
3300
2900
2900
2800
2800
3900
2900
3700
3000
3900
3300
3900
4300
4200
3400
4100
3300
4900
3100
3300
4500
4700
3200
4500
3500
4400
4000
3200
3400
3100
3200
3100
3400
3400
5100
19300
2800
2700
4800
2800
5100
2900
2600
3800
2700
5300
4600
5300
3100
3200
3500
2700
3300
2700
2800
2700
2600
2600
2600
4200
3000
2900
2900
2900
3000
3700
3100
3900
3000
3900
2900
4400
5800
4900
4000
4300
3400
5500
5900
3200
4500
4800
3400
5000
3400
3400
3300
3600
3300
3300
3200
3400
3300
3300
3500
15600
2900
3100
4900
2700
4800
2800
2900
2700
2700
4700
4800
5500
3800
4000
3400
3100
2700
2700
3400
5900
4000
2900
2700
4600
3100
3300
3000
3000
4300
4400
3100
4000
3200
4200
3600
3800
4900
5100
4100
6400
3600
6000
3600
3100
5000
5300
3200
4700
3700
3400
3300
8400
6900
6000
3000
3100
3000
3900
5900
14500
2900
2500
2700
3100
3600
2800
2500
2400
2300
2600
5800
7000
3300
2700
2400
2400
2400
2600
2400
2300
2300
2400
2500
4500
2900
2700
2600
2600
2600
2500
2500
2800
2500
3400
2600
3900
2900
3100
3800
3000
2800
3000
2700
2600
2600
3600
2800
4200
3100
2900
3000
3200
3900
4300
3100
4200
3100
3000
3200
17400
2600
2500
2300
2400
3900
3800
2300
4800
2400
2500
2300
5100
2700
2400
2700
2900
2500
2400
2600
2300
2500
2300
2300
3400
2700
2500
2600
2700
4200
2600
2500
2500
2600
3100
2600
3700
2800
2800
4100
2800
2700
2700
3100
2600
2600
3700
3100
4000
3500
2900
2800
2900
4000
7000
3000
3900
3600
3400
3000
14500
2800
2300
2200
2300
4100
3900
2300
4200
2300
2400
2400
5900
2700
2500
2400
3100
2500
2400
2400
2600
2500
2300
2300
3100
3400
2800
2600
2600
2800
2700
2600
2700
2700
2700
2700
3800
2800
2800
3500
2900
2700
2700
41300
6500
6200
7300
5000
13600
5500
5000
5200
5300
6900
7900
5700
7300
5900
5100
5100
31400
4400
4300
3800
4000
6800
7100
4400
7500
3800
4000
4200
6700
4400
4100
3800
5700
4000
4700
4000
4700
4100
4100
3700
4900
5700
4400
4200
4400
4800
4400
4400
4300
4100
4200
4100
10700
4600
4300
4500
4900
4800
4400
4700
4700
4500
6300
4600
7100
5100
5000
4800
5100
6300
6200
5200
6300
4900
5100
5200
25700
4300
4500
4300
4100
7400
6300
4000
7000
4200
4100
4300
6700
4400
4200
4400
6000
4200
4200
4100
4000
4400
3900
4000
4900
10100
4600
4600
4500
4600
4400
4600
4400
4600
4600
4400
6200
5000
4900
4900
5100
4700
4600
4700
4800
5100
6600
4600
6800
5300
8900
8200
5200
5000
5000
5100
5000
5000
7300
5500
27000
4100
3900
4000
4400
6600
6800
4100
7500
5400
3800
3900
6800
4500
8700
4100
5100
4300
4500
3700
3800
4000
3600
4000
4900
5600
4400
4500
4500
5400
4700
4500
4200
4300
4500
4700
5700
5100
4600
4800
4700
4600
4800
4700
4600
4600
7000
5000
6600
5900
5200
7200
5000
5500
5000
4900
4700
5000
7200
5200
34500
4700
4300
4300
4400
7000
11400
4700
7400
4400
4300
4600
8500
4600
4900
9800
4500
4800
4300
4300
4100
4200
4100
4100
7500
4900
5000
5800
5000
4500
6000
5000
5600
4800
4900
5600
7200
5000
7200
6700
5200
5300
6900
5700
5100
5700
5000
6700
8600
5800
5700
5600
5500
5000
7400
8100
5400
5700
6000
5700
34000
4900
4400
4300
4700
4800
7600
4400
4400
4500
4200
4800
7700
4400
4300
4600
4200
3900
4100
4500
5500
4400
4000
4200
7600
4800
4500
5000
4600
4400
5800
4700
6600
4900
5000
5800
7100
5000
7300
6700
5600
5600
6900
5400
5000
5500
7200
6800
11900
5700
5400
5400
5600
5300
5400
8300
5200
6300
5800
5400
27100
5100
4200
4700
4700
4400
8300
4700
4300
4500
4400
4700
8000
4500
4500
4300
4200
4100
4200
4400
4400
4100
4200
4200
5600
4800
4600
7300
4600
6300
4700
4400
4500
4600
4700
4500
11500
4900
7500
7000
6900
5100
7100
5100
4900
5300
4900
7000
8100
5300
5400
5500
5500
5400
5200
8600
6200
5800
5800
5200
27500
5100
4400
4300
4500
4400
8000
4700
4400
4600
5300
4800
8500
4500
4300
4300
3900
4000
3900
4200
4100
4000
4100
4100
5700
4800
4700
7200
5000
6700
4700
4400
4900
4800
5600
5700
8900
5200
5300
5300
5100
5100
7400
5300
7300
5600
5100
7300
7900
5400
5400
5300
5300
5400
5200
8000
5600
5300
5700
5500
27400
9600
4500
4200
4400
4300
7900
4800
4500
4600
4300
4600
7700
4700
4300
4400
3900
4100
4100
4100
4200
4200
4000
4000
5000
4300
6500
6000
5000
5400
4800
4400
4500
4700
4400
4800
7800
5300
5700
5100
5000
5200
6700
5200
10600
5700
5000
6600
7200
5700
7500
7800
5200
5600
7600
6100
5400
5300
5300
7700
27000
5700
4200
4300
5800
4600
7500
4800
4600
4900
4400
4700
7300
4500
4100
4300
6900
3900
4100
4300
4300
4000
4200
4000
5200
5100
4500
6200
8800
5500
4900
4600
4800
4600
4700
4600
8000
5000
5100
4900
5100
5200
7400
5200
6800
5600
4900
6400
7300
5700
7800
8200
5500
5700
7700
5600
5700
5200
5500
7700
26700
4500
4700
4500
4500
4700
4600
13100
5800
4400
16600
4800
9500
4300
4000
4900
6200
6300
5000
5200
4500
9900
5000
4600
7500
4700
7300
5000
7500
4800
4900
4900
4800
5200
6300
4700
8500
4900
4400
5300
4400
5800
4200
6800
4700
4700
7100
5000
7900
7900
5400
5300
5400
6100
5000
7100
7900
7900
5500
5500
17000
4700
9100
4400
4500
4400
4800
9500
5000
4800
4500
9100
9900
5800
5200
4700
4800
9100
4300
4600
4700
4600
4400
5500
6300
5100
5100
4900
6700
5200
5400
5100
5000
5200
6700
5200
7000
5400
5300
5300
5200
5700
5500
7800
6200
5000
7200
5000
7800
12600
6100
7000
5700
5500
5600
8000
8100
8100
5600
4900
15600
4500
4500
4200
4200
4600
4400
8000
4400
4800
4300
7700
7800
5700
5900
4100
4100
4000
4000
4200
4200
4100
3900
5200
5000
4500
4400
4800
6000
6000
4300
5600
8600
5100
4400
4400
7400
4900
4900
4800
4700
4800
4700
6700
5000
5000
7900
4900
7600
7700
5800
5600
5600
5400
5200
7700
7700
7800
5200
5200
16200
4600
4200
4200
4100
4200
4200
8300
4300
4500
4100
12400
8100
5300
5100
4100
4700
4500
4700
5100
4700
4500
4300
5400
5300
4700
5100
4800
5800
6000
5000
6100
4600
4500
4500
4700
6300
5100
5200
5200
7400
4600
5100
5100
5300
5400
7000
5500
8200
7700
5400
5300
5200
5200
5400
7600
7700
12000
5200
7800
15900
4300
4300
4300
4300
4800
4200
7900
4500
129400
7000
6500
8900
4300
3600
3000
3100
2800
2800
2700
2500
2500
2500
3400
3500
2800
2800
2800
5900
12900
3000
3800
3300
2900
2900
2900
4200
3200
3900
3000
5900
3500
3100
3200
3100
3200
8400
4100
5100
3700
3100
3200
4200
3100
3100
5600
3200
4200
4700
4300
11000
3000
3700
2800
2500
2800
3600
5500
2600
2700
2400
6300
8600
3100
3000
2700
3600
2500
11400
2400
2500
3500
2300
3600
7400
2700
2600
2700
4100
3500
3200
3600
2800
2900
2600
2700
3800
3100
3100
3000
4200
3000
3100
2800
3000
3000
4400
2800
4100
3200
3300
3100
2900
3000
3200
4400
3300
3100
4500
3100
8700
4500
2700
2700
2500
2500
2600
7100
4400
4500
2500
2800
8700
6800
2600
2600
2600
2500
2700
2600
2500
2400
2900
2700
3300
2800
2900
2800
2700
2800
2600
3000
2600
2600
3300
3100
3800
3000
2800
3600
3200
3500
2900
2900
2700
2900
2800
3100
4700
4300
3100
3100
3100
5400
3100
3000
4200
3100
3100
3100
9100
3200
4800
2600
2600
3000
5400
2500
3800
2500
2600
2700
6900
3200
2700
3200
2600
2700
2800
2500
2500
3200
2700
2500
3600
2700
2700
4700
2700
2600
2700
2700
2600
2600
3400
2900
3800
2800
2900
3500
2900
2800
2800
2800
2900
2900
2900
2800
4300
4300
3000
3100
3100
4000
3100
3100
3800
3400
3200
3000
10700
2500
3900
2500
2500
2700
2400
2400
3700
2700
3700
2500
7000
3000
2700
2700
2600
2500
2400
2400
2400
2800
2600
2500
3500
4100
3000
2800
3000
2800
3200
2900
2900
3000
3400
2700
3600
2800
2900
3900
2900
3100
3000
2900
2800
2800
2900
2800
4300
4000
3000
3000
3100
4000
5900
5000
3900
3300
3000
3000
7700
2500
3800
2500
2700
2500
2500
2400
3800
2500
2500
2500
6200
3100
2900
2700
2500
2500
2500
2600
2400
2500
2500
2600
3300
3400
2700
2900
2700
2700
2600
2700
3000
2600
3200
2700
3600
3000
2800
3100
2800
3000
2800
4200
2800
2800
3700
3300
6900
3900
3200
3100
3000
4200
3000
3000
4000
3100
3000
3500
7800
2400
3800
2500
2500
2400
2400
2500
3500
2800
2500
2500
7100
3900
2800
2600
2600
2700
2500
4300
2500
2600
2600
2500
3100
3800
2800
2800
2700
2900
2600
2700
2700
3200
3700
2800
3700
3000
2800
2800
5900
2900
2900
2800
3100
2800
3800
3100
3700
3200
3300
4400
3200
3800
3100
3400
3000
3000
3100
3200
7900
2400
3900
2500
2600
2500
2600
2400
3700
2800
2500
2500
5900
3100
2700
2600
2600
2500
3000
2500
2400
3200
2500
2400
3100
3700
2800
2900
2800
3000
2700
2700
2800
5500
3400
2700
3500
3400
2900
3000
3100
2900
2900
2900
3000
2800
3800
3100
3900
4800
3100
4400
3100
3000
3100
3200
3000
2900
3100
3000
7900
3900
2600
2700
2500
4200
2500
2700
3800
2600
2600
2700
