785100
9900
6000
4800
5000
4500
6200
8900
4100
3700
3800
4000
6600
4200
3900
4400
4200
4500
6700
4300
4100
7600
4400
4400
6000
10700
4000
3700
6000
4100
5900
4500
3900
3900
3900
3600
6400
4500
3500
4500
3000
2800
3000
3500
3000
4200
3300
2900
3300
2800
2700
3900
2800
2700
2700
2700
2800
3900
2600
2700
3100
3100
2800
3800
2900
2600
2700
2600
3400
4800
2700
2800
9200
6300
5000
4800
4400
3900
4500
5400
4100
3900
4100
3800
4200
4300
6100
4300
4000
3800
3700
4500
5300
4500
4700
5800
4400
7700
3600
4100
3900
3500
3700
4700
7500
4200
3700
4900
9200
5900
4500
3600
3400
3500
3600
4100
3400
3600
3100
3000
3200
3800
3200
3400
3400
3700
4000
11900
3600
3300
3500
3400
3400
5400
3900
3800
3600
3500
3700
4100
3600
3800
4800
3700
9200
5400
4200
13800
4700
4000
4000
5700
3700
4800
5100
3900
15400
6700
7100
4500
4000
3600
3700
3600
3600
4300
3700
3900
8300
3500
4500
3800
3200
3200
3800
4700
5200
3800
4100
3600
8600
3700
3000
2500
2300
2700
2600
2300
2300
2300
2500
2300
2600
2100
2200
2300
2200
2200
2400
2200
2200
2300
2600
2300
3500
2200
2200
2200
2500
2500
2300
2300
2200
3600
2500
5700
5000
3000
2900
2400
3200
2300
2400
2600
2300
2300
3100
2200
2500
2300
2400
2200
2300
2200
2200
2800
2100
4200
2200
3600
2300
2100
3000
2400
2200
2500
3000
2300
2300
2300
2200
2100
4300
2700
2300
4600
2300
3000
5200
2300
2100
2200
2300
2500
2400
2300
2200
2300
2100
2200
2300
2300
3700
2200
4000
2600
2400
2100
2200
2400
2200
2300
3300
2100
2100
2400
2200
2300
11300
4800
3700
2900
2800
5500
3100
2700
2900
2600
2600
3000
2900
2800
3000
2700
2700
2900
2800
2600
2900
2800
2700
2600
2800
2700
3400
2700
2700
2900
2800
3100
3000
2700
2700
8200
26100
2500
1900
1800
1600
1600
1800
1600
7700
1600
1900
1500
1700
1600
1600
1800
1600
1600
1600
1600
1500
2000
1500
1600
1700
1700
1600
1700
1800
1600
1800
1600
1800
1500
1700
1600
