1080600
11500
7800
8500
6300
6000
8400
6700
11000
5300
5900
5400
8500
5800
7600
4900
9100
4800
8400
6000
5100
5900
5000
4900
8300
10500
5600
5500
5500
6300
8700
6000
5700
5300
5100
5000
7900
4700
3900
5000
4200
3300
3500
3900
3000
5400
3800
3400
3200
3000
3000
4600
8700
3200
3300
2800
2800
4800
3900
3100
3000
3100
2900
4500
3100
3000
3000
2800
3100
19100
7100
8900
7500
5100
3300
3000
2800
2800
3100
3600
2700
2800
2900
2700
2900
3400
3600
3400
2900
2800
3000
3200
2800
3000
2900
3500
2900
3100
2800
4700
2900
2900
2900
3100
4600
3100
6000
3300
6300
4200
3100
3500
2800
2900
3700
9300
3000
2800
3600
3000
2900
3200
2700
2800
4000
2800
2700
11700
3300
2800
2700
2900
2800
3100
2800
3000
2900
2800
2700
3100
3200
2700
2900
2900
13400
5900
4700
4100
3800
3600
3700
3500
3400
3300
3400
4000
3500
6300
4100
3500
3500
3300
3700
3400
4400
3700
5400
3700
24000
3300
4400
4200
3300
3300
4200
4400
4100
4000
4400
4000
12600
10100
5100
5600
5200
4400
4800
3900
4400
4000
3900
4100
5000
4500
3600
4600
4300
3800
4900
3800
3500
4000
6500
16900
6000
5500
3900
3800
4900
3400
4100
3300
5300
5900
6900
3400
8800
5100
4000
5700
3600
4500
4000
6500
6000
5000
4100
3900
3600
5700
4700
3800
4200
3100
4700
4700
3700
4000
3900
3900
3200
4500
4200
3600
4900
5400
4800
4600
3300
3100
4200
3400
8300
4700
3500
10500
3900
4200
3300
3200
2900
5100
2600
3600
3000
2800
6100
2900
2900
3700
2800
4500
4100
3000
3700
4100
3900
4700
3000
3300
3300
3000
2800
6200
3200
2600
3500
2900
9200
3200
3400
2400
2900
2600
4900
2700
3100
2300
3000
7000
3500
2400
2700
3400
2500
3400
2300
2800
2700
3100
3000
2300
2600
2200
3600
2700
3300
3000
2700
2600
2400
2700
3200
2600
20500
9100
2200
2300
1800
1900
2000
1700
1800
1700
1800
1900
1800
1700
2100
1800
1700
2100
1900
1800
1700
1900
2000
15200
2300
1500
1500
2300
1600
1600
1700
4100
1500
1800
1500
1600
