764700
9400
6100
4800
4400
4700
6100
4000
8600
3800
3900
6600
7000
4600
6000
4000
4200
3900
7100
7700
4000
4500
3800
3700
6400
8200
4400
4100
4000
4800
5900
3900
4100
3700
4500
3800
7400
4700
3700
5100
3000
2900
4400
5200
901600
8100
4500
3400
3100
3400
3400
14600
3200
3000
3300
3000
2900
7500
3700
3000
2900
3100
2900
4500
3600
3200
3000
2800
2900
4500
3100
2900
8600
5300
4300
11000
3600
4400
4100
3500
3500
3300
3200
3500
3900
3700
4400
2900
3100
3200
4300
7100
3700
3400
3300
3400
3700
3300
3100
3200
3100
3500
3400
3800
3100
3300
3400
3200
6500
3900
6000
3100
2600
3700
3800
3100
2800
2600
3200
2600
3200
3200
2900
2800
2600
2600
2900
9100
2900
2600
3000
2900
2500
2600
2500
3000
2900
2600
3000
2600
2600
3000
2600
2600
5700
3800
3200
3300
2800
2600
2900
2700
2600
2500
2700
3000
2700
2900
2700
2700
2800
2500
2900
2600
2600
3100
2900
2600
2900
2600
3100
2900
2800
2900
2700
3000
3300
2600
2900
2700
14100
4000
3800
2600
2300
2400
2500
2200
2500
2300
2200
2400
2500
2200
2200
2400
2300
2100
2400
2300
2300
3400
2400
2600
3300
2300
2400
2100
2300
2200
2400
2300
2300
2400
2300
3800
4900
3200
3200
3000
2300
2300
2500
2300
2300
2900
2400
2300
2400
2300
2200
2300
2200
2200
2300
3800
2300
2400
2400
2300
2200
2300
2200
2200
2300
2200
2400
2300
2600
2300
3400
2400
4900
2800
2700
5300
2400
3300
2200
2200
2800
2300
2100
2200
2200
2200
2500
2100
2200
2100
2400
2200
2400
2200
2200
2500
2200
2200
2200
2400
2200
2200
2200
3000
2300
2200
2300
2300
10600
3500
2900
2400
2100
2900
2200
2200
2000
2000
2100
1900
2100
2300
1800
1800
1800
1900
2000
2000
1900
2000
2200
2000
2000
2200
2100
1900
2000
1900
2100
2300
2200
1900
4900
2000
15400
2400
2000
2100
1900
1700
1900
1600
1700
1600
1700
2200
5000
1700
2000
1700
1600
1600
1700
1800
1600
1900
1700
1700
1700
1900
1600
1600
1700
1800
1600
1900
1700
1600
1800
1600
