1213600
10800
5800
4800
4800
4800
6200
4000
9400
5200
5400
3900
6200
4100
6500
4800
4200
3800
6100
3600
3800
4100
3500
4600
6100
8400
6300
4100
4800
4100
5700
3800
3800
3600
3800
3600
7100
4400
3600
5200
2800
3100
3100
3500
2800
4400
3900
3200
3500
3300
3000
4700
2900
3100
2800
3000
2700
4400
3400
3100
2800
3100
2800
4600
3100
2700
2800
2700
2700
4400
3200
2800
10400
7100
5300
4800
4400
4000
4300
4900
5100
5000
4300
3700
7600
5000
5400
4400
4200
4600
4500
5200
4000
3900
4200
4800
4600
5800
4000
4800
4900
4300
5000
9200
4600
4200
4900
4800
11600
10500
5400
4400
4600
4000
4100
10200
4300
4200
3900
3800
3800
5100
4200
6400
6200
4000
4300
15500
3900
3600
3500
3900
3900
4400
3800
3700
3800
3800
3900
4700
3400
3700
3500
3800
9800
7000
5200
4400
5400
4600
4600
5100
4200
4200
4700
4200
4100
4900
4200
4300
4100
4200
5900
4100
4200
4400
3700
4800
4500
3500
4800
4200
3600
4600
5900
3900
3400
3900
4900
3800
9500
4500
3300
3100
2700
2900
3600
3100
2800
2800
2800
2900
7700
2700
2600
2700
2700
2700
3200
2800
2700
2600
3200
11400
4500
4400
7000
2700
2700
2600
2900
2700
2600
2600
2700
2700
13500
5600
4600
4100
3700
3500
3800
4000
20200
3300
3300
3100
3600
3200
4300
3100
3200
3100
3400
3100
4400
3100
4100
3200
3400
4400
3200
3300
3300
4600
3400
3200
3000
3200
3000
4000
9700
5000
3500
8100
3300
4200
3300
2900
3200
2900
3300
3300
3400
3000
2900
2800
2900
2800
3200
6600
3200
3100
3000
3600
3400
2900
2900
2900
2900
2800
4200
3000
2900
3000
2900
2900
10500
4800
3800
2900
2700
4900
3100
2700
2700
2700
2600
3000
2900
2700
2700
2600
5300
2700
2700
3400
2800
2700
3200
2700
2800
2600
2800
6300
9100
3000
2900
2700
2700
3000
2800
3000
29000
3600
2600
2400
2400
2700
3300
2500
2700
2700
2400
2500
2300
2300
2500
2500
2500
2400
2400
2400
2500
2400
2300
2500
2500
2400
2400
2400
2300
2600
2500
2500
2500
2400
2500
2400
