907300
9800
5800
4900
4100
5900
6100
8300
4700
4900
4100
3700
9200
4800
4200
4200
6900
3800
6200
3900
3500
4900
4300
3700
5600
8000
6000
4000
3700
3600
6100
4700
3800
3500
3600
3900
7000
4500
3900
4800
4200
3200
3700
3500
2900
5200
3100
3600
3200
2900
2900
5000
3300
2900
3300
2800
2800
4100
3300
2700
3200
3300
3000
4700
3100
2900
2700
2900
3000
4200
2900
2700
7600
6500
3600
3200
3100
3000
3200
3400
2800
2900
2900
3100
3700
3500
3400
2900
3300
3300
3300
3400
2800
2900
3200
3400
2900
3300
2900
3100
2800
3900
3100
3400
3100
3200
2900
3200
8500
5200
6400
3200
3700
3000
3500
6900
3100
3200
3100
2800
3000
3600
17900
3600
17900
4000
4100
13200
4500
4000
4700
4100
3900
10800
4400
3900
3800
4100
4800
5300
4100
3900
8800
4500
15200
5700
12200
4000
4000
3700
4100
3500
3600
6000
3300
3200
3000
3600
2800
5600
3200
10000
3400
3600
3300
3500
4200
3500
4400
4800
4800
4100
3400
3100
3900
3600
5400
4300
4200
3900
10700
5600
4600
4400
3900
3400
3700
3500
3300
3300
3200
3400
4100
3400
3600
3500
3400
3400
15600
4600
3300
26000
6000
23700
6800
4600
4400
4200
3500
3400
4000
9100
31000
6200
70000
8100
11600
5400
4500
3900
7100
3600
3400
3200
3100
3300
3200
3900
3500
3500
3300
3300
3500
3300
7200
3900
3500
3300
3300
3400
3300
3300
3200
3200
3200
3400
3400
3400
3500
3200
3200
3200
10900
5600
4100
9100
4000
4600
3300
3300
3100
2900
3100
3100
3100
2900
2900
3100
2900
3100
3000
3900
3000
3200
3200
3500
3300
2900
2900
3100
7900
3000
3100
3000
3000
4700
3100
3000
11900
4600
3400
2800
2700
2700
6100
2700
3600
2700
2800
2700
2900
2900
3100
2900
2800
2700
2600
3600
2400
2500
2600
2600
33700
4300
2900
2600
2900
2500
2900
2300
2700
2300
2500
2500
12300
3800
2700
2500
505400
14700
3300
2600
2400
2900
10300
2500
2500
2500
5500
2400
2600
2400
2500
2300
2300
2100
2500
2200
2400
2600
2400
2400
2600
2300
2400
2300
2400
2300
2300
2400
