925400
11000
6300
6400
5100
5200
6200
4000
9400
4000
5100
4300
6100
4600
5000
3800
4000
3900
6500
3800
3600
4400
4100
4200
6200
7800
4900
4000
4000
4300
5900
4100
4100
4500
4000
3900
6500
4300
3600
4600
3100
3400
3000
3300
2800
4600
6300
3100
2700
2700
2700
4800
2800
2700
2700
2900
2700
4100
3000
2900
3000
3000
2600
4200
4300
2800
2800
2700
2900
5700
2900
2700
8900
6200
5500
4300
4300
4100
3700
4500
3800
3500
3800
5800
3800
4600
4900
3800
3600
4000
3700
4700
3700
3600
3500
4200
4500
4100
3700
3500
3900
3700
3600
5400
5700
3800
3500
3800
13200
7200
5400
4400
3900
3500
3600
4000
3500
5100
4500
4400
4000
4500
3900
3600
3400
3300
3500
10700
4000
3500
4100
4300
3500
4300
3800
4400
3700
3700
3600
4000
3700
3500
3700
3300
9900
5700
4500
4100
3700
3600
3600
4700
3800
3700
3700
6300
3800
3800
3300
3200
3200
3200
3400
3200
3200
3400
4000
4100
532500
16100
13200
20500
12500
6700
5300
4100
6000
4800
3800
3400
11900
7600
5800
3300
2800
2500
3600
2500
2600
2900
2600
3200
3500
2900
2400
2700
2600
2400
2800
3500
2600
3100
2300
2900
3400
2800
2400
2300
2400
2900
2400
2600
2400
3800
2600
2500
6200
3000
4100
4100
2600
2300
2400
2500
3300
2500
2400
2500
2500
2400
3300
4700
2600
2500
2600
3100
4600
2400
2400
2300
2400
2400
2600
2500
2300
2400
2300
2500
2400
2300
2400
2200
6500
2700
2300
4500
2200
3300
2600
2100
2000
2100
2200
2500
2100
2300
2300
2200
2200
2200
2300
2500
2200
2200
2300
2500
2400
2100
2200
2100
2000
2100
2100
2300
2100
2200
2300
2200
21700
2500
1800
1900
1700
1800
1900
1700
1700
16200
2200
1700
2200
1700
1800
1800
1700
1700
2000
1800
1700
1800
1700
1800
1900
1700
1600
1600
1600
1800
1900
1700
1600
1700
3900
1700
5500
2800
1900
1700
1900
2200
1900
1900
1800
1700
1700
1800
1700
1600
1700
2000
1700
1700
2100
2200
1700
1800
1700
1900
1900
1600
1700
1700
1700
1600
1900
1800
1700
1700
1800
1600
