758600
9800
6200
5000
4100
4900
6500
4000
8400
3900
4100
4600
7700
4400
8900
5600
4400
4100
6700
3900
4300
5000
4400
3900
7000
8500
5100
3900
3800
6800
6000
4300
4000
3700
4100
3700
7400
7200
3800
5100
3500
4400
3200
4300
3100
4600
3100
2800
3300
2900
3200
5200
2900
2800
4300
2800
3000
4300
3100
2800
2900
3100
2900
4300
3200
3100
2900
2800
2900
4500
2900
2900
6700
4800
3700
3000
3400
3000
2900
4400
3100
2900
3500
2900
2800
3400
3200
2800
2800
2800
3100
3300
3000
2700
2800
6300
3000
3400
2900
2800
2800
2800
2800
3700
3200
2900
5500
3600
11100
7700
5000
4600
3900
10600
4800
12800
5000
4400
4600
4000
4200
4600
3800
7100
7000
4700
4300
15000
4800
4400
3900
3600
4100
5100
3900
4100
4100
5000
4900
5300
5100
4400
4700
3800
11200
6700
5300
4500
10400
4400
4300
3900
3600
3700
3700
3500
3600
4600
3600
4700
4100
3500
3900
4000
4900
3300
3800
4100
4700
3600
4800
4200
3500
3400
4600
4300
4300
4200
3800
3900
11700
6100
4800
4400
4900
4300
4800
3800
3600
3600
3800
3400
3600
3600
3500
9800
5000
4300
4400
6100
4400
4600
3600
23500
5300
3300
31500
9600
5300
5200
4400
6600
3500
3500
3500
3600
10000
6300
4800
4000
3700
3500
5000
4000
6100
3800
3500
3400
4300
3700
3500
3500
3400
4500
3800
3600
3500
3500
3500
5800
3800
3300
5200
3500
3800
3700
3500
3300
3000
4300
3200
3100
16600
4900
4000
8500
3600
4500
3600
3300
3600
3000
3300
3100
3300
3100
3000
2900
3400
3200
3200
4000
3600
3100
3100
5000
3700
3300
3700
3000
3100
2900
3300
3200
3600
4600
3000
3300
13700
4600
3000
3200
2600
2800
3100
2600
5300
3000
2700
3500
3200
2800
2700
3300
2800
29400
23900
3900
2700
2700
3000
4800
2600
2400
9600
2800
2500
2500
2600
2600
2500
2600
2700
2700
13400
3200
2900
2200
2200
2200
2500
2100
2100
2100
2200
2100
2300
2500
2200
2100
2100
2200
2200
2400
2500
2200
2100
2200
2300
2300
2300
2200
2200
2200
2400
2400
2200
2300
2200
2300
