1083900
11500
7900
6400
5900
5900
11700
5600
11300
5400
4900
6500
8400
5400
7800
4800
9800
5200
8900
5300
5000
5700
5700
5700
8800
11500
6200
6800
6400
5200
8700
5600
7100
5700
5500
5600
7300
5000
3600
4800
6500
3100
3100
3700
866800
8000
3900
3900
3400
3100
3000
14000
3800
3400
3200
2900
2900
4400
4900
4300
3200
4900
3700
4800
4500
3700
3200
2900
3800
4900
2900
2800
8600
6100
5300
5300
4700
3700
5100
4900
4600
4100
3800
3800
3800
4200
5600
3700
4300
3800
4500
4300
4600
4100
3700
3700
5200
4800
4200
4000
3900
3700
4600
4900
4200
4600
3700
5200
10800
9100
4800
3800
3600
4700
4000
4500
3500
3500
3400
3300
3900
3600
3400
3400
3400
3600
3400
13100
4000
3400
3600
3400
3500
3600
3500
3700
3300
3500
3700
3600
3800
3400
3800
3500
7800
4500
3600
3100
3000
3200
3300
3100
3100
3100
3700
3300
6200
3300
3100
3300
3100
3100
4000
3500
3800
4300
3700
3700
3900
3200
3900
3700
3000
3300
3400
4200
3500
9400
3300
3100
7600
4900
4600
3500
3200
3200
3100
2900
3100
2900
2900
3000
3100
3000
3200
3000
3300
2900
11900
5100
3900
3300
5100
3000
4200
3000
3200
4600
3900
3200
3100
3400
3000
4900
3100
2800
11000
5100
4000
4800
3300
3000
3100
2900
2900
2900
3500
3200
3100
3200
3000
3000
3200
2900
3300
4100
3200
3000
3000
3700
3100
3000
4000
2900
2900
3200
3900
2900
3000
2800
2800
2800
8500
5400
4400
685800
20200
404000
10300
2900
2700
2500
3000
2700
2600
2600
2800
2400
2600
2600
2600
3900
2400
2500
2500
3700
2700
2400
2500
7500
2500
2600
103200
8700
2900
2800
2600
2600
7400
6300
2600
2600
2500
150000
4400
3300
2600
2500
2400
2400
2700
2400
2700
2300
2400
2300
2900
2400
2900
2600
2700
2600
2600
2400
2300
2600
2400
2400
2400
2300
589300
15000
3000
2400
6700
3300
2800
2500
2600
2400
7700
2200
2300
2400
2500
2400
2600
2400
2300
2400
2400
2300
2800
2300
2500
2400
2400
2600
2700
2500
2300
2500
2300
2400
2500
2500
2400
2400
2400
2400
