862400
10000
5600
4700
4600
4400
6200
4400
8500
5300
5100
4300
5700
4000
5900
4700
4200
3900
7000
4100
3800
4100
3600
3500
9000
8500
5400
4200
3900
3600
5900
4500
4000
3600
3800
6500
6400
4000
3500
4700
3800
2900
3000
9000
3400
4700
3200
3100
3400
2800
2800
5000
3500
2600
2700
2600
2600
4300
2800
2600
2600
2900
2500
4100
2800
2600
2900
2600
2800
6200
2900
2600
9600
7200
5400
4500
4000
4500
4100
5900
4200
4100
4100
4200
4000
4400
4900
3900
4100
3600
4200
5100
4000
3600
3700
4600
4100
6200
4400
3800
3700
4300
4100
4700
4400
5000
4200
4600
10200
7500
8800
5000
4700
4200
3900
10000
4400
3800
5900
9000
4200
5100
4100
4300
6200
4200
4700
13200
5200
4300
3900
4100
3800
4500
3600
3700
3700
3500
3600
4800
3700
3600
4900
4700
9600
6200
4700
4500
3700
4100
4000
6100
3900
6700
4700
4200
4400
5300
4000
3800
4000
3900
17300
25000
8000
5500
4700
4000
7000
3600
4800
4200
4200
3900
5400
4200
4600
3900
5100
4000
8900
6600
5800
4600
4200
4300
4000
3700
3500
3800
3400
3500
13300
5700
4500
4400
3500
3400
3300
3300
3500
4600
3900
20700
391700
163900
13700
4900
3900
3300
4000
2900
2600
2700
2700
10600
21900
4600
3200
2900
2800
2900
2800
2500
2400
2700
2800
2400
2500
2500
2400
2600
2900
2500
2600
2400
2600
2500
2300
2800
2600
2400
2400
2400
2500
2400
2800
2600
2500
2400
2500
2400
6600
3500
2600
167600
19500
389700
6700
2000
1700
1900
1700
1600
2300
1600
1600
1800
1700
1600
1700
2000
1800
1800
1600
2200
1800
1700
1700
1800
1700
1600
1700
1600
1700
33000
13200
3300
15500
2500
1900
816700
3500
2000
1900
2000
5800
1700
1800
1700
1800
2000
1600
1700
1700
2200
1700
2000
1900
1700
1700
1700
1700
1900
1800
1700
1700
1600
2000
1700
3500
1700
1600
1700
6400
21800
1600
12700
1600
1200
1400
1200
1400
1300
1400
1300
1300
1300
1300
1500
1300
1300
1400
1600
1400
1400
1200
1400
1300
1300
1300
1500
1300
1300
1400
1300
1300
6000
1300
1200
