834200
24600
18400
17800
24900
97500
29500
35500
23300
21500
24600
17800
28900
25600
22200
22900
23200
20000
29500
35600
32400
24800
31900
21800
40300
50900
41100
40300
30400
24200
16700
14100
13700
13000
23000
19100
21700
23000
17000
18700
18100
17800
28600
30800
17400
21700
20500
18800
32900
41700
30400
37400
23000
23200
39800
26000
43200
39100
24500
20000
14500
12600
11800
11200
19000
14000
20000
13000
11400
15400
14800
21500
19600
13200
13200
14100
21100
13800
27700
28600
27500
14400
18900
15400
24100
16400
29100
32300
14500
13300
10300
10400
10800
8300
15300
11600
14400
11300
10800
17700
14300
18500
27800
19700
12700
12800
13200
21500
31200
27200
23000
13000
13700
11800
20500
22800
23000
32300
14100
12400
10300
9100
8800
8900
878100
16500
13200
47400
13200
23000
12200
25400
13600
15500
10700
10800
10500
9100
14700
9800
9200
9700
13700
9800
14300
10800
18500
19800
17700
10900
8000
7200
8200
6700
17400
8700
9500
8300
7300
9900
8800
13700
17400
15800
9500
9900
10100
8300
14000
9500
9400
12200
10900
9200
18600
27500
18600
12600
10600
15000
23000
18400
16000
13900
17400
13800
20900
17600
13200
12800
14400
13200
28700
20900
18900
15500
13300
13400
16200
26300
17500
14700
38500
16700
53900
11200
47400
16200
15800
14200
17500
14900
14800
22100
21300
19300
31200
38900
19800
17800
17800
16200
34900
21700
17400
14700
10900
10600
11900
19700
10400
9600
17200
10700
40400
8900
7700
7900
7600
7900
10500
7900
7200
8700
9000
9300
9700
13500
9700
9500
11700
9600
16300
10600
9000
9400
8300
8800
10800
26900
10800
10600
17500
9900
38300
7900
7400
8400
7400
7300
9900
7700
7100
14600
10500
7400
8800
13600
8600
9000
13100
8800
10600
10000
8900
8200
9400
8100
10500
17800
10800
11300
16300
11800
43200
9100
7900
9600
8000
10600
8600
7700
7000
11900
10100
7300
9500
16200
9600
9700
14600
14800
10900
10200
8600
8100
43600
9900
20700
8600
7400
7100
6300
6600
37000
5800
5200
5500
5200
5000
6800
5500
5900
6200
5800
5200
5900
11000
6600
5900
9000
6000
8200
7400
6000
5700
6400
6100
13300
7800
6200
6100
6300
6300
33600
14300
5800
5500
15000
5900
10100
6500
6000
10400
6100
5700
6500
6400
12400
10900
6200
6400
6800
15000
8000
7000
8500
6700
7100
6900
6400
6900
6400
6900
33600
75700
36200
14100
24300
12100
20300
31900
16900
13800
22300
12300
12900
20100
20600
28300
13200
11700
12800
23300
12400
12300
13600
10600
12500
15800
11800
11500
33000
13100
39100
11800
27500
12200
22400
11300
16600
12300
16400
13700
18900
11200
11900
32400
10900
26100
11900
10400
12000
21200
14800
11300
10300
10600
11700
10900
11100
10800
10800
10800
26600
8700
22600
9700
26700
13100
12800
9800
13300
13700
15200
11800
13200
9000
10300
22400
20400
9500
10300
10700
16800
17200
11600
10500
11800
10800
11100
10400
10300
10200
23700
8800
25200
13000
18000
10100
11500
9500
10300
9700
9600
9300
10100
9900
9900
13900
10300
9500
10800
10300
19700
17300
10800
9800
11200
19200
15000
10900
10400
11500
24500
8700
16000
10600
14900
9100
12900
34200
14700
12000
11500
9900
9800
9000
9200
15200
9600
9200
10900
9000
17200
17000
9500
10100
10700
24600
9800
7900
7400
7700
18400
7600
4400
6600
5200
6400
13800
7000
5900
5800
18100
6700
7300
6700
6500
18400
7700
7800
8300
6700
11300
9300
6700
7400
8200
8300
7300
6800
6900
11300
19000
9400
5300
5800
11000
8000
8200
5900
5300
4900
4900
5300
6100
6400
5100
8900
5600
5400
6200
5300
15600
5400
5100
5200
7200
5900
5600
6400
5500
8700
18000
9300
5600
5600
5000
5100
8100
5400
5200
5100
5000
5000
7400
5400
5300
7800
7600
3900
7500
4800
8800
5800
5200
7700
7000
5600
8600
5500
5700
72500
31600
12400
6100
6000
5300
5200
9300
5300
4800
5000
12900
9500
7800
56400
11500
5900
9400
5300
13600
6200
5500
8400
5700
5300
6400
5400
5100
5100
12700
9100
16400
8800
4900
5200
4700
4600
11500
4800
7300
4800
4400
1158400
32900
6300
4700
4500
8500
4700
5400
4700
6300
7900
4900
4700
6200
4600
7600
4800
4800
4600
16600
12300
4600
4800
4400
4800
7100
4900
4400
4900
4100
4000
5000
4400
4600
4400
14000
4400
5100
4800
4700
6900
4600
4800
5600
4900
10300
4800
4700
27100
16100
4400
4400
3900
3700
8800
48800
5400
2600
2500
2100
2200
5200
2500
2200
2200
2300
2200
3300
2500
2300
8300
2300
2400
3200
2400
4100
4100
2500
8300
10500
2500
8400
2600
2500
4300
3800
2900
2200
2100
2200
2100
3500
2200
2200
3600
2500
2300
2900
2600
2300
2300
2200
2500
3700
2400
3700
27000
2900
2600
7900
2200
4300
2300
2300
12600
4500
4700
2300
2400
2300
2100
2700
2400
2700
2300
2300
2300
7700
2500
2400
2300
4900
2400
2900
2600
3700
4200
2600
2400
7200
2400
4000
2300
2500
4000
3100
2700
2200
2400
2200
2100
2700
4100
2400
2400
2400
2500
3600
2400
2400
2400
2500
2300
3000
2400
4100
3700
2300
2400
7500
2200
4100
2200
2200
4100
3400
3200
2300
6500
2200
2200
2500
2600
2500
2400
2300
2400
5600
2500
2600
2500
2900
2300
3600
90900
10800
28900
5300
5000
18300
4200
17600
5000
4700
6800
4600
5400
3500
7600
3500
3300
4100
3900
3600
3500
3600
3400
6800
4100
4800
3800
3900
3700
4800
3900
4000
3800
3800
3900
15200
3400
7000
6600
3300
11000
16600
7300
3700
3600
3300
3500
16800
3800
25000
4700
3700
3500
12800
5700
5300
3800
396900
6400
12200
4500
4500
5400
4200
4400
15000
3700
4100
3800
3800
3600
4400
4100
3800
3500
3400
3400
12400
6200
4900
14700
3900
3500
6300
5300
4000
4100
4100
4000
5500
4500
4000
4200
4200
4100
14500
3700
3800
3600
3700
3500
5700
8700
3600
3600
3500
3600
4200
4000
4000
3900
3800
4000
13100
5400
3800
4300
4000
3900
5300
4300
3900
3900
4000
4300
13300
4200
6700
3500
3600
3600
4300
7400
3600
3300
9800
3400
4000
3600
4000
3900
3800
3700
5600
3500
4700
5000
3900
3500
5000
3800
3900
3900
4000
4000
14000
3600
3400
3500
3800
4200
4200
3800
3300
3400
3300
3000
3800
3400
3600
3400
3400
3400
5200
3900
4500
4800
3600
3600
6300
5400
4100
3900
4300
3800
14000
3400
3500
4400
3600
3400
4700
10100
3300
3400
3500
3200
4200
3600
3600
3500
3600
3800
5300
3900
4600
4600
3600
3500
6400
5800
3900
4100
3900
4200
13400
3600
3600
3500
3600
3600
7600
3700
3600
3500
3400
4700
10900
5400
4000
5200
3800
4700
9000
8900
5200
5900
4000
5200
5700
5600
4500
6500
4700
4400
21200
3800
7300
3800
10200
6300
6400
3600
5100
3800
3500
3800
7300
4700
5000
4800
3600
4500
7300
6100
3700
5100
5400
3700
6400
3900
3800
6800
4000
5200
17600
4400
6700
3500
7700
7500
5600
3800
5300
4800
3600
5300
4400
3800
3800
5000
6500
5200
7700
6900
4600
5600
5500
4000
7200
4200
4100
7600
5200
4200
19100
3700
7300
4400
3800
7600
4800
3600
5600
4200
3700
5300
4400
3800
3800
5000
3800
5200
23000
6400
4400
4100
4000
6000
5700
4600
4300
7200
4400
4300
18700
4000
6600
3800
3800
6600
4900
3500
4000
4100
3600
3900
4100
3900
3800
4300
6200
5000
6000
5700
4000
4300
3900
5300
7400
6600
4300
6300
10200
4200
17600
4000
6300
3700
3200
5700
5600
3600
4100
4500
3600
4100
4100
3900
3600
3500
3700
5300
6900
5700
4200
4300
3900
5900
7500
6600
4300
6500
4300
4600
19800
4400
3700
7400
4000
3900
7100
2900
2400
3900
2800
2200
3000
3800
2500
2500
2200
2300
3500
3500
2600
2600
2700
3500
3400
4500
2800
2800
2900
2600
17000
2500
4300
2500
2300
2400
4100
2300
2600
2700
2400
2300
2900
3300
2400
3000
2300
2600
3100
13200
3900
3800
3900
6200
5700
7400
4400
3700
3100
2700
11600
2600
4000
2600
2700
5700
4100
2200
2500
2400
2400
2200
2800
2700
2600
3100
3100
2900
3000
8100
2600
2600
2500
3300
3700
4300
2700
2600
2700
2500
9600
2300
3700
2600
2300
2200
3900
2300
2600
3300
2300
2200
2700
2400
2500
3000
3000
2500
2800
3700
2600
2500
2400
2700
3100
4100
2600
2400
2700
2500
9300
2300
4000
2300
2200
2500
4100
2200
2500
2500
2500
2200
2600
2300
2500
3000
3000
2500
2800
3400
2600
2500
2500
2500
3400
3800
3300
2800
2700
3800
9400
2300
3600
2300
2200
2200
4200
2300
2600
2600
2400
2300
2500
2600
2600
3000
3000
2500
2700
3600
2600
2600
2500
2500
3300
8000
2700
2600
2900
4400
7900
4200
2600
2400
2500
2200
3700
2300
2300
2400
4000
2200
2500
2400
2300
2300
2200
2100
3100
2800
2400
2300
2900
2800
3000
3300
2400
2500
2500
2500
12000
2300
2300
2200
2300
2100
3600
2300
2400
2700
2100
2200
2600
2300
2200
2700
2200
2200
2900
2300
2700
2300
2400
2600
2900
3700
2400
2400
2800
2500
7300
2100
2400
2200
2500
2000
3400
2400
2200
2100
2100
2100
2700
2400
2400
2300
2300
2500
2600
2400
2500
2400
2200
2600
3000
3000
2400
2300
4100
2700
7900
2400
2200
2200
2200
2100
7700
2300
2300
2200
2200
5500
2700
2400
2400
2300
2600
2800
2500
3000
2500
2500
2400
3600
3300
3100
2400
2600
2400
2400
7600
2100
2200
2200
2200
2200
3500
2800
2300
2200
2500
2300
2500
2400
2600
2400
2300
2400
2800
2500
2500
2500
2400
2600
2800
2500
2500
2700
2500
3200
7800
8800
2300
2200
2400
2000
3500
2400
2500
2800
2200
2200
2600
2300
2400
2300
2200
2400
2900
3300
2500
2400
2400
2400
2900
2500
2700
2500
2600
8500
7400
2800
2200
2300
2100
2200
3800
2500
2200
2200
2800
2300
2800
2800
2500
2500
2400
2300
3700
2500
2400
2600
2400
7300
3100
3000
2500
2600
2500
2500
7500
3600
2400
2200
2300
2400
4300
2300
2600
2500
2300
2200
2600
3000
2400
2400
2900
2200
2900
2500
2300
2600
2300
2900
3300
2600
2400
2500
2600
2500
7400
3700
2200
2400
2200
2200
3400
2400
2600
2300
2200
2200
2800
2300
2400
2300
3100
2400
2800
6500
2400
2500
2400
3500
3000
2500
2700
2400
2400
2500
7400
3500
2300
2100
2300
2200
3600
2300
2600
2300
2400
3700
2600
2600
2600
2400
3000
2300
3100
3100
2600
2900
2500
2600
3300
2500
2400
2400
2500
2900
8400
3300
2200
2100
2300
2200
3700
2300
2500
2200
2200
2200
2400
2600
2400
2400
2800
6500
2800
3100
2700
2600
2500
2400
3100
2600
2500
2600
2700
3200
7300
3400
2300
2100
2200
2200
3800
2300
2600
2300
2500
2600
2500
2400
2300
2500
2900
2400
3000
3100
2800
2900
2700
2400
3700
2600
2600
2600
2600
3400
7600
2300
2300
2300
2400
2300
