581000
24200
18700
21700
28400
22100
25500
42600
26800
155000
23300
19500
39500
33500
20900
36900
23800
32700
37000
26600
32800
35300
35300
26200
52000
37100
25500
24800
25100
24800
15800
13900
16900
14000
21200
19600
28200
19400
18200
31300
22100
29500
29300
40000
20200
43400
25100
29300
35300
21400
21300
32800
23100
21000
47800
21900
27400
22300
21300
20100
20700
12900
15700
12200
21700
21100
25400
17600
13200
15800
13800
16200
29200
23200
15700
26300
18300
24700
24200
17300
14700
13900
17600
26200
39400
16000
13300
17000
15500
13200
14500
12000
16800
18500
19400
20100
18000
11900
14600
18000
15500
11000
31400
13600
14200
30200
14800
11700
20200
13600
12100
10700
12500
12000
31000
19600
12900
13000
11600
11500
18800
13800
9800
8600
1023900
23900
11900
16900
65300
18300
10300
8400
16600
9200
8500
29400
17300
10500
15400
18400
11300
26300
13300
18200
29300
12300
10800
11000
9800
10100
8300
10000
16400
10200
12700
11400
10800
9400
12100
10300
8700
8300
10800
8800
9900
19600
12100
9900
14100
18900
11000
20200
19700
29600
19100
12100
10400
11800
47500
8800
26100
12000
13100
12500
17400
11300
15900
12900
11500
10800
11700
19500
27200
26700
13600
17100
12000
11200
13900
18600
11300
11300
11600
12200
67300
16700
17000
8800
9300
15300
16600
13500
11700
11300
10600
10600
26100
13300
11700
10800
11300
16700
14600
24200
44500
16800
14100
14600
17500
18700
14400
14600
15600
15600
82900
34700
14000
12500
13000
20900
24100
15000
12600
14000
13000
12200
12800
14200
20900
18000
17700
12100
10900
20200
15300
13600
13400
8600
9500
11100
8700
8600
9000
8800
67400
20400
12000
11300
34900
28300
25000
16100
14000
12500
12900
12600
14900
17500
14900
19400
21000
15700
14400
14400
11900
10900
11000
18200
14000
16600
12700
11900
12100
13400
82600
20400
17800
9100
10300
18400
13900
24500
10000
9400
9800
12200
23900
14300
11200
9300
20300
11000
14700
14300
11700
10300
10400
14200
12600
17700
12900
12100
13100
10400
64200
16900
9500
9100
9600
14400
15200
19600
9800
9000
12200
9000
10500
11200
9500
10300
16200
9600
10600
12300
9900
10700
10000
16000
20700
20300
12800
10200
10700
10600
58300
12800
8200
7800
8100
10900
23700
22600
20600
11400
11100
9200
14500
13800
12300
12900
10000
10000
15800
9400
22000
15100
12900
10300
12200
10800
10600
11100
11000
37800
29900
9100
8900
8500
15600
10000
12300
9700
11100
9200
9000
34500
14000
13000
11500
32700
10800
9100
10800
13500
36300
14500
8900
9200
11400
9400
9700
9200
10000
9000
24700
7100
7800
7000
21600
7500
10500
7300
12200
7500
7900
7600
8500
8000
12300
15100
13000
8400
10100
8800
13200
14100
8700
9200
10500
9500
9000
9000
9300
9300
22600
6500
6900
6500
14100
11600
10000
14300
9800
8100
7200
10700
8400
7700
10500
10700
10100
8200
13000
14300
12300
12600
8700
9200
10600
9300
8800
8900
11500
8900
23000
7300
7000
7500
13000
7100
8800
6800
8400
7100
7000
7600
7800
7800
9600
9500
10700
7600
11200
11700
9900
10700
8100
8000
9400
8700
12500
13800
9000
8300
21900
8000
6900
6300
14800
6600
7400
7300
15000
7600
6700
6800
8300
7700
9000
8500
9000
7300
12300
12200
10800
11800
9100
8700
9900
8700
13200
13800
9000
8300
21300
6800
6500
6100
5600
6000
42900
5900
3800
2700
2500
2500
3200
2900
2800
2500
2700
2600
3500
2800
2700
2600
2600
3700
3500
2700
5200
2900
31400
3800
13400
3400
3500
3600
3600
3600
4900
3500
4100
3400
3800
4900
4100
28700
9300
6000
6000
22200
8100
6300
6200
6200
5700
5600
7300
6200
6700
5800
9300
10400
21200
16800
5800
6000
5500
5800
7900
8400
4900
4200
4400
4300
5100
4300
4400
4100
4200
4200
5100
4700
4500
4100
4300
4100
5500
4600
4700
5500
27800
8900
15400
4200
4000
4100
4600
4200
4700
3800
4000
3900
4100
3800
4300
4200
4100
4100
4000
4100
4800
4100
4300
4200
4500
4500
5200
15900
6700
4200
5600
7600
15500
4000
4000
4200
3800
4000
5800
3800
4400
3400
4300
4900
4500
3900
4000
4000
3900
4100
4700
4600
13100
4300
4200
4100
6100
4200
4400
4400
3800
3900
16400
3700
3700
3500
3600
3700
4800
3600
3900
3700
4000
3500
4000
4800
3800
3800
3800
4000
4700
3700
11200
3500
4100
3600
4700
4200
4100
4000
3900
3900
19400
3400
4100
3600
6600
4000
7900
5000
4000
3500
3200
3700
4900
8800
5300
3800
3800
4600
5100
4200
4200
5700
3900
3300
3600
2500
2500
2500
3500
2400
10600
2500
3200
8700
2400
2300
3900
2300
2200
2200
2100
2400
2700
2300
2300
2200
8700
2500
3000
2700
2300
3100
2700
2300
3100
2600
2500
2400
2700
2400
8900
2500
3100
3100
2700
2300
3700
2100
2100
2200
1900
2100
2400
3000
2700
2500
2300
2900
2900
2500
2400
2900
2400
2400
3100
2400
2600
2400
2600
2500
8500
2300
3300
3000
2200
2500
3400
2200
2200
2100
6400
2200
3000
2800
3100
2400
2200
3000
2900
2600
2500
2400
2400
2400
3100
2400
3000
2500
2700
2500
8400
2200
3800
3000
10200
2300
3400
2100
2000
1900
2100
2200
2400
2600
2900
2300
2200
2600
3500
2600
2500
2500
2400
2400
2900
2700
2400
3300
5100
2500
13400
2200
3100
3200
2100
2400
3500
2300
2100
2100
2100
2300
2400
10000
3500
2500
2300
2900
3000
2500
2600
2400
2400
2400
3400
3400
2500
4700
2600
2500
8700
2100
2200
2100
2500
2100
2900
2700
2500
2100
2100
2300
2900
2900
2700
2700
2900
2400
3000
3400
2400
2300
2300
2500
3800
2500
3700
4800
2500
2500
10100
3600
2400
2600
2300
2300
2800
2200
2200
2200
2500
2300
2600
2900
8000
2400
2400
2500
2700
3100
2300
2300
2300
2400
3200
2400
3400
2400
2500
2400
12000
3300
20000
3000
2300
2200
4300
2300
2100
8200
2400
2400
2500
13300
8600
2500
2400
2600
3200
3200
2300
2300
2500
2500
3200
2900
8900
2600
2700
2500
7700
3500
2600
2300
2200
2400
5700
2300
2300
2100
2200
2100
2500
3100
2700
2200
2200
2600
2600
3000
3300
2500
2500
2700
2900
2400
11600
2600
2300
2400
7600
3400
3900
2200
2100
2400
4800
2200
2100
2100
2400
2100
2400
2800
2800
2300
2200
2300
2900
3100
3200
2600
2500
3400
3100
3400
2500
2500
2600
2700
7500
3100
2300
2300
2100
2200
3300
2100
2200
2100
2200
2300
2300
3400
2700
2400
2200
2300
2700
3200
3000
3400
7300
2500
3100
7000
2500
2400
3700
2600
7500
2300
3700
3300
2300
2200
3000
2200
2600
3200
2200
2200
2700
3800
2200
2200
2200
4100
4700
2400
3000
3500
2500
2500
6000
3500
3600
2700
2500
2500
10500
2300
2200
2300
4500
2300
3100
2300
2700
2300
2200
2100
3900
3800
2300
2300
2200
3800
2900
2400
4000
2400
2800
2400
4800
4400
2500
2400
3700
2500
9700
3300
2200
3200
3300
2300
4100
2400
2300
2000
2100
3200
2600
2400
2900
3400
2400
2700
4400
2500
2900
2400
3900
2500
6000
3700
2500
2500
3500
2400
9800
6500
2100
2100
3200
2500
3000
2200
2200
2300
2100
2100
2500
2300
3000
2500
2200
2200
3000
3000
2400
2400
2600
3100
4100
3300
4200
2500
2800
2600
8600
2100
2100
2100
3400
2300
3200
2700
2400
2200
2200
2600
2700
2200
3400
2400
2500
2300
2900
3400
2400
2300
2500
3500
2800
2500
8500
2700
2900
2600
8600
2200
2100
2600
3400
2300
3400
2400
2300
2200
2100
2300
2700
2800
3000
2400
2500
2200
2800
3700
2500
2500
2400
3400
3000
2700
3800
2700
2900
2700
9000
3600
2300
2300
3000
2300
9300
4400
4100
4000
4000
3800
5200
4000
4200
4100
4100
3900
5400
4400
6200
4400
4600
4200
5800
4600
4300
6300
4500
5900
26000
4200
3800
4300
4100
4000
5700
4100
3700
3900
3700
4000
4900
3800
3700
3800
3800
9700
5900
4100
5900
4400
4000
4000
5300
3800
3900
5800
3800
5500
18700
4000
3600
3900
3800
4000
5200
4000
3600
3900
3600
3700
4500
4000
4200
4200
4000
4300
5500
3900
5200
4400
4200
3900
6100
4200
4100
5500
4300
5500
16400
3900
3800
3900
3800
3700
5800
4600
3600
7000
3600
10200
4400
4000
4200
4000
4700
3900
4500
4400
4300
4000
4100
4000
7700
4200
4200
5900
4100
5500
16700
4100
3800
3900
4000
4000
5400
4600
3800
4900
3600
4900
4800
4400
4600
4100
4000
4200
4800
4200
4100
4200
4200
4200
5500
4400
6600
4100
4600
4000
17500
4700
3700
4400
3900
3700
5300
16400
3700
7600
3600
4000
8000
4600
4200
3900
4100
3800
4600
4200
4100
3400
3900
4000
5300
4200
6800
4200
4300
4300
14500
3700
3600
5900
4600
5700
7100
3800
3600
4600
4200
3800
10800
4200
3900
4100
3900
4100
5200
4700
4200
4100
5400
3900
5600
4500
4300
4600
4300
4400
16300
4000
5700
4100
3800
4000
6800
4100
3700
4600
4100
3800
5100
4600
4200
4100
3800
3800
5000
4300
4000
4000
7500
4200
5300
4300
4600
4300
4800
5000
15400
4400
5600
3800
3800
3500
5300
3500
3500
3600
3500
9700
5300
3700
3700
4500
4200
3700
7100
4000
4100
4100
6000
3900
5500
5000
4300
4100
4200
3900
13800
4000
5900
3800
3800
4000
5700
3700
3700
4000
3700
4400
5400
4200
3900
4900
4900
4000
4900
4200
4400
4800
4100
4100
5400
4600
4300
4300
4200
4300
14200
4100
5700
3900
3800
3800
5200
9300
3600
3600
3900
3600
4600
3200
3000
3800
4700
3200
4200
4200
4400
3500
4100
3700
4800
5900
4300
4000
6200
4300
14900
3600
5900
4100
3800
3900
5700
3800
3800
3900
3900
4000
5300
4700
4100
5000
4800
3900
5100
5800
4300
4500
4200
4400
5600
4400
4400
4400
6500
4600
14900
4000
3800
4000
3900
9700
6600
3400
3400
2800
3500
3700
5800
4800
3800
4600
3900
4100
6100
4400
4200
4300
5300
4300
5700
4400
4700
4500
4100
4400
14400
3900
6300
3800
3800
3900
5300
4300
4200
3800
3700
3600
11300
4900
3900
4300
4000
4200
6100
4200
4100
4000
5600
4300
5800
4400
4500
4300
4100
4800
14000
4100
5500
3800
3600
6100
5900
3900
4700
5000
3800
3700
4500
3800
11500
4300
4000
4000
6300
4500
4400
4500
5800
3800
5700
4500
4400
4200
4500
4600
14800
3700
5400
3800
4100
3900
6000
4200
11300
3000
4000
3300
4300
3900
3700
4100
4100
4200
5800
5600
4200
4200
4200
4400
5600
4400
4400
4400
4300
4500
15100
3800
5600
3700
3600
3600
11100
7400
3900
3200
3000
2900
4100
3300
3200
3300
3500
4800
4900
4700
3600
3500
3500
3800
5700
4200
3800
3800
5000
5900
13500
3500
5500
3200
3300
9300
4400
3300
3800
3400
2900
2900
3700
4000
3700
3400
3400
3400
5300
4700
3700
4100
3600
3600
12400
4000
3300
3200
4600
3200
10800
2700
3100
3000
3000
3200
