1491300
35100
24200
28400
38200
150700
57200
31400
25200
30900
28700
34000
44700
34800
30300
32200
28200
22100
48100
35600
31200
32500
42300
36700
70300
57200
33000
58500
40600
33100
23200
21100
19000
27800
47500
31300
36100
23900
14900
17600
21100
21700
27700
17900
17500
27100
22300
20200
31300
20200
19700
16000
17400
15200
24100
16300
17500
38100
18200
19200
12700
10700
13700
20300
18700
16300
15700
12700
12200
18700
37000
26000
18800
13700
22100
16300
14400
12700
26400
16900
13000
12100
14700
12700
22200
14800
29800
28700
14100
14700
10300
10400
8700
12500
12600
19500
16400
15400
13800
11100
11200
20300
34900
15500
11200
12300
12500
11300
30200
12300
13200
10200
15200
10600
22600
18100
11600
22600
12700
11900
9500
8500
8200
14000
14300
13800
11800
32300
9500
10200
9700
18300
22100
11100
9400
11000
9700
9400
14700
10500
10300
9300
11100
10000
16500
11200
10100
21500
11700
10800
8300
18500
11700
12800
13900
12800
10900
15500
11200
14200
13500
26900
68000
17700
11200
11700
12200
10100
15800
10400
10900
10400
12000
10200
37500
16600
16000
16200
17400
23300
29400
17700
27200
26500
19600
23700
82200
28800
17300
16200
18000
16000
24300
53100
18600
46000
17000
25200
18100
16900
31900
16700
25300
21000
59100
12900
10600
9900
10000
9800
11300
16500
10700
14200
11100
21500
32100
13700
11400
10500
10400
9900
14600
22000
12900
21400
11600
20200
15300
14500
25900
13000
12000
11700
50700
15200
14000
13500
14000
15000
15300
23400
14900
17500
15700
17500
17700
21900
24400
19900
272200
24700
15000
22300
12300
22000
12000
20000
15000
46200
24400
10000
9300
8700
49300
8700
7200
7000
7300
7000
19200
14000
8500
11700
7500
11600
8200
8400
23900
23100
9000
15800
18900
9800
8100
8200
8200
8100
9100
14900
21600
9400
8600
9000
42000
8700
7400
9500
7300
12000
10100
18600
11000
13000
10400
19300
12300
13500
18200
18600
13200
20400
25200
15700
16900
13000
14700
13100
14500
35500
15100
29800
13900
26300
61600
13200
11800
11100
11800
12000
13900
13300
12600
12000
11600
12300
16900
16600
19100
19900
12600
16400
22400
14100
10900
10300
11000
10300
11400
24500
11700
22100
11300
21100
59900
12900
40500
10600
10200
9300
23600
12800
11400
10200
9500
9600
11500
29000
26000
16200
12100
11000
14900
10600
10800
10300
14600
15400
24600
14000
12300
11500
10500
10100
67100
11500
12700
10900
9500
9800
13600
9700
9200
9400
9500
10600
10900
12800
36400
14300
11200
12200
12200
12600
11700
10700
10300
10700
16800
15400
12200
11500
10200
14100
30700
8700
15100
9500
10900
8500
13400
9900
14000
15700
10200
19000
13300
11100
10500
15200
10700
10900
11800
10800
10400
11100
10700
11200
16300
11600
11600
10900
12900
10900
27800
9300
8900
8800
8700
11700
13500
9400
9200
9600
9000
10300
13400
9400
10000
9600
9900
12300
10900
13200
11500
17700
11900
8600
13900
9300
8700
9100
8500
10500
25000
6800
6400
15000
6700
7600
18700
7300
7300
7800
6500
9400
8700
7300
7300
7200
6800
11000
9400
11200
8300
10400
7700
7800
8600
8000
7700
7500
7800
7700
27000
6800
6700
6900
8700
6300
8500
8000
6500
8300
6900
9500
7500
7200
7500
7700
7000
7400
8100
10700
8700
12900
6900
8100
9600
8000
11800
9200
8000
8100
30600
7000
13700
6900
6100
13800
29000
9700
5100
4400
4300
4300
5400
4500
4500
10700
4600
4200
5300
4500
4700
4700
7400
733500
13000
6600
9400
6100
6300
6000
20800
5500
5400
9700
5800
5300
7100
5300
5300
5300
7100
5400
6800
5600
6400
5400
5400
5700
6900
5800
7100
6300
7900
8900
8600
5900
5900
6900
6200
5800
15900
5300
5300
9900
5500
5500
6600
5100
5100
5300
6000
4900
6700
7800
5800
5400
5300
5400
6800
5700
7200
5600
7700
6400
7000
5900
5900
5700
5900
6800
15700
5700
5600
8200
5300
5200
6700
5000
5100
5500
11200
5800
5500
7200
5400
5100
5800
5200
6300
5500
5300
5300
5600
5600
6000
5700
5500
5300
5600
5400
15100
4900
5000
8700
5000
5000
6000
5000
5600
4800
5400
5600
29700
8400
4900
5600
4700
4600
5600
5300
5500
5300
5000
4600
6300
5000
5000
5000
8300
5300
21800
5300
4700
7900
4700
4500
5400
9000
5700
24400
5500
3700
4500
6900
4200
3900
4200
4000
4700
4300
4500
4100
4200
4100
5500
4400
4100
4700
7600
4500
14900
3900
4800
3900
4200
3900
16600
4800
3900
3900
3700
6200
4400
4000
5900
4200
4000
3900
5300
4500
6700
7100
5000
4000
5800
4400
4300
4300
3900
7400
16100
4000
3900
3700
7700
3900
5600
3800
5100
3700
3700
3700
4500
3800
5800
4500
4200
4000
4400
4300
4000
6000
4100
4000
5100
4000
4300
4300
4100
6700
14500
3900
13600
4000
7500
3900
4900
3500
5000
3600
9300
4300
4100
4000
3900
3700
3800
6000
4800
3900
4000
6500
3900
3800
5400
4100
4000
4000
4400
11800
14000
3800
3900
4600
7200
3700
4800
3900
8800
3700
3500
3500
4700
3900
3700
3700
3900
6000
4600
4500
7400
4300
4000
3800
5300
4900
4800
4100
4800
7300
18600
3800
3700
4400
26100
7800
4700
3300
4500
3500
3500
3900
4200
3800
3500
3600
3600
5300
4900
4300
6000
3900
3900
3800
5200
4000
7200
8800
4000
3900
14200
3500
3600
3500
6800
4000
4000
3300
4400
3600
3300
3400
4000
4500
4000
3600
4200
5100
4400
3900
6200
3900
3800
3800
5000
4000
4000
10800
4200
3800
14900
3600
3400
3500
3800
6900
27600
4300
3600
3300
7800
3500
4400
3600
3400
23400
3700
4500
6200
4100
5400
4000
3700
4000
7400
4300
4100
5100
4200
4200
21300
191000
9900
8800
4400
3900
7700
3700
4600
3600
3400
3400
9500
3600
3400
4500
3600
4700
11000
3900
5100
3900
3900
3900
9600
4200
4000
4100
4600
4100
15100
5600
4000
7300
3800
3800
9600
3800
4400
3600
3900
3600
4300
4100
4000
11000
5000
3700
5900
4100
11400
4000
3900
3800
7000
4100
4100
37600
8900
4500
15500
7700
4800
6400
4000
3600
5100
3500
8800
3600
3400
3400
4300
3900
13600
3900
5300
3500
4500
3700
3900
5500
3700
5300
7100
4300
4300
4100
4900
4100
13400
5700
6600
5900
3800
4200
5000
3700
7700
3600
3500
3300
4100
3800
3600
3800
4700
3600
4500
3900
3800
5000
4000
5000
6600
4000
6000
4300
4100
4600
14600
5900
3900
6000
4000
3800
4500
3600
4400
3600
3500
3400
4000
3800
3700
3700
4900
3900
4500
3600
3900
5000
3800
5200
6600
4100
5700
4000
4100
4100
18200
3800
3500
4800
3800
6300
7000
5100
3500
4500
3400
3500
4300
3700
3500
7100
3600
5600
5800
5400
4900
3800
3500
3900
6200
4000
4200
4400
4300
4100
18900
4300
6100
5000
6100
3500
5200
3600
4600
3900
3500
3200
6100
3600
3500
3600
4700
4200
4400
5900
3600
3500
4100
3600
5700
3800
5300
3900
3700
3700
16600
5000
5700
6300
5000
3400
5600
3300
3000
3800
3400
4700
4100
4600
3800
4800
3900
3700
5600
4900
3900
3700
4900
3700
4900
5500
4200
4000
5200
4000
16100
3600
5000
16400
4900
4500
4800
3400
3400
4000
4900
3500
4200
9500
3800
3600
3700
3700
4700
3800
3900
3800
4100
4900
5700
3900
3800
4100
4400
4100
15500
3700
5200
5200
7600
3600
4500
3500
3500
4000
3500
3500
4000
4600
3600
3700
3800
3600
4600
3800
3900
3900
4600
5000
4800
6300
4000
4000
4700
4100
16700
3700
5400
5500
12400
3500
4400
3800
3900
4500
3700
4200
4300
5600
3800
4100
3800
3300
3700
3700
3900
3900
3900
6200
4900
5900
4000
4000
4300
4200
13700
3700
7200
4100
3800
4200
7400
2800
2400
2400
2400
2200
3100
2400
3000
2400
2200
2500
2800
2500
2500
2700
2500
2400
3200
2800
2600
2400
2400
2500
20500
3000
2300
3200
2400
7800
4600
2300
2300
2200
2100
2800
2700
2200
2300
2300
2500
2300
2700
2300
2500
2300
2400
2300
3100
2400
2400
2400
2400
2600
15700
2300
2100
2900
5800
2200
4000
2200
2200
2200
2300
2300
2600
2300
2500
2600
2400
2900
2900
2400
2300
2500
2500
2500
3300
2300
2500
2300
2300
2400
8500
2200
2100
3000
2300
2100
3800
2200
2000
2100
2100
5100
2900
2300
2500
2500
2300
2500
2700
2400
2400
2600
2300
2400
2800
2400
2300
2300
2300
2400
8300
2200
2500
2800
2200
2600
4400
2200
2200
2200
2000
5500
2600
2400
2300
3100
2400
2400
2700
2600
2500
2500
2400
2300
3000
2400
2400
2500
2700
2400
8400
2100
2100
2800
2200
2100
4000
2500
2200
2300
2200
2800
2600
2600
2400
2500
2500
2600
2800
2400
2400
2600
2500
2400
3000
2500
2500
2600
3100
3100
7200
2200
2500
2200
2400
2200
4400
2500
2200
2300
2500
2700
3500
2400
2600
3100
2600
2400
4000
2900
3500
2500
2500
2400
3600
3900
2700
2600
2500
2800
7800
3200
2300
2400
5600
2400
3700
2500
2300
3800
2400
2200
2700
2600
2300
3000
2400
7400
3700
2700
3300
2500
2500
2600
3300
3800
2700
2600
2500
2800
7900
2300
2200
2600
2700
2400
3600
2500
2400
2700
2400
2200
3700
2600
2500
3000
2700
3100
3900
2500
3300
2500
2700
2500
3500
3700
2600
2700
2400
2500
9900
2300
2300
2600
2200
2300
3800
7300
2400
2600
2300
2700
3800
2500
2400
2500
2400
3500
3100
2500
2400
3700
2600
2600
3400
3600
2800
2500
2500
2600
7600
2400
3100
2300
2200
2200
4000
2400
2400
2600
2300
2500
3200
2400
2700
2900
2400
3100
3100
4400
2500
3800
2700
2500
4200
2500
3700
2700
2500
2600
8000
2500
2300
2300
2300
2200
3800
2400
2300
2500
2400
2100
3100
2500
2700
2400
2400
3100
3100
3700
2400
4000
2600
2600
4600
2600
4200
2600
2600
2800
8000
3700
2300
2300
2400
2500
10500
2500
7700
2700
2300
2500
3100
2500
2400
3200
2300
2300
3300
2600
2500
2500
2500
2500
3100
3600
2600
2500
2400
2600
7500
2700
3300
2300
2300
2300
3600
2500
3100
2700
2400
2300
2700
2400
2400
3700
2300
2300
3100
2500
2500
2400
2700
2200
3000
3500
2700
2500
2700
2600
7500
2200
3200
2400
2200
2500
3400
2400
2700
2500
2200
2200
2800
2400
2900
3200
2400
3000
3000
2500
2500
2700
2500
2400
3300
3400
2500
2700
2400
2600
7500
2200
3400
2200
2100
2300
3400
2800
2500
2400
2300
2300
2500
2400
2800
3000
2400
2800
6000
2500
2400
3400
2400
2400
3500
3800
2500
2700
2500
2500
10700
2200
3400
2200
2100
2300
7200
2400
3000
2500
2400
2200
2700
2400
3100
3000
2600
3000
2900
3400
2800
3300
2500
2500
3300
2500
3300
2600
2700
2500
7500
2300
3400
2200
2100
2200
3500
2300
2600
3500
7100
12600
16200
8900
8200
3100
2500
3200
4600
2700
2800
3300
2600
2700
4100
2700
2900
2600
2600
2500
7800
3400
2300
2100
2200
2500
