190000
27600
23400
544000
32500
23400
130300
25200
28900
35100
39900
36500
64200
33400
28500
29900
33200
32300
48500
59100
38900
40900
63100
39200
59800
70300
36500
48600
81200
35300
68000
42500
40200
22900
38700
18800
55200
32700
20300
22700
32300
21800
50600
23200
23800
29300
30000
48100
50200
55600
32100
39900
49500
27800
53100
48800
35500
31200
77700
31800
27500
17900
16900
17500
21700
18000
23900
24800
23600
33000
39100
20300
47700
29200
18400
21700
21800
22900
32400
36700
21700
18600
37800
27600
43700
40400
23000
23000
49100
20400
18100
16800
13800
13900
18500
17000
15700
15300
18000
34400
25800
19000
48300
19600
16200
17500
28600
18300
28900
42100
21500
17200
40300
19000
32900
47600
19300
26800
46800
19400
15400
23300
11800
13200
1160000
20500
11500
20800
8700
20300
17900
9800
26800
14500
10800
12200
19400
10800
25800
11800
10000
9400
13400
11000
18600
23700
12100
12000
28500
11400
8900
10100
8400
7000
9100
7300
8900
8300
7400
16600
16900
9700
20500
10600
9800
10000
18300
10400
32200
11600
10200
10700
12000
10100
16400
24200
11900
13200
21400
12300
57800
22800
12900
15700
11500
12500
15500
12700
17500
12900
11800
11700
32700
22200
13400
15000
11300
11700
33300
25100
13800
12300
12400
12300
62400
11200
16300
10200
7700
8000
28100
11800
18300
11500
11300
10700
25300
12700
16600
11800
11500
11100
26200
18700
17500
11700
11200
11400
30900
20900
12500
11600
18600
11700
53100
8900
8300
9100
8000
7700
17000
14700
13100
11200
11200
14100
13800
15000
11600
13900
11400
11300
15100
16400
13700
12300
11200
13800
23500
17400
11800
11600
12400
11800
44200
8700
8300
7700
7400
8200
14600
12400
11700
10300
10500
10300
10700
14200
10900
15500
11500
12300
11900
12300
18900
11400
11600
8800
12300
13600
8900
8500
9300
9000
56000
8700
8000
7500
7700
7500
11300
12100
10000
8400
7700
7600
8300
11700
8300
10400
8000
10100
9800
10200
12900
8700
8600
8400
13500
13700
9400
9300
8800
8500
44400
7800
7500
7400
11700
7100
11400
8100
9100
7700
9700
7100
6500
9900
6400
8100
6300
6000
7800
7600
8700
8500
7000
6400
9900
10800
6700
6700
36300
9000
40400
9300
6100
5500
6400
5400
11800
15100
6500
6000
5700
6300
8700
8200
5900
6400
6100
5900
13000
10500
13200
10600
11200
10300
13200
13000
11300
12000
10900
11400
61100
17700
10700
9400
14200
14800
18400
7500
9800
33300
11500
11500
12600
15300
11100
11100
11100
10400
11000
11500
10700
10000
10300
10300
12400
19200
13100
12200
19100
11100
25300
15500
9200
8500
15800
13000
13300
10300
10800
9800
9900
9500
13700
13300
11900
15800
10600
10100
12500
10300
13700
10600
10300
10500
11800
11000
11700
10900
10800
10900
23400
12600
8500
11400
12000
16300
13000
9600
9500
10100
9200
12000
11200
10900
10200
9800
9900
9900
10800
12600
10700
10100
10600
10000
12600
17800
10600
10600
71700
22700
24400
13000
12200
12300
11200
15400
13500
7900
7100
20100
7400
8500
9200
8900
7700
7900
7700
8200
9000
13900
7100
8100
8000
7200
8800
7600
7700
8300
7600
7900
20900
31600
14200
5500
8700
7500
7500
5400
5100
4800
4400
4500
8000
7700
5400
4700
4600
4500
5700
7100
14400
5600
13900
5200
8500
12800
4800
6100
4700
4700
11600
4500
4100
4500
4100
3800
10800
6800
8500
6600
5700
7400
6800
7300
8700
6100
6200
10100
7600
6400
16600
6100
10300
6900
8000
10700
7300
6700
6300
6600
20400
6500
6100
6000
6100
6400
8300
6100
6100
5800
9100
9900
6800
7300
8500
6100
6100
8200
7400
6200
9300
6100
9000
6200
7600
6400
6900
13700
6400
6200
18900
6300
5700
5700
6500
6100
7400
6200
5300
5600
8100
5800
7000
5800
14200
6100
5700
7900
7000
6100
9900
5900
8600
5800
15500
8400
6600
6200
8200
7000
19000
6100
5700
5500
5600
6600
7200
5600
5400
5500
6800
4200
5100
4300
5900
4700
4400
7900
26800
4100
6100
4300
4500
6500
7200
4000
4100
4500
3900
11500
16300
4900
3700
4100
3500
3900
10800
3600
4200
3900
4000
5200
4100
3700
4900
4000
3700
5100
4600
4000
5500
4700
4200
6000
4800
4000
6100
4000
6300
4100
17900
4400
3600
3600
3700
3900
9000
5400
3200
3600
3900
3400
3600
3800
4600
3400
3300
5400
4100
3700
5200
5100
3500
5600
4500
3700
6000
3600
5900
8000
10200
3600
4000
3500
3400
3400
7600
4100
3300
5500
3200
3100
4000
5600
3900
3300
3400
3200
4200
5900
3400
4000
14700
3700
4900
3600
3700
3500
50900
4200
14000
3000
7100
2900
6600
2800
3700
3500
3000
3300
3100
2600
3500
4700
3000
3100
2800
3000
3500
6500
6600
3400
5200
3000
4100
3100
3000
3200
6300
3400
10100
2900
5800
2800
6000
2800
4200
3700
4600
4000
3300
2600
3400
2900
2800
4600
2800
2700
8000
4900
6400
3100
4900
3000
4200
3100
3400
2900
5500
3400
8100
3000
5400
3300
6400
3200
3400
3900
2700
3900
3700
2600
3400
3000
3000
4600
2700
2700
5300
6900
3100
2900
3600
3200
3500
3200
3000
2900
5900
3500
12600
3300
5500
2800
5700
2900
3700
5300
3600
4100
4500
3500
17500
4600
3500
6400
4100
4500
7500
8300
4400
4500
3900
3400
4000
8200
3900
20500
7600
4800
9200
2800
6200
2900
6200
3600
3900
3400
2500
3300
4300
2600
3200
2800
5600
4800
2800
2500
3200
11200
2900
3000
2700
2700
3300
5400
2900
2900
5700
3000
13200
3600
3700
3300
9300
3600
5800
7300
5500
3600
3200
5400
4200
6600
4100
3400
3400
8900
32200
4700
4800
5200
6700
3800
7500
4600
3800
4200
6100
5500
22000
8800
4200
7700
3800
3400
5000
4500
3400
3900
3800
4100
4200
21700
6500
6200
3400
4900
6200
3600
5500
5200
4900
3600
12600
4100
3800
17500
9300
4000
30500
5600
3700
6400
3500
3500
9300
4800
3400
3500
3600
3800
7400
4500
5500
3700
3300
5300
5800
3500
4700
5000
4800
3900
6700
4300
3700
3600
5600
3900
15900
7100
4200
7200
3600
3300
5000
9200
10700
6400
5200
3900
3900
6200
4800
17200
3900
5400
5700
8000
3800
3600
3600
3800
9600
8400
5100
3700
5300
5000
15800
9000
3500
7000
3300
3800
5000
3800
3300
5000
3700
3700
5000
4400
5000
4800
3500
4500
5500
4800
3600
4600
3300
3500
9000
3700
5000
6400
6500
3800
13200
6500
3200
6600
5300
4400
4700
3900
3200
4900
3600
3600
4800
4300
6400
3500
3200
5700
3900
6600
3600
3500
4700
3600
7400
3500
11200
5200
5400
4100
12800
3400
3000
3100
5200
3500
8100
24300
3400
9300
3000
3300
3500
3100
2900
2900
2900
2800
4400
3300
2900
2900
9800
10100
5800
3600
3300
3300
3600
3300
11000
8200
3300
4400
3000
2900
4800
3000
3500
3100
2700
2800
3800
2900
2800
2800
3000
2800
3800
3100
2900
3300
4600
4800
6000
3500
3200
3100
3300
3200
9900
4200
2800
5200
5400
2900
6200
2800
3000
2600
2500
2700
8600
3700
3500
3300
2900
3200
3700
2900
2800
2800
4200
3800
7900
3600
3100
3400
3000
3200
10200
3400
3100
4700
2700
2800
4200
2900
3400
2900
2500
2700
3100
4000
3600
2900
3200
3500
3500
3300
3100
3000
3000
3200
5400
3300
2900
3000
3900
3700
14600
3100
2500
4900
2700
2600
4300
2900
3300
2900
2700
2900
4200
3700
3700
2900
3000
3500
3700
3000
3000
3000
4800
3100
3700
3900
3000
3100
4700
4300
9200
3000
2600
4000
2800
2700
4100
2800
3500
2800
2600
2800
3100
4200
6000
3100
2900
8500
3600
3100
3100
2900
3100
3000
3900
3200
3000
3100
4800
4400
11200
2900
2800
2900
2700
2800
5300
3100
2700
2700
2800
2900
3500
3000
3100
3900
3600
2900
4100
3300
2900
4100
3200
4200
4100
3500
3100
3100
4700
3300
11200
3100
3100
2700
4300
3000
3700
3200
2900
2800
3200
2800
3300
3200
2700
3700
4300
5000
3700
3300
2900
4000
3200
6800
4000
3000
3000
2900
4400
3100
11700
8100
2700
2600
5000
2600
3900
3500
3400
3000
3200
2900
3600
3100
2900
3400
3100
3400
3600
2900
2800
3900
3300
3900
4600
3200
3100
3000
4500
3100
10900
2800
2600
2500
4900
4500
4400
3600
3200
2700
3100
3200
3300
4000
3700
2900
3100
2800
3500
3000
2900
9500
4000
2900
4100
3000
3000
3300
4200
3100
11300
2900
2600
2500
4200
2500
4200
4200
3600
3800
3100
3200
4300
3100
3000
2800
3000
2700
3600
3100
3000
4500
3900
3000
4000
4900
3100
4600
3200
4600
10900
2800
2500
2800
4300
2600
4200
3400
3200
3200
4100
3100
4100
3100
3300
2800
2900
3000
3300
3100
3200
5200
4300
3000
3900
3300
3100
4400
3500
5100
9600
2900
3000
2800
4600
2900
12900
4700
5200
4200
4100
4100
6000
5800
8800
4600
6200
4500
5800
5600
4500
4500
4500
4800
6400
4800
7600
6700
5000
5000
17200
4900
4300
8600
4500
6300
6700
4500
5300
5400
4100
4300
5300
5900
4600
4400
4900
4700
5800
6700
3700
3800
4000
4100
5400
4100
6100
5700
4300
12000
14700
4200
3800
6100
4600
6300
5000
3800
4100
3600
3600
3500
5400
4600
6000
4100
4000
7100
5100
4100
4000
4000
4100
4300
6300
4600
6300
6100
4700
4600
15900
3900
3900
5400
4000
5500
5200
3900
3800
3400
3600
4200
5400
3900
4700
4100
4000
3900
4900
5600
4300
4200
4000
10800
5400
4200
6100
5800
4400
4400
15600
4500
3600
5800
4300
5700
5600
3600
3800
2900
3300
3800
4900
3800
3500
2500
2500
2300
3200
3400
2600
3300
5300
2600
3400
2700
2500
2500
2600
2700
8700
2500
2100
10600
3500
3200
5100
2800
2700
2200
2200
2400
3400
2500
9100
2400
2300
2400
3100
4400
2600
2700
2400
2500
3500
2800
2500
2500
2500
3100
8200
2500
3700
8300
3100
2300
7100
4000
5000
4000
4100
3700
6000
4200
8200
4200
4200
11300
5700
4500
4300
6000
4200
4000
5900
4300
4700
4500
6100
4200
16400
4300
6000
8700
10100
6900
5700
3700
3300
3000
3400
3100
4900
3600
4400
3400
3300
8200
4700
3700
3500
5000
3600
3700
4700
3800
3900
3800
5600
4100
16200
3500
11900
5400
3500
3600
5300
4100
3600
3200
3200
3200
4100
3700
5100
3700
3700
3400
8000
3600
5100
4800
3600
2800
3800
4900
3200
3500
5200
3800
16200
3200
5600
7500
3400
3100
4800
3600
3500
3000
3000
3000
3700
3400
3800
3200
3300
3500
5200
3700
5000
3500
3800
12800
5600
3600
3600
3700
6000
3800
17600
2900
5500
5100
2900
2000
5000
2600
2100
1900
1900
1800
2600
2100
2700
2100
2100
2000
3800
2300
2900
2400
3000
3100
3200
2400
2400
3600
2500
2300
9600
2300
3100
3300
2100
2000
10000
2700
2100
2000
2000
2100
2400
2100
3500
2200
2100
2100
3900
2300
3200
2500
2300
3300
9600
3800
3400
3500
2600
2200
7700
2100
2000
2100
3500
2100
