116700
24000
539800
21600
29100
24400
35100
26500
25700
28100
20600
19200
33000
31000
117900
25500
23500
21500
36500
28700
23600
36400
31300
24000
41000
34400
42300
25700
26300
25700
18200
15800
16700
15000
22500
16400
23900
18000
27500
20200
20200
21600
24000
21200
40900
26500
23700
22400
28000
25200
20600
39300
26600
21700
35300
21000
35700
23100
20600
16400
932700
15100
9600
11700
11600
10800
10300
14700
17100
13700
21300
12000
21600
13100
27100
17600
25100
15100
27200
18300
15300
24000
16900
14400
24000
14700
26400
16000
14000
13600
15600
12300
10000
9900
11900
15500
11400
12700
21600
15000
22700
36900
23200
12500
11300
14500
16100
11400
20900
13800
12600
45000
17200
13000
21200
22200
28700
16300
12300
12400
10300
9000
8700
9000
10300
8900
10500
19500
27900
14900
17600
11100
15100
15400
10000
11300
11400
9600
17300
11200
26600
13200
13400
11300
19400
11400
19700
13400
11100
10800
9400
9300
8200
7800
9900
8400
10200
8700
14700
12300
21600
12000
13800
10200
9700
10400
10300
10700
13200
10100
21300
13400
12600
11300
18500
13400
10800
24200
12000
10900
24100
13900
16000
14200
13700
12700
25600
14600
14000
14100
14700
18900
17600
18100
25300
17700
15600
14400
18300
25500
16600
16000
14800
14300
64300
18100
18900
13900
19300
12000
13100
10900
9600
9400
9400
9400
33300
12800
11600
11600
11900
10700
13500
12800
15000
15500
13000
11100
14900
19300
12800
12500
11600
11300
50200
17900
11400
11100
16900
10800
11800
10200
9900
9300
9800
15000
12900
11600
10300
9900
10500
10500
13700
12400
15600
15200
11700
10900
16000
20500
13900
12700
11700
11700
55100
55000
16500
19200
22200
12600
25600
13100
13400
11300
11300
15300
22300
9900
8900
13100
8200
10100
12800
9400
8100
8000
8200
8100
10100
15500
9500
8600
8900
8800
58900
15200
8900
7700
13000
13600
13000
12400
12500
12000
12100
11500
17800
15400
13200
13100
12300
8900
9600
14900
11800
11600
10700
10600
13400
12200
35500
25100
13600
12000
87200
21400
10500
9200
23400
10400
28100
12200
16000
10100
9800
9200
18700
12700
10500
10400
10400
12300
14300
11400
10800
11800
9900
9700
11900
11700
27100
19500
13700
11600
33800
26000
16200
9700
8800
8500
23900
11100
24700
13900
10800
9700
20100
10600
9900
10800
10500
10100
11600
10500
11000
20200
13200
20200
13300
13600
10800
12000
29400
22800
24900
9200
18700
18900
19800
10700
16800
14400
10800
10000
9400
9500
17000
10200
13300
10200
10500
17100
11500
35600
13100
10700
10400
18000
13400
10700
10800
10600
19300
19500
23600
9000
17600
39700
17900
8800
12400
15300
9900
8800
9500
15000
9600
9600
13600
18700
10400
9600
10800
9700
9800
9600
9500
47600
14900
11700
10200
10200
18900
17700
24800
8500
28800
17200
17400
12600
13000
10800
9300
8700
8400
9500
9500
8900
13400
12600
9700
9200
16900
10500
9400
12000
10000
9500
141300
22100
19400
12800
24700
18100
24800
7500
22300
17100
16500
7500
14300
85100
23900
8000
4400
4400
5000
4500
12000
7800
4600
4400
10900
4800
11800
4600
4700
4600
5600
4700
4800
5100
4700
10700
13500
6900
12100
10900
9700
3700
8100
6300
4500
4400
4200
4500
4500
4400
24300
7800
4800
4300
9900
6600
6900
6600
7000
8900
8300
7500
7500
7800
7100
19800
22900
6000
5500
5600
11800
19900
30700
7800
6400
6400
10200
6900
11000
8100
7900
6800
6800
9600
15300
10700
7200
7200
6800
8600
8900
14700
12800
8100
7300
7600
19800
14800
5800
5600
6600
6800
8900
6800
6400
10500
8900
8500
10000
10800
7300
6600
6200
8200
8600
9800
7700
7200
9800
6300
8300
12100
13400
8100
7600
9400
19500
12300
9300
5600
6000
6000
10000
5800
5500
5100
8700
5500
6900
5500
5700
5500
8200
5600
9800
8800
5900
6900
5600
5600
7500
11100
19200
7900
5800
5300
18400
6800
7000
5600
5300
5400
6500
5300
5700
4800
8000
5400
6200
5300
5400
5500
7900
5200
10000
5800
6100
5700
6000
8900
9700
10100
7400
6400
37100
5500
16200
4700
4500
5400
4200
4300
7500
4100
4000
16900
6800
3800
5100
4100
3800
3400
7500
6400
8100
4600
16300
4300
4600
8100
9100
8500
4600
4500
4500
4700
16800
5100
4100
3700
4000
5100
4300
3700
3900
4400
4900
3600
4400
4000
4000
3900
6200
4000
7100
4500
4300
4400
4200
6300
8600
7100
4500
4900
4700
3900
15300
9700
8300
4300
4100
4200
19700
4700
2700
2300
2200
2400
3900
2500
3800
9700
2600
6700
3800
3100
5500
4600
4200
2800
6500
3000
2800
2800
5600
2800
10100
2700
5400
2500
6100
8100
4000
2300
2200
2200
9100
2400
3300
2500
3100
2700
2900
2900
3400
2600
4400
5100
4100
2900
6500
2900
2600
2700
5100
2700
12000
2500
5400
2400
5400
5600
3800
2700
2300
2200
2400
2400
3100
2600
2700
2600
2700
2600
3200
2800
4000
4200
3900
2700
6000
2700
7400
2700
5000
2700
8000
3200
5400
2500
5500
5400
3500
2700
2500
2500
2500
2300
2500
2500
2600
2400
2400
2600
4500
2800
5100
2700
2600
4700
6000
6200
3200
2900
4900
2700
8400
3500
13600
5300
13300
5700
12800
2800
2400
2300
2400
2500
2500
2400
2400
2500
2600
2400
7400
2800
11700
4900
2500
8300
4100
2800
23100
4100
4000
3000
8100
2600
3600
2600
4300
4300
3700
2500
2500
2400
2500
2200
2500
2700
2500
2400
2400
2500
3700
2700
3800
2700
2500
4800
7500
2900
3700
4000
3700
9000
10400
2800
2500
2500
4500
2400
4200
2700
2400
2800
2300
2300
18900
3200
2600
3300
2500
2500
3500
2700
3500
2900
2700
2500
7700
2700
2800
2800
2800
2900
9900
2400
2600
4200
17000
2500
5300
8800
2300
2500
2200
2100
3300
3000
2400
2700
2200
2400
2900
2400
3500
2300
2400
2300
3200
2500
2500
2700
2400
2400
9000
2200
2200
2400
2100
2100
3100
6200
5600
2800
2200
2400
2800
2400
2400
2600
2300
2200
3000
2300
3300
2300
6600
2400
2900
2600
2400
2500
2400
2400
8200
2500
2500
2000
2100
2000
3200
2600
4000
2500
2400
2100
3800
2300
2300
2200
2300
2200
4000
3100
2600
4800
2500
2300
3100
2400
2400
2400
2700
2400
8400
2000
2100
2000
2200
2500
2800
2300
2200
2400
2200
2000
2300
2400
2300
2300
2300
2200
3500
3000
4400
3000
2400
2300
4000
2500
4600
2600
2600
2500
9100
2100
7600
2000
2100
2000
4000
2500
2700
2500
2100
3100
2500
2300
2200
3200
2300
2200
4300
3200
2500
4400
2400
2400
2900
3900
4500
2600
2600
2400
8400
2400
2200
3300
2300
2200
4900
2300
2200
2200
3200
2200
2700
2800
3700
3500
2200
2200
3400
2600
2400
2300
2200
2400
4000
2600
2600
3800
5000
3100
12000
2200
2200
2200
3200
2100
3400
2300
2100
3300
2200
2100
2500
3700
2800
2400
2200
2100
3700
2500
2400
3300
2400
2400
4000
2500
2300
2400
5100
2500
10300
4100
2200
2000
2100
2400
3800
2200
2100
2100
2100
6600
3600
2400
2300
2600
2400
2200
2700
2700
2300
2300
2200
2400
3400
2500
2400
2600
3600
2500
9700
2100
2000
2000
2200
2000
3900
2200
2000
2300
2100
2000
2800
2300
2400
2100
2300
2200
2800
2900
3400
2900
2600
2800
4200
2600
2300
2300
3800
2400
9600
2100
2600
2000
2000
2000
2800
6400
2200
2200
2200
2200
3300
2400
2300
2300
2500
2300
2700
3300
3200
2600
2400
2500
3300
2700
2600
2400
2600
2600
9300
2200
2000
2000
2000
2300
3000
2500
2100
3700
2700
2500
2800
2300
2200
2300
2900
2600
2700
3400
3600
2600
2600
2400
2900
2900
2400
2500
6700
2600
7300
2400
2600
2200
4000
2200
3600
2400
2100
2100
2500
2100
2700
2200
2400
2300
2200
2100
2900
2400
2300
2300
2400
2400
3000
2600
3200
2500
2900
2500
7400
2500
2900
2200
6300
2200
3600
2300
2200
2400
2100
2100
2500
2200
2700
2300
2100
2200
2900
2400
2300
2400
2300
2800
2900
2400
3200
2300
3000
2500
8200
2300
3300
2200
2100
2100
3200
2400
2200
2200
2200
2300
2500
2600
2300
2400
2500
2300
2700
2300
2500
2300
2200
2300
3700
2500
3000
2300
3200
2400
7600
2200
2900
2400
2200
2100
3200
2300
6400
2300
2200
2200
2400
2500
2300
2200
2300
2200
2900
2400
2700
2500
2500
2300
2900
2300
4500
2400
2900
2700
7500
2400
2900
2800
2000
2400
2900
2300
2300
2200
2500
2200
2600
3500
2600
3100
2400
2300
3900
2600
3400
2500
2400
2500
2900
2700
2600
2400
2500
2500
7500
2200
3000
2200
2100
2000
3100
2800
2300
2200
2500
2200
6900
2300
2300
2200
2100
3600
2800
2400
2900
2700
2300
2500
3200
2500
20800
2600
2500
2800
7300
2100
3900
2100
3300
2400
5200
3400
2500
2500
2300
2300
3400
2500
2500
2500
2400
2400
7900
4100
3500
2500
3600
2600
3700
2800
4000
2900
2600
2700
7900
2500
2600
4000
2600
2500
4400
2800
3000
3100
2700
4800
2800
2500
2600
2500
2400
2300
3200
3600
3600
2500
3600
2500
3600
2600
4200
2700
2700
2600
12300
2500
3200
3600
3000
2400
3500
2500
2600
2400
2400
2300
3800
3500
2600
2400
2900
2400
3600
4000
3400
2500
3600
2600
3500
2700
4300
2700
2600
2500
8400
2600
3700
3700
2300
2400
4100
3000
2900
2800
2900
3100
8000
3700
2800
2800
2500
2900
3300
2600
2600
2900
2700
2600
3400
2700
4100
2700
2600
2800
7700
2500
2300
3800
2400
2400
3600
2800
2700
2700
2800
2500
4100
3400
2900
2700
2400
2400
3200
2600
2600
2600
2800
2500
3100
5400
8000
2600
3700
3000
8100
2300
2200
3800
2400
2400
4000
2600
2600
2700
2800
2400
3700
3800
3000
2700
2400
2400
3200
3600
2600
2700
2800
2600
3100
4200
4000
2700
3900
2900
7600
2400
4500
2400
2400
2400
4000
2500
2800
2300
2400
2300
2700
3200
2500
2400
2300
2300
3200
2600
2500
2400
2500
2400
4100
2700
2600
2600
2800
2500
7400
2400
3100
2400
2300
2400
4400
2300
2800
2500
2700
2300
2900
3200
2400
2400
2300
6800
3000
2500
2500
2400
2500
3000
4200
2700
2400
2700
2600
2400
7700
2100
3100
2500
2200
2300
3600
2500
3000
2300
2300
2200
3000
2500
3000
2600
2400
2600
2800
2400
2700
4000
2500
2500
3900
2600
2400
2700
2600
2600
7600
2200
3000
2400
2200
2200
3700
2300
2700
2300
2300
2200
2600
7000
3000
2300
2300
6900
2800
3200
2700
2500
2500
2700
3900
2400
2700
2500
2500
2400
8300
2300
3100
2400
2200
2100
3700
2600
2700
2300
2300
2200
3100
2500
2900
2500
2600
2300
2600
3500
2600
2500
2500
2600
4000
2600
2700
2500
2600
2600
7400
2500
3100
2300
2100
2100
5200
2400
2700
2400
2300
2400
2500
2600
2900
6800
2400
2400
2800
3300
2900
2400
2700
2500
3500
2900
2600
2500
2600
2600
8500
2500
2200
2300
3500
2300
