600100
25200
17100
20900
107100
25500
31200
31300
23100
21500
19400
17900
30200
24800
19700
20700
28000
36600
36500
27200
21800
21300
24400
22200
44400
34200
25400
40500
27800
26700
22600
16100
13800
14300
24000
18100
25000
23200
20700
20900
18900
17800
38000
19100
17400
23400
20400
43200
29100
20500
19300
27400
22000
21600
43500
22100
23900
34500
21400
19500
926500
22000
11100
12600
21300
12400
14000
12000
12200
13600
25100
14400
19400
14100
12500
15300
46800
35700
27900
15300
16000
14000
14500
15100
22100
15700
14600
29000
15500
14000
15800
13300
10600
12400
19300
11900
13800
11500
12500
13100
26200
18500
54400
21000
14300
13600
13000
16300
26600
14100
12600
11100
13800
11800
30800
23100
14100
25800
14100
12200
12300
9100
8300
8300
21100
9200
12200
21000
10400
11400
23200
12400
16100
16600
15900
11800
12100
10900
17300
13600
11100
10400
13900
23800
29500
13700
12300
26200
13200
12000
16100
10100
12000
9600
15800
9800
11300
9800
9900
10700
18600
11700
14400
18800
19500
11600
10900
9800
16400
10300
10500
10500
15200
19500
17900
11100
10500
11300
10600
9700
20300
14000
18400
20000
14800
15000
21100
18900
13500
13300
21000
15200
17000
20500
19900
13700
13200
13900
18800
17400
14500
20000
15800
15000
72300
21400
25100
10700
10200
13900
15800
14600
14200
14100
16900
22800
38800
21400
18000
22900
18200
18600
22500
21600
21200
17600
22300
17600
25000
22200
19100
25900
19700
18100
66000
27600
16700
14400
14000
14100
17000
16400
16100
15400
16500
18400
17500
21400
16900
23500
19300
64300
26600
15500
12900
14900
16200
12900
18300
16400
13100
26600
14300
13400
64000
26600
13100
14700
11200
11200
14400
12000
11700
11700
12200
15600
13300
19200
31100
43300
16800
18500
16900
17900
14200
13700
12700
12600
15200
16300
13600
25300
14100
12800
63000
20900
11800
10700
10400
10200
16100
11900
10900
10400
10500
21200
13700
15500
11200
17300
10400
13500
11400
12100
9800
22900
11100
10600
11700
13000
13300
11700
13800
10300
48600
17800
8300
7800
8800
8000
10000
8900
8300
8200
8100
14000
15600
10500
9400
16200
10000
9100
11400
12800
9600
9800
9100
11100
13600
12000
9700
9700
9500
9700
44400
9100
8100
16700
9500
8600
24100
10700
18400
9700
9000
9000
14100
21500
9300
9200
9500
16400
10500
32600
12300
11100
10300
10300
30700
14400
11700
11000
22000
14500
23500
23500
9100
8600
8400
8200
10800
10400
12300
8900
12400
8700
10100
14700
9300
9800
9600
13700
8200
20900
11700
9800
9700
10000
23500
16300
11300
10500
24100
11400
21400
25100
8100
8700
7800
8000
10600
8900
13300
9100
13300
9000
9600
717100
32900
17200
10300
10500
12200
17600
12000
10200
10100
10300
20800
10800
11500
13800
18100
12000
22500
18300
13500
8500
8600
13100
10600
8500
11900
8700
11100
9400
17900
10800
10800
7100
7000
6800
7600
11400
6900
7300
7000
12400
20800
8100
7000
8200
14500
7800
21200
15500
7400
8200
8400
5000
8700
6100
12600
17700
9800
6600
7400
6700
11600
7300
7000
6900
9700
14400
7000
6800
7500
12400
8400
14300
7500
7000
7000
7300
17900
13100
6000
8300
6100
6800
6200
7100
21300
6900
8600
6800
6900
7000
10000
6800
6400
12600
7200
11700
6600
5900
6900
11100
8500
12400
7500
10100
7500
7800
24100
6700
6100
6600
11600
5900
11500
7200
6700
8900
7800
6500
8300
15500
6800
6400
6600
7500
8200
8100
7100
7100
11200
9100
7700
7000
9300
19700
8200
7200
18000
5700
10200
12300
6000
6000
8900
6400
8800
6500
6600
7200
7600
10400
6500
5600
8800
6500
7900
7500
6800
6900
10200
7000
8000
6900
6800
13100
7000
7200
16200
20600
16000
15200
5900
8300
8100
6400
7100
8600
7500
6200
7600
6400
6600
8800
9900
6800
7600
7700
9000
7500
10100
11200
8200
6700
7000
13500
7000
13400
16500
5800
10800
11800
5700
6400
10200
5300
6600
5400
5300
5500
6000
6000
6000
8100
6900
4700
7200
9700
6100
5300
5400
5500
7700
6100
5700
11800
6600
5500
18200
5300
9300
11100
5300
5300
6300
4800
6400
5700
5000
5200
4700
5300
29100
7200
6800
4800
6100
10500
5900
5000
4800
5400
5900
5500
5300
5100
10300
5200
19000
4700
9300
10500
5400
24300
6600
4000
6500
3700
3800
3700
4300
3900
4100
6600
6000
4600
10200
7500
4300
4700
4300
4400
5600
4900
4800
4300
8800
4200
15200
4200
4300
9600
4200
4200
11700
33400
8900
4000
3600
5400
8900
4000
3900
4200
3800
4300
6100
11500
4300
4100
3900
8200
5700
8600
4100
4400
4500
4600
19800
4400
4000
10000
4100
3800
6800
5200
3800
3800
3700
4600
11700
3900
4100
3500
2900
9800
5800
4100
4100
4100
4200
7200
5900
8500
4500
5200
4400
4300
15900
4500
4300
10100
4400
4200
6200
4700
3800
3800
3900
16900
4400
6000
4400
4000
3800
6100
5300
4300
4300
3800
3800
7100
5600
8000
11800
4400
4400
4500
16300
4300
3800
8600
5200
4100
5900
4400
3800
3900
3700
3500
4200
6200
4300
4000
14900
12400
12700
4400
10600
4300
4000
4100
5800
8200
4800
9800
4300
4100
15600
3900
4000
8600
4000
3700
5400
4400
3600
3400
3700
3700
4100
5800
4300
4200
3900
6000
10500
4400
4100
3900
5900
3900
4800
3200
8800
4400
4300
26900
15100
3800
3900
6100
3900
3600
4900
4200
3600
3600
3400
3300
4100
5000
3800
3900
3800
5100
12400
4000
3800
3800
4100
3900
5600
4300
4300
4100
4100
6300
16000
6100
15400
4200
4000
3900
21800
2600
2100
2000
3800
4500
11500
2500
2300
5300
2800
2200
6100
3400
2400
6300
2400
2300
3400
2600
2500
2400
2600
2400
8900
2200
2200
3100
3700
2300
3300
6100
5300
4300
2200
4300
2900
2300
2200
2900
2900
2400
3200
3200
2400
2500
2300
2300
3300
2400
2400
2400
2300
2600
8300
2500
2200
3100
3200
2200
3400
3100
2300
2600
2200
2200
3400
2400
2200
5100
2400
2300
4900
3200
2400
2500
2300
2200
3200
2300
2400
2300
2400
2400
7800
2300
2800
3600
3300
2100
3200
2600
2200
2400
2100
2200
3500
2400
4500
2200
2500
2300
2800
2600
2400
3200
3500
2300
3200
2400
2300
2400
2300
2600
7500
2200
2100
3100
3300
2700
3100
2400
2200
2300
2100
2000
3200
2400
2200
2200
2300
2200
2700
2500
2500
3100
3100
2500
3000
3800
2600
2600
2600
2700
7500
2300
2100
3100
3300
2200
2900
2800
2200
2500
2300
2100
3200
2400
2300
2400
2300
2200
2700
2500
2300
3600
3500
2400
3200
3800
2600
2700
2500
2800
9000
2300
2200
3200
2200
2200
4100
2400
2200
2600
3000
2200
2600
2200
2300
4100
2300
3500
4300
2500
3100
2500
2400
2500
4100
2700
2500
3400
2800
2500
9400
2300
2200
3100
2200
2200
3500
2300
3500
2300
2300
2700
3400
2200
2300
2800
3400
2700
4600
2400
2800
2400
2400
3400
3100
2400
3300
2400
2500
3300
7300
4000
2100
2000
2100
2000
4100
2700
2700
2300
2200
2900
2500
2500
2300
4000
2300
2200
4400
2300
2200
3200
2500
2500
5000
2500
2600
2400
3500
2500
8400
2200
2100
2100
2100
3100
2800
2200
2700
3100
2300
2100
2500
2500
3200
5000
2400
2200
3800
2400
2500
4100
2400
3200
6300
3000
2400
2400
2600
2400
8300
2300
2100
2400
2100
2100
2900
2300
2700
2200
2200
2100
2400
2600
2200
2800
2300
2800
2700
2500
2500
3300
2500
3200
4100
2500
2700
2600
2600
2800
7200
2400
2000
2000
2100
2600
3000
2200
2400
2200
2300
2600
2700
2600
2200
3100
5100
2200
2700
2700
3100
3200
2500
3200
4100
2700
2500
2600
2700
2600
7900
2400
2100
2200
2200
2400
3200
2300
2200
2400
2200
2300
2600
2600
2300
2300
2300
3100
3500
2500
6400
2300
2400
2500
4100
20000
8700
2600
2500
2400
14700
10100
2200
2000
8000
2300
13100
2500
2500
2300
2100
2700
2800
2300
2300
2300
2300
3100
3300
2500
2300
2200
2400
2200
3900
4000
2500
2300
2300
2600
8000
5100
2000
2000
3400
2100
3200
2300
2400
2200
2200
2100
6100
2400
2400
2200
2300
3000
3400
2500
2200
2200
2400
2300
4600
3500
2500
2300
2300
2600
7400
3400
2100
1900
3400
2000
3400
2300
2400
2200
2200
2100
3000
2400
2200
2200
2400
2900
2700
2400
2600
2500
2300
3100
4100
3300
2300
2400
2300
2500
7100
3400
2000
2000
5900
2500
3500
2500
2300
2200
2200
2000
3200
2400
2300
2200
2500
2800
2800
2600
2400
2400
2400
3400
3800
2500
2400
2400
2500
2400
7300
3300
2000
2000
3300
2000
3600
2500
2200
2300
2200
2100
3600
2300
2200
2200
2500
2800
2700
2700
2500
2300
2400
3400
3900
2600
2400
2500
2400
3000
8500
6000
7000
2300
2200
2100
3900
2200
2300
2700
2500
2400
3300
2300
2900
2300
5200
2700
3100
3000
2400
2600
2300
2400
3400
2400
5500
2300
2400
3300
9200
5200
2100
2100
2100
2100
3900
2400
3100
2800
2300
2900
3700
2300
9300
2400
3000
2300
3700
2700
2500
2400
2600
3000
3400
2500
3000
2600
2500
2700
8500
2300
2400
4100
2700
2100
4600
2500
2400
2400
2700
2500
2600
4700
2400
3400
3100
2300
3000
2400
2600
2400
2200
2300
3100
2300
4900
2400
2400
2600
7100
5100
2100
1900
2200
2000
3700
2200
2200
2400
2100
2100
2800
2400
2400
3100
3000
2700
3600
2400
3100
2400
3100
2500
3300
2300
2400
2300
2700
2500
7200
2100
2200
1900
1900
2000
3300
2400
2100
2200
2100
2200
2700
2400
2300
6000
3300
2400
3200
2600
2800
2800
3100
2400
2900
2800
2500
2400
2400
2500
8000
2000
4800
2000
2000
2000
3400
2400
2100
2600
2100
2100
2600
2200
2300
2900
2700
2400
3300
3600
2900
2300
3100
2400
2900
2800
3900
2500
2400
2500
7500
2200
2300
2100
2200
2200
4300
2300
2200
2800
2300
5200
2600
2300
2300
2900
2300
2200
6500
2500
2300
2400
2200
3200
3300
2700
2500
2300
2300
2400
7800
3100
2100
2100
3400
2200
3400
2300
2100
2300
2500
3200
2600
2300
2500
2600
2300
2300
3600
2900
2400
2300
2400
2900
3300
2400
2500
2300
2300
2400
7400
3000
2000
2100
3100
1900
4500
2400
2300
5000
2200
2700
2700
2600
2400
2400
2400
2300
3600
2500
2400
2300
2300
3000
3300
2400
2500
2300
2600
2400
8400
2900
2000
2100
3100
1900
3800
2300
2300
2300
2400
6400
3000
2300
2400
2400
2500
2200
2700
2400
2600
3400
2500
2400
3200
2400
2400
2300
2300
2300
7500
2800
2000
2300
5000
2000
3400
2500
2200
2200
2200
5700
4000
2400
2300
2400
2600
2300
2700
2500
2600
2900
2500
2400
5700
2600
3200
2500
2500
3000
7400
3100
2000
2100
2800
2200
3700
2300
2200
2700
2500
2700
2500
2300
2500
3800
2400
2400
2900
2500
2500
3200
2500
2300
3900
2600
4000
2500
2600
3200
7400
2200
2200
2100
5000
2100
