639700
31900
24700
23500
108800
27500
35100
28500
30700
28800
25400
20400
42200
25400
33500
23400
23800
21800
38100
27500
25800
44800
27000
25600
46000
41100
24800
25300
25200
23900
21600
14400
14600
20700
18600
19200
22400
17100
25600
23900
21800
18400
32600
18900
30300
73500
22000
18300
33300
22000
21300
46600
25400
17800
37100
17900
20100
22400
16600
22600
28000
18100
12000
17800
15500
13400
15800
13900
12600
14100
23900
15600
56900
22900
31900
20700
139300
26800
32100
19900
16700
29000
20300
14200
45200
51100
41100
44400
17500
15200
19900
14700
16000
16500
14200
15400
17800
15800
15400
30800
38500
18500
35000
18000
34100
21200
24000
19400
30400
19300
19000
32200
22900
18500
31800
19200
19700
20700
16900
18900
25000
17700
14000
21700
936900
17600
16800
27600
10300
18900
30800
12600
13400
10800
19900
13500
13700
10400
22500
11900
21000
13400
14500
12900
16900
12700
11700
11900
10500
12500
11800
10000
8800
9300
10800
8100
9900
9700
8600
10800
16200
11700
16300
10300
17600
14600
12900
11700
19100
11300
21500
13800
12400
10900
14100
15200
10300
23900
13100
12500
62300
21700
16100
15700
16700
15600
16800
16800
23200
23400
16200
20100
17700
17500
16600
15100
12000
11700
14300
20900
14000
11900
11600
31600
53300
17700
9000
8600
7900
7900
25500
18100
11400
12900
12000
11200
28100
17300
21600
14700
13800
14400
15500
14100
15900
11800
12900
12900
14900
34100
21800
17600
16900
25500
58200
23800
16300
11200
12500
12900
13800
11000
11400
10600
10400
13900
11400
14800
15500
17700
20400
14100
19600
13900
12200
14700
14200
11800
22100
22100
14000
11900
13200
19200
55500
21200
11000
10400
12500
11400
15400
10800
11100
10400
10300
11200
10900
12500
10500
13100
12300
11100
11300
14400
16600
9900
10600
11500
9800
17400
8900
8600
9100
62700
69800
29000
9600
8900
9200
7600
10900
8800
8000
7700
7800
8200
9300
12900
9000
16900
16800
9400
10600
15500
18200
20000
9500
15400
17300
13200
10100
10600
8800
9100
54600
18900
8800
8200
8300
8000
9200
7900
8500
9800
8600
8800
8700
12000
10600
8900
12900
8500
9400
11200
36400
12000
10200
15800
13000
13300
9200
9800
9300
10200
51600
35500
14600
9400
10800
22500
16800
9700
7900
7300
7400
7600
9600
8500
8300
8900
12500
7600
42500
10400
9200
8000
14500
8300
9400
9900
15100
9000
8700
13200
17500
6700
13800
7000
12300
14800
9500
7600
7000
6900
6800
13400
9100
8500
8200
8800
7700
7200
23000
10500
7900
8000
12500
7800
9100
12500
15200
8400
8000
24400
17100
6800
13800
7400
6500
14900
8900
7100
7000
7300
6900
7000
7600
7500
9600
9900
10300
7500
13300
8000
7500
7600
12900
10100
8600
7900
13400
8000
8100
8100
21200
6400
13500
6800
6300
17300
8500
6800
7700
7100
7700
7300
7200
7700
7100
7400
7200
7200
10800
9800
10000
10200
8700
7400
8800
7700
13100
8400
7900
8500
19200
6100
13100
6300
6200
13600
11100
6700
6900
9300
6600
7300
7200
7000
8000
6900
7000
10300
10800
9100
11200
9200
7500
10500
12400
8200
7400
7500
13600
7600
15400
7200
11400
6500
6200
13100
8200
7200
23500
13800
12000
11600
16500
13800
11500
22600
11600
11800
30700
18600
16800
15200
13400
11500
19400
16000
12000
13400
19800
12700
27200
9700
18500
11800
10500
10700
23100
17800
12300
9100
11100
10300
10000
20000
7600
6100
15600
14100
12000
6200
18600
6500
6500
7700
13600
7400
11100
7900
6800
8400
25200
10200
6300
11600
15000
6000
10200
7600
27900
5400
18500
7400
8900
13300
6200
5800
8900
6700
7300
9300
22400
5000
5000
4800
11700
5600
9900
5800
4500
7400
25200
15000
6900
5800
11900
5200
11400
5200
5300
5200
5000
5300
6300
8300
7700
5900
7900
5800
7200
5700
15300
6300
15000
6000
12200
6400
11100
7100
5300
6100
27200
4900
5200
5000
10200
3900
6100
4000
3600
3400
3400
3400
4200
5100
4900
3900
5200
3800
4700
8800
4300
3800
6100
3900
8300
4100
6800
5800
3700
8900
15200
3600
4700
3500
6700
11300
23400
3400
3700
3900
3500
3800
4000
5300
5300
3700
4700
3600
4200
7200
5500
3700
7900
3700
5100
3800
8100
3500
3800
3500
14600
4700
3500
3200
7000
3600
5500
3400
3100
3800
3200
3200
3400
5300
4600
3500
4800
3300
4200
8400
3600
5100
5600
3500
8100
3700
7600
5600
5200
3700
13500
5800
7100
3700
3300
3200
6700
3400
3100
3100
4700
3100
3700
3400
3300
3200
3200
3200
4200
4900
3300
5900
3400
3200
9100
4200
3700
6400
3700
3500
11100
3500
3200
3300
3300
3700
5200
3300
3300
3200
5000
4100
5500
4200
4800
3900
4200
4400
4900
6100
4400
5900
4300
4100
5500
4800
4600
7900
5000
4900
14300
6000
4600
4500
4500
4500
6300
6800
3100
3000
3300
3000
3500
3300
3200
3200
4600
3300
3700
30100
12300
40000
9200
12900
6600
5100
5100
9700
5000
5100
15400
4600
4400
4900
4500
8000
8200
4800
4300
5400
4300
4300
5100
5000
4800
5900
7000
4700
6800
5100
5900
5000
5800
5400
7100
5300
5000
9400
4700
11600
15200
5300
4400
4300
4400
4600
7800
4300
4000
4000
4000
4400
4800
4800
4700
12200
10900
4500
5300
4700
4600
4600
31800
4500
5100
11500
4200
7400
5100
4200
14400
3600
4100
3900
3600
3800
5700
3700
3500
3500
3600
3500
4100
8600
3900
3900
5100
4000
4600
4200
4100
4000
4300
4000
4800
6900
4100
22300
5300
4300
14900
4100
3900
8800
4200
3800
8500
5200
8800
2500
2100
2200
3000
2400
2400
25000
2300
2900
3400
2500
2400
2600
3500
2600
4800
2700
2500
3000
3700
3600
9400
2400
2300
2500
4200
6000
3500
2400
2500
2300
2200
2300
7900
2400
2400
2900
2700
3200
3000
2500
2400
2400
3200
2600
4100
2500
2500
2400
3600
3300
8100
2300
2400
2200
4300
4400
4300
2900
2600
2300
2200
2300
2800
2500
3100
3600
2500
2600
2800
2400
2600
2500
3200
2400
4300
2700
2400
2400
3400
3500
11800
2600
3200
2300
4200
3900
12600
3400
2300
2200
2200
2200
3000
2300
3200
2400
2400
2300
3100
4300
6400
3500
2400
3000
4100
2500
2500
2300
3400
3600
7700
2800
2300
2300
4100
4400
3900
2500
2200
2200
2100
4200
2700
2300
3200
2400
2300
2500
2700
4000
2600
4800
9200
15300
9500
2700
3400
2800
5700
3600
9600
3100
2300
2200
10600
3700
12600
2500
2100
2200
3100
2400
2600
2800
4000
3700
2700
2300
7600
2500
2600
3400
5100
3300
3900
2500
3500
2600
3700
4000
9900
2300
2100
2200
4600
3300
3700
5800
3600
2200
2700
2300
3700
2400
2400
2300
4100
2900
3000
2600
2400
2400
2300
2500
5200
3600
3600
2500
3600
2700
11000
2400
4500
2600
2200
3200
3300
2500
2200
2300
3300
2700
2600
3400
2400
2200
3500
3800
2900
2800
3800
2300
2700
2400
5600
2600
9700
2500
2900
2500
8900
3300
3600
2200
2200
2100
3500
2500
2200
2200
2100
2700
2500
2900
2600
2300
3100
2500
3000
3000
2300
2800
2700
2200
4500
2400
3700
2400
2400
2800
9500
2700
4100
2700
2200
2100
3300
2300
2100
2200
2100
2200
4500
2900
2200
2200
7800
2400
2900
2500
2600
2400
3200
3200
4200
2500
3400
2700
2600
2500
8700
2800
3200
2300
2300
2100
3000
2500
2400
2400
2200
2500
2900
2900
2300
2300
3300
2400
3000
2800
2600
2400
3400
3400
3300
2700
2500
2600
2800
3100
10100
2600
6400
2300
2200
2400
3200
2300
2200
2300
2300
2700
2400
3500
3000
2300
3100
2400
3000
2600
2600
2600
3800
3300
4900
3700
4300
129700
5600
4300
18700
4200
6900
4600
2800
2900
11300
4300
3900
3900
3700
4200
5100
4200
4200
5900
3600
4200
8400
4200
4200
4200
4200
4300
7100
5800
5200
7100
4500
4300
18300
4200
6500
5900
6500
3900
6500
4600
4100
3800
3900
3900
4800
4000
4000
6000
3900
4000
12400
4100
4200
4300
4400
4500
7800
6200
5400
6400
4200
4300
18800
4100
6700
6100
6300
4200
6000
4600
4400
3900
3700
3900
5600
4000
4200
3700
4100
7800
5400
3900
4200
4400
4200
4100
7000
6500
4400
6100
4400
4400
16900
4000
6300
6100
10900
4000
6000
4300
4200
3900
4000
3800
5400
4400
4500
4300
3800
4000
5000
4400
4200
5700
4200
4300
7700
5700
4600
6200
4500
4300
17000
4300
6400
6300
6600
4000
6300
5000
4900
4100
4000
3900
6000
4300
4100
3900
4000
4400
5000
4400
4200
6000
4500
4000
12800
5100
4300
4800
4400
4600
17000
4300
6700
6100
6300
4000
6100
4700
4700
3900
4000
3800
6900
4800
4200
4100
4000
4200
5000
4200
4600
6400
4500
4600
5300
4500
4600
4600
4600
5000
16000
6500
4200
7100
4400
4000
8300
4100
3800
3600
3900
3600
4400
4100
3800
4400
8000
4300
5300
5000
5700
4400
4100
4500
5500
4200
6000
4300
4300
4500
15500
5400
4100
5300
4100
4000
5900
4100
3600
4400
4200
3800
5100
7100
4000
4300
4100
4100
11300
3900
5200
4000
4200
5200
5100
4000
5900
4100
4200
4200
14100
5600
3900
5900
4100
3800
5500
4600
3700
3600
3900
3900
4900
4400
4400
4200
4000
4000
4900
4100
5100
4300
4000
4100
4800
4600
5900
4200
4100
4400
15500
5300
4100
5500
3800
4200
6300
4000
3700
3800
3900
4400
4600
4100
4300
3900
3900
4000
9500
4400
4200
4400
4400
4500
5300
4300
5700
4400
4300
4400
15700
5600
4000
5400
4100
4100
6300
4100
4200
3900
3900
3800
4100
4100
3900
3800
3900
4200
4800
4100
4100
4300
4200
4400
5900
4400
5900
4400
4700
4400
14600
5700
4100
5600
4900
4200
5900
4000
3700
4100
3700
3700
4400
4800
4400
4200
3900
4100
11100
5700
6700
4100
4300
4300
5100
4700
6100
4700
4300
4500
14100
4000
6000
3900
4000
4000
6700
4200
5500
4000
3900
4800
5100
4200
5200
4200
5500
5100
5900
4800
4900
4300
4300
4600
8700
4800
4500
4800
4600
4600
14600
6700
4500
7100
4200
4000
5600
4900
3800
4700
4000
4200
4900
4400
5200
4000
5200
5500
5700
4400
4700
4100
4300
4400
8200
4300
4300
4400
4600
4500
14700
6600
4400
7200
4300
4000
6300
5000
4100
4800
16400
7400
4100
3600
5200
3600
3400
5100
4800
3800
3800
6700
3700
4000
7800
4000
3900
3800
3900
4300
13800
6400
3800
6300
3300
3100
4800
3700
3200
3600
3100
3100
3900
3500
4500
3800
3500
4600
4600
3700
5100
3700
4900
5300
7600
4200
3800
3800
3900
4100
27500
6200
3400
11600
3700
3500
10200
4200
3200
3400
3100
3300
4000
3400
4800
3700
3100
4600
4600
3700
6300
3900
5300
5200
5300
4000
4300
4000
4100
4100
14400
6400
3500
5600
3600
3600
4600
4200
3200
4000
3300
3400
4000
4600
4800
3700
3500
4800
9400
3500
6200
3900
5400
5800
5900
4200
4200
3900
4400
4100
16900
3400
3600
3500
4000
4100
