680300
27500
104500
22800
33600
19700
33200
25500
21500
26900
23500
21400
33800
36000
24100
25100
37600
25900
40200
27000
25200
24800
27700
40700
62800
34300
55900
46800
70500
58800
27300
32400
29100
23500
38100
25400
38100
28100
51700
41100
37300
32500
44800
49700
34800
45000
52600
31500
52800
35200
36700
45500
39900
48200
91300
53600
43000
37300
72800
40900
22400
19400
20000
20800
29700
22700
33900
23500
39700
26300
42000
31100
40400
42400
26200
26100
43300
25800
47800
34600
33300
27900
31500
46700
68100
27000
29900
31700
48500
31600
20900
20600
17100
17800
30400
22800
22400
21700
32300
22500
34900
21100
54200
27400
22000
30200
24700
21200
37100
24000
22600
20100
25900
36100
59700
30900
31300
23600
62900
22800
18500
16300
15500
14200
26000
17200
21100
35800
31100
22900
27200
28900
28200
20400
17300
19100
19100
17000
26200
33800
20200
17800
37900
24100
50500
21500
19600
21500
51100
20900
15200
17000
14100
19400
45900
15400
17800
15500
31100
23900
29700
18800
29000
22600
15200
16300
17900
15000
22100
36800
18400
16900
29400
15700
27200
18800
14900
15700
14700
36500
32800
16200
15700
13800
13200
12600
32000
16800
14300
13500
20200
16900
16500
21500
25400
19500
15500
23000
18600
18200
30500
16600
15200
15900
57000
20900
19900
23500
14700
11300
17700
10500
11000
10200
9600
10500
30500
26600
13300
11700
10900
10700
14600
12600
15900
17200
16200
15000
16200
13200
18600
12700
12100
11400
41900
20200
11100
11100
10300
10500
12300
9800
9300
9700
9900
9400
11600
14600
11200
11600
14700
9700
13200
13000
15700
15300
10400
14200
14600
11100
16800
11000
11300
10000
39700
17400
9400
8700
8700
8100
9500
8900
7700
8500
8300
8000
9800
14700
9700
13400
9100
9700
16500
11300
9900
9400
9500
8900
12700
10700
17500
11400
9900
10200
45100
18500
9700
9000
8600
7900
10000
8000
7300
11300
7300
7400
9300
13100
8900
9200
8900
8200
17300
10600
9700
9200
9200
9100
25500
16800
22800
23000
17100
24600
64800
27300
14800
13900
13100
13100
16000
17800
12200
12700
13400
13000
14600
15900
9800
9400
59200
12900
31800
14700
12200
12400
12600
14500
13800
13000
18700
18400
13400
21200
66200
12000
39100
11100
9500
9200
26400
12200
10600
9700
10000
10300
26600
12000
12000
11000
15600
11600
13100
10500
11000
11400
12900
10800
12700
11300
11600
11900
12200
12600
123600
20400
11000
10400
14900
16300
12800
12200
10900
12600
11100
11300
17100
11600
12300
17200
18100
11800
15200
13600
11600
14400
11300
10500
12500
17900
12600
35700
13800
13000
61800
21400
10900
10200
9600
14200
14000
14300
14000
11300
14400
11100
11300
10600
10200
13900
10700
10700
12700
10900
10700
11200
10900
11000
12700
11200
12200
11100
11300
11000
48700
15500
20300
9200
8900
16700
12400
10500
10400
13200
19500
11100
10400
9800
9300
9200
10100
9900
13700
10300
9900
10100
15900
11100
12000
11400
11400
10900
10900
11700
25700
14900
11400
10000
9000
18100
11700
9900
12300
9700
9500
9500
14800
9400
10500
9300
9700
9600
16600
12300
9800
10000
14700
10000
11600
10600
10400
11100
10600
11100
24500
19000
8900
9100
8800
14200
10300
28800
32400
9900
8400
8800
8900
9600
8300
8300
8600
8700
15600
9000
9300
8900
13700
9900
24000
10000
9800
11500
9800
9300
21300
8200
8500
9000
7500
7500
27200
472300
13200
32400
10700
6600
4900
6100
3800
3700
3600
5500
4700
6700
3400
5900
3500
6500
5700
5500
4800
4800
3400
3400
14100
5900
3500
3700
3300
3200
8300
3500
3200
3100
3200
4600
3800
9600
52300
27500
8100
10600
7300
5500
17500
10000
9700
5500
14200
5700
5700
5300
5500
5400
18400
10600
7800
5000
5400
5000
8100
4900
4600
4400
4600
7000
8700
9000
5400
5300
5400
7500
6600
5500
7200
11400
5500
5600
6000
5400
5500
5200
5100
5600
18700
10700
5000
4900
4800
5100
6000
8600
4600
4500
4900
6300
7200
6700
4800
4900
4800
11100
5800
9100
5300
5300
5000
11800
7100
5600
5200
5900
5300
5200
20500
10100
5400
5100
4900
4800
5700
4500
4400
4200
4600
7700
7300
6600
4600
5200
4900
5900
6000
7800
5800
5100
5000
7900
6600
7000
6100
9700
5400
5400
19100
10100
4800
4800
5000
4800
5400
4600
4500
9300
4400
5400
7000
6400
4500
4700
4800
6400
5800
33200
5400
7700
4600
8700
5900
5100
4900
9400
5400
5000
17900
4900
4900
4400
4600
4200
20400
5000
6400
4300
5600
4100
9700
7600
6600
4200
12900
4500
5900
4900
4500
4600
4500
13100
10800
5100
4700
4700
4600
9000
16800
4400
4100
9600
4700
4900
5900
4500
4000
3900
3700
5800
4700
6200
7300
4200
6600
9100
5600
4500
4300
4500
4400
9200
10600
5700
4600
5300
21900
21300
16000
4100
4000
13000
4400
4100
5100
4200
3700
3500
3500
5600
4300
3900
6500
4300
7400
4000
5500
4500
4300
4200
4200
7700
10200
4700
4300
4400
4300
8600
18000
4300
4000
9400
11700
3900
5400
3900
3600
4100
3400
5600
4600
3900
5500
4200
5400
3900
4600
11300
6800
6000
6600
4400
9900
4600
5300
16000
4500
9300
15900
4100
3800
9000
3900
3900
5400
3600
3500
3400
3400
5000
4100
3600
5400
3700
7000
3900
5300
10900
7500
4000
7200
3900
5800
4400
4200
4200
4300
8500
18600
4000
3600
11200
3700
3900
4400
3600
3800
3300
3500
5700
4000
3400
25200
7800
4800
3800
4500
5500
5400
3700
5100
4300
5000
4200
4400
4200
4300
6700
19500
4000
4100
3900
3900
6700
19100
2600
2100
2000
16100
2300
5800
2400
2100
2100
2000
2100
4500
2300
12600
2400
2300
2300
3200
2300
8900
4300
4000
3800
14600
3100
3500
4100
3500
3300
8300
3500
3500
3700
3500
3300
4500
3800
3600
3400
273200
16500
9700
3800
6500
3700
4200
3700
4800
4100
5200
4000
4100
4000
14300
10100
3700
3500
3500
3500
7100
3900
3600
3800
3600
3600
4400
3600
4000
3900
4800
4100
4800
3900
5400
3900
4000
3900
5200
4100
5200
10600
4100
4000
17400
3400
4200
3500
3400
3700
8000
3400
3500
3400
3500
3200
4000
3400
4000
3800
5000
4400
4600
3600
3700
3600
3800
4100
4800
3900
5400
3800
3800
3900
14000
3400
3700
3400
3300
3500
5000
9900
3500
3400
3500
3300
4200
3700
3700
3600
4800
3400
4200
3700
4100
3700
3800
3900
5000
3800
5400
3900
4300
4200
14300
3800
3500
3500
3300
3800
5200
3400
3500
6800
3700
3400
4500
3600
3700
3500
4300
3700
4400
3800
3800
3800
3900
3800
4800
3900
5500
4100
4100
4000
13400
3600
5000
3800
3500
3400
7100
3900
3900
4900
3600
4900
9200
4000
3800
3800
4900
5000
6800
4900
5700
4100
4000
3900
6800
4300
4200
5400
6000
5700
15100
5200
5600
6600
3700
4000
4800
4200
4000
3900
3800
3800
5600
3900
3800
3700
9300
3900
4600
4100
4200
4100
5200
5200
5100
4300
5400
4200
14400
4100
24800
5600
6100
7600
4000
4400
4900
5400
4100
3500
3700
4800
4300
3900
4200
8500
6600
5000
5900
3900
4000
4100
5100
3800
5000
5300
4200
3900
6800
4100
14900
3500
5500
7200
3700
3800
4500
5600
3700
3600
3600
4600
4200
3500
3900
4900
3800
4900
5800
4000
3700
4000
6200
3900
4900
8700
3900
3800
6000
4200
15300
3800
5900
5500
3800
3700
5100
4000
4200
3700
4000
3600
4300
12200
4300
4000
4700
5300
4900
4200
4200
4100
5100
4200
5400
4200
4400
4100
4600
4000
14000
4400
5700
5300
3800
3800
5100
4500
4500
4100
4000
4000
4200
3800
5800
3900
3900
6800
4700
4100
4100
5000
5500
6500
5800
4200
4100
5600
4500
4200
14600
3500
4800
3900
5900
3700
7500
4100
3700
3400
4900
3800
4700
3600
5300
5900
4100
4000
6700
4200
4100
4200
4200
4400
6600
4400
4100
4800
4300
4600
14500
6100
5800
5700
3800
3900
5400
3600
3400
3700
3900
3500
5300
3900
5000
5100
4800
3900
6100
3800
2700
2400
2600
2400
3400
2600
2500
2700
5400
2400
8700
3200
3300
3100
2200
5800
4200
2300
2100
2100
2300
2100
3100
2500
2600
2300
3300
3800
6100
3300
4000
3800
3800
3800
5000
3700
3400
4000
3900
3800
12200
6200
4900
4800
2800
3600
8800
231600
4200
3700
3700
3700
4600
3400
2500
2500
2700
2400
3500
2400
3200
3600
2500
2300
3400
2500
2400
2600
2400
2600
7900
6700
3300
3300
2100
2100
4300
2200
2200
2000
2200
2100
3100
2500
2400
2200
2900
2400
2700
2400
3100
3000
2500
2300
4100
2800
2600
2500
2500
2700
7300
3300
3100
3300
2200
2200
4000
2400
2300
2100
2200
2300
3100
2500
2400
2500
3000
2400
3000
2400
3300
3500
2500
2300
7300
2700
2700
2600
2500
3000
7700
2400
2200
2300
2300
2500
4400
2600
2200
2300
2100
2200
2800
2400
2800
2300
2300
2500
3000
2900
2400
2600
2500
2400
8800
2600
3200
2600
2600
2400
7600
2400
2300
2200
3000
2300
3800
2400
2600
2600
2200
2400
2500
2300
2900
2400
2800
2300
2800
2500
2800
2300
2300
2300
7500
2600
3200
2300
2900
2800
7700
2200
2200
2200
2800
2200
3400
2300
2900
2300
2100
2100
2600
2700
2400
2300
2400
2400
2900
2600
5200
2400
4400
2400
3700
2500
3100
2500
2400
2600
8000
2400
2300
2200
2100
2200
6500
2300
2400
2200
2200
2600
2800
2500
2300
2300
2500
2900
2700
2500
3100
2400
2300
2300
4200
2400
3100
2400
2900
2400
7400
2100
2200
2100
2300
2100
3400
2400
5400
2600
2200
2200
2500
2600
2400
2500
2300
2300
3000
2500
3100
2700
2400
2400
2900
2700
2700
2600
2500
2500
7800
2100
2400
2100
2100
2200
3300
2600
2400
2300
2100
2100
5400
3100
2400
2300
2400
2400
2700
3500
3200
2500
2400
2400
3200
2500
2500
2500
2500
2600
8100
2400
3000
2200
2100
2400
4100
2900
2600
2500
2300
2300
2600
2600
9700
2800
2400
2600
3100
3300
3200
2600
2500
2400
3400
2700
2800
2600
2500
2600
7700
2300
2400
2500
3400
2300
3400
2600
2300
2300
3200
2500
2600
2400
7200
2600
2900
2300
3000
3100
3200
2700
2500
2300
3200
2500
2400
2500
2500
2700
7400
2400
2300
2200
3600
2300
3400
2300
2200
3000
2600
2300
2800
3200
2500
2500
2400
5700
4300
3100
3700
2500
2500
2300
3100
2500
2600
2400
2400
2600
7600
2300
2400
2300
3200
2200
3900
2500
2200
2300
2800
2400
2600
3100
2700
2700
2400
2400
3000
2500
3700
3000
2600
2500
3200
2500
2400
2500
2400
2600
8100
2200
2200
2400
3400
2100
9500
3600
2700
3400
2600
2200
2500
5900
2600
2400
2300
2400
2800
2500
3400
2500
2600
2500
3100
3300
3600
2600
2600
2500
7300
2200
2400
2100
3000
2200
4600
2500
2200
2200
2700
2400
2500
3000
2700
2400
2300
2400
2900
2500
3300
2800
2600
2500
3800
3500
3600
3100
3000
2700
9200
2600
2200
2500
2200
2400
