801300
12600
7200
5100
6600
4300
4300
4000
9900
4700
5000
4400
5900
3700
6900
5200
6000
4500
4500
3800
5700
4200
3600
4000
6800
4200
5300
3300
3500
3600
4500
8200
3900
3300
4800
3100
3300
2900
4500
2900
3300
2900
4600
3300
2900
2800
4300
3000
6300
4100
3200
2700
3200
3500
2500
2900
2900
2700
2500
5900
2600
2700
2800
2500
2900
4600
2700
2600
3100
3000
2700
2500
9000
5800
3800
3800
3000
2900
2900
2600
2900
2700
2600
2900
2600
2700
3400
2500
3400
5600
2900
2500
2700
3000
2700
3500
8400
5400
4500
3900
4000
4800
3900
4200
4000
3400
3700
3300
7600
3800
3500
3100
3100
3300
5200
3300
4800
3800
3500
32100
7600
4900
4200
3600
3700
3200
3000
10000
3900
3100
3000
3200
3700
3500
3100
3200
3400
3100
3100
3200
4100
3300
3100
3000
8400
5000
3600
3400
3500
3100
3600
3100
3200
3100
3000
3800
3500
3800
2800
3200
3000
3100
3100
3100
3100
3100
3100
2900
8300
10400
5000
3900
3100
3000
3000
3400
3000
2900
3100
3600
3200
3600
4100
3200
3200
2800
3100
2900
3100
3500
3300
3000
7900
4900
3700
4200
3000
3000
3000
3200
3200
2900
2900
2900
7500
3900
3200
2900
2900
2800
3300
3200
3000
5000
3000
2900
12100
3400
2700
3000
2500
2200
2300
2100
2500
2400
2200
2300
2300
2300
2700
2400
2200
2200
2300
2700
3200
2500
2700
2300
