875400
10500
6100
4600
6500
4100
4400
3800
10100
4900
4500
8400
5800
3700
5600
4800
6600
3700
4300
3600
5400
4100
3900
3700
6600
4400
5600
3200
3300
2900
4400
2700
3100
2800
3900
2700
2800
3000
4200
3100
3000
2700
8300
3700
2900
3000
4500
3200
11200
7200
4300
4200
3500
4400
2900
2800
3800
3300
2800
2700
2800
3300
2700
2700
2800
3600
3300
2800
2700
3100
2700
3000
10400
6700
4700
4500
4100
4400
3900
4900
4100
4500
3400
3400
3200
4500
4100
3600
3700
3900
3500
3700
3400
4500
3600
3200
13300
6100
4700
4400
4000
4000
3800
4300
8000
4300
3700
4400
3900
3500
3500
3500
4100
3700
3400
3800
3700
3700
3700
23500
8300
4800
3700
3500
3900
3700
3000
13200
4300
3200
3500
3100
3200
3200
3600
5000
7400
4300
3600
4000
4100
3300
3200
4200
8800
4900
3900
3700
3800
3400
4500
10600
4600
4000
4800
3600
3600
3600
3500
4000
3500
4700
3900
3900
4800
4100
3400
3400
9200
6700
6100
4500
3700
3600
3300
4100
3800
3400
4500
3400
3400
3600
4600
3100
3200
3800
3900
3800
3400
3100
3400
3000
8600
5600
4200
8100
3600
3300
3200
3600
3400
3300
3200
3000
6700
3800
3100
3000
3100
3100
3300
3000
3100
3000
3000
3000
11500
4900
4800
3900
3500
4200
4000
5800
3100
3100
2900
2800
3100
3000
3100
3300
3100
4800
3000
3000
3700
3400
3200
2900
