717800
10600
5900
5100
6700
4100
3800
3600
11300
3900
7900
6200
6500
4200
6800
5000
6200
3800
4800
3900
5800
5100
3800
4200
7100
4100
5700
3300
3200
3300
4600
10400
5300
3200
4600
3200
2900
5200
4900
3000
7400
3200
4500
4400
3200
3200
4400
2900
5800
4100
3100
2900
3100
3200
2700
2600
2800
2900
2800
2500
2500
2900
2600
2800
2700
2900
3000
2700
2600
2800
2600
2900
9400
6100
4800
4000
5200
4700
3100
2800
5200
2700
3100
2900
3800
2800
3300
3400
2700
2900
2600
2500
3300
3000
2500
3400
9000
5300
4100
3800
3900
3900
3500
3500
3600
3800
7600
4100
3300
3200
10600
3900
3600
3200
3500
3400
3800
3400
3500
3500
9100
5200
4300
4200
3900
3500
3600
11800
3900
3300
3300
4400
3500
3100
3300
3100
6400
8600
4300
3400
4200
3300
3500
3900
8700
5200
4800
4100
3800
3500
3400
3200
3300
3500
26800
5100
4800
3600
3200
3400
3200
4300
3400
3200
3800
3800
3200
3100
15300
5000
5100
8400
3500
3100
3000
3000
3300
3000
3800
3600
3700
3100
3000
3100
3600
3700
3100
3400
3200
3000
3200
3000
10500
4100
3800
2700
2900
3300
3000
7000
2900
2800
2800
2700
4100
9700
2900
3300
2700
2600
2600
2600
2800
2600
2800
2600
11500
4100
3500
3900
3100
3100
2600
2700
2800
3300
2700
2600
2700
2600
2500
3000
2600
2700
2900
2700
2700
3200
2600
2600
