773500
9100
8800
5200
7400
4400
6100
9600
9500
4500
4000
4400
7100
5200
5500
4300
6100
4000
4800
4600
6000
4500
4300
4000
7700
4700
5400
3500
3700
3600
4500
3000
3000
3000
4400
3000
2900
2900
4500
3200
3800
2900
4600
3500
3000
3400
4600
2800
9700
7100
4800
4700
4600
7000
4700
4400
5100
5200
4600
9700
5100
5300
5400
4900
5900
5600
5600
4600
4700
5100
4600
4000
9200
5400
3600
3800
3100
3300
3100
2900
3000
4100
3500
3300
2900
3200
3700
2900
3200
3500
3100
2900
2900
3500
3200
3400
6500
4100
3300
3000
3000
3100
2800
3600
6100
2900
2700
3000
3100
2800
3000
2800
3000
2800
2800
2800
2800
2700
5900
3200
6200
4500
3400
3100
3000
2800
3000
9000
2900
6100
3200
2900
3000
2700
2800
3000
2700
2900
2700
4100
3000
9600
3400
2900
6300
4000
3000
3000
3800
2800
2700
2700
2700
2800
3300
3800
2800
3200
2700
2700
2600
2600
3000
2700
3000
2800
3000
2800
6200
3800
3400
3100
2700
2900
2600
2500
2700
2600
3100
2700
2600
5300
3000
2800
5800
2700
2700
2700
2700
2600
3500
2800
9100
4200
3800
3000
2900
2700
2700
2600
2900
3200
2800
2700
4000
2600
2900
2600
2600
2700
3200
2700
7400
2700
3200
3400
27000
12400
3200
4200
3000
2900
2700
3400
2800
4600
3700
6500
3600
3000
2700
2700
2900
2700
2700
2900
2700
3200
2800
2700
