1163100
12000
8800
9700
11800
6500
60000
12200
8900
4400
4300
4400
11000
5200
4500
3900
6000
3800
5500
4000
5700
5400
4500
4100
9000
6500
7800
5900
5500
4500
7200
5700
5100
4600
7300
4900
5600
4500
13100
5400
4900
5400
7400
6000
4300
4300
6800
4300
9800
7500
6000
5300
5600
10500
5000
5900
5600
5700
4700
4300
5500
5700
5700
4900
5600
5600
5500
4800
4900
4900
4400
4200
10700
7200
5300
7500
5100
4600
6100
4700
4600
4900
4200
3800
5000
4900
5200
3900
9000
4700
4100
4000
4500
4700
3800
7000
9600
6400
4800
4100
9000
4000
3700
3500
5400
7900
3900
4700
4100
3400
4200
3800
3900
3600
3600
3700
4200
3800
3700
21200
10500
5600
4100
3900
3800
4000
3500
11000
4700
9300
4300
4100
4700
4100
3600
3400
3500
3600
3800
6700
4100
3500
3200
3200
10900
5800
4300
4500
4200
4300
3600
3400
3700
3400
3100
4800
3800
3700
3400
3200
3500
3400
6600
3800
3800
3700
4000
3500
9700
5600
5500
4300
4100
9000
3900
3400
3900
3500
3500
4300
3400
3200
3600
3300
3700
5100
4400
3900
3700
3500
3700
13600
10700
5400
4100
4100
3800
3400
3400
3300
3300
3200
3300
3200
5500
3200
3200
3200
5100
3300
3400
3200
3600
3400
3200
3200
11100
5600
4000
3500
3900
2600
2700
2400
2600
6200
2600
2500
3500
2900
2600
2600
2900
2500
2500
2600
2800
2500
2500
2400
