1083400
13200
8000
7000
9600
6900
5700
6100
16100
5800
5000
4800
7900
4700
7300
4900
8400
5300
5700
5000
7700
6000
4900
5000
6900
4300
5200
3900
4100
3500
4900
9900
5800
3400
4900
3700
3200
3400
10900
3200
1184700
12300
7300
5300
3500
2900
4300
3500
9000
6500
4800
4500
4400
5600
4600
5200
5300
5200
6700
3900
4200
4700
3900
3600
3600
4200
3700
4200
4100
4800
3900
3800
10200
9600
4900
5100
4400
4700
6400
4300
3800
4100
9200
3600
3700
4100
4500
4300
3800
4200
3600
3700
3800
4000
3500
4200
10600
5500
4100
7300
4300
3600
3400
3300
3500
3600
13900
7100
4300
3800
3900
3600
4000
3900
3700
3600
3700
3500
3600
3800
14700
5300
5100
4200
3800
3500
3300
9300
3700
4100
3500
3400
3600
3600
3300
3200
3900
3300
6900
4200
3600
3800
3400
3200
8700
5900
4400
4000
3700
3700
70000
11200
6900
4900
4100
5900
4300
3800
3900
3100
3800
3300
3200
3300
3500
3900
4000
3700
9900
4800
5600
423600
11200
3500
3200
2700
2700
5300
2700
2500
2600
2600
7200
4300
3500
2900
2600
2500
3000
2500
2500
3400
5900
3100
2300
2300
2100
2500
1900
2300
2000
1900
1800
2400
6600
2300
2200
2400
2400
2400
1900
2000
2700
7100
3300
2100
28400
3900
3200
2700
2400
2200
2000
1900
1900
8900
2000
2200
2500
2100
2100
2200
2000
2100
2000
2100
2000
2200
1800
1900
