721600
9600
7500
4900
7200
4200
4000
4400
10400
3800
3700
4200
9400
4400
5900
3800
6000
4000
4500
3800
6700
4600
3700
4100
7000
4100
5800
3800
3600
3100
4600
2900
4000
3100
4500
2900
3500
2900
4900
2900
3200
2900
4600
3400
2900
3000
4400
3100
9900
4800
3600
3300
3100
4500
2900
2900
3200
3300
3000
2800
3100
3300
2800
2900
2800
3200
2800
2900
3000
3400
2900
3000
6500
8200
3300
2900
3100
3500
4300
3000
4900
3200
3000
3200
2900
3100
3200
2900
3900
3500
2800
2700
2900
3100
5100
2800
6700
3800
3000
3200
2900
2800
2800
2800
4400
3300
2700
3200
2700
5900
2800
2600
2900
2700
2600
2600
2700
2700
2900
2800
6000
3600
2800
2600
3000
3100
3200
9000
3100
2700
2600
5600
2700
2600
4000
2800
2700
3200
2700
9100
3000
2700
2500
2800
5800
3600
3000
2700
2600
5800
3000
2600
2600
2700
2500
3300
2600
2500
2500
2600
2500
2600
2600
2700
2600
2700
2900
2700
7300
3900
3700
2900
2700
2700
2700
2900
2700
2500
2600
3500
3200
2600
2600
2700
2700
2600
2600
2600
2600
2600
2600
2800
6400
8100
2900
2500
3100
2700
2900
2600
3200
2600
2700
2800
3700
2600
2600
2600
2700
2500
2800
2500
2700
3000
2600
2700
6100
3700
3400
2800
4000
4000
3100
2600
2700
3100
2800
2700
2800
2600
2900
2900
2600
3600
2800
2600
2600
2600
2600
2600
