722700
9400
6100
5000
8700
4300
4000
4000
11200
4100
4800
5500
6000
4900
6400
5500
6300
3700
6000
4400
5800
4500
3800
3800
7000
4800
6200
4200
3900
3800
4700
10900
4100
3300
7100
3700
3200
3400
10200
3000
3400
3100
5000
3600
2900
3100
4500
3200
6300
4600
3500
3200
3400
3500
2900
2800
3100
3400
2900
2800
2900
3800
3000
3000
3700
3400
3000
3300
3100
3200
2900
2800
12000
7800
6100
7900
4800
5000
3800
10600
4000
4400
4300
4400
4900
6800
11500
4000
4300
4600
4400
4100
4300
4400
5400
4700
8500
5300
4400
3700
4400
3400
4100
3500
3500
3400
7400
4200
3800
3300
3300
4900
3900
3700
3300
3300
3700
3500
3300
25800
9200
5300
4000
3600
3400
3400
3300
10600
3600
3000
17100
10400
6100
4600
4500
9700
5400
10400
3600
3100
3700
3300
3300
3300
8100
5200
4200
3700
3900
3400
3400
3300
3300
3200
3900
3300
2900
3200
3100
3000
4000
3200
3200
3200
3500
4200
3300
3100
6800
3700
3900
3300
2600
2500
2500
2200
2600
2600
3000
2300
2500
2300
2400
3300
3000
2400
5500
2800
2600
2500
2400
2300
10600
4100
4000
2600
2500
2200
2200
2100
2300
2100
2200
2800
3100
2800
2200
2600
2300
2300
3900
2100
2400
2200
2200
2200
7500
4600
6500
3900
3100
3000
3300
6200
3200
2900
3000
2900
3300
2900
3000
3000
3000
2900
3400
3400
3100
2900
2800
7500
