736100
8800
7900
5000
7000
8100
4100
3900
10900
4900
4900
5200
7300
4100
5700
4900
7100
4300
4700
4200
5700
4700
4000
3900
7100
4300
6800
3900
4200
3500
5100
3600
3300
3200
13200
3600
3700
3600
4800
3600
900400
5500
5200
4300
3800
3000
4400
3200
7200
4800
3300
3500
3300
3900
3700
4000
3700
3500
2800
2900
2900
3500
2900
2700
2700
3100
2800
2700
3300
3200
3300
2900
10000
6600
5000
4400
4200
4900
4100
4000
4100
4200
3500
3500
11300
3400
3500
3100
2900
3300
2700
2600
4000
3700
4400
3100
10000
5400
4400
4300
4600
8200
3900
3600
3900
3500
3500
3300
3700
3900
3900
4100
5000
3800
3700
3900
3700
4300
4000
3500
13000
6000
4800
11600
5600
4200
12200
11300
4800
3900
4000
4200
3900
3700
3700
3600
6400
4600
3600
4200
4100
4000
3800
3500
10100
6300
5000
4600
4200
3700
4300
3700
3800
3600
8700
3700
4100
3600
3800
3700
3500
3500
3500
3600
4000
8600
3400
3400
13000
5100
4600
8000
3500
3700
3200
3100
3100
3300
3700
3700
4000
3200
3000
3100
3400
3800
3400
3200
3400
3300
3100
10000
12200
4800
3800
3500
3300
2800
2700
2900
3400
3000
8900
3600
5100
3600
3200
2900
2900
2800
2700
2800
3000
2800
2700
3100
17800
4000
2300
2800
2100
1900
1900
2200
2200
2000
6600
2300
2000
1900
2300
1900
1800
2000
1900
2100
2200
2300
2100
2100
