907600
8700
5800
5000
8700
4300
3700
3600
10200
5400
4500
3800
5500
3900
5400
5100
6100
3900
4500
3900
5500
4400
3600
3600
7100
4000
5500
3500
3200
3100
4100
2800
2900
2800
4000
2800
2700
3100
4300
2800
2900
2800
10500
3400
2900
3600
5400
3000
6800
4700
3600
3000
2900
3900
2700
2600
3000
3100
6800
2800
3500
3300
2800
2900
3500
3200
2800
3100
2900
3300
2700
2700
8100
4700
3500
3200
3300
3500
2800
2800
2900
3300
3400
2900
3300
3100
4000
2900
2700
3400
2800
2700
2700
3200
2900
2700
9800
5400
4600
4500
4000
7800
4700
3900
6200
3800
3500
4100
3900
3500
3400
3400
3500
3800
4200
3800
4700
3900
5000
22700
7700
3900
3300
2800
2900
3200
2800
8500
3800
2800
2800
2700
2700
2700
4600
3000
2800
2900
2700
2800
2700
2800
3000
2700
6300
4000
3600
3000
2700
2700
2800
2700
2600
2500
3000
2500
2500
2700
2500
2700
3300
2600
2600
2800
3100
3100
2600
2600
9800
5700
6100
4500
3700
3400
4100
3600
3500
3200
3800
3400
3300
3300
3100
3700
3700
7400
5200
4200
3800
8900
3500
4600
22200
8200
4200
4400
3200
2800
2900
3500
2900
2600
2600
2800
4900
3400
7600
2800
2900
3000
2900
2800
3100
2700
2900
2900
14200
5300
5700
3900
3700
3700
3400
3200
3500
3200
3500
3200
3600
3100
3400
3400
3300
3200
3300
3100
3200
3200
3400
3400
