733500
9200
7800
5000
7200
4500
4300
3900
10900
4200
4000
4700
7200
4500
6200
4300
6200
4200
4600
3700
5600
4800
4400
3900
7700
4600
5600
3900
3400
3100
7600
4200
3500
3000
4900
3000
3600
3100
5100
3000
901000
4800
5000
4300
3200
3700
5200
3300
7100
4800
3500
2900
3200
3800
3000
2900
3300
3600
2700
2800
2800
4100
3100
2900
2900
3100
2800
2900
2800
3000
2900
2900
10400
7100
6100
4800
4400
4800
4500
4600
4300
4700
4800
4300
6000
5700
5300
4200
4200
5100
4300
4000
4300
4900
4400
4400
14900
8200
6400
5600
7300
5700
5300
5000
5300
5500
5200
5500
5800
9800
5900
5400
5800
12300
6100
6000
6300
5700
5700
38100
8700
5700
4800
5800
3500
3500
3400
10000
8500
4700
3500
3300
4100
3900
3800
3600
3500
5700
3700
4200
3900
3900
6600
5000
12000
6200
4800
4300
4800
3800
3700
3700
4300
3800
5200
5100
4400
4400
3800
5400
4700
3900
4500
3900
4100
4500
4700
4200
12600
7000
7000
27900
5400
4900
6100
4500
4800
4600
4700
6700
5400
4200
9900
5300
4400
4200
4200
4200
4200
4600
4400
8900
13600
5200
4200
5200
4100
3600
3500
3500
4500
3400
3900
3300
4200
6900
3600
3300
3400
3100
3100
3300
4600
3600
3400
3400
10600
5500
4600
3800
12100
3700
3600
4700
6200
3800
3300
3600
3800
3400
8000
9600
4000
4400
3200
3300
4700
3500
3600
3400
