856500
35700
27700
23700
47400
30200
38900
25100
43900
27100
157900
29300
41500
30900
39100
33000
43500
29600
34800
34400
25000
20600
14400
21000
28600
36900
28700
25000
42300
26600
67400
53700
51900
29300
38700
32000
49500
31700
46300
27300
18500
18100
12800
12100
32400
19000
15600
13000
20400
18500
32300
29300
31700
18200
28500
21000
32000
19300
19800
20400
19300
12000
16300
11400
23300
15000
15500
12800
17900
14000
14600
14200
916900
28400
26300
16700
27400
16200
16300
23100
13500
13700
17000
10100
24100
13100
13900
10800
20800
12800
13100
13000
23900
13100
22000
29300
27200
17800
14500
11800
9300
8200
7700
10000
18200
10000
17000
10100
14000
10600
11500
12100
14800
12000
19500
23300
32500
14000
24700
12600
21400
17300
15800
14500
16500
15300
15900
23400
17400
16400
15900
14700
17800
16800
15500
15200
55700
13400
16900
99700
28800
35800
92600
103200
38100
21800
16900
22600
14400
14000
12900
13200
14800
15000
12700
12300
51400
12000
15300
10700
14200
12100
18900
12900
13400
19000
11900
11000
13700
13200
16100
11500
18000
14400
14500
12700
41300
10500
16600
10200
19700
11600
10900
11100
11700
13100
11500
11200
14900
17200
11700
11300
12800
13200
11300
12300
38600
10700
13300
9800
13600
25300
18100
12100
14100
12400
11900
18700
13100
11900
11500
11500
12900
12100
11400
11900
50700
10400
11700
9700
17600
11100
10600
10600
11800
13600
21000
17700
14800
13200
12100
11500
13300
13100
11400
9900
36400
11400
10900
9100
15500
10700
9300
9000
10500
15300
10400
9300
23000
9800
9200
11300
11300
16900
11400
13800
32500
9400
9000
15000
11300
9200
8800
9100
10200
10200
9300
8700
10500
11400
9100
9100
11400
14700
10200
9900
34500
13900
9300
14100
10400
9300
8800
9400
10800
9000
8800
9100
15600
9300
9100
9100
10700
15400
11000
10200
25500
9300
8600
19600
11500
10000
9500
8700
9300
9400
8800
9300
9900
11100
10600
10700
9800
12700
8700
8000
22700
8000
6800
12100
9200
8300
10900
7400
7600
7300
7200
7200
7900
13000
9000
9100
9100
8400
9300
8500
24000
7600
6700
12000
8800
7200
7100
6700
7800
7300
7300
7100
7800
12000
8400
7600
8700
7800
12500
7900
24800
14800
7900
7000
11100
9500
17500
12900
11100
15000
8700
8800
20000
9700
8400
8100
9700
9200
8000
17600
25800
20500
8800
16000
11600
8600
10800
10800
9400
14500
8600
7600
24100
8700
9100
7800
95900
46600
8100
35600
28500
17800
6100
13300
21000
10800
12300
10800
9900
8300
16500
19600
22000
16900
11400
10400
12200
9900
9700
27000
39600
22800
13300
19200
29900
10200
12000
12700
10200
9600
17500
20700
11800
25400
12000
13100
11500
10400
17700
25700
23600
25300
9500
19300
13900
9800
11700
11000
10500
8700
21100
19800
11200
24500
11000
9700
23800
10000
9800
9900
17400
32200
9800
22200
15200
9700
14300
11700
10100
14100
17600
15200
11600
18900
9700
9200
23100
16700
10800
9000
19400
7500
7100
28300
19500
15600
16500
16400
9100
7800
8400
7800
8400
11400
8400
11500
9400
8700
8900
8600
33100
8900
7500
7900
9400
12900
12900
14400
9400
8300
8400
8700
9300
10300
9300
9300
11900
9900
9500
9400
27500
9400
7500
9100
16200
7800
9000
9100
9300
13200
12100
9100
9900
11100
8800
8000
13400
9400
10000
8500
26400
9500
7900
7700
9300
9800
8800
8100
8700
12700
11300
8200
9000
9100
8100
8200
9700
8800
8600
8700
28400
10900
5800
5800
6700
5700
6600
6400
6900
12600
10100
6500
7200
6600
6500
6100
7300
13200
6200
6200
19900
7100
5300
5300
6900
5600
8300
7500
6600
21200
10700
6300
7100
6400
6100
9700
7000
6400
6700
6200
13100
5700
5300
5300
34400
7500
11700
16000
11400
8100
5700
5300
6300
5400
5300
5300
7600
5300
7700
5200
20400
5100
4900
11500
6200
8500
5900
10500
9300
7800
5400
5500
6200
6000
5500
5400
6500
5300
5200
6000
56000
8300
6100
5300
6700
10400
5900
4900
5600
6600
5600
10200
13500
5700
5600
5300
7500
5900
5700
5300
12600
5200
5100
5200
5900
6300
5100
4800
5400
7300
5500
13700
10100
9000
6300
5600
8000
5900
6400
5800
23700
5900
5300
7400
6300
5600
4700
4700
5400
10200
5300
8300
8400
7000
5700
5400
6100
5500
10100
5200
11500
5300
4800
4800
6800
5200
4900
4600
5100
7000
5000
6400
8000
6900
5200
5200
6600
5700
5200
5600
11600
4900
5100
4700
13600
4200
3400
3500
7400
3400
3400
3500
5100
3500
3300
3600
4000
3500
3500
3300
7400
3400
5100
11200
6300
4700
5800
4700
8300
5100
5100
5300
6300
5300
4700
5100
5800
5100
4900
5400
11700
5900
8400
7700
7700
5100
5700
4900
5500
5100
5000
4900
5900
5000
4900
5000
6200
5000
4900
5100
13600
6400
33900
8100
8200
4400
4700
4100
4500
4400
4700
4300
7400
4600
4600
4300
5200
10200
4500
4400
11400
4200
7100
9500
5400
4100
4400
4100
4300
4500
4200
4500
6900
4500
4300
4700
6000
5300
4400
4500
10900
4300
6500
7500
6100
6300
5900
4300
4700
4400
11300
4300
31800
4400
4700
4400
4500
4900
3800
3900
11300
3500
7900
3700
21900
5800
2200
2000
2600
2800
5000
2100
3500
4100
2400
2200
5200
2400
2400
2200
8300
2100
2100
2500
3100
2200
2000
2000
2500
2400
2300
2000
2600
3000
2200
2100
9700
2300
2300
2100
7100
2200
2300
2100
3200
2000
1900
2200
2700
2300
2200
2200
2600
2800
2200
2100
4000
2300
3300
3400
7100
2000
2000
2500
2900
2000
2300
2300
2300
2100
2300
2300
2300
3100
2300
2700
3400
2300
2400
2200
6700
2600
2600
2100
3000
2100
2100
2000
2200
2200
2200
2200
2500
3200
2500
2300
2500
3500
7100
2300
6800
2000
2000
2100
2700
2200
1900
1900
2100
3700
17900
3300
3600
12400
4000
3500
4100
5600
3400
3200
11700
3400
3300
3100
6500
3900
3100
3100
4000
6700
5100
3700
8600
4000
3500
3400
5300
7900
7200
10100
11000
3800
3200
3200
4300
3600
3400
3400
3600
5900
6100
3500
32000
3700
3500
3300
4800
7400
7100
3500
11000
3500
3300
3400
4300
4500
4200
9400
3600
3200
3400
3200
7700
3900
3500
3600
4700
7200
6900
3500
10400
3400
3400
4000
4100
4300
3700
3700
3800
9300
3300
3400
4000
7600
6100
3800
4300
7200
7100
3700
10300
3400
3200
3400
4300
4600
4100
4300
3600
3500
3500
3500
3900
6900
6200
3700
9600
3800
4200
3800
11900
4100
3500
3400
3600
4100
3300
3200
3500
3600
3300
3300
3700
5600
5200
3400
8300
3800
9700
3600
12600
7300
6900
4100
6000
3200
3100
3200
4300
5200
3700
3500
4200
3600
3400
3800
6800
8400
3600
3600
9900
3300
3400
3300
4100
3200
3000
4800
3700
4400
3300
3600
4000
3300
3300
3600
6900
3700
3700
4500
9800
5100
3300
3300
4200
3300
4600
3900
5000
3400
3400
3300
4000
4000
3200
4800
28900
3900
3900
3800
11200
3400
3200
3500
4000
4700
3100
3400
4400
4700
3400
3500
4000
6000
3600
3700
6700
3700
3500
3500
12100
3100
2800
4600
3800
3200
3000
4800
4300
3500
3200
4600
3900
4600
4200
4700
4200
3600
3500
4800
9700
3200
4400
3300
3900
3300
3100
4600
4100
3400
9200
4400
3700
4600
4600
3400
4000
4300
4600
3700
11200
4700
3300
3400
