779000
28600
17900
101700
30200
19600
39200
19500
922700
26200
32600
22000
32300
48700
28100
34900
31300
25600
25700
22800
16700
19300
16100
17300
21000
26800
19700
16700
26700
18300
41300
24900
30900
22000
20900
32400
35300
23300
27200
23200
14100
15800
13600
13200
18400
26900
19800
33800
25700
17700
31500
22900
29100
21700
17600
44800
31300
20100
19300
18900
13800
17200
13700
13700
15500
16500
16000
22300
25400
15000
16300
15400
22400
16200
14300
27800
27900
16900
24000
16400
12600
16500
14700
11900
13700
13000
14700
34700
19300
14300
15400
15500
19300
15300
39000
18500
21600
17600
15800
15600
13300
13200
28200
14600
19400
11900
13400
21700
15800
12900
13600
16300
15500
14400
24300
16400
18300
14800
16900
30300
78100
20900
16500
16800
18600
18600
17400
32100
27100
17200
14300
20700
21100
20700
19300
15800
55100
28000
13200
11400
14200
20600
13500
13000
18500
14000
12300
17300
17400
15200
12900
12800
22400
17600
14800
17200
39100
317300
16400
12800
11600
9600
15000
15200
10500
16900
12000
10700
14900
12000
10800
9500
18700
19600
10900
12100
35000
16300
10400
10200
13200
10000
13000
8700
9600
10100
14700
9000
10400
11000
9900
9600
11400
17200
11100
13100
35900
23100
10700
12100
11000
25700
11900
10200
11400
10100
9400
9800
9900
18700
9600
10300
17500
12900
10800
10300
31300
15300
11800
9900
10400
9100
8500
8300
10100
10400
23800
10100
10700
15000
10200
9600
16900
12900
11500
9400
34200
8900
8600
8200
12400
9000
8000
10000
11400
10300
13400
12400
10500
8600
13200
9600
19000
11200
9200
15500
31500
8900
11500
11700
11000
10400
8500
9700
8900
7600
7200
11400
9600
9200
12600
9400
16400
10000
8900
14600
30400
9300
8900
7800
7900
7000
10200
7200
8500
8000
7200
7200
8900
40400
13500
7200
19900
7900
6400
12200
34400
6900
6500
6300
13900
6100
9100
6700
6300
5800
5600
6600
6400
6300
6100
11400
18900
10900
9000
15200
26900
6000
10000
5900
7200
5900
16600
8900
9300
8400
8700
8200
9000
8400
8900
17900
11200
10800
20000
11000
41700
9200
8800
9100
9800
8200
9600
8800
8600
8400
8500
8200
8900
14100
8600
13900
11100
9900
19900
17700
35600
10500
8700
18400
17900
6900
5700
5400
9300
5500
11500
18300
7900
8900
5500
5800
6700
5900
5600
5900
10600
5200
9200
12200
7600
7600
5300
5700
5800
5200
5300
5200
10400
5400
5400
5600
6100
9700
8600
9100
15900
8100
13400
11900
14300
10700
9100
7700
11700
8400
7700
8200
10400
16400
7600
5700
6100
5400
7800
9800
12200
4700
8900
8100
7000
5600
4900
5000
7100
13200
32300
27900
9200
10800
8400
7800
11600
8400
8100
8400
17500
6500
13300
12000
9200
16400
30600
8200
12400
12800
8400
7900
8100
7500
7600
12500
11600
7800
7900
8700
16800
6500
12600
19200
8700
12200
6600
6500
16500
8200
8100
8800
7700
7800
7400
7200
8400
10100
8400
7700
13700
6600
6900
6300
10200
7300
7500
6900
8400
7400
8100
7300
8500
10900
8200
8200
8900
6400
8200
8000
21000
6500
7100
6500
17800
7700
5100
4800
5600
5300
4800
5900
8800
7200
5600
5900
15500
5500
5200
4700
12500
4300
4200
4600
5400
6100
4700
4600
4900
4800
4800
5100
5500
6500
5500
5900
5600
5300
5100
5100
12700
4200
4100
4600
5600
4600
5100
4900
5100
5000
4800
4800
5500
5300
5200
4900
5800
5200
5300
5100
12900
5100
4300
8900
5000
6300
4700
4600
15000
4800
4700
4800
5800
5300
4800
4700
5200
6500
6700
5200
13500
4100
4200
4100
4800
4600
4700
4300
4900
4600
4900
4500
5900
5300
4800
15900
5200
6500
8900
4700
11900
4200
4100
3700
6900
4600
4300
4200
4900
4700
4400
4400
5000
9400
4300
23300
6100
4700
4900
4700
19300
3900
3700
4000
5900
4900
5300
4900
5600
4500
5200
2900
3300
5100
27400
15400
4800
3500
3800
3900
19300
3900
3800
3800
4800
3500
3700
7200
4300
3700
3900
3600
4700
3800
3900
9300
4800
4100
3900
4400
17700
4100
3700
3500
6400
5600
3900
3500
4300
4100
4000
3500
4200
4100
9700
3800
5100
4000
3900
4000
20600
3600
3700
5100
4500
3700
3600
3400
4000
5700
3800
3500
4100
4100
3600
3700
4200
3900
4000
10200
17500
3800
3900
3600
6300
9700
3300
3500
4100
3700
3700
3500
4800
4000
3700
4000
4700
4000
4300
10900
11500
3600
4000
3700
5500
4100
3500
3400
5200
3800
3800
3700
8700
6600
3600
8200
5100
4400
7100
4200
12100
3700
3700
4200
4400
3400
3300
3700
4100
4400
3600
3500
12100
6100
3600
3600
4800
3600
4000
3900
11600
11400
3500
3400
4200
3600
3600
3600
3800
11500
3600
3700
7800
5700
3800
3700
4600
3900
7900
9800
11900
3600
4500
3400
4100
3700
3600
24500
4400
3800
3800
3600
4100
3900
3800
3800
4600
7700
4200
3800
11200
4300
3700
3400
3900
3700
3300
3800
2900
2300
4700
3600
3800
3400
3400
3500
17400
7600
3700
3600
11000
3300
3300
3200
4300
3300
3100
3800
3900
3400
3400
3200
4200
3800
4600
3800
15000
6700
3600
4400
11600
3500
3700
4000
9600
3900
3300
3400
7800
3500
3500
3400
4300
3600
3700
18500
5500
3800
3700
3800
12100
17900
3500
4100
4500
5600
3400
3100
7200
3300
3200
3200
4300
3200
3200
3400
4500
3600
3600
4200
15000
9100
5900
5200
3200
6800
2100
2000
11700
2800
2100
2300
2600
2100
2000
2300
2600
2300
2300
2200
6000
5400
2100
2100
2900
2400
2000
1700
3400
2500
2100
2100
4400
2500
3200
4200
4200
3500
3400
3600
9800
15300
3400
3500
3700
4200
3100
2800
6200
3500
3400
3500
7000
3700
3900
3300
4400
3800
3500
3900
10900
8700
3500
3500
3900
3500
3700
3300
7100
3900
3800
3400
8500
3800
6300
4100
4500
4000
3800
3800
10200
3500
3500
3400
18500
4300
3200
3200
4000
17200
3900
3500
4800
9400
6900
3600
9100
7500
4500
4100
11800
8200
3400
3500
4900
7600
3100
3200
3700
10000
4300
3400
4000
3700
7200
3500
8300
7200
3700
3800
11100
3400
3500
3400
4300
4600
3000
2000
3700
2400
2900
3100
49200
5700
23300
4000
10000
12100
4300
4200
12800
3800
3500
6700
5700
5900
4000
3600
6800
3900
3700
3700
24000
18100
4100
4300
10700
13300
3900
3800
11100
3400
3400
3400
4800
5000
3200
3300
10600
3700
3600
3800
4500
6900
5600
3800
4700
3900
7500
4200
13000
3500
3500
3600
4200
3900
3200
3300
5000
3900
3400
3400
4100
6000
3800
3800
4700
3900
6400
7800
14600
6800
3600
4000
8200
4200
4900
3600
5600
3800
3500
3500
7500
3700
3900
3800
5000
4100
7500
3900
11100
3500
8300
7500
4900
3600
3200
4600
5900
3500
6700
3900
6700
3800
3800
3800
4500
3800
7600
3700
10800
3700
7700
7800
4600
3500
3200
4300
5600
3700
10200
3600
6800
4200
3800
5800
4600
3800
7100
3700
10600
3500
31400
5700
4800
3600
3400
3900
5500
3900
5000
3700
5500
3700
3600
3600
4700
3800
6000
3700
10100
3700
5300
6500
4700
3400
3600
3700
4400
3500
4300
3900
5500
3600
3800
3700
5900
4000
3900
3900
12500
3500
5600
5700
4500
3400
4500
4100
4800
5100
4800
3700
6800
4000
4100
4000
7800
4200
5500
4100
11600
5000
6000
3900
