884600
22000
15700
14800
21300
101700
34800
18900
46200
22000
22600
21200
39700
28200
20700
31300
40900
22900
29100
25100
16400
12900
17000
18200
21000
32400
25500
17600
45100
19800
26400
22400
36600
21400
20400
32600
52500
25700
25300
22500
17200
14700
34100
24600
22100
18100
19800
17700
39700
19300
19900
22100
34300
18600
21300
31100
36900
20500
20300
21100
15300
13000
21800
13600
14500
14400
14600
13700
16400
23900
25500
16600
34800
27700
19500
28100
44800
15700
24200
15200
13700
11100
16600
11500
13900
14300
12700
11500
14000
30200
27700
16900
58200
22400
13300
16800
30900
19700
15600
13300
11900
11900
25600
14000
12800
10200
17500
10800
12600
21400
24100
16500
26100
15700
12200
12800
27000
14300
13400
23300
40000
18800
18300
15700
26800
15700
14700
19000
23400
15100
21000
13800
19200
14800
14300
12800
53900
15700
10000
21500
14500
11800
17000
12200
13000
12100
11400
11800
17700
15200
29900
13500
14400
14800
12200
13900
40100
11800
9500
41400
15200
10700
18900
10600
25500
11900
10100
9400
16400
12600
15700
10700
12700
12800
10000
10200
47000
11500
9800
18300
10600
9200
11900
9000
14500
12700
9600
9000
10200
30700
10600
11400
12000
12600
10100
10300
53400
13500
9900
18500
15600
29300
11900
12500
19400
11600
19900
10400
10900
11100
9800
9600
14000
12400
18100
10600
33100
10300
9200
13500
10400
9400
12200
9100
12500
10900
22500
10500
11100
10700
10700
7800
12800
10900
13700
9600
33600
8500
7300
6700
12900
9000
7600
7400
8500
11600
7900
7300
8900
7900
7400
14600
8900
7700
8400
8500
31400
8400
11200
8000
9700
7200
7200
7000
8500
7600
7100
7000
8200
8100
7300
7300
8600
7800
8000
9300
29900
12000
10800
8000
8500
7300
7200
6900
9000
7300
14700
8300
9200
7700
7500
8000
8900
8300
38900
8300
32900
6200
8200
5800
14400
6300
5700
6200
6000
5700
6400
6500
6000
5600
5700
10100
6600
5800
6200
5800
25900
4900
7600
5200
6300
10100
8600
8200
8700
8100
8400
8500
9500
9100
8700
9100
9600
9300
10600
9200
30800
10000
13800
10900
13600
13000
14300
11100
10500
8700
8600
8600
17800
17300
12200
9600
16300
9500
8900
10200
17500
7300
7600
7200
19900
7000
12300
5800
7000
5200
8900
10000
8400
5400
5500
8100
10000
6300
5600
5600
11000
8100
4900
8900
6800
5100
7100
7000
5600
5200
5000
5500
5800
5300
5300
7600
21100
6700
5600
22300
11700
9100
5400
4800
9400
8900
9000
14300
11800
8700
10500
11600
12600
14000
10700
14000
18300
10900
10200
12500
22300
14600
7800
8200
10000
9100
10600
9500
13100
34000
11100
7900
8700
11000
7800
8400
17100
9600
8300
10400
25300
13200
7500
9800
8700
7200
9600
8700
11100
7700
10200
7600
8600
11500
7700
8300
12800
8200
14500
14200
15900
12900
6700
6800
7500
7300
9400
8600
11400
8300
9900
7900
10700
7700
7700
7700
9300
15400
8600
12600
27400
6800
6800
6300
22500
9100
8900
6400
19900
8100
7500
7400
9200
12600
8400
8200
19300
9000
8600
8600
16500
7200
6800
6900
8300
6900
6800
7000
10100
9600
7600
7700
8500
11600
7500
8200
11600
7800
7800
7700
15000
6300
7100
7000
9100
6600
9000
7700
34600
8000
11100
7000
8600
11900
6900
7300
10600
7900
8000
7600
15300
8700
6100
6400
7600
6700
6700
6700
8300
8300
6800
6600
18200
9600
7700
7500
11700
14500
7900
5500
12300
4600
6700
4700
5800
4800
4600
5000
7000
6100
5100
5300
9800
5500
5800
5500
6400
8500
5400
5400
13400
10900
4300
4500
5700
4900
4700
4600
5900
6900
5100
4900
8400
5300
5700
47900
7400
7800
4800
4800
15800
4100
4300
3600
20800
5100
4300
4200
5200
4500
4600
6400
5300
4400
4600
4400
5400
6800
4900
6400
13000
8600
3700
7500
9900
4400
3800
4000
4600
4100
6200
5800
5100
4200
4400
4300
5300
6600
5700
6400
13800
6400
3500
3900
4900
4000
4000
4300
5700
4400
4100
4200
12900
4200
4300
4400
5500
6600
4600
6400
11400
6600
8300
6700
4000
3600
3500
3300
4200
3900
3700
4100
4000
3800
3700
5400
4500
6100
4200
5500
10500
6400
3800
5700
4400
3500
3500
6200
5700
3800
3600
3600
4300
4000
3700
28200
4900
4200
3800
3800
10600
6200
3600
3500
3800
3600
3500
3600
4200
3700
3500
10800
4400
3900
4000
5100
4600
3900
4300
4500
11200
5400
3700
4700
5300
3200
3400
3200
5000
3300
4100
3900
5800
11100
3800
3900
5300
4000
5700
5400
13400
17200
3800
3800
4100
3400
3300
3200
3700
3600
3800
3900
5200
12300
3500
3600
5000
3900
3600
5600
12500
3900
3500
3500
4300
3900
3400
4100
3800
3400
3800
3700
5200
5500
3500
3800
4800
3800
3800
5000
13400
10700
3300
3800
4100
3800
3700
6200
4000
3700
3700
4000
4200
3700
5800
5100
4600
4000
3700
5200
11700
3700
3700
4100
4100
3600
3200
3300
3700
3400
3600
3300
4200
3600
4300
4000
6100
5200
3800
4100
11800
3400
3400
3300
3900
3500
3100
3300
3500
3000
3200
3000
4000
3400
5200
4600
5500
5300
4600
3900
12800
3600
3400
5200
6500
4200
3300
3200
4100
4200
4000
4200
4600
3900
3700
3600
4900
4000
5600
3800
13500
5100
5200
3600
4500
4000
3300
3400
6300
4300
4200
4200
4700
3800
3700
3800
5200
4000
5500
4200
14200
5700
5400
3700
9700
4400
6700
3600
3900
4900
3900
3900
4500
5900
9800
3700
4900
4300
5500
4000
12800
5500
5600
3600
4100
10200
3400
3200
4000
4300
3700
3500
4200
4800
4600
5900
5100
4000
7000
4100
12500
6400
5300
3800
4500
4200
3700
3200
3800
4200
3500
3600
4100
4700
5200
4500
4800
3900
3800
3600
13000
10900
5400
3400
4500
4200
3400
3500
4000
4500
4000
3700
4200
14800
5900
7200
5500
4100
4100
4000
11200
3900
5900
3600
5000
3900
3300
3500
4900
3900
19800
10400
15200
3900
3700
3500
6700
3800
3600
3500
24100
3500
3200
7400
7300
5800
3400
3400
11800
7200
4000
3400
4500
3500
3400
3500
4800
3500
3500
3500
15200
3400
4200
4700
5500
4300
3500
3500
3800
3600
3500
3700
4400
3500
3700
3400
4300
3600
3500
3700
10200
3300
3400
5200
4600
3600
3500
3200
3700
3600
3500
3800
9100
5200
5900
3800
4500
3600
3400
3600
10200
8900
3300
6500
10000
3900
3300
3200
4100
4200
3400
3500
6200
4200
2700
2400
3200
2500
2500
2400
8800
2500
2400
5500
3700
2300
13800
2400
2500
2500
2500
2300
3700
2600
2500
2500
3000
2500
2800
2300
7100
2300
2300
2200
3600
5500
2300
2800
2700
2500
2300
2800
2800
3800
2500
2400
2900
3700
2500
2500
7700
2200
2100
2300
4000
3500
2200
2300
2600
3600
6000
3300
2700
3800
2300
2400
4300
2400
2400
2400
7300
2200
2000
2200
3500
2100
3500
2100
3700
2500
2900
2800
4100
2400
2300
3300
4000
2200
2600
2300
6900
2100
2000
3400
3100
2000
2100
2200
3700
2400
2300
3300
3900
2400
2300
2900
4300
2300
2300
3900
5600
2800
2100
2200
2800
2100
2000
3200
2500
2400
2300
4000
2700
2500
2300
4200
3100
2600
2400
3700
5700
2100
3200
3000
2800
2200
2100
3500
2400
2300
2200
3900
2600
2400
2200
4700
2800
2500
3900
2500
5900
2100
3900
2200
