114200
518100
18200
14700
25600
17800
24500
19500
134200
22100
30900
20300
36700
27100
19000
23300
30300
30900
24100
23200
17200
20100
15600
15100
20500
27000
19500
17500
38700
18100
31500
33000
52200
40300
34200
31600
44700
47800
32100
28100
24100
19100
18300
12300
15100
21500
17800
14500
29500
17000
26300
20900
24500
22900
18500
33600
29800
38400
24200
21000
18800
12600
11500
13400
14200
22800
17500
14900
17700
21100
16900
18300
886700
25800
15300
20400
32300
36000
28300
22700
18300
15400
14000
17500
17100
23300
22300
16100
23800
21500
30600
26800
41000
19200
30700
22200
28100
34700
20500
19900
14800
13300
38200
19500
19100
28900
26500
17400
22500
18700
19700
20400
37900
21700
32400
21200
25300
18400
17000
21100
38800
25800
22400
25100
40300
28700
25300
38300
33300
26600
38500
43500
36800
57200
60900
34900
93900
20800
17200
17000
20600
26900
19000
18500
23200
22600
19500
24800
24100
22700
37900
21400
27000
26300
21200
37800
59400
24300
20600
23700
20900
17600
18000
18800
28700
27700
18200
23900
23100
20300
30400
19900
29800
26600
20300
32700
53200
18100
17300
18000
17800
16600
14900
14300
31400
25000
16900
21800
18700
19200
17400
16400
21000
20900
29500
38800
59900
18400
14700
15900
17700
35700
16900
14500
29500
21700
15300
21000
17200
18900
15300
17100
18400
17300
30400
37000
51800
15500
13400
12600
18300
13000
12500
12700
15800
16700
27200
22800
19700
17200
14700
15100
17300
16200
28300
15900
72000
17400
14400
31800
18700
14900
14500
13600
15100
17900
15200
13100
16700
15600
14600
15200
16900
16100
14300
23300
48400
13100
12500
11700
14300
11800
11600
11200
14000
12400
12300
13200
16100
15300
14400
14100
15300
13300
13900
21700
49100
14900
16400
11400
11800
12200
58200
12300
21500
15100
11500
11400
16200
11900
11000
20700
11700
12100
11500
18500
29000
12200
11500
10900
13000
12500
11100
11300
11600
10700
11700
11900
11800
11000
12300
11600
14400
11400
12000
18400
30600
10500
10000
9300
12700
11700
10400
9800
10600
10100
11000
11000
11700
11300
19900
10700
13200
21100
9800
8900
23600
8000
8100
7900
9200
8100
7800
7500
8200
7800
8000
13700
7900
7600
9700
8600
11100
9900
8700
9500
27500
14800
7800
13900
14100
26900
12600
10200
23900
10000
9000
11100
18500
9500
8600
8500
10700
9800
7700
9000
19100
7600
16300
19000
11600
9900
8500
9400
13900
18000
11800
8600
22200
10100
9000
9900
15500
14900
9000
9400
17100
7300
16900
7900
9900
210900
17000
9400
9000
10400
7900
7600
23300
24300
14400
9600
15000
9300
9000
14400
20000
7700
15700
8200
10500
12000
8900
25300
9300
167900
106200
39800
22100
18200
7300
6800
8600
7300
6400
7500
14600
5600
39400
6200
6700
6500
5500
5200
7200
5700
5500
5300
10300
15000
5800
5800
11700
7000
7900
5900
13100
4900
11200
8200
7000
10900
5100
5200
7000
5500
5400
5300
11300
5800
5600
5800
15500
5900
6000
5300
13200
5100
4600
4800
10800
13200
6700
5900
20000
6300
12000
6300
6700
6900
6000
5700
36200
8300
6400
24200
14900
5700
5000
5000
6500
8200
6200
5300
17400
6400
10200
5700
7600
6100
5400
5900
16300
9000
6000
13000
15000
5000
5200
5000
10600
11600
9100
5900
5900
5400
6000
5700
6300
5700
7600
5500
16500
33000
5400
13200
12900
4300
4000
4400
7600
5700
5400
6400
5300
5000
5100
5400
16900
5900
15300
5200
13300
5700
5300
11900
13200
4700
3900
3900
5700
9300
8100
4700
7500
9200
12900
4400
33300
5500
12200
4700
5700
7500
4700
4600
24100
5600
4100
4100
5200
4900
5100
4100
5300
4200
4900
4500
14400
6100
10100
5000
6900
5300
5300
5000
22100
5200
10800
18900
14900
38200
4700
4500
4800
4300
4100
4500
5200
5800
4800
4600
10200
4800
4900
4800
13000
4400
4600
4100
5600
4300
4300
4700
4800
5500
10400
4100
5500
5600
4800
4500
10700
5100
4700
4900
14300
3800
3800
3600
8800
4400
3500
3400
5100
3600
4500
3500
4000
10700
4000
3600
9100
3800
3700
3900
11100
3800
3700
3500
4400
4000
3800
3800
4200
4600
3300
15700
10800
7600
4100
3700
12300
4200
3800
3900
10600
3700
4200
4900
5100
3700
3500
3400
4000
4600
4100
3700
4200
3900
4200
3900
4300
7600
4600
4000
11600
3400
3700
3600
5000
3600
3500
3900
3900
6700
7100
3600
4400
3600
3700
3600
4700
5200
4200
3600
41800
7900
4200
3900
20700
4600
3800
3400
5100
5100
4500
3600
4700
4200
3600
8600
5300
4500
4100
9600
12300
3600
3400
8100
5000
3800
3500
3600
3800
5100
4400
3600
7000
4000
3900
4000
5100
3800
4000
9500
11700
3700
9000
3700
4300
3500
3400
6600
4100
3800
3600
3900
4400
4700
3900
4000
8300
3700
3800
13700
11800
3700
3600
3800
4100
3700
3700
3500
4000
3900
4200
4800
4100
5100
5100
4100
4700
4000
3900
8600
11900
3900
3700
3700
4400
3900
3700
4000
4300
3900
3700
3800
4300
8400
5800
3900
4800
4100
4000
4300
12100
3400
8500
3500
4400
3500
12800
3700
3800
7600
3600
3800
4000
4800
20500
4000
4600
4100
4600
4100
12500
3200
3300
7600
6500
7200
3700
3100
7000
5900
5100
6300
4900
3700
17100
4000
5800
12500
4000
4000
16400
3800
11600
3800
6200
3700
3700
3500
9300
5400
14900
5400
5300
4100
8100
4100
8400
3800
3700
3900
10900
3700
8900
3500
17200
3700
5900
3900
4900
8300
4800
4000
5000
4200
13800
4100
5200
4500
4100
4000
10600
3800
9100
3700
5600
3500
3300
4100
4000
5800
3800
3500
12200
6300
7000
6100
5000
3900
3800
4500
10200
3600
8600
3600
4700
4000
3300
3600
3600
6600
3300
3600
5600
6300
27100
5800
8900
4100
8000
4100
13800
12100
9800
3500
4900
7600
2300
2000
2600
6000
2400
2100
4700
4100
5800
4100
3100
2700
5800
2600
12000
2300
2100
2100
3100
2000
1900
2000
2500
2300
2300
1900
2700
2100
13200
2200
3000
2300
2400
2400
6000
1900
2000
3100
4200
3000
3100
3200
8400
3800
5100
3400
4400
3900
5100
3400
4400
3200
3600
3900
10600
3100
3300
3100
4800
3500
3200
3700
3500
8500
6300
3400
4200
3800
5800
3500
4400
4100
4000
3900
11000
3500
3600
4000
4600
3600
3400
3400
3600
3300
3500
3600
4200
5900
4200
3400
4100
3600
3900
3900
10000
3200
3500
3300
4400
3300
3300
3900
3600
3600
3500
3400
4200
4200
3800
3700
4300
3400
5800
3800
15900
3400
3800
3900
4200
3500
3200
3300
3600
3200
3300
3300
3700
4300
3700
3400
4000
7800
5500
3700
11100
3400
3400
3700
7800
4600
4000
4000
4400
5600
3500
5300
4800
3700
3700
3700
4700
3600
3600
4100
11500
3700
3600
3100
5700
3600
3500
3300
4700
5200
3600
5000
4500
3900
3400
3700
5100
4000
4300
3800
15500
3500
3400
3400
6400
3700
3200
3200
6000
5300
4200
3600
4500
3600
3600
4700
4700
3700
3700
4200
10200
3600
3600
3500
4100
3400
3300
3600
5000
5200
3400
4100
4400
11400
3800
5700
4500
4000
3800
3600
10400
3900
3300
3300
4600
3300
3100
3200
4600
4200
3500
6800
4000
7200
3600
5500
4800
3800
3900
5300
10600
3200
4600
3400
4400
3400
3200
4400
4900
7000
3600
5100
4800
5700
8300
7800
4700
5100
3900
4000
13500
4500
3600
3800
