883600
160100
37100
32000
41800
47600
46000
35700
34200
20900
29900
22200
33800
30400
32900
23100
39700
31000
37800
35400
25700
22300
29400
24700
39200
38200
31200
39200
51600
30200
62000
45000
42900
31000
46700
36600
50700
33500
50000
28200
26300
20400
34500
14300
18200
28400
32100
16600
26500
18500
28400
25300
24400
18100
27500
26000
34000
19900
20500
18000
12900
16100
18400
13700
14800
25200
24300
15600
19300
15900
16300
37400
33100
19100
25000
19600
31300
19700
20500
25400
12100
19000
17000
12100
14500
20600
19300
13200
19400
12900
13800
26300
25500
15000
21800
16800
21000
15800
24800
15000
10700
9800
21000
14100
14100
27400
19300
16300
18300
16700
18400
30600
22900
26800
26600
18600
17500
31900
33200
14100
33000
17200
15000
18400
16500
18600
20000
29400
19400
15700
13400
12600
19400
16800
14000
13000
61100
11300
10200
9500
13300
20800
12700
11500
13500
18900
11600
11700
13000
15300
12400
11400
14400
22000
12900
12900
39000
10300
10000
8900
12500
11600
17500
11600
12500
12300
12000
11000
14200
12700
12500
11100
25100
16400
13500
13200
39700
9300
9300
8400
12300
10600
10400
10600
11500
12400
11400
10500
11800
17500
12600
10900
15300
15600
12300
13300
32200
10100
9200
9200
19200
25900
11200
9800
11800
10500
10600
10400
10600
11100
9800
9200
11100
19300
10400
29700
57500
21600
14300
13200
15000
13200
13300
11700
14500
11000
42200
19100
17900
18400
15500
15100
18700
20900
17800
15600
59400
18300
15200
21600
21100
15000
13700
13100
15000
13200
13900
19100
18300
14800
14900
13900
17300
16900
22300
28200
68100
17200
16900
13400
15700
11400
10100
11400
61300
17500
12300
16900
14400
13600
12900
10900
14200
12000
21000
23500
54100
20600
12700
18800
33400
11800
11400
12100
23800
12100
11400
11500
12600
12200
12300
12100
13100
14500
19600
20800
64300
13900
12100
11000
16200
11700
10500
10400
28500
13200
8500
10200
28600
14900
14000
14700
15300
74500
28500
56400
56600
10400
9100
7900
9700
9800
8000
8200
21600
11400
8700
8700
9200
9400
8300
17500
10700
9100
9200
8800
90400
10700
8500
8400
10200
7800
7400
7300
12400
8300
7700
8000
8200
8000
8000
13900
9400
8800
8500
8400
12500
19500
16300
11400
9500
10600
5900
5200
5700
5100
5700
5600
6000
9100
5800
5300
25800
8200
6300
12200
25300
5500
5000
4700
6200
5000
5100
10100
9000
6300
5800
5300
5800
18500
8000
6200
11400
12100
7400
6800
15600
5200
5900
6500
10600
13300
214900
16300
10500
13700
10400
8300
9000
32100
9300
344600
35400
12100
9700
11900
115100
24100
10000
5900
7400
5800
6000
10500
6600
18400
6800
5800
6500
11900
7200
8400
22400
6700
6000
8500
21300
5400
5300
5100
6500
5400
5400
12500
9500
9600
5600
5600
6500
11000
5800
4900
7300
20400
6300
6700
51200
12600
7000
5400
8200
5900
5300
9500
10900
17000
5100
3700
4100
3900
3700
3700
5700
8200
4500
19200
18000
6000
5300
5000
10700
16100
19500
24800
14000
4900
5600
5300
4900
8700
4100
9200
6700
9400
6000
5900
11900
5000
12900
5000
9900
5600
5500
5400
8800
5600
7600
8100
6900
5800
6100
6800
7400
10400
6100
5900
12600
5000
12000
6700
11600
6300
5500
5100
6100
13400
5900
7200
7100
5600
6100
5400
6400
10300
5600
5500
16400
4800
11900
6700
7900
5600
5000
5100
5800
7300
6400
6400
9300
6000
15800
34200
8500
10000
5600
5300
11700
5800
11900
4300
6800
4400
7100
4500
4700
6700
4700
4600
8600
5400
7800
7500
5900
4800
5100
4900
18700
4600
11700
4000
7000
4600
4600
4100
4800
7700
5000
4900
8600
5400
7800
8300
6200
5200
6000
5300
12200
9500
4400
4000
9500
5100
4500
5400
7700
5900
6200
12400
5700
4600
4500
7700
10000
4800
14900
10100
12200
3900
4000
4700
11600
3800
4500
4000
6100
7600
3600
3600
4700
3700
3600
17600
9000
4100
11900
7400
12200
4000
4000
4200
4600
3600
3900
4100
4300
3700
4000
6400
31300
4400
2700
4900
6300
3100
5500
5200
9800
2500
2500
2800
3200
2500
2400
2300
2800
2500
2400
7900
10400
3900
2900
2300
5500
2700
4700
4700
5800
2100
2400
3300
3000
2300
2500
2100
2300
2600
2200
5400
4600
5400
2500
2300
3000
2400
2400
8100
5900
2200
2400
2200
2700
2100
2300
2000
2200
2600
2200
2900
3600
3300
2600
2200
2700
2400
2400
4400
9300
2200
9300
4300
15400
3100
2400
4100
3100
2800
2300
2200
3200
2300
2100
8100
7700
3900
3600
3700
12900
5700
3900
3100
4700
3300
5100
3500
4300
3500
3700
3200
4300
3800
3900
3800
4600
7000
3900
4000
14100
6900
3800
11500
4700
3800
4800
3500
6100
3800
3900
5000
4700
3800
3900
4100
5100
37900
22600
5300
17400
6400
7500
3600
4800
3600
3900
3400
5700
3600
3800
4800
4600
4200
4100
3800
4700
5000
3700
4000
12900
5900
3500
4200
4200
3400
4100
6700
5500
3500
3600
4800
4300
3700
3800
3800
5100
4900
4000
3800
20900
6000
3800
3000
4800
3200
4800
3200
5800
3500
3500
5800
4400
4100
4200
3700
4900
4200
4000
4900
12600
4200
4400
3800
6000
5800
3900
3300
4800
3700
3600
5800
7100
12700
5200
3400
43000
18900
19000
3800
10100
29200
5600
18000
6500
4700
3300
3500
4200
3400
3600
4900
6500
6000
3500
3400
7200
3800
3600
3800
11300
4100
3200
12600
3900
4400
3200
3200
3600
8600
3500
6100
6600
5900
3400
3400
7100
3900
3400
3400
10700
3600
3400
7000
4800
4600
3100
3300
3800
6100
3400
3600
11400
3400
3400
6800
7100
3900
3900
3500
10500
3200
2900
7700
5100
6700
3200
3100
3500
5000
3600
3500
4300
3500
3600
5700
6900
7000
3800
3700
12400
3600
3400
7400
4500
4100
3300
3300
3800
5000
3500
3200
4000
6600
3300
5400
6600
7200
3500
3400
14600
3300
3200
3200
4900
3600
3200
3100
3600
3400
3200
3300
3800
3400
3100
3200
4000
3400
3600
3300
9600
3000
3200
3100
3800
3300
3100
3400
10300
3400
3800
3300
3800
3300
3300
3100
4700
3500
3500
3600
10000
3300
3100
3000
3900
3600
3100
6400
4600
3200
3300
2700
2600
2500
9000
4300
4600
3400
3600
9900
10600
3000
3000
4600
4700
3500
3100
3200
3900
3400
3400
3300
3900
3600
3200
3400
3900
3800
3300
3500
10000
3000
2900
2800
4200
3300
2900
3000
3200
3100
3200
3300
3900
4100
3400
3300
4100
3500
3500
3600
12000
3000
3100
3000
3900
3600
3000
3100
3500
3400
3400
3400
3700
3500
3500
3800
4000
3500
3300
3600
9900
3200
3000
3300
8000
7100
3400
3400
4000
5800
24400
3900
3900
4500
3300
3700
4500
3800
4000
3700
10800
4800
3300
5800
4700
3400
3200
3700
4100
3300
3900
3900
4200
4300
3400
3500
4600
3700
4100
3800
10600
5800
3800
4800
4000
3400
3000
3600
3800
4500
4000
3400
4000
4400
3400
5000
5600
3600
3600
3500
11300
5100
3200
5600
3900
3300
4200
3300
3600
4000
4500
3500
3800
3500
6000
3600
6000
3700
3800
3800
11300
5100
3300
6500
4300
3500
3000
3300
5500
4300
4600
3500
4100
3600
6500
3700
4300
6000
3600
3700
11100
4900
3500
6100
4400
3500
3200
4900
3800
4300
4700
3500
3900
3400
6600
3700
5600
5100
4500
3300
11900
3300
3400
4600
