636100
27000
104500
22100
36400
19800
25700
17600
38900
25200
20500
20200
29400
30500
23100
21200
33900
23000
28300
25400
22600
15600
14100
17500
27000
29100
20700
17100
31900
17700
31700
21400
25700
19600
19700
21000
34400
22500
24600
22100
20000
14500
13000
12000
18300
15800
37500
22100
31500
24100
20200
20900
40000
19100
17300
19500
54200
28700
22100
21000
20500
12400
10900
11200
15700
14800
24500
23700
26900
16200
15800
17000
23800
17600
16200
18200
30700
20400
21600
21300
23000
12000
10700
10500
14200
14300
31000
22300
27300
14600
14000
17500
24600
14400
13200
33500
19900
20000
23200
14800
14200
10800
21200
13100
12900
16100
20900
17000
18400
13300
13600
22800
22600
14900
12200
13300
16100
13600
13500
11900
24800
18100
25500
16400
20600
19200
18600
31500
23800
16200
13900
15300
18000
23000
17000
15000
75100
26000
13500
16900
16300
18900
19300
13900
15300
14100
17800
18300
15100
13800
14000
12500
15100
22300
15600
13800
54300
24800
12300
11100
12100
11900
18200
12500
12400
12700
19500
13900
17100
14100
13500
12400
19100
22500
15500
13700
45100
24300
18300
12300
10100
8600
10100
8700
10100
10400
17000
11300
13800
13900
10200
9600
16300
20200
11900
11700
54900
24700
11300
9700
12300
24700
15900
10300
11800
12000
17600
11300
11500
11100
10200
9200
11100
12900
11600
21700
40600
20400
10400
9200
10300
8900
15700
9200
11100
11100
31600
11100
11400
11500
10000
9400
15800
11700
10500
9700
34700
17800
10800
9300
12900
10000
9300
9400
10200
14000
9200
10600
17200
11400
40400
12800
21800
9300
8400
8400
45300
9000
8000
7400
16900
7600
7200
7100
8100
7200
7100
8600
12900
8300
8400
13500
18600
8100
9200
7700
39700
13100
9000
7000
10000
168000
21100
9900
9900
9400
7900
7600
16700
8800
33100
13600
15200
11900
8100
7700
28600
7500
9200
7000
9600
7700
10200
6700
6100
5800
5700
6100
5800
5500
6000
11700
11600
6300
7300
6100
19100
5800
6000
4900
12500
6100
9400
5100
5400
5000
5200
7800
5900
10600
5800
8900
11800
6000
5800
10100
18300
5800
5100
6300
8000
5800
10100
5100
5700
5200
5200
5200
5400
5300
5400
14200
14800
6000
10000
12600
15900
5200
5200
4700
9300
8900
5900
5700
9600
8000
6200
5900
6400
12100
5700
10200
6700
11000
6100
12500
10400
5200
5000
4900
6600
5100
5100
15800
8500
7400
7700
5300
5900
8800
5600
8900
6400
9900
6200
10500
9600
5600
6300
4900
141800
24000
11600
14700
31800
24400
9600
8900
10400
27900
10900
14700
10800
22800
9700
16700
21100
9500
8200
9100
10800
8800
9900
12600
9500
13000
9100
8600
13300
19600
9800
9100
10800
17600
10200
15400
19700
8400
7900
7900
9100
7900
8300
10700
9200
11900
8800
9400
13100
15600
9200
8900
23400
15000
10800
16100
20300
8800
8000
8300
11900
9300
8900
10900
16100
11800
10500
9500
14900
13400
20300
12100
13600
13300
9800
13500
17200
12500
7300
12700
37100
8600
13700
7800
8000
8700
8400
7800
9100
11900
8200
10200
8500
10800
8500
8500
21400
6600
6600
6600
8400
7000
7000
6900
7700
13300
8100
7700
7900
9100
8000
8500
10100
11400
8500
15500
17400
7200
6700
6500
10700
7300
7100
7400
8000
8500
9900
8100
8200
21200
66700
13500
5300
7500
4500
4200
15400
3600
3600
3700
6000
12500
5600
3700
4000
3800
4200
3800
4800
5100
4000
3900
12900
5700
4200
5700
9100
4600
3400
3300
5100
3700
3500
3600
3900
3700
3900
3700
4300
5500
4300
3900
4400
4000
4400
3900
8300
6100
6800
3200
4700
3500
3800
3800
4700
3800
4100
3800
5000
4200
3700
5500
4300
3800
4000
3700
8900
4700
3400
3200
7200
5300
4500
3800
4400
3900
3700
4100
4300
4000
6700
4800
4500
4100
11900
3700
17300
9600
3300
3400
6000
3800
4400
3600
3900
3500
3700
3600
3900
3900
5200
3900
4300
3700
3900
3500
8000
5600
3100
3100
4100
3500
3700
3400
5600
3800
4100
3700
3800
3800
5100
4300
4000
3800
4000
4000
9000
5000
3100
3000
3700
3500
3600
5700
3800
3700
5200
3700
3900
3800
3900
3700
4100
3700
4300
3600
6800
9700
3200
4300
3900
3700
3500
3300
3700
44000
12000
6800
6800
5800
5600
5800
6500
6400
9200
6000
13200
8700
5000
4600
6300
5400
5200
5000
5600
7500
7600
5700
7000
6300
5300
5800
6100
6200
10600
35000
13000
4200
4100
3900
10000
5500
4500
6000
5800
4700
6000
4800
5600
4600
16300
6500
5900
8000
5700
5100
13400
4200
4300
4000
5300
4500
4300
3900
5100
4500
5700
4600
5300
4600
8000
6100
5800
7500
5000
5000
12400
4100
4000
4300
5300
4500
4500
4500
5000
4700
4700
5000
5500
4700
6600
14100
5300
6400
8000
4500
11500
3900
3800
4000
4600
10800
3700
3900
4300
4000
4200
4100
4600
4500
14500
4300
5900
7400
4200
4700
11500
4000
4200
4400
6900
4300
4400
4700
4300
3800
3700
3700
4300
3900
6000
4100
5000
4600
6200
5900
10500
60400
9600
3700
4800
3400
3400
2700
3600
3200
3100
3400
3700
3600
6200
3900
8100
4700
6700
5500
20100
5900
4000
19200
17200
5200
3900
3900
7600
4100
3600
3600
4800
4000
3900
5200
5600
3600
3600
4000
10600
6800
3800
5000
5300
4200
3100
3100
4900
4500
22800
4200
4200
3500
3600
3000
3700
3300
3600
3500
9700
12400
9900
5800
4600
2600
3200
2700
4800
3500
3700
3400
3900
3700
3100
2800
4100
3700
3600
3500
9500
7200
7100
5100
4300
3400
3500
3100
4400
3000
2900
2700
5100
3300
3400
4200
4400
3600
3700
3100
8800
4300
3100
4900
4500
3700
3000
2900
3700
3400
3400
3500
5500
3400
3400
3400
4700
3600
3700
3500
11200
4700
3300
4700
3900
3100
11500
2900
4600
3100
4200
3400
5400
3200
3500
3600
3800
3800
3600
3700
9600
3800
3600
3300
6600
3900
3800
6200
4600
5300
3400
3700
10400
6400
4000
3700
8900
3800
4000
3700
14600
9400
3900
4100
13500
4000
3400
36200
4000
5000
4400
3300
9700
7500
3500
5900
6600
3400
3400
4000
12800
9000
3500
3500
5700
3700
3100
2900
3400
3300
3100
5100
6500
6000
3300
3500
8000
3600
3300
3600
15000
8700
3700
4300
6600
4900
3600
3300
3600
3700
4000
6000
12600
6500
3500
3900
8000
4100
3900
3800
17700
9100
4100
3800
5500
5200
3300
3400
3800
3300
3600
5500
8400
6600
4100
3600
7400
7200
4100
3900
13800
17900
3600
3500
5800
4200
3000
3600
3900
3500
4200
6500
4100
7300
4700
2600
5800
17300
4000
4000
8900
2200
2200
2900
5200
3200
2300
2100
2600
2100
2200
2100
2600
20700
2300
2200
2900
2900
2300
2200
5900
2100
2000
3800
3600
2700
2600
2200
2600
2100
2900
3000
3200
2900
2200
2500
2600
2200
4100
2200
5400
2900
2000
3200
3200
3800
2800
2000
2800
3400
2700
2200
3300
2900
2200
3200
4000
2200
2500
2200
9900
2100
2100
4000
3100
2400
3000
2100
2900
2600
2900
2200
2500
2200
3400
4400
3500
2300
2200
2200
6400
2000
2000
4300
2900
2200
2100
2900
2700
2500
2200
3200
2600
2300
2200
3200
2700
3000
2300
2200
5500
2000
2000
2900
3800
3000
2000
2100
3700
2600
2100
2100
3500
2300
2300
2300
3700
3100
3100
2400
7000
3900
2300
2100
