252200
564800
17000
14200
27100
20600
30000
97500
30200
22300
19900
18700
28600
40200
21100
23200
39600
21900
24200
20800
16600
13400
13000
16300
20800
22600
18000
26300
26900
18200
24700
40900
27300
19400
19400
22300
42600
25100
26300
19800
16100
14500
14100
13600
16300
25200
18600
16000
22200
19300
21300
32600
26500
18200
19000
20600
46500
20000
18700
17200
13000
11100
10400
11300
12500
22400
16100
15400
24400
15300
15300
25800
884400
24000
16400
16600
43500
17900
19200
22500
12000
10000
9200
9300
11000
20500
16900
16300
18400
13500
18200
24300
18600
13100
11900
13500
27900
15400
17400
11800
14000
9800
23800
12700
11900
20600
14200
10700
20100
12700
13300
22100
17900
16800
13100
13600
19800
12800
13400
12000
29100
19200
15000
19900
22200
20600
21800
25700
36900
19000
15900
16100
22300
28100
18200
27800
50400
28500
12700
11500
16000
19300
14300
18900
26500
16700
20600
20900
24200
18700
15800
15600
19300
26600
19300
27600
39800
23500
15900
10800
13300
11700
14800
16800
18400
14600
12600
17800
24100
16700
14500
13200
19400
26200
16300
25500
42900
21700
12000
10100
12400
11300
10800
18400
13700
13000
12300
17600
14700
55500
27700
18400
15500
25100
14000
20500
37500
20400
14100
10700
12400
24100
13900
16300
14800
13100
12000
18300
14100
14100
19400
13600
25100
17000
13100
23100
46000
28800
15700
14500
15400
12200
11400
22200
10900
10500
18800
21000
18300
12200
17300
11400
33400
14200
12100
10500
38100
20900
12200
17400
17200
10200
9200
8700
21000
14400
15200
12900
12000
9900
9300
16700
25300
12000
10300
13700
38400
10000
8600
9100
9500
11800
13100
8400
48000
10600
12900
14000
12000
10400
10100
17600
20400
10800
11000
9600
25000
11000
9200
8700
15500
14400
9700
8600
16500
10700
9100
8700
10900
9100
9800
16100
24800
11300
10800
9800
26300
9700
8800
8600
10300
11300
9600
8500
13500
9700
9000
9000
15600
10000
15300
15000
23900
9200
9500
8000
22600
7700
6900
6600
7600
9700
6700
6100
11200
7300
8300
6600
12900
28900
15100
12600
10100
8400
8400
16000
17000
8000
7000
13300
7500
8400
7000
6300
10300
7600
7900
7200
12500
8800
10900
10500
9900
8100
8200
13800
21800
9000
7300
6700
13600
8200
7900
9200
9300
8000
7500
13500
9300
8500
7700
12600
10000
9100
8300
8000
26700
10100
10500
15000
15600
11800
9800
11800
13000
11100
10800
17400
14600
12600
12900
21700
15500
13100
12700
12400
30400
11800
11300
14800
40600
13400
48900
10000
20100
13100
9300
13600
15700
16500
10700
18900
12300
11600
6800
7800
23400
8400
9200
9900
21200
9800
8700
8600
15300
10900
9600
13600
10300
13500
9300
16500
11400
10500
20300
13600
34700
8500
8500
8400
13000
9600
9100
9200
12700
9500
9900
13500
11200
14700
9800
14900
13100
10300
10000
16300
40500
10300
9300
8800
17800
10300
8600
8600
13200
10300
8800
13500
11500
9100
8600
18100
19700
10500
9700
16600
29800
8900
10300
8600
15500
10100
14400
8300
8300
11900
13300
8400
8300
12800
8600
8500
11200
8400
8400
10700
15900
10700
17500
8400
10800
14400
8700
7900
11200
8500
8100
17200
9500
11000
9200
9600
13300
9800
9500
10600
20900
8500
13500
10200
10200
9100
9000
7700
8100
9100
8400
8000
8700
10800
9000
8700
10900
9300
9000
10200
20700
8000
11500
8800
9000
8000
141800
21000
12800
10600
10800
8900
9800
14300
13100
9700
12300
9600
9500
11700
113000
34000
10500
5900
7200
5900
5300
6700
5900
5700
6500
5600
5800
9000
5900
5700
5900
5700
6200
6000
10200
6200
7800
5200
6500
5600
5100
5300
5500
5900
6000
5500
5900
7000
6300
5800
5900
5600
6300
5900
11800
5100
4800
6400
16300
8000
4400
4100
5600
4100
27500
7600
5400
4400
4200
4100
7200
6300
6500
4800
8100
4100
4100
4100
4900
4500
5100
4600
4600
4400
4300
6400
4600
4300
4100
4700
13900
5300
5200
4100
8600
4100
3700
3900
5000
4200
4700
3900
3900
4000
3800
3900
4200
4500
3700
3700
6600
5100
5200
4100
7500
3800
4000
4000
4700
3700
4100
9000
8600
6900
3800
3700
4400
3800
3800
5500
6400
5200
5600
4000
7100
3800
3600
4700
4300
3800
5700
3600
3800
5700
3800
3700
4000
3800
6400
7500
22200
4000
3500
3400
8900
3300
3100
3100
3900
2900
3500
3100
3700
6000
3200
3100
3700
3500
3300
4500
3800
3400
3300
3300
8900
4800
14800
3600
12400
4600
3200
4400
4000
6300
4700
3700
5100
9200
4700
3600
4300
5900
3500
3800
8100
3300
16200
5400
4700
3100
4000
3000
3500
4400
5100
3200
3800
3500
3100
3200
4100
5000
3200
4100
6800
3100
12200
5100
4100
3000
3900
3100
5200
3200
3100
4400
3800
3200
3200
3300
3700
8900
4600
4800
12000
4500
8000
8300
5300
4400
5100
4100
6800
4600
4900
5800
5300
8400
6600
5000
6300
8200
4800
5100
11700
6200
10000
8700
4900
4000
5400
3800
4700
3100
3000
10500
3600
8300
4900
3200
4700
3700
3200
3400
6700
3000
5300
5000
3800
3200
3800
2900
4600
3200
3100
5200
3500
5000
5600
3200
3900
3900
3100
3200
7700
5500
2900
3000
16800
3300
4600
3700
5000
6500
3000
2800
4300
3000
3000
3000
4500
3200
3100
3100
6800
5300
5600
3000
4000
2800
4600
2900
4700
3000
2900
2700
3400
2900
3100
2900
3400
3300
3000
3100
6700
3100
4500
2700
11200
2900
3400
2700
3300
2800
4600
3900
3400
3000
2900
3000
3500
3000
3000
7800
6500
2900
4600
2800
3500
3300
3100
2700
3000
2900
3800
3600
4500
3100
2900
2900
3600
3000
5200
18900
6500
2700
11100
2600
3300
4100
3400
3800
3600
3400
5500
5200
5800
3900
4000
3700
4900
3900
3800
2900
6700
3300
5900
24500
5400
2200
2600
1900
2300
2200
3100
4400
5700
2300
2200
2200
2800
2300
2400
2500
5700
2000
2300
2200
4700
2600
2100
2900
2800
2300
3500
3100
2900
4000
2200
2300
2900
2400
2400
2800
8600
2000
5500
2200
3800
2100
2900
2200
2700
2100
3900
2200
7400
5900
7100
3900
4900
4200
3500
3600
19300
3500
4000
3500
5100
3100
3800
6800
5500
3300
3300
6000
5100
6900
3800
3700
4800
3800
3700
3800
1032300
5400
9800
4900
29600
3300
6600
3400
9800
3500
3500
6600
8800
4000
8100
3600
4500
3800
3600
3600
12200
3700
7600
3300
5300
3300
10200
3300
4600
3700
3500
4000
4300
4300
4700
3600
4700
5400
3900
4100
13300
3500
3700
3300
4900
3800
3500
3300
4700
3300
3300
4100
4400
3600
4700
3900
4400
5500
3800
3900
10700
3600
3300
3700
7300
3700
3700
3000
5300
3400
3200
3200
5100
3400
3400
3300
7500
3800
3400
3500
11700
3400
3300
4600
4400
3300
3100
3200
4600
3400
3100
3100
3800
4800
3400
3200
6300
3700
3500
3200
11600
3400
3100
4300
3800
5100
3200
3800
5400
3500
3800
3200
5400
3200
3300
4700
6400
3700
3800
3300
11800
3200
3000
5400
4300
3700
3000
3000
5200
3300
3200
3200
4900
3600
3500
3400
6000
3800
3900
3400
11400
3300
3200
4300
4200
3300
3200
3300
5200
3400
3400
3300
5300
3600
3500
6400
5300
3700
3600
3700
11200
3500
2900
4000
5700
3300
3100
3000
5900
3300
3300
3200
3700
3600
3500
3700
4000
6000
3500
3600
13000
3300
3200
3100
