772800
11500
6200
5500
4800
4800
4300
4400
11400
4600
5800
5500
4500
4200
7100
6500
7200
4500
6700
5800
4900
4900
4400
4400
7000
9800
5800
4700
4500
4400
4500
4500
6600
4500
5100
4200
4900
6800
4200
4300
6800
4400
4800
5200
4200
4100
4400
4400
16600
8100
6000
6200
5500
5100
4700
4700
5100
5500
5600
5400
6000
5100
4500
5500
5100
6500
5200
4800
5800
5100
5000
4800
5200
5400
4700
4700
4300
4700
4700
5000
4700
5000
5000
4800
5500
4700
5500
4400
4700
5100
4200
4500
3900
8200
3900
4000
11600
7000
5200
4600
4100
4100
4500
8900
5400
4500
4300
4100
4500
4300
24900
5400
5300
4300
4600
4300
3900
4000
4500
4100
4400
4700
4500
11700
4700
4300
4400
12700
4200
4000
5400
4500
4400
4300
7300
3900
4100
6200
4800
5400
5000
4300
4000
4600
9300
5500
4600
4000
3500
3400
3300
3300
3500
3600
3400
3100
3400
3200
3300
3300
3800
4000
3700
3700
3700
3200
3200
3100
3300
3200
3900
4900
3500
3400
7400
4000
3700
3200
3200
3100
3000
3000
3300
3600
3600
3500
3800
3200
3300
3300
3200
3800
11300
6200
4700
4100
3400
3400
3500
3300
3300
149600
5800
4100
44800
383300
7900
116700
5800
472700
5800
3200
8300
2800
2700
2400
2400
3600
2300
2900
2700
2300
2300
3900
2400
2400
2400
2300
2200
2400
2300
2300
2700
7100
2300
2200
3100
2500
2600
2300
23400
4300
3100
2600
2800
2200
2400
3000
2500
2300
2600
2400
2700
2400
2200
754400
25100
132100
2900
1900
9000
1800
1500
1400
1500
1400
1600
1300
1700
1400
1700
5100
1400
1400
1400
1500
1600
1500
1400
1400
1500
1400
1400
1300
1700
1400
1300
1300
6300
16700
1100
900
1000
900
900
1000
1000
1200
1000
1000
12300
1200
1100
1000
1000
1000
1000
1100
1000
1000
2100
1000
1100
1000
1000
1100
1000
1000
900
1000
1000
1200
900
1000
1000
1000
900
5800
1100
900
1000
1000
900
1200
1000
1000
3100
1400
1300
900
900
800
800
1100
900
900
800
900
800
1100
800
800
1300
900
900
900
800
900
800
900
900
1100
900
800
900
800
900
900
1100
1100
900
800
800
900
900
1000
1000
900
800
900
900
1100
3100
900
2500
9200
900
700
700
700
700
600
800
4800
1000
1100
700
600
700
800
11700
800
700
700
600
600
600
800
700
1100
1000
1100
900
1200
1000
900
1100
14400
1000
5600
1100
1200
900
1100
1100
1100
1100
2500
1100
1400
1000
1200
1800
1100
700
600
800
700
700
900
700
600
700
600
600
600
600
700
800
700
600
700
600
700
700
700
700
700
700
600
700
800
700
900
700
700
800
800
600
600
700
700
800
700
1000
700
800
700
600
600
