901200
8900
5600
4800
6100
4900
3900
9800
9200
3800
62400
10500
13400
6100
6500
5200
6700
4400
5300
7900
3700
5600
4100
5200
6600
9600
5700
4700
4000
7800
4100
3700
5600
3800
3600
3800
4500
3900
3800
4200
6600
4200
4200
4800
4000
4000
4300
3600
8800
7000
5600
5000
4400
4000
3900
3900
4100
4500
3700
3800
6900
4000
3800
3600
3800
4400
3800
3700
3600
4700
4100
4600
4200
4600
4200
3800
3700
4500
4000
3900
3800
4500
3700
4800
4200
4000
4600
3700
3900
4700
5100
4200
4400
3900
4600
3900
10100
6000
5700
4700
5000
4000
4000
4200
4200
3600
3500
3500
8100
3800
10000
3700
4100
3800
3500
4700
4100
4100
3500
3600
5900
3500
4300
8200
3700
3600
3500
9200
4200
4200
5700
3500
3400
3500
6500
4100
4500
3900
3800
3700
3700
5200
4500
4100
7600
3900
3300
2900
2700
2700
2700
2800
2800
3000
3700
3200
2800
2900
2600
2700
3000
2700
2600
3000
2600
3100
2700
2800
2600
2800
3100
2900
2600
3200
2800
3900
2800
2600
2700
2700
3500
3500
2700
2700
2900
2900
2900
2700
2900
2500
2600
2900
8900
3900
2900
2700
2500
2600
2800
2600
2700
3000
2600
3900
3400
2600
2600
2500
2900
2800
2500
2400
2400
2500
2500
2500
2500
15200
2900
3000
2400
4300
2800
2900
2600
2400
2500
2700
2500
2400
3000
3000
2500
2600
2600
2400
2400
2500
2700
2700
13300
3700
2700
2600
2800
2300
2100
2100
3100
2800
2900
2700
3300
2700
2900
6300
3100
4700
2800
2800
3000
2900
2800
3400
3200
2700
2900
2800
2900
3100
3200
2600
2500
2700
2800
3900
3700
3000
3300
3100
3000
2900
6600
5200
3400
3000
3000
2900
23700
5200
2200
1800
3800
6000
2300
2800
2500
2500
2600
2500
2300
2600
2300
2300
2400
2400
2300
3100
2400
2400
2200
2200
2200
2600
2400
1700
1700
1600
2800
1700
1800
1600
1600
1600
1900
1600
1600
1800
1800
1700
1700
1700
1700
8300
2400
2300
17800
3300
2300
2100
2400
2100
2200
2100
2300
2000
2000
2100
2100
2100
2100
14000
6000
4600
2100
2200
2300
4000
2100
3800
3700
3300
3100
3100
2200
2300
2100
2300
2300
2200
2100
2000
2300
3200
2500
2300
2400
2100
2400
2100
2100
2100
2200
2100
6600
19800
1900
1800
1800
1700
1700
1900
2000
13200
1900
1900
1900
2000
2000
1900
2000
1900
1800
1800
1800
1900
2100
1900
2000
1900
1800
1900
1900
1900
2000
12600
2300
2000
1900
2000
1900
2100
2200
1900
2100
1900
2000
2200
2500
2100
2200
2000
10000
30000
1400
1100
1100
1100
1500
1400
2200
1200
1100
1100
1400
1100
1100
1200
1200
1200
1000
1100
1200
1000
1100
1300
1300
1100
1200
1200
1300
1100
1500
1100
1100
1100
1200
1100
2200
1100
1100
1100
1100
7600
1100
1200
1100
1200
1100
1100
