758200
10400
5700
4900
4200
4300
3900
5100
10600
5500
5100
3800
3600
3500
5900
4900
5900
3800
4200
3800
3700
4200
3700
3600
5800
8200
4800
4000
4100
3700
4100
4400
5700
4200
3700
3900
4000
7000
4000
4000
5600
3700
5500
4700
3600
3800
4400
3700
9300
6500
5600
5500
4600
4600
4100
3900
5200
4700
4300
4000
4400
3800
3800
3900
5000
5200
4200
4100
3700
3700
4200
4200
4200
4900
4200
4000
3700
4000
3900
3900
4000
4600
4300
3800
6300
4100
5500
4200
4600
4700
3700
6500
4000
4200
4700
4300
10400
5200
5300
4200
4000
3700
3400
3300
4400
7600
5500
23400
3700
3200
3300
3300
3400
3900
3500
3500
3500
3400
3500
3800
9900
3900
3600
3400
3200
3400
3300
12300
4200
5900
6500
3900
3400
3600
3500
3400
3500
5500
3400
3600
5000
3900
3600
3700
6400
3500
2600
2400
2400
2300
2700
2300
2900
2500
2200
2200
2300
3400
2600
2400
2400
2300
2300
2400
2400
2300
2200
2300
50100
6800
7000
4900
3800
3300
4200
3200
3400
5100
3700
3000
4400
3500
3600
3400
4800
3700
3200
3700
3100
2800
2900
2900
12800
4300
3500
3100
2900
2900
2800
3200
3400
2900
2800
2800
8600
4800
3100
3000
4100
3700
3400
3000
7700
3200
2900
2900
3100
3000
3000
3000
3200
2900
2900
3400
3300
3300
3200
3000
3000
6400
2900
3000
3100
3200
2900
3200
3000
2900
3000
2900
35400
4100
3200
3200
2900
2500
2500
2300
2600
2200
2200
2100
2500
2300
2800
6200
2700
3600
2300
2300
8000
2400
2300
2200
2400
2300
2300
2300
2600
2400
2300
3300
2600
2400
2200
2500
2500
2300
2200
2500
2400
2200
2300
2200
2500
2100
2200
2200
21100
2800
2300
1700
1600
1600
1800
1700
1700
1700
1600
1700
1600
1700
1900
1600
1700
1600
1700
1600
1700
1700
1700
1500
1800
1900
1600
1600
1700
1700
1600
5700
1600
1600
1600
1600
1500
1800
1800
3800
1800
1600
1600
1600
1500
1600
1600
1800
4700
1800
1400
1200
1200
1500
1200
1000
7600
1200
1100
1200
1100
1100
1000
1100
1100
1000
1100
1000
1100
1300
1200
1000
1100
1100
1000
1100
1300
1000
1100
1300
1200
1100
1100
1100
1100
1300
1100
1100
1100
1200
1200
1100
1000
1000
1100
1100
4400
1800
1200
1000
1000
1100
1200
1000
1600
1000
1000
1000
1100
1000
1000
3200
1200
1000
1200
1000
1000
1000
1000
1000
1100
1100
1100
1100
1000
900
1200
2000
1100
1000
1100
900
1000
4200
1000
1000
1100
1100
1000
1200
1000
1000
1000
1000
2800
17000
1100
1000
1000
900
900
800
1000
800
1100
800
900
11100
1600
1000
1200
900
900
1300
900
800
1100
800
1000
900
2500
900
1000
800
800
800
900
900
800
900
900
900
900
800
1100
900
800
900
1400
900
800
800
