1080500
11900
8200
6100
5900
8600
5100
5300
14900
5500
4800
5100
4800
4700
8300
5200
9000
5000
5800
5500
4900
6400
5400
6900
9400
12800
6300
5300
5600
5200
5100
6200
8800
5400
4900
5000
6700
5400
5700
6100
9700
5500
7000
6700
5200
6500
6000
5400
10300
6900
5400
5800
4600
4200
4100
4900
4700
5800
4600
4000
4800
4000
4800
4500
4800
5100
4900
9100
4200
3800
3800
5000
4900
5000
4200
3900
3700
3900
4600
3900
4500
4600
4000
4000
4800
4900
5400
4700
4300
5000
4600
4200
4100
4500
4200
4000
10700
5400
4700
4000
3800
3600
3600
3600
9900
4400
4600
3900
3600
3500
3700
3800
3700
3600
4300
3700
3700
4500
4200
3900
4100
3900
3800
22000
4400
3700
3500
11700
4300
7200
3700
3400
3300
5200
6200
4000
4000
4900
3500
3400
3600
8000
3600
3500
8300
4800
3600
3600
3400
3000
2900
3200
3100
3200
3100
5600
2900
5200
3000
2800
3100
2900
2700
2800
2800
2900
2900
3200
4100
3000
3700
3600
3000
2800
2900
3000
2900
2900
3000
3800
2900
3400
4700
3500
3800
3200
2900
7700
3000
2900
2800
2800
10400
4500
3400
3200
2800
2700
2700
3400
3100
2700
2700
2700
394400
27200
3800
2700
2500
2300
2800
2200
2100
2200
2300
2200
457700
4900
3200
2500
5100
2300
2200
2400
2200
2100
2100
6500
3300
2500
2100
2200
2200
2200
2400
2100
2500
2100
2100
2000
5700
3400
2500
2100
2400
2100
2100
2400
2200
2100
2700
2200
2400
2000
3200
494000
19000
364600
9600
2000
7000
1700
1500
1900
1600
1900
1700
1600
1900
1800
1700
1700
2000
1700
1700
1600
1900
1700
2000
1700
1700
1800
1800
1600
1800
1800
1700
1900
5300
2600
2000
1600
1700
1600
2000
1600
1700
1800
1600
1700
1600
1600
1700
1600
1600
1700
1700
1600
7000
1900
1800
1800
1700
1600
1900
1800
1700
1700
1700
250400
6900
19700
1700
228900
2800
1400
1400
1300
1500
1400
1300
1800
1300
1300
1300
1400
11400
1800
1300
1200
1300
1600
1300
1200
1400
1300
1300
1400
1300
1300
1200
1300
1300
1500
1300
1300
1300
1300
1300
1500
1500
1300
1200
1400
1300
1400
1300
1300
1700
1200
1300
1400
1300
1300
1900
1300
1500
1400
1400
1300
1500
1300
600900
3000
13100
1400
1100
1000
1300
1200
1100
1100
1300
1300
1200
1200
1000
1200
1100
1100
1400
1100
1000
1200
1100
1100
1400
1000
1200
1200
1100
1100
1300
1200
1100
1200
1000
1100
1400
1100
1000
1000
1100
1000
1000
1000
1100
1000
1000
1100
1200
1000
2900
700
700
600
600
800
600
600
800
700
4700
600
600
700
600
600
1500
700
700
600
700
500
600
500
700
700
700
700
700
700
600
600
700
600
600
600
600
600
600
600
5600
1200
700
700
600
600
1000
600
