714400
10600
6500
5300
4300
5200
4100
10000
6700
4100
3900
4200
4600
4700
3900
4500
6000
4200
5300
4200
3900
5000
4300
4300
5900
8800
4600
3800
4400
4000
4200
5200
5900
4000
3700
3800
4500
3900
4700
4000
6700
4200
4200
7400
3800
5200
4600
4700
7600
5200
3700
4000
3700
3300
3100
3100
3200
4100
3100
3400
3300
4900
4500
4800
4600
5100
4500
4600
5400
4700
4600
4500
4700
5200
5300
4500
4400
4600
4400
4700
4400
5000
4400
6200
6100
6500
6900
6100
6900
6800
6600
6000
6400
6200
6200
7200
12600
8000
8100
10700
5400
6200
6100
5100
4600
5600
5100
4500
4200
4200
4300
6300
5100
4400
4300
4600
4300
9000
5000
4500
4300
7600
5300
5600
5300
5200
5400
16200
8400
7900
5200
5100
5600
5600
5300
5300
5200
6000
5300
6000
5100
5100
5600
5100
11500
7300
6000
5000
4600
4500
4400
5000
4700
5000
4800
4700
5000
5300
4700
4400
4800
4500
5000
4400
4600
4500
5000
4800
4500
4600
5100
5100
4700
4400
4400
4400
5900
4500
4300
4700
4300
5100
4700
4300
4700
4700
5100
4500
4300
4500
4700
4400
14700
5700
5100
7100
33500
12600
7100
5700
7000
10400
5800
5200
8700
8900
7100
5800
5700
5400
5500
5300
5400
5100
5400
5900
5800
5700
7500
7000
5700
5200
5200
5200
5500
7300
5600
5400
5300
5000
5000
20300
9200
6600
5400
5300
5400
5200
5200
4900
11400
5100
3900
3400
3800
3100
3900
3400
3400
3000
3100
3400
3400
3300
6300
6800
3300
4400
3200
3400
3300
3000
3200
3200
3400
3200
3100
3100
3700
3300
3600
3900
3300
3100
3400
3000
3700
3300
3200
3400
3600
3400
3200
3200
3200
11600
3800
3600
27000
4100
2900
2800
2600
3100
6500
2700
2700
2500
2500
2700
2500
2500
2700
9500
2800
2500
2700
2500
2500
2800
2500
2500
7600
2600
2500
2800
2500
2800
2400
2600
2700
2900
2900
2700
2800
2600
2500
3000
2800
2600
2500
2500
2500
2800
2500
2700
13600
3000
2400
2600
5100
2300
2400
2400
2500
2400
2600
2300
2400
2600
2300
2400
8900
2400
2200
2200
2300
2300
2600
2400
2900
2300
2200
2100
2300
2100
2200
2200
2200
2200
2200
2100
2200
2100
2100
2200
2400
2300
2500
2200
2300
8900
2200
2200
5900
2700
2600
2300
3200
2400
2200
2500
2500
2300
3200
2200
2400
8600
2200
18000
2600
2400
2500
2800
5500
2500
3200
2300
2600
2500
2400
2300
2500
2300
2600
5500
2500
2500
2500
2400
2300
2700
2500
2400
2500
2400
2400
2600
2400
2500
2600
2500
8100
38800
1700
11800
1000
10000
1000
1100
800
600
1100
600
700
600
700
700
1000
700
1200
700
600
600
800
1000
800
700
700
800
600
600
600
600
700
1000
600
700
700
600
600
900
700
600
700
600
700
1200
600
600
