727200
10000
5900
5200
4400
4800
3900
10300
6800
3900
3900
3800
5400
4300
4200
4300
6200
4300
4600
3800
4000
4500
4100
4300
6100
8600
4900
4000
4500
4600
4200
4400
5900
4000
3800
4400
4400
3800
4500
4500
7000
4100
4200
4700
3800
3700
5500
4100
1274700
12200
7100
11500
5500
5000
4900
6300
5200
5700
4400
4300
6100
4400
4600
4000
5400
8200
4600
5400
4300
4600
4000
5100
4400
8200
4200
3700
3700
3600
3800
3500
3700
4500
3900
3700
3500
3400
4400
3700
3900
9300
4100
4700
5000
4900
4200
5200
9500
5200
4100
3500
3600
3700
3100
4000
9200
4000
3600
3800
3300
4300
4100
3700
4000
4300
3400
3300
3300
3800
9600
59900
9600
10300
4300
4600
4900
15900
12000
10800
4000
5000
5600
2600
2600
2500
2400
2400
3100
2400
2400
2400
2400
2400
9200
2400
14300
4700
3400
3000
3100
3000
2800
2900
3000
3000
7900
2800
3000
2700
3500
2800
2900
2900
2800
2900
2800
5100
3100
2900
3000
2800
3700
3300
3000
2800
3000
2900
3900
3300
2900
2800
2800
2700
2800
16200
5400
4000
3100
3200
3200
3000
2800
2800
8400
4800
3500
3200
3600
2800
2700
3800
3200
3000
2900
3700
409500
29100
5400
3300
179300
4700
3300
2800
4200
2600
2400
2400
3300
2400
2500
2500
2400
4000
2600
2400
4000
2600
2300
2400
2200
2300
3900
2300
2500
2500
2500
2300
3800
2400
2400
2700
16800
3500
3100
2300
2600
2200
2100
2300
2200
2400
2000
2000
2500
2100
2700
649900
24500
332700
10500
11700
12000
5800
4000
3700
4000
3700
4300
3600
3900
3600
4400
462400
2600
1400
1200
1100
1800
1100
1100
1000
1500
1700
1800
1800
1500
1100
1100
1000
10700
16600
16600
1200
1100
1000
900
900
1200
900
900
1000
1000
900
900
900
1000
1000
800
1100
800
1000
900
900
1000
1100
800
1100
900
900
900
1100
900
900
900
900
1100
900
900
900
1000
900
900
1100
900
1000
900
900
1800
1300
1100
900
900
1000
1000
900
1200
900
900
3400
1000
900
1000
900
1100
1000
900
900
1000
900
1000
900
1200
1200
900
1000
1000
900
1000
900
900
1000
1100
800
900
900
900
900
1100
900
900
900
2800
1000
1700
900
3800
10900
1100
600
700
900
600
1100
1200
1100
700
800
600
600
600
700
700
1400
700
600
700
600
700
900
700
700
600
1100
1300
1000
700
600
600
700
600
900
600
1100
1200
700
600
700
600
700
600
600
600
800
1300
700
700
1000
1000
600
600
700
600
600
700
700
600
600
600
1500
700
800
600
1000
600
800
600
600
600
600
600
900
700
600
700
600
700
800
600
700
600
600
600
800
600
600
600
600
1200
900
600
600
