907000
9700
6100
5000
4400
4400
3800
9600
8000
4200
3700
3500
7500
6900
4500
4900
5900
3800
4200
4500
3700
4200
3500
3900
8800
9000
5200
4100
4200
3900
4000
3500
5500
4300
3800
3600
4400
3700
3800
4200
6600
3900
4000
4600
3800
3600
3900
4200
8800
6200
4600
4600
4000
3900
3900
3900
4800
5800
4600
4000
5400
4200
4000
3800
5300
4800
4200
3700
3900
4100
3500
4200
4200
4700
4400
3900
4300
3800
3900
3800
4400
7000
4800
4000
4000
8800
4700
3800
4300
5400
4200
5600
4700
4300
3900
3600
10300
4100
3000
3100
2500
2300
8200
3400
4900
3500
2400
2500
5400
2400
2400
2400
2600
2300
2400
3200
2400
2300
2300
3200
2500
2400
2300
2300
3400
2300
2300
7900
2700
3300
7600
2400
2200
2400
2200
2400
2500
2300
2300
2200
2400
2300
2400
2400
5100
3100
2500
2400
2200
2400
2400
2600
2500
2200
2600
2300
2300
2500
2300
2200
2500
2300
2200
2300
2200
5400
2300
2300
2400
2300
2700
2800
2300
2300
2300
2900
2400
2300
2300
2400
2700
2200
7600
2500
2400
2200
2300
2300
2600
2200
2500
2300
8000
3400
2400
2700
137500
5600
3500
5800
3600
2700
2900
4000
5300
3000
2800
7300
2600
2500
2400
2800
2500
2400
2300
2300
2500
2600
2400
2400
4100
2600
2500
2400
2500
9800
5400
4100
3700
3000
3000
3000
4200
3100
8700
3400
3000
2900
3000
3000
8400
4500
3300
3900
3400
3200
3000
2900
3000
2900
3500
3200
3200
2900
3700
6000
3100
5000
2900
2900
3300
2900
3100
2900
3700
3000
3200
3000
3400
3000
3000
2800
5700
3700
3200
4000
3200
2900
7600
3000
3400
3400
4700
3900
3500
3200
3100
3400
12900
4000
2900
2700
2500
8900
2700
2700
2700
2600
2800
2700
7000
2800
2700
2700
2400
2500
3100
2800
2600
2800
2700
2700
3000
2700
2600
2600
2700
2800
2700
3700
2900
3000
2700
7400
2700
2500
2800
2600
2500
2600
2600
2500
3300
2600
2500
2500
24300
14900
2900
2600
2500
6800
2300
2300
2400
5400
2300
2400
2300
2400
2300
2200
2900
2400
2300
2500
2300
2300
2500
2200
2500
3000
2400
2200
2400
2300
2400
2400
2400
2200
2400
2300
2500
2600
2300
2300
2400
2500
2200
2200
2300
2100
2300
5900
19900
2800
4500
1300
1300
1400
1200
1200
1700
1200
1200
1500
1200
1200
1300
1300
1500
1200
1200
1200
1200
1200
1200
1300
1800
1400
1400
1300
1500
1200
1200
1200
1400
1300
1400
1200
1200
1300
1300
1200
1300
1300
1300
1200
1200
1400
1200
1200
2700
1400
1200
1300
1300
1400
1300
1300
1300
1300
3500
1300
1900
1300
1300
1300
1400
1300
1200
1300
1400
1200
1200
1200
1300
1300
1400
1500
2500
1700
1300
1300
1600
1300
1200
1200
1100
1200
1500
1800
1300
1400
1700
1200
1500
1300
1300
1400
