840000
8700
6300
4900
5600
4600
4000
4100
11100
5200
4000
3700
3600
3400
5500
4500
7200
3900
4800
3800
3900
4400
3700
3900
5800
8300
4900
4100
4100
3600
3700
4400
5600
3700
4300
3900
4000
3800
3900
3700
5800
4000
4500
4500
3600
3700
3700
4200
9500
6900
5300
5300
4300
4300
4300
4000
3900
4900
3900
4500
5100
4000
3800
3900
4200
4800
4300
4400
4100
4200
4000
8100
4900
6400
4300
4900
4900
4200
4000
4000
4400
9700
4700
4200
3900
4300
5000
3900
4300
5100
4400
4200
4100
4200
4200
4400
9300
5800
5000
4400
4100
3800
3500
9500
5000
7100
5600
6500
7500
7400
4000
3500
3900
3900
4200
3700
3800
5000
3500
4900
4400
3800
3600
4400
3700
3600
3900
10600
4000
3700
3500
4100
4100
3800
4700
7600
4200
5700
4600
3700
16200
6800
4200
3900
8900
3700
2800
2500
2700
2400
2600
2600
3700
2600
2400
2800
2400
3300
2500
2400
2600
2600
2400
2800
2600
2500
2500
2500
2900
2500
2700
2900
2700
2500
2500
2800
2700
2700
3000
2600
2400
3200
2600
3000
2700
2500
2400
2600
2400
2800
2500
2500
8700
4600
3700
4200
3500
3000
3000
3800
3300
3100
3200
3500
4800
4400
3400
3300
3300
3100
3100
3300
3100
3000
5100
3500
3400
4200
3300
3100
3100
3000
3400
4900
3200
3000
3100
3100
3100
3300
2900
3100
3200
3100
3600
6000
3300
2800
3100
3000
11900
3500
2900
2400
2800
2300
2500
2300
2400
2500
2300
2400
2700
2400
2600
4200
2600
3200
2200
2200
2400
2200
2300
2200
2400
2200
2200
2300
2300
7100
2300
2300
2400
2300
2100
2300
2400
2200
2400
2400
2300
2100
2200
2200
2600
3200
2300
2200
11000
3100
2200
2100
1900
1900
2200
3600
3300
2000
1900
2000
2300
1900
1800
1900
2000
1900
2100
1800
2000
2000
2000
1900
2100
1900
2100
2000
1800
2000
2100
5700
2100
2000
1900
1900
2100
2000
1900
1900
2000
2000
2000
2200
2000
1900
1900
2000
23400
2300
1800
1800
1600
3200
1900
1600
1800
1800
1600
1700
1500
1700
1600
1700
2300
1600
1600
1600
1500
1800
1700
1500
1600
1600
1500
1800
1600
1600
1700
1600
1600
1600
1600
1500
1700
1500
1600
1500
1600
1600
4600
1700
1700
1500
1700
1500
7200
19500
12700
1800
1700
1400
1700
1500
1600
2000
1400
1400
1400
1400
1500
1500
1500
1400
1400
1400
1400
1500
1400
1400
1500
1400
1400
1400
1400
1600
1400
137500
4400
2800
2600
2800
2500
2400
2400
2600
2700
2800
2000
2200
2100
2200
2100
2400
6800
29000
1400
1300
1200
1300
1200
1200
1500
257200
3400
1900
1100
1100
1100
1000
1800
1300
1100
1100
1100
1200
1000
1300
1200
1100
1100
1100
1100
10300
1200
1200
1200
1100
1100
1100
1300
1100
1100
1100
1100
1200
6700
1200
1100
1100
900
1000
