750300
9700
6100
4700
4300
6900
4400
3900
10700
4200
4800
4900
5100
3900
6300
5200
6300
4500
4500
4000
3700
5100
3900
4100
6400
8600
5400
4200
4900
4000
3800
3600
6700
3800
3900
4400
3900
3600
3800
4700
6400
3900
4600
5100
4000
4000
3600
3700
7400
5000
3500
3500
3200
3800
3000
3000
3400
3400
3000
3100
3200
2800
3400
3000
3300
3400
3000
3600
2900
2900
3400
2900
2900
3400
2800
3100
3000
2800
4000
3200
3100
3400
2900
2800
2900
2800
3300
3300
3000
3600
3500
3100
3000
2900
3600
2900
7500
4500
3300
4000
3000
3800
2900
2900
3100
4900
2900
2700
5900
3400
2900
2800
3000
8000
3000
2900
2900
6500
4800
3600
4200
2700
2700
2700
2800
2800
2700
8900
5100
5000
3000
3000
2700
2700
2800
2700
3000
3300
2700
2900
2800
2800
2800
3000
7500
4000
3200
3300
2800
3400
2900
2800
3100
3300
3400
3100
2800
3000
2800
2700
2700
3000
2800
4100
2800
3400
2700
2900
2900
2700
3400
3000
2900
2700
2900
3500
2800
3000
2800
2800
2700
3900
3000
3000
2700
2700
2700
3300
2800
9300
3000
2800
13000
5200
4600
4000
3500
3400
3500
3500
3700
4200
4400
3500
4300
3800
3400
3600
3600
4300
3500
3300
3500
3400
5400
6700
3900
3400
3600
3700
3600
3300
3300
4000
3500
3400
3300
3400
4700
3600
3700
3300
3500
35900
7500
5100
4400
4000
3600
3300
10800
4200
3000
2600
2800
2400
2300
2300
2300
2100
2400
2100
2300
4100
2700
4700
2400
3200
2200
2400
2300
2100
2100
2600
2500
2300
2300
2200
2400
2900
2800
2900
2800
3100
2900
2800
3100
3500
3300
3200
3100
3100
4400
3000
3500
3100
3000
3000
22200
2900
1900
1900
1600
6600
2400
2300
2500
2300
2300
2300
2300
2400
2400
2600
2400
3000
2300
2400
2500
2500
2300
2300
2700
2500
2600
2300
2200
2300
2000
8900
2600
2400
2300
2300
2600
2600
2300
2700
2800
2600
2500
2300
2300
2600
2500
2300
13300
3000
2400
2300
2300
2200
2500
2100
2400
2200
2300
2200
2400
2400
2100
2600
2300
2200
2400
2200
2600
2200
2100
2100
2500
2100
2200
2100
2200
2200
2500
2200
2300
2100
2200
2300
2200
2200
2400
2300
2300
2400
2200
2200
2400
2200
2100
2100
6400
20700
1500
1400
1300
12400
2400
1600
1500
1300
1300
1300
1400
1500
1400
1400
1600
1400
1300
1700
1300
1300
1300
1400
1500
1300
1300
1300
1300
1300
1300
5400
1600
1400
1400
1300
1300
1600
1400
1500
1500
1300
1300
1500
1300
1400
1400
1500
6600
26700
1500
700
900
700
700
600
700
700
800
600
600
600
1700
700
1200
600
700
600
700
800
800
600
800
700
600
600
900
700
600
600
700
600
800
600
700
600
600
700
1000
700
600
700
900
1400
900
700
