917400
9300
6400
6900
4500
4800
5100
9100
7600
4500
4200
4100
6900
4700
4600
4500
7300
4500
4900
4500
4000
4600
3900
4400
6900
8500
4700
4000
4500
4000
4900
4300
7700
4200
4200
4100
4300
4000
4200
4800
7800
4400
4900
5300
4100
4100
4300
4900
7600
5400
3700
4500
3700
4100
3400
3200
3600
4000
3300
3600
3500
3200
3300
3400
3600
3700
3200
3100
8200
3300
3200
3200
3200
3700
3200
3200
3100
3300
3100
3400
4200
3800
3200
3200
3400
3100
3600
3100
3200
3700
3300
3200
3100
3100
3200
3500
11100
6500
5800
4900
4900
5700
5000
5400
5500
5700
4700
4400
12600
8700
4900
4400
4300
4900
4200
3900
3900
11300
5500
4800
5300
4600
4300
4300
4700
4800
4700
12400
8000
7700
4800
4500
5200
5000
4100
4500
4500
4500
11500
4100
4400
4700
4700
4400
11700
5500
4600
4600
3700
9500
4500
3800
4000
3800
5600
3600
3700
3800
3600
3700
4000
3700
8500
4400
4100
5700
3800
3600
8200
3900
4800
5200
3500
3500
3800
4600
5100
4100
4600
4100
4400
4000
6000
4400
4300
4100
7600
3700
3700
3500
4100
3500
18500
5000
4200
3500
8700
3400
3500
3300
4000
3200
3100
3100
5200
3200
3000
3000
4200
3200
3300
3000
3100
3100
3800
3200
3500
3700
7100
3300
3200
3200
3400
4100
3300
3300
3100
3100
3200
3100
3100
3100
3500
3400
3300
4400
3700
3300
4000
6700
34900
4000
3000
2300
2500
2200
2100
2000
2200
2000
2400
2000
2300
2000
2300
6000
3000
2300
2200
2000
2200
2100
2300
2100
2400
2100
2000
2100
2800
2200
2300
2100
2300
2300
2200
2200
2300
2000
2100
2100
2300
2000
1800
2100
2500
2100
2200
2100
18100
2200
1400
2400
1300
1200
1500
1400
1400
1400
1300
1400
1300
1300
1100
1400
1300
1200
1400
1200
1300
1500
1300
1200
1400
1300
1300
1500
1300
1200
1400
1300
1400
1500
1200
1200
1200
7500
1400
6400
11000
1300
1200
92300
1600
1600
1600
1300
6900
4300
6000
1200
1100
1400
1100
1000
1500
1200
1100
1100
1000
1200
1300
4400
1300
1100
1100
1100
1200
1100
1300
1100
1300
1100
1400
1100
1000
1200
1100
1100
1100
1100
1100
1200
1100
1100
1000
1000
1100
1400
1100
1100
1000
1000
1100
1300
4000
16200
1300
900
1000
1000
12300
1600
1100
900
1000
900
1100
900
900
900
1000
900
900
900
900
900
900
1000
1100
1300
900
900
900
1100
900
3100
1600
1300
1000
1200
1000
900
1100
900
900
900
900
1000
900
900
900
900
3000
8200
1000
700
700
700
900
700
800
700
700
600
800
1100
700
1100
800
800
900
700
3400
700
600
600
900
600
700
700
600
700
900
600
700
700
700
800
700
700
700
600
700
700
900
600
600
700
700
600
