840800
160300
46400
33200
32100
25900
29500
35400
48100
31600
47400
35500
31600
27500
33400
33700
52900
32300
50200
46100
31000
32000
35900
63400
53900
64000
69400
92400
65800
31000
27300
24500
42800
57700
29300
27100
27700
42000
25200
30600
33600
14300
17500
18000
13500
13500
17600
16900
31400
22400
30000
17000
14500
13800
16500
14100
114700
17500
37000
26300
16500
13500
27300
25200
35600
19600
20400
29900
27800
17900
15100
15300
40500
45000
20700
14700
18700
13800
15200
15500
17900
11700
12700
14600
10200
10000
14400
13200
12800
24200
13900
13800
11300
9900
12300
16500
18900
12200
21300
22600
16300
12400
28700
14200
31200
15200
12200
24400
35000
13900
12100
11500
32800
38200
14800
18900
12900
11600
10900
11000
15400
10900
10500
13900
10100
8200
12000
23900
12000
34300
16000
9500
9300
8400
10700
9300
14900
9700
21000
11200
9700
10200
11400
9100
31800
14800
11200
21600
27700
11900
11500
15300
22700
31700
12400
11100
10900
10200
10300
9900
21400
8700
12500
15300
9700
8500
11900
10800
10900
17100
11600
9100
10200
8600
10200
9300
17000
9300
20800
10900
10100
9900
11600
9100
16900
11800
21900
26100
12100
10800
10000
10400
15200
26600
19800
20900
15100
12000
10800
12400
11600
8700
13600
29700
10500
9200
10100
11400
10400
15900
10700
8600
8400
7400
10400
8800
15900
9500
16500
9600
9200
8600
10000
8400
12600
10800
24300
21000
12800
16600
10600
12600
21000
21500
16300
29900
27700
17500
15800
16700
49600
28800
24600
25700
23300
26400
23700
22800
27000
29300
21800
29100
29000
25000
23000
26500
27500
26500
25600
25700
25400
32200
27700
34400
39900
28900
28100
27400
36300
36700
41800
27800
115900
22900
18700
18300
29100
29400
54000
24100
48300
21400
24400
21900
20200
17000
182800
182500
72500
33400
22300
35200
20900
20000
13900
12800
14400
13700
12800
12700
13600
19500
13800
17100
20300
14700
14000
13900
13800
18800
22400
12800
62400
7300
6400
6300
15500
11900
6300
11900
13200
12700
12700
19100
11300
10300
9500
9900
13900
13800
10600
11700
10200
13000
10700
10100
12300
11300
10500
10600
12700
21900
10600
13800
22200
12200
11000
11700
10800
14600
15500
11300
68700
7400
6400
6100
16200
10500
6200
10900
12800
10500
12900
10000
9500
9600
9800
9800
12300
13800
10900
10100
10300
13600
11500
13700
13700
12600
16800
17600
16400
15100
11800
13500
55800
21800
11300
10300
9800
16700
17200
34500
142300
20500
9500
12900
39300
12500
8800
11800
12900
9200
10400
20300
7900
7800
7900
8100
13100
17900
10300
9500
8500
11800
8500
9400
10800
8700
9400
13000
12100
9600
9800
72700
11400
7100
6300
5800
6100
14400
6100
8700
52200
8300
4700
4900
13900
10200
4600
25900
8100
5100
6400
5100
4900
4800
5000
4900
6800
10500
6700
7400
6200
6400
14900
5500
6000
5500
6800
7900
6900
5600
5200
5900
6100
5800
5500
5400
5900
7100
5500
8700
55400
9200
5500
4600
4500
12200
6500
4700
13400
13200
5200
4700
4700
5200
6800
4900
6000
4900
4900
6300
6500
5000
4900
5400
7100
6800
5100
5500
5800
6300
20700
8300
14400
11500
6000
6900
5600
17400
6500
6200
18900
4700
4100
4400
4400
4800
4300
4700
7100
4900
5500
5400
5200
5400
4800
4700
5600
4900
4900
91600
28300
7200
5600
4900
7300
8100
5100
5100
5200
5000
6300
9200
11300
8800
6900
16100
6600
6200
6900
7500
25600
6700
6200
6500
6600
9200
6700
6300
9900
7400
12200
8500
9200
8700
7600
7300
8300
7800
7700
7600
7600
7700
9700
8000
9600
11000
8200
8100
8000
8000
13300
8200
13700
11900
8800
10200
8500
7700
9000
7800
23700
13800
11700
19100
6300
5400
4300
4200
5700
9800
5300
6400
4400
5500
5800
4600
4700
4000
4200
4000
4100
4300
6000
4200
4700
4200
4400
4300
5400
4700
4900
4200
7500
6800
4800
5500
4500
4400
4300
4700
14400
4400
3800
4000
4800
4500
4000
4000
4700
4100
4600
4500
11700
4600
4000
3800
4600
4100
4200
4700
4000
4000
6700
4000
4700
5500
4300
4800
6200
4300
5100
4200
5500
7300
4400
4400
4500
4500
5600
4400
12600
4200
4200
4100
3900
4100
3800
5800
4300
3700
4300
4500
3900
4700
3700
4800
4100
4100
4000
3900
3800
4000
5000
3900
9300
4100
4200
8600
25200
3700
3800
3600
4700
6500
4000
3700
3800
3900
5400
3900
13400
4900
3700
4800
4000
3600
3600
3400
28000
6900
3200
3600
2900
2600
2800
2800
4300
3100
3300
3000
5800
3100
3000
3900
5100
3200
3100
3200
3100
5400
4100
3500
5300
3600
3500
3300
3600
3200
3400
3400
11000
4700
4400
2900
2800
3000
2700
4200
23900
10400
4000
12900
3100
2800
2900
2600
8700
3000
3000
3100
2900
2800
2800
4000
5200
3200
2900
3100
2900
2900
3900
3000
4600
3100
3300
3000
3100
3100
3300
3300
10600
4300
4600
2900
2700
5100
2700
4000
4200
2800
3400
2800
2700
2700
2500
2600
3400
4100
2900
3900
3400
2800
2900
2900
9300
3000
2900
3000
2900
3200
4000
3000
4000
3600
3100
3100
3100
3000
3800
3200
10600
4300
4200
2800
2700
2900
4100
5300
3700
2800
3100
2800
2600
2500
2500
2400
3200
3400
2700
4100
2600
2700
2800
3100
4800
2900
2800
2800
2700
3000
2700
4300
7700
3000
3100
2900
3000
2800
2900
3000
10000
4100
4000
2600
2400
2700
2700
3800
3900
2800
2800
2500
2500
2400
2400
2400
3100
3400
2700
3500
2600
2600
2600
2700
4600
2900
2700
2800
2700
2600
2700
3900
24200
3300
3400
3400
3300
3000
4400
5700
13900
4600
3900
2700
2500
2500
2500
3900
4000
3200
3200
2500
2700
2300
2400
2400
3100
3400
2700
3700
2700
2500
2900
2700
4500
2800
2800
3100
2700
3000
2600
3900
5300
3000
2900
2900
2900
3100
4200
3200
10100
2700
2600
2600
2700
2700
2600
2600
4900
4900
2900
2500
2400
4200
2400
3000
4800
4800
2800
2700
2800
2600
3700
3600
6900
5400
2900
2900
2800
2700
3800
2800
6500
3800
4400
3000
2900
5700
4500
4400
21200
31000
3800
4800
24200
15000
5500
4100
29300
14300
8100
9800
4600
8700
4300
5400
10900
7200
5000
5100
8000
4600
15200
6500
18300
7800
5100
5500
4900
5100
6500
5000
11300
29900
13600
7500
3300
24100
22300
3400
25200
2900
2600
3800
3800
2800
2500
2500
6500
3400
3100
2600
3800
2500
2600
3100
9400
4900
3000
4000
2800
4200
3400
10900
6400
12800
3000
2900
2800
2900
3200
2900
5600
3100
3100
2900
2900
4700
2800
2900
14200
5100
2500
2400
2600
2500
2400
2300
4500
6900
5600
2400
2400
2200
2200
2700
3500
3800
2700
2700
2600
3400
7300
3400
4100
4200
2600
2800
5000
2900
2900
4500
5500
3000
3100
2800
2800
4600
2900
3000
13200
2500
2500
2600
2700
2600
2400
2500
4600
3000
2900
2500
2600
2300
2800
3000
3800
4100
2900
2900
2800
3600
6900
3300
3500
5800
2700
7400
2700
2600
2800
4100
5100
5300
2800
2700
2800
2700
2800
2800
12000
2400
2300
2300
2300
2500
2800
2400
4100
3400
2500
2100
2200
2400
2200
2600
2700
3500
2600
2800
2600
3300
2400
3300
3400
3800
2600
2600
2700
2800
2800
4100
9200
4000
2700
3400
2600
2700
3200
3000
12700
3000
2400
2500
2400
4400
2600
2600
5300
2500
2500
2500
2300
2200
2300
2500
3000
2700
2300
2700
3300
2600
2400
2700
3900
2600
3900
3000
2700
2500
2800
2600
3900
2700
2700
2800
4000
2800
2700
2800
10300
2500
4000
4600
2600
2200
2500
2400
3600
2700
2400
2300
2300
2300
2900
3500
7100
2600
2400
2600
3000
2700
2700
2600
3400
2500
3500
2600
2900
2700
2600
2500
3500
3200
2600
2800
4100
2600
2700
3100
10400
2400
3600
3700
2300
2300
2600
2300
4900
2500
2600
2400
2500
2300
2600
4300
3700
2600
2700
2700
2500
2400
2500
2800
3100
3100
3600
2500
2500
2900
2800
2600
7600
2800
2600
2700
3900
2700
2800
2700
9500
2400
3600
3800
2300
2300
3900
2300
3700
2400
2500
2300
2400
2200
3300
3900
3800
2600
2400
3100
2800
2400
2500
2600
3300
2700
2600
3100
6800
2700
2600
2700
3400
2800
3000
2700
3800
2900
2700
2700
9400
2400
3800
3600
6600
2400
2400
2200
3600
2600
2400
2300
2200
2200
2800
4200
3600
2600
2500
2500
2600
2600
2500
2600
3000
3000
2700
2500
3900
2700
2600
2600
4000
2800
4000
2700
2800
2600
2800
2900
10300
2300
3600
3700
2300
2300
2600
2300
3900
2600
2400
2300
2300
2300
2700
3000
3800
2500
2600
2500
2600
2400
6700
2500
3000
2800
2800
2700
3500
2900
3000
2700
3600
2900
3800
3000
2800
3000
3000
3000
9300
3200
2300
2300
3900
2400
2400
2500
4500
2400
2400
2800
2500
2500
2400
2300
3200
2700
3100
2900
2700
3200
2900
2500
3600
2800
3000
3600
3700
3100
2900
3300
4000
4200
3000
2900
3000
2900
3200
2800
10200
3000
2600
4000
2600
2500
2600
2400
3500
2400
2400
2300
2300
2300
2200
2600
3000
2500
3100
3100
2500
2900
8000
2600
3200
3000
3100
3500
4300
2800
2600
3200
3800
4200
2800
2800
3200
2900
2900
2800
9800
2700
2600
3700
2800
2500
2400
2400
4100
2500
2500
2400
2400
2500
2300
4700
2800
2900
2600
2600
2500
2800
2700
3000
3800
2700
2700
3700
3700
2700
2600
2900
7500
4500
2800
3000
2800
2800
2800
2700
9600
3000
2500
4500
2500
2300
2300
2300
3900
2400
2500
2400
2500
2200
2300
2800
2900
2500
2500
2500
2600
2800
3000
2500
2900
2600
3900
3800
2700
3400
3900
2700
4200
3800
3000
2900
2800
2900
3000
2600
10300
2500
2400
8400
2800
2600
2300
2500
3600
2900
2300
3600
2500
2300
2300
3800
3800
2700
2500
2600
2500
2500
2500
2500
3200
2900
3900
3600
2800
3300
3600
4000
3600
2900
2700
4100
4000
2900
2900
2900
9900
2400
2300
9800
7900
2600
2600
2500
3800
2400
2600
2300
2200
2200
2300
2800
7600
2500
2500
6700
2500
2500
2400
2400
3100
2600
3800
3300
2700
4200
3100
2600
3600
2900
2900
4000
4300
2900
2800
2800
9500
3800
2300
2400
2700
2500
2600
2300
4900
2500
2500
2400
2400
2300
2400
2600
3300
3000
2400
2700
2900
2500
2400
2600
3300
2600
2800
2700
2600
2600
3000
3300
3900
2900
4000
2800
2600
2800
2900
5000
9700
2400
2400
2300
2600
2500
3500
3600
3900
2500
2900
2500
2500
2300
2400
7300
3000
3000
2700
2400
2700
2400
2400
2700
3100
2600
2900
3100
4800
2600
2800
3300
3900
2700
3600
2700
2600
2600
2900
3400
9600
2400
2300
2500
2400
2400
3500
3300
4200
2700
3000
2500
2400
3200
2400
2400
2800
2800
2600
2500
2700
2400
2700
2500
3100
2800
2600
2600
2500
2600
6900
3400
3600
2700
3600
2700
2600
2600
2900
3300
10200
2400
2300
2500
2800
2400
3500
3200
4100
2800
2700
2500
2400
2600
2300
2300
2900
2800
2700
2500
2600
2400
2500
2600
3100
3600
3300
2800
3300
2900
2800
2900
3900
3000
3800
2700
2700
2800
2700
3300
13900
2300
2400
2300
2300
2300
3500
3200
4300
2500
3400
3500
2500
2500
2300
2400
2900
2700
2600
2600
2800
2500
3000
2700
3000
3500
2800
2700
3300
2900
2800
2700
3400
2800
2900
2900
2900
2700
2700
3800
10100
2400
2800
6700
2300
2400
3800
3200
4200
2700
2800
2400
2500
2700
2500
2300
2800
2600
2700
2600
3800
2600
2700
2800
3100
3700
2700
2900
3400
2800
2800
3100
3200
2900
3200
2800
2700
2700
2900
3700
9600
2900
3500
2300
2300
2200
2500
3400
5000
2600
2600
2500
3200
2500
2400
2400
3300
3600
2700
2600
2600
2500
3000
2600
3400
2700
2700
2800
2500
2700
2700
2800
4900
3200
2900
2800
3800
2900
2700
2800
10400
8500
2500
2900
3700
2600
2500
2800
4900
2600
2500
2900
2500
2400
2400
2400
4300
3300
2600
2800
2500
2600
3100
2700
3200
2700
2900
2700
2500
2600
3100
3900
4700
2800
3000
2700
4000
2800
2700
3000
10700
3600
2400
2600
3400
2400
2600
2500
27700
3600
2600
4700
3700
2700
6800
2400
13700
9100
4500
2600
7700
3000
5600
3000
6400
2800
2500
2600
2500
5100
2700
2700
9300
2900
3800
2800
3800
2900
3800
2800
12500
3700
4700
2300
3600
5000
2500
2600
5100
5500
2600
4400
2600
2400
5000
2400
3300
2500
3600
2600
3300
2500
2500
3500
3400
6400
2600
2600
2600
2600
9400
2800
4900
2800
3000
2600
3700
2900
2700
5600
10100
3700
2300
2200
3500
2300
2300
2300
5800
2700
3300
3900
3200
2400
2400
2300
3200
3500
2700
2700
3700
2500
2500
2500
4700
4100
2700
2900
2700
2600
6900
2800
3800
2800
2700
2700
2700
5600
2600
2600
27000
3600
2200
2200
5200
2500
2300
2300
5200
2600
2600
3200
2600
2400
2300
2900
3400
2500
2700
2700
3600
2500
2600
2600
3500
3700
2800
2600
2600
2600
3800
2700
5700
2800
3400
2700
2900
2700
3400
2700
11000
2500
2400
2200
3600
2400
2200
2500
6000
2600
3300
3900
2500
2600
2400
2400
3300
2700
2800
2500
2500
3200
3600
2700
5100
2900
7400
2700
2600
2700
2700
4200
4300
2900
2900
2800
7700
2700
4000
2900
10600
4900
2700
2400
2300
2300
2300
2600
5500
3800
2600
2600
2400
3000
3000
2800
3200
2600
2700
2600
2500
3300
3600
2600
5400
2800
2800
2700
2600
2600
2500
3800
5200
2800
2700
2700
2800
4400
3800
3000
10700
4000
6500
2300
2400
2200
2300
2600
5100
3300
2600
2600
2400
2800
2900
2500
3200
2700
3700
3700
2700
2900
2600
2500
4600
2800
3100
2800
2500
2600
2500
3700
4000
2700
2700
2600
2800
2700
3800
2900
9600
3800
2400
2700
2400
2300
2300
2400
4900
3200
2500
2700
2400
2800
3000
7000
3100
3100
4200
3500
2600
2700
2800
3000
3800
2800
2800
2700
2600
3900
4100
2800
3900
2800
2800
2700
2800
2700
3800
3000
9800
3900
2300
2500
2600
2200
2300
2500
6000
3100
2600
2500
2500
2900
2900
2400
3400
2600
3400
3800
2600
2600
2600
2500
3900
7000
2900
2800
2800
3800
7700
2800
4900
2800
2900
2800
3100
2800
2800
4600
9700
3900
2500
2400
2400
2200
2200
2400
12700
6100
4400
4200
3600
4500
5800
4100
12100
3900
6800
4000
2800
2800
2900
2600
3700
3300
3000
2900
2600
3700
3700
3300
14000
3000
2800
2800
2900
2800
2800
5500
19400
2700
2500
2300
2700
16000
4300
2800
