625200
30900
27800
20700
103200
19900
21300
31400
32800
19300
19900
23300
22700
19800
30600
23100
35600
25300
21600
22000
34700
22400
31500
40800
43900
34900
38900
24700
25200
23900
29900
26200
37100
29100
28000
62200
28800
26600
36900
67200
24500
13600
19900
12900
33100
16300
14200
16800
923500
32900
17400
18600
19100
18500
18100
21500
29900
18400
16700
17400
26900
19800
24700
23400
33500
19200
29800
15800
15000
13300
12900
15900
31800
18900
21500
37100
19000
25800
15800
41300
14300
111800
13200
10900
12800
12300
9700
17200
17500
11000
11300
11000
18200
14600
13800
21400
20500
12500
15500
11000
17600
12400
47200
19200
21700
14700
23500
13600
12600
11500
11700
12200
26100
16600
13400
27300
16000
13200
12900
28900
11900
9900
11900
10100
15500
10600
9600
25200
13600
11100
10900
11000
27800
11900
12900
23900
16700
12100
19000
10800
9700
9700
12200
10300
15400
13000
21000
11600
11400
11000
10400
11800
16900
15300
13000
31400
13900
12300
11500
48700
12300
13400
13000
8300
12500
10300
8200
10100
10500
9800
13700
9900
16100
10800
11100
15600
15600
10400
9600
9700
8700
9400
10400
9600
13300
11500
9900
11300
20500
12500
15700
17200
15700
16400
11400
26100
16400
11900
18200
25000
13400
9600
10200
20900
14100
9300
8000
10500
13100
8900
9000
8300
20600
9300
10400
14900
12000
11800
9000
8900
8400
9100
9800
8900
11600
10900
9200
16900
17600
23800
22500
14700
14000
19900
26800
16700
17500
15400
15700
16300
39100
27300
21800
23600
27100
26800
27500
22900
45100
30300
29200
23200
21900
21900
22000
24400
25700
25200
22500
24300
23300
23400
23900
23200
37800
28300
26200
27400
35900
24200
24400
23400
106600
51700
14200
12400
27600
11300
10900
11100
33400
26800
20600
18200
16200
16300
16700
20500
31000
20200
19400
12700
12800
12700
12700
12500
17600
14400
12300
12200
11800
18900
12800
11400
23000
15300
12800
16800
13800
13000
12900
13000
76100
12500
10600
10200
29900
10900
10600
9700
13200
25700
16000
11600
10200
11000
10400
15200
16300
14000
11400
10900
20400
18900
12400
11900
13300
13300
21200
11600
11100
11900
11600
11500
23300
22900
13200
11800
14700
11900
12100
12100
80000
17300
10300
9100
31400
10100
9700
9200
12700
14400
11900
10400
17100
11100
10400
10800
11200
11800
11900
10300
16900
14900
13200
9900
16200
24800
15800
11800
11500
10700
11100
11500
21200
14100
12300
11300
11600
11800
11900
13700
38100
9400
9100
8800
16200
9100
9000
9200
14200
14500
12100
10200
9500
9300
10800
10500
10600
18700
10700
10200
14000
13800
11300
35300
16200
16500
15000
10100
11500
9700
47300
16500
12400
7200
13800
12500
6700
10000
6900
7000
26200
5300
12700
4900
14700
5100
5000
4600
6500
7400
6800
6000
5600
5400
5600
7100
6900
9500
6400
6500
10000
10300
6800
5800
12000
10900
10600
6100
5900
6000
6400
6000
7900
6200
6100
11900
6800
7000
6700
10100
31300
5500
5700
4800
5600
10700
4800
4500
36800
6100
5400
10400
6000
7900
6500
5700
11200
6800
6500
6800
6100
6700
6400
9100
8500
6300
7200
6300
7300
6200
6500
6500
8000
12700
6800
6400
6300
6500
6600
7300
23200
4700
4400
5400
4500
4500
4600
4500
7000
9000
6300
6200
5600
6100
5700
5900
12400
4300
6100
5300
6600
6100
5500
8400
7300
6200
5800
6200
6200
5800
6200
6800
8400
6600
6700
6500
6400
6200
6600
6500
24400
4500
4500
4800
4600
4500
4700
4700
10200
8500
5900
11200
5500
5700
5600
6200
6600
5700
5900
9600
6300
9000
7100
6600
7100
9800
6700
6100
6200
6200
5900
5900
8300
6100
6200
6100
6600
6200
6300
6100
23700
4500
4400
5000
4400
4300
4500
4500
7100
6500
5500
5000
37400
7100
6800
17100
11900
5400
5400
11800
5700
8000
6000
5900
34900
10300
6900
5900
6000
7200
6100
16500
8300
7500
7100
6300
10800
6900
6200
6700
22200
4500
4300
4500
5400
4200
4400
4500
6900
6800
5500
5700
5400
6000
5800
14900
8000
4800
4200
13200
6000
26500
9800
5300
10400
10800
5800
5800
5800
6300
5700
8900
6600
5800
6500
6000
6400
6000
6100
5800
21500
4000
4100
4000
5300
4000
3900
4200
6000
5500
5400
5100
4900
4600
8200
6400
5600
5500
5300
7900
12000
5800
4000
3900
8800
4400
4100
4000
4200
4500
4400
7100
6000
4800
4700
4500
4800
8200
4400
4500
21700
4200
4300
4100
4400
4000
3800
3800
18200
3400
2500
2300
5600
3500
2600
2500
3600
2600
2400
4700
2600
2400
2500
2500
3400
5200
2800
2600
2900
6300
4700
2700
4000
3000
5800
3500
2700
5800
3000
6200
13300
2900
2500
2700
12300
2800
2800
2500
4900
2700
2700
2300
3600
2800
13700
6200
16300
4400
4200
10000
4400
4200
10700
4700
7100
15500
5200
4700
4800
8500
8600
4400
6300
4500
10000
4800
4500
10300
4800
10400
40100
4100
4400
4400
21100
4200
4200
6800
17300
4800
3800
3800
5100
3800
4500
3800
4900
4000
4000
4700
6600
6600
4400
4100
5700
7700
4400
4300
4500
11100
9000
4400
6500
4700
9800
4800
4600
10600
5600
11200
20500
3800
3000
3500
39600
4600
4200
3800
13500
4000
3900
3800
5200
3800
4400
3900
5100
4000
4100
4500
6000
5600
4300
4200
6300
4500
4100
6800
4400
4100
4400
4700
6200
4600
7200
8300
4500
6900
5000
7200
30000
5300
4200
4100
9600
4000
4400
4200
6100
4000
3900
3700
4800
3400
9100
3700
4600
4100
4500
4400
7400
5600
4400
4000
5300
4600
4200
6500
5200
4500
4400
4200
5000
8000
5000
5000
4800
7300
7800
9400
23500
4200
4200
4600
12900
12700
4500
4100
6100
4700
4100
3700
4600
3700
4300
3800
4900
4100
4200
10200
5500
5600
4500
4300
6400
4000
3300
6200
4300
4100
4000
4300
5800
7400
4400
4400
4500
6800
6900
4200
20300
4000
7600
4600
4600
7000
4300
7400
4800
3800
3000
2400
2300
2300
2700
2600
4600
2900
3200
2600
2500
2600
2600
2400
4000
3900
2900
2600
2700
2700
2600
2900
3900
2900
3200
2900
2900
4300
2800
4800
12100
2800
2500
2400
2400
4100
5700
2400
4300
2500
3900
2400
2400
2800
2400
2300
4800
2500
3100
3400
2600
2300
2500
2300
4300
4500
2700
3100
2500
2600
3400
2600
4500
2800
2500
2800
3700
6500
2700
2600
12500
2300
2200
3300
2300
3600
3700
2700
4700
2500
3000
2500
3200
2700
2300
2300
3800
3300
3300
4000
2500
2500
3200
3300
3200
4400
2700
2600
3400
2600
2500
2600
4400
2800
3500
2900
2700
4700
2700
2600
11500
2400
2300
2600
2300
4500
3900
2400
4000
2500
2800
2500
3200
2500
2200
2400
4100
3100
3100
3400
2400
2400
3000
3700
5600
2800
3600
3500
2700
2600
2600
2600
4300
2700
2700
2800
2700
5300
2700
2700
10800
2400
5900
2400
2200
4400
4200
2600
3700
2300
3800
2700
2400
2500
3100
2200
2900
3100
3300
2600
2500
2400
5200
2400
4500
2800
3600
2900
2600
2600
2700
3200
3300
5200
2800
2600
2900
2700
2700
2800
9600
2500
2200
2400
2300
3800
4000
2300
3300
2500
5800
2900
2400
2600
2400
2200
3100
3400
3600
2500
2500
2600
3100
2600
4600
2800
3700
2700
2600
2700
3100
2600
3600
4100
3000
3200
2800
2800
2900
2900
10500
2400
2300
2500
2500
7500
2400
2200
3800
2500
2400
2600
2300
2900
2400
3000
3600
3500
3300
2700
2500
2600
2400
2500
4400
3700
3100
2700
2700
2700
2800
2600
4000
2900
4300
3300
2900
2700
2700
3000
9900
2500
2600
2600
2400
2600
2400
4200
4200
2500
2500
3000
2300
2300
2300
2800
3900
3400
3000
2700
2400
2400
2500
2400
4500
3600
2800
2600
2500
2800
2600
2700
3700
2800
4500
3100
2800
3100
3000
2700
9700
2500
2400
2900
2300
2600
2300
4100
4100
2500
2400
3000
2800
2300
2200
2400
2800
2700
2600
2800
2400
3300
2600
3800
4600
5000
2800
2600
2700
2600
2800
2700
3800
2900
4100
2900
2700
2700
2600
2800
10200
3800
2600
2400
2500
2400
2400
7400
3900
2500
2700
2900
2200
2300
2800
2500
2700
2600
2500
3100
2400
3200
2600
3300
4200
3700
3800
2700
2600
2600
2800
2600
3900
3000
4400
2800
2700
2600
2800
2600
9700
2400
2300
2600
2300
2300
2500
4000
3800
2400
2500
2600
2200
2200
2100
2400
2700
2600
2600
2500
2700
3200
2800
3300
4200
3700
4200
2800
2600
2600
2700
2600
4800
4100
3200
2800
2900
2900
2800
2600
10100
2500
2400
2600
2300
2300
2300
4100
4100
2500
2400
2600
2300
2300
2400
2200
2600
2600
2900
2400
2400
3300
2700
3200
4000
3700
6400
2800
2600
2600
2600
2600
4700
4100
2700
2700
2700
2900
3000
2600
9400
2900
4100
2500
2500
2500
2400
2800
6900
2500
2400
2300
3700
3500
2600
2400
3000
3500
2600
2400
2600
2900
2400
2400
4100
3800
3300
2700
2800
2600
2600
5300
3900
2900
3100
3000
3900
2800
2700
3100
13400
4200
3900
2600
2700
2400
3600
2700
6100
2800
2300
2400
2900
2300
2400
2300
3100
3100
2600
2400
2700
2400
2300
2400
6100
3500
3800
2800
2500
2600
2600
3400
3700
2900
2700
2800
3900
2900
2700
3200
9400
4100
3500
2700
2400
2300
3700
2500
3500
2900
2600
2400
2800
2300
2400
2400
2800
2600
2500
2600
2600
2400
2500
3400
3600
3300
3400
2700
2600
2500
2700
3200
3800
2700
2800
5700
3800
2800
2600
2900
9700
3600
3800
2600
2400
2300
4000
2500
4200
3000
2400
2800
3100
2300
2400
2400
3200
2600
2500
2500
2500
2700
2500
2400
3200
3700
2700
2700
2600
2600
2600
2600
3700
2700
3000
2900
3700
3000
2600
2600
10400
3700
3700
2400
5400
2300
4000
2600
3700
3100
2400
3500
2800
2300
2300
2200
3200
2600
2600
2400
2700
2400
2400
2400
3200
3500
2800
2700
2600
2600
2600
2600
3400
3700
4000
2800
2700
2900
2700
3700
10000
3700
3900
2400
2400
2400
3900
3400
3900
3100
2300
2400
2800
2400
2700
2200
2800
2600
2600
2500
2600
2500
2600
2400
3100
3900
2800
2500
2700
2800
2600
2900
5100
4100
3900
2900
2800
2900
2700
3800
10800
2400
2600
2500
3900
2500
2400
2600
4300
2700
2500
2400
2500
2900
2500
2600
3500
2700
2500
3900
2500
2500
2700
3400
3200
2900
2700
2600
2600
2600
2900
2700
3600
2900
3000
2800
2900
2800
2900
3900
9600
2500
2500
2500
2600
2500
2500
2400
4000
2600
2500
2400
2400
2600
2400
2900
6300
2700
2600
2500
2500
2600
2600
3100
3400
2700
2900
3100
5100
2600
2800
2600
3400
2800
2600
2700
2800
2700
3000
3600
9800
3000
2700
2400
2300
2500
2400
2600
4200
2600
2500
2700
2600
15800
2600
42800
14000
10700
3800
3700
4100
7100
4100
3900
6100
4500
4500
4500
4500
4200
4600
4200
8900
5000
6000
4900
5300
4800
4900
6500
13900
5000
5100
5200
5100
5200
5200
5000
5500
3300
3300
2900
4500
2900
2800
3500
4800
4000
3500
3700
3600
4600
3700
3600
9900
4600
4700
4300
4200
4200
5000
28600
6000
5100
5100
4800
4800
4800
5100
6500
12700
4900
5300
5200
4900
5300
5000
4900
9600
3200
3400
2900
2900
3000
2900
3400
4200
3700
3600
3600
3700
4900
4500
3600
7300
4500
4400
4700
4200
4400
4600
5600
6200
5100
5000
4900
5100
5100
4900
4900
12900
4900
5500
5400
5000
5100
5200
5000
5500
3000
3100
2900
3100
2900
2800
10800
7200
4000
5000
3600
3600
4700
3700
3500
6700
4400
11600
9800
5200
2700
3600
11800
10600
4200
2900
2700
3000
2800
2700
2800
9500
2600
2400
2600
2400
2300
2400
3800
5000
2800
2600
2300
2400
2600
2700
2300
2800
2600
2700
2500
2500
6400
2900
2500
3200
2900
3200
3200
2700
3300
2700
3300
4400
3300
3000
2900
2900
4900
3200
2900
10100
3600
2600
2600
2500
2600
2900
4100
4900
2700
2300
2500
2600
2900
2400
3900
2900
5600
2500
2400
2500
3000
2600
2500
3100
2800
3300
3100
2800
3200
2600
3400
3600
2800
3000
2800
2800
2900
2800
2800
11500
3600
2400
2600
2400
2400
2300
3600
4600
2600
2500
2900
3100
3100
2500
2400
3100
2500
3000
2500
2600
2900
2600
3100
3200
2600
3300
3400
2700
3200
2600
6500
3700
2800
2700
2700
3500
2700
2700
2800
9600
3600
2500
2500
2400
2700
2300
3700
4400
2800
2500
3100
3200
3100
2400
2400
4300
2600
3100
2600
3000
2700
2600
2800
3000
2800
3000
2600
2600
4000
3800
2700
3800
2700
2700
2600
3000
2700
3200
2700
9500
4600
2300
2400
3400
2400
2400
4400
4700
2600
2300
5700
2700
2600
2400
2400
3800
2600
2700
2500
3300
2700
2500
2600
4000
2800
2600
2600
2700
4300
2700
2700
4200
2700
4800
3500
2800
9500
2700
4400
10500
3900
2300
5000
2600
2400
2300
6000
4400
2600
3400
2500
3000
2800
2700
2900
4500
2700
2700
2500
2500
2700
3200
2600
3100
2700
2800
2600
2600
3600
2800
2700
3400
2700
3800
3800
2800
5300
3400
3700
9400
2600
4300
2400
2600
2500
2500
2400
5100
2700
3000
2600
2400
2700
2900
2900
3700
2600
3400
3000
2600
2600
3500
2900
3600
3200
2800
2700
2700
2900
2700
2800
3900
2900
3400
4000
4000
4100
2900
2800
15200
2700
2600
2700
2500
2700
2400
2500
4800
6500
2700
3000
2900
2400
2500
2500
3500
2600
3400
2900
4100
2600
3600
2800
3400
3000
2700
2700
2600
2900
2700
2700
4200
2800
2900
3000
3900
4000
2800
2700
11600
2500
2500
2500
2500
2900
2400
2400
4600
3300
3800
3200
2600
2600
2700
2600
3000
3300
3800
3400
5700
2800
3400
3900
3400
3000
2700
2800
2700
2800
4000
2800
3600
2800
2800
2900
4100
3900
3300
2800
11000
2600
2400
2800
2500
2700
2600
2400
4600
3000
2500
2600
2500
2400
2700
2500
2900
2700
4100
2700
2600
3000
3700
3100
3800
2700
3600
3000
2800
2700
7400
2900
3800
4200
2800
2800
4600
3900
2900
2700
11000
2600
2400
2400
2500
2600
2400
2400
5100
3300
2900
3000
2700
3100
2600
2500
2900
3200
3400
2500
2600
2900
3500
3300
3400
2800
4000
2900
2800
2700
4100
2900
3900
3000
3100
2900
2800
2800
5900
3100
10800
3000
2400
2500
2500
2800
2500
2300
4500
3100
2600
2800
2500
2500
2700
2500
2900
2800
3200
2600
2700
2600
3200
3100
3400
2700
3800
2800
2800
2700
4400
2900
3700
3000
2900
3000
2700
2900
2800
3100
13400
2600
2500
2500
5400
6800
2700
2500
