837800
31600
26800
19300
137900
27500
30200
81800
48000
29500
32900
48800
42800
41500
41500
54900
78000
34900
35900
63200
31800
30400
33800
37900
51700
48800
38800
64500
66800
39100
37400
34800
57900
45100
38100
67300
38400
71100
53800
38900
26000
18200
24500
17300
39500
24600
28400
35500
27200
20000
21100
37000
29700
46000
32800
33900
74300
23600
20100
46700
21800
20200
30900
20300
37400
28900
21400
69400
53000
27900
20400
23900
41900
27400
23200
112100
25900
51500
23000
21900
18900
15000
18500
16100
13800
16200
27300
28000
20800
15800
20500
16100
29400
18500
23100
19900
51900
26200
17100
37800
24600
13600
23000
12700
22000
15600
12300
23200
26800
14100
12200
11400
39100
16800
13900
27800
14900
23900
13800
12400
19000
14100
17600
15300
18800
14000
25900
37900
19200
16000
18200
14300
23600
15300
17500
16800
22200
15900
16000
34500
29700
36000
20500
35600
25600
21200
17700
39800
37100
20000
19300
16600
26400
32700
20600
54200
21900
31400
21300
20300
17600
14500
20300
13900
14000
14400
16600
19200
17300
15700
17500
14400
28200
15100
17700
15600
1216900
25500
13700
17300
21400
19300
18700
20100
20600
12500
11300
23300
11600
10700
9500
12100
14800
21800
15700
31900
16800
25600
16800
18900
14200
12300
15600
69200
17800
14200
42900
21300
19100
13400
14000
12100
17700
13500
17200
13900
21200
14400
13900
21600
19000
19100
17400
18000
32100
17700
18900
23100
16500
27600
14000
14100
19700
23700
13700
22500
25800
16600
15400
14600
29700
23900
21600
22900
20000
22900
21100
19900
23200
27700
24600
21900
26800
23100
21500
23700
27800
25000
24100
23700
32400
24600
23400
60500
30800
22700
23600
19000
20600
17500
22000
19500
89000
14000
27200
11800
10300
10300
9800
19200
31400
26800
17500
16200
18200
16200
16000
19700
19700
21600
26500
16000
18500
17900
18400
17000
21000
19500
17200
18100
31200
19100
18100
17200
23600
20500
24000
21600
17600
18700
20600
25800
98900
17600
11100
7000
7300
7300
6000
6100
15800
15700
11600
10200
10600
16200
10700
10000
11500
11100
10000
17200
10300
10000
12700
10700
12600
11700
10500
10500
11900
10600
10400
10400
13800
11400
12400
11300
10700
10700
12500
10600
54600
10200
8300
5800
5600
5600
6400
6500
9500
9100
7600
6100
9400
7000
6600
6100
7300
7100
6700
6800
6500
6800
6300
6300
7900
11900
8700
10500
13300
9100
6600
7200
10900
567400
22800
13100
12500
11500
25300
18700
72800
9300
13400
9600
9300
8700
9400
8800
13900
15300
9500
9300
10400
9300
10500
9400
12900
18000
10900
10200
10400
12900
10200
11800
11800
13000
13200
11600
13300
12400
13200
10700
12200
12300
11000
12300
14700
16000
11700
11600
207100
19400
22000
10600
10900
9200
10500
9600
16000
18100
10900
10300
14300
13000
9600
10400
11700
17000
10600
11900
11500
10500
10500
10500
38700
18800
18000
11100
13400
10600
10000
10300
12500
12700
21600
22800
16700
9100
8100
7700
31200
5800
13400
6500
5500
5700
8800
5200
24300
8100
7100
7000
6900
8200
9300
7500
9000
6700
6700
6800
7800
8500
6700
6800
8400
7000
6700
7900
6900
7100
6700
7400
8700
7700
7200
7000
7300
7400
7200
7800
28800
6200
5600
9300
9000
9900
8300
5300
15200
6700
6300
6200
6500
6800
6500
6400
8100
6800
6500
7000
6500
8500
6500
17000
8100
7100
6700
6600
6800
6800
7100
7000
8900
6200
6500
5600
7300
30600
7300
6500
26900
4500
4800
7200
7400
7700
6100
4300
21300
5800
5900
5800
5900
5700
5400
5400
6100
6100
5800
5700
5700
10800
6200
6800
7100
35900
4800
4300
4400
4400
4900
4500
6000
4900
5100
5200
6300
5200
5600
5200
21800
4700
6400
8400
8500
20000
12300
4600
5300
4900
3800
4000
4200
4000
4200
4800
4600
4400
4400
4700
4200
5800
5100
5600
5300
4600
4900
4400
4500
6600
4800
4600
6100
5000
4900
5100
5000
4900
5300
5000
28300
4100
3100
7400
7400
24700
6500
8600
4900
4000
3800
3400
3700
3800
3800
3800
7700
3900
4400
4000
4000
5000
3800
5300
5100
4300
4100
3500
4100
5600
4400
4700
5400
4900
4500
4800
4200
4500
5000
4500
22400
4300
4400
6700
8100
6300
7000
4300
5100
4500
3900
3900
4000
4700
4200
5700
4900
4800
4600
4500
4300
14600
7700
5600
5600
4800
4500
4500
5000
6600
4600
4500
5700
9000
5000
4700
4800
4800
4800
4700
28300
4400
4100
4400
4700
4200
4100
3900
29500
4700
4600
3800
3900
3700
3600
3700
5400
3900
4000
4100
4100
4100
4200
3700
5300
4400
4500
4400
3800
4200
4200
4300
5800
4500
6100
5500
4600
4400
4200
4400
21900
4000
3900
3700
4000
3800
3800
4100
5600
4100
3800
3600
3700
3700
3800
3700
4600
4100
4100
4200
3900
4200
4200
5100
4900
4300
4500
4600
3300
3500
3700
4400
5300
4400
13700
7600
4300
4500
4500
4700
18200
3800
3800
3800
4000
3900
3800
3600
5200
3100
3400
3700
3500
3500
3500
3500
5100
4100
21800
4300
3900
3800
3900
3900
7600
4200
4200
4200
4600
4100
3700
3300
5000
4300
7000
2900
2600
2500
3300
2900
10800
2600
2300
2200
2400
2200
2200
2400
3900
2400
2300
2100
2400
2100
2300
2100
2600
2600
3100
3000
2600
2600
2500
2300
3600
2600
2500
2600
2500
2700
2600
2600
3300
5700
18400
3200
2500
7100
2600
2500
10000
2500
2300
2400
2200
4400
2000
2100
6400
2100
2200
2100
2200
2300
2100
2200
2400
2500
3200
2300
2200
2400
2300
2200
2700
2600
2300
2400
2400
2500
2500
2400
2800
2600
2400
2500
2400
2400
10300
4400
16400
2200
2100
2200
2800
2700
2000
2500
3200
2500
2200
2100
2100
2100
2100
2200
2400
2300
2700
2400
2100
9700
5000
3900
4800
4000
3900
3900
5500
4100
4200
4400
4700
4000
3900
4100
4200
4100
4300
4200
17200
3700
5700
3900
4400
3600
3500
3600
11200
3500
4000
2600
2500
2500
3200
2500
3500
5600
3400
3500
2700
2700
2600
2800
10600
2800
2700
2700
4600
2700
4000
2600
4300
3100
3300
2900
3000
2800
2900
4800
12800
4800
9600
2500
2500
2400
2800
2600
3800
2900
3000
2500
2500
2800
2800
2400
3200
2500
3200
4000
2500
2600
2500
2500
4700
2900
2700
3000
3900
2600
3500
2700
5900
2900
2800
2900
2900
2700
2800
2700
10500
4300
4100
2400
2500
2300
2300
2800
3800
2900
6300
2400
2400
2700
3600
2200
2900
2700
4700
4000
3400
3500
3500
2600
7000
2700
2700
2600
3700
5000
3600
2600
4500
3700
2800
2800
2700
4100
2800
2700
11300
4800
4700
2400
2300
2300
2200
2500
4100
6600
7400
2500
2500
2800
3700
2500
3000
3600
3600
2700
3500
2500
3500
3600
3600
2700
4700
4700
7300
2900
2800
3800
3700
3000
2600
3200
2600
3900
2700
3000
11000
4900
4200
2400
2400
2400
2300
3400
3700
2500
2500
3200
2300
2400
2900
2200
3700
2500
3400
3400
2600
2500
4100
2800
3000
3500
3700
4500
2800
2700
2700
2600
5500
3900
3000
2800
4800
2700
4900
2700
14700
4100
3700
2500
2400
3600
3000
2500
4400
2800
2800
2600
2400
2800
2700
2500
2800
3000
3700
2500
4000
2500
3500
3900
3300
2600
4100
4000
2800
2800
2900
2600
5600
2800
3100
3300
4000
3000
4000
3400
10900
2600
2400
2400
6900
2400
2400
2400
4200
2700
2400
2500
2300
2300
2700
2400
3000
2400
2400
2600
2400
2900
2500
2500
3900
7000
2700
2600
2600
2600
2600
2700
3500
3000
3200
4000
3300
3000
3700
3500
11600
2400
6100
3900
2500
2300
3800
2500
3700
2400
2300
2300
2400
2200
2200
2800
3100
2400
2300
2400
2400
3100
2900
2400
3800
2700
2700
2500
3000
3100
2500
2500
3600
2700
2700
9600
2800
2700
3800
3500
10900
2500
2200
3900
2300
2600
3600
2400
3700
2300
2300
2400
2300
2400
2300
2300
2700
2500
2500
2500
2500
2600
3200
2500
3900
2600
2600
2500
2500
2800
2500
3100
3700
2700
2700
4100
2700
2600
3500
3700
11000
2400
2500
3400
2300
6500
3500
2400
4000
2500
2300
2300
2400
2500
2800
2300
2800
2500
2800
2900
2500
2500
3200
2500
3000
2700
2700
2900
2600
3400
3000
2600
3300
2800
2800
3400
2900
2600
4200
3600
10500
2300
2300
3900
2400
2300
3700
2400
4100
2700
2400
2400
2400
3700
2700
2400
2700
2600
2700
2600
2700
2700
7500
2500
2900
2900
2700
2600
2700
3700
2800
3600
6400
2900
2800
2900
2800
3000
2800
3000
11900
2400
2400
3700
2500
2300
3900
2400
3600
2400
2400
2600
2400
2500
2500
2300
2600
2500
2500
2700
2500
2600
3200
2700
3100
2800
2800
2700
2700
3700
2900
2600
4500
2900
2800
2800
2800
2900
2700
2800
9700
2800
2700
3600
3000
2500
3600
3700
4700
2800
2400
2900
2900
2500
2600
2800
3300
2800
2600
2600
2500
7400
2500
2500
3700
2700
2800
2800
2900
2700
2600
3100
3900
2900
2900
2800
3000
2700
2700
2900
9700
2900
3800
2500
2400
2400
3700
2700
4200
2600
2400
2600
3100
2600
2600
3400
3400
3200
2600
2600
2600
2600
2500
2500
3400
2700
3000
4600
2800
2600
2600
2800
3600
2800
2900
2700
2700
2600
2600
7000
9700
2700
3500
2400
2400
2300
3500
3200
3500
3900
2300
2500
3500
3000
2300
2700
3100
2600
2500
3100
4000
2600
2600
3700
3600
2700
2800
2700
2700
3100
2600
2800
3400
3000
2600
2800
2700
2700
2900
2800
9400
2400
3500
2700
2300
2300
3600
2600
3700
2500
2400
2600
2600
2400
2200
2700
7000
2600
2500
3300
3200
2500
2500
3300
3000
3100
2700
2900
2600
2700
2900
2600
4000
2700
2700
2800
2800
2900
2600
2700
10100
2300
3800
2400
2500
2300
3600
2500
3900
2900
2500
3300
2600
2300
2300
2800
2800
2500
2500
3300
3200
2600
2700
3200
3400
2700
2700
2700
2700
2700
2600
2800
7800
2900
2900
3100
2800
2800
2700
2800
9400
2600
3900
2300
2300
2600
3600
2500
3800
2600
2500
2500
3000
2500
2400
2800
3100
2600
2800
3800
3400
2600
3100
4000
3200
3000
2800
2800
2700
3100
2700
2800
3900
2800
2800
2900
4400
2800
2800
2700
9300
2500
2500
2500
2400
2300
6500
2700
5300
3200
2700
3200
2400
2400
2400
3800
3500
2700
2600
2700
2800
2500
2500
2800
3700
4000
3800
2700
2700
2600
4000
8000
4100
3000
2800
3000
4300
3000
4400
4600
10100
2800
4000
2700
12000
3100
4100
4400
4200
3200
2500
2500
2500
2500
2400
3200
3500
2700
2500
3200
2600
2700
2600
2500
3400
3400
3600
3100
6200
2800
3900
3400
7700
3100
2800
2800
4100
2900
3900
4500
9900
2500
4200
2500
10300
2700
4500
4300
4100
2700
2600
2500
2400
2400
2300
2900
3000
3200
2900
3800
2500
2500
4000
2600
3100
3600
3500
2700
2800
2600
4300
3400
8100
2900
3000
2800
4400
3100
4000
4300
10800
2600
4300
2700
5400
2700
6100
4300
4300
3100
2900
3000
2400
2400
2400
3300
3100
3800
2800
3600
2800
2800
2600
2900
3500
2800
3200
3000
2800
2700
3100
2700
8700
2900
2800
2900
4400
2800
4600
4200
9900
2400
4200
2600
4900
2700
4100
4100
4400
3100
2600
2800
2400
2300
2400
3200
3000
3400
3000
3400
2800
2600
3200
2800
3400
2800
7300
2800
2800
2700
3100
2700
5200
4400
4100
2800
3100
2800
4400
5400
11900
2600
5100
2700
4800
2800
6600
4700
4800
3500
2600
2600
2400
2700
2400
3100
3200
3500
2800
3800
2600
2600
2700
2800
3400
2900
7000
2800
2900
3100
3100
2700
3400
4300
4600
3200
2900
2900
6600
4000
9600
2600
2800
2500
4400
2700
4300
4300
5000
2800
3300
2500
2500
4500
2500
2700
3200
2900
3600
2800
2700
2700
2700
2600
3500
3900
2900
2900
2900
2800
2800
3100
4000
3200
3000
3200
2900
2800
4500
3200
10200
4300
2800
2800
2600
4000
2600
2500
5000
2600
3200
2600
2500
3000
6900
2700
3000
3000
3300
2800
3100
2900
2600
2600
3500
3800
2900
2800
3000
2700
3300
2900
3800
3100
2900
3100
2900
2800
4000
3000
10500
3800
2800
2500
2500
3800
2600
2400
4700
3300
2800
2700
2500
3000
2600
2500
4600
3000
3200
2700
2800
3600
2800
3200
3500
3700
2800
7400
2900
2700
2700
2800
3700
2900
3000
2900
2900
2700
5800
2900
9600
3900
2600
2400
2500
3900
2600
2400
4800
2800
2900
3000
2400
2900
2500
2500
3300
2800
2800
2600
2700
3400
2700
2800
3400
2900
4100
3000
2900
3000
3700
2800
3900
2900
3000
2900
2800
2900
4200
3400
12700
4900
2600
2400
2600
6000
3000
3100
6100
2700
2900
2600
2500
4000
2600
2500
5700
2800
2700
4400
2800
4700
2700
2900
4000
2900
3800
3800
2900
2900
2800
2700
6400
26700
3300
3100
3100
3900
2800
3000
21700
5000
2600
2400
2300
4700
2400
2500
14500
3700
3200
2600
7100
3000
2500
2900
3600
2700
2600
2600
8100
3600
2500
2600
3600
2800
4000
2800
2800
2800
2900
2700
3700
5800
2900
3200
2800
2700
3400
2800
9500
2600
2500
2300
2400
2300
3600
2300
6200
3800
2700
2300
2600
2400
2400
2400
3300
2500
3500
2500
3200
2500
2500
2500
3600
2700
2600
2500
4100
2600
2500
3400
123200
17700
21800
10900
10100
3400
3000
3800
20700
3900
2600
2600
4200
2700
2700
2500
5000
2600
2700
2500
9400
2600
2600
3000
3500
2600
3300
2700
3800
2600
2500
2500
3700
2700
2600
2500
3600
2700
2600
3600
4100
3000
3700
2900
2900
2900
2700
5900
10600
3800
2600
2400
3500
2600
2500
2500
6200
2700
2700
2700
2500
2500
2600
3200
3300
2800
2800
3200
3000
2700
2700
2700
3700
2800
2600
2600
7900
2700
2600
3500
3600
2900
3600
2900
3100
2800
2800
3600
10200
7600
2700
2400
8900
2500
3200
2400
8800
2700
2500
2600
5300
2900
2500
3100
3000
2700
3300
2600
2600
2500
2600
2700
3400
2700
3700
2800
3400
2700
2900
3200
3600
2700
3600
3000
2700
2700
2700
8800
10300
3500
2400
2500
3200
2500
2400
2400
4800
2500
2900
2600
2400
2500
2500
3300
2900
2600
2700
2900
2600
2600
2600
3000
3100
2800
3600
2800
3300
2900
2700
2900
3500
2800
2800
2800
3800
2800
2700
3800
9700
3400
2600
2600
5300
2700
2400
2300
5000
2600
7000
2900
2500
2500
2500
3000
2800
2500
2900
2500
2500
2500
3600
3000
3100
4300
3700
2800
3300
2900
2700
2600
3700
2900
2800
3000
3900
2800
2800
3800
14100
2400
3500
2500
2400
2400
2300
3800
