564300
28100
27300
124900
18800
23500
29600
30400
35800
21600
21400
24600
20800
30000
31200
32600
37700
24600
23700
23400
26900
24400
27000
54700
42100
44100
50100
26400
25900
28000
23900
23800
41500
29300
33200
29300
30900
29400
37700
62200
30200
14800
17900
13200
12700
13300
19500
16900
897200
50500
30400
23400
21900
39200
26700
36400
34800
21100
17900
18500
23900
35500
30700
31400
25700
25100
31900
16000
13800
14200
13200
12900
41500
18000
15400
17700
24000
20000
14100
36800
29500
12100
12400
11300
10200
9400
16100
17400
15400
11300
11700
19500
11300
20900
22000
16400
19800
12700
11900
11200
15400
13200
24800
25100
22700
28300
33900
14200
12400
11800
11800
11100
22900
16600
13700
12700
15000
13400
14100
35700
19000
11800
13500
10600
11700
9300
13300
28200
12800
10300
10400
15800
10400
25100
18800
13200
13800
11600
11200
10600
12100
24800
17400
20800
16500
20400
26600
12100
11300
10700
10500
10100
21100
14100
11900
11200
11800
18000
11100
24400
19600
8900
12500
7800
7800
7800
12000
10700
10500
8200
9200
14200
8700
17500
16300
10200
16500
9200
9200
8300
8300
24600
11900
18700
14200
11700
11300
9900
9500
9200
9400
23700
16700
14100
11200
10100
10500
10200
21600
33400
13800
8700
11000
23000
10300
8200
11400
10800
10300
8800
8700
13700
9200
14800
21600
11100
16300
10200
8700
8300
8400
25100
11800
19800
13800
11700
12700
14600
10500
16500
15800
29200
23500
37500
31900
17500
16200
16500
25400
16100
42600
29700
23200
42700
23800
22500
43200
24600
29400
29100
24600
26000
29300
24600
32800
29200
33200
28400
25700
26000
36100
26900
27100
25700
43000
30100
26300
26300
36000
39300
27600
28100
105300
24900
18800
17900
17800
17200
17300
17300
26700
28800
28200
68000
27700
25300
26200
21200
32300
25400
19400
17600
18400
18300
31500
20600
22800
22000
20000
19300
33000
33200
21200
21200
27200
18600
26900
19800
18800
31800
19800
17000
91200
14900
14900
15300
12900
12200
12400
11900
16800
20000
16600
16600
27800
18700
17800
15000
17700
20100
14600
30600
16300
15300
27500
15500
17000
14500
12900
11600
22000
12800
12300
11600
16400
13400
11800
12300
12200
25000
13900
12700
91500
12900
17100
10600
10200
10000
13500
9300
14100
24200
26500
13600
13000
12900
12400
11500
12600
12600
10800
18400
11400
11800
16300
15200
16600
19900
12700
19400
11200
10900
17000
12400
14400
14200
14100
15600
12200
18900
12900
13000
73000
11000
11900
9700
10100
9200
9000
9200
12800
13300
12500
11900
11300
31000
13200
11200
11300
24000
11800
16200
11400
10600
15000
12100
12200
12400
15300
11600
17100
12200
19100
15100
16100
13100
12200
11200
17600
14800
12500
12100
69700
15700
10000
9800
9200
9000
15700
15600
11400
7700
8400
7500
175000
24000
7400
5900
6400
14300
5800
9700
5900
5400
7900
8100
6600
5900
13500
5800
5500
5500
9400
5600
7400
6000
5800
9500
9600
5700
6100
8000
46300
4700
4900
4500
4300
8200
4500
4100
28600
28900
5100
4900
4300
4200
4000
4300
5400
4600
4200
4300
4400
4100
4300
4800
31900
13100
13100
7400
7000
9100
5700
5600
7600
10400
6400
8100
6000
6100
6000
7100
26300
7800
5700
5500
5400
5600
5500
5500
10400
6700
5700
5200
5200
5300
9200
6200
6400
7400
5600
7900
5400
5300
5600
5300
6400
9700
5600
5600
5400
5500
12500
5500
7100
13300
6100
5900
6100
5900
14700
6000
22200
7100
5900
5200
4900
6400
5100
5200
7100
5100
4800
4500
4600
4800
5600
4900
8500
7000
5400
5100
5100
5700
6200
5200
6600
8100
6100
5900
5400
5200
5100
5500
6900
10500
5700
5300
5700
5900
5700
7700
20300
5100
5000
10900
4900
5200
5200
5200
6600
5100
4900
4800
4700
5000
6600
4800
8800
7100
5200
5400
5200
4900
7000
5100
6500
6000
5500
5400
5700
5200
5300
5300
7300
10500
6600
5700
6500
6400
6000
6400
20800
5200
5100
5000
5800
5300
5100
5100
6700
4900
5000
4900
4800
5000
8100
5300
8300
15300
5300
5700
5000
5000
4700
4900
11700
5300
5300
5600
5700
5300
5400
5200
7200
9900
5300
5600
5200
5400
5300
5500
19300
4900
5200
8000
4600
4600
4600
5100
29500
5000
4200
3900
4100
4300
4600
7800
6900
6200
4600
4300
4100
4200
4100
10400
5600
4400
4400
4500
4300
4400
4800
4400
5800
8300
4600
4700
4700
4400
4500
5000
19300
8200
4100
4100
11200
4300
3900
4400
16000
5000
9000
4300
6500
4100
3900
3900
5500
4600
4200
4600
4300
4700
7200
4600
6100
4600
4500
5000
4500
4500
5300
4600
12300
5000
5100
4900
4900
5000
4700
4800
19800
4500
3900
4300
7100
4600
4200
4200
5400
4200
9100
5400
5400
5300
4000
3900
5200
4400
4200
4700
3900
4200
7400
4500
6800
4900
4500
4900
4500
4500
4800
4600
6100
4800
14500
5200
5200
4900
4800
4900
19200
723400
24900
19000
4200
4100
3700
11200
5600
3600
12400
5200
4500
4400
7000
3700
4600
3900
7300
4100
7400
4000
3900
4000
7500
4500
4200
4500
4300
4300
4300
4400
6900
4800
4600
4600
4500
4800
5000
4400
21200
4000
3700
4100
3900
4000
3900
3800
4900
3600
3900
3900
3900
3700
7900
5300
4800
4000
8400
11700
6500
3800
3900
3600
5600
4100
4400
4100
3800
3900
7700
4500
6000
4400
4200
4700
4400
4700
4500
14600
41600
2800
2300
2400
2300
2400
2300
2200
4100
2300
5600
4200
2400
2500
2400
2200
2700
2400
5100
2400
4800
2400
2200
2200
3300
2500
2400
2500
2500
2500
4500
2800
7400
13400
4400
4400
4100
4200
4300
15600
18400
3800
3600
4000
3400
3800
3700
3900
5200
4100
4200
3900
4200
3900
4200
3500
4400
3900
8100
4400
7200
3900
4200
3800
4900
4200
4100
3900
4200
4000
7900
7700
6600
4800
4500
4900
4600
4200
4400
4800
23100
4100
4000
13200
4100
4200
3700
3800
20000
9600
14500
11000
8300
10400
7700
25300
11800
8700
8400
9100
7800
8000
12700
2600
11500
4600
2900
5000
2700
5700
2700
2700
4100
3000
13400
3000
6100
2800
2800
3000
12300
2500
2500
6600
2400
2600
2400
2500
4000
2500
2500
2500
2200
8500
2400
5300
2900
2300
2300
2700
2300
2300
4000
2800
9300
4600
2500
5400
2700
4700
2600
2600
4300
2900
5900
2900
6000
3000
2700
2800
12700
2400
3400
6700
2400
2700
2300
2300
4000
3500
2400
2800
2300
4200
2400
2400
2800
2500
4900
4100
2700
4900
2500
2600
6400
6000
2600
4900
2600
5500
2600
2700
5700
2900
5800
3700
6200
2700
3800
3000
11000
2400
2300
7400
2400
3600
2400
2500
4600
3600
2500
2400
2300
8600
2300
2400
2700
3700
4400
5500
2700
4300
2400
3700
3100
2500
3800
2700
2600
2600
6600
2700
4600
2800
7100
2700
7300
5100
2600
2700
12000
2300
2300
7300
2300
2400
2400
3300
3900
2400
2300
3700
2300
3000
2700
2300
3700
2500
3700
5400
2700
3800
3500
2400
2900
3700
2600
2700
2500
2500
6000
2700
7100
11900
2800
5600
3100
5800
2600
2800
9900
2300
2300
6700
2700
2600
2800
2300
3700
2600
2300
2300
2200
3200
2500
2300
2600
2500
3700
3500
2600
25400
2400
2400
3200
2500
2600
2700
2500
3000
3700
2700
4700
4200
2900
4800
2800
4000
2700
2900
15300
3500
6200
2500
4300
3100
2400
2500
4400
2400
2300
2300
2800
2700
2300
2200
2800
6900
2500
2900
2500
2500
2500
2500
4000
2600
2500
2600
2700
2800
2500
3300
3900
2900
2800
3100
2900
2800
2800
2800
9700
2600
2300
2600
2400
3600
2400
5400
3800
2300
2400
2300
2300
2800
2400
2900
2900
2700
2400
3100
2500
4000
2700
2500
4000
2800
2500
2600
2500
6600
2400
3700
3600
2600
2700
2900
2700
3000
2800
2800
9600
2500
2700
2700
2300
3600
2400
3400
3900
2900
2300
2200
2400
2600
2300
2200
3000
2500
2400
2700
3000
2800
2500
2500
4000
2600
2600
2800
2700
2600
2500
3200
3600
2700
2900
2600
2600
2600
2600
2900
10000
2300
2400
2100
2200
7500
2400
3600
3600
2400
2400
2500
2300
5200
3000
2300
3000
2500
2600
2900
3300
2600
2400
2400
3300
2600
2500
3600
2600
2500
2800
2900
3500
2800
2700
2600
2600
2600
2800
2900
9500
2200
2500
2400
2300
3400
3600
4100
3800
2300
2600
2200
2300
2400
2300
2400
2600
2500
2400
2400
3100
2500
2400
2500
7300
2600
2500
3300
2500
2600
2700
2800
4500
2900
2700
2900
3200
2800
2900
3500
10100
2200
2300
2400
2300
3300
2400
3500
3300
2600
2400
2500
2300
2700
2600
2300
2700
2500
2600
2400
3100
2600
2600
2500
2900
2600
2800
3400
2700
3200
2600
2500
4400
2800
3000
2900
2700
148500
5700
13600
13600
5200
2600
2800
2400
2800
2500
2500
4700
3100
2500
2400
2900
2500
2300
2400
3500
3100
2600
3300
2600
3100
10500
2600
13900
6500
8200
2600
18600
2600
5700
3200
10200
4800
3600
4500
4200
2800
2800
6900
16500
3100
4100
2400
2500
2400
2200
2400
16400
2700
3100
2400
2700
2300
2400
2400
3400
3200
2500
3200
2800
2400
2400
2500
3600
2400
2900
2600
3300
2500
3600
2500
4900
2800
7100
2800
2600
2600
2600
2900
11900
2300
4100
2300
2200
2400
2200
2300
5100
2700
3000
2500
2300
2500
2700
2300
2900
3500
2600
2500
3400
2700
2500
8500
4100
2500
2500
2500
3600
2700
3700
2500
4800
2700
2600
2800
2600
2600
2500
2800
11600
2400
7800
2300
2200
2300
2400
2200
4900
2600
3100
2400
2400
2300
2300
2500
2900
3300
2900
2500
3100
2400
2700
2600
3200
3600
3200
3700
2800
2500
2700
2800
6800
2700
2600
2600
2700
2600
2600
2700
12200
2400
3700
2300
2200
2200
2100
2400
4900
3000
6500
3600
2400
2300
2200
2500
7100
3200
2500
2700
5500
2400
2400
2700
3200
3500
3100
3300
2700
2700
2500
2500
3600
2600
2700
2600
3600
2700
3800
2500
11000
8600
3500
2400
2100
2100
2200
2400
4000
2500
2900
2500
2200
2800
2400
2300
3000
3300
2600
2600
3200
2500
2900
2600
3200
7900
2600
3500
3000
2600
2800
2600
3700
2600
2700
2800
4100
2900
3700
2600
10700
2300
2200
2300
2400
2400
2200
2400
5200
2700
2300
2400
2300
2400
2500
2300
3100
2500
2900
3100
2600
2400
2400
2600
3500
2700
2700
2500
2500
2700
2900
2500
3800
2800
2700
2700
2800
3400
3700
2600
10300
2600
2300
2300
2400
2500
2500
2300
4400
2600
2700
2400
2300
2500
2400
2300
4800
4200
2700
2900
2500
2400
2400
2600
3200
2600
7000
3300
2600
2700
2900
2600
3600
2600
2500
2700
2700
3400
3600
2400
9700
2300
2200
2200
2300
2400
2300
2200
4500
2800
2800
2700
2400
2900
2300
2300
2900
2900
2800
2400
2500
2500
2600
3000
3100
2600
2800
2500
2500
2600
2900
2600
3600
2600
2600
2600
2900
3300
3600
2500
17400
2500
2300
2200
2200
2400
2300
2200
4300
2700
2700
2500
2300
2500
2400
2300
3000
2400
2700
2500
2500
2500
2500
2700
3000
2700
3100
4000
2600
2600
2900
2500
4800
2600
2500
2700
2700
3300
3500
2700
9600
2300
2200
2100
2200
2400
2300
2100
5000
2800
2800
2400
2400
2900
2300
2300
3000
2600
2400
2500
2700
2500
2900
4100
3100
2800
2700
3600
2700
2600
3800
2500
4600
2800
2700
3800
2600
2700
2600
2700
10500
3500
2900
2800
2300
2100
3400
2300
4400
2500
3800
2500
2300
2500
2300
5400
3000
2400
2400
2400
3500
2600
2400
2400
4100
2600
2600
4400
2600
2500
6900
2700
8700
3000
2600
2600
2600
3000
2700
2700
8900
2200
2300
2200
2500
5100
3300
2300
5400
2600
2600
2500
2400
2400
2500
2500
3200
2600
7600
2500
2500
3100
2500
3100
3500
2800
2700
2700
2500
2700
2800
2600
4600
3000
3900
2700
3500
3000
2700
2800
10300
2600
4000
2700
2500
2500
2300
3100
4200
2700
2500
3000
2700
2400
2500
2400
3100
2500
2500
2500
2500
3100
2600
3800
3400
2700
2800
2500
2600
2500
2600
6700
4600
2800
3500
2800
3500
2700
2700
2800
13800
2400
3800
2400
2300
2600
2300
2400
4300
2800
2500
2500
2500
2400
2700
2500
3200
2600
3800
2700
2600
2500
3200
3000
3400
2600
2600
2500
2500
2700
2600
2600
4300
2800
5000
2800
3700
2700
2600
2600
15200
2300
3500
2700
2300
2300
2200
2500
4300
2800
2500
2700
2600
2300
2300
2300
3200
2600
2800
2600
3000
2800
2800
2400
3300
2700
2600
2600
2900
3300
3700
3600
5000
2700
3400
2800
3400
2700
2800
2700
10200
2400
3700
2300
2300
2300
2300
2200
4400
2800
2500
2700
2400
2300
2200
2400
3400
2800
3200
2600
2600
2600
3200
2600
3300
2700
2700
2700
2900
3500
2600
3800
3700
2800
2800
2800
2800
2700
2800
2700
10400
2400
5300
2700
2300
2400
2300
2700
4500
2600
2500
2700
2500
2300
2400
2900
3800
2600
3000
2800
2600
2600
3000
3900
3200
2700
6000
2800
2700
3500
2700
3400
6500
2900
2800
3800
2700
2700
3700
5200
11100
2400
4600
2400
3300
2800
2400
2400
5600
2700
2500
2400
2300
3500
2400
2400
3200
3100
2700
2700
2400
2600
2500
2500
3400
2800
2700
2600
2700
2600
3300
2700
3600
2700
3700
3500
3100
2800
2700
2700
18100
2900
2400
2500
2300
2500
2500
2300
4500
2700
2800
2400
2400
2700
2500
2600
2800
3500
2800
2600
2500
2500
2500
6800
3300
2700
2800
2600
2500
2600
3400
2500
4000
2800
3500
3900
2800
2700
2700
2900
10200
2400
2400
2500
2400
2300
2500
2300
4600
2600
2500
2400
2300
2900
2500
2500
2800
2800
2700
2800
6400
5500
2600
2300
3100
2200
2300
2200
2100
2400
2900
2200
3400
2300
3300
3100
2500
6400
2400
2300
10100
2100
2200
1900
1900
2000
2300
2200
4200
2200
2100
2300
2100
2400
2200
2000
2700
2200
2600
2100
2400
3200
2400
2200
2900
2900
2700
2800
2300
2300
2200
2500
3000
2500
3500
3300
2400
2400
2700
2300
10200
2100
2000
1900
2000
1900
2100
1900
4100
2500
2200
2200
2100
7000
2200
2100
2400
2500
2300
2200
2700
2800
2200
2400
2700
3200
2500
2300
2500
2400
2300
2600
3200
2400
2400
2700
2300
2400
3900
2400
9800
2000
1900
2300
2000
2000
2000
2200
4000
2200
2200
2100
2400
4200
2200
2100
2600
2200
2200
2100
2200
2800
2300
2300
2800
2900
2400
2400
2300
2400
2400
2300
7900
17500
3200
2600
3500
3100
6000
3100
27300
3800
4100
5100
3100
3700
2600
3300
