653900
34100
30100
56400
25600
19000
27800
31200
38400
21600
21800
25800
21200
24200
28100
23700
42800
22800
25500
23500
40700
23000
40000
31100
41000
35500
49100
28200
29500
24800
27400
46100
42400
39500
59200
30100
29300
25500
27400
33500
28300
15400
18200
14200
13400
28400
15600
17000
25900
22800
17600
14800
13400
12800
40600
25600
28800
16200
14300
16900
26900
31500
48400
17100
45200
19900
35300
16400
17400
15500
15100
40600
32400
18700
29800
22100
15300
15200
13600
15600
14000
11800
13200
10000
9000
12600
9400
13100
42000
12900
12200
16500
16100
10700
18400
12900
28400
12700
15400
10900
24400
13600
35500
15300
24000
15500
32100
13800
12500
11500
12700
26600
26500
18400
30700
15800
13900
13000
12600
12700
10000
8600
10900
9400
9600
14300
10900
27400
32000
19100
11600
15700
14700
10800
17500
15800
14200
10600
9800
9400
9600
9200
10900
10400
15200
12500
33400
14000
11500
10700
10900
31100
23000
18000
26300
13700
11900
11700
11000
11400
8800
7700
11200
7700
8200
13800
8900
10600
18800
10500
11200
14900
18400
10800
19800
10700
910100
17200
11600
9600
9600
9300
10300
9700
15500
11900
15000
10000
27200
11100
17000
11500
16500
13400
19400
12100
26800
21600
10900
14500
15000
9500
10600
24100
10800
11100
9600
11400
18800
10200
9800
12100
12200
9200
13600
10800
16400
10400
9200
8500
8600
8400
10000
9700
12100
13100
9300
9600
16800
21500
24000
17600
21500
19200
26700
12700
13000
14000
13000
25600
39500
32100
27400
24100
21000
28600
27600
21800
27000
29800
22800
23100
22900
33500
25000
26600
28100
18400
58900
23600
29700
20100
19400
18400
31800
22200
18500
18500
29300
19600
18700
21200
100200
17400
12300
10700
9500
11000
10300
31700
40200
23100
23200
23000
18000
17100
24300
18900
19800
18800
18000
17800
19800
30200
21400
16800
21300
19700
17100
16900
29500
18200
17200
16800
22000
18900
16300
18100
16700
17600
16600
16800
84600
18800
11000
9400
8800
9300
9600
21100
21500
18400
12900
12300
10700
10300
10500
10000
23800
16400
15600
11900
18200
33200
12500
11900
16400
15100
12300
11800
28400
13600
13000
12200
16100
14200
12000
12400
11900
13500
11900
12000
84700
11500
9800
9600
11700
14800
9100
24900
15200
13700
19800
16800
11500
10200
9800
13600
14600
14800
16300
11800
17000
20600
11000
10900
12500
12600
14200
12800
11400
16900
14700
12200
13900
14400
11700
12100
13000
35100
10800
12300
70700
18400
8200
6400
9000
5800
5900
13300
13200
7800
7500
7100
6700
6500
6300
6400
10800
19300
13900
7600
7000
9600
6900
8600
9500
10200
7200
7600
7100
13500
9400
7800
9600
7600
7600
7500
13600
25800
7800
8200
66800
7000
5600
5500
13700
5500
6400
13800
12300
7300
8000
7600
6600
6200
6600
6300
10600
13800
9700
6900
7000
9700
6700
7600
8300
14100
8300
7500
7400
11900
7000
6700
8900
7500
7200
7600
14200
7400
6800
6900
59900
5900
6200
5200
5000
5400
5400
5100
36500
13700
4100
3500
3300
3600
3200
4700
4200
5400
3600
3600
3700
5400
3600
3900
5200
3800
3900
6500
3700
3700
5600
3600
4900
8500
4000
4000
6900
6500
7100
6900
22700
3200
3500
3300
3400
3400
3000
4300
7600
5700
5400
5600
5900
5500
5300
20100
7100
9400
8400
8600
6000
8900
5900
5900
7100
6600
6300
9700
6000
5900
8900
5700
8000
22500
6200
6200
10900
11800
10900
10400
24500
5000
5100
5000
4700
5300
5000
4400
7200
5600
5400
5400
5300
5400
5300
8100
6200
9900
5900
8400
5500
20700
16500
35400
21700
10700
6000
9700
6400
6100
9600
17200
8200
13100
6200
6800
11000
13500
10500
20200
22300
4400
4500
4600
4200
4400
4600
4100
7100
5600
5200
4700
9500
4000
15900
6300
5600
6700
4900
4100
4300
4000
4000
6400
5700
13200
4300
4400
52000
33600
7700
5400
15900
13300
8800
5200
18100
16300
8400
9600
22700
4500
4200
13600
4900
4500
4500
4400
6500
4200
4200
5100
4200
4200
4100
25600
7500
13500
5400
7000
5100
5000
4900
9400
7000
12700
5800
6100
5200
11200
5700
5500
7900
5900
5900
12700
5100
5600
22100
5600
24000
5400
5000
5300
5000
5100
5500
4900
5700
4600
4300
4200
4200
4400
4400
6500
5000
7000
4600
5000
4600
4200
4600
9700
5100
7300
4300
4300
4500
7800
8300
4100
5800
4500
4400
8400
4300
4400
7700
4500
19500
34900
4300
4000
7800
6400
14200
7000
23400
2800
2600
2200
2100
5500
2800
2500
11700
2600
2400
2500
2400
2500
11500
3900
7600
4400
4400
3900
3800
4000
4100
4400
13500
4600
4500
4300
4700
4500
12800
4500
23000
6900
3900
6000
4200
3900
3700
5800
5800
22300
4200
3800
4000
3700
8000
3900
5300
4000
4000
4400
4000
4000
3900
5200
5200
4800
4500
4100
4200
4100
4300
4600
5600
4700
5200
4400
4400
4400
6500
4300
18300
5900
4100
5600
3800
3900
3800
5900
5100
4200
3600
3700
3500
3400
4600
3600
9200
4300
3900
4100
3900
5000
5000
3900
5400
4600
7800
4200
4300
4200
3900
4200
6500
4300
4400
4200
4500
4100
6900
4500
19200
5300
6800
9100
7500
3600
3800
8100
5000
4300
3400
3400
3400
3400
4200
4200
5700
4100
11300
4000
3900
4800
4600
3600
5700
4300
4200
4100
4100
4500
4200
4200
5900
4400
4400
4200
4600
4200
6300
4400
17900
6100
4000
6100
3700
3500
3700
7100
4900
6600
3900
4000
3500
3500
4300
3700
5700
3600
3900
4000
3900
4700
4700
3800
4900
4300
3700
13100
3200
2700
2700
2500
3100
4500
4300
4700
4000
4500
10700
4900
20200
6200
4200
6000
3800
4000
3900
5800
5300
4900
3500
3700
3600
4000
4800
3500
5200
3800
3800
4200
3100
3200
4700
2500
3100
2800
2500
3300
2500
3800
2800
2700
4700
2900
2900
2600
2900
3900
3600
4100
21700
3600
3900
4700
3800
2400
11200
2700
7300
5600
4000
3800
4000
3700
3700
3900
8100
4000
5200
4200
7300
4200
5200
3900
6900
4400
4500
4100
6200
4100
4400
13200
8700
6500
6500
4100
4600
4300
13700
4600
21200
4300
5300
4400
4000
8500
4200
4200
5300
5700
3800
3500
3900
5900
3900
3600
4900
5200
5000
4100
4000
5200
5100
3900
10900
5700
4400
5400
5400
4600
4100
4300
7400
6800
6000
4300
4900
5300
10000
4600
25300
4200
5300
4000
3900
8800
4000
4300
6500
4600
3900
4600
3100
5400
3500
3600
4300
7000
4100
4900
5400
4200
4000
3900
8700
4000
4200
5700
5800
4100
4100
4500
8100
6900
5000
6100
4800
4700
9200
4600
21300
4100
4100
5400
4000
6900
4400
4300
5800
11800
3900
3800
4600
4500
5300
3600
4500
7500
4200
6800
4000
4000
8400
4200
4900
5600
5900
4300
5700
4400
6200
4200
6200
7200
5400
4800
5000
4800
6800
4500
16400
2700
2400
2400
2500
4000
2500
2500
4300
2900
2800
2300
2300
2800
2600
2500
2700
3300
2700
2400
2500
2500
2400
2700
3000
2700
3800
2700
2700
3000
3600
2600
5000
4200
2700
2700
4600
2700
2700
2800
16100
2600
2300
2600
2300
4100
2900
2700
3400
2700
2500
2200
2400
2600
2100
2200
2900
3300
2600
2300
2600
2400
2500
2400
3100
2600
3400
2800
2500
3100
6200
2600
4700
2800
2700
3300
3700
2500
2800
2900
11100
3800
2600
2300
2300
2300
4600
2300
7500
4700
3300
3500
4800
3800
4500
3800
5000
4700
6400
8400
4100
4500
4300
4000
5800
4400
4600
6200
4300
4900
5700
4300
6500
4700
6700
4900
4600
4900
4600
8800
20600
4200
4100
4200
3900
4000
4100
11100
6800
4000
4000
3900
3700
3900
3600
4700
5200
4300
5300
4500
3700
3500
3200
3800
5700
4100
4200
5900
4200
4400
5900
5800
12900
4900
7100
4900
4900
4900
5100
7100
25800
4600
4200
4100
3900
3800
3800
5400
7200
4400
3800
3900
3500
4300
3800
3800
4400
4000
4200
4800
5200
3900
5300
4100
5600
4300
4400
6000
4500
4300
5700
4400
6200
4500
6800
4700
4800
5600
4600
6800
25900
3900
4000
3900
3700
4000
4100
6800
6400
3900
4300
4200
3900
3900
5000
4300
4700
4300
4300
5200
6000
4500
5800
4500
5200
4600
6400
4600
4300
4600
5000
4500
6600
4500
6800
4400
4400
5400
4400
7200
22000
4400
4100
4200
4000
4200
4100
6500
6800
4000
3800
3800
10100
3800
3800
3800
4600
3900
3900
4100
7900
4100
5200
4100
5500
4400
6000
4600
4500
4300
4500
4400
6000
4700
4600
6700
4800
5000
6600
5200
25100
3900
4300
4100
3900
4200
4400
7500
5900
4100
5500
3800
3600
3000
3000
2900
4100
4100
4000
3900
4900
2600
3400
2500
8300
2700
3900
2600
2700
2500
2500
2600
4100
2800
2900
4100
2700
2800
3900
2800
10200
2900
4000
2300
2400
2500
2300
3900
8200
5200
4100
4300
4500
4300
4200
4600
6300
4700
4100
4700
4500
4900
4600
5800
6800
4900
3600
4300
4800
4700
4900
5900
6500
5100
7200
5100
5300
5200
4600
4500
22100
5000
4100
4000
3900
4300
7900
4000
6000
4200
4100
3900
4100
4100
4100
4300
6100
4300
4400
4300
4200
8500
4000
5400
5500
6500
11300
4200
4600
4500
4400
4400
5800
4400
6400
4600
4600
4800
4900
4400
20900
4200
4000
4100
3800
4100
6800
4000
5400
4100
4200
3800
4000
4700
3900
4100
4600
4300
4300
4200
5800
4300
4100
11600
6300
4200
4700
4400
5300
4700
4700
5000
6100
5100
7100
4700
4900
4700
4700
4600
26300
9900
4100
3100
3700
3800
6400
3800
4800
2400
2600
2300
2400
2400
2400
2600
2800
2500
2500
2500
3300
2700
2500
2900
4800
2900
2800
2600
2800
22500
2700
11900
10500
3100
4000
2600
3100
2600
2800
2600
19500
2700
2300
2200
2100
3600
3900
2300
7800
2500
2500
3700
2500
2300
2200
2500
2700
2500
2500
2700
3300
2600
2500
8100
3900
2900
2500
2800
2600
2500
2700
3500
3500
2600
2600
2700
2800
2800
3200
2600
13500
2600
2300
2200
2100
2300
3600
2100
4400
3800
2600
2200
2500
2300
2400
2300
2800
2500
2500
2800
3300
2600
9900
4500
4600
2600
2500
2600
2600
2800
2600
3500
3500
2700
2600
2700
2900
3100
2800
2700
15500
2400
3700
2200
2300
2400
2300
2200
10100
4000
4200
3800
3900
3800
3800
3900
5200
4100
4100
4100
3900
3600
3200
5000
5400
4100
4000
11700
4200
4200
4400
4300
6100
4400
4600
5400
5300
4300
4600
4400
24600
2600
3600
2400
3300
2500
2300
2400
4900
2400
2400
2400
2300
2300
2400
3000
3300
2600
3600
2600
2500
2500
2500
2900
3500
2600
2500
3800
2900
2500
2800
2600
3800
2600
2600
3700
3400
2600
2600
8500
11000
2300
3500
2200
5800
2500
2300
2300
4400
2400
2600
2400
2200
2300
2400
3000
3000
2500
2500
2400
2500
2500
2600
2600
3200
2700
2700
9300
4000
4600
4500
4200
7800
4400
4900
5800
5500
4200
4300
4300
20000
4000
6000
4200
5600
3900
3800
4000
6000
10800
4300
4500
4000
4100
4300
4600
4700
4200
4200
4100
4100
4000
4000
4200
4900
4600
5400
3900
3300
4100
4300
5500
7600
2700
2500
7500
3200
2500
2700
2500
12700
2300
3300
2300
3200
2300
2200
2300
4600
2500
2300
2500
2200
2600
2300
2700
2700
2700
2400
2400
2700
2400
3000
3600
3100
2700
2600
3700
2600
2700
3800
3400
4200
2700
2800
4700
2700
2600
2600
2700
11700
2200
5100
2300
4100
2300
2200
2200
4200
3700
2500
2500
2400
2400
3500
5900
2800
3500
2600
2400
2600
2700
3600
2500
3000
3600
2600
2600
2600
2700
7600
3600
3100
10100
3400
3600
2600
2900
2600
2800
9400
2300
4000
3600
3400
2200
2200
2200
7600
5600
4200
4600
4000
3800
4700
4100
6600
4400
4500
4700
8500
4100
5200
4300
5600
6200
6600
4800
4400
4400
4400
4300
6400
5500
4500
4700
4800
4700
4500
6900
24000
4200
3900
4100
3900
4300
3900
4200
6000
5100
3900
4200
4000
3900
4000
3800
6200
4200
4300
4100
5200
4700
12200
4300
6100
6300
6400
4400
4300
4200
5000
4200
6500
3700
3400
5900
4300
4100
4400
9200
14300
2300
2300
2400
2400
2600
2600
3700
5100
3400
2600
2400
3000
2600
2500
2400
2900
4700
3300
3300
2700
2800
3100
3000
3400
3600
3800
2700
2600
7800
2700
2600
3800
2700
2800
2700
2800
2600
2600
4300
11800
2300
2300
2300
2400
9000
3700
2500
4800
3100
2600
2900
2500
2600
2400
2400
2900
3400
2600
3300
2700
2600
3100
2600
4700
2700
2900
2700
3600
2600
4800
2800
3600
2700
3300
2800
2800
2700
6400
4000
16200
2400
2300
2300
4800
2400
2200
2300
5400
2800
2500
2600
2500
3600
2300
2400
2900
4100
2600
3100
3600
2600
2800
2400
5200
2800
2700
2600
3500
2700
4400
4500
4400
3800
5200
2800
5100
2800
2800
3200
13200
2300
2300
2200
7200
2400
2200
2400
5300
2900
2400
2500
2700
2300
2400
2900
2900
3300
2600
3000
2900
2500
2900
2600
4300
2800
2900
2600
3400
2600
3400
2700
3600
4200
5700
2900
2900
3200
3000
2700
9700
2600
2200
2400
2300
2400
2400
4400
5600
2800
2900
2600
2400
2500
2500
2700
3100
2600
2600
3500
3100
2600
2800
2500
4400
2800
2700
2800
2800
3500
2600
2600
4000
2800
3100
3800
2700
3000
3700
2800
21000
3200
2500
2500
3900
2700
2500
2400
5000
2700
2700
2500
2700
2500
2400
2500
3100
2600
2500
3100
3300
2500
2600
2400
4300
2800
2800
2700
2600
3600
2600
2700
4200
2700
2700
3800
2700
2700
3800
2700
9800
2400
2300
2600
3500
2700
2400
2300
4600
2700
2700
2500
2600
2400
2300
2500
3400
4300
3500
3100
2600
2600
3100
2700
4000
4100
2600
2900
2600
3400
2600
2800
3500
3000
2800
3600
2800
2600
3700
2900
9700
2400
2300
2300
3700
2500
2400
2700
5200
2600
2600
2600
2600
2400
2600
3600
2900
3300
3700
2800
2500
2600
3000
7300
3000
2700
2900
3500
3600
2700
3200
2700
3600
2600
2700
3700
2700
2700
4200
2600
9600
2400
2500
2300
5200
2400
2400
2200
4800
2700
2700
2400
2500
2600
2500
2400
2600
3400
3100
2600
2600
2700
3000
2600
3200
2700
2900
3700
3500
2600
2900
2600
8900
2800
2900
3000
2900
4200
2900
4200
10000
2400
2300
2700
3900
2400
2600
2300
4800
2600
2900
2400
2400
2300
2400
2600
2700
3300
3300
2700
2500
2500
3100
2700
3100
2700
3100
3300
3500
2700
2700
2800
4400
3000
2800
2900
2800
3900
2700
2700
10700
3400
7000
3500
2400
2600
3300
2600
