782400
45100
52400
34100
40700
27800
39100
40100
53200
33000
31300
36000
32800
33800
40800
43300
54500
41600
42500
34500
34100
36700
41800
78000
64900
81300
43800
48200
60400
46400
61500
37900
56300
29600
59700
28500
33800
37900
50100
39600
25100
16600
19500
13600
21200
15600
13600
21300
35800
27000
19400
20100
18300
18500
22400
20100
39700
20700
19100
17500
18200
30700
31500
40600
37600
35000
26900
18900
38900
32200
38900
21700
37900
25200
41400
25400
21100
18300
38300
22000
20900
12800
14800
14100
13500
14800
11400
16800
25200
17200
22200
17000
22200
16700
23600
16700
32500
17100
15300
13600
18700
13300
30900
26800
29600
26000
16300
15000
42100
17700
66700
23000
43600
19300
42200
14300
13200
13400
53600
16800
16200
10000
12800
9000
22300
10300
9100
42200
19600
11400
18600
11700
27700
12900
18700
13500
14100
11000
10000
10200
10000
9800
12700
10600
15700
13100
12400
10800
22400
12900
41300
12900
17100
14000
22500
13000
11700
11200
22100
17500
14900
11100
16400
8100
12200
9500
7900
10400
14600
9400
15800
9500
15900
11200
16000
12000
879900
12300
9900
9000
8600
9500
10800
8800
26800
12600
10400
10100
9900
9100
10200
22900
19300
20400
34800
37300
24900
20600
28600
23300
19700
13100
21100
54400
32600
14100
12300
17200
25300
14300
19000
13700
18600
13600
20300
37400
23400
15300
15900
14600
13700
15300
17300
14600
31100
17400
15500
12500
12300
41100
22300
21800
22300
19800
19000
15100
27200
18100
33400
18000
27300
28100
20300
20200
19900
19500
20800
19800
27400
32900
21200
20800
20900
21000
20500
23700
33600
25800
23700
23300
22200
61500
23400
25300
30500
20600
18000
18700
24300
23100
18800
24200
97300
13700
19200
13100
10500
10100
10400
9800
31000
21200
16000
15300
18700
16000
15700
21400
42300
20200
17500
16600
18900
16200
16100
17300
23500
18300
16300
16200
16700
17100
15300
16000
22100
19200
17400
17400
17500
20900
17700
29600
86200
13400
13800
10600
10600
9700
9400
9500
17900
21000
16700
15700
30800
16400
14900
18000
17400
19600
15000
26700
16800
14700
15800
16600
24900
44500
18900
17700
171800
22300
16400
14600
24500
19500
15600
14900
12300
15200
13200
13600
69300
11000
9300
14900
6700
6700
6100
6200
10900
16000
8100
7900
8000
6600
8300
7700
7900
9600
6900
6700
7100
6700
6700
6700
10100
14700
10100
7300
7400
7200
7100
8100
10700
16100
8700
7600
35500
25900
20200
18500
89900
12400
23300
12400
25900
50900
41900
17500
25000
21900
12200
10000
19700
10600
11000
12200
12700
22200
11900
9800
10400
9900
10700
13900
42600
17700
9200
8400
8300
8200
8000
8000
13300
8800
8300
6900
8300
13000
8900
8000
39200
7500
9700
7200
6600
7200
6600
7600
15300
7800
7800
7200
10700
7600
7200
9700
8600
20000
8200
7800
8000
7700
16200
7100
41800
15100
10300
9200
9500
8700
7900
7800
18100
8800
11000
8300
8400
8500
7800
7900
29700
6900
7600
6700
6300
9900
7000
9000
27700
8700
7300
7000
18300
10200
7800
7200
8900
8800
9700
7400
7900
7300
9400
7600
9700
7900
7900
24600
8900
7700
11700
7800
15400
8900
8200
8000
8500
8200
31100
13700
26800
6700
6200
11100
13600
6300
5500
5700
14000
7400
8700
7200
6900
10200
7000
7200
9200
15400
9200
18100
7500
7500
9200
7600
10100
11400
8700
8100
8300
8200
8300
8200
13700
8700
8100
7600
7900
7700
8000
15500
24500
9500
5800
9400
8900
5900
6300
5900
7500
5700
6900
5900
5700
6100
6100
6000
6800
6300
7500
5600
6200
8100
7900
24500
8900
9200
6400
6500
13900
5900
6000
6200
18300
6700
6300
7200
6300
6300
6400
6100
23600
6600
5300
7600
33100
5800
5200
5500
6100
5100
5600
5300
4700
4900
5000
4700
5800
5000
5100
5100
6500
6500
6300
5200
7000
5400
10000
5500
5900
5200
8300
5400
10000
5700
5700
5600
5800
5900
5400
5900
28600
5400
4800
10100
6100
5100
5800
5300
6900
8300
5500
4900
5700
24600
8500
5300
5500
5300
4800
7500
7200
6400
6900
5000
6500
5000
7500
5500
5400
5700
7400
5200
7200
5700
5200
4400
6400
6500
29100
4500
59200
22500
5200
7900
7800
4400
4100
38100
6700
4000
4900
3900
12200
3500
7500
4100
4100
3500
3300
3900
5100
5100
6400
3700
4900
3700
5100
3800
3500
4200
5400
4400
6400
4000
4400
4600
4300
4200
4500
5000
50100
4700
4500
4600
5300
4300
4400
4600
19500
2900
2600
3500
2500
2900
2600
2300
3200
2500
2700
2700
2400
2600
2400
2500
3400
10800
5400
2600
2600
2700
2600
2500
15400
2800
2500
2800
2700
2500
2600
2600
12400
6600
2400
10200
2200
2200
2200
4000
4200
2700
2300
9000
2800
2400
2200
2400
3000
5600
2600
2500
2300
2300
2500
3200
3100
2600
2800
2400
2500
2400
2900
2400
3400
3100
2700
2600
2600
2600
2600
2500
10200
3400
2100
3800
2400
2200
2100
11200
5500
3900
3500
3900
4400
4100
3700
3700
4700
3800
3900
5700
3900
5700
4600
4100
5200
10200
4500
4500
4700
4300
5000
11800
9900
5200
4900
5100
5500
4800
5600
4700
20100
9100
12300
5400
2400
2300
2500
3600
4500
2500
2300
2700
2500
2300
2100
2200
3200
2500
2300
3500
2500
3000
2700
2500
4200
2800
2600
2700
2600
2500
2900
2700
3600
2700
2600
2700
2600
9200
2900
2500
10300
6000
2500
3800
2300
2100
2200
3500
3300
2400
4500
2700
2500
2200
2100
2100
3500
2300
2400
3500
2400
3100
2700
2400
3100
2900
2500
2600
2400
3200
2800
2600
3300
2800
2600
2600
2600
2800
10300
2900
12800
3500
2500
4200
3100
2300
2200
3300
5100
4100
3200
3800
3900
2800
2900
3300
3600
3300
3400
5400
3300
5100
5100
3900
4200
2700
2600
2900
2600
2600
2600
2800
3400
2700
3000
2800
2700
2900
4100
4500
17800
3900
3700
4200
4100
3800
10500
4100
13300
4300
3700
4100
3600
4300
3700
3700
8800
3900
4000
4100
4300
4000
5300
3900
5400
4600
4200
4800
6000
4400
12200
5700
7300
5200
7200
8300
5500
7000
4900
6900
25500
4100
4100
4300
4200
4000
4000
4200
6500
6500
11300
3700
3700
5500
4000
3700
4900
5400
4200
4100
3900
3900
6900
3900
6400
4200
4200
6600
6800
4400
3900
4600
8300
4800
4800
9400
4700
7200
4500
7000
19900
4100
121300
6700
4700
5700
3900
4100
5800
3800
4800
3800
3800
3700
5000
3700
12200
4200
5500
4900
4300
5200
3800
3900
5200
6000
4300
4100
5600
5700
4300
4300
7700
4300
4500
7800
5300
6400
6100
6400
21200
4000
3900
5100
4100
4200
4400
8000
5700
3900
4400
3800
5100
3700
3800
3500
6800
4100
4000
4000
4200
6400
4100
4100
6600
4400
4400
4600
5600
4400
7000
7100
7900
3800
5700
6600
4800
8200
4600
8100
20700
4300
4000
3800
3800
5400
4300
4300
6500
5500
5000
4300
3800
3700
6100
3900
5900
5500
4000
4000
3900
12100
4100
4000
5300
4400
4400
4400
4400
4600
6200
7000
5800
6400
5100
4600
6700
4800
4400
4500
18800
4300
4200
4400
4000
4000
4600
5400
5000
3700
4100
3600
3900
3600
3600
3700
5600
3900
4000
4000
4000
4900
3900
4000
5000
71200
4700
4500
4300
4400
6500
4900
6000
4700
4500
5300
6100
4600
5100
11300
19700
4300
4100
6600
4900
6200
4100
6400
6800
5300
4500
4300
3900
4200
4100
4200
5100
5400
4400
5900
4700
4400
5200
4000
5800
4900
4400
6500
4700
6400
6200
7400
6600
5300
5000
5200
7700
7200
4700
4600
19900
8700
4300
4500
7300
4400
4200
4200
5800
4100
3700
3800
3800
3900
4000
5400
5500
11300
4300
5100
4300
5100
5100
4200
6300
4600
5200
6300
5000
5600
6200
16100
18500
4600
4400
4800
12600
6600
4600
4600
19900
9500
6100
3700
6900
3900
3900
3700
13400
4000
4100
3800
3600
3800
3800
5200
4700
6600
4200
4000
3700
3900
4000
4000
5300
4500
4100
5300
4200
5500
6000
4400
6400
5000
4400
4500
7100
6700
4600
4500
19600
7800
3900
3900
6800
3800
3800
3800
6400
4000
4100
3900
4000
3700
4400
5100
5200
5500
6500
9400
4000
4100
6000
3900
5400
6000
4700
5800
4200
4600
5700
4300
12000
4700
4800
4800
6400
7600
4600
4500
18600
6600
3900
3900
6400
3900
3700
3700
6400
3900
3900
3800
3500
3600
3600
4600
4600
5400
4100
4100
4100
4300
4100
4000
5300
5800
4300
5900
4100
4300
6000
4300
6800
5200
4600
7600
4700
10500
12600
4500
21100
9300
3800
3900
7100
3800
4100
3800
5100
4000
4000
3800
3700
3600
3700
4600
4400
5100
4100
3800
3900
3900
3900
4100
4800
5600
4100
5500
4200
4200
5400
4100
5600
4400
4800
6200
5000
6400
6600
4300
19200
4700
3900
4000
11600
7100
4000
3900
7400
4800
4500
4300
7200
4000
4000
4400
5400
4200
4400
5300
4100
4900
4200
4100
5600
4300
5800
5600
10400
4400
4200
5900
11700
4700
6300
7000
4600
4500
4400
4700
19500
6500
6400
4000
3800
4100
5600
3900
5800
4100
5500
3900
3500
3900
3800
3700
4400
4500
4000
5000
3800
4200
3900
3900
5400
4000
6200
5300
4000
4100
4100
4000
7600
4200
11700
5800
4300
4600
4900
4300
19500
6100
5800
3700
3500
4300
3600
4100
5900
4100
4400
3900
3600
3800
3800
3700
4700
5000
5000
4400
3800
4100
4200
5600
6100
4900
5700
8100
5000
4000
4600
4300
7700
4700
6400
6800
4700
4400
4800
4800
24200
5600
6100
3700
3700
3600
3600
3600
6000
4100
4700
3900
4000
4100
3700
3700
4400
5500
5000
4200
4100
4000
4200
5100
5400
4400
4400
6300
4100
4300
4700
4200
8100
7200
14600
6600
4900
4700
4700
4600
21400
6600
5900
4000
3700
3800
3800
3800
6000
5300
10600
5700
4200
3900
4500
4200
4800
5600
5600
4400
4200
4500
4500
5300
5400
4600
4700
6700
4600
4800
4800
4700
6000
5100
7200
7400
4900
4600
4900
4800
20700
6600
7300
4300
4100
3900
4000
4100
5700
4300
5000
3800
4100
4800
4100
3900
4600
12500
5000
4200
4300
4300
4400
5100
5300
4300
4800
6000
6900
4700
4500
4400
6000
4900
6900
7100
4700
4700
4600
4500
21900
4000
5900
6200
4000
3800
4100
3700
8100
4600
4700
4100
3600
3400
4600
4600
5800
4600
5100
4200
4300
4300
6400
4100
7300
4500
4300
4100
4400
4500
4900
4300
6200
4700
4500
4500
4900
4800
4600
4500
20100
3900
3900
3800
3800
3700
3900
3800
6400
4000
3900
5200
4100
4100
4000
4300
4900
3700
5500
4300
4000
4200
5500
4100
7200
4400
4200
5000
4600
4400
4400
4400
5900
4700
4700
4600
4500
4700
4600
4300
17800
3900
3700
4200
6100
3800
3800
3900
5600
4100
4000
4300
4000
3900
3800
3900
5300
4200
5100
4300
4200
4100
4900
10400
7100
4600
4200
4100
4400
4600
4400
4400
5600
4800
4500
4300
4800
4700
4600
4300
21500
3700
3200
3900
3700
3700
3900
3800
6200
4000
3800
4500
4300
5000
4000
3900
5900
4200
5300
4300
4400
4300
5000
4300
5700
4400
5200
4300
4100
4200
9000
4500
6200
4600
4700
4600
4800
4600
4600
4500
18100
3900
3700
3900
4100
3800
3900
3700
6500
4000
4000
4200
4100
4200
3900
3900
5300
4400
4600
4100
4200
4200
5400
4000
5100
4500
4200
4300
4200
4500
6700
4400
7300
4500
4400
4500
4800
4800
4500
4500
24700
4400
4800
3900
4000
3900
4200
3800
5000
3900
3900
4500
3800
4400
3900
4200
5800
4400
4700
4300
4300
4300
4800
4300
13000
4200
4400
4100
4200
4900
6400
4500
7200
4700
4600
4300
4400
4700
4500
4500
19100
3900
3900
4300
3900
4000
3700
3900
7400
5400
5700
5000
4800
4100
4600
3900
5000
4500
4300
4200
4200
4300
4700
4400
6000
4400
4400
4400
4300
4600
4200
4400
8100
5200
6600
4700
6700
4900
4800
4700
28100
4400
4000
3900
4100
4000
4200
4000
7300
4400
4200
4300
4200
5300
3700
4700
5600
3900
3900
4300
4100
12100
5300
4600
7000
4800
5000
5000
4800
4800
4700
4500
9200
5100
6700
5200
6500
4900
5300
9100
32800
4400
4400
4200
4200
4000
4100
4300
7800
4500
4300
13500
4400
4600
4300
4100
6100
5800
6300
5400
5200
4300
4800
8500
5400
4100
4300
4200
4200
4500
3900
4300
7400
4700
6200
4600
6100
4600
14600
4400
25100
4900
3800
4000
3800
4200
3800
3900
14200
4400
4200
4100
4400
4500
4600
3900
4600
4400
5600
6700
5900
4900
8300
4000
22000
5000
4900
6900
4800
4900
6400
4700
9300
4900
6600
6900
6100
4500
6100
4500
22300
4400
5200
4100
3800
3600
3800
4000
16300
7800
5100
3900
3200
5200
3200
5000
3900
3300
6300
5000
6400
3500
3700
4800
7800
3700
5200
3700
3800
3900
5700
3800
12300
4000
4000
3700
4600
4200
3700
4300
19700
3700
3300
3300
3400
3300
3500
3200
6500
3500
3200
3100
3300
4000
3300
4300
4000
3900
4900
4700
4600
3800
3500
3800
4500
3700
3900
3800
3500
3800
3800
3600
4800
3700
4200
3800
3800
4000
4900
3900
18700
3900
5300
3400
13000
3400
3700
3100
11000
7600
4800
3500
3400
3300
3600
3500
4400
3600
4000
3700
7100
3600
3900
3500
4700
5400
3700
3700
4100
4000
3900
3700
15600
5700
3900
7700
4100
4000
5400
5400
29400
3700
7100
3700
3400
3600
3600
3500
6000
3300
3500
4100
3600
3300
3300
3400
4500
3700
3900
3800
4500
3600
3500
3800
4900
5100
3900
3700
3900
3800
3700
3900
7900
5600
4000
6600
4000
4200
5200
13400
18000
3900
7500
3500
3400
3500
3500
3200
6500
3600
3300
4700
4300
3300
3400
3400
4000
4900
4000
4000
6500
3600
3400
3900
4900
5200
4000
3700
3800
4100
3900
3900
7500
5800
3800
6600
3900
4100
5200
5200
19400
3500
6900
3900
3600
4400
10300
3600
6500
3700
4100
4100
11900
3400
3300
3500
4400
4700
4900
3900
3500
3500
3800
4100
4400
4000
3800
3900
4900
3800
3900
3700
7400
5100
4100
6500
3900
3900
5400
5100
18700
3400
6100
3400
3400
3500
3400
3500
6300
3600
3500
5000
5500
3400
3700
3500
4200
12600
3900
3900
3500
3900
3500
3800
4800
3800
4300
4700
6100
3900
3900
4000
5100
7800
4200
4200
4300
3900
4100
4000
19200
3600
6200
4100
3400
3400
3100
3300
5100
3500
3300
4000
3800
3200
3300
3200
4000
4400
3600
3800
3500
3800
3300
3400
4500
3700
6700
4000
5100
3600
3600
9900
5100
5900
4200
4100
3800
3700
3500
4000
31400
5500
3600
6800
3700
3700
6100
5500
