382500
12000
10300
111200
399200
13500
8100
6500
7900
7500
4400
6000
5400
6900
4500
4900
7700
6900
6600
6000
5400
5200
4800
3900
15200
5000
5600
5000
5000
4000
4000
3400
7000
6400
4500
4000
6700
11300
5600
5000
7100
6100
5500
4000
6900
7400
5600
5600
12900
3700
3300
2800
5000
3700
3000
2800
5100
5100
3300
2400
4200
3400
2600
2900
7000
4400
4500
2600
4000
3900
2900
2700
5700
4800
3400
2200
3500
2800
2600
2600
4000
3800
3800
2400
3300
2500
2500
2700
5400
4100
2300
3200
3300
2900
2500
2200
4800
12100
2500
4100
3600
2900
2400
3100
8100
4200
3100
7700
4000
3100
2800
2500
4800
2700
3300
5500
3600
2800
5100
3200
15300
3200
2500
3300
3500
2700
2500
16100
5100
4700
2700
2900
3400
2900
2400
2800
5500
3200
2600
6900
3200
10100
3000
2500
5200
2900
2300
3600
3100
2800
2200
2500
6200
3800
2400
2600
3300
2600
3000
2100
5000
3900
2500
3700
3200
2500
2200
2600
7300
5400
5900
4600
4800
3800
4200
3400
6500
3400
3200
2000
3800
2500
2600
2400
5000
3200
3200
2100
2800
2400
2500
2300
5000
4600
3600
2300
2900
2300
2000
1900
5100
3900
2400
3300
3200
2400
2200
2700
4900
2800
2300
5100
4100
2800
2400
2000
4800
3000
2800
5600
3500
4300
3200
2600
7200
6200
4900
5700
4400
3100
2700
2500
7200
4700
5400
18300
4100
3100
3000
2900
6400
3300
2900
3900
3700
3200
2800
2700
6400
5300
3700
5500
3800
3600
3200
6300
5700
3800
2900
3100
3700
3700
3900
3400
5700
3400
3000
2100
3400
2600
2600
2600
5200
3500
6000
2800
3500
4500
3000
2600
5800
4000
3200
2600
3600
2800
3700
2400
6400
3900
3000
2800
4100
3000
3100
2700
6300
3700
3000
3200
3800
3100
2700
2600
6600
5100
4600
3400
11700
3300
2900
2900
7500
3600
3400
3000
3700
2800
2600
3700
5400
3400
3000
2200
3500
2600
2500
2400
10700
5400
4000
3600
4000
2900
3000
2700
7800
4200
3400
2400
3500
3000
3000
2600
6600
4300
3500
3000
3500
3800
3100
3800
5300
3700
5800
2900
3900
2700
2400
5000
5600
4200
3200
3000
12300
2900
2700
3600
7000
3800
3400
2500
4800
3400
3400
3300
6800
3600
3100
3000
3700
2900
2800
4600
5700
3800
2700
2400
3700
2600
2600
2400
5600
3900
2700
2600
3400
3500
2500
2600
6100
3500
3000
2500
3400
5300
3100
2500
5700
3100
2500
3200
3300
2700
4700
2400
5500
3400
2500
2500
6700
2800
2500
2500
9200
3200
2600
2300
4100
2600
2500
2300
5500
3700
2700
3000
3800
2500
3600
7000
4200
3800
2900
2800
3000
2500
2500
2200
5200
2900
3100
3600
3300
2800
2600
2200
5000
2900
2300
27700
4200
3600
2400
2200
3200
2200
2600
2800
2500
2700
2300
2200
4700
3700
3300
2600
3000
6700
2200
8400
4500
2800
3600
2100
3200
2500
2200
2200
7700
5600
3200
1800
4200
2200
2500
3700
4000
2400
3000
2200
2700
2100
2500
2100
13200
2400
2100
3500
3000
2200
3800
11700
4300
9500
8000
2600
3200
3600
2300
2000
6500
3400
2700
3500
4400
2200
2400
2000
11300
2800
2100
2400
3100
2100
2100
2300
4600
3500
2300
1600
2700
1900
1600
3000
3700
2300
2200
1800
2600
2100
1800
1900
3300
3400
1900
2100
2700
2100
2200
2700
6300
2600
2500
1600
2700
10300
2100
1900
5900
4000
1800
2800
2600
2800
2100
2000
6900
2300
1600
1700
2700
1700
1900
1400
20400
2500
1300
1500
2300
1700
1500
1700
9200
19000
2200
1400
2700
1900
2200
1500
4900
2700
1800
1500
2600
1800
2200
1600
3000
2700
1800
1600
2600
1600
1600
1500
54900
1900
1800
1400
2600
2000
1500
1500
2200
900
1000
1600
1700
1300
1200
1200
1200
800
1100
1600
1200
1100
1100
10200
3800
2100
1400
4200
2300
1600
1500
1700
2700
1300
1700
1300
2300
1800
1600
1500
4100
3300
1800
2100
2600
1900
1500
1800
3000
1600
1400
1300
2300
10200
1600
1600
2800
1200
2400
2000
5400
1500
1500
1700
2400
1500
1300
1200
2100
8200
1700
1500
2300
1000
1200
1200
2700
2000
1400
1400
3000
2000
1500
1400
2000
1700
1500
1800
2100
2500
1300
1500
24900
1200
1200
1100
2100
1400
1400
1000
1500
1000
1300
1100
2200
2800
1500
1900
1700
1200
1100
1100
4100
1600
1500
1200
1700
10300
1300
1100
3000
2200
1500
1000
1700
1200
1600
1300
2300
1600
1300
900
1500
1100
1200
1300
1700
1400
1200
1100
1300
1100
1000
1200
1900
1500
1200
6900
1600
1100
1100
1900
2200
2900
1900
1500
2100
1300
1200
1600
2500
1400
14700
1200
1600
1400
1200
1000
3000
5400
900
1300
2500
8000
1500
1900
9100
1200
800
1200
1800
1000
1100
1000
