389300
11500
7900
4200
346400
14000
9200
4800
7200
3400
4600
5900
5600
5300
4600
4300
18400
4200
4900
5600
4700
3500
4100
3800
15100
15300
4100
4900
6600
5300
3800
3300
6600
3900
3300
4600
5100
4000
3400
3400
6400
4700
4100
7800
6200
4100
3500
3500
15000
4700
3600
2800
7300
3700
3000
4000
6200
5200
4300
3100
4000
4800
3200
2800
6600
3800
3900
4000
3900
3000
2800
2600
5800
4400
3200
3000
3200
2500
2700
2500
4900
4100
3500
2600
3500
2800
2200
2400
6500
2900
2100
4100
3500
7400
2200
2300
5000
3800
2600
7500
3200
2500
2400
2500
8300
3500
3600
3200
3200
2500
2500
3100
5300
3700
2800
2800
3400
2900
2200
2100
4600
3500
3500
3300
3000
2500
2200
6700
6600
4300
3400
2700
3200
7000
2400
3000
4700
2900
3800
2400
3200
11700
2900
2400
4900
3700
4300
2000
3500
2500
2400
2500
5000
3900
3000
2400
3200
2700
2400
2100
5400
3900
2400
2200
3100
2400
2800
2000
4800
3000
2700
1800
3400
2200
2000
2100
5400
3000
3500
2300
2900
2200
2200
2100
5400
3700
3300
1900
3000
2400
2300
2000
6800
3700
2800
6500
11500
3200
3500
2800
9000
4500
3900
2800
7400
3200
4100
3200
6200
4000
3100
12800
3800
2400
2300
2900
5400
4200
3400
2300
3200
2400
2200
1900
5200
3600
2500
2000
3500
2700
2300
3300
4400
3500
10100
3000
2900
2400
2100
2100
7800
3400
2500
3000
3100
2100
2200
2000
5200
2800
2000
4400
2700
2800
2100
4600
8600
5900
3900
3600
4700
4200
4400
3300
8500
3600
4100
2600
3800
3100
3000
2800
5100
5100
4400
3200
3300
2900
2800
3300
8400
6200
4500
4200
3800
4600
3200
3100
17800
3800
3400
3100
3400
2700
3500
2600
14800
4100
2800
2400
3500
3100
2700
2300
21000
4700
4500
2900
5400
3500
3400
2800
5700
9200
3200
3800
4400
3600
7100
2800
7300
3000
2600
1800
3800
2300
2100
2100
3800
7100
2700
1800
2900
2400
2200
2100
4500
2900
2100
4200
2900
2700
2500
2400
5500
3600
4100
2600
3700
2700
2700
2300
7600
2900
2500
1700
3200
3200
3000
3300
9700
4600
3700
2900
4600
2900
10600
3800
6400
4900
2800
2100
3600
2800
2500
5100
6100
4600
5700
3400
3700
3100
2900
6000
14400
6600
3900
2800
11400
3300
2500
2300
11400
2900
4600
2200
3300
2000
1900
1800
3500
3400
3400
1700
2500
1800
1900
1800
7200
2600
2300
1500
2200
4200
2000
1900
3500
2500
2800
2000
2300
2100
1900
12300
4000
2400
2200
1800
2300
1900
1800
2300
6600
7600
4200
3200
3500
3100
2700
2400
4500
2900
3700
2600
2900
2300
2100
2400
4500
2600
3800
2500
3200
2500
2500
2100
5100
3500
2500
2800
2900
2200
2200
3500
5200
2400
3500
10500
3700
2600
4200
2300
4400
3900
2600
2200
7500
2200
2200
3600
3900
3000
2300
1700
2800
2000
3300
6800
4000
2900
2400
2000
4000
2600
2200
3700
3600
3400
2900
3100
3000
4200
2400
1900
10800
2800
3400
3200
3000
2200
2000
10100
3700
2600
2300
4000
2800
2000
2000
1900
3500
3700
2300
2300
2900
2300
2200
1900
24900
4600
13900
1600
3700
1800
1800
1800
3400
2300
1800
1300
2900
2100
2100
1700
3400
3200
2000
2200
2400
2600
1900
1600
3200
1700
1400
2100
2400
1700
2000
1500
3400
2100
1600
1900
2100
1600
3100
1600
3500
2300
2300
2000
2700
1900
1900
1700
3700
3400
2100
2300
2600
1900
1900
2500
3600
2000
1900
1900
2800
1900
2100
1700
5000
2200
2300
9100
2600
1900
1800
1600
8800
2500
1400
1500
2400
1700
2000
1400
1500
1300
1100
1100
1400
1400
1300
1200
1600
1000
1000
1000
1900
1500
1300
1200
2200
900
1100
1200
1400
1200
1900
1300
2300
1200
1000
1100
1800
1300
1300
25900
6800
2400
1900
1700
2700
1900
2200
2300
6900
2500
1500
1400
2900
1800
2500
1600
3200
2000
1200
1300
2400
1700
1600
1600
2500
1200
1000
1000
1700
1200
1200
1100
5100
3300
1000
900
1400
1100
1100
1400
1200
1100
1000
900
1100
6400
1600
1400
6900
1900
4600
1500
4200
1900
7600
1700
4500
1600
1700
1300
25600
1500
1300
2600
2200
1400
1000
1300
1600
1200
1300
1300
2100
1600
1200
2100
1400
1600
1100
1100
2700
1200
1300
2500
1600
1100
1300
1100
2400
2000
1000
2300
1500
1200
1100
1200
2500
1500
1200
1100
1500
1400
2000
1100
2300
1700
1100
1100
1700
1300
1200
1200
2300
1500
1300
2400
2700
1300
1100
1100
3100
1700
1300
7500
1500
1200
1400
2200
2500
1900
1500
2600
1700
1100
1100
1100
18300
2700
1100
2800
2300
1200
1200
1300
3600
6000
1000
800
2100
1100
1300
1100
1800
1000
1200
800
2100
1400
1300
1100
