377800
6400
5100
8300
351700
13700
9300
4700
8800
4400
6600
5100
6100
5400
13400
5000
9300
4300
2900
4200
5000
4300
4600
5200
6200
4300
11200
4400
5000
3900
3700
3100
6500
3400
3000
2700
5200
3900
3800
3300
5800
3800
4200
2700
4700
3900
3200
3100
9100
5400
4000
5300
4700
3800
3300
3100
36800
5600
3400
8200
5800
6200
4400
5900
6300
3900
2600
3400
3400
2800
2700
2800
5400
3700
2900
3900
3500
2600
2400
2300
4100
3500
2800
2500
3300
2700
2500
2600
4500
3200
2400
4500
4800
3300
3400
2900
5500
3800
3500
3700
3400
2500
2300
2500
4700
3700
2300
4100
2800
4800
2200
2100
4500
3300
5800
4400
3200
2300
2300
2500
5200
2700
3200
3100
3100
2200
2200
7100
4900
3600
3800
3100
3200
2700
2800
2400
5800
3300
6600
2400
3100
8800
3000
2400
5700
3500
3700
3800
2800
2900
2100
2100
5600
3400
3000
1900
3200
2300
3000
2400
4400
2700
2400
2800
5000
2200
2600
2700
3800
3800
3000
2900
3000
2300
2100
2100
4800
3500
3600
2600
3100
2400
2300
2100
4200
3100
2100
3100
3200
2600
2200
2200
5100
4200
2800
2900
3100
2300
2200
2200
4500
3000
2500
2000
6600
6600
2300
2200
5000
3100
2600
2700
2600
2000
2000
2000
5800
4800
7900
2600
3600
2800
2900
2700
7200
6800
5900
3900
4700
3300
2900
2700
7800
4200
2900
2900
4700
3000
2600
2400
4500
3700
3300
2200
2700
2000
1900
2000
6600
5700
5700
6300
4100
3100
2800
6300
8800
5500
3600
3300
4100
3700
2900
2800
14000
4600
4400
3800
5500
3900
3300
3000
6100
4900
4200
4100
3700
3400
2800
2800
14400
10100
8000
3000
3700
2800
3400
2300
7500
3900
2600
2100
3900
2700
2400
2500
5100
3100
3700
2600
3200
2800
2700
2400
6500
2600
2500
5600
3300
2600
3100
2600
5200
6000
4300
3000
4400
3100
3000
2500
7600
6600
4100
4200
4200
3200
3200
3800
5800
3500
6700
2600
3800
2700
2500
13400
6700
3900
3200
3000
3400
3100
2600
3000
6100
3400
3100
3100
3500
2900
4000
2800
5600
3200
3300
2800
3500
2900
2700
2500
6600
4600
2800
2900
3600
2700
2700
2500
5800
3900
4200
3400
3700
2900
2600
3200
6000
3500
2900
2500
3500
2800
2600
4700
6500
3800
3300
2300
7900
2700
2500
2400
5200
3500
4400
3200
3300
2500
2400
2500
6600
5400
3100
4700
3600
3000
2700
2400
6300
3400
4200
2900
3400
2600
4600
2800
6600
5300
3300
2800
3400
2700
2500
2300
11700
4200
3700
2900
3500
2600
450500
14500
5900
2200
1700
2600
2400
1700
1800
2200
2200
1600
3200
1500
1900
1600
1900
1700
2300
3000
1600
1300
2000
1800
1900
6900
2900
1600
1600
1500
2400
1700
1700
2500
2100
1400
1400
1600
2000
1600
1900
1700
7200
1800
1500
5400
2400
2100
1800
1800
2800
2000
1600
1400
2000
1700
2500
1800
1900
1700
1700
2500
2900
1700
1800
1700
2900
1800
1600
1500
2200
1800
1700
4900
16700
1500
1300
2400
1800
1600
1500
21100
2500
2000
1400
2300
2000
2500
2000
1500
2600
1700
1400
1400
2700
1600
1600
1500
5700
1200
1300
1000
5300
1800
1400
1400
2700
1900
1400
1400
1900
2700
1600
1400
1800
1200
1200
1000
1600
1600
1600
1400
1700
1400
1700
1300
1500
1400
1400
1500
9100
1600
1500
1500
1700
1100
1200
1500
2000
1900
1300
1300
1600
1300
1600
1300
2800
1600
1200
900
1600
1400
1200
1100
1700
1100
1000
1100
1500
1300
1200
1200
1200
900
1000
1700
1600
1300
1200
1100
7800
1200
1100
1100
1400
1200
1200
1200
9700
1600
1200
800
3100
3700
1300
1200
1500
900
700
2600
1400
1100
1300
1200
900
700
1200
700
1200
1100
1200
1000
1000
800
900
800
1000
1000
1000
1000
900
900
700
600
1500
1100
1000
1100
1700
1000
1000
800
1400
1500
1000
1000
1400
1400
800
900
1200
1100
1100
1000
1000
1100
700
800
4800
1100
1100
1100
4700
3200
1100
700
1300
1000
1200
1000
1100
1000
1200
700
1100
2500
1000
1000
900
800
1400
700
1100
1100
1000
1000
900
900
800
1000
1700
1400
1200
1500
1400
800
800
1100
1200
1100
1100
1000
1300
1400
1300
600
18100
900
800
700
1200
800
600
700
1000
700
800
700
1100
1200
900
1000
900
800
700
700
1100
900
1300
800
1100
700
800
800
900
1500
800
700
700
700
700
800
900
800
900
900
800
700
1000
700
1000
800
700
3800
700
700
1000
1400
1900
900
1200
900
800
700
900
800
1400
1200
1000
1000
800
800
700
900
1300
1100
1100
700
800
900
700
900
10400
1600
900
800
800
900
800
700
