380400
6900
10800
3600
379800
13900
8400
5000
6700
5300
7700
4800
5000
4900
4100
3900
10100
6800
5700
9100
5300
4700
4300
5400
12000
4300
3000
2600
4900
8500
4300
3500
5100
4500
3400
3400
4600
4100
3600
3400
6700
3500
3500
5000
4900
3800
3500
3200
6100
5700
3800
6600
4700
3800
3400
3100
5300
4000
2900
4800
6400
4100
3500
3200
5800
4100
3100
2500
6000
3700
3100
3500
13000
6200
3600
5200
5800
2800
2600
2800
4800
3600
2600
2200
3700
2700
2300
3000
6600
4400
5300
3500
5000
3700
11300
4400
6100
4300
3300
2100
3400
3500
2700
2500
4700
2700
2800
3900
6400
3300
2500
2500
5600
3100
3100
2600
3300
2500
6100
2500
4400
2900
2400
3000
3300
3300
4100
6700
5100
3400
4100
3200
3200
3300
2400
2300
5000
2700
3200
2900
3200
11300
3400
11000
6100
4700
4000
3800
3700
2500
2300
2200
4400
4200
3000
3700
3200
2500
2800
7200
6000
3300
3300
3200
3300
3200
2900
4000
4600
2700
2200
2400
3100
2800
2300
2300
5300
3600
3600
2500
3200
2900
2400
2400
4500
3800
2500
2800
3300
2300
2100
2000
5200
7200
2600
4200
3300
2500
2300
5800
4500
3400
3300
4500
3600
2600
2700
2100
4400
2800
2200
1700
3100
2400
2200
2900
4700
3400
3400
1900
2900
2900
2400
2700
5800
3900
5000
2400
3600
2300
2200
2700
5800
2800
2600
2400
2900
2700
2200
2200
4700
3400
2400
2600
3000
2400
2100
2200
5200
3700
3700
4400
4100
3100
3100
6600
6800
6400
3200
3000
4200
5700
3200
3500
7100
3900
2900
3300
3900
3300
2900
3100
7700
5800
4600
4700
3800
2900
2800
3400
6200
4700
3300
5300
4100
3100
3600
2700
6200
5600
6000
4700
4000
3200
3100
3500
7500
5300
4200
3800
4800
3700
3200
2600
7500
3700
2800
2100
4500
3000
2600
2500
6800
4200
3800
2600
3700
2900
3300
3200
6000
6000
2700
4600
3800
2800
2600
2500
5100
3200
4800
3500
4300
3000
3000
3000
6200
4300
2500
3600
3600
4000
2800
2500
6200
3900
3300
3600
3800
3400
4200
3100
6700
3900
4500
3000
4100
3100
2800
2500
5700
3800
4700
4100
4900
3400
3400
2700
5500
3800
2600
3000
3500
3300
2900
2600
5800
4200
2700
2400
3400
2600
2500
5000
5900
4900
3100
3100
3900
2800
2600
2400
7600
4000
3500
3700
8500
3600
3000
2700
6100
3900
2800
4800
3300
3200
2800
2600
5900
3500
3400
2500
3200
2500
4500
5700
5700
3600
3300
2700
3900
2700
2800
2700
6000
5300
4000
2500
14400
3400
3100
2500
7100
3900
4000
3000
4000
2700
2400
3200
5700
4000
3700
6000
4100
3200
3100
8300
8800
4800
2500
3200
3400
2500
2700
2500
5100
5000
3200
5100
3600
2500
2400
2700
5100
3200
3700
10800
4400
2700
2500
2400
5800
4300
3300
3300
3500
3700
2500
2500
4800
3700
2800
2300
3100
2500
2400
2400
6300
3500
4700
3900
3500
13600
2500
3400
5600
3700
2900
2200
3100
2300
2200
3200
7500
2200
1600
5100
2200
1700
1800
9400
3500
2200
9500
1500
2000
1700
1600
1500
3100
1200
1400
1700
1800
1500
2000
1700
1900
1600
2200
1500
2200
1600
4100
1800
2800
1800
1400
1600
2300
3600
1800
1800
3200
2300
1600
1500
2100
1800
1700
1600
19700
14600
2100
1800
2100
1500
1300
1600
2400
1600
1300
1500
2400
1800
1500
1400
2300
1400
1100
1200
1900
1800
1500
1400
2300
1200
1200
1200
1700
1500
1400
1500
2000
1300
1300
1700
2000
1500
1300
1600
2000
1300
1300
1100
1700
1500
2000
1800
4800
1200
1200
1200
1500
1800
1400
1400
1900
1200
1300
1100
1800
1400
1500
5200
1800
1300
1100
1100
1500
4600
1900
1300
1600
1100
1200
1700
1500
1200
1200
1500
1500
1400
1800
1100
1300
1200
1400
5000
2100
1200
1800
1500
1700
1500
1400
1200
2200
1200
1100
1100
1500
1300
1500
1200
1900
1800
900
1300
1500
1200
1800
1500
7500
1100
900
800
1600
1100
1200
1300
1800
1100
1300
900
1300
1200
1300
1100
1300
1100
1400
1000
1600
1800
1100
1300
2100
2100
1300
1900
1700
1700
1500
1800
2300
1200
1400
1500
1800
1500
1400
1700
2600
1600
1500
1400
1700
1400
1300
1400
2300
1800
1100
900
1400
1200
1500
2400
4000
4000
1300
800
1500
1000
1700
2000
1900
1000
1000
1000
1400
1100
1100
1000
1800
1800
1000
1000
1700
1500
1600
1500
2000
1600
900
800
1400
1200
1100
1000
1000
800
1000
700
1100
1200
1000
1100
1300
1100
900
2700
1200
1100
1000
2100
4300
3400
2000
1000
1400
1100
1100
1100
4100
2900
1300
1700
2500
1700
1400
1600
2900
1900
1300
1800
2000
1600
1900
1600
2800
1800
1500
1700
2100
1700
1600
1600
