334700
16900
4100
4300
495800
27900
13500
6900
7500
4700
4000
7300
5200
4500
6000
3700
7700
5200
3500
3100
4700
6800
4300
3700
14300
3900
6800
3200
7200
4100
3900
3200
5600
3900
3300
3300
4700
3600
3500
3000
11600
4700
4300
3100
4800
3300
3300
3500
17600
4200
2500
4000
4100
4900
3200
2700
4600
4000
3100
2200
3700
3500
3900
3200
6100
4200
2400
3500
3700
3000
2600
2500
5400
3800
2600
2700
3400
3100
2600
3600
4800
4000
3600
2600
3400
2600
3000
2500
5300
3900
3400
2700
3500
2700
2400
2500
4600
3500
2600
3000
3900
3000
2700
2300
4100
4300
3500
3000
3700
3000
5100
2800
7900
5000
3100
2300
4100
3000
13700
2800
5200
3900
3300
3900
3400
2700
2500
7700
9500
4700
6300
3600
5700
4100
3400
2700
6900
3700
5300
3000
4200
13000
3800
15600
5600
3000
2700
3100
3200
2400
2200
2200
4700
2900
2200
2500
2800
2700
2700
2300
4100
4500
2800
3100
3200
3100
2600
2000
6400
3800
2400
2700
4100
2700
2300
2600
8800
4800
6300
3700
4900
4000
3200
3000
5600
2900
2900
3500
3100
2900
2200
2100
4300
4200
3500
2200
2900
2200
2200
2900
10900
3300
2900
3900
3000
2400
2400
2100
4900
3600
3100
2400
3000
2000
2100
2700
4700
3200
2300
2300
3200
2600
2100
2000
5900
2900
2400
2500
2900
2400
2100
2100
6300
2600
2000
1700
2600
2300
2500
2100
4600
3000
2400
1800
2900
2300
2100
1800
5000
3900
6300
3400
2800
2100
2200
4400
4400
3900
2800
2600
2800
2100
1900
1800
3800
4200
2500
1600
2500
2300
2000
1800
6300
3600
2700
3500
2700
2100
1900
1700
4200
3600
3100
1900
2700
1900
2300
1800
6500
3400
2800
2300
2700
2100
2700
2000
4000
3000
1800
2000
2500
2100
2400
2000
4700
4000
3200
3000
2600
2100
2200
2100
4900
3200
2800
2900
2700
2100
2000
2700
8200
7900
2300
2100
2700
2100
2200
1900
4500
2900
1900
3200
2600
2000
2100
1900
3800
2500
2000
2000
2400
2000
2000
2300
4700
2800
1700
2400
2700
2000
2200
2000
4400
2700
3000
2100
2400
2000
1900
2000
4100
3400
2200
1900
2500
1800
2000
2300
7900
5100
3100
3000
4100
3100
3600
3100
7400
3800
3300
2800
4800
3100
3000
5300
7000
3900
3200
4200
4100
3000
2700
3900
76800
4100
3200
2500
4100
2400
2600
3800
5100
3500
2100
8800
3100
3000
2500
2000
3900
2700
2100
2200
3100
2200
2500
2300
3900
2400
1800
2700
2600
2000
2200
1900
4000
3100
2600
2200
2600
2200
2300
1900
4100
3200
2200
1700
34100
4000
3000
2500
5300
3700
2800
2500
4400
3200
2800
8000
6400
4500
4100
1900
3200
2000
2000
2100
7200
2400
2700
3100
3100
2500
2800
2000
3700
2200
2000
8900
6500
2300
2500
1800
9500
2600
1800
1600
2300
2000
1900
1900
3100
6200
4400
2100
3500
2200
2100
1900
4800
2600
1900
1900
2900
2000
1900
3100
12400
2400
1400
1200
2100
2100
1700
1600
3100
1800
1700
2300
2400
1800
2600
7400
3600
2100
1600
1400
2000
1700
2400
1500
2700
2100
1500
1400
1900
1600
2900
1700
3300
1800
2100
1800
1900
1600
1500
1500
2900
2000
1600
1400
2500
1600
2700
3200
2000
1700
1400
1600
1800
1500
4500
1600
2100
1500
2300
1400
1700
1600
1500
1700
1900
2200
1800
1200
1800
1600
1700
1500
1900
1700
1400
1200
1900
2100
1400
1700
1900
1600
1400
2100
1800
1700
1600
1700
4600
1700
1600
1200
1800
1500
1600
1400
1700
1400
2100
1300
1900
1600
1500
1600
2500
1800
1800
1400
1700
1500
1500
2200
3300
1700
1500
1300
5000
1700
1500
1400
2600
1500
1400
1500
1900
1900
1400
1600
1700
2500
1300
1200
1700
1500
1500
1500
1500
2200
1200
1100
5600
1500
1800
4600
1700
1300
1100
1800
1600
2100
1500
1600
3100
1900
1400
1200
1900
1500
1900
1700
1700
30600
3400
1900
2900
1800
1600
4000
2400
1300
1300
2900
2300
1900
2300
3500
3100
2100
1200
1200
1900
4500
1800
1500
1900
1400
1100
1300
1900
2400
1600
1500
4800
1900
1700
1400
1700
1400
1300
1500
3200
2000
1700
1500
2300
2800
1900
1800
8200
1900
2100
2500
2100
1700
1700
2100
2500
2400
1800
1600
2100
1800
1800
2100
5100
5300
2800
1500
2900
1900
2600
1800
2600
1900
2100
2600
2200
1900
1700
1700
2300
2000
1700
2000
20200
1600
13000
1600
2300
1500
1200
1500
2000
1700
1400
1400
2700
1400
1100
6400
2100
1500
1400
1300
2400
2100
1600
9500
2300
1500
1600
3800
3100
2100
3000
1400
2300
1800
1800
1500
2500
1500
1300
2500
2100
1700
1500
1500
17000
1200
1000
1000
2900
1900
1700
1600
2000
2400
1600
1200
2500
2000
1600
1500
