725100
11800
5000
3300
563800
13900
9600
4700
10600
7700
14400
8900
8200
8000
6200
5200
9400
6500
4900
4500
6800
5400
6900
5300
10300
6400
5000
5400
6600
5800
5600
5200
11100
14500
7600
7100
7200
8400
5400
5400
9500
7500
5800
4000
6600
5000
4700
4100
6700
5700
4200
7200
10200
5300
4900
4400
18100
3200
2400
3200
4200
3600
3000
3400
4500
4500
3400
2900
5400
3400
3100
2400
8500
7700
5100
3900
5100
4200
4800
4900
11500
5300
3600
4600
4600
3400
3200
3700
8400
4500
3600
2800
4200
3600
3300
2700
5300
3100
3100
6800
3500
2500
2700
2100
7900
3200
2900
2000
3000
2300
2300
2000
5100
3700
2000
2500
3200
2300
5600
2700
5000
3100
2200
2600
3000
2300
2300
14500
5100
3800
3900
2000
3200
2700
2200
2100
5300
2800
3100
1800
3500
3100
2400
4400
5200
3300
2900
3300
3000
4200
2700
2700
5000
3400
2900
3000
2900
2400
2500
2200
5100
4000
3500
2500
2700
2200
2400
2500
4300
6000
2500
2100
2800
2400
2000
2000
5700
2900
7100
2500
3800
2500
2100
2500
4800
3900
2400
3000
3000
2100
2200
2000
4800
3500
2000
6200
2700
2400
2600
1900
3800
2900
3100
2800
2700
2000
2000
46700
7300
7100
3800
4000
4300
3500
2800
3500
7100
3900
4100
3700
4300
3500
2900
2700
7600
3500
3500
4500
5000
3500
2800
12100
5800
3600
3100
2500
2900
2300
2200
2000
5600
3100
2500
2200
2800
2700
2200
2000
13200
2500
1800
3600
2700
2000
2300
4300
4000
2600
1900
2500
2600
2100
1900
1800
3700
3300
2200
1700
2700
2000
1900
1800
9800
3400
2800
3000
4100
3300
2900
2500
6400
3500
2700
2200
3400
2800
3300
2600
6300
4600
3300
2700
3500
2900
2600
2600
5500
8000
3300
3000
3700
2800
2700
2400
6100
4500
3500
2600
3500
2900
2700
2900
5300
4900
5500
3700
3500
2900
2600
3000
5800
3800
3000
2600
4200
3000
2800
2500
6400
3600
3000
3000
4100
3100
2900
3300
6300
9000
2700
2400
5300
3100
3000
2600
5700
4500
3900
3200
3700
2900
2700
2800
6200
3600
2500
2700
3300
2900
3000
2500
6000
3700
2200
3600
3400
2900
2600
2500
5300
4900
5900
2700
3500
2700
2500
2500
6200
4700
3000
4100
3700
2900
2700
4700
7500
4800
3900
2800
3900
2900
2600
2500
6300
4400
3100
2900
3900
6600
2700
2600
11300
3500
3800
7100
3900
2600
2800
3000
6300
3200
3200
2700
3800
3200
3500
2600
6000
4000
3500
13800
4300
3100
5100
3800
6100
3100
3100
2500
3400
3400
2600
2400
4700
3600
2300
2900
3600
5300
5800
8600
5700
3400
2600
2500
8900
3500
2600
2700
5500
3100
2800
2100
3400
2800
3300
2900
5600
3600
2900
10000
4500
3200
3200
2700
6300
4300
4500
3300
3600
3400
4600
2400
5200
4400
4200
2700
3500
2700
3300
2600
18500
5000
2600
2700
8200
3100
2700
2100
5100
2900
3100
3500
4300
2300
2200
2500
4200
2500
1800
4000
4200
2400
2200
2200
4600
2500
2100
4100
3000
3400
2200
1299100
22200
2800
2600
2100
26300
2600
1800
1600
5000
2200
2100
1300
11000
2000
1800
1600
21700
2400
2400
2400
3200
2000
1700
1400
6800
4300
1700
1700
3000
2200
5600
6200
9600
2600
1400
1700
3300
1900
2500
1500
6100
1800
6800
2300
8400
2900
4900
1400
2700
1700
1600
1400
2600
2000
1600
1600
2200
1200
1300
2200
2200
2300
1400
1400
2600
1300
1500
1200
2400
1500
1400
1500
2000
1600
1600
1300
2300
1500
1300
1300
1900
1400
1400
1100
2000
6400
1400
1400
2100
1800
2800
1600
2200
1500
1600
1800
2200
1400
1700
1600
2200
1900
1700
1400
2400
1700
2500
1200
2200
1500
1500
1800
2400
1400
1200
1500
2300
1500
1300
1700
2100
1500
2200
6600
2100
1500
4900
1600
2500
1600
1300
1100
2400
1600
1600
1500
2600
1700
1300
1500
2300
1700
1700
1500
2200
1600
1500
1600
2500
1600
1400
1500
2600
1800
1300
1200
2100
1500
1300
1400
2600
1100
1500
1200
1700
1400
5800
1400
3000
1400
1500
2500
2300
1600
1500
1600
2800
2200
1700
2000
2400
1600
1500
1400
2100
1500
1500
1500
2200
1400
1400
1400
2100
1700
2000
1100
2100
1500
1400
1300
8400
1500
2600
1700
2100
1500
1300
1500
1500
1300
1600
2000
1600
1500
1300
1600
3700
22900
13700
1300
3000
1200
1300
1300
2200
900
900
900
2300
1400
1200
1200
2300
1300
1100
1600
1500
1300
1200
1100
1500
2400
1200
4000
1700
1200
1500
1200
1900
1600
2300
3200
1600
1300
1300
2200
1300
1100
1900
1500
1700
1200
1100
1100
2800
1400
1600
2300
2400
1400
1600
4300
4300
4500
700
7000
12500
1200
1200
900
10400
1300
900
1100
1700
1000
900
900
