402700
7200
14000
78400
375600
14500
8400
4800
11100
5600
6700
6300
5100
4500
4200
4700
5400
5100
4400
4000
5600
4000
4000
3700
7200
4800
3500
3600
5300
3800
3700
3300
9000
7500
3100
5900
4900
4100
3900
3100
12600
4400
4400
3700
5000
3700
3700
3600
12500
5300
3600
7300
4900
4600
3700
3300
5900
3500
2900
3300
4600
5200
5300
5700
5600
4300
2900
4800
7200
3300
2800
3500
5700
4200
3400
4200
3800
2800
2700
2400
6700
5400
2900
2200
3600
2800
2700
3400
7400
4800
6200
4400
5000
3500
11200
3500
8800
4700
4700
3800
5300
4000
3500
3100
4400
2900
3000
1900
6400
2600
2300
2400
5300
3500
2900
3800
3200
2600
6000
3300
5300
7200
3100
2000
3500
2600
2900
17100
9500
5600
5600
4200
7000
6100
4300
3400
6700
4400
4100
4500
4200
5200
3500
2900
8700
5000
5000
4300
4500
4000
3300
3000
8400
6600
4700
4300
4400
3300
3600
3100
7600
5300
3400
3300
4300
3800
3300
3800
7800
4200
3600
4400
3700
2400
2800
2600
5400
3600
3000
3400
3000
7300
2600
2600
5200
3300
3200
2100
2700
2300
2100
2800
4700
3600
2300
2500
3000
2200
2300
2800
4900
3800
3100
2200
3100
2800
2300
2100
5200
2900
2600
3700
3700
2800
3600
2200
10300
3000
3200
2400
2700
2900
2300
2000
4200
3900
2700
4000
3300
2200
2100
2500
7900
5100
3100
4000
3700
3300
3600
2700
8200
4600
3600
3000
4200
3700
3300
2900
10200
4400
4100
6100
4000
3100
2800
6500
6900
5800
4900
4000
4100
3200
2800
3900
7400
6100
3700
4100
4200
3400
3200
29900
18600
4500
3700
3000
4100
3800
3700
3000
8900
5100
3600
3100
5200
3700
3900
3100
10800
4300
3100
3100
3900
2900
3200
2800
6100
3700
2700
5700
3900
3100
4400
2700
6600
3500
2800
2700
3500
3100
2700
3600
6300
3700
3000
6200
3800
3000
2900
2700
7800
3900
3900
3500
7300
2900
2800
4800
9800
3000
2200
2300
2900
2300
1900
3000
4100
3300
1900
2300
2400
1900
1900
1800
3800
2100
2000
1600
3000
1900
1700
1800
3600
2000
1600
1700
2300
2800
1800
1800
3300
2200
1800
1700
2300
1700
1600
2200
2700
2000
1700
1600
2300
1900
1900
1800
1800
1700
1400
1900
4700
2300
2000
3600
3100
2800
2200
1400
2200
2200
1700
1900
5700
5600
2000
1700
2100
1700
1700
2300
6300
2100
1600
1800
2000
1700
2400
1700
3100
1900
2200
1600
2100
1900
1700
2000
2900
2300
1700
1400
2200
1700
1600
1600
2900
2800
1800
1600
2100
1700
1600
1700
4000
1700
1600
13400
3000
2200
1800
1700
2900
1700
1700
1600
2200
1700
1600
1600
2900
1900
1500
1600
2500
1800
1600
4800
2700
1600
1700
2900
2000
1700
1900
1800
3200
1700
2000
1600
3500
1900
1700
2000
2800
1400
6000
1700
1900
1600
1700
2000
2100
1700
1500
1600
2100
1900
1500
1700
2700
2300
1900
1500
2100
2700
2100
2500
2600
2100
2000
2200
2100
1700
1800
1500
4000
1600
1400
1900
2000
1600
1600
8300
2400
1700
2400
1200
1800
1600
1600
1600
2300
1400
1300
1300
1600
1600
1500
2900
2000
1600
1500
1400
1800
1600
1600
1500
2300
4600
2200
1700
1700
1600
1400
1400
2200
2100
1700
1400
1800
1800
1500
1600
1900
1500
1600
1300
1700
1500
1400
1500
2100
1300
1500
1300
1600
1500
1700
1500
1700
1200
1200
1400
1700
1900
1500
1500
1500
1500
1600
1200
1600
1500
1500
2200
1900
1400
1900
1400
1700
1700
1900
2400
3600
1300
1100
1100
2000
1600
1500
1500
2400
1400
1400
1300
1800
1600
1600
1500
18500
13800
1400
1400
2100
1400
1400
1700
1900
2000
1400
1400
1600
1400
1500
1300
2200
1300
1600
2100
1800
1400
1400
1500
1600
1200
1800
1200
1600
1500
1300
23400
19800
2700
1600
1500
2700
1900
1700
1700
6900
1800
1100
1100
2100
1600
1400
1800
2300
1300
2400
1200
2100
1700
1500
1500
2500
2400
7000
4400
2400
1800
1500
1400
2800
1400
1200
2300
2100
1500
1500
1900
2300
1100
1400
1100
2100
8500
1600
1400
2400
1500
1500
1000
2800
1800
1600
1800
3100
1800
1800
1100
2100
1600
1500
1700
3400
1900
1100
1500
24200
1400
1300
1100
2700
2100
1700
1600
1800
1100
1500
1100
3600
1800
1300
1500
1700
1300
1200
1400
2500
1700
1000
1400
1500
1100
1200
1300
2400
1300
1000
1300
1500
1300
1200
2000
2400
1200
2000
2300
1500
1100
1100
1200
2700
1400
1400
1300
1500
1300
1200
1100
2000
1200
1200
4900
1600
1200
1400
2000
2600
1200
1200
1400
1500
1100
1400
1100
2400
2800
1400
1300
1700
1300
1100
1100
2500
2400
1400
1400
1600
1000
1300
1200
2200
1900
1400
2100
1500
1100
1300
1400
