375300
9900
5000
3400
343400
13400
11100
5400
8700
6100
6000
3500
7300
7200
5400
4800
6700
5600
3700
3800
4900
4000
4000
4000
7900
6400
3900
6400
5900
4400
3800
3300
21100
7300
3900
4100
4800
4000
3800
3300
7700
11400
4200
3800
4900
3900
3500
3400
7700
5800
3000
2900
4200
3500
3900
3100
5600
3900
3800
5000
4300
4800
5200
3100
5000
4000
2900
2300
3600
3000
2900
2600
5000
3600
2200
2900
3400
2700
2400
3100
22600
4500
3700
4000
4900
3700
3100
3600
5400
3900
2200
2200
3500
2800
2700
2200
8100
4300
4000
4400
3900
2700
2600
2500
4800
3500
10200
5300
3200
2800
2300
2100
9900
3700
2500
2900
3400
2400
6000
2800
5600
3500
2600
2000
3100
3000
2500
7800
5100
3000
3800
3200
3400
3000
2600
2500
5700
2800
3400
3200
3200
11300
2800
3400
6200
3800
2800
3600
3200
2900
2500
2400
5100
3200
3200
2600
3300
3000
3000
2400
5300
3400
3200
2600
3200
3400
2500
2200
5700
3900
2500
2200
3200
2500
2400
2600
5600
4100
3400
2700
3300
2500
2200
2600
4700
4000
2500
3300
3100
2200
2100
2300
7500
6800
4400
4200
4400
3700
3800
2900
6700
4800
6500
3600
4100
4100
3100
4200
9200
6800
3200
4900
4600
3400
3100
3400
7400
5000
3400
3100
4200
3300
2900
2700
7200
4500
3300
4500
4700
3400
3100
15600
6500
4100
4200
3800
4400
3300
3000
2600
7200
4800
3900
4200
4100
3200
2700
3100
7800
4400
3700
7900
4500
3900
3100
6400
7000
5500
6000
3600
3800
3000
3300
2700
6000
5300
8000
3600
3700
3000
2900
2500
5800
3300
24300
92800
19100
4500
3600
2900
8700
3900
2900
2600
3300
108000
4600
3200
5300
2500
1900
3100
2400
3000
2300
1900
4200
2300
1600
1400
2400
1900
1800
2000
3400
2700
2700
1800
3000
1900
1900
1800
8100
4300
3500
2400
3300
2700
2500
472800
6300
2600
4800
2600
3300
7900
2700
2400
5700
3100
2700
2100
3000
2300
2100
3900
4600
2900
2600
2300
3200
2400
2300
2300
4500
2700
3300
2100
3000
2500
2300
2200
4200
2100
2400
4400
2900
2600
2300
3400
10400
4000
3300
2600
3300
2600
2200
2200
11900
3800
3900
2500
3000
2700
2300
2000
7000
2800
2300
2100
3400
2400
2300
27400
8800
3400
2100
8400
3300
2500
2100
2000
8900
2700
2300
1900
3300
2500
1900
2100
2300
1500
2100
1300
1900
1400
1700
1500
4200
1900
2600
3000
2200
1600
1400
1300
2100
1600
1000
1200
1600
1700
1300
1500
11200
3100
2100
2000
2200
2400
1900
1900
6600
2900
1700
2600
2600
2000
2600
1800
3200
3200
2000
1900
2400
2000
1900
2000
3000
1600
1300
1700
2300
1900
1600
2000
2700
2000
1500
1500
2000
2100
1800
1800
2600
1700
2200
1500
2300
1800
1900
1700
2400
3300
2300
2900
2100
1800
1700
1700
3900
2400
3000
15400
6300
2000
7300
30900
3300
1500
1200
1800
1700
7300
1400
1200
1500
1400
1200
1200
3700
1300
1300
1300
1900
1400
1200
2300
1400
1400
1300
2600
1500
1600
2000
1400
1800
1400
5200
3400
2000
1400
2000
1200
1700
1300
1300
1300
1400
1100
1200
1000
1600
1400
1400
1300
24800
2500
1600
1500
2700
1800
2000
1800
2900
1700
1400
15500
2500
1600
1700
1700
2700
1600
2300
9300
2300
2000
1500
1400
3100
1600
2700
1400
2200
1900
1400
1600
3100
2000
1700
1200
2700
2000
1500
1400
15900
2000
1600
1600
2400
1500
1700
1600
2300
1200
5300
1300
2400
2000
1500
1500
3300
900
1000
2100
2200
1200
1400
1000
1400
900
900
700
1200
1000
1000
3500
1500
800
900
700
1100
1000
1100
1100
1100
900
700
700
1200
900
1000
1200
900
1000
700
700
1000
1000
900
900
900
800
800
1100
1100
1000
2800
1100
1000
700
700
900
1000
1100
1300
1000
1000
800
900
700
1100
1000
1000
1000
4400
800
800
900
1100
1000
1200
1100
700
700
800
600
1100
1300
1100
1000
900
600
700
800
1100
1200
1000
900
800
800
800
700
1100
3500
1100
1300
900
600
1000
1000
2000
1200
1100
1100
1100
1000
900
900
1300
1100
1200
1200
1400
1500
800
600
19000
800
700
800
1000
800
900
900
800
700
700
800
900
800
800
700
800
700
700
700
700
900
800
700
900
700
700
700
1000
700
700
800
800
900
1200
700
600
700
600
800
700
700
800
700
700
1100
700
800
800
700
700
900
1000
900
800
600
700
700
700
2700
900
900
800
1100
900
700
1100
1100
1000
700
900
1000
1000
700
900
700
900
800
700
900
800
1000
800
700
1000
600
600
700
1000
800
700
800
