316500
18700
11100
11800
8300
9400
7800
5000
6600
9500
8400
6600
1163300
21500
110500
69000
51100
39700
19000
43700
23600
34500
48200
21000
20400
12800
11200
10200
8800
10100
10900
8700
8500
9000
8100
11300
25500
22200
40200
27500
85100
20200
27200
21500
27900
43000
44500
25500
13500
13900
9400
7600
9500
12600
14300
7600
8300
7300
9300
12500
20600
20700
23400
20300
36600
22300
22600
21400
25000
19700
39600
17800
15600
11800
9400
7200
6200
8400
8300
17600
10800
8100
5900
7900
24600
21000
23400
20100
41800
28400
23800
21100
23900
18700
55000
17900
9200
11000
8300
7100
9600
9700
7000
10600
8200
6400
9500
10200
16200
18400
17200
14600
28700
17700
14500
13200
14700
15000
26700
13900
9200
9500
20500
8400
12900
12600
7400
11100
11300
7900
15800
13300
20800
21000
21300
15800
37200
14900
20200
19000
16100
14500
34900
19100
10100
8400
7700
8500
6500
8200
6700
5200
7700
6600
5300
6100
14800
13000
14000
15100
29500
31200
13800
12600
14000
12200
24600
12700
8900
14000
10000
8800
7600
7400
10900
7200
9200
7800
7500
5500
19700
16100
16700
98100
64100
19300
21200
32400
38400
32100
56700
22800
9500
7400
7200
13600
7000
6800
6400
6500
6800
11700
16000
5900
17400
13900
17100
16500
32900
12900
14100
10700
12700
11500
25000
20000
9700
6600
10600
9200
6500
8700
8900
9100
9400
8900
6100
8300
21100
14000
15100
13000
31600
26900
16900
13500
13600
12500
31400
14300
9000
6900
7500
7900
5800
9300
6800
11000
9500
6900
5900
8400
13700
21400
15200
21500
25800
19100
17900
19400
16900
13200
22100
12600
8700
8400
7100
11600
10400
10800
7200
9800
7400
10800
10100
12200
25700
25800
15200
13100
31600
17700
13100
18400
13800
12600
21200
22200
12300
7900
8000
8800
7900
9000
7000
6700
7500
10100
7600
8100
13500
11100
16800
12700
21900
10600
9500
14200
13300
14700
19200
14800
7700
6300
4900
6500
5200
4500
3800
4300
3700
5300
5000
5000
19300
11500
10000
10200
18600
9300
8500
8100
9100
8700
23300
11000
9500
7100
7500
7500
5700
7100
4500
4300
6800
7300
5300
6600
15300
10000
24200
13500
21300
10200
14000
8000
11300
8700
22600
12500
8300
9600
6900
7100
5900
15100
4300
4100
5400
6100
5300
5800
12400
8500
9100
11900
23000
9000
8300
7600
7900
11600
20500
16600
8900
10800
7400
5800
4700
9000
7600
7300
12000
6000
4800
8200
12000
9600
11300
19000
19300
17300
14400
12000
10600
14600
25900
11000
7500
8400
9100
6200
5600
5400
5600
8700
9600
5800
5600
5100
11300
13400
10800
13300
21600
8200
8800
8600
9200
12000
19900
8900
7900
5500
6600
6800
4600
9100
6100
8000
16200
15100
5700
8900
10300
10200
9800
8200
14800
12100
8800
12200
10200
8500
15800
6700
7200
7200
6100
6000
4200
5200
4700
8100
6100
6100
5200
5100
9600
9800
9400
8300
15200
8700
12600
11000
8300
8800
13400
6400
5600
6200
5300
7400
4100
4000
4500
4700
4500
5200
9000
5600
9500
8500
8200
7800
13100
6100
7000
7300
7000
6600
12700
5500
6300
5300
4500
4600
3900
8300
4700
17400
6300
4200
3800
11200
10300
8500
11900
9100
16400
8300
7800
7300
11500
8100
13800
7200
8600
6400
11000
4000
6600
4600
4000
3400
3600
3200
5800
4300
10000
8200
7800
9400
16100
6700
7400
7700
7800
7200
13300
6500
5000
6700
4900
4200
2600
4400
2300
4500
4100
3600
2300
4100
9800
11500
11100
12200
15800
7500
7400
8000
13000
12400
14900
7700
7500
5500
3200
2800
6600
4200
3200
3100
2600
2400
6200
4200
9900
8500
10400
8100
17800
7900
8300
7600
12000
8600
16900
7600
5500
5200
4100
4500
4300
4200
5100
2600
4100
4100
3900
4100
10400
7800
10400
10600
17100
6900
6900
6400
7100
6400
12500
5400
4800
3300
2700
4400
5000
4300
2900
3400
2400
3400
4000
4100
9800
7700
33600
23100
19800
6800
7400
19100
18600
8100
14800
22300
9800
6600
4800
8400
4900
6700
4000
4900
3900
7400
3600
5000
13800
10600
15900
10200
16900
8600
12300
7200
11100
8600
13300
12400
6600
6100
4800
5500
5300
4000
4400
2700
2700
3700
4200
2800
9700
7700
9100
6200
10900
12600
5400
4500
4900
4500
7800
4200
4900
2900
3400
5600
2800
3800
4400
5100
2800
3600
2200
3100
18100
10000
7200
6000
8800
4700
4500
5400
7700
5600
8000
11400
5000
5100
4700
3300
3200
3900
2900
3000
4000
3100
2900
3600
9700
5900
6000
14100
8500
4900
6400
5000
7700
8800
15400
13700
6100
7100
10200
4000
4300
9800
4000
7400
4700
3400
3900
8000
11000
11600
9400
10300
13300
12100
8200
9300
8700
7800
19900
31700
8700
4000
7100
3700
3200
3800
8900
7800
5500
3700
3200
3600
12900
9800
9700
7600
12300
6900
7800
6800
8400
7000
15400
7500
30400
5200
4300
3400
3100
3400
4300
3300
4200
3000
3200
3300
9600
7100
7100
6800
11100
5200
5700
5800
7400
6000
10000
5300
6300
4900
5000
5400
3500
3200
16200
3900
5700
5300
4000
3100
11600
8100
8700
7200
15500
6000
7500
6600
12800
8000
11200
6000
5500
4600
3700
7100
3100
9000
3700
6200
3700
4800
2900
3700
9700
11900
8800
7300
12200
6100
5700
7600
7000
6200
14100
11000
5900
4500
4300
4100
4100
3600
2900
6800
4000
3300
3800
3400
8700
8100
7700
9000
11100
5600
5500
6400
6100
5800
9900
5700
4000
3600
2200
4000
7000
4600
3400
2600
2400
3800
8700
3900
9000
6500
6900
5700
13500
5900
7500
5900
6800
6100
9800
5700
3800
5800
3300
3700
5300
3800
4100
3500
2700
3400
7800
4000
8400
6800
7200
9500
17000
6300
6300
5600
8700
10200
10600
5300
5100
3400
3100
2900
2600
3700
3900
2600
2900
2900
2900
3500
7600
6200
6600
9200
10100
5100
5200
5400
6000
8200
9500
5400
4100
7400
13100
3600
3800
3900
4000
3700
3100
3500
4500
6300
10300
6700
7500
9300
12100
6400
6700
5500
6100
8900
11800
6500
4900
3100
3300
4100
3000
18700
6600
4100
3200
3800
2800
7300
10900
7900
8800
7300
11400
11500
8100
7200
8400
7400
10200
9400
5800
7100
3700
3900
5900
2900
2800
9200
3700
4200
6100
2600
8100
5800
6700
8300
17100
8000
6800
13500
8600
17600
17500
7000
5500
7700
4500
4400
3100
7100
5300
3000
3900
4000
2900
5900
8200
7400
6700
5700
9900
7600
7400
6100
6700
6600
9900
45700
5700
4900
3700
6000
3800
3200
5400
2800
3600
5800
5600
3800
13200
6900
16600
5900
15400
4900
8200
5200
5700
5500
9600
9800
6100
3900
3000
3600
3600
3600
3700
2700
2800
3700
3600
3100
14000
5900
5500
5000
14600
4000
4500
4800
5500
5000
8400
4100
5400
3300
3500
2600
2200
3800
2900
3100
2400
2200
2100
3500
6800
5300
5500
5000
9800
4100
5300
5400
5200
4800
8300
4600
4200
3900
4300
2500
3200
2800
2600
2600
3500
4300
3100
2800
7700
9200
6100
4700
8800
3800
4700
4400
5000
4600
8100
5100
4700
2700
2400
7400
6000
4200
2700
8800
2500
6200
5100
3400
8300
12500
13200
5100
16300
4500
7700
4900
5100
5000
8600
9600
4800
3300
2700
6400
4200
2800
2300
5900
2600
3900
3500
2500
7000
9100
6100
5500
9700
4300
5600
5800
5400
5000
9300
7500
5000
11400
4200
3700
3800
2600
6100
5300
2700
3300
3100
2200
7500
5400
5700
10700
9300
5200
5000
4900
4900
10300
8900
4200
7800
3800
3700
3300
3000
3400
2700
3500
3100
2900
2700
3400
20300
5100
7300
5100
11100
4100
4900
4700
5700
5000
8400
4000
6300
4900
3300
5400
4200
4000
2200
2900
2800
4200
3700
3400
12800
5000
9700
5000
13400
26300
5700
6500
7300
4700
8000
6900
17800
2800
2300
5500
8100
2400
2200
3900
2100
9200
1800
2000
6800
3100
3200
4400
5300
2300
3200
2700
3200
2800
6400
2300
2100
1500
1600
1600
1800
1800
1800
1900
1800
1500
1600
1700
6600
2500
3200
2600
4400
2200
2500
2500
2600
2500
4400
2200
5800
2500
3900
2600
1900
3100
2400
1800
2900
2100
1600
2300
6600
2900
6600
2900
5700
7400
4200
2700
5100
2900
7900
2400
14000
2200
1900
1800
1900
2200
1600
1500
1600
1600
1800
1800
8500
2800
2800
2600
4400
3100
2600
2500
2600
3100
7500
2200
2600
1700
19500
2000
3600
2100
1400
1400
2200
1400
2300
1900
3200
2500
2700
2600
8200
2200
2500
2600
3100
2600
6100
2400
18700
4100
1600
2100
1600
2900
2200
1500
1600
1700
1400
2600
5600
2600
3000
5700
4600
5700
3800
2500
2700
6900
4500
5300
3300
2100
1500
1800
1800
2800
1600
1500
1200
1500
1500
1500
4100
2500
2900
3000
5600
2200
23500
6200
6100
16400
8100
5300
4300
1800
1200
2800
1800
2700
1800
1700
1200
2400
1600
1400
3900
4600
6300
4000
5100
5600
2500
4200
2800
2600
4600
4000
1600
1600
1800
1600
4000
2100
1400
1200
1400
2600
1800
4500
10200
2500
6400
4500
4400
2200
3500
2400
2500
2400
5300
2300
1400
2100
5100
1700
3400
1900
1400
2900
1400
1900
2900
2900
2800
2200
2500
2400
5000
2100
2700
2300
2400
2400
3600
2100
1600
3500
1700
2800
1900
3000
1900
1100
1500
2000
1600
1900
7000
2500
2600
6300
4200
2200
2400
3400
2500
3900
4800
6700
1900
3000
2200
2900
1400
2000
1800
1400
1100
2600
1300
1600
2800
2400
3500
6600
4400
3200
2300
2200
2400
3800
3700
13800
2000
1700
1300
1300
1600
1600
1200
1700
1100
1200
1500
1400
2600
2400
2600
2500
3700
2300
2100
2400
2400
2600
3700
2000
2600
3000
2400
1600
1300
1500
1300
1200
1100
1400
1200
1700
2700
2900
2600
2600
3800
2100
2200
2400
2600
2400
3900
2200
1500
1200
1600
1600
1600
3300
1200
1900
1600
1300
1300
2800
2500
2300
2500
2400
3600
5300
7100
3700
2500
2700
4600
2100
1800
1800
3300
2100
1400
2800
2100
2600
2100
1800
1300
2700
22500
4400
2300
2200
4000
6000
3300
3400
2200
2100
7200
1900
2000
3500
1600
1800
1200
1200
1500
1000
1500
1500
1200
1100
12500
2000
2100
2300
3600
2000
2000
1800
2300
2400
3600
1700
1700
20800
2800
2000
1600
1700
4400
2700
2200
2800
3100
1500
4700
2400
2800
2400
4600
1900
2100
2000
3200
9500
4200
1900
1500
1400
1200
1600
1600
1700
2900
2400
1200
1200
1600
1500
2400
2700
2500
2200
3600
1800
2200
1900
2200
2300
3500
1900
1700
1700
1200
1500
1400
1500
1200
1600
1100
1600
1300
1100
2000
2000
2000
2100
3400
3300
4200
1900
2100
2000
3700
1700
2500
2400
1400
1600
1700
1400
1100
1200
1200
1400
1400
1100
2100
1900
2300
2300
3900
1900
1800
1900
2200
2100
3500
2800
1300
1400
1300
1700
3300
2800
1400
1400
1300
1500
2400
2500
2100
1900
2000
2000
3700
2000
2500
2100
2000
2000
3600
1800
1200
2500
1400
6600
1800
1400
1900
1500
1100
1900
1500
1200
5200
2000
2200
4700
3600
2000
2000
1900
2000
3500
3500
4200
1200
1700
1800
1500
1600
1800
1400
2700
1600
1300
1300
1500
2700
2000
2100
1900
3700
2200
1900
2000
2200
1900
3400
1700
2300
1600
1500
1600
1500
3000
1500
1100
1400
1700
1300
2500
2200
2600
2000
2000
3300
2500
1900
2000
2100
2400
3300
1800
3200
1200
2400
1400
1500
1800
2400
1000
1700
1300
1400
1500
4900
2000
2200
2000
4000
1800
2800
2100
2100
2000
7100
2600
1800
1300
1100
2000
3600
1900
1700
1700
1200
1600
2500
1600
2200
2100
2200
2100
7200
1900
3100
3100
6600
2100
3400
3200
1200
1800
1500
1800
1400
1700
1300
1200
1400
1600
1300
1500
2200
2000
2100
1900
3500
1600
1900
1900
2100
1800
3300
1700
2400
2700
2500
1900
1900
1500
1400
1200
2500
1600
1500
8300
3300
2900
6700
5300
5600
3000
15100
1900
2300
2600
6500
1900
1800
1600
1500
1600
2200
1500
1100
6100
1400
1600
1500
1900
2400
2400
2100
2100
3500
1800
2000
2000
2000
2100
3200
1700
1200
1400
3300
1700
1600
2700
1400
1000
2400
1500
2100
3100
2200
1900
2400
2400
3300
4700
1900
1900
2400
2500
4900
1700
1600
2600
1800
1900
2300
1700
1300
1500
1700
1800
2900
1600
2100
1900
2200
5600
8900
1900
1900
1900
6500
3400
6000
2000
2400
2100
1600
1900
1400
1600
1700
1800
1200
1900
1300
1200
2000
1900
5700
2100
3600
2000
1900
2400
4500
2100
3500
1900
1300
1600
1600
1700
1500
1500
1400
1300
1500
1500
1500
1200
2200
1900
1900
2100
3300
1700
1700
1900
2200
2100
3200
1800
1400
1400
1600
1400
1300
5900
2600
1200
1600
1300
1100
1400
2400
2000
2100
2300
3500
1800
2100
2100
2100
2000
4400
1800
1600
1300
1500
3400
1900
1800
1000
1000
1500
2600
1700
1800
2000
1900
2100
2300
5900
1800
2000
1800
2400
2000
3400
3400
1500
1400
1200
2100
1500
1800
1200
2400
1200
2000
1500
1700
2100
3500
2300
2100
3400
2000
2000
2000
2000
6400
3300
3100
1100
1300
1400
1200
1100
1500
1200
1500
1400
2900
1100
1400
1900
1800
2200
1900
3200
1700
1800
2400
2000
1900
3400
2100
1200
1100
1700
1100
1500
1500
1300
1100
3700
1100
1500
1700
1900
1900
2100
2100
3200
1700
1800
1900
2200
2100
3100
1700
1100
1400
1300
1300
1400
1300
1200
2700
1300
1200
1300
1200
2000
1900
6600
2000
3300
1900
1900
1900
2000
2100
3300
1700
1300
1100
1400
1500
1500
2700
1100
1100
1300
1400
1400
2000
1900
1800
1900
2100
3200
1900
2000
2000
2000
1900
3400
1700
1300
1400
1500
1500
1200
2300
1100
1000
1300
1200
1100
2400
1800
2000
2000
2200
3300
2000
1900
2000
2100
2000
3400
1700
1600
1600
1200
5500
1200
3200
2100
2300
1300
1100
1600
2300
2400
2100
2100
2200
3900
11300
2200
3400
2100
2200
3500
2000
1700
1800
1300
1900
1000
2300
1800
1700
5700
1800
1000
2200
3800
2000
2000
2100
3600
3800
3100
1900
2400
2000
4100
3800
4800
3700
1500
1400
800
1000
1200
1300
1100
1400
1100
1000
5000
3800
1900
2100
3100
1500
1600
1800
1800
1900
3300
1500
1100
900
1000
1000
2600
1500
1000
1000
900
1000
1700
1500
2100
1600
1800
1700
3600
1500
1900
1700
2500
1800
3100
1500
1200
900
1100
1100
1200
1800
1100
900
1100
1100
1300
1500
1900
1700
2000
2200
3200
1700
2200
1800
1900
1800
3100
1700
