35800
9300
6300
7800
6200
6500
5200
5100
4400
4600
5900
6300
116900
19600
36000
50500
24100
24400
15200
14800
21700
34100
31100
22800
14100
12700
8600
7800
9200
8700
499100
13500
10200
8500
9500
7800
50500
27100
29500
29700
55500
36800
39500
34300
29000
21700
65300
17200
13800
8700
6900
9400
9000
10100
8100
5400
6500
8500
882000
28700
28300
16600
21100
19900
34500
15800
23600
15400
20200
22700
35800
16300
9300
9000
15100
9900
7200
7700
6500
11600
11400
7400
6400
9300
27800
131700
21900
19800
72900
17600
69100
25500
19000
16700
39300
34900
10700
9100
7000
11100
7900
20900
7100
10800
6800
7800
11200
13300
16600
18300
15600
14500
27300
22700
23300
15500
16500
15700
27400
16900
10800
12500
8500
8000
6400
7100
6500
14700
7600
7800
6400
6700
14800
17800
16800
25500
32100
14700
13300
14500
15500
24200
36800
22500
10300
7600
6800
6200
9900
7000
10200
8700
6800
6500
5100
7000
16500
13100
16900
17300
34200
13000
14600
11900
14500
13800
27100
15700
9800
10200
8000
6300
8000
6300
9600
6400
6900
5500
6800
5600
19600
14500
15700
22000
28100
13600
15600
12800
17600
28800
26600
18100
9400
6800
9100
14100
7300
8400
5600
6400
8400
9700
6000
7400
16300
13300
14300
16100
27800
20300
12300
12300
11600
11100
27100
19700
12000
7700
9500
9800
8200
8400
5700
5200
11000
9800
7700
9700
15500
12900
19900
16000
33100
13100
15800
13300
20100
13400
27700
18700
9000
8000
9600
18500
9000
8100
6500
7700
8800
6400
7600
7200
14900
12600
12500
22400
39400
22600
15000
18300
13300
11300
28200
12900
10500
7600
14800
6400
8100
11900
5500
6500
5900
5500
7400
7000
12500
10400
15600
12300
21700
10400
10700
9700
13400
11100
20800
16300
10900
7000
5600
10500
6700
7400
4900
5600
4800
10600
13700
7600
13500
13900
15100
11500
20100
9300
8800
8100
15200
12500
19700
13900
8200
5400
7000
5400
5400
8600
5700
4900
6100
5100
7800
8700
12800
8800
9400
8300
17600
10200
11100
8700
9100
8300
22700
8000
7600
5300
6600
4500
4500
5000
5000
4800
5200
4000
4100
4800
17000
8500
19300
12100
17000
23300
9700
26200
15600
8400
19000
7200
7900
4600
7800
7500
4500
10500
7700
6200
5900
7900
4500
6300
21900
12600
11200
9600
18200
8100
16000
8500
9700
8600
23000
12600
9900
7500
7300
7600
9700
6700
5000
12600
5000
5200
8700
14900
13600
9300
10000
8400
28400
6900
8400
7900
8500
8000
24000
9400
7100
6200
4100
9300
7000
7300
4500
3900
3400
8300
6400
6600
12500
9400
15300
9400
15600
13300
9700
8200
9000
8900
14300
16000
12500
6900
7300
5600
4600
7600
5400
5600
8900
5100
4300
7500
9900
8100
11300
9800
16400
14200
8900
8100
13500
16800
16600
7700
7900
5000
13200
6000
4400
4100
4400
5800
4500
4400
4700
3700
14900
9900
11200
8100
15100
7100
6900
9300
9800
7300
13500
7100
6800
8800
6900
6800
4600
6300
5200
4800
4800
5800
4100
4200
10700
8600
8600
21500
16100
7100
7600
7700
7300
9300
14600
14200
12500
5100
4000
4000
6600
4000
5700
16900
4400
3400
6800
3500
10100
8100
69300
17400
24500
7800
9800
14000
8000
7600
14500
6600
8600
7800
4600
4900
4500
3400
3700
2500
4300
3000
3600
2800
10500
8800
14100
20500
18500
8800
10100
7200
9500
12400
21600
8600
5500
4900
4400
7900
3300
5200
2800
2500
3800
6700
3400
5100
26200
10300
13500
6000
12500
5500
5400
4500
5100
5100
7100
8100
11700
7600
5100
3300
4000
5200
4600
3700
3700
2800
3500
4700
8000
6400
9100
9200
9200
9600
6400
5100
9600
8800
8700
5500
5200
5000
6900
5600
3000
5400
5300
4700
4900
5400
2800
4600
9400
15100
7600
6100
10200
13200
6200
7100
6700
5700
16100
5600
5400
6800
3100
4400
4000
3200
3500
3500
2100
4100
3300
2600
10100
6500
6700
14900
18700
5900
7800
5600
20500
9100
8700
9700
4400
3600
5900
5700
3800
2500
1800
3000
4300
5100
2600
2100
7800
5800
6000
5000
7800
4400
4400
4100
5300
4400
12200
6300
4100
4300
3900
3900
4100
2600
3200
1900
3700
3600
3900
2400
6400
5100
5200
4800
20000
5700
4700
4400
4400
15100
7900
4300
7400
3300
8600
5600
3400
2900
2200
4300
3800
4700
2800
2700
7300
9200
10900
6600
8700
6300
4400
4900
8800
5400
7900
18600
3900
5800
3300
3500
2100
2300
1900
6000
2100
3300
1800
2200
9900
6700
6300
9100
9300
4400
4500
5100
5500
7700
7600
4400
4300
4100
3900
6100
4300
4600
2600
3300
5900
5000
4100
4500
7600
5600
6100
5800
7600
4100
4400
7200
4600
4200
6700
23900
4700
2800
2000
2200
3000
3500
3800
1800
1900
2900
3000
3400
7000
6100
5900
4700
7000
3800
4300
4300
4700
4200
6400
3700
4300
3300
3000
3400
2900
3300
2500
1600
2700
2900
2800
2700
6200
4700
5200
4700
6800
3800
4100
3900
4900
4200
6500
3800
4400
6500
2700
2700
3900
5900
2200
1800
1700
2200
5000
5300
11400
4900
5200
6900
7900
8700
5600
5300
9200
8000
7800
4600
3800
3700
2400
2500
3500
2600
4900
2800
2000
2400
3400
2100
7600
5000
5900
4900
20700
4600
5100
4300
5100
4500
6900
3900
4000
3500
2500
2500
2700
2000
1700
2200
2700
2300
2600
1800
6100
4900
4900
4900
6800
3700
3900
3700
4500
4100
6400
3500
3600
2100
4500
2800
4600
2600
2100
2300
3200
2200
3300
2300
6800
5900
5200
5200
11400
4500
4300
4200
4500
4400
10100
5000
3800
22200
11500
4000
5500
3900
1900
2400
3200
2700
2000
3100
7100
5700
5400
4500
7300
9700
9600
4200
4600
4400
9000
5900
7800
3500
3800
4500
2600
4100
2800
2600
3700
2700
2600
3100
9000
6200
8700
4800
7500
7900
5900
4300
12200
6700
10200
6000
3800
5700
3400
5900
3400
2900
2200
2200
2400
3100
3300
2300
6500
5100
5300
7700
10700
5100
4800
3900
4700
6800
7100
7800
2900
1900
3100
2300
1700
10200
2100
4400
3100
2100
1600
2100
5800
5300
5700
4800
6400
3900
3700
4200
5200
3900
6000
5800
4400
2600
3800
3000
7100
2400
3400
5500
3500
2700
2300
2400
9400
5100
10700
6300
10600
6200
6000
25800
10300
5300
10900
4200
7600
2600
3000
6500
2600
2300
2000
2100
2500
3700
3100
2200
6300
6700
11600
4400
6800
3500
3900
3400
3700
4300
6100
6900
4500
3500
2300
2400
1900
3900
2800
1700
1500
1500
1700
3400
5400
4100
9300
4300
6600
6600
4000
3800
5800
4500
11600
3700
8800
3100
2500
2200
2900
2500
5600
3300
3200
2100
2600
2500
7300
4300
8500
4900
7800
4200
4000
3600
6800
4200
6200
3900
3600
3500
2600
5000
4100
2300
1900
1800
2400
5800
2400
1600
5600
4700
4600
4000
9300
3600
3700
3600
3800
3900
5600
5500
3400
2100
4800
2400
3200
7400
2100
1900
3000
2000
3400
2300
6100
4300
5200
4200
9400
3500
3700
3700
5000
3800
7800
4600
2600
2800
3500
3300
2400
2100
1800
2000
2100
2400
2100
2000
5300
3900
4200
4000
6400
3600
3500
4200
3800
3800
6100
3400
3200
2400
1800
4200
2000
3300
1400
1700
1500
2900
1900
2800
5300
3900
4300
4100
6200
6100
3700
3700
3700
3700
6000
5200
2600
2700
1800
2800
2200
2100
1500
2400
1600
2400
1900
2000
5000
3800
4900
3900
6300
3400
3500
3500
3700
3800
5700
3300
2800
2800
6300
2200
1900
1600
1700
4800
2000
2100
3500
1800
6400
4500
4600
4000
6700
3400
3500
4100
4500
3700
5700
3500
2700
4500
2900
2500
3800
3000
2200
1700
2600
2200
3100
3200
5100
7000
4200
9400
9100
5100
3900
4500
3900
14900
9200
3800
8200
3300
2300
6200
3800
3000
3400
8300
2400
3500
4600
2800
10900
9600
7500
8100
10300
5000
5700
7500
5400
5200
7100
3700
5500
3300
3800
7700
4500
3300
3100
3600
3500
5600
3900
3200
45300
5200
10100
8700
13200
4300
5200
4600
4900
8300
9600
4800
4500
3300
7300
4800
2900
3700
2300
1900
4700
3400
2500
3400
7800
5400
5100
4800
9100
4200
5300
4700
4900
4800
8100
4300
5000
3100
3100
3400
5800
3300
2200
5400
2700
2800
4000
3200
16600
5800
5600
4900
13800
4300
5100
7500
5000
4700
9200
4500
4600
6100
4100
2900
3500
3500
5700
2400
3200
2200
3500
3400
7800
5100
5300
9300
8800
5600
4900
4700
4600
8500
8700
4000
7200
6500
3700
4100
4400
4000
3700
2600
4200
3200
4300
3700
20800
7000
6000
4900
15700
4200
4900
4500
9000
6700
8500
4300
5000
2900
3200
3000
4600
3800
3100
6600
3100
2600
4500
3600
10500
6000
5800
5700
12600
4400
5100
4700
5200
4800
9200
3900
7700
3500
4500
2800
3400
5700
3500
2300
3500
2400
4400
4500
6500
4800
6800
4700
9000
8100
6200
4600
7300
4900
9800
4000
5300
2800
2800
3400
9800
3100
2200
2800
2400
3100
6700
2800
6700
4800
5000
5900
9000
4100
4600
5900
4700
4500
9800
4800
4700
2900
4100
3300
2800
2700
2700
3900
3200
5700
2800
2500
6800
5200
7100
5200
9700
4300
9600
4900
5200
4900
9400
4000
5300
3100
3300
6000
3700
5300
4500
3500
3100
3200
2200
6900
13100
7300
6800
7100
9000
25000
6900
6200
5100
6200
8400
16300
5000
4000
3300
8900
11900
2800
3300
2700
3700
4900
3800
2500
6400
5300
6300
5500
9400
4300
4800
4900
5000
4800
12300
4300
3600
2600
4900
3700
2700
6000
4700
2900
3200
3300
2900
4400
6900
5200
5300
5000
9200
8100
7100
4700
4900
5100
8300
4100
7600
4800
4400
4100
3100
4400
3500
2800
5800
3400
3200
3900
12100
28200
9200
7800
10600
18100
6000
4000
8000
7100
14400
3800
7600
4400
3000
4200
3900
3000
3700
5400
2900
4000
3600
2900
24400
4900
8400
4300
8300
3300
4500
4000
6800
4100
9300
3300
4200
2800
3500
2800
2600
3300
2900
2700
3100
2600
2300
3300
4400
3700
4500
9100
8200
3200
4100
3700
4100
3800
15500
3000
3700
3400
2800
7200
2800
3700
4800
3300
2700
3900
2700
2800
10200
3900
4600
4000
8000
3200
3800
3900
4100
3800
8200
6800
5600
3000
5200
25200
13400
4300
2700
3300
3900
5300
3800
3700
4900
3500
4000
7000
8300
14500
13200
8800
4100
3600
7900
4200
4100
5000
3700
3800
2400
3200
10600
2300
10400
3900
2400
3100
4600
7200
4300
5100
21600
4000
3200
3300
3300
12300
6700
3200
17600
2600
3100
3000
4600
3900
2400
8000
3000
2600
3200
3300
13500
4100
4000
3500
14200
3300
4000
10800
4000
3900
6100
3600
3100
2700
2100
2700
3000
3300
2300
4200
2200
2700
2800
3200
4000
3500
3600
3400
6600
3100
3300
3500
3300
3100
6400
4200
4000
2400
2500
2100
3100
2800
2600
3100
2400
2100
2600
2900
4500
3600
3500
3500
6600
3100
3300
3200
3500
3200
6000
3200
3000
4200
2600
5100
2800
2700
2700
3500
2000
4000
2700
3100
4300
7800
4100
7400
6700
3100
3300
3400
3800
5600
7800
6600
3600
2600
3000
8500
3700
2500
2200
2200
2900
2300
3000
2400
4200
3100
3600
3300
6000
2700
3300
3100
3500
3000
7200
2600
2700
5000
2700
2600
8600
2300
2300
2400
2700
3000
2400
2400
4400
3600
3400
4000
6500
3000
3200
4400
3400
3800
6400
3000
3400
2100
1600
5000
3600
7200
3400
3100
2100
6500
4300
2300
7200
4000
4700
4000
12700
3500
8100
3400
5000
3800
7100
6800
4100
2800
2400
2900
4500
2400
2300
4600
2400
2800
2900
2200
5400
4600
4300
4000
11200
3200
3800
5700
4400
5900
7000
4400
3800
2400
2200
2300
1700
4000
2400
2200
2200
2300
1800
2800
3600
3300
3500
3400
6100
3100
3100
3000
3600
3200
6000
2800
2000
2200
3600
3000
4400
2000
2500
2100
2400
3100
4900
2200
4300
3500
3600
3300
17500
3000
3300
7700
2200
2000
5500
11600
1800
1300
1200
1700
1400
3400
1400
1400
1200
1400
1600
2200
2200
2000
2400
2100
3800
2200
2200
2600
2200
2800
3700
1900
1400
1100
1400
1700
1100
1900
1300
1400
1300
2400
1500
1600
1900
2000
8300
2100
4000
1900
2100
2100
2000
2000
3600
1900
1500
1200
1300
1200
1500
1400
1400
1200
1200
1200
1600
1300
2000
2000
2200
2200
4600
1800
2200
2000
4600
2100
3700
1700
2200
1400
1300
1100
1300
1400
1100
1100
1100
1100
1300
1300
2200
1900
3500
2100
3800
1800
2000
2000
2400
2000
3500
1900
1100
1200
1600
1600
1400
4800
1300
1400
1400
1500
1200
1200
2200
2000
2000
2000
3600
1700
1900
1900
2200
1900
3400
1800
1500
1200
1400
1500
3200
1400
2200
1300
1400
1300
1800
1300
2500
2000
2200
2100
16800
2200
19600
2400
2200
2100
3500
2100
1300
1300
1300
1800
1400
1900
2900
1400
1300
1300
3900
1800
2300
2000
2200
2200
3600
1900
2000
2100
2000
2000
8200
1900
4700
3300
1400
1000
2600
1700
1300
1200
1000
900
1800
1400
5300
4400
2000
1800
3700
1600
1700
2000
1800
1700
3300
1800
1100
2100
1200
1700
1300
1100
1300
1100
1000
1200
1000
900
2100
1800
1900
8800
3500
1700
1800
1900
2800
2600
5700
2400
3200
1300
1200
1600
2600
1700
900
1600
1500
1300
2900
2100
2800
2100
9600
2100
5400
2600
1900
2800
3300
2000
3900
1600
1700
1400
1400
1300
1200
1200
1000
1400
1300
1100
1100
1000
1900
1900
2400
2000
3400
1700
1700
1700
2100
1800
3100
1500
1500
1000
900
1000
1000
2300
1000
800
900
1000
900
1700
1900
1800
1800
1800
3400
1700
1800
1800
1900
1800
3100
6000
1000
1200
900
2800
1100
1000
1200
900
800
900
1000
1000
6600
2000
1900
1900
3800
1500
1600
1700
1700
2100
3100
1400
1500
1100
1100
1000
1200
1200
900
900
1000
900
1100
1100
1800
1700
1800
2000
3200
1800
1700
1900
1800
1800
3300
1500
1700
1200
2000
1400
800
6700
900
2200
1700
1300
800
2300
1900
3500
2200
1900
3300
8200
1900
6400
2100
1800
5000
1900
1200
1700
1000
1600
1300
1200
1000
1100
1000
1500
1300
800
1900
1700
1900
2300
3400
1400
1600
1700
2100
1800
3100
1700
1200
800
2200
1300
1200
1400
1200
900
1800
1300
1100
1200
1800
2000
1900
1900
3500
1600
1700
1600
1900
1800
3200
1500
1400
1200
5800
1400
2000
6000
1400
1000
1300
1100
1700
1200
2200
1800
2000
2300
5200
1600
3400
1800
2100
1900
3800
1600
