540000
13800
13700
13800
7700
13500
16100
10000
8600
12300
868100
14200
72400
21900
147500
72400
36900
34200
21900
27800
39100
24200
39300
60500
24700
18000
14100
17000
9200
12900
13700
15200
13800
18000
11000
12500
46800
28800
41200
35600
69100
61100
59500
28100
34300
25300
94900
24200
12700
9700
12800
14800
12200
15500
11700
10500
12100
12500
10400
14900
27600
28000
25600
30800
50000
26700
30400
27100
28100
24200
51100
22500
18300
23300
12700
15300
17100
12900
17000
15600
11000
13900
12900
14300
24400
26700
23900
35200
54800
23000
30300
28100
25100
32700
52500
34600
19700
15100
18400
17000
20200
17100
16700
11400
14900
16700
20900
17700
32700
23800
26900
71100
39800
31500
19900
15500
24200
17400
50500
23200
18100
10500
12800
9200
6800
19800
7500
15300
17800
9500
9100
13800
17300
22200
25200
17400
34300
24200
15800
20500
22400
16000
37300
16800
11900
8900
6400
7700
7200
7800
6900
5600
11300
7500
6400
7600
15500
31800
16700
17800
26400
12800
13700
14900
14600
15100
25700
12400
10400
6600
5900
11400
8100
8300
9200
6700
5400
10000
7300
7400
19100
15000
19000
18400
33000
13400
19300
12900
14500
13800
29300
28800
31200
9900
10100
11200
8700
8200
6600
6300
13200
11300
8600
7200
21300
12400
25000
15800
30600
22300
12200
10900
16800
11800
30900
18100
9200
6400
6600
6300
6100
10300
7500
6300
6100
7900
6800
9800
12400
10600
11300
11100
23200
21400
12100
10900
11400
11400
25500
14100
8800
7600
6400
6500
5600
5800
8200
6700
5500
6100
4900
5200
13500
10300
17200
35000
38500
11400
12300
12400
22200
12300
22900
9900
8600
8200
5800
8600
6600
5800
5400
4900
5100
8300
5900
5600
13500
11000
11400
10800
24800
10600
10300
9300
10200
9500
20400
14900
9300
6300
6700
5300
5100
5200
4700
3700
4600
3800
4000
4100
10800
8600
9400
8500
36100
9800
8400
21900
15200
21100
21900
13800
6900
5600
9700
7600
5400
5400
5400
3400
9800
6700
5700
5200
12600
10100
13400
10400
22400
9500
8400
7800
8600
7600
22500
8600
8100
8600
6700
4800
6300
6000
5100
4600
5300
4300
6200
6200
10600
8600
17300
14600
24600
9800
9900
8300
9700
16600
20100
10200
9900
8500
6500
9600
6400
8300
5400
5600
7000
7900
5700
9600
13300
10600
26200
16400
20700
16200
14500
11100
14400
13700
23400
20900
7500
6200
6500
11700
6000
8800
5700
5000
7400
6600
4600
8300
15700
9200
9800
8100
15500
16800
20500
9100
9200
11100
26700
10100
8300
5800
4500
9600
4900
4700
8800
5000
3600
5500
3900
4600
15400
8900
22800
10500
18200
7900
8800
7900
14800
11800
18800
8000
6600
4800
5200
8300
3700
4000
8200
5600
4900
4600
11000
7000
12000
8800
9700
9600
17400
7200
9600
8600
9300
8600
16600
7300
9300
5500
5600
9100
5400
5600
6800
3700
5200
7300
4700
5000
20000
9200
9400
8200
18500
7300
8500
10200
9600
7300
14300
18500
6300
6100
5700
8900
6000
8800
5400
7100
6600
8600
5600
12500
14400
12300
12600
12500
20900
16200
13500
11600
8900
8000
21000
17600
19700
5900
5600
7300
8700
9800
9400
24100
6900
7300
10600
9000
16100
12300
15300
13700
31500
14600
16300
13200
17300
12300
17300
9800
7000
4900
2900
4000
3100
4700
3600
6800
6400
3900
3100
3800
9100
10700
16100
9800
19600
7200
7200
7400
7800
6900
13000
5800
6100
3400
2900
7000
2700
5600
3700
4900
2900
6000
2800
4800
14000
8000
8200
7500
15900
10600
7600
7600
8300
7000
12400
10000
5500
4800
3800
4200
2800
2500
2600
3700
3300
7400
3500
2500
9300
8300
8000
6900
12700
5900
6200
6000
6900
6200
12300
5600
7800
4900
3600
2900
3000
5800
4200
5100
2700
2700
4600
4300
9600
9200
14300
8200
15900
8800
125000
14300
19600
13400
18800
11300
21200
6300
7400
6300
7700
6000
3100
4800
5500
7100
3200
4500
11100
13900
16000
9700
14600
6800
12800
10200
16400
19300
24600
10600
7800
10600
7200
7100
5300
6800
6700
5600
5800
8600
3900
5200
33900
9500
18200
15000
19000
8400
9400
8000
9200
14200
14100
7200
7200
6400
7900
6900
5400
6300
4600
3300
6000
6100
5100
5700
12800
12000
9000
8600
13900
13500
8300
12500
8300
7500
16600
9200
5700
5600
4100
5100
4500
4500
4300
4900
3200
4300
4100
3700
7400
5300
5600
24900
15300
4800
4800
4100
5100
4400
13600
15800
4800
3800
2700
5800
7700
7700
2500
2400
2100
3900
3800
4600
9100
5800
5600
5100
7600
7900
5300
8400
7200
6300
9800
16100
7100
7500
7100
5300
5400
5400
4600
5100
5000
4200
8000
5900
9500
13800
7700
11600
12800
6500
6600
6400
6700
9800
30300
35800
6600
4100
7700
4800
8200
6300
3600
6200
7100
5500
6200
6900
15000
14900
10100
8100
12900
13800
8600
10900
10800
8600
19900
8500
5300
4100
5000
4800
4300
3300
4100
3900
4000
4400
4100
3200
10100
7200
7900
6900
11600
5700
7500
6000
9900
6200
9900
5200
16500
4400
3000
6600
6900
4800
3300
3500
2400
6000
5200
3700
10400
7400
12800
7600
20800
6800
7800
6800
15900
7900
11600
12000
5000
7000
3900
6600
4800
4500
3400
3300
2700
4700
3900
4100
9200
7200
7700
11400
11800
5800
5600
5800
6600
8000
11300
10600
4800
3500
3100
3000
3500
3300
3300
3800
2700
3100
3300
3200
9200
7300
7000
6200
16100
5400
5700
5800
6600
5800
10000
4900
4100
3900
3000
4000
3100
2500
2700
8900
3300
4000
3300
2400
14100
6100
9500
8400
9800
5200
5500
5600
5900
5900
8500
4800
7800
5000
6200
6300
5000
3300
3100
4900
3700
4700
3600
2700
12900
12400
15100
9200
13900
6600
6300
6700
11000
6900
14600
16100
5500
4100
4900
7300
2600
10300
3500
3200
4400
4300
2400
3300
8800
6400
6900
8700
9700
5200
5600
5100
5600
7400
8400
5400
5500
3900
3400
3300
3600
3400
3400
2500
3200
3300
2400
1900
6200
4200
25700
6200
9300
5400
5800
5100
5900
5500
8800
5400
9600
15900
5300
23300
3200
3400
5900
3000
3500
4000
2200
2800
9300
9400
7700
12100
10300
5700
6400
5500
6200
9300
11100
8800
4900
4000
6700
4000
4000
5400
4000
9800
12100
6300
3500
5700
10200
13400
8900
6300
10000
12900
6500
20800
7500
6100
15300
5500
6300
3500
2500
2800
7000
3300
2800
2200
2200
2600
5400
3900
7600
5900
6100
6900
13300
5300
5700
5800
5700
5600
8200
4900
4800
3000
3900
3700
2900
3700
3200
3500
3300
3400
2800
3500
7200
5800
6200
5900
8800
5100
5500
4900
5500
5300
15400
4700
3800
11300
3600
4200
2800
2900
3100
3300
2700
6600
2800
3300
7400
5700
6000
7300
10200
4900
5100
5200
5400
6000
10900
5100
6900
4100
6300
5300
4400
3200
3300
4900
5600
7700
3900
3000
8400
6100
12300
6500
10000
5300
5400
5100
12900
5200
12500
7800
4300
3000
3200
3700
3400
6000
5600
3100
2200
3600
2800
3800
8800
5900
13400
5400
8300
8400
7500
5000
7400
5200
8400
7400
7700
7200
4400
3600
2500
3400
3600
2800
3100
3200
2500
2800
18000
6200
6100
6900
11200
5000
5500
4900
5200
5500
9500
5000
3700
3000
4000
2900
3100
868500
11400
6000
3400
2800
3100
2500
40600
5400
10000
6500
11000
3800
4700
4300
4300
4200
7200
3600
6500
15100
3900
2100
21300
2200
2200
1600
1800
1800
2000
1900
17900
3700
3500
7600
5900
2900
3400
3000
3100
3300
4400
2600
7500
7800
4200
3100
3200
3400
5500
2700
3200
3000
2900
12400
14200
5600
5200
9000
8100
3800
4800
4300
4500
17500
7900
3800
6800
4300
3400
2800
3100
2600
4000
3300
3500
3100
3100
2500
6200
6200
7800
6200
7100
3700
4000
14700
22500
4500
7300
3500
4500
2700
2900
11600
3000
2800
2700
139700
6200
4000
12800
2600
8600
5100
4800
8300
8700
3900
4800
4100
4500
4300
7100
3800
4300
8200
3000
7500
2600
2900
3000
2400
2700
7500
2600
2600
5900
4600
4300
4400
7600
3700
4200
4200
4600
4200
6800
4600
13600
2600
2100
2300
3100
3000
19900
2600
2100
2200
2800
2700
5600
4400
4600
4200
9500
3800
4200
3900
4400
4000
6800
4800
2400
2200
2000
3100
2400
2300
2500
2500
1800
3000
2200
2400
26700
3400
3300
3900
8200
3200
3500
3700
4700
3700
6300
3600
5200
2400
2300
3100
3100
3500
2700
2400
2300
3000
2900
3000
5100
4000
9600
4000
26000
8700
4000
4000
6000
3800
6500
6700
5800
3300
2800
2700
2800
2700
2600
2800
3700
2700
2700
2400
4000
3500
4000
3900
6500
3200
3400
3400
3900
4800
6400
3200
20000
1900
2200
2400
1800
4500
2400
3200
2000
1900
1800
3200
4600
3700
5600
3600
6400
4500
3900
4300
3600
3400
7600
3200
3700
2000
4800
2800
1800
4000
2900
2100
3400
2700
1800
3600
8000
5000
4100
3700
6700
8000
5300
3500
4900
3700
9700
3300
1900
2100
2700
2900
3400
3900
2200
1800
5000
2700
4200
3600
4000
3600
3500
4500
6600
3100
4600
3600
3700
3700
7600
3300
1800
3300
2700
2500
2400
2700
2100
3600
2500
2700
4200
2200
4100
3900
3800
8600
6400
3400
5300
3600
3800
6100
7200
3100
2800
2700
3200
2200
2500
2700
2000
4400
2200
3300
2400
2600
4700
3800
5000
3700
6500
3200
4800
3500
3800
3700
7400
7400
1900
2400
2200
4700
2100
3300
2100
1900
2100
2600
2200
7900
4400
3600
3900
4600
6500
7000
4300
3600
3700
3500
6300
5500
2300
3400
2400
2700
2100
2100
1700
2500
2500
2500
2100
2100
4000
3300
3800
4000
6000
3400
3500
3200
3500
4100
5800
3200
2100
2400
2000
2400
1800
1800
2000
1800
1800
2600
1600
1500
21600
3300
3100
3500
5400
2800
2900
2800
3000
3000
5100
2500
2600
2000
1900
2500
1600
2500
4700
3700
2300
2400
1700
2500
6100
3600
3900
3200
6500
2800
3700
3200
3500
3400
6100
2800
2100
2300
7500
2500
2800
2300
1700
2300
4200
2400
3600
2300
3800
3300
3500
3300
5400
2500
10300
3200
3300
3000
8300
2900
3200
4900
2500
2200
4100
2400
1800
2700
2500
2200
3800
2400
13800
10500
3900
11400
9900
2900
3200
5200
3400
5700
6300
3100
2400
2300
2100
1900
1900
2100
2500
1900
1700
5200
2100
2500
3000
3000
3100
3300
5700
3800
2800
3200
3200
3200
5700
2900
2200
2100
1800
2100
2700
2400
1800
2200
1800
2100
1700
2400
3400
3900
3200
3000
4800
2700
3000
3200
3900
3200
6100
2700
7900
1600
1900
14100
3900
2400
2200
2000
1600
4800
2300
2200
5000
3300
3600
3100
6000
3300
3900
2900
3200
3000
5700
3200
2300
5200
1800
2500
2100
2100
1600
1900
1700
2500
4900
1800
20900
3100
3200
4000
6100
2800
9100
3700
3700
4200
7100
15000
3400
2500
2100
3400
2700
5800
2600
5900
1800
2600
2900
3800
3900
3600
3800
3300
6300
6700
3600
4800
4900
9100
6000
2900
4000
2100
2000
2900
2600
2200
3200
2500
1800
2700
2600
2000
3800
3500
6400
13400
6400
2900
3200
3100
5200
3400
6100
3600
2300
1800
3400
4200
1900
2900
2100
1800
2600
3700
4500
91900
6700
3800
4500
3700
14200
7300
4800
2900
3400
3400
7400
5400
2400
2000
1400
1800
1800
1600
1400
1400
1400
1700
2600
1500
2500
2300
3900
3200
4000
2000
2000
2900
2000
1900
4300
1900
1800
1200
4100
1700
1400
1500
2400
1200
2400
2400
1500
1400
5100
2100
3100
2100
7500
2700
2200
1900
2100
3000
6900
2700
1300
1300
1500
1200
2900
2700
2300
1500
1400
1000
2300
2500
5900
5200
2200
2000
3800
14100
8300
3500
3600
3200
6200
3900
6900
8100
2200
20200
3900
2200
1800
8000
2000
3300
2800
2000
4500
7200
3600
6800
31800
3500
3300
4500
2500
4800
4000
4700
2200
2200
1000
1600
1100
1900
1200
1000
1000
1300
900
1200
2200
1800
1900
1800
3500
1600
1800
6800
1900
1700
3200
1800
1600
1300
1200
4000
1200
1300
1100
2000
1200
2000
1200
1200
2000
11700
2200
1800
3500
1700
1900
1900
1900
2100
3200
2800
2500
1100
1000
1500
1500
1400
7900
900
1000
1300
1200
1200
2000
1700
2200
1900
3500
1500
2200
1700
2200
4300
3100
1800
2400
1500
1200
1400
6000
1300
1300
1000
1000
1200
900
1000
2100
1600
1900
2700
3300
1500
1700
1900
2000
2000
3500
1600
1300
1000
2400
1300
1000
1700
1000
1200
1800
1200
1200
1300
1900
1700
3400
2500
3000
1600
2000
1600
6400
1900
4000
1500
1000
1100
800
900
1200
1500
1100
900
700
1100
1000
1400
2000
1600
1700
1800
2900
1500
1900
2100
1700
1700
7600
1600
1200
1100
1400
3200
1100
1300
1100
1000
1000
2400
1200
1500
1900
1800
1900
1900
3200
1600
1900
1600
1700
1800
3200
1800
1500
1600
1300
1500
1000
2200
900
1000
1200
1500
900
2000
1900
2000
3700
2000
4200
3200
1700
1900
2800
1800
3400
3700
2700
1100
1200
1500
3700
1300
1100
1900
5300
1300
2400
1100
1800
2100
7100
2100
4700
1700
2100
2300
3700
2000
3400
1600
1200
900
1300
1400
1100
2800
1000
1200
1100
1100
1000
4000
2000
1800
1800
2100
3000
1700
1700
1900
3300
1900
3200
1500
1300
1100
1800
2200
1200
1300
1600
900
1600
1900
1000
1100
3400
2000
1900
1800
3500
1600
6100
1600
1800
1800
4500
2300
1700
2300
1800
2300
1500
1300
800
900
1100
2200
1400
1200
2200
1800
1700
2500
3400
1600
1900
1800
1900
1900
3100
2800
1200
1000
900
1500
1300
1200
1100
900
900
1400
1200
1300
1700
1600
1800
1900
3000
1500
1500
1700
1800
1700
3100
1700
900
1000
1200
1100
5200
7300
900
1000
1100
1100
2500
2000
18100
2800
2000
1700
3500
1800
3200
1900
1800
1700
3100
1900
1300
1300
1100
1100
2800
3000
1000
1300
1000
1100
1200
1800
1800
1600
1900
1900
3200
1700
1800
1700
1800
1700
3300
2100
1300
1200
1000
1700
1000
1200
1000
1100
900
1200
900
1000
2000
1700
1700
1700
3200
1400
1700
6400
10500
6600
6900
1600
2800
1000
800
1200
1100
1500
1300
6100
1500
1100
1100
1300
1900
4900
1900
1700
4900
1600
1600
1800
2400
1700
3000
1600
1100
800
1200
1000
1100
1500
1000
1400
1100
1500
1200
1300
1800
1900
1700
1700
2900
1700
1600
1600
1600
1800
2900
1500
1600
1500
1300
1300
1400
1600
900
1300
1000
1100
1900
1500
1700
1900
1900
2400
9500
1600
2000
1700
2600
2500
3400
1700
