546900
12800
9500
11600
16800
15100
8200
6900
5500
6300
897900
15500
62700
23100
37900
95200
46200
118800
17900
16900
25900
52500
46700
39300
13000
10700
15000
15200
11600
10500
10800
11600
14600
14800
14400
10400
24100
22300
33800
24100
78200
37600
22000
42400
20600
46200
47900
16700
9600
8800
7600
8500
6800
10600
6500
9700
5900
5500
5800
10500
18000
18600
17300
19400
34000
15800
16200
19100
19900
16000
36100
14200
10400
8800
12800
8200
6100
30000
17900
7000
8100
7300
5900
8500
31300
18400
18600
17300
34500
19200
24500
14800
17700
16500
49800
22100
26500
12200
20000
18800
17700
23600
9400
12200
14800
11300
7900
8200
20100
22300
18000
17300
34600
18200
19900
17500
15100
15100
31000
18200
11100
10300
7800
9400
7400
11800
9100
12600
8000
7800
6700
11200
16200
17700
15500
16400
28200
18300
15900
17000
16600
15700
27400
20100
11900
9200
6600
7200
6600
6100
5000
10500
7300
7200
6400
5900
32100
22000
23100
24400
40600
20300
21400
26200
28500
23600
40500
25800
14100
8800
9400
9800
10200
10700
9300
9000
9400
10900
10100
9500
20600
19000
18000
20200
34500
16600
18000
26000
19800
18500
41000
22000
12100
8000
6600
9500
6900
8100
7600
6400
6600
8700
5600
7000
22500
17000
21100
25500
35500
18200
16400
15500
16200
15400
34100
27700
12600
9200
7900
10700
9400
10500
9600
8200
7100
9200
9600
10200
21000
16500
18200
19100
35100
15300
16400
14500
16800
16500
31200
14900
10100
10700
8700
8900
13300
14800
10900
8600
6700
8000
11900
13000
25500
15200
15500
30300
50000
22900
30000
21600
19500
17600
39500
18600
13000
10700
9400
20200
11200
10600
9300
8700
9900
9700
9500
9400
17900
15300
16600
15500
29600
13200
14400
13400
15100
18000
37300
19100
9500
10100
9000
9100
5800
7700
8700
7100
7900
7200
5600
7000
23800
15400
21000
14800
32300
14400
15000
13300
18700
38800
36000
14700
9000
6700
7800
6700
12900
8700
6100
6400
8600
7000
12700
8800
18600
15100
16000
15500
36300
13900
16500
16400
18500
21900
36900
15300
9800
8900
6700
6500
6800
8300
6300
5300
5400
5900
7200
8300
15700
14800
31000
17400
29400
12600
11800
12300
13300
18100
25300
13100
9400
8200
16800
7500
13600
14000
11500
8800
8800
6900
14300
9100
28000
15600
17700
16100
47600
14600
18400
14200
16200
14700
26100
22000
9800
8400
6700
9800
18400
9600
6400
10100
6800
9600
10100
9300
15100
14800
16300
14900
33700
13400
13300
17700
15800
13200
43700
15000
18700
10500
8700
11800
8200
11000
5900
4800
7700
10000
7400
11100
16400
12800
20200
13900
36700
12600
9700
8500
8800
12200
17400
12300
7600
5400
5400
7900
4700
5300
4100
4100
4800
11300
5200
5600
11600
8700
9500
8000
16900
7100
7200
6600
7100
6800
14800
9700
6300
10400
5700
9000
4900
4000
3600
3600
3600
7800
4600
4500
19400
13200
11300
11400
24300
10500
10400
13600
10400
10200
21300
18900
10400
7400
5700
7300
14000
9600
6700
10300
5300
6600
5500
5200
19500
13700
13300
11900
21100
9900
9700
13100
12600
11300
18400
8200
8200
8100
5700
11100
4600
8100
7600
24000
6600
5000
3800
10700
17700
8300
12700
17000
22000
13000
11100
8100
8400
13900
14900
6900
6000
11400
7400
4300
4500
9300
7500
6100
4800
3900
4400
10100
10000
9500
8100
6800
19500
14900
12700
10400
11600
10400
19300
11500
27700
8300
7900
17500
6000
6200
5100
6100
6900
17200
5400
5900
13600
14600
10700
9500
19500
8200
8700
9400
9000
8300
16000
11900
10500
7300
9300
8000
9400
12300
6800
8600
9400
8000
10300
17600
15100
12500
17300
11100
26700
13300
41300
23700
17500
12100
47000
17900
19600
6900
3200
5400
5400
4600
3300
2600
2200
8800
4400
4300
12000
20800
16000
15800
46300
28200
27200
24000
21000
33300
44500
26400
7000
4400
2900
3900
8600
4600
3200
2600
2300
9200
7200
5100
11000
9100
9300
13000
20000
7800
9400
8600
10000
8800
17000
7500
5100
7600
5700
4800
4900
5900
2800
4400
3900
4900
4800
5000
15400
8900
9200
17500
18300
7700
8800
8400
8600
11100
19100
8500
12500
8800
5500
6400
4700
6400
4300
7600
5800
5900
4200
5600
29000
16900
18000
18100
17900
8200
6600
7100
7000
10100
17700
7400
6600
4700
4600
7900
18000
4300
2900
3600
3500
3600
7200
4700
9900
7100
7200
6300
13400
6700
7300
6300
7000
6200
12700
5400
7000
8500
4800
4000
7200
4800
2800
4300
17200
4500
6700
3300
9300
4500
7600
5800
18400
16400
7700
6400
11800
7800
11400
6000
4900
5200
4000
8300
3400
6100
3500
5200
4100
9800
3200
6300
13300
12500
10300
9700
14500
12400
8300
13700
8900
7000
10300
36000
8200
4900
6100
5600
4700
3800
2900
3200
7700
8400
4300
3600
11000
7600
13900
8900
12800
6800
6600
5800
8100
6100
17400
10400
4500
2700
4500
4200
9100
3300
2800
2900
7700
4000
3200
3000
9500
6200
6100
5600
13300
5000
5800
5200
6300
5500
9700
4900
5000
7800
3100
4100
3500
6500
3200
2500
2400
9700
3700
6100
8100
5800
6900
14000
11000
22300
6900
5900
11000
10600
13700
6100
5600
3300
2600
3200
2400
3700
7700
5300
2600
3100
2300
3700
9500
11600
9400
7600
11900
6200
6600
6200
7100
6800
14500
5600
3800
4500
7400
6000
5200
3300
2900
3400
5500
2900
5100
2100
10800
16900
9900
6600
21100
6600
6600
11000
7500
6800
21300
8100
4700
3400
2800
7900
3700
3700
2600
6200
3200
6400
3200
3300
14300
14900
14100
7100
10100
5700
5400
5600
6800
5800
8600
9300
4000
7200
3100
6400
3700
7600
3400
2600
2800
4600
3200
6500
9200
6600
12900
6600
10700
10100
7000
5600
6100
5600
8800
8800
6600
3700
2700
3700
3300
2800
5800
3800
2300
3600
3200
2900
8700
7600
11800
9400
12700
5000
5600
4900
8800
7800
8800
7000
7000
4400
3300
2900
4900
3400
2900
2700
3000
3100
4500
3300
8800
6400
8500
5900
13700
5200
6100
5300
11200
7300
9800
4800
8800
5900
3900
14800
6700
5600
3800
3100
2300
2900
4700
4700
8400
5600
5700
6400
15300
7300
5500
4800
5600
13200
9600
8100
12700
5100
3900
8300
3100
3400
3000
258200
22900
5100
3300
3100
44400
9900
17000
7700
13000
5000
4800
117900
36200
5800
8400
9600
4600
2600
2400
3000
2400
2700
2400
2700
2200
3100
2100
5900
6200
4400
4600
4300
7200
3800
4300
4000
4600
4300
6800
3800
3700
2100
2700
7100
3300
2600
4400
2500
2400
5000
3000
2400
9400
4500
4600
4500
7300
4500
4200
4100
4000
4000
6500
6400
2800
2200
2700
2300
7100
3500
2900
2900
2700
2400
4900
3100
5100
4100
4200
4200
7600
3700
3800
4000
4200
4000
6800
3800
17500
3800
7200
2900
3500
2400
2800
5200
4300
2700
2000
2100
7700
13300
5200
4300
8000
3700
4500
4300
4600
4000
9700
13600
23000
3600
10400
2400
1800
5200
3300
3100
1400
1900
1600
5200
6500
3200
8400
3300
5200
6100
4600
7300
6200
3000
4500
3500
2400
1900
1900
2100
4600
2000
1700
1700
1700
1800
3100
1600
3800
2700
3200
2700
4700
2400
2900
2600
2900
2900
4000
2500
3700
2300
2300
2800
1600
1600
1800
1600
1700
2500
1300
1400
3600
2900
5900
5000
5300
2500
2700
2600
3200
2900
4200
5600
1900
1800
1800
1900
8000
7000
8200
4200
1600
1800
1200
6000
3600
2900
2900
2800
4400
2600
2800
2700
3000
2900
7100
2500
3000
1800
1500
1400
1500
1400
1300
1500
1400
1400
1400
2500
4500
2700
3100
3000
500400
17900
8500
3500
4800
3000
7900
2800
3400
1600
1500
1600
4400
2200
3600
6000
1700
1500
2200
1700
4100
2800
3000
3000
7900
2500
4500
9800
3700
2600
4100
2500
2000
1300
1600
1800
1600
1400
4000
1900
1600
1600
1600
1200
3500
3000
5100
3700
4200
2600
2600
2500
2600
2700
3800
2500
2300
7900
2500
2900
2200
2100
1700
2000
2500
2600
2100
2100
4900
3700
4100
7000
6900
3700
3800
3700
6800
3900
6400
3600
3300
23500
17600
4900
11400
3000
1900
2000
4700
4300
2700
2800
5500
4300
4400
11900
7400
3700
4000
3900
4100
12600
9700
8200
4000
3000
4700
2500
2500
2500
1900
1900
3600
2400
2400
2100
6500
25000
4000
4500
6900
3400
3600
3600
3900
3800
6700
9700
2200
2000
1600
1900
2700
2000
2100
4400
1700
1700
2300
1800
5300
25200
3700
3500
8500
3300
3100
3500
3600
3600
5900
2700
2400
3900
4300
2500
2200
2800
2100
2400
4100
2400
2200
2700
3600
3200
3700
10000
6200
2800
3000
3100
3300
3400
11300
5700
3900
3700
3300
3000
2400
3200
2000
2000
2400
2300
2300
2700
8600
3100
3600
3400
6000
11200
3300
3100
5400
6100
6200
2900
2500
4400
2300
2500
2100
2600
4200
2200
2100
2100
2000
2500
4100
4100
3400
6100
7000
2600
3200
3000
4300
4900
5600
2700
9900
2800
2500
2800
3800
2300
2600
3200
2400
2700
3800
2000
3500
4200
9100
3000
11100
6700
3100
2400
7200
3200
5900
2700
2500
2200
2700
2700
2000
2800
1800
2000
3600
2800
3100
2800
3500
3100
4600
3300
6000
2800
6900
4300
3300
3200
5800
3900
4900
1900
2500
2200
5200
3200
2300
2000
2200
2000
3800
2700
4500
3200
4000
3000
18000
3300
3100
3400
6700
2900
6100
6200
2800
3400
2000
6700
2400
2700
3600
3300
2000
5000
2400
2600
6400
4800
5000
3500
6600
4100
3200
3200
3500
4100
6200
6900
4700
2800
2100
2600
3300
2800
2000
2100
1900
2300
2100
3800
3600
3100
3900
4400
6000
6000
10000
3000
6800
5200
6300
2900
3000
4900
2400
2800
2200
2900
8100
4600
2000
2400
2000
2300
6900
22600
3500
8600
11800
2800
3100
2900
3100
4700
6100
3300
2200
1900
1700
1700
2300
5300
1500
2000
1600
1700
2000
4000
3100
2700
3000
2700
5600
2800
3000
2800
3600
2900
5600
2500
7800
1600
1800
1400
2000
1500
1200
4400
2200
1500
1800
1400
3200
3200
6500
3000
5600
2400
3000
2900
2900
3000
5700
2700
2300
1800
5000
2000
2400
2400
1600
2000
3900
2100
2100
4900
3500
3000
3500
2900
7700
2600
3400
2800
3100
2900
6300
2500
2100
1400
1400
2000
1900
1900
1700
1700
1400
2000
2100
1900
2800
8700
3100
3100
5400
2600
2800
3000
3000
3100
11100
2600
2600
4200
3100
2600
1900
3600
7200
1500
2700
2400
1800
3200
7000
4400
3300
6300
6900
6300
4900
2900
3300
5400
9700
2800
2100
1400
1400
1900
2000
2200
2100
1900
1600
1800
2100
2100
3100
3100
3100
2800
5400
2800
2800
2500
2800
2900
6100
2300
2000
1900
1800
2100
2000
2300
1800
1500
1800
2000
7100
2100
3000
2900
3000
3200
6000
2300
2800
3100
3200
3100
6000
146000
2700
1100
900
2500
1100
1500
800
1300
800
1100
700
1200
4000
2000
2100
1800
3900
1500
1800
1600
2000
1700
3300
1600
1100
1000
1100
1300
1000
900
9400
1200
1400
1300
900
800
1700
1700
2000
1800
3300
1600
1800
1600
1700
1800
3800
1500
1200
8200
1000
1400
1000
1500
800
1000
900
1100
1100
1200
1700
1600
1700
2700
3500
2100
1800
1700
1700
2000
3300
1500
1200
900
1400
1100
900
1400
1000
1000
1200
1000
800
900
1900
1600
1800
1700
4000
1500
1600
1600
1900
3900
3200
1500
5000
900
1100
1000
1000
1400
1500
1800
1100
1100
1000
1200
23800
2000
1900
1800
3400
1500
1600
1600
1800
1700
3100
1700
2200
1100
1300
1000
1000
1100
800
700
1200
900
800
1000
1900
1600
2100
1800
3400
1500
1600
1600
2700
1700
3100
2300
1400
900
1300
1300
1300
1500
1000
1200
1300
1300
1100
8700
1900
1500
1800
1700
3200
1500
1500
1600
1900
1700
2900
1500
1500
1300
1000
1000
1200
1300
800
2000
900
800
1100
1000
1600
1900
4800
2000
3500
1500
1500
1700
3300
1700
3200
1700
1100
1100
2600
1700
1200
1300
1100
2200
1800
1500
1100
1100
1700
3100
2100
1800
3200
1700
1500
1700
1800
1800
16800
1500
1400
1300
1000
2200
3300
1800
1000
1100
900
1700
2000
1500
1800
1700
1800
1700
5100
1600
2100
1800
1800
1700
3300
3300
2700
1200
2200
1600
1500
1900
900
1300
1900
1400
1200
1600
1900
1600
11100
1700
5400
3000
1800
1600
3300
1700
5500
1600
1000
2500
1300
1600
1600
1600
1900
1100
1100
1100
1300
1800
1800
1700
2800
3100
3200
1500
1900
1600
1700
5600
3600
1600
1500
1200
1400
2000
1000
1600
1300
1200
1100
1900
800
1300
1800
1700
2900
1800
3500
1900
1700
1500
2100
1700
3100
2600
1400
1200
1100
2800
1900
1800
1400
900
1100
2200
2300
1600
2800
1800
2200
1800
3300
3800
2500
1600
1700
2000
3100
3100
1200
1200
1000
1100
1400
4600
1400
900
900
900
1200
1600
2000
3100
1800
1800
3300
1500
1600
1500
1900
1700
3700
1500
1200
1300
2600
1000
1100
1600
1500
700
1900
800
1000
1400
2200
1700
1800
1700
3200
1400
1900
1600
1900
1600
3300
1700
1200
2200
1600
1400
1100
1900
1200
1300
1400
1300
1000
3300
1700
1700
1700
3900
3100
3700
7800
7700
3800
13100
7200
2800
3400
2200
2300
2000
1900
6000
1700
1500
4000
1900
1700
3100
4000
2800
3100
2900
6200
2900
3100
2800
3000
2900
5800
2600
2400
1700
2300
1900
2100
2100
1800
1400
2200
1900
2300
2000
3400
2700
3700
3200
6000
2500
2900
2800
3000
3100
5900
2600
2100
1900
1600
4000
2200
3000
1300
1400
1700
2700
2200
8800
3500
2900
3200
3300
6100
12300
3200
2800
6800
3000
5900
4500
2400
1500
1700
2000
2000
1900
1800
1800
1600
1700
1900
2000
2900
2800
3000
3800
5500
2300
2700
3000
2900
2700
5500
2500
2600
2100
1700
2000
2300
4100
2300
1900
1700
2000
3300
2600
3700
3000
3300
3100
6200
5700
4000
3900
2700
3000
6000
2600
2400
2200
2400
2400
1900
2700
1500
1700
2400
6100
2000
2900
3700
2900
3100
3300
6100
2700
3100
3000
3000
2900
5700
2800
1900
2000
1600
2000
1800
2300
1600
1500
1600
1800
1500
2100
13400
3100
3000
2900
5600
2500
2800
2600
2700
2800
5500
2300
2400
2000
1800
1900
1900
2400
1500
1300
2200
1800
1800
2400
12900
5100
3200
2800
4900
2200
12700
9500
2700
2400
11300
2500
7300
2500
1900
1500
1400
1800
1800
1400
2000
1500
1600
1900
3100
2600
10500
3600
6000
2500
3500
2400
3100
2900
6000
2500
