46500
12200
6100
10100
9100
7400
472000
10400
6000
9700
868700
14900
94300
85800
31700
52500
66000
18300
17800
31000
18900
55800
34200
66000
13000
11800
9000
11000
7900
9400
13900
8500
8500
12400
11100
7700
21200
19200
24800
24000
69600
17800
23200
18500
20300
18500
68200
19300
11100
10000
7700
12000
7500
8500
7900
12300
8200
7200
7100
7600
18400
19800
20900
21400
36100
16200
21700
21300
26500
20600
37800
16700
11200
8600
7100
6200
5900
12000
13600
7800
6200
5700
6100
6600
17400
17700
43700
17700
36300
14000
21200
15100
46600
16800
29900
15000
8700
7000
6600
6700
4700
12100
6900
8400
6800
5200
4800
11700
17300
22700
18100
15800
29900
21000
17100
15500
18000
17100
32700
15400
14900
12700
7700
7000
6900
8500
5400
18100
8700
6900
6700
7500
20400
25600
130000
17900
34400
15300
15400
20700
24500
17100
35700
15400
12800
8000
6300
8300
7900
7000
9800
9100
9000
9100
7500
6900
32400
14100
25600
30800
39300
14200
17400
13900
23600
20400
29300
14000
9500
13700
8800
11900
6500
7700
5600
8100
6500
11300
6500
7400
15900
14100
15000
21000
28800
13400
13500
11600
12500
26700
27400
24000
11900
8200
7400
7600
5600
7200
6400
4900
6100
6400
5500
8400
14300
11600
12900
14300
29500
12100
11600
12400
11900
12000
23400
15100
10000
6100
10500
7100
6700
6600
4300
4900
9600
7000
6100
6000
18200
12800
13000
12300
26600
12700
15200
14400
15100
15300
41000
23400
18900
10400
12000
7200
8400
9300
6700
11400
11300
24600
8200
8700
16300
11500
34900
24200
32600
25500
12100
14700
23200
14300
34100
16400
10100
9600
10700
10400
9800
7300
6400
7700
16100
9800
8700
7300
25200
19100
16900
12500
32800
15800
15500
14300
15300
14800
38200
40600
12000
7900
9600
24200
10400
8200
7900
6400
7800
14300
7700
6300
15100
12100
12300
12100
28300
11800
10700
9800
10800
71600
39500
23600
11900
14400
12600
11400
10200
8500
14700
8500
10300
9200
7100
7300
18300
15000
15300
21000
37300
15800
14200
13600
15500
20600
40600
18400
14100
11400
10600
13100
9200
11500
8200
8000
8400
12500
8200
9600
21300
15200
45900
19000
30600
36800
35300
14500
16400
15600
26100
21400
13100
8700
8200
6500
7500
5800
6100
9500
7500
6300
13200
16400
20200
19400
11000
9600
17700
8100
9700
9600
9900
8200
15900
9500
7600
4900
6200
5100
4900
5400
4300
4300
4900
4000
4700
4200
10300
12200
9200
8100
15500
9100
14100
7600
7300
7300
25800
10400
6600
9000
6800
7200
4900
6300
4900
5200
6900
5900
4100
6100
13800
9600
9500
15600
18800
11300
8700
8200
8300
14900
25100
22200
6700
7300
5600
6600
4300
4700
3700
6300
4900
6600
4200
4400
9700
7600
7700
7400
16600
6800
7100
6500
7600
7700
14500
6100
6300
8000
5700
4600
5100
9200
11500
7500
4900
4100
5500
8700
14800
9900
13600
10700
17200
13400
10300
8900
8700
12300
19600
8500
9500
8800
12500
8300
7400
8800
6100
5100
10700
8500
7300
8200
32500
11200
19800
14900
21500
9600
9400
9300
9100
8900
19300
8300
8800
9400
9500
7900
8100
7900
6700
33500
10700
7900
8200
7700
17900
12000
12100
11800
21100
7200
6100
6400
7400
5600
8100
4800
9100
6200
10000
10500
6100
6000
8300
8900
4300
8500
5900
5900
10600
10100
7500
10200
13000
5300
5000
5500
5800
5200
8000
10100
7200
9300
7800
5400
5000
10300
4800
4100
5400
4500
5200
5900
6900
5000
5500
7900
9100
20700
6900
5200
5400
7500
22300
7500
8800
7800
7000
6300
4600
5800
6900
5600
6000
5700
4200
5300
9000
6600
17800
9100
14800
6000
6300
5800
9300
8900
9700
5300
7100
5500
8500
7100
9200
41400
16700
3800
7600
5400
5200
4900
10200
6300
6300
5600
10100
5800
5200
4700
4500
4700
9400
10300
6400
4300
4400
3600
3100
8100
4300
3200
3300
3200
3000
7100
7500
5300
6800
10300
7700
8400
5900
5200
6100
5100
7500
4800
6500
4300
4400
2900
2100
5400
3200
4500
3900
2400
1900
4600
6600
5500
5000
5200
7400
7300
6200
5100
5200
5700
6800
5000
5000
4600
3500
3700
5600
3700
5000
2600
3300
3500
4400
3600
13800
5900
6400
5900
14100
15900
11600
7200
6100
5700
7200
5000
5100
4000
3900
3800
2500
2200
3400
1900
3400
3700
2700
2200
6100
4500
6800
5000
6900
3600
4000
3900
4200
4100
7400
3600
4200
2500
3300
7100
4600
3500
7200
4000
4100
16000
4500
3800
12000
8000
9100
7700
13300
6600
8700
7400
8300
6700
13400
8900
7800
9100
6100
4500
3700
5700
4600
5000
4300
3900
3700
6800
10200
7300
7800
8100
10600
5800
6500
6100
6800
6300
12500
38200
6500
5900
4200
3900
4800
3600
2900
2800
3900
8000
5300
16800
11800
12200
8900
7600
11900
6300
7100
6700
7100
6900
10900
12800
6200
4300
5200
4400
4200
4200
3700
3100
4700
4000
3500
3900
11000
7400
7500
6300
10800
6200
6900
6700
7800
6800
11000
6100
5100
5400
3800
3600
3400
4400
2700
3300
3100
3000
3100
3400
9400
7300
7400
6900
11400
5600
6600
5500
554000
10100
12000
6300
6800
4700
3100
3400
3500
8500
7100
4300
2700
2900
3400
7000
10300
9900
7400
7200
11700
10300
8700
16200
8400
7100
15300
6800
7400
4500
4500
3200
3100
3000
4100
3400
3300
3300
2900
2800
10300
7300
8400
7300
38100
8200
8000
6800
7600
7100
10400
17900
6400
4200
3000
9000
10000
4600
4000
5500
2700
8400
4900
4000
11800
8500
9000
7500
13400
7100
7400
6100
7300
6600
11800
15200
6200
5000
3600
3200
8100
5400
3100
2800
3000
2600
6500
4600
11600
7700
11600
8100
24800
6700
7700
12700
7800
7200
11300
5800
5800
4100
4700
3600
3700
4000
2800
3700
3900
7900
5600
3900
9300
7000
7200
9200
10600
5500
6000
5900
6300
8700
9700
10800
23600
3900
14300
5200
4200
17300
4000
4100
8100
4700
4100
4000
13000
8200
8700
7900
14200
6300
8400
6300
7000
6300
15400
5900
8700
4300
4500
3000
3800
6900
3900
4000
3700
3000
3400
7000
9700
6300
18300
7800
11900
12600
7800
6900
13200
8300
11400
9900
5300
4500
4100
3400
2400
3300
2700
9800
6600
4400
2300
3000
8100
6200
6500
6900
10900
5800
5800
13600
6700
6200
10400
5100
10800
8600
56000
4700
2800
3800
3500
2600
8600
3000
2700
4700
48900
8300
10800
14800
15500
5000
4900
4800
5200
7000
18800
4700
15300
4200
3900
6600
8000
4300
2900
2400
3200
2800
7400
3600
7800
5500
5100
5100
13200
4900
6200
5000
5200
5700
9200
4700
5500
3900
3500
3800
3300
2900
3100
2900
2600
3900
3000
2700
19400
5900
5200
4900
11500
4000
4800
4700
4700
5000
8400
4100
5200
3400
2800
3000
2400
3000
2400
2100
2300
2200
2300
2900
7000
5200
5200
5500
9000
4100
5000
4500
4700
4900
8000
5200
4200
3200
6400
3300
2600
3400
2900
2200
2400
2700
2200
3300
9000
5000
5100
4700
8700
4000
4600
4500
4700
4700
7200
3800
5400
6300
3400
3300
3200
3200
12300
3100
2900
3200
2700
2900
22400
5300
6900
5500
8600
4200
5600
4600
5000
4900
12000
4200
4700
6600
3700
3100
2900
4700
2900
2900
3300
2800
2200
4500
7000
5000
5300
9000
12000
9500
5000
5500
5400
9100
12000
4400
5200
6700
4100
2800
2500
3100
3000
2700
3200
2400
2400
3000
10600
6600
5000
4800
8200
4200
5100
4400
4800
4900
12300
4100
4700
10000
4900
8200
3400
3000
2800
3300
3400
8800
3100
2600
9600
7200
5700
13100
10100
4700
5000
4600
4800
6900
8900
9100
7300
4300
3500
5800
3100
2900
2400
9400
3500
5500
3200
2700
7900
9600
22400
7300
9100
5000
4600
7900
14500
6400
10100
10800
5300
13900
4500
6000
4700
3900
4800
9900
3000
2900
3400
4300
7800
5100
5800
14500
14300
4800
7600
4800
5400
8700
8900
6100
7800
3800
3900
4000
18900
3300
5900
2700
3200
2900
3700
1900
9300
29900
10500
3000
14600
3000
4700
3500
5600
3000
11900
2800
3200
2000
1900
2100
1900
1700
4900
2000
1800
2500
2100
1600
18400
3300
2900
2900
4900
2200
2800
2200
2500
3000
4600
6000
2600
4400
2000
2000
2100
1700
1600
1700
1600
1800
1800
1600
6400
2200
5200
5700
5000
2100
1900
1900
2400
3900
4500
2500
1900
2100
1900
1700
1600
1900
1500
1500
2900
2400
2600
2800
3400
3200
3600
3400
6200
2900
3300
3500
4400
3300
6100
3100
4200
3100
5700
6900
3800
3400
5700
2700
4100
5100
3700
2800
113800
17700
5300
4200
11300
3800
6700
3600
4200
3700
10900
5900
5200
4300
8800
4000
3500
6200
3600
2800
6600
2800
3100
3500
6800
4100
3700
3900
6200
8300
4000
3800
4000
3500
9200
3100
18100
20200
3400
5000
3200
3100
3900
5900
2900
5400
2500
2900
15300
5800
3900
12100
8600
3000
3800
3300
5000
6500
6400
8000
6300
3000
2200
2200
3100
2700
2400
2000
2100
19300
2100
3000
4100
3200
4100
3600
6200
3200
3600
2700
3500
3300
6200
4700
13500
3700
4200
2700
3200
2600
4300
2200
2500
3200
2400
2300
4600
3400
9300
3300
6400
8200
5400
12700
6500
4400
5900
2900
3400
4200
3000
2300
2400
2500
2500
2000
2800
2100
2200
3500
3900
3300
3500
3500
7200
2700
3000
3100
4600
3300
5700
4800
4100
2000
1500
2800
1300
3900
4800
2200
1500
1600
1200
1700
4600
3300
2800
3100
7900
9100
6000
7400
614100
5500
7000
5600
7100
4100
2700
4200
2600
2400
2500
2000
6300
2800
3900
2100
5400
3500
5500
3800
140900
7800
5400
3400
7100
7600
6500
3000
6400
2900
2300
2700
3900
2400
2600
4300
2200
2500
9200
2300
4000
13400
17600
3500
6400
3100
3400
3400
6100
3200
6100
2800
3000
1900
2500
2700
2400
2100
2400
2200
2400
2500
2300
1900
3400
3200
3200
3100
5900
2900
3100
2900
3300
3200
109800
4400
4300
2400
11200
2800
1600
2000
1500
1800
1800
2300
1300
1600
3200
4800
4600
2300
4400
1800
2100
2000
9900
2100
3900
3900
2300
1200
2600
2900
2000
2100
1300
1300
2300
2400
1800
1700
2300
2200
2200
2000
6800
1900
1900
2200
2200
2600
4900
2700
1600
2000
1700
2800
1600
1700
1300
1500
1500
2200
2200
4700
2100
2000
2000
2300
3500
1700
2000
2000
2000
2100
3500
2000
1400
1100
1000
6200
2200
1900
1200
2400
1200
1400
2200
1600
1900
11400
5800
1800
4800
1700
1800
2700
1900
2000
3200
1600
5400
3100
1300
1400
1200
2100
1300
1600
1100
1200
1000
1700
2000
1800
3100
1900
3400
3300
1700
2800
3300
1900
3400
1600
1400
1400
3200
1500
1200
1300
2100
900
1200
900
1100
1000
2500
1700
2100
1800
3100
6100
1700
3500
4300
1900
3100
1900
1400
2200
2300
1500
1500
1100
1200
1300
2000
1300
1200
900
7100
1900
1800
3400
3500
1600
1600
1600
1900
2000
4500
2000
2000
900
8100
1500
3000
2500
1500
1400
1300
1300
1700
1400
3200
1800
5100
1800
5500
1600
2500
1600
4700
1800
5600
1600
1500
1200
2700
1400
1800
1700
1700
2400
2200
1300
1600
1400
3300
2500
2000
2000
6000
1600
3100
2500
4000
2300
5700
1900
1300
1100
1100
1100
1600
1400
1200
900
900
1000
1200
1200
1700
1800
1700
1700
3300
1600
2100
1700
2000
1700
3100
1600
800
1200
1100
1200
1300
2200
1000
1000
1100
1100
1100
1400
1700
1800
1900
1800
3000
1900
1800
1700
1800
1700
3100
1500
3100
1200
1300
1300
1800
1400
1200
800
1500
1300
1700
1400
2100
1900
2100
1700
4500
1600
1700
1600
2900
1800
3100
1700
1300
1000
1300
1300
1900
1400
1800
1100
1200
1200
1600
1300
1900
1700
1900
5900
8600
1500
2800
1700
1800
1700
3300
1600
1400
1000
1200
1100
2500
1200
1400
1500
1200
900
2200
1100
1800
1600
1700
1800
4300
1700
2300
2100
1700
1900
3300
1500
2000
2200
2000
1500
1500
1600
1100
900
1800
1500
1300
1300
1800
1600
2900
2400
3400
1700
1600
1500
2600
1900
4500
6000
2100
1100
1900
1300
1500
1600
1100
1300
1900
1200
2000
1600
1800
2200
4700
2200
3200
1500
1900
1500
1900
2100
3800
1500
1200
1200
5100
2300
8800
2100
900
700
1800
2200
1900
3400
1900
1700
1900
3000
4500
3900
1700
1600
1800
2000
4300
2700
1100
1100
900
1400
1500
1400
5600
800
800
1300
1200
1100
1700
1900
3100
1800
3400
1400
1500
1600
1700
1800
3100
1400
1300
1000
800
4000
2900
1700
1300
1100
800
1600
1700
1600
2000
1700
1800
1900
4700
2900
1800
2100
1700
1800
3300
2600
1100
1100
2000
1500
2000
2200
1400
800
3000
1400
1700
1900
2700
1700
2000
1900
4900
2700
7000
1700
1900
1800
11300
1700
1300
1200
1500
1500
2100
1300
1200
1100
1300
1300
1700
1300
1600
1800
1700
1800
3400
1500
1700
1700
2000
1800
3800
1500
1100
1000
1200
1200
1400
1200
800
700
1100
1200
1200
1100
1600
1800
1800
1700
4000
1500
1700
1700
2000
1800
3100
1400
3900
1300
900
1100
1700
5900
1200
1200
800
1100
1600
1400
2000
3300
2100
1800
3900
1600
2200
2000
2300
1800
3400
1600
1500
1200
1100
1200
1000
3100
1300
1200
1300
1100
1000
1900
1700
1600
2200
1800
3200
2300
1900
1600
2300
1800
3300
1600
1400
1200
1800
1700
1900
1200
5700
1700
1100
1600
1600
1000
2000
2000
3100
1800
8300
1500
1600
2300
2700
1700
3700
1600
1200
1200
1100
1300
1100
900
1600
1200
1000
9700
8900
3600
1800
1600
1700
2000
3200
1500
1600
3600
1700
1800
3200
1400
5300
4500
1600
1000
1100
1500
800
900
1200
1000
1200
1400
2100
1700
2900
2500
3900
1700
1600
1500
2000
2100
4000
1500
1200
1200
1200
1300
1200
1200
1000
1000
1100
1200
1200
1100
1800
1600
1700
1600
3300
1500
1500
1600
1900
1600
3000
1500
1400
1900
1500
1400
1200
1300
1400
2800
1500
1300
1000
1200
1900
2300
2600
2000
6900
1700
1500
1900
2400
1800
4100
1600
1700
1600
1900
1000
900
1200
1100
1000
1600
800
900
900
1700
1700
1800
1600
3300
6000
1600
1500
1600
1800
3400
1400
1300
1200
1100
1400
1400
1100
1100
1000
1300
1300
1200
1100
1500
1500
1800
1800
3100
1600
1600
1600
1700
1900
3000
1600
1200
1000
900
1400
1000
1900
900
2400
1000
1300
1000
1800
1900
1900
2100
2300
3400
2500
2500
2100
1900
1800
3000
1800
