601700
12500
17900
12500
8300
8300
6800
6300
7800
7000
1059100
17900
86600
62900
133300
59200
29500
20500
20600
19300
25800
37700
29400
50000
9900
9300
9500
12500
8200
10700
7900
8600
10600
11500
8300
10300
44400
28600
28500
74100
54700
21100
23500
21000
19500
42700
39600
31300
10700
7900
7300
8500
7600
13500
10100
8700
6400
8900
11800
13100
21600
19900
18900
18600
36900
18500
18600
19200
21100
19300
41800
17400
10600
12700
10100
8800
6400
9600
9700
7100
11900
11100
6900
5900
23600
23000
16900
23400
56400
17900
22000
33500
18200
24000
31500
17100
9100
7400
8900
6700
10400
11000
6100
8000
7500
8300
9900
10100
16800
21600
38200
35400
33400
18200
16500
17900
17800
41800
31100
30600
9900
9000
6800
10800
6500
13300
10200
14700
7000
10000
5800
15800
26400
16700
18000
17200
33800
26400
21600
18300
18400
17700
29600
22100
9900
7900
5800
8100
30000
8800
7000
11000
10000
8600
15200
8900
16900
17000
20900
21300
35700
14900
17400
22200
18700
16700
28700
14700
12500
9000
13300
11800
7500
7900
10800
7700
7800
10200
7600
9600
20300
15700
22300
20800
49300
15400
19100
14300
21600
14500
28000
26900
14500
8900
7600
6800
6600
7000
11100
12200
9000
8500
6400
7100
23300
12700
12800
16000
27100
13200
13500
10800
12300
11400
23700
13900
11100
7300
5900
7200
5700
7100
5800
16500
7400
8800
10100
8000
13000
14600
14000
14800
24600
12300
13200
18900
18400
18400
30900
17600
12900
9700
8600
10300
16100
12200
10700
8100
5900
6800
10400
8100
19500
10800
10600
32900
33700
18700
19100
13800
11700
10400
18800
12500
9400
6400
10700
6000
7300
9700
5500
5800
9900
6200
7300
10100
13500
13700
16400
11500
27200
21800
12400
10600
14800
11700
25800
12800
8100
5300
6400
6700
4000
6500
4900
9000
6000
6900
4000
6800
11300
11300
16500
9800
18100
8600
8800
14200
10100
31200
27800
10100
9500
5900
11400
9900
8100
8100
5000
4100
4700
6200
7800
5800
11300
9000
13900
9600
24800
9600
9400
12200
16000
10000
20000
9500
8200
6100
7400
4400
3800
9300
5900
5600
5500
3900
3700
8100
11300
9100
27900
10700
16800
11100
9800
8500
9300
8600
20200
8400
12800
7900
4900
5400
8500
9000
7500
5900
5100
5300
6700
8300
12700
10600
10600
9300
30900
13200
14100
14700
11900
9500
18200
12900
8500
6000
4900
6700
5400
4800
11000
6300
4800
6200
4700
4500
12100
9000
24100
10300
19600
9000
9500
14300
13800
9200
29100
10600
9600
8000
6800
5200
4100
6200
4000
4400
5300
4200
3800
5800
10500
8200
13000
14900
16400
7500
7300
7100
12200
9800
16900
7800
9300
6800
4900
11100
6500
7100
6400
5300
4000
8100
8900
6400
16200
9500
13000
9600
19400
7200
8800
7600
17800
8600
14800
12700
7100
14300
5500
5200
4800
5700
4800
3400
4000
4700
4100
4100
11000
8400
7600
8400
12700
7200
6600
8100
8400
6300
12200
8200
6100
4800
5900
5000
7200
6500
3400
4800
4900
5000
6300
5900
8500
7000
7400
7000
16000
5700
6700
7500
7200
6500
12800
5800
7000
9200
5100
7200
4800
4800
4600
17800
5000
6400
4900
4800
8500
7300
8000
11200
16600
6200
9300
6300
6800
8600
14500
6000
16200
4300
7300
4800
8000
4500
3700
3000
2800
3300
7300
4500
8800
8000
11500
9100
19200
7300
11600
7900
13500
7900
14000
6500
5900
7500
5100
6300
4300
3100
4600
7800
5600
6500
3900
2800
9700
7800
12700
17300
23100
9700
10700
9500
10000
15800
22500
29100
8100
6700
5800
5300
6100
4100
4100
4300
4900
5300
5800
3800
10600
8500
22100
8000
15800
5700
6600
6000
7100
7100
10700
5400
7200
5200
9800
6500
6200
4400
11500
5700
8600
4800
5400
4000
11600
9600
8900
7100
14200
6600
6400
6200
6200
4700
11700
4400
4500
3600
3700
3500
3300
2200
3000
2900
2900
7900
4600
2100
6100
4700
5400
9700
8400
4400
5100
4200
7900
4600
12000
3800
7900
5300
5100
5300
4200
2300
5500
3400
3600
4100
3300
2100
13400
8000
10400
6400
9600
5100
5400
5400
13000
6300
14200
5300
4300
3300
2400
2100
3700
2800
2700
7000
2900
1900
2900
3200
6100
6500
6000
4900
7100
5100
8800
6300
8800
4600
7100
3900
3700
3200
3400
2200
7500
2600
2800
3000
3000
1800
5400
2100
6000
4600
4800
4100
12600
3800
4300
4100
4500
4400
11100
5300
10300
12900
5900
7800
3900
3700
5000
7700
3800
5800
6700
3300
12900
6900
5900
8000
9800
3900
4500
3800
4300
6100
7100
9300
4700
3500
3200
6700
3600
2400
4100
7200
3000
4300
3100
2600
10200
7500
8700
6100
7800
4500
4900
4100
4800
4500
6700
49800
9700
5600
4000
4800
3200
2800
8800
3800
4500
5300
4300
3500
14100
9000
9300
12500
23400
7700
10500
7300
8100
12400
12900
15000
6500
3700
3100
3400
2800
3800
3100
3600
2600
3800
2700
3700
9400
7200
7600
7700
11400
5300
7200
5900
6400
10100
11000
6300
11500
4300
2400
4300
9800
4000
3400
2800
2500
4300
6400
3400
12200
6400
6700
6200
14900
5300
6900
6100
18000
8600
10400
5400
4500
3200
8000
4700
4500
7500
5400
3700
3500
4100
3400
19800
10800
6900
7600
6700
14500
11600
9800
7200
7300
6500
10900
5400
4200
6800
4100
5600
3500
4200
3100
3800
3600
5500
3200
4000
12900
7500
7200
14800
12400
6400
6000
5800
6100
8000
10500
10400
5000
11900
4300
4500
4200
9100
3900
3300
3400
3600
3600
6300
14400
13100
10100
8800
36100
8400
10200
6400
6500
12500
9500
16500
6300
3700
3900
5100
3400
3200
3300
6700
4100
4500
3500
6400
8500
11000
12200
8000
11700
5900
6100
6400
10100
6200
9800
10000
4600
3200
6200
7800
3800
3600
3100
2400
2800
6900
3800
3300
8300
10000
6500
6000
9400
5300
5200
5200
5500
7800
8700
13300
3900
2700
3300
4200
3200
7000
3200
17600
3600
3800
3200
6500
8000
8100
7300
6200
10100
10200
6200
7800
6800
6900
9600
5900
3600
3600
2500
2300
2900
3000
2900
3300
2500
2400
2600
2800
7500
5900
6200
20300
14200
5300
5600
5300
6100
18500
11600
10100
6300
3800
5700
3100
4500
4300
2900
10600
5300
3000
4300
4100
9200
10600
11200
7400
18000
8100
6200
15000
10200
9100
14800
5600
4000
6400
3800
8400
3400
3100
2500
3300
3600
19000
10500
3800
19600
7400
7100
6300
10200
5700
5900
5000
8100
5400
7300
5300
4500
2600
2500
2800
2800
9100
2700
2500
2300
2800
2800
7200
42400
3300
8000
6500
7500
4300
3500
3200
3100
3100
4900
2900
3100
7500
1600
5000
2300
2400
2100
3200
1600
4100
2000
2000
4800
8200
3800
3500
4900
2900
3100
3200
3100
2900
4700
6200
4000
2700
3700
2200
1900
2200
1900
1600
3400
1800
2100
2000
4200
3300
6400
3200
4900
3100
2600
2700
11700
3000
10100
5400
2800
1800
1700
2000
1600
2000
3700
3400
1900
1900
2100
1600
3700
3300
3100
2900
4700
2900
2800
2800
2900
6300
4300
3200
2500
2100
3800
5300
2400
3600
1900
2000
2100
3100
1900
3200
3700
3000
3100
2800
4600
6500
2900
2900
3000
2700
5700
4000
2500
1900
1700
2300
3900
1900
1900
1900
1700
2000
2800
1600
3400
3100
2900
2800
4300
2600
2800
2700
2800
2700
4000
2400
2300
1900
4700
6600
2900
2400
2500
1800
2900
4700
2600
2000
7400
6200
3100
2900
8200
6400
6100
3300
3100
2800
7500
6200
4500
3300
1800
1900
2100
2000
1400
1700
1700
1500
1900
1700
4600
2800
3600
2800
5400
2600
2900
2600
3400
2700
4500
2600
20200
11900
3000
2700
2600
2000
1400
2100
1800
2400
2300
1400
3800
3000
7200
2900
8000
2800
2700
3900
4300
3100
10600
17800
2500
1600
2000
2400
1800
1900
1800
4000
1900
1500
1700
1500
3600
2800
2900
3500
4500
4100
4500
24800
2800
2600
3700
2200
2200
1600
1800
1600
6400
1700
1600
1200
1600
1500
2600
1300
2900
2500
2500
2700
4100
2200
2400
2600
2500
2500
3800
2400
2200
1800
1500
2300
3900
2500
2600
1700
1400
2000
2600
2400
7500
2700
2800
2500
10700
4800
4800
4500
2800
2500
3800
2300
4200
2000
1500
2100
1800
1900
1700
2200
1500
1900
1600
1800
2700
2700
2900
2800
4300
2200
2200
2500
2600
2400
3700
2400
1900
1700
1700
1800
1900
1700
2000
1700
1600
1500
1800
1600
2600
2800
2800
2400
3800
2200
2700
2400
2400
9200
4100
2200
1800
1600
3600
2500
1400
2100
1500
2000
2600
1500
1400
1900
2800
5000
2600
3500
4000
2200
2400
3600
2500
2400
5500
2300
2100
3700
2100
2800
2600
1900
1600
1400
1900
2700
1600
2600
2800
2300
2400
5600
4500
2200
2200
2700
3700
2500
4600
3800
1800
1800
3100
3100
1400
2300
1500
1700
3300
2100
1400
2700
2800
2300
2500
2400
4800
2100
2100
2200
3300
2400
3900
3300
1500
2200
1900
1600
1500
1800
1500
1500
1900
1600
1400
2700
3500
2300
2400
2300
4700
2100
2200
2200
3500
2300
3700
2200
3400
1900
2300
2000
1900
1900
2900
2600
1800
1800
1500
1800
2600
2300
5300
2500
4000
3000
2400
2200
3900
3100
3800
2100
6600
2700
1600
1800
1600
1700
1500
3100
1400
1700
1500
4000
4500
3400
3100
2600
7300
3200
2400
2300
2600
3400
3900
6500
2200
3700
1800
1700
1800
1800
1600
2700
1700
1600
1700
1800
2700
6200
2600
3400
4100
2900
2300
2200
2500
3000
3900
2100
3300
2700
1700
2100
1300
2200
1700
1700
1400
2000
1200
1900
2800
2500
2500
2400
4000
2300
2300
2300
2400
2900
3700
2100
1800
1700
1700
1600
1400
2500
3200
3300
1700
1500
1200
1800
2800
2700
2700
2400
4100
2100
2300
2400
2700
2300
4600
2300
1800
1500
7000
1600
1700
3500
1400
1700
1200
1500
1500
2500
19400
2600
2200
2200
4100
2200
1900
2000
2300
2200
3500
1800
2000
1800
2300
2900
2100
3000
1800
2200
1700
2500
1900
3000
2500
7100
2300
2400
3700
5300
2300
3900
2100
2300
5900
4200
2500
1900
1600
2300
1700
2300
1800
1600
1500
1900
1700
5200
2100
2000
2100
2300
3400
1800
1900
2200
3000
2800
5200
2900
3200
16900
3900
1400
1600
1600
1400
900
2500
1300
2200
1300
3200
2100
2200
2100
3900
1800
2000
2400
2400
2200
4100
2300
1400
2900
1400
1600
1300
2000
1200
1300
1200
1700
1300
1800
10000
3400
2200
2400
3800
1700
1800
1900
2100
2200
3500
1800
1200
1200
2600
1700
1100
1800
1400
1900
2800
1700
1100
1600
2300
5000
2200
2300
3500
3100
2000
2200
2100
2100
5300
2200
1200
1100
3300
1800
1800
1800
2100
1400
2700
1700
1800
1700
3900
2100
2200
2400
3600
1900
2000
1900
2300
2000
4800
2000
1200
1400
1400
1400
2800
2100
1300
1500
1300
1400
2500
1800
2100
1900
2100
2500
6900
1700
2000
2100
2000
2100
3300
2400
1300
1300
1000
1100
2200
1700
1400
1400
1000
1000
3000
1500
2100
1900
2100
1900
3600
1800
1900
2000
2100
2000
3800
1700
1600
1800
1500
1900
2700
1700
1700
2200
1400
1900
2500
1700
2200
2100
2300
2700
8400
2100
6800
4200
2100
2300
4100
1900
5500
1500
1300
1200
2400
1600
1600
2500
1200
1200
2100
1500
2100
2100
4200
2000
6000
1900
1900
3400
4300
2000
3700
1700
3100
2300
1700
2300
1800
1700
1700
1500
1500
1200
1500
1500
2200
2200
2200
2100
3900
1800
2000
1900
2200
2100
3500
1800
2300
1400
1300
1900
1400
1900
1700
1000
1200
1300
1300
1400
1900
2100
2200
1900
3600
1800
1800
1900
2500
2000
3200
2500
1500
1500
1300
1600
2300
1700
1600
1800
1200
1600
2100
1300
2200
1900
2100
2100
3900
1700
1900
1900
2400
2200
3300
1900
1500
2200
1300
1800
1500
1300
1500
1300
1300
1500
1400
1300
1900
1900
2100
2200
3600
1800
2000
1900
5000
2200
3400
1800
1600
2600
1400
2400
1300
2200
2600
1300
1200
2400
6200
7200
13100
13200
4200
8000
7000
7800
5300
3500
3500
7000
5700
14600
4400
3400
1400
1500
1400
1400
6000
1300
1200
1300
2300
1300
2600
2100
2400
2100
3900
1900
2300
1900
2100
2100
3700
2000
2000
7100
1300
2000
1900
2400
1400
1400
1500
1800
1700
2100
2200
2000
11800
3900
4200
4700
2000
2400
3300
3600
3900
4500
1700
1400
1300
2600
1900
3000
1600
1500
1100
2000
1900
5600
2500
1900
3200
2200
5200
4000
2100
2500
8000
2000
3700
4200
1600
1600
1400
1500
1100
1400
1300
1200
1300
1500
1000
1700
2100
2000
5800
2100
4300
1800
2100
2000
2100
2000
3800
1700
4400
2000
2400
2400
2000
2000
1700
3100
3000
2500
2100
2000
3600
3800
7600
3500
6300
2900
3300
3500
5800
3300
6300
3400
2800
2100
2400
5100
1800
3100
2400
2100
2500
3800
1800
2900
4100
3200
3600
3400
6400
3700
3300
3200
3800
3500
6000
3900
2700
2300
2600
3000
2600
2900
5200
2300
2400
2800
2200
2200
4000
3200
3400
3500
6300
3000
4400
3800
3000
3500
6100
2800
4200
3800
3300
3400
2500
7300
2200
1800
3300
3600
2400
2400
3900
3700
23000
5700
6900
3000
3300
4200
4400
3700
10000
4500
3900
2300
2700
2500
2400
2500
2500
2000
2500
2400
2300
2500
3300
8000
3700
3200
6300
2900
3200
3100
3600
3200
6000
2900
2200
2200
2200
2700
6300
4200
1700
2300
2100
2500
3800
3700
3700
6500
3600
5800
6400
3400
3500
3100
3900
3400
6700
2800
2500
2300
2200
3900
2600
2700
2300
2200
2300
3000
2700
2600
3700
3400
3900
3900
6500
3100
3600
3200
3300
3600
6500
3500
4300
4000
2400
2900
3800
3700
1700
2000
2100
2700
3500
10700
3500
3400
3900
3700
9900
4500
3100
3400
7800
4800
6400
3200
3200
2400
2200
2200
2700
2600
5700
2000
1900
2300
2600
2600
4000
3600
3800
3500
6700
3100
3600
3600
3900
3200
6000
3300
2800
2600
2400
2400
2500
2300
2200
3800
2300
3300
2500
2200
4200
8600
3600
3400
6300
2900
3300
3400
4600
3500
5800
2800
3300
4300
3100
3500
2600
3100
2300
1900
2500
3100
2600
2800
6200
3300
3900
6400
6700
5000
4200
3200
3900
4700
8100
4400
2500
2300
2600
2700
2600
2600
2400
2000
2500
2500
2500
2100
3600
3900
3700
3600
6100
3000
3000
3200
3500
7800
5900
2700
2200
2300
5100
2300
1800
2800
2200
2300
1900
2200
1700
2600
3900
3500
3800
4300
6400
3000
3800
3500
3400
3400
6300
3200
