38800
8800
10000
8500
593100
11000
6900
6000
5900
7400
901500
8300
87500
68700
20500
18900
32600
55500
19600
33700
36700
18700
36500
35000
16400
16900
14700
17500
14200
13300
11900
10800
12300
24900
13800
13600
26200
26100
27600
122000
61500
38900
44000
22500
26100
24700
60500
26400
15100
16600
15000
18100
12400
15600
19100
13300
20400
13400
11700
12500
22900
20500
20900
31300
40400
17200
20500
16400
20700
28700
48900
17500
10400
9400
10100
8800
17500
10900
7000
7400
7900
9100
11300
12600
17700
17200
18300
17000
38900
16500
24500
20700
21200
16300
30800
16100
9600
7400
8300
6100
11900
7600
9800
15600
12300
8400
10700
7300
17100
28200
20000
17900
41300
20400
16600
20600
18900
17000
33800
14400
10100
6700
15000
10300
7300
6500
5600
13500
12800
11200
6900
6100
17300
18900
16800
17700
40500
18300
16700
13000
13000
13300
33200
13200
9000
6900
7400
6200
6200
7400
25700
8100
7100
5900
7400
8000
17000
14300
15500
14600
29300
12500
17300
12700
16900
13500
26600
13600
8800
7500
6400
5900
6000
11300
5600
5500
5300
5500
5900
10800
17800
14000
13400
13100
25000
15500
14600
14800
14600
14600
30100
18700
9400
6200
5700
7500
4800
6900
5800
6100
7500
7300
8700
6200
14700
11600
13300
15000
28300
12800
12200
11400
12900
13100
24500
11800
8200
6800
7600
7400
11900
10700
6600
9700
7100
7300
9700
10200
14600
14800
15200
15000
35100
14300
13800
17000
14900
12400
30100
13700
8900
10000
6300
5800
11300
12200
6600
8600
6100
6100
11600
10700
12500
10300
11400
24800
30900
19900
13900
27500
14800
18400
35800
12800
10300
11400
8400
6800
5600
10000
7900
7400
6500
5600
6400
9000
14600
11200
18400
47600
38500
27200
20600
11900
17800
12200
24400
12200
8600
8300
6300
9900
7100
8500
7100
8600
7600
8900
6600
8100
13600
14800
14000
11800
27400
11900
10400
11700
11500
17000
25500
22700
8900
5600
5900
7100
14400
7100
6200
10900
6600
6800
8100
6700
16600
11200
12500
10400
27900
10000
10500
13300
12600
10300
27600
10700
7500
5800
5700
5000
4300
5600
4800
5000
4800
4600
4100
5300
11500
9200
22400
12700
40000
10000
14500
8800
11400
22200
18400
8300
8800
5000
5300
7700
6500
5300
7700
4800
4300
6500
5600
6200
15000
10700
13900
9300
27000
12700
10100
8700
9600
8400
14700
27500
7800
5800
6400
10100
6700
14200
6600
5500
5900
13800
6000
8400
12000
10000
10700
8900
16100
11800
9300
13100
9200
9600
25800
14800
11100
9100
6000
10600
8200
7700
5400
4800
4700
9900
8000
7500
13500
9700
9600
18500
16600
18600
13900
10000
9000
12000
15900
14200
10500
6900
7600
7200
9300
9600
8200
5800
18200
14500
9900
9300
13200
8600
17000
9200
20200
10900
16700
9100
13100
8400
14600
6900
11700
8300
8800
6700
4800
5700
8100
6900
7800
6700
5300
6200
12800
10400
13600
9700
15100
6900
7900
11400
15000
59600
22000
11400
14800
4100
3500
6800
3400
4700
3700
3900
2700
5500
3400
4300
9700
12000
8800
8200
14200
10100
6900
7400
6800
6500
12200
8600
8300
5000
4500
9800
6800
7300
5100
16000
5600
6000
6200
7200
10000
9800
12400
9900
23700
11300
8100
7300
12800
7800
14100
14400
7200
4200
4500
3400
2300
7400
2600
3000
3800
2700
2000
6000
25300
8600
8900
7600
14200
10500
8700
7500
9200
6800
13100
16000
7500
10100
3400
3500
2700
2800
3300
6000
3200
3700
2400
2500
8600
8800
8600
7000
13400
5600
6300
113600
13500
18000
14200
6900
6700
4100
2400
3900
2900
2400
2300
6000
2200
4200
2500
2500
8900
9500
8000
6900
13200
5400
6000
6800
7300
7200
12400
5700
6600
3900
2500
3300
2600
6000
3800
4400
2200
3000
2400
5700
34300
14000
27100
7600
17400
10200
7900
6500
11400
7900
13300
5700
7900
6200
4500
4600
3000
2200
3700
4000
3900
3100
2600
1900
9100
7200
10300
14100
15100
8500
6700
6700
8900
8200
17000
6600
5100
3700
6100
5300
3600
4200
2600
3200
4100
3700
3200
3300
29600
22200
10200
7700
14100
10200
8400
6300
7700
6300
16700
6000
8800
3900
4900
3400
3700
2800
4800
2800
5500
5900
3200
2400
12300
8100
11400
7300
19100
6700
6500
6000
9600
6400
16400
5900
5100
2800
3000
3600
3500
3600
6000
2900
3400
3300
3300
3200
25900
5900
13300
5500
10800
4200
4700
4300
4900
4300
7300
3800
5200
3400
2600
3400
2800
3100
3900
6100
3200
3700
3800
3400
6900
5700
5500
4600
7300
3800
3900
4500
4600
8000
8500
4600
4000
3500
2200
6800
3500
8600
4000
3100
1900
5400
3200
4900
6600
4600
4700
5100
7300
7900
5000
4300
4700
4200
6300
27100
3900
6100
4900
2400
3900
4100
4900
2500
5700
1900
3400
6800
7600
5600
5200
5800
10600
4100
6200
5600
6300
10200
11500
5900
5600
7900
4500
4600
5300
4100
7100
3000
3200
8000
5200
3800
10300
7700
7800
11700
12400
6300
5700
4500
5700
10400
12000
6400
8700
6500
5600
4600
5300
7300
5800
8200
5400
4100
5200
5400
10200
8500
13400
8300
19400
12500
8100
10400
20300
8600
11300
8000
6500
5200
6300
10100
4100
5700
4400
5300
5500
5600
3700
4800
7300
4800
5200
4200
7100
3800
4000
4000
4600
4000
6400
3600
6300
3800
2400
2500
2400
4600
2100
1900
2000
7100
2200
3600
6100
5400
10000
4400
7000
7600
5100
4200
7000
4600
6700
3800
3400
2100
3800
3000
4300
3200
2400
6600
5300
2900
3600
3000
6200
4700
4900
4500
8100
3800
4000
4300
4400
4100
7000
4000
3400
2400
2500
2900
2300
2700
1800
2000
4200
2100
2400
2300
5600
4700
4800
4500
6500
4500
3900
3600
4100
4100
6200
3600
7100
7600
2900
2200
2400
3900
13200
4200
3700
3100
3300
4700
8900
6700
11900
6500
11200
15200
6500
6000
11100
8700
10900
7200
6300
7800
6400
5600
4700
7300
4100
4000
3500
4200
4000
5900
8000
6400
7400
8000
11700
10300
8000
6400
7300
16100
11300
6000
6200
20700
5100
8900
5300
4400
3100
2900
3800
6700
4300
3800
10800
8000
7700
6700
11800
5800
6100
8300
12100
6200
10900
10400
6700
4900
3900
4100
4000
3600
2800
13500
4000
4500
4100
3500
10700
8000
8200
7500
12800
6500
9300
14000
8100
6700
10900
5500
5300
3600
3000
3600
4000
7700
3900
3100
2600
4400
3900
5600
8600
6600
7200
6600
11300
6900
6400
5800
6200
5800
9700
6700
4700
3500
3900
3500
4700
2700
3800
2400
4200
3600
5400
3300
8400
6500
7000
6700
10200
5500
10900
5500
5900
6400
9800
5600
4000
4500
3500
3900
3800
3600
3200
2600
3100
3400
4700
3600
8600
51500
13400
8000
16100
5500
5300
5000
5500
8600
8800
4300
6600
4500
3700
3500
7200
3800
4100
5900
4000
3400
5100
3400
8100
7200
7000
5700
15100
5100
5600
7900
5700
5400
9500
4500
5800
4600
3000
4700
3500
6000
4700
3000
2400
3800
3500
9500
7300
5000
10700
5000
9700
8700
8400
5200
5600
5400
9400
6600
5700
4800
22400
3100
2900
3400
3900
3800
2600
2600
3100
3000
8100
5500
5600
5500
9300
4500
5300
5200
4700
4800
8600
4100
9900
3700
15000
5900
3300
3000
3400
9700
4700
5000
3200
3100
8800
8400
6500
4700
9300
4200
4800
4500
5100
4700
10300
4500
5700
5300
2900
3000
5900
4000
9200
2600
2500
2900
3800
3600
6300
6200
5000
4500
12700
7100
7200
4400
5000
4700
16400
7700
5000
5700
3100
3300
3500
3200
2300
6800
3000
5200
3800
3700
8500
5400
5800
5000
8800
4100
5000
6500
4900
4600
9200
4200
4500
7300
9300
5200
3400
4000
5000
2300
4300
4300
2600
3600
12200
5300
5100
9400
14800
4100
4700
7800
4900
7400
12100
7400
7300
4700
2800
6800
3800
4600
3000
2900
2500
3400
2800
3700
6700
5100
9600
6200
9200
8700
5000
4700
9700
4900
8700
7700
18100
2700
2400
3000
2100
22000
3000
2300
2000
2500
1800
4300
6200
4300
4400
4500
8400
4400
4500
4500
4400
4500
8600
3900
3300
3200
2900
3000
2800
2300
2400
2900
2900
2700
2800
2400
8300
28900
16200
4700
10200
3500
4300
3800
4800
4200
7500
3300
3600
2300
2600
2600
2300
5900
2900
2300
3300
2600
2200
4500
5700
4300
4400
4900
7600
4200
5000
4400
4200
8800
7600
3700
4000
5300
3500
2600
2900
4400
3400
2200
3100
3700
2800
3800
5400
4400
4300
4700
8400
7600
4800
4200
4900
6300
7800
3500
19900
4400
2400
2500
3200
2700
4600
2600
2000
2200
2900
2800
5700
5700
4400
4800
8000
4700
4400
4000
4100
5700
8100
3600
3000
8100
2700
2300
2000
2200
4600
2400
3900
2100
2000
2000
5200
4300
5800
8500
8100
4600
4200
4200
4600
6400
9700
3500
2800
2600
5200
3100
2700
2500
2500
1900
4100
2200
2600
2200
4800
5400
4400
4100
8500
4400
4000
4000
4200
4100
8300
3400
3400
4400
3300
2100
2700
2600
2900
2000
1800
3500
1900
3400
5000
4000
4300
6000
7900
3200
4000
5200
4200
4600
10400
4600
2800
2500
5900
2700
2100
3000
3100
3100
4100
2700
2100
4700
4800
5400
4900
4100
7900
4500
4000
4100
4200
4100
9500
3300
4400
3000
4200
3800
3100
3100
2200
2000
2500
4500
2900
2900
5200
4300
10100
4400
17200
3700
4300
4100
8100
4200
8000
25900
3300
4100
3700
3900
3200
4300
2500
2800
3400
5000
2000
4100
5400
4200
9100
9200
8400
8000
4200
4100
4700
8800
11200
6900
4300
3300
3600
2700
2700
3400
5300
3700
3100
3600
2500
3200
5500
4400
4400
4300
8500
3300
4100
4100
4600
4300
7900
3600
4000
2100
2900
4700
2700
2400
3700
1900
2800
4200
2400
2300
29400
4800
8100
4100
7800
3100
3600
3500
10600
3700
7200
7100
3000
2100
2200
5400
2300
2700
2700
1800
1900
4300
2000
2500
14600
3900
4100
3700
7300
2700
3300
3200
3300
3300
6900
3300
3100
2200
2000
2900
4200
8700
2000
3700
1800
3200
3100
3200
4400
3900
4300
3700
12100
2900
3800
5700
3500
6800
7200
2800
2700
2800
2000
2400
4100
3100
1900
2500
1800
1600
2900
3200
3700
3500
3600
3600
8700
2900
3500
3300
3900
3600
6900
2900
3000
2100
2500
2700
2000
2900
2800
1900
2500
2600
3700
2900
4700
4500
4000
3700
6900
3300
3600
3700
4500
4500
8000
3000
4500
2000
2200
4300
2000
3200
2600
2800
2200
3800
2000
3200
4400
5100
9300
4400
8700
3200
3900
3900
10600
4300
8200
6500
4800
8000
4500
2900
2700
2900
2600
2300
2300
2700
2300
3000
6900
4000
4300
3800
8200
3100
3800
3400
4100
3300
6500
3300
2700
7700
2300
2200
2200
2300
1900
2500
1900
2300
2100
2200
4000
3700
3800
9100
8000
3000
3500
4400
4200
4300
7600
3000
2100
2700
2300
2900
1800
4800
3100
2300
2400
2700
1800
3400
3900
10200
4000
3600
7500
3300
3700
3600
4100
3400
7200
3000
4200
2300
2300
3000
2100
2900
1900
2100
2300
2800
2000
2500
3700
4000
4300
3800
7400
8600
3600
3800
6800
3800
7600
3000
2900
5200
2700
2100
2400
4400
2100
1800
2500
1900
2300
3800
5300
3600
3800
4300
23000
7300
4100
4100
16400
7000
8100
3100
2900
3900
2300
2200
2500
8200
2300
2500
2000
2400
2400
3100
3800
3600
3800
8600
15000
3100
3600
3200
3400
3800
6800
3000
2100
3600
2400
2800
2100
2700
2200
2600
2200
2800
2000
2400
3500
3200
3300
3600
6800
6900
3300
3100
3200
5900
6400
3100
2100
3300
2500
2500
1900
2600
2400
2500
2000
2300
1600
2200
4300
2900
3100
3300
5800
2700
3000
3000
3300
3500
6200
3900
2000
2300
4500
3000
2100
3900
2000
3300
3800
2800
1700
3700
3800
7400
3900
3600
6600
30000
4000
5400
4300
3900
15000
3100
4600
2300
2400
7700
5600
2200
2400
6800
2100
14900
5300
2000
9400
10900
12900
10300
9500
1600
15300
3400
4200
2000
5200
7100
2400
2200
2400
1900
1700
15700
2300
4400
2200
1800
1700
3200
3700
3300
3300
3200
5600
2500
2700
3300
3100
2900
5700
2500
1900
4100
1900
2500
1800
2700
1400
1900
1800
2400
2000
2400
3400
2800
3000
4000
6000
2500
2600
3000
2900
3200
5600
2600
2100
3700
6300
2700
2100
2200
1900
2900
4800
3200
2100
2100
3400
16100
3700
7300
6400
6000
2700
3000
2900
4800
8200
2700
9100
2800
2600
4200
2900
1900
2100
1500
2200
3600
10300
2000
3500
2700
13900
15800
6100
2700
3100
2800
3400
3000
6200
5100
2600
2300
1700
2100
2400
1700
1600
1900
2200
2000
2400
1600
3000
2900
8900
3000
5700
2500
3100
2900
3100
2800
8600
2600
1800
1700
1500
1800
2000
2400
2000
2000
1400
2700
1900
2300
3500
3000
3200
3100
6000
2500
2900
2900
3100
2800
5800
2500
2000
1500
2100
1800
7500
2300
1900
1500
3600
8400
1600
2400
3300
2700
3400
3200
5600
2800
2800
2600
2700
2700
6400
2300
2200
1500
1500
1800
1300
1600
1400
6900
1400
1900
1400
6300
3100
3200
3300
3200
5700
2400
2600
3100
2900
2800
5600
2300
4100
1800
2400
3600
3500
2700
2200
1900
2000
2900
3300
2600
4300
3200
7600
3400
8700
4800
3000
3400
6200
3200
14200
5000
2300
6100
4600
1900
1700
2000
2600
2100
2700
2000
1800
1800
3300
2900
6300
3000
5800
2600
2900
2800
3100
3200
5600
2700
1500
2200
1900
2000
1700
1800
1900
1700
1900
1900
2000
1600
3100
2700
11900
3100
5600
2500
2700
3000
2900
2800
5500
2500
3700
1800
2100
2300
2100
1800
1600
1800
1800
2200
2000
1900
3600
2900
3800
3200
6300
2900
3100
3100
3500
2900
6000
2900
1600
4300
1700
2000
2300
2900
1300
2200
1700
2100
1900
8000
3100
2900
3200
3700
5400
17000
3300
2800
3200
4300
5700
2700
2600
3300
2000
2400
2200
2000
8700
3300
1900
1700
1900
1400
4900
2300
2700
4900
4700
4100
2400
2200
2100
2800
3800
1700
1500
1800
1300
1100
1100
1600
1300
5600
1400
1100
1000
1300
1900
1700
2000
2100
3600
5600
1800
1800
1700
7000
3200
1600
1900
1100
1100
1800
1300
1200
1000
2300
1000
1400
1200
1100
2000
3400
2100
1800
3500
1500
1600
1800
2200
1700
3300
2900
2000
1500
1500
1200
1200
1900
1400
1200
1400
1100
1100
1600
1800
1900
2200
2000
3600
2700
1700
5000
2500
2400
3600
1700
1600
1300
4600
1300
1000
1500
1300
2000
1100
1100
800
1100
2000
2000
2300
2200
6300
1800
2200
1900
1800
2400
3200
1700
