109700
10500
6400
7300
6000
5300
7000
481100
8700
8100
860200
8300
59200
27700
36800
63900
33900
46900
21900
28300
31800
56200
55500
25100
13600
12200
7500
7500
8800
8500
12000
9900
7300
7200
8800
8700
31600
29800
32200
27200
86300
46200
28100
22400
28300
21000
64400
33000
10500
7800
7000
16100
10500
7800
7000
5700
6600
20000
26400
17400
38200
27500
35200
29400
63400
21900
26200
24600
28900
24200
50300
29200
12000
18300
13800
12400
14800
20700
14800
20400
14200
15100
20700
23900
35600
169500
29400
35100
85400
30200
34500
29400
29000
38000
64300
157200
28500
10000
10800
7100
7400
8200
7600
7400
15600
8600
7200
7300
19600
25100
28000
18900
38600
19400
27800
15800
21600
20300
35300
15000
14500
11300
8100
23000
11900
9200
6600
11300
8700
8000
19300
13100
27200
20900
30100
17900
36700
33200
22700
28200
22800
20800
52500
15300
9900
8400
7300
7200
7100
13300
7900
7500
11800
9600
9200
15500
21000
19400
21600
23300
43600
24100
21200
18100
23500
17700
36000
23400
17400
11100
10500
9900
9300
10700
8900
127600
10800
9200
7900
9100
19600
17600
25300
44800
43600
18600
18100
15400
39400
24500
47700
38600
9800
7300
5800
6200
44200
19000
19400
8000
9800
9500
8200
19900
20900
17100
17600
20200
42200
26100
18900
17300
17800
18000
34000
70100
10700
10000
6200
11200
9600
8200
6700
5700
6100
10200
9200
8300
16500
12600
12300
16300
42900
14100
12900
11400
13000
12000
19700
17500
9100
9500
8100
6800
7500
6600
5500
7900
5600
5200
6000
6200
18600
10700
13300
30800
28200
23500
16300
19600
14100
14200
20400
10400
8600
8000
7100
6000
6000
6600
5300
25300
11100
8600
7000
8000
25500
14500
20200
12800
24200
11700
11300
15200
17400
12200
20500
23300
9100
10000
8400
11400
8700
17900
6100
9600
7000
8900
7300
7100
13700
20300
15400
16000
33600
12600
10900
17700
12900
17400
20800
20100
8500
6000
7100
4900
9100
6600
5800
6300
6900
9200
11500
7000
17400
9500
9100
8500
19600
10400
37600
17900
17000
14400
29100
14100
9400
7300
7400
10200
8500
11500
11800
9400
8400
9400
8400
10300
21900
15800
38100
20100
27700
22700
26800
14800
16900
14500
25900
21500
26700
16000
10300
19900
18700
12300
14600
10300
7700
14300
13700
10600
28500
15100
21900
20600
40600
15300
24900
14000
21900
94700
31400
33100
11700
8800
8200
7200
6100
6800
7700
8100
6600
6100
5400
5500
12100
9000
19900
12800
16100
7100
8300
8100
6800
7500
23500
8100
14900
8800
6400
7800
8800
8200
5600
10000
5500
7600
8200
8800
12300
12700
20200
12000
20000
9600
9000
9100
14400
10400
14900
8200
9500
6800
12400
8500
10000
12500
23300
20800
20400
9100
10000
13300
18000
11500
11300
9400
20800
15300
14100
15700
10600
9400
25700
10900
11200
8300
7300
8800
5800
8600
7500
5400
6300
8400
6500
8100
11300
8700
11700
9800
13400
7400
7800
11800
7700
11200
11800
26200
10400
6600
7500
9600
6600
12100
7500
11400
7600
6000
6800
11200
12000
11800
11700
9200
18100
16400
9800
13300
13100
19300
16700
7400
7100
5400
7500
8500
9400
6300
15200
27400
8300
5900
4900
4600
17000
6500
12100
8200
11100
4700
5800
4700
5500
4900
7000
4600
7000
4800
5100
4300
3700
4800
3400
3200
4000
3900
3200
4700
6600
5400
5300
4600
6800
3700
4300
4200
4400
4400
7100
6200
5200
3600
4400
3300
3200
4600
3800
3800
7300
3200
3500
4400
6400
4900
5300
4600
6800
4400
9800
4100
4800
4300
6600
4900
15600
5900
4700
4000
5200
3000
3100
2300
2700
3600
4900
2200
7900
5600
9200
6400
12900
5500
5000
5300
8000
8600
8600
5000
4700
6500
5100
4300
6800
2800
2700
3500
6200
3000
5800
2100
6500
5400
5400
6600
21000
5500
5900
5400
5400
7900
7900
5300
3800
2800
4100
2300
3000
7700
3100
2500
3300
2000
4900
2200
9300
5000
4900
8900
12500
4100
5900
4000
8000
8300
7900
10500
7300
3800
3200
3000
3100
3000
4700
4000
2600
2800
3000
2700
6100
4600
7100
4900
7500
3800
4000
4000
6100
4100
6600
4000
4100
3200
5900
3400
3300
4000
2800
3000
3200
2700
3100
2800
6500
10000
6200
5100
22800
10300
5900
6800
5600
5000
12600
20400
6100
3600
4600
3800
3100
4700
3500
2900
3400
2900
2800
5400
6500
5200
8400
5100
9900
8500
5000
4300
6500
4600
14500
5500
5200
4100
5600
5500
5100
5200
3500
4700
4500
5300
4700
5100
9000
6700
7500
6300
11500
5200
6100
5600
6700
6200
10300
5100
6200
5900
5900
3700
6900
5600
4300
3500
3100
3300
6000
7100
10000
7500
8600
7600
20800
5900
7000
6400
7200
6600
10400
31000
5300
5600
6900
5900
5400
4700
4600
5900
5800
5900
5500
4800
10500
13800
10500
8200
26700
8700
8500
10300
8700
7400
17000
6900
7500
5400
4500
3300
7500
5100
4200
6200
6800
5200
6100
4500
8900
8800
12200
7700
15900
11400
8000
12400
13900
8500
11800
11300
6000
7600
3500
3800
3100
4100
2900
3600
3800
4200
2900
4000
8800
6700
7200
6100
12700
4600
5900
5600
10600
6300
9600
4900
6900
4900
4300
3600
3700
5800
4200
7500
3500
3800
3700
5900
8600
6400
10300
6700
11500
347500
32900
8900
17100
9800
11000
94100
87100
6000
3900
3200
3500
3100
3600
3400
3300
2600
3200
2900
10000
6100
14500
6500
10400
5800
12800
5300
8100
5700
9800
5800
6500
4000
2800
3100
11500
7400
3700
10900
2200
2000
4100
2100
21800
21800
22400
15600
36800
11600
4200
5800
4800
4100
5900
3900
3400
9900
3300
2500
2400
3000
2600
2200
2600
1800
2300
2000
6000
5700
4800
7900
6400
6700
4000
3800
4000
6000
12000
4000
4100
7400
3700
2700
5400
3100
2200
9500
2000
1800
2000
2900
5700
4300
4600
5900
6200
3700
3900
3800
4000
5800
5800
4400
3100
7600
2000
2800
1500
1800
1700
2000
2100
12600
2000
1900
5300
4100
4100
3900
5600
4100
4000
3400
4200
3600
5500
3200
5200
2700
2700
2500
1700
2300
1700
4300
2600
2400
1700
2100
5600
5400
8000
4700
6300
3700
3800
4000
8200
4000
6100
6200
4200
3100
3000
2500
2300
3300
2100
7900
3100
2300
2400
2600
5300
5000
7800
4300
6200
3800
4200
11700
7700
4600
113600
14400
7200
3500
2600
2600
2600
2700
1900
2100
28000
6800
4700
4200
13400
7600
10800
5600
21800
5700
6300
5500
6200
8000
9700
5700
8800
4000
3600
3800
3800
4300
9300
2700
3700
3700
3500
5000
10100
6400
15300
7000
10000
5600
6000
5200
9400
21700
10500
5500
5300
7000
4700
3900
2500
5400
6200
3900
3800
3200
2500
4600
9500
6500
7300
11600
13200
6000
7200
6900
6500
9900
9800
6600
4700
4400
3300
7000
3100
3600
2500
3300
2800
5200
3600
3200
47400
6600
10000
7700
12700
4600
4600
4700
4700
4400
7000
7000
5800
6000
3800
6100
4200
4000
2500
3400
2800
5300
11200
3400
7100
5600
9000
9600
12200
5000
5000
4700
5100
8200
7800
9500
6800
11500
4300
3400
3400
3100
6200
2800
3700
3000
3300
3000
17100
5700
11200
6600
8000
6600
5300
4400
8400
4800
7200
4300
4300
3400
3600
6500
6800
5800
2900
4700
3700
5600
4700
4700
6600
8500
5600
4700
40300
8400
4900
8600
12500
4700
7600
9700
5400
3200
5800
4100
2800
5400
3900
3200
3400
3600
2500
4100
9500
5200
5400
53100
13000
12100
7800
5300
4900
5100
13100
4200
19000
3000
19900
4100
2500
2800
2700
3200
3700
6600
2100
2600
9500
4700
4800
4400
7500
3800
4700
4100
7600
3700
7500
3800
4100
2800
2500
3300
2800
2600
2500
2000
2400
2900
2500
2200
6600
4800
4400
4200
6500
3900
4300
7800
4200
16400
11300
4000
3500
2900
2500
5300
2800
11900
2800
4600
2200
2500
2800
5900
34000
5200
4800
10600
8100
5000
5100
5000
4600
5000
8700
7300
4300
3000
2400
2900
2500
2600
2800
2900
2200
2700
3600
2100
5400
4400
5500
27000
8800
4100
3800
3700
4000
4200
6900
3200
3400
2500
2800
5800
3400
2700
2100
2800
2600
5200
3000
2500
23700
3900
3900
3600
7400
3200
3400
3400
3500
3200
6300
4000
4100
2600
3200
2400
3100
3600
4800
2700
3000
2300
2800
3200
5900
3500
3800
3500
6800
2900
3300
3000
3500
3200
4600
3300
4500
2500
2700
2300
3100
3000
2400
2600
2600
2200
3300
2900
4700
3600
3500
4000
6500
3000
3300
3200
3600
3400
6000
3000
8700
3200
2600
2500
4600
3400
4300
2300
2400
2200
4100
3100
4800
4800
4400
3700
11100
4300
3400
3400
6300
3500
6400
3100
5700
4500
3100
4400
3300
4800
2900
2900
2200
3600
2600
3200
20500
3800
9300
5900
9200
8000
4400
3500
6000
6400
6000
7300
4700
3200
3400
21600
5100
4300
4200
3300
3100
7800
5300
2600
9200
3900
3800
4700
10300
3100
7300
3500
3800
3700
16000
16900
5400
3200
5200
5000
3000
3000
3800
2100
3300
3400
4500
2700
4400
5300
7900
3400
7700
2800
3800
3400
3900
4100
8900
2700
3800
2900
5900
2800
4400
3200
13100
5900
5700
3500
3500
2800
5700
6700
3600
3400
10400
5800
6000
9300
3600
3300
11600
3200
3000
3800
2100
2800
2300
2500
2800
2300
2000
2900
3700
2300
3900
3000
3500
4800
6200
3100
3600
5200
3200
3400
5600
5100
3600
2600
4900
2700
2100
3800
3600
3000
2800
2200
2100
3300
14000
5000
5000
3800
6000
6600
5100
4800
3500
3600
12000
3100
2900
2000
2800
7400
2100
4100
2100
2600
2600
3000
2300
3500
3600
2700
3600
3300
6100
15900
3700
3500
3800
3700
5900
5100
5600
2500
2000
2300
2300
2900
2500
2400
9500
2200
2300
2700
3900
3300
3700
3400
6100
2900
3400
3300
3500
3400
6400
3100
1700
4200
3500
3100
2300
2600
1900
2300
1800
3000
2400
2500
3600
3200
3400
4200
6000
3100
3500
3200
3500
3400
5600
2700
6000
2400
2200
2300
4100
3100
2200
2100
1900
2000
4400
2400
3700
3300
4000
3400
11700
2700
3300
3100
10800
11000
7200
3200
3100
3000
2200
2900
2800
2100
2200
2500
2000
2800
2400
1800
3500
4200
3400
3800
5800
2800
3100
3900
3500
3400
5500
2700
1900
3600
2500
2400
2800
2000
2800
2400
2300
2100
2500
2100
4300
3400
3600
4000
7200
2700
2600
2400
4300
3300
5800
3100
3600
2600
2900
2600
2400
2800
2100
8100
2800
2600
2600
2900
4400
4800
3800
3800
14000
3000
3700
3600
4000
3700
6800
3100
4700
2900
1900
2800
2400
2100
1900
4500
1700
2800
2500
2100
3900
4000
6800
3500
6600
6400
3500
3400
5300
3400
6300
3900
5700
2500
2600
2700
5400
4500
1800
2000
2500
2600
4000
4100
3500
3200
3500
3600
6300
3200
3500
3100
3300
4200
6300
3600
2700
2800
9500
2300
2400
2900
4300
2400
2100
2300
2700
3100
4400
3900
4100
3600
7500
2900
7500
3200
2900
2500
4700
5500
4600
2800
2400
2900
2100
2300
1900
2300
2500
2900
2000
2000
3700
3300
4400
3300
6300
4000
2900
3100
4000
3400
6200
3000
5200
2800
2300
15100
4000
3700
2700
1600
1300
2800
2500
1700
5400
2200
4300
2200
12200
2900
5100
3600
5600
3700
6400
6300
3300
4300
2900
2300
2600
3800
2800
2600
2700
2000
2600
2900
4300
3300
3900
5600
6000
5100
4400
3300
3900
5100
6400
3000
4700
2300
2700
2100
2200
1900
1400
2300
1600
1400
1300
1700
2500
2400
21000
2100
3800
1800
2400
2100
2900
2200
3600
2000
2200
2200
2000
3600
2400
2500
1900
2100
2300
3500
2300
2300
3600
3100
3400
3100
12100
3200
18600
3300
3600
3700
6100
4600
3200
2600
2300
3900
3300
2400
2400
4000
2300
2400
3100
2200
4400
5200
3500
2700
7600
2900
3600
4000
4300
3700
6400
5300
4200
3000
2600
2500
2800
2100
2300
2300
2400
2400
2500
11600
4200
3000
3900
3400
10300
2900
3200
3300
3800
3600
6500
3000
2500
2100
2800
3000
2500
4200
7100
2400
2600
3100
3100
4800
4100
3400
3700
3500
6200
5000
4200
3300
3600
3300
6100
3000
3000
1900
1800
2500
2100
2500
1900
5300
2000
2000
3400
2600
3600
11600
3600
3400
6300
3000
3200
3500
4900
3100
5200
2700
1800
1500
1100
1700
1500
1400
1100
1800
1100
1600
1400
1300
2100
2900
2200
2100
4900
1900
2500
1900
2000
2300
3400
1800
2000
2400
1700
2100
4800
2400
2000
3300
1800
2400
2700
2300
3700
3700
8500
3600
8600
3000
3500
4400
3500
3400
5800
3200
2800
1800
2100
2700
2200
2600
1900
2300
2100
2200
2400
2700
3400
3200
3400
3500
5900
2900
3400
3200
5500
3500
5800
3100
2300
2200
2800
2300
4100
1700
1300
1400
1300
1200
2000
1600
2200
2000
2100
2200
3700
1900
2000
2000
2100
2100
3600
1800
1700
1100
1200
1400
1500
1700
1100
1700
1100
7500
2600
1700
2100
2100
2100
2300
3600
1900
7900
2000
2000
2000
3600
1700
1200
1400
1300
1300
1000
1400
1200
1300
1100
1300
1000
1600
1900
2000
2000
2300
3400
1700
1800
1900
2000
2000
3300
1900
1200
1300
1300
1500
1400
1700
1200
1300
5100
3900
1300
1200
5000
4000
1900
10400
4100
1600
1700
1800
1900
2300
3200
1500
1300
900
1200
1200
1200
1200
800
900
1500
1200
1100
1100
2500
2600
8700
2700
5200
2800
2700
2700
2900
2600
5200
2500
1900
1700
1400
900
1200
1200
1400
1100
1500
800
1100
900
2100
1800
2100
1900
3300
1500
1600
1700
1800
1900
3200
1500
900
2000
1200
1400
1100
5800
900
1100
1000
1200
1300
1600
1800
1700
1800
2500
3400
3400
9000
2600
2100
2800
3300
1600
6300
1300
1400
1100
900
1500
1000
1000
1500
1100
900
1300
1800
1800
2000
1800
3600
1500
1600
1700
1700
1900
3100
1600
13600
9500
1900
2100
2000
7200
2100
1700
1800
2000
1800
6000
3800
3000
3400
2900
5600
2900
3100
2900
3000
3000
5800
2500
1700
1500
1600
6700
2500
1700
1300
1900
1400
2400
1700
1700
3300
2900
3500
3000
5400
2400
3100
2800
3600
2900
12800
4100
2000
2200
2300
1800
1500
3400
1500
1800
2100
1700
1800
3100
4200
2800
3400
3500
5800
3000
3900
2700
3200
3000
5900
2500
2700
4300
1600
1800
1600
2000
1800
1700
1200
1800
1700
2100
3300
2900
3700
3300
5900
2500
2800
2900
4300
2900
5700
2500
3700
2400
1400
1800
2500
2800
1700
1900
1400
1600
1700
2500
2900
2700
3600
10100
5600
2500
3600
2900
3300
3000
5400
2300
