34300
10400
8200
14500
7900
296300
199400
10100
6200
14400
860400
11700
244200
29500
53200
146100
80700
181300
31200
29100
33900
41300
83300
69700
21400
23700
21100
21600
13800
20300
18500
22500
20000
27800
14500
22700
43800
29000
38200
74400
71900
24900
48500
54500
48500
39200
71200
23600
12400
14700
13800
10700
21100
20900
20800
21100
14800
11700
21300
21600
29200
25500
29700
26300
55000
22500
26600
31800
32000
28500
56700
24400
16600
11700
8200
16500
12500
13400
10400
9700
8200
19100
14000
14300
36500
26400
35300
60300
62400
42200
31500
55600
30900
57200
44100
33500
22900
13500
9500
11900
10400
9800
12000
18200
9100
10700
9100
8900
30800
26200
30400
22800
43100
25100
19700
18600
26500
20800
40400
24800
17700
9900
19300
13700
24200
12000
9400
19700
10600
10300
9700
10900
22700
21100
28000
23100
43400
21500
19800
22500
26700
20700
43000
19900
14300
10600
15100
7600
12000
7600
7200
5200
9100
7100
11000
7100
16200
13800
18100
16400
38300
13000
15800
13600
17400
13300
34800
14000
10500
7400
7700
6200
10100
11600
9100
7500
8500
6600
9800
11300
15600
15000
17800
16100
46900
24400
19600
17000
27300
15800
31300
16700
8500
7500
19200
6100
6000
6300
11900
8400
7900
5400
5900
5900
15500
15500
14500
15100
26400
20600
13800
11200
13600
13900
27900
13700
9400
9100
6500
9300
6900
6700
7500
5200
5300
6700
6100
6500
18600
13200
33500
31400
23200
11000
10700
9700
13000
25800
22600
22200
8000
6600
5100
5800
6200
6400
5200
6400
6300
4900
5000
7000
12900
10500
31600
21100
29600
11500
11300
17400
48500
12600
21400
10400
11500
7200
6400
6600
5700
7000
5400
5200
5200
5700
10500
7800
15000
13000
42900
16000
27900
12100
11400
10500
16300
11200
22800
12700
7100
7500
5100
5200
4700
6200
4300
6000
4500
5300
4800
6100
12800
10100
10400
11500
21300
9300
10100
8800
9200
10200
22600
10100
12700
9500
6200
6200
8300
9100
6200
5900
6900
5700
7200
8600
15200
11200
11500
10200
27300
14700
13700
13200
12000
10100
21000
10100
8300
5400
4900
5400
4500
5100
4100
4600
4100
4500
3700
4700
10100
8300
18200
12000
19700
8500
8300
7900
8600
7900
15600
7000
8000
6400
9200
6000
4500
4400
4800
7000
8100
5300
4400
4000
12300
9900
9800
9300
18200
15400
8700
7500
8600
7700
21600
16100
17000
6900
6000
5000
7400
8400
6200
6300
5200
22900
12700
9400
11900
9300
9800
8000
17800
10200
10300
8300
9200
8900
24000
10100
8500
9200
7000
5200
4600
5600
5000
18500
6600
4700
4600
5500
16000
8300
8800
19800
21500
8400
8000
7300
7900
11500
22100
9800
7300
9600
5700
8700
5300
6300
4400
7200
5100
18100
6200
6000
15800
16900
11200
17800
20600
8400
7900
16000
9500
12600
16600
12400
7900
9100
8500
7100
5000
12600
7200
12700
12200
7200
5200
9000
17700
17400
11300
9500
15300
11700
9700
8500
9000
7600
18100
14200
7600
5100
5600
4200
4300
5300
5200
7900
6600
5000
5600
7500
13300
10700
11600
10400
20400
10200
10100
10800
13800
10100
19900
9200
14100
9300
7600
14100
9700
8000
5700
38200
8300
11500
8300
6900
15300
16800
34900
16400
27000
12500
10600
11700
13900
9200
19800
17200
8600
5100
4000
3000
3600
6500
4100
3800
3000
2400
2600
5700
10400
7600
10200
7800
15400
11200
11900
7700
11900
8900
15400
7500
6400
5500
4700
3700
5100
3600
3300
2600
3100
3100
4600
2800
9300
7500
10700
9500
20800
9000
8500
7300
13700
12200
19400
8400
4200
3100
3000
2600
2500
3700
2300
6000
3300
2400
2300
3200
10200
10400
9300
7900
14600
9100
7100
8100
9200
7800
13400
6600
4400
3500
2600
2700
3700
3300
2800
2600
2300
2800
2700
3200
11200
9000
11100
7000
13100
6700
10000
8000
7400
6500
12200
5500
6500
3800
8700
4000
2700
3200
2700
1900
4500
3200
3000
3100
10100
7900
13000
10200
18900
7500
10600
6900
13900
11300
28600
11200
7500
5400
5300
4600
9100
5000
5200
3800
4900
4500
7900
4500
14400
10600
11200
10200
24600
10300
13600
11300
13100
12000
22100
11600
6600
7000
17500
7000
5000
4400
8500
6900
6900
6400
4500
3600
26200
17400
15400
12700
21900
12900
26800
9800
18300
9100
24000
10300
5600
3400
2600
3300
2500
7600
2300
3000
2200
3000
2400
3400
7600
5700
5900
5200
7600
4400
4900
4600
5000
4800
13800
4300
8900
3800
2700
5300
4600
3500
2600
2300
2000
4600
2900
2500
8100
6400
11200
7300
9900
15000
8400
5200
7600
5200
27300
17600
6800
7600
4200
5000
8600
5300
11200
4300
3200
3800
6700
4600
11900
8800
8600
8700
15100
7500
8600
8000
8600
7700
14500
138300
7700
5100
5200
10600
4500
4000
3700
8500
5800
8100
4800
4300
14100
15200
12000
9600
14600
9800
10900
8900
8500
7500
11600
12300
9200
5100
3900
8100
13700
6100
5500
5000
3700
7400
7700
5400
16400
9600
15800
10000
29000
9200
11700
9000
16700
9700
14600
15400
14600
6000
4800
7100
5000
4700
3800
8800
3600
7100
3900
4400
23600
8700
109900
53300
22900
11400
8200
6800
16700
8700
33000
14300
6800
4400
3200
4700
3600
6700
3400
3900
2500
4000
3400
4700
10000
6700
13700
6700
9800
9000
7800
6400
7000
7200
36700
24900
5200
3400
3700
2800
10100
3600
3100
2700
3200
2500
2900
3000
9400
7700
666100
18400
11500
5900
6100
5600
5900
10500
8800
4900
4500
4300
3400
4000
2700
3300
2800
3300
3000
5200
2400
7400
9100
6400
6600
5900
9200
5100
5500
5000
5400
7800
8500
4500
23000
5800
5800
5100
3500
3500
2900
3600
4000
5500
3100
2900
9600
10000
12900
9300
11500
5800
5800
5600
7600
7400
9800
11300
4800
3900
2900
2800
6900
5000
5500
4200
3100
3100
6000
4100
9200
6400
22500
8300
19500
6700
7700
6300
7000
123600
10900
8700
5400
4400
3400
15600
2400
2700
1900
2300
2100
2100
1600
2200
7400
4600
10100
5300
10200
4900
3800
3500
4700
5800
7000
4100
3000
2400
2700
4800
3100
2700
2100
4000
2000
2700
2500
3600
6000
8000
5400
4600
6700
3900
3600
4200
5000
3900
5300
9800
4300
3700
2900
8100
3300
1900
2700
5900
2900
3000
3200
1800
6500
4300
11000
6500
10300
4300
5100
9200
7700
9400
6800
4200
3600
2100
2300
2300
4700
2900
2500
1500
2300
2200
3700
2400
5500
4000
7200
4000
8500
3500
3800
3600
4700
3900
5400
3500
3100
3000
4400
2200
1700
2300
4200
2500
2800
1900
1500
2200
8300
5200
4800
4200
6100
3800
4100
3500
4000
7800
8400
3600
5200
4000
2100
2200
2700
3300
1700
2200
4900
1800
1900
2900
5100
5100
8200
4700
7200
7800
4000
7000
7100
4400
6200
3800
5000
3000
3500
2700
3200
2300
1900
2300
3300
2300
6100
2200
37600
4000
12600
6900
7800
3400
2900
2800
4300
3100
7400
2900
3000
2100
1800
1900
4800
4100
2600
2300
5600
1900
3100
3500
4000
4700
3200
3000
6200
3700
3200
3100
3400
3100
4800
3700
3200
2100
2200
2100
6400
3100
1700
1400
1800
1500
3200
3700
4000
2900
2900
2900
6200
3500
3300
3000
3200
11800
6300
2800
3400
4100
2200
5200
2600
2300
2000
2200
2100
4100
2300
2100
4000
3400
3100
2900
4300
2800
2900
3500
2800
2900
4300
6100
4100
2400
4900
3700
2100
3300
1500
3400
1500
2500
2000
2800
4100
3500
6400
3400
4700
6000
3000
5300
5200
2900
4500
2700
3000
2000
5600
2700
1900
3400
2200
2000
3700
2300
1800
2800
5400
3200
3300
7800
5000
5700
3200
2800
2800
2800
7000
3200
3100
2100
1800
5700
1700
1800
1800
1500
1400
4100
1600
1600
4300
2900
6100
3000
6600
2800
2800
100100
29600
4300
7200
6700
4600
2600
3400
4600
2500
10200
2700
3300
3100
3100
2400
2200
5000
4100
5700
4900
9500
3300
3800
3600
3600
3900
6600
3300
3400
2700
2500
7300
3600
2700
2300
2600
2400
5000
2900
2500
7700
4200
3900
3800
6900
3600
3600
3600
3700
3600
6300
4100
3800
5300
3300
3100
2300
2900
4300
2900
2600
2800
2100
2300
5100
3500
9300
7900
6300
3500
3800
3400
3800
6100
6400
3200
4400
2900
6100
16700
2400
2900
2900
2700
20500
3000
2300
2700
8100
5300
4800
4000
7400
3600
4100
3700
4000
3800
9000
3500
6700
3400
2800
2900
2400
4300
2400
3500
2500
3200
2300
3300
5500
4900
9100
4400
7100
8500
4200
103300
16400
4400
5500
3000
6700
2100
9100
2100
4600
1700
1500
2500
3700
1700
2100
1500
4100
3500
2800
2400
7500
2500
3100
2400
12300
3600
6200
2500
2300
1700
1600
1600
1500
4200
1800
1600
1400
1500
2500
3000
3300
2300
2600
3500
3900
2700
2600
3400
3200
2600
3800
2400
1800
1700
4400
2000
1300
1900
1400
4400
2600
1600
1200
1600
7000
3600
2600
4900
4000
3000
2400
2300
2500
3400
4200
2100
2000
4300
1600
1800
1300
1600
2700
1700
1500
1700
1300
1500
2700
3500
2600
2800
3800
3200
2300
2200
2400
3700
3800
2100
2300
2800
1600
1700
3600
2000
1300
2800
1600
2400
3300
1800
2700
2600
4000
2400
7000
2200
3200
3800
2500
2600
3900
2200
3400
2900
1700
1500
1500
4600
1800
1600
1500
1400
1500
3100
2900
2300
2800
3900
3900
2200
2300
3100
2800
2600
4800
4700
3700
3100
2800
2100
1400
1800
1500
1500
1900
1800
1300
1500
3000
2500
5600
3500
4000
2200
2900
8100
2700
2500
5800
2300
1900
1900
6300
3800
2900
1800
6000
2100
1500
2500
2500
2100
5600
2800
2800
2500
7200
2300
5800
2400
2800
2500
3900
19100
2400
1600
1500
3100
3000
3000
1600
1500
1500
1900
2700
2600
17900
3100
2500
2300
7500
3800
2100
2000
2500
2400
3500
4300
3700
1800
1600
2500
1500
2300
1700
1400
1400
2200
1600
2000
7100
2100
4800
2200
3900
4400
2000
2200
3500
2200
3700
4200
2000
3500
1700
1700
2800
2400
1500
1600
1300
1300
2500
1900
2400
2000
2400
2400
6100
2200
2000
2000
2100
3900
3500
1900
3900
1600
2500
3400
2000
1900
1500
2900
1800
1500
1700
1600
2100
7500
8300
2200
3900
1900
2000
2100
2300
2700
5100
6100
2600
2000
1700
1700
1800
1600
1400
1300
1300
1700
1900
1500
2600
2000
2400
2200
3500
1900
2100
1900
2100
2100
3700
1800
3100
1800
1400
2200
1700
1600
1200
1500
1500
1800
1600
1500
2100
2300
2600
2100
3500
1900
2100
1800
2300
2100
3700
1800
1900
1800
2000
1600
1400
3600
2400
1400
1700
1700
1400
2700
13300
2300
2400
2700
3500
4900
3500
2500
2100
2200
3300
1900
1900
1600
1400
1600
1600
1900
1500
2500
1300
1500
1500
1700
1900
2100
2300
2200
3300
2100
1900
2000
2000
2200
3300
1700
14500
2200
1500
3200
1500
1800
1900
1300
1500
2600
1400
1900
4700
2100
2100
2000
6500
1800
2000
2300
2700
2000
3300
3800
2600
1400
1300
1500
1300
1200
2400
1400
1100
1400
1200
1400
1900
1900
4400
2100
3600
1800
2100
2000
5200
2100
3400
2300
1400
1400
2800
1400
1600
1300
1000
2000
1800
1400
1500
1300
2500
4000
2200
2100
3600
2100
1900
2300
2000
2100
5300
1900
1600
1400
1400
1400
1400
2600
1400
1200
1300
1400
1400
2300
2100
2000
2000
2100
4000
2000
2000
2000
2200
2000
3300
2000
1300
1300
1500
1600
2100
1900
900
1000
1400
1500
1900
1600
2100
2100
2000
2200
3800
1800
1900
1900
2200
2000
3300
1800
5400
2300
2900
2500
11600
2500
2200
5200
2800
2100
2500
2400
17000
4500
4300
3900
6900
3200
3600
3500
4100
4500
6300
4500
2200
1900
2200
5900
2900
2300
2400
2200
2000
18600
9700
2600
10900
5900
3600
3100
6600
2700
3500
3100
3300
3000
6100
3500
2300
1600
1500
2400
6000
2500
1700
1900
1500
2000
3800
2300
3700
3000
7500
3300
6100
2500
3100
2900
3200
3000
12100
2400
4700
2400
1900
2100
1800
2200
1600
1500
2100
1800
1900
2000
3600
2700
3800
3200
6100
2600
2900
2900
3500
3000
6000
2400
2300
1900
4900
2000
2100
2000
2900
1300
3300
2000
2100
1800
7900
3000
3200
4300
6000
2500
3500
2700
3000
3400
8600
2800
1700
1400
1900
1600
2000
3600
2200
4200
1800
1600
1700
7900
3200
2700
3000
3200
6000
6100
3100
4800
2900
2900
5900
2500
5200
2400
1800
1700
1700
1700
1700
1400
1500
1700
1900
1700
5300
3400
6600
3100
24600
2800
6200
2900
10900
2900
6700
2500
2300
2100
1500
2300
2200
2600
4900
3500
1500
2200
1900
2400
4000
3100
3600
3100
6100
2500
2800
2300
2600
3700
11200
2400
3900
15300
7200
5000
2300
180400
7900
2200
2200
2600
2000
8800
5400
3000
3500
4000
6700
7500
3600
2800
4400
5200
6000
2700
1900
3200
2400
1600
2300
2400
1800
1800
2100
1800
2600
1900
3300
2800
3200
3300
9500
2700
3000
2800
3000
117000
6800
2500
2100
2100
1900
1700
3200
1700
1800
1800
1900
1700
2100
1500
3400
8800
3000
2800
6200
2500
2800
2800
3100
2800
5600
2500
2200
2000
1700
1800
1400
2500
2800
1800
1700
1700
1400
2300
3400
3100
3100
2200
4700
2100
4900
4000
2800
3700
5400
3200
1700
2200
1600
2300
2100
2200
3300
3000
224800
2800
3300
2700
11400
15400
4400
9100
7000
2700
3700
4700
3200
6400
15300
7100
2600
2000
1600
10200
1700
2700
2200
1600
1700
2600
1700
2400
3600
2700
3000
18100
6000
2600
3900
3000
3100
3000
5800
11000
2200
1300
1500
2600
3300
2600
2800
1600
1500
2100
5400
2300
4400
3400
3600
3000
20700
2900
5300
2900
3000
3100
6000
2600
2100
2100
2300
2000
1600
2000
1700
2100
2200
8100
1400
1800
3200
2900
3300
3000
5700
2500
3000
2900
3200
2800
5700
2600
3500
2400
1700
1700
1400
2600
2400
1700
1600
1500
1400
1800
11800
3000
7200
3000
6300
6800
4600
3000
5800
3100
5700
3400
3800
2700
2400
2200
2400
2000
1800
1700
2400
2400
2000
6200
3900
3200
12800
14500
8300
2500
2700
2600
12600
10300
15500
3900
7600
7400
4300
1600
2200
2300
3000
2200
1600
1400
1900
2000
8300
18000
6000
2800
5600
2200
2800
2200
3700
2300
5100
2300
1800
8300
2100
1800
1700
1600
1700
1400
1700
1900
1800
1700
2700
2400
2800
2900
5200
3000
11100
2800
2900
2700
5600
2600
16200
6800
5000
5000
4400
12100
4300
3800
3700
3700
2800
18600
3600
2200
4600
1900
4000
2900
3800
2400
8700
1800
3300
1600
