37800
10200
8800
9200
5500
615300
7900
5400
6700
7900
858500
15800
60700
15700
58900
22900
26300
47600
23300
19900
24000
26900
38100
25600
55200
24600
26000
17800
9800
10900
11600
17700
11800
9800
8300
9700
25200
28900
116700
28200
66000
22700
22100
21100
30200
23700
49800
17900
12000
11400
11200
10600
9900
8700
14600
10200
10700
10600
12800
8300
23300
17000
19800
58400
40800
17400
20100
16500
24800
17700
35600
29100
8000
12200
7700
6400
12000
9700
6900
6300
5100
5100
5900
9300
16800
16100
15200
21000
35600
14300
18800
18600
17400
20800
33700
17500
11200
14000
11000
10500
10600
11300
7300
10600
8400
8400
10100
8300
19400
22300
19700
25400
32800
16300
14400
17600
18400
21700
34500
17800
10200
7200
6900
5300
11400
9900
7900
10500
6800
5100
11200
12500
15500
16600
15100
14000
31500
16100
16000
16400
16300
15800
28300
18400
8600
7000
9300
6600
12000
8600
9000
7300
9500
6700
11400
7700
17200
14900
16400
16400
33300
14400
15700
16100
15400
16200
32500
15400
9400
9100
7300
8500
5800
7500
6100
5900
5500
6600
9100
7300
15200
13700
14800
14200
27500
12100
13100
15600
15300
12400
25000
15400
9100
6100
7400
6500
14600
11700
6300
9700
6000
6400
11700
11200
14600
15400
16000
16500
38100
18500
15100
18100
17800
14400
27100
14800
9500
5800
6900
5800
5400
6900
6500
10700
6900
5700
5100
5800
14000
13500
14600
12300
27300
11500
11400
14500
13700
11700
25700
13400
7900
12700
8800
7400
4800
10100
5500
5600
7600
5300
4300
9800
14000
14200
50000
34600
43600
44500
21500
34600
20700
20100
65000
15600
7400
14100
6800
8400
6200
5300
5900
5300
4500
10500
6600
5900
14300
11800
11500
18300
27300
12300
10900
9800
9900
14800
25100
17700
10900
7800
6100
4800
4600
5600
5000
3600
5200
4600
4000
5000
18500
10500
23900
12200
29300
10800
10600
9700
16000
18300
25100
14000
7600
5700
9300
5500
3900
4800
4100
4400
8500
5500
3600
4100
16500
10800
10300
9400
24200
11500
9300
8700
9100
8200
25100
10000
7100
6000
10900
5200
4900
5100
4700
5000
8500
4500
4300
4700
10900
9500
68000
11300
22100
8400
8800
8000
8400
8900
20300
14000
6600
6400
7500
4800
5500
8900
4500
4900
3600
3900
4800
8100
10900
9300
9500
8300
21600
11600
11100
9100
9500
9200
20800
13600
8000
5100
5700
6300
4300
5400
4300
5400
5300
5400
3600
4700
16400
8400
9600
8100
22800
7600
7900
8100
8300
7400
30900
10100
7700
5200
5200
5500
7600
8700
7000
6200
5300
5300
6600
10400
12500
9300
65500
22100
51800
22100
22800
18400
17600
17000
42300
14400
10600
13000
7100
42100
11100
7400
5000
4600
3900
9200
8400
6700
11900
8900
9100
20100
20900
9500
9500
8700
8900
13400
22100
8300
6700
8500
5500
8600
6600
11000
6600
5600
6100
10700
7300
4400
12800
9300
9400
20000
17400
7800
7900
9700
7700
9400
15900
14700
7100
8200
5500
5900
4200
4800
3500
3600
4700
4900
3900
5000
9700
7900
8300
10600
14800
8500
7800
7600
7400
9600
14500
9000
7100
7500
5200
9000
5900
5000
4400
15800
6000
9100
6100
5000
12300
8400
11700
13600
20400
7500
6800
6700
7100
8900
12900
10800
7500
5200
4700
5400
7700
7900
4400
3800
4700
5200
6500
4200
9200
7500
7700
6700
16300
6500
7500
7000
7700
7500
12500
5600
5900
4700
3800
7800
7200
5500
3500
3200
3300
4300
6400
7100
9200
7200
7300
6800
15500
5900
7200
6800
7700
6800
12200
6500
9600
5200
5400
4600
4700
4900
3500
6600
5300
4300
4600
5300
9200
9500
12800
7600
13600
6200
6300
8300
11800
7600
13300
6500
7500
4200
5500
5200
4200
4000
5300
4500
4800
5600
4900
4200
12900
7100
7600
6500
12700
5100
7200
6100
6400
6000
11800
5400
8400
6600
5000
4700
3900
7000
4900
4500
3800
4000
3700
7000
8900
7000
13600
12400
18900
11100
9200
7000
11600
10700
14800
6600
6300
5600
4000
4000
4700
4600
6100
3700
4100
3600
4100
4600
10500
7600
7900
7200
19200
9200
7700
6500
7000
6800
24500
7600
12700
4200
2900
3900
7700
5200
4600
4300
2700
4200
5800
4200
9100
9400
17200
7800
24200
11600
8200
10500
12300
8300
17000
7200
5800
4900
6400
4500
3300
4300
3300
2700
5300
4300
3300
3700
10200
8700
8100
7300
14100
5900
6700
6300
6600
6400
16100
6100
6000
137500
10500
18900
6100
3400
6400
5500
3500
4700
4900
3000
18200
14100
11200
9800
18700
7300
9300
7900
8500
7600
106800
37300
5900
7400
2700
7300
3000
2500
5600
4500
2500
4800
3200
3200
13900
7800
16100
7500
11200
5400
5700
4600
5300
4900
8000
28100
4300
4300
2200
3200
3300
3300
2400
1900
1700
2800
3100
3100
7400
5500
5800
5100
7300
4200
4500
4200
4600
4800
6800
10700
4000
3200
2800
3500
2200
2600
2100
2400
2600
5900
2100
2200
6400
4800
5700
4600
6800
3800
4100
4000
4300
4200
6400
3800
4800
3800
5900
3600
2200
5600
2100
3000
3900
3600
6400
5800
8200
6000
5700
4900
8100
10100
5900
4700
7900
5100
11100
5000
5400
3100
8700
3300
3700
4000
3300
6000
5300
3000
3000
3700
7600
8900
7000
11100
12500
4700
5100
7300
5800
5100
11800
5200
4000
3100
2800
5600
2300
2600
5400
2800
2200
4600
1900
2300
10000
6000
6500
5800
10600
4600
5300
4500
5000
4500
7000
8700
5200
3600
3400
2400
7700
6800
2600
3400
3400
2100
5000
4800
6300
4700
4900
4300
9700
5600
7700
4600
5000
4900
7400
4100
3900
3500
10300
4300
3200
2600
2000
6600
5800
4000
2800
2100
7000
6100
5600
5300
10600
4100
4300
3800
4300
4100
10800
3900
5000
3500
2700
3900
2500
2500
3000
1800
2600
3000
2400
2200
6200
4800
5100
4900
7000
3700
4000
3900
4500
5200
6300
4200
19400
13100
4100
4100
5300
4000
1800
2800
3200
3500
3200
3100
6000
4400
5000
6600
10800
5700
4900
4100
4400
7300
7200
4500
3500
1900
2800
2400
3200
3000
5500
3000
5000
2300
3200
2600
7100
4900
5800
4600
7400
3700
4400
4900
4700
4200
6900
1321300
6500
3800
2300
23700
4900
3700
2400
6800
2700
4200
3000
2800
17000
6200
4900
4600
11800
4600
4300
12900
6200
5000
6300
7200
4700
3300
2300
3000
1700
2500
2000
2700
2000
2700
1700
2200
5900
3900
7700
4100
7100
11900
3800
3500
5100
3700
6300
3700
2800
2100
4600
2900
1900
2000
2300
443400
8200
6500
3600
2800
13600
13600
8900
7500
12200
6200
6100
6200
24500
9000
16500
5200
6200
3100
4000
3800
2400
4600
3600
3300
3800
3400
2400
2900
17200
7500
7100
6000
12400
5400
9400
5900
8100
5700
8800
5000
5700
3300
8400
6700
7400
4000
5500
4800
5700
4300
4100
3200
13400
7600
7900
6800
20500
6600
2066800
37000
16400
6400
16300
40800
34500
7600
29600
4100
6700
4200
3100
2600
4100
2900
3000
3500
25400
4400
4200
3900
15000
3500
3900
3600
4100
3700
9600
5100
3200
3100
2600
3100
2200
2000
2200
1500
2100
3000
2900
1700
4500
3500
3900
3400
6300
2900
3600
3400
3600
3500
6200
3500
3200
2100
3100
4600
1900
2100
2300
2600
3000
3500
1700
1900
5300
3500
4000
3700
6600
3200
3700
3400
3700
3400
6700
4100
5500
3700
3000
3100
2800
3300
2100
2800
3000
2900
2500
3000
7200
4100
4300
23900
10200
3600
4300
3500
4000
4000
6200
3200
4000
2800
2100
4400
2500
6200
2700
3600
2000
2800
2300
4300
6900
4300
4300
4000
6600
10000
9800
5900
3900
4200
6900
3400
4200
3800
2100
3200
3600
2500
3900
2400
2000
2800
2700
2000
5000
4000
8100
3800
9500
3300
6100
6700
9000
3700
7700
3500
4800
3200
2300
3000
2600
3000
2500
2700
2100
3100
2500
2700
5200
6400
4700
6900
7600
3600
3700
3600
4000
4000
6500
3200
2600
2600
2400
2700
9900
3000
2200
1900
1600
2400
2400
2600
4600
3500
3700
3400
6500
3400
3700
3500
3500
3900
6200
3300
2500
4500
2100
2800
3900
3200
2500
2300
1900
2700
3600
3000
4300
3400
3900
4000
10400
5500
4900
3700
4100
7000
6600
3500
2400
1700
2200
2200
2700
2300
2200
1900
2300
2300
2700
2200
4200
3700
4100
3800
5700
5500
3300
3600
2800
2600
4400
5200
3200
2300
2000
4600
4800
3100
3900
1800
2100
2200
3600
2500
5400
3700
4200
3600
10200
3300
5700
4000
4000
4700
6600
3400
2400
8700
2400
2300
2700
2400
5500
2500
2400
2100
2500
2500
23300
3400
3700
7900
6200
2900
3700
3400
3300
5600
6200
3000
4200
2900
2900
2500
4900
2300
1700
1700
2200
2200
5100
2100
3900
3100
4000
6000
7100
3100
5400
3400
3600
4700
6600
3100
2100
3100
2300
2500
2200
4500
2600
2000
2200
2200
3300
3400
3900
3500
3300
4400
5300
3200
3300
3200
3100
3300
7100
2800
2700
2500
2600
2300
4200
3900
2000
2400
2400
2400
3700
2600
3600
4800
3400
4500
6400
3100
3500
4600
3600
6100
5700
3300
3600
4000
3600
3400
3300
2100
1700
1700
2000
2800
2600
3300
10800
3400
8300
4900
10600
3000
5800
3200
5500
2900
18600
6600
3500
2900
4000
3000
12700
3100
5300
2400
3600
2700
2500
2600
5300
3600
4900
3600
9700
3000
3700
3200
3600
4600
6300
5400
2100
5100
2900
4000
2200
2800
2100
4200
2700
3800
1900
2700
3600
9100
13200
12300
7300
3300
3200
4600
3400
6100
11100
6500
2600
2800
1800
2400
2300
2200
8700
3700
2100
2500
2300
2300
4100
4600
3900
3500
7500
4100
3600
3400
8800
5900
6200
3000
5000
1900
2100
3500
2600
3100
2800
2300
2200
3500
2400
2800
4500
3400
8100
3600
6900
3100
3300
3300
4100
3400
6200
5700
1900
2300
4100
2600
4000
2800
4400
2200
3000
2600
3600
2400
6700
3300
3600
3400
10000
3100
5500
3400
3800
4000
9500
3100
3000
7500
1800
3800
2200
10600
2400
2300
2100
2400
2000
3800
3900
3000
3400
3100
5500
9600
3300
3100
3300
3500
6400
2400
2400
2600
4500
2600
4000
2200
2100
3800
3200
2400
3500
1900
4400
13900
3700
3500
10800
2900
3500
4700
3500
3200
10000
2800
3100
2600
2400
5000
2400
2000
2000
2300
2200
4000
2000
1800
4000
3100
3600
3300
13800
3000
3200
3100
3600
3400
5900
3500
2300
2200
1900
3400
1900
2600
2400
2100
2000
2100
1900
2200
3400
4200
3400
3300
6000
3100
3200
2900
3500
3600
5900
2800
4000
2600
2100
3400
2600
2600
2100
2000
2100
3300
2400
2400
3900
3100
7900
3300
5900
3000
3100
3000
3700
3400
5700
5400
4900
2200
2100
2500
2100
2800
10500
2500
1900
2500
1800
3200
3900
3300
3900
3300
6600
2900
3200
3000
3700
3200
6100
3800
2100
2800
2100
2300
2300
2800
2400
2500
2100
2100
2100
2600
3200
3200
3900
55400
6100
2900
4000
3400
3500
14900
5900
3000
2800
4500
2900
2300
7500
2300
1600
2000
2700
2200
4000
2300
3600
3100
3300
7500
9100
2600
3600
3200
3200
5100
8900
2900
4500
2300
5000
2100
3100
2500
3200
4200
4000
4300
3000
2400
3700
6600
6600
3800
6300
2900
3200
3400
6800
3200
26200
2900
3000
2700
2300
3200
4100
2700
3600
3100
2100
3700
2400
2700
3900
3200
9400
6100
15000
3600
5000
4200
8800
3000
5900
2800
6000
4100
4500
2600
2500
2300
2500
2400
4000
2400
2100
1900
3600
2900
3000
2900
5900
2500
2700
2800
3200
2900
6000
2800
2400
2000
2100
1600
2300
2900
1800
1600
2100
1600
2100
2400
2900
3000
3000
2900
5300
3000
2600
2800
3000
3300
5400
3600
1700
1900
2200
2300
2000
1900
1500
1500
2500
2300
1700
1700
2900
2900
8000
2700
5200
2300
2900
2700
2700
2700
6300
2300
4200
1800
1800
3300
1200
5400
1500
7600
4200
3700
1300
8300
4900
2000
2400
2400
4100
2200
2400
2100
2100
2000
4000
1700
1400
1400
1500
1200
3100
1400
1400
1100
2200
1100
2000
1200
2200
3400
2200
2100
3800
1700
2000
2200
2100
1900
3400
1600
1400
800
900
1400
6200
1100
1300
1000
1000
1200
1400
1000
1900
1600
1900
1800
3300
1500
2200
1600
1900
1700
3100
1800
2500
1300
900
1000
1400
9500
1100
1200
800
1000
1300
1300
2000
1700
2200
2300
3600
1700
1700
1700
2200
1800
3300
1600
1300
2300
1000
1700
2100
1800
900
1100
900
1500
2100
1500
1800
1800
4700
15700
5800
4600
1800
1800
7300
3900
3300
4500
2800
1300
1000
1800
1500
1400
1000
1300
1000
1400
1600
1500
1700
1600
2500
1800
4500
1600
1700
1700
3100
2100
3300
1500
1400
1500
1200
2400
1200
1500
900
1300
1400
3400
1700
1300
1900
2100
2100
1900
3500
2000
1700
1900
1800
2000
3400
2100
1300
1100
1000
1700
4500
3000
1500
4600
1100
1300
1100
2200
2000
1900
1800
1800
3500
3400
1700
1600
1900
1800
3000
3800
1300
1400
1900
1400
1800
1500
1100
1800
1700
1300
1500
1300
1700
2800
1900
2100
6200
1600
2200
2700
1800
1800
5200
1500
1500
1300
1300
1000
1600
1400
1100
1700
1000
1000
1500
1200
1900
2100
2100
2600
6600
1500
1700
2000
6200
1800
3700
1400
1500
1000
1200
1400
2300
1400
1400
1000
1200
1300
1800
1300
1700
1900
1900
1900
3400
1600
1900
1600
2300
1800
3300
1500
2500
1400
1200
1300
1600
1200
1100
1100
1200
1200
1000
1700
1700
1600
2200
1900
3300
1800
1600
1500
1900
1800
3100
1600
1700
900
1700
1500
900
5900
1000
1800
1700
1500
900
1200
2000
7300
3600
2000
3300
1600
1900
1900
2600
1800
4600
1500
1400
1300
900
1200
1300
2300
1000
1000
900
1200
1100
2200
1700
1900
1800
1700
3300
1700
1700
1700
1900
1700
3000
1500
1800
1100
1400
900
900
1900
1500
1400
1300
900
900
1400
1800
2000
1900
1800
3100
2400
1700
1500
1800
7100
3100
1400
1500
1000
1000
1200
1200
1300
1000
1000
800
1300
1100
1100
1600
1700
1900
1800
2900
1400
1700
1700
1900
1800
3200
1400
1500
3200
1500
2100
1300
2300
1200
1800
1400
2100
1200
2200
1900
3100
5300
2000
7500
3500
1800
2400
3300
1800
3200
3600
1200
2400
1500
1200
1200
1500
1200
1100
1200
4200
1100
1500
1700
1600
2200
1900
3200
1800
1600
1600
1800
2100
3200
1500
1400
1200
1400
2800
900
1100
1100
1100
1500
1400
800
1100
1900
1700
2100
2200
3200
1500
2200
1700
1800
1800
3000
1800
