44400
14000
6100
8700
291900
16500
205100
10400
6000
7700
856300
16300
97000
28200
74300
46500
179300
74700
91000
45400
46500
22700
37700
19100
15000
11300
7200
20100
9200
9800
9900
17000
12200
18100
9500
10400
22600
24800
29300
51500
49400
59600
41700
23000
63700
90400
53100
34600
14400
13000
34200
13800
9000
9300
13600
6600
8500
7900
9400
8900
22100
16400
19200
18700
33200
28800
25000
39000
31800
58700
48000
20600
14200
14400
18600
12500
12900
16900
18500
11400
16600
11100
12100
11900
32300
23800
23900
21700
49100
22500
30100
24300
23300
26700
52300
21100
15000
11400
9000
8500
17100
13000
10900
14000
7000
6400
59300
19600
24000
25500
16700
14800
29700
17900
14700
12800
14700
14500
27900
12300
9100
7300
6400
5900
5300
13400
9700
16100
6600
5800
6000
13500
18100
15300
23800
15500
35600
23100
47200
20200
17900
15400
29100
14500
9800
7900
7900
8100
6400
5600
6000
5400
12500
8500
5800
5200
14700
14700
15100
16600
25700
14100
13100
12300
12900
12400
30600
12700
13000
8000
7400
10800
9000
9100
5400
5000
6100
9700
8000
7500
20600
15300
14100
13700
48100
17100
13500
12800
13800
12700
28800
25000
8600
8400
10500
10500
7500
15000
5800
7700
6600
10800
6600
7900
17100
12900
13800
14800
30700
12800
12200
11300
12000
11200
25400
19700
8300
13000
6600
14300
7300
6000
5600
5000
5100
10000
9900
7100
17400
15000
17200
20400
35300
17700
16300
10700
10300
10100
20700
18200
9400
5900
7100
7100
9000
11100
7700
8300
6700
14900
8600
10400
14900
20800
14600
13900
33400
21600
19000
18800
15900
18300
20900
10700
8800
8700
6400
6300
4500
10200
5000
6200
5100
6200
4400
9100
12700
10700
11000
15400
22400
16300
14000
11600
12200
17100
22600
12100
7500
6300
4900
8900
6800
6900
6900
6600
4500
8100
6200
6700
29900
19500
17000
11600
28500
14600
15100
11800
11600
21200
20200
18200
7900
5600
6000
6300
5500
4800
4200
3800
7600
11200
5100
4500
13800
10700
11000
9000
18200
7800
9000
8500
8700
8200
25100
9900
8200
6400
5300
4700
4200
4700
4700
4500
5400
4600
4100
4500
11100
9400
17600
11500
18600
7800
8900
9000
9700
8900
16400
7700
13900
10000
6100
5300
3700
4900
3300
5000
4100
6900
4500
6000
17000
13200
15000
13400
23500
11700
11800
11800
18800
11500
20600
17200
10600
7100
6900
5200
5300
5000
5400
4500
6400
4700
11000
4700
12400
9300
17200
10700
20600
9000
8600
7900
11900
9200
32200
10900
10100
8700
6200
7300
6400
7600
6900
6600
6200
7200
5700
7900
15300
14100
26200
18400
20300
15600
16100
13200
21100
19400
20300
15100
8300
5500
4800
6500
5500
8100
4800
7100
5800
6600
9100
7500
12100
9900
9900
8400
21400
12100
8900
12400
10300
8800
23900
8100
7100
6600
6300
15600
8000
9800
5400
3900
4700
7900
6000
8800
15300
10100
9300
15100
23400
12400
11800
41700
18300
14000
21800
26800
9700
14500
8500
8000
7100
6100
11100
6200
6400
6300
7000
7100
18600
11600
14500
20000
22000
10000
11400
13000
13200
15300
21000
11400
8500
9900
8000
9500
5400
11700
6700
32400
8600
9800
6000
11500
14200
14500
24100
14100
25500
15100
12400
14000
13900
14900
19900
10900
12200
8200
10400
9300
7300
6500
6100
5500
8700
7400
6500
6000
15200
11700
12300
10900
24200
7800
12600
8900
9100
8300
21700
9000
11100
6500
8700
6200
4900
6800
5900
8000
17000
6500
5300
7400
12700
12200
22400
11800
21000
10300
18500
14200
19400
11600
20200
11600
8400
8100
6200
7200
6100
11700
8600
5700
6000
7000
5900
16300
16100
12800
9900
9500
18300
16200
21400
12100
20900
12100
21400
10000
12100
11000
7200
8400
5700
7300
5300
4500
9400
6200
4800
5800
15700
10800
13100
11100
90900
19200
19000
17700
10500
14500
18800
9100
16100
5900
4500
14900
5000
5200
3700
2600
2600
4300
3900
4400
10700
8100
12600
44000
122800
16400
80600
18700
21200
9200
22800
12900
5900
3200
3100
11500
3000
3500
2900
3100
2800
5700
3800
4000
10000
7900
8500
7200
14100
5700
6800
6200
6300
5900
12700
7700
4900
3800
2700
5400
6800
5100
2800
2400
2400
3900
4100
4500
9900
7800
7700
7200
18800
10300
8100
14400
7700
16600
16500
31700
6900
5800
5300
4100
3500
5900
6900
3400
3600
3800
3000
7900
7300
5200
16900
7400
11200
9200
5800
5000
8600
7500
9400
7000
4400
3100
2500
2700
2300
5300
2200
3800
2400
2600
2000
4200
7000
6400
6000
11700
7800
11300
6400
7300
6300
5200
7600
5300
4100
3500
8200
3100
3800
2700
2600
6200
2700
2800
3000
2600
10600
6400
6500
6100
11800
4700
5000
9500
5900
5200
7200
24100
36400
11200
21200
7100
3600
4100
4500
3000
4500
3800
3400
3600
30000
12600
6400
5000
7900
3900
4500
3900
4500
4200
6600
3700
6900
3900
2800
3400
2300
2200
1900
1600
2200
2900
2100
1800
6200
4700
28900
5400
10200
4100
4000
4100
6200
4200
6700
4000
3300
2000
2900
1900
2100
2400
9800
6000
3200
1900
2700
2300
7200
5900
5600
4600
7300
3900
4500
4200
8900
4400
6400
3900
4100
3900
2400
2900
2400
2600
5000
3500
2200
2600
2100
2400
6700
5300
5200
4600
6800
3900
4600
3800
6500
4500
6600
3800
4200
2900
9400
5500
3700
3000
1900
5300
3800
2900
5700
2600
6600
5400
5100
4500
12800
4500
4500
4000
4500
6500
9700
6200
4400
2800
2100
5200
2800
2500
4500
3400
2100
3900
2400
2100
8800
6900
6100
5000
7800
4100
4600
4300
21300
4600
7100
15800
8800
3400
3000
2600
2700
3400
4600
2700
2500
2400
3200
2600
6500
4900
5000
5000
7500
15200
6800
18600
5000
4200
6700
3600
2600
3600
2200
5500
2500
4200
2500
2100
1700
3400
2700
3400
6500
4300
4700
4000
6700
7000
3900
3600
3900
4900
6300
7500
3300
10600
3800
2700
10500
3000
2500
3300
2900
2100
2800
2100
5800
5400
4800
4000
9500
3700
4400
5600
4300
3900
6100
3800
4400
3000
2900
4400
3300
2300
2400
3000
2600
2600
4800
1800
5500
6900
13100
4800
10600
4200
3800
6700
7300
3900
8100
9300
3600
2900
5200
4000
2500
2400
2200
6800
4100
3700
2400
2400
9100
4700
4200
3800
7400
3900
3600
12900
5400
4700
6900
5800
2700
2000
2900
1800
1700
4900
2100
2400
2500
1700
1600
3900
6300
4300
4600
3900
6300
3900
3900
3700
4100
3600
5800
3500
5700
4700
2200
2700
1800
4100
2800
2000
1900
2100
1800
3300
5600
4600
7600
4100
6600
6600
5100
3600
6700
3800
6100
3600
3600
2500
2400
2800
4600
3300
2900
2400
2200
2500
3200
2700
5800
4300
4500
4000
10300
3500
5400
3500
4200
3800
5800
3600
4000
4300
2000
2300
3600
2000
2900
2300
1500
2300
2900
6200
5400
4100
4500
8200
11100
5100
5100
4800
4100
20600
6700
4100
4600
3200
4900
3000
3000
3100
3200
3000
3800
2900
2400
2800
9300
4600
8300
4000
6900
3500
3700
3500
6400
3700
8600
7400
3000
2600
2100
2800
2300
2300
1800
2100
1900
2500
2200
2500
5200
4200
4300
4000
6100
3600
3700
9400
3900
3700
6100
3300
2700
5900
3000
4600
1800
4100
3000
2400
2400
2800
1500
3400
8000
4700
4400
3900
6400
7000
5100
3700
4100
3800
5800
6700
21600
10400
26700
7400
5800
9100
6800
11400
9300
10300
5600
8500
133300
5300
8900
8600
10100
3000
3900
6800
3500
3400
5000
2700
2800
2100
6900
3900
5300
2500
1900
1700
4300
2800
2000
2400
7900
3300
3300
3100
6700
2800
3100
3400
3000
3800
5500
2700
3400
2500
1600
2700
2600
6100
8300
7000
3600
4000
2600
3300
5600
3500
3500
3600
6200
7400
4500
6400
3800
3100
4900
2700
2900
2000
1900
4900
2100
2500
2100
2200
1500
3200
1700
1900
5700
3300
3600
4800
6900
2600
2900
2900
4100
3000
4900
3100
20400
9800
2000
1700
2000
2000
3100
1900
1400
1500
1900
1800
4600
3200
6500
3200
5300
2800
3000
3100
5300
3100
4900
2700
2100
1500
1600
1500
3400
2200
2500
1700
2000
1400
2300
1800
6000
26800
3100
2700
11500
2500
4300
2600
3000
2700
4500
2400
2100
1600
2500
2100
1800
1700
1800
3800
1800
2200
1800
1400
3900
134000
6900
3300
5800
6300
3200
3000
3000
3900
4700
2400
5300
1800
1400
2300
1800
1700
1700
1700
1400
1600
2700
1600
3500
2500
2800
4300
4600
2200
3400
2600
3600
2700
4500
2100
2600
2000
1400
1500
3800
2800
6400
3000
1300
1400
2200
1500
4900
2800
6100
2800
9300
3400
4100
3900
3100
3800
4700
2300
4500
2000
1400
2200
1700
2200
3000
1800
1400
2000
1500
1400
7700
3800
6100
2800
5800
2200
2400
2600
2900
13400
4700
2300
4600
1900
2600
1700
2000
1800
2500
2500
2400
1600
1900
1700
3000
3700
6100
2700
5700
2200
2400
2500
4300
2600
8700
2300
1800
1800
1700
3600
3800
2000
2300
2900
1800
2600
2200
1800
3200
8000
2900
2600
11600
2200
2800
4100
3800
2700
4600
6000
2500
1700
1900
4200
2800
8300
1700
2300
1700
2300
2000
3300
3100
2600
2700
3900
4500
4900
2900
8200
2700
2700
4400
4100
2300
1500
3300
1900
1600
2300
1700
1300
2500
1400
1500
3600
3000
2600
2700
4200
4700
2200
2500
2500
2700
2600
4700
5500
1800
1900
1700
3200
1900
2200
1800
1600
1600
2300
1800
2000
3000
2600
2700
2600
4700
2200
2400
2500
2700
2600
4300
2600
1900
1500
1800
2000
1800
1900
1600
1500
1700
1900
1800
1700
10300
2500
2600
2600
4600
2200
2400
2500
2800
2500
4300
2200
3200
3000
3600
2200
2500
7000
2000
3100
2500
2000
2000
1900
3500
5300
3300
2800
5500
2200
2300
2800
2800
2700
6300
2100
1900
1300
2000
1600
1500
2200
1400
1500
1600
1600
1700
2000
19600
2400
2300
2500
4100
2000
2400
2100
2200
2100
4200
1800
1900
1800
1500
1800
1900
2700
1600
4400
1500
1700
2000
1700
2900
2300
2500
2300
4400
2000
2200
2400
2500
2200
4300
1800
1700
1200
1500
1400
1700
1600
1700
1200
1600
1500
1500
1600
2400
2600
2300
2200
4200
1800
2000
2100
2500
2200
4100
1800
1800
1300
1300
1700
6300
1900
1500
1500
1500
1600
2600
1700
7000
2200
2600
2200
4300
1800
2100
2200
2400
3000
4000
1900
2000
2400
1600
1800
1300
3500
2100
1500
1400
1700
1100
2700
2400
3300
2400
2300
4100
8200
3400
2300
2700
2300
4100
1900
14700
3500
2300
2200
1800
1600
1500
1100
2000
2000
1600
1500
2500
2300
2600
4400
4900
2300
2200
2200
2300
2700
5400
1900
1200
3200
1500
2500
1600
2100
2700
1500
1200
2300
1200
2500
4400
2300
2600
4400
4300
2000
2300
2100
2400
3500
4200
4600
1600
1500
1500
1300
3500
1300
1200
1600
1300
1200
2800
1300
2200
2100
2300
2500
4400
1900
2100
2800
2300
2200
4200
1800
1300
1000
1600
1200
1400
1500
1100
1300
1600
1200
1400
1800
2400
2200
2400
2300
8300
1800
2200
2100
2500
2200
4100
1800
1100
1200
1100
1100
1300
6300
1500
1000
1200
1100
1300
4000
2800
3400
2400
2300
4000
2200
2100
2600
2600
2300
4000
1800
2100
1500
1500
1600
1500
1700
1300
1400
1400
1500
1400
1600
2200
2100
2700
2300
4800
2100
2200
2000
2800
2300
4400
1900
1500
1100
3000
1600
1500
1500
1000
1800
2500
1400
1300
1500
2300
4300
2500
2300
4200
2000
2100
2200
2600
2200
5300
1900
1400
1300
1400
1700
3400
2300
1600
1100
1200
1900
2700
2100
1687800
4300
6900
5700
7500
3300
6700
5800
3100
2700
5800
3700
17000
3600
2700
1600
5000
1700
2200
1300
8200
1300
2300
1500
4200
2500
2300
1900
16000
1900
3400
2100
3000
1900
3800
2000
1500
1300
1200
2300
1500
3000
1200
1700
1300
1900
1400
2100
2100
3000
2100
2100
3500
2900
2100
2300
1900
1900
3200
2900
1400
7900
1400
1200
2100
2800
1100
1300
1100
1000
1300
2400
2000
1700
1900
1900
3600
1700
1800
6500
1900
1800
3900
1900
900
900
5000
1400
1300
5100
2500
2200
2500
1300
1200
1200
2000
1600
1900
1800
3500
1600
2100
1600
2000
1600
3900
11900
8400
1100
900
5900
1900
2200
1200
900
900
6300
1200
1100
2100
1800
1900
2300
3400
1500
1700
1700
2000
1700
3100
2000
1300
1800
1200
1100
1100
1500
900
800
900
1000
1000
1100
6600
1700
4300
2100
3600
1500
1700
1600
1900
2100
4000
1800
800
1000
1300
1100
1300
1600
1000
1200
1100
1100
1700
1200
1600
1800
1800
1700
3200
1400
1600
1700
1900
1700
3000
1500
1100
1000
800
1100
1000
1000
2500
2300
900
1200
1000
900
1600
2000
2000
1800
3100
1800
1600
3500
1800
1900
3000
1500
1300
1100
1900
2200
1800
2400
1000
900
1600
1800
1600
1800
1900
1700
2100
1800
5300
5000
1800
1700
1700
2000
4300
3400
1800
1400
1200
1500
1700
1800
1400
1300
1200
1200
1500
1300
1800
1600
3000
1800
4200
1900
2600
2200
3000
1700
3200
1500
1400
1100
1300
1200
1600
1500
1000
1700
1300
1000
2600
5500
1800
1700
2000
2000
4100
1600
1900
2200
1800
1800
5200
1500
1100
1400
1300
1300
1000
1100
1100
1000
1300
1200
900
1500
1700
2100
2000
1600
3000
1400
1600
1800
1700
1700
3000
1700
700
1000
1200
1000
800
1400
1000
700
1100
1000
800
1200
1800
1800
1700
6100
3200
1500
1600
1500
1700
1700
2900
1400
1300
900
1000
1100
2200
1100
800
1000
1100
1000
1600
1000
1700
1700
2000
1800
3300
1700
1700
1600
1800
2000
3100
1400
1900
900
900
1700
1300
1400
1100
1200
1100
1600
1100
1200
1700
2100
9100
2000
3300
1600
1600
1700
2100
1700
3100
2300
1600
1000
1300
1000
6400
2100
1400
800
1100
900
1600
2200
2600
1700
1800
1700
9300
1700
1800
1800
2000
1700
3100
1800
1200
1000
1100
900
1000
1300
1100
1100
2900
1000
900
1000
1800
1800
1800
1600
3300
1400
1600
1600
1900
1900
3100
1500
1300
1600
1200
1000
1300
2200
800
1000
1300
1000
1100
2000
1800
5800
1800
2100
3300
3100
1700
1700
1900
2900
3100
1500
900
1200
1700
9000
1500
5900
700
1000
1600
1800
1300
1400
2000
2000
2000
2800
3600
1800
1700
1700
1700
1800
3800
1800
2300
8800
2100
1900
1000
1300
1300
9900
4300
2100
1300
1500
4400
2200
5900
2900
4400
1600
3000
1800
2400
2000
4500
2500
