48200
14400
746500
12800
15600
10800
7300
8100
13300
7100
952500
11200
107100
16500
24000
19100
125800
63400
30000
14900
21100
16000
28600
62800
18300
26800
14500
20000
22400
14400
14400
12100
12600
23100
20800
12900
32800
29200
48100
44500
88900
26300
35400
27800
30400
36400
62300
41500
18000
15800
20500
15000
13700
11700
15900
12100
21600
10600
16700
12000
29100
25000
28300
25500
51800
17000
47900
21400
22600
19400
42200
17000
10900
12400
7300
10500
8400
6000
7600
4800
6300
10200
8300
6300
25800
18100
16900
18100
34500
14800
22300
16100
15900
15100
33100
24200
9300
7500
9200
7900
5600
9900
9300
9800
9600
9100
5600
12500
19200
18000
15700
16000
30700
19000
16500
17900
16100
14500
26900
13900
8700
8200
6300
7300
5200
8000
9000
10200
6700
7100
5300
5400
15400
17200
15200
13700
29200
12700
13900
16200
17200
13600
29600
12600
11100
6900
6400
11600
13300
7500
5600
6900
5800
11200
8600
7200
16700
14300
17300
40500
30800
13700
13200
13900
15200
47700
25500
18900
13000
7800
7100
6200
6700
8100
11400
7900
6900
5500
8500
7000
17700
15600
22900
15000
29500
13700
14900
12400
20700
13800
28300
19000
10100
8400
6600
5500
5400
7000
13800
8300
7900
6900
6200
8100
20300
15700
19000
19400
41000
17800
19300
15100
18700
15300
25000
12100
8300
9900
6500
8200
5200
5200
5300
5200
5500
9100
5000
4800
12700
10700
10600
10500
22400
9500
10500
9800
10400
9800
23700
12900
10000
9000
5800
7000
9300
5600
5500
6800
4000
5300
8500
5800
12800
10600
16700
16300
33400
15100
12900
24500
19400
17400
37300
12200
11100
7400
5600
5600
5600
9000
6400
8800
5800
5600
5500
9000
18500
14900
19300
12200
47500
31400
22400
15600
22500
29900
33900
11700
8300
5900
5600
6500
10300
8800
8700
5400
6100
6500
9200
9000
13300
10500
11500
11400
30700
11100
14400
10600
11400
20600
21500
10900
11600
7900
7600
7100
7100
6900
4800
8600
7000
7100
14500
7500
12800
13700
18400
12100
22700
10700
12100
11200
17000
11600
35300
12100
7600
5700
5500
5800
5800
9200
6600
6800
5100
5400
5600
8800
13400
10600
23500
13600
19200
14800
13300
11100
11500
10000
18000
9300
8800
5800
5800
10300
9800
5700
4800
4700
4500
6400
7300
4800
15000
8900
8500
7800
19800
7900
9700
8400
9300
9100
16200
13200
8400
5700
6100
5500
5100
4100
5100
7100
6800
8400
4800
5700
16500
10600
11000
8700
18700
13200
7900
9400
9300
8500
22900
9700
6600
13100
6000
6100
17300
7100
4400
5000
4200
5100
3900
5600
10600
8600
8900
21500
18300
9500
8300
7600
11200
12000
15800
7300
7200
7000
5600
6000
5600
5400
7100
6800
4700
5500
8500
5700
11300
8100
9500
13100
16200
8200
8700
7600
8700
19200
15800
8000
8800
8500
6100
5900
12400
7700
5000
5400
4900
5500
4900
4800
9700
7800
10900
8300
15800
9400
8100
10600
11500
7500
19300
12700
7000
5000
5500
4300
4400
4200
3700
5100
5500
3500
3700
4100
8900
7800
9400
7500
12700
6100
6200
7500
6900
6200
12300
5600
9300
5500
5400
9000
6100
9500
5400
17600
6300
9300
6100
9500
10600
8600
13300
10300
17500
12600
9700
8700
12800
8700
14400
15200
15500
5200
7700
6000
7200
5500
3100
2500
8700
8300
6300
5000
11000
8700
16200
10200
23700
8700
8200
7100
11800
8700
20700
12300
8100
6300
4300
3600
4000
4700
7100
3600
4000
3200
3700
5200
11200
8600
12900
9200
16800
7500
10900
8200
12600
8600
14700
8300
5400
5100
3700
4000
7800
6500
3000
3400
3300
3100
4100
3900
9600
8600
9800
7000
13000
5700
6400
6300
7400
6800
12400
5400
5000
4900
4300
4700
7600
7000
4800
4100
5200
8700
7000
5800
17700
6300
12400
5600
13500
7700
9400
7800
6400
5600
7700
4700
8000
5600
7400
4300
3700
5500
3100
3600
5600
3600
2800
4800
8300
6300
6600
6700
8800
9600
6200
5400
6500
5500
11400
6300
5700
5000
3300
3600
7000
3400
3300
2800
2800
3200
6500
4000
8600
6000
5800
5000
13600
5400
5800
4900
5400
5000
7000
4900
6000
4700
7300
4800
4000
4200
4200
3000
6000
3800
3800
4100
7900
6900
6000
5200
8400
5600
5100
4800
4900
4500
9800
5500
4600
5600
5100
10700
6500
4900
3400
6400
5000
8200
13000
5200
7900
9300
7900
6100
13200
5800
5600
10900
6700
5900
9000
9500
5900
4300
3900
6900
3800
4100
2700
6100
3500
4500
4800
8400
12300
16400
11900
8700
12800
7400
7100
9000
10700
8800
12400
15900
10700
7500
7600
6900
5400
4900
4900
6800
9000
7000
4900
6000
15700
15100
19300
11500
16100
8100
7300
9300
19400
8800
22100
35000
7500
6500
7500
5500
4800
10600
5500
9000
7400
8600
4300
7800
13900
11500
10800
9400
13400
14300
8400
10000
10200
8100
12600
7300
8400
6900
8300
9500
9000
7100
5100
3900
6100
10500
6600
6400
12100
8900
8500
8500
20300
8100
8500
6800
6900
6600
18400
12300
8500
6000
5300
4400
2900
8800
4800
3600
4700
3000
2700
7000
10900
13500
7400
6700
13600
9800
8000
7100
12700
7300
10400
5900
6700
6300
8900
6500
3500
7600
3300
4400
7100
4900
2900
6400
10900
7500
7800
6800
11700
14100
14400
8100
8700
7700
17300
11500
6200
4600
8800
5900
7400
5900
4300
5100
7300
7100
7100
6700
12600
13500
9600
9900
20300
10900
7600
9500
8900
7300
19900
12700
5400
3400
3900
4100
4200
3100
8000
4400
3700
4100
4200
2800
11500
33800
10500
10200
13000
7100
11200
7000
7700
7000
10700
22700
29300
13100
5300
10500
5100
6300
4700
3200
5000
4400
5700
5300
9700
7100
13500
7300
12200
12900
8400
6100
13700
29300
19500
4800
5100
2900
3500
5800
2300
2400
2300
2200
3300
4100
2100
2400
6100
4500
4600
13500
6800
3500
3600
3400
3900
5800
5700
8200
4400
3600
2300
1692900
19100
3300
7100
8400
3300
3000
2600
2500
44400
6000
13600
9300
11500
4300
5300
4000
8000
4400
6900
3900
5200
3200
7300
17500
4000
7500
2900
3200
5300
4200
3100
3500
6500
4900
4900
4400
8000
10200
4200
5800
4200
4400
11700
9700
6600
4800
3600
3500
4200
5500
3000
9800
8600
3600
3900
4800
8200
5000
8900
4500
8600
9900
4600
11400
7700
4600
7800
4100
5100
4000
5600
4400
3500
3200
2600
3500
3900
3600
3200
3000
6200
4900
4800
5100
7600
4000
4100
4200
4800
4500
7700
4600
6800
4600
5300
4100
4200
2800
3800
3500
4300
3600
5700
3300
9300
4900
14500
5500
8400
4700
4500
4500
5500
9900
10800
6400
5600
8400
3900
4900
5200
4700
4000
4800
2900
3800
4800
3300
10500
5100
5400
8900
15200
4500
6600
4700
4900
8100
8400
11900
7900
4100
6800
4800
4600
6100
3200
3500
4100
3600
4500
4700
13900
4900
4800
4800
8100
9600
4900
4400
4600
5400
9500
6500
4400
4200
4000
3600
8200
3300
3700
3700
2900
3300
6400
3700
6900
7500
5100
4600
8200
3700
4600
4200
5200
4400
7000
5000
4100
4200
6700
4600
2600
4200
2600
3000
5600
5900
2500
4000
6300
4600
4900
4600
9200
4000
4900
4200
4400
4300
7900
4800
6800
4200
3500
3900
2900
3500
2400
2500
3100
3200
2700
3300
6900
4600
5400
4500
9100
4100
4400
4200
17200
4500
7300
3800
4300
6100
2900
3200
5000
2600
2700
3500
2200
3100
3900
2300
5400
4800
4500
9300
10900
4000
4200
7200
4500
7500
7400
4100
4200
3600
6600
3900
2800
3300
4100
3600
4900
3000
2500
4400
11800
4700
4600
4200
7400
4000
4300
4400
4300
4100
10200
3700
4400
3300
3100
7100
8400
2500
2600
2200
2600
6900
3000
2300
5900
4400
4300
4200
15000
4400
4400
6000
4900
6200
6900
4400
4900
2700
2800
4800
8100
3100
6500
3400
2900
2600
2300
2700
6600
4800
4600
4900
8300
27100
5800
3800
4500
3800
6600
3300
7500
3900
2600
7000
5400
4100
3800
3700
2600
5000
4200
3700
18400
4700
13300
4100
27600
3900
6300
4300
8300
4300
7200
8500
6900
3600
3900
4000
6800
4200
3200
4800
3300
3400
5000
3400
5600
4500
8200
4400
11200
3700
4200
5700
8600
3800
6400
3600
26400
13500
3900
3100
3000
3000
3200
7600
3600
2900
2700
2700
5800
4100
8700
9700
7400
3600
4100
3900
6900
4000
7200
3400
4300
2800
6900
2900
2200
6000
3800
3200
4000
2600
2100
4700
8100
4000
4400
5800
6700
7600
7900
27700
6200
3100
14500
2800
19200
8600
1400
1500
1600
2400
7800
1400
2300
1600
1800
1600
3300
2600
3600
2500
7000
2200
3500
2400
11600
2400
3900
3400
1900
2900
1700
1700
1300
1700
1300
1700
2300
2700
1600
1400
2800
2400
3600
2900
4000
2200
3100
2300
2400
2700
4900
2100
2300
1200
1400
4900
1200
1400
900
1400
1800
1600
1200
1600
3500
2400
2400
2500
5200
2200
2200
2100
2400
3300
3700
2100
1500
2200
1500
1500
1400
1500
1200
1100
2400
1500
1400
1400
2300
2200
2300
3100
6500
2200
2100
3100
2500
2300
3500
2900
3400
1600
3000
1600
1400
1500
2900
1100
2100
3600
1300
1200
5700
3200
5100
2400
4800
2200
2800
2300
4700
2400
6200
2200
1900
1700
1600
1900
3300
4400
1400
1600
1500
1700
2400
3700
2600
2300
2400
3500
4100
2400
6400
2400
2500
2400
4000
5000
1500
1600
1300
1400
1200
1700
1300
1200
1200
1200
1100
1600
2800
2300
2500
2400
4000
2100
2300
2500
2600
2300
5600
2100
1400
1800
1700
1300
6500
1200
1400
1300
1600
1100
1100
1000
2500
2200
2700
2500
3800
2000
2300
2200
2400
2400
3800
2100
1100
1400
1500
1600
2400
1800
2600
1400
1400
1400
1400
1500
2500
2700
2700
5500
3900
2200
2300
2400
2500
2200
3700
19200
1600
1600
1500
1700
1600
1600
1200
1200
1300
1600
1400
1400
2500
1800
2000
2000
3600
1900
2000
1900
2200
2000
3400
1800
1500
1600
2400
2800
1500
2400
1800
1700
1700
2400
1900
1600
7300
2100
2300
2300
3500
1900
1900
2100
2200
2100
6000
3400
1500
1600
2900
1600
1500
1800
1500
1600
2200
1500
1400
1600
2100
2200
2200
2600
4300
1800
2100
1900
2300
2000
3600
1800
2500
1500
1700
2000
1400
2300
1600
1500
1600
1900
1300
1900
2000
1900
5000
2300
3500
1800
2000
2200
2300
2900
7800
1800
2200
3100
2800
1800
1900
1500
2000
1700
1400
1700
1300
1400
11400
5700
4200
2300
3600
1800
1900
1800
3800
2000
3300
1900
1700
1500
1600
1900
2900
1500
1100
2400
1600
1800
2300
1400
1900
2000
2700
2000
5500
2000
1900
3300
2200
2300
3300
1800
1700
1600
1700
3100
1800
1500
1900
6000
3400
2700
1700
1400
3700
1900
2100
2000
3800
1800
1900
2000
2000
2000
3300
6800
1400
1700
1700
1400
1700
1500
1400
2600
1600
1300
1700
1500
1900
2000
2400
2000
3400
2100
2200
1900
2100
2000
3800
1800
2700
1700
2300
3500
1600
4900
3900
1300
2400
1900
1600
1700
4700
2000
4800
2100
3400
1900
2300
2000
3400
2200
5700
1700
1700
1900
1900
1300
1000
4700
1400
1100
1500
1300
1000
1600
2100
1900
2000
1900
3500
2300
2000
1900
2500
2200
3300
2200
1200
1500
1300
2600
3000
1600
2200
2300
1300
2000
2700
1400
4300
3300
2300
2400
6800
1900
3800
3200
2300
2400
3500
5300
1500
1600
1700
8500
4600
1500
1100
1200
1400
1600
2700
1200
2100
1900
2100
2100
3700
1600
1900
1800
2000
2100
3200
1900
3000
1300
1600
2200
1600
3800
2400
1500
1400
2500
1500
2600
4500
2200
4800
2300
3600
19900
4200
2200
4600
2300
3500
8800
1300
1700
1300
1800
1600
1800
3900
3300
1300
1700
1300
1400
2400
1900
2200
5100
3500
1700
2100
2100
3300
2000
3300
2100
1500
6300
1700
1200
4600
1700
1300
1300
1300
3100
1900
1300
2300
1900
2100
2300
10200
2300
2000
1900
2200
3400
3500
2100
1200
1900
1400
1400
1700
1500
2100
1600
1300
1100
1600
1300
2100
2300
2200
3700
3400
1900
2100
1900
2000
3700
3400
1800
5300
1500
1400
1700
1400
1500
1300
2300
1300
1700
1900
1400
1900
2300
3600
2000
3600
1800
1900
2000
3500
2100
3400
1700
1300
1500
2900
1600
2100
1300
2200
1500
1900
1400
3300
1700
3500
2000
2300
2600
5500
2000
3000
2000
2200
2200
7500
1800
1300
1200
1600
3100
1400
2600
1100
1000
1500
2700
1400
2200
2200
1900
4900
5000
3500
3200
1900
2000
1900
2000
3500
3500
1600
1500
1700
1900
1300
1200
1100
2200
1300
1600
1300
1300
1900
2100
2600
2200
3400
1700
1800
2000
2000
2000
3300
1900
1300
1500
1400
1200
1900
1700
1200
1300
1300
1100
1700
1500
2300
1900
2000
2100
3900
1700
2000
1900
2200
2100
3400
1900
1100
1600
1400
1100
1900
1400
2300
1400
1300
1000
1700
1300
2200
1900
2000
2200
11900
1800
3000
2000
2100
2100
4500
1700
1500
1500
4100
1700
1200
1700
1900
1200
2300
1800
1200
1500
2900
2000
2900
2000
3500
1700
2500
1900
2100
2000
4300
1700
3500
2100
1600
1500
1400
2100
1100
1600
1400
1400
1500
1900
2000
1900
2300
2800
3700
3000
1900
1800
2800
7200
3800
1800
1500
1200
1500
4400
1600
1400
1300
1100
1200
2200
1400
1600
2100
1900
2000
2200
3300
3400
1900
1800
1900
2200
3800
2400
5000
3400
1100
1700
1400
1300
1200
1500
1100
1500
1300
1200
5100
4500
10000
1900
3300
1700
1900
1700
2600
1900
3300
1600
4500
1200
1500
1400
1400
1300
1500
1100
1300
1400
1300
1100
1900
2200
1800
1700
3300
1500
1700
1600
2000
1800
3100
1600
1300
1100
1500
1300
1500
1600
800
800
1400
1200
1500
1500
1700
1800
1800
1800
4300
1600
1700
1600
1900
1800
3800
1800
3100
900
1600
1200
1000
1300
1000
1100
1500
1100
900
900
2000
1700
1800
1800
3900
1500
1700
1700
4800
1700
3200
1800
2800
1300
1300
1100
800
1400
1200
900
1100
900
800
1300
1900
1800
1800
1800
3100
1700
1600
1600
1900
1900
6800
1600
4700
1300
4900
2500
1500
1900
1200
800
1300
1600
1300
1700
2100
15400
1800
1800
3500
3000
1800
1800
1800
2900
11100
2600
2300
1400
1000
1900
1500
1900
4400
1200
1500
1700
1300
1600
3200
1900
3200
2200
4700
3200
2800
1800
3500
1900
3300
3600
1400
1200
1100
1000
1100
1300
1000
1200
1000
900
800
1300
1700
1800
1900
2100
3300
1500
2300
1700
1700
1700
3000
1600
