86300
9600
280200
18400
9000
12100
201100
8000
9100
7700
882900
14000
162200
63100
70500
28800
30600
24600
31600
29100
48200
23800
35300
76800
19800
14400
14800
12800
16400
21500
12700
15300
12800
15100
16400
17600
30700
30300
45900
33400
77400
33400
205000
147900
41700
19600
38500
16800
39900
11800
19500
11800
11600
8500
8300
7300
14100
8900
10400
18600
92000
29700
43300
38500
63600
22900
35100
28000
35900
22900
51300
53600
12500
16000
12600
10200
10500
10100
14100
6000
15500
10200
10100
10200
27100
18800
17500
17800
38900
15600
25900
14300
16800
16400
40900
18900
11000
7000
9900
7400
7000
9500
7200
17800
9500
7600
6900
6600
16200
17400
15900
24000
34600
35800
14900
13200
15500
32200
27200
13600
9700
16100
8300
8300
15100
7900
7300
18200
7200
7400
13700
6800
15600
17300
16000
19500
36100
14700
15600
16800
16300
21600
30300
20500
9800
9100
12700
15900
11100
7800
8200
15600
13900
8300
9600
7000
16700
14700
16000
16100
34900
14500
15100
27500
16500
14700
33300
14900
9800
7000
6900
6900
5700
6800
11000
7500
8700
7700
7200
9300
21800
22200
32900
21400
38800
18000
17600
12000
13600
13800
24000
20000
8500
7500
11100
7000
9900
7200
5900
6600
5500
6100
9300
6900
14000
14800
13400
14900
35900
13800
14400
20800
13100
12800
25200
13500
27600
12100
6200
6500
6200
6900
6300
6000
4900
4700
4400
5000
14200
11200
12400
17500
30100
16400
17200
16400
17600
27000
38100
18600
16500
6900
9500
6400
6600
7900
5400
6900
12900
7000
7400
6900
32400
34300
41900
23200
39000
16700
16200
20800
23100
16400
62700
34100
10500
13000
5100
9200
7900
7200
5100
18500
9100
10500
7600
8200
22000
16700
14100
19700
36200
12900
12100
19200
13200
11000
33400
27300
12800
7400
9000
7100
5300
15000
7900
7200
6400
6000
4900
12600
18500
13400
11700
10400
26000
12300
12300
9700
10700
24000
21500
9000
7300
6300
8000
7000
9000
5500
4400
5600
4200
5400
8900
5300
11500
9300
9500
11800
25500
9500
11300
9200
9900
9100
28800
9900
8200
5300
5800
14900
4700
6000
6100
5400
5500
7200
4500
6000
17900
11000
23500
12700
30900
10000
11000
9700
10200
10000
20200
16500
8800
5400
5200
5000
5300
4900
5700
4600
8400
5800
5300
4700
14300
8400
8600
7800
18100
8600
7500
7700
8200
7500
17900
9600
5900
4700
8600
5000
4600
7000
3600
4300
14000
5900
5300
5400
11600
9500
9900
8700
17200
7900
7900
7600
8100
8300
27600
10100
7900
5200
5700
6100
5200
8100
8600
6700
5600
5700
5000
5400
26700
9800
10900
9200
17400
8600
9800
8000
9300
11100
16700
7500
10100
5500
6000
7100
4100
4700
4100
6700
5900
5900
3800
4400
10100
9900
15600
10000
17500
8200
7800
9000
13200
9200
18100
8500
9200
6300
6100
5700
8900
6800
4900
7100
6000
5300
7600
12200
10700
10900
12700
10200
21400
8300
12300
18100
9600
8200
16700
7500
6200
7900
6500
8100
6400
6000
6900
4200
7100
11700
8100
5900
24100
14300
13700
23800
28600
12100
13900
12100
13500
17600
33200
19800
9500
7600
10200
7700
8000
6400
6900
28300
10700
10600
11500
6500
16700
11600
34600
13600
25000
10500
16500
16700
13200
11900
25700
11500
14100
7400
6200
6000
6900
15500
9600
4800
32300
9200
8000
6600
16600
11800
16500
11700
23600
9300
9700
8800
14100
17300
19500
10200
16300
7900
8400
9900
14000
8500
9000
5100
5600
5600
4200
5400
11600
7700
13400
8000
14300
7000
8200
6800
12200
8300
13500
6900
6100
4800
5000
5100
5500
4400
4400
3200
4600
4900
4700
4600
8900
7500
6800
6600
13000
5200
5800
6000
6100
15200
17600
13200
8100
8100
5600
13200
10500
7100
7400
12300
5300
7500
28200
25900
12600
15200
23100
10400
18900
7200
13300
9700
12600
13700
14200
11700
10600
6600
9100
8200
12600
7600
7600
7600
9600
8600
9000
8200
14500
14500
18600
14500
28700
15700
11600
10900
17000
12100
25900
18900
29900
6700
7800
5900
4100
5100
4900
4500
5600
9200
3800
5000
12200
9900
13300
10200
19700
8800
9600
8500
31800
10500
17500
6100
5500
9300
3100
5100
2600
3500
2700
3200
2000
3700
2200
3800
8900
6600
9100
9300
14200
6400
5800
5600
6200
7500
12400
5000
5200
3300
2500
6300
5000
2800
1900
2600
2600
4000
4400
9300
12000
10300
15600
9500
26100
9400
9800
9400
10200
16800
35400
33600
9300
5400
5400
4400
8100
5600
4400
3800
4200
3300
4300
5700
10200
6600
21800
10000
18500
7100
6600
6500
10100
6400
11500
7000
6500
5600
5400
4500
9000
4700
5400
3100
5000
7500
4400
5300
9400
7200
7600
10000
10300
5600
6100
5900
6500
5900
10100
29400
6200
8000
4400
7100
6800
4100
3100
4200
5100
6700
4200
3200
11200
7900
7800
20200
17800
7900
8300
6500
7300
12200
11700
12200
5700
4000
5100
4800
4800
2800
3300
8200
4700
4600
4600
2500
9800
9500
10200
7600
12100
6400
6900
7600
9900
7100
12700
9000
5900
3300
7800
10100
4700
2800
3500
4000
2400
7900
3700
2500
13900
8000
8300
7200
12700
6400
5900
5300
10900
8500
9800
9000
8300
10100
3200
3400
3600
3200
2900
3100
2700
3200
12800
3300
11000
6300
6800
5500
13900
5100
5300
4500
5800
5400
9400
4900
4300
12100
4800
4900
2500
3300
3200
3200
3300
3900
2200
2200
9500
7300
7100
12500
12500
11500
6300
5500
6000
7900
14200
5500
15600
4400
4300
3200
3100
3300
3300
4000
4100
2900
3800
3000
8800
9500
10300
6900
11700
7000
6100
5300
8200
6600
12500
5700
5000
3300
3800
9700
4900
3200
2600
2700
3500
5400
92500
5900
17000
7700
8300
6700
13800
6000
6500
5800
6200
6200
14600
11900
5600
8400
5900
4900
3300
4000
3800
5500
3600
4100
2900
3200
8600
7700
8100
15100
11400
5800
5300
6100
6100
12500
10400
6500
4200
4100
7300
5100
3500
11600
3600
3800
6100
4100
3200
4100
17300
6700
7000
6300
10400
5600
5400
13300
5700
5500
13900
6600
4700
6400
4500
5600
3200
4400
2600
17100
3700
6200
3200
4200
10700
7600
13400
35600
13800
6900
7100
7000
8700
8000
10200
15500
4700
3700
5900
5100
2700
2800
3300
11300
4400
4700
2800
2800
8500
12100
7700
6800
11600
6000
5200
13400
7000
5900
16100
5500
7300
6200
4100
4600
3500
4200
3100
16100
2900
5200
3400
4100
8900
8400
12100
11500
13100
8400
6600
6600
11500
10900
12600
6900
5400
3200
5500
7200
7400
3700
3000
3800
2900
4100
5500
3400
44000
5700
12900
7700
15700
4500
7000
5300
6100
6000
8400
4400
4600
3600
3800
3700
3500
3700
2900
2000
3900
3400
2500
3500
6600
4900
5100
5000
10600
4000
4600
4500
4700
5400
8000
4000
5400
4700
4100
3500
3300
3200
6200
3000
3400
5900
3100
3400
18400
5800
7700
5500
9700
4300
6000
5000
5200
5100
9300
4400
4000
3100
7200
5300
3100
2800
3000
5300
4600
4300
3100
2400
9700
9900
5400
5300
8900
4200
4600
6000
4900
5400
12300
4700
5300
4100
9000
4500
4100
6100
3500
22000
10200
6000
4800
6800
11000
5800
5700
5200
11200
9700
13000
5000
5200
4900
12400
4300
6800
4700
3600
7400
5400
3100
3600
3300
3300
5000
8400
2700
10600
5800
9200
5500
14000
4500
6500
5000
8900
6700
8900
11700
13400
4600
5300
4200
5500
3500
9300
3000
6600
3500
5100
3100
10300
5300
9400
8900
14800
4400
6500
19800
8300
5500
12500
4000
4500
2700
3300
2600
3500
11200
3300
3000
3200
2500
3300
3300
9400
5000
5200
4700
9200
30600
13600
6100
6900
5100
9700
3900
5500
3700
6500
11200
3600
3600
2900
6700
3900
5200
2900
6600
7400
11500
5800
6000
9600
4200
5100
8600
5600
4900
13100
7000
8000
4000
3000
9300
3400
6900
3400
3000
3400
3700
3600
7200
7500
5100
6700
7500
9300
8900
4700
4500
7900
5600
9200
5700
4100
3400
11400
3000
6800
4200
3200
2300
2800
3200
4700
3600
30700
4400
4600
4200
10500
4000
4500
20600
4700
4400
7800
3100
4700
2800
3300
2900
5000
2600
3100
6700
4400
2800
2200
2300
4700
4100
5500
3900
7600
3000
3900
3800
4100
3700
15000
3200
6500
3900
3700
3200
3300
2800
3300
2400
3500
2700
3300
2700
4400
3800
4400
4000
7500
2900
3500
3600
4300
3700
7400
4000
4100
9400
4100
3800
4800
2900
2600
2600
3000
2900
24300
22700
5000
3800
4200
4800
12900
3400
3900
4600
4600
7000
7900
4000
9400
2800
2100
2300
2500
2500
1900
2000
1800
2100
2400
2400
4500
4100
4000
4000
7600
8400
3700
3600
4000
5500
7200
3000
20700
2900
4800
2600
2100
2500
2400
3300
3100
2300
3300
2400
14300
7900
9800
5700
8000
3100
3900
3500
4600
3800
11500
3200
3200
2200
10800
3000
2100
3700
3300
2300
3200
2700
2000
5000
8000
5300
4300
3900
7800
8000
6100
3800
5400
3800
10700
3100
2200
1800
1800
2200
2000
2700
2100
2400
1900
2000
1900
2300
5700
3900
3900
3800
9200
2800
3900
3600
4900
3500
9400
2800
3800
2100
2300
6800
2000
2200
2300
2900
9900
4600
2400
1700
4400
11200
5700
3800
7300
3100
5800
3500
4000
3600
8900
11100
3600
6200
2000
2900
2400
2500
1800
2500
2100
3900
2900
2100
4600
3600
4100
5800
8100
3100
3900
2200
2500
3600
9000
5400
3000
2400
2200
5600
3200
1800
2000
1600
1300
2500
2500
1500
16600
2300
2800
3400
10600
1900
5100
2300
2400
2200
5400
4600
2400
3800
1500
6100
3400
1700
3700
1200
1800
2900
1500
1200
7800
2300
2500
5600
4700
1900
2300
2400
2300
3100
4500
4400
2400
1800
2600
1700
1900
2100
1300
2600
2300
1700
1700
1600
2700
11300
5200
2700
4400
5400
2400
3400
4600
2500
7400
2000
1300
2900
2200
1500
7700
1800
1800
1500
2100
1300
2300
1400
4300
2300
2600
4600
7300
2000
3400
2200
2600
4500
7300
2000
2300
1500
2400
2200
1500
2300
1500
1500
2200
1700
1300
1600
2400
2300
8100
2400
4100
2100
2100
2200
2800
2300
5600
1800
1600
1500
1200
1400
1400
1600
1600
3000
1200
1200
1200
1200
7900
2400
2500
2300
4300
1900
2100
2300
2500
2200
4900
1900
1500
1100
1100
1800
1400
1900
1100
1100
1100
1400
1300
1500
2100
2100
2300
2400
4200
1700
2100
2100
2400
2600
3900
1800
1500
1100
1400
1200
1400
2200
1300
1100
1400
1000
1300
1400
2300
2900
2700
2400
4000
1800
2200
2000
2200
2100
4100
1800
4100
1900
6200
1600
1500
1500
2000
1300
1400
1700
1400
1500
2300
2200
4900
4200
4100
2000
2200
2100
3800
2300
4700
2300
1600
1200
1300
1900
1400
2300
2300
2300
1700
1600
1200
1700
2500
2300
2400
2300
4200
3500
2100
3700
2400
2200
4400
2300
1500
2100
1600
1900
1700
2400
2300
1400
1300
1800
1500
2200
2400
2400
2300
4100
8800
4100
3400
2400
5900
11200
5300
1900
2500
1700
2000
1500
1500
1400
1600
1400
1600
1400
1500
1300
2300
2000
4200
2700
3800
2100
1900
2000
5800
2100
3500
1800
1600
1400
1100
1600
1500
1800
1100
1700
1000
1600
1400
1700
18000
3200
2100
2100
3800
1900
2000
1800
2100
2000
4000
2100
1300
1600
1300
1600
1200
1400
1200
1000
1600
1400
1100
1200
1900
1900
2500
2100
4000
1800
2100
1900
2200
2100
3600
1700
2000
2100
3600
2700
1900
2300
3500
1800
2200
2500
2100
2100
7800
3400
3500
3600
6400
2900
3700
3100
3400
3400
11900
2800
3200
5400
3000
2200
2100
2800
3500
2600
2600
9200
2200
2600
4500
3600
8200
18700
9300
3300
3700
3400
3700
6800
6300
3500
2600
2300
2500
2000
3200
8000
2300
2200
2600
2100
2200
2300
3500
3200
3600
3300
6300
52500
3400
3400
3500
3500
6300
12400
4600
2400
2000
2000
5600
2300
1800
2100
2200
2000
4500
2200
4000
3200
3700
3600
6700
2800
3600
3100
8500
6400
5900
2500
5100
5400
4500
6700
2300
2700
2200
2400
3400
2100
2100
2500
11500
3400
3400
3200
7500
2700
6400
3200
3400
3200
8000
4500
3600
2000
2600
2200
2200
2600
1500
2300
2300
1800
3200
2500
3000
2900
5700
3100
6400
2700
3600
2900
4300
3300
5900
2600
2700
4300
2400
4100
3900
2900
2500
1800
2100
3700
11100
2600
6700
3500
3700
6400
26800
3100
3900
2900
3400
4900
11200
4800
3000
2700
2100
2500
2000
2000
3500
3200
1900
2400
1800
1800
4800
3000
9900
4600
6000
2700
2900
2900
4800
3900
6000
5100
4800
2000
2300
2300
2000
2000
1700
2000
1400
2300
1900
1900
3900
3000
3200
3100
13800
2600
2900
3000
3100
3000
5700
2400
1900
2000
2300
2500
8300
2100
2200
3500
2100
2300
1800
2000
3600
3500
4000
3000
6300
2700
2700
3200
3300
3300
5900
2500
2200
2000
2200
4200
3000
2200
1600
1400
2100
2600
2500
2000
3700
3000
3200
3100
8400
2600
2900
3100
3000
2800
5500
4700
2200
3900
2200
14400
2000
2400
1400
1600
1900
2500
2200
2400
3700
3000
3200
4200
7600
2700
3800
5400
2900
3500
5900
2600
2200
2400
2000
5000
1700
2500
1400
1400
2000
4000
1700
2400
3500
3100
3400
3300
6300
2700
2800
3700
3000
3100
5600
3000
2200
2500
3400
2300
2000
2400
1400
2000
2700
2200
1800
2300
6300
3100
3100
3900
6100
2500
9800
2800
3000
2800
6400
2600
2200
4100
3400
10100
2500
2100
1800
2700
3300
3800
2600
2100
4000
15700
12800
5800
6900
3000
3600
3400
3200
4000
7200
4000
1900
2100
1800
4800
1800
2100
2000
1800
1800
2700
1600
1700
3500
2800
3200
3100
6100
2600
2800
3100
3100
3100
5600
3100
2000
1400
1800
2300
2000
2300
1800
1500
1600
1900
2100
2000
3000
3100
3100
3000
6800
2800
2800
2800
3100
3100
5700
2600
3100
2800
2400
1700
2200
3000
2400
1400
2100
1500
1900
2700
3500
16400
11900
6300
9000
5800
3500
3400
4400
4000
6000
2800
2300
2000
3100
2500
1900
2100
2000
1500
1700
2500
2000
2000
3500
2900
3300
2800
5600
2500
3700
2600
3700
2900
6300
2300
2500
1600
3900
2300
28600
11800
8100
1700
3800
2700
2100
1800
21100
4000
3500
9600
10100
2800
3100
2900
3100
2900
7200
3600
2300
3400
2600
2700
1800
2000
1900
2200
3900
2200
3000
2400
5800
2900
3500
3700
6000
2400
2900
2800
2900
3200
5900
2600
2100
1400
10000
1600
1400
1700
1800
1600
1400
1700
1400
1800
3200
2700
3500
3800
6000
2500
3800
2700
2900
2900
5800
2700
