38500
520000
9100
15500
20700
11700
10200
8700
8100
12500
956400
15700
77400
22500
45800
158800
34900
94900
43700
26700
47400
35800
28700
39500
15400
22400
32000
21100
29200
22100
14500
20300
22700
33600
46800
22800
34300
34000
39800
40900
87800
52100
65900
37700
35900
30400
63900
28100
18600
12800
16900
22100
13800
16200
13800
23100
34600
26200
14000
15800
29900
31700
38100
32700
53100
22800
23000
25900
24200
16900
75100
24900
15900
9600
10300
7200
7400
8600
6200
7100
9800
6700
8600
8000
21900
17900
28700
17800
41700
15100
20700
14600
21600
15300
34200
16400
13000
7200
13200
11400
12200
9000
7600
5700
12100
10200
9800
8400
17000
18800
18300
18900
28800
18100
13100
12300
13200
13000
30800
14600
10700
7900
8400
7100
7400
10900
10400
14600
7800
13200
7300
9900
18200
14000
16900
13800
27800
17700
17400
13700
14700
14400
27800
12700
11700
6600
9800
7500
6500
6500
7100
6500
10200
9100
6600
6800
16500
13900
14700
18200
52400
13500
12000
11100
16900
13100
29700
14000
10400
10800
9000
6400
6500
7000
12100
8700
6800
6000
6300
6800
16600
17400
16000
20900
27600
12900
14700
11900
15800
19200
25400
24100
10000
7300
12900
8500
16500
8700
6700
7300
9400
7900
11700
7900
19300
11600
13300
13500
27800
13600
21700
15000
12900
12000
29600
12900
8400
6200
6300
7000
5400
12800
8000
6500
7200
9500
7100
9400
18000
14900
24200
14000
40300
10400
36000
35400
13300
9900
17000
10700
8300
5900
8200
5100
3800
10900
5000
10100
7400
5000
3900
9500
14300
12200
21500
21400
28200
25000
16800
25500
31600
18100
29700
49600
13100
8500
6500
5600
6200
6000
5500
6200
4800
4700
4400
5800
11600
9600
27500
11200
20600
10500
9400
11300
13100
10600
19300
10400
16700
7400
9800
6500
4400
5100
5700
8900
8500
7000
4600
5400
13300
14600
14100
10900
19700
9900
9100
11000
11900
11500
24000
13300
9800
7600
5100
6800
5500
5800
5000
4500
4100
5300
4400
6100
15400
9300
19400
10500
23100
8800
8800
12900
12500
9900
18300
16700
10300
6800
9600
7400
6200
11000
6100
4100
8700
6100
5800
6600
17600
9600
22900
12000
18400
13500
8600
7400
7700
7400
20500
10500
8800
10100
7300
5900
3900
6100
4900
4600
6600
4700
3600
5200
11000
9200
9800
18500
20000
8700
8100
14100
8200
16800
31300
16000
10300
5200
4700
5300
5300
4600
6300
4700
3900
5000
7600
5000
11300
9200
23000
10500
16200
7800
9700
8100
13100
9000
23500
9800
7100
5300
16300
6600
5100
9000
5900
6400
4500
5800
5000
7700
10200
9700
9600
13000
43300
32900
14700
15000
13900
11600
30200
20000
14100
7200
6900
19000
7100
13600
11200
5400
7000
6100
5000
11700
16000
11300
12100
10900
19800
15800
15800
11300
12900
11000
20300
13600
9800
7900
7900
8900
8300
10800
7900
7600
8500
7600
7600
10000
21600
13000
14200
10300
24800
17400
13800
25600
17700
13800
24500
11200
9300
6400
11100
11300
5200
6600
5800
10600
9900
7800
5400
6900
14500
12300
13200
12000
24500
10800
11700
12000
11800
10200
24800
10700
7600
7700
11500
16100
7600
7200
5400
20500
12400
10700
7100
6700
17500
11700
13600
13700
25900
10300
10600
10400
11900
10600
23200
15100
10700
6800
9200
14200
8600
10500
7500
9600
7400
8400
7900
9300
15200
17200
14100
13000
22300
31400
11400
14700
14000
31700
17000
15800
9900
9700
12400
9600
10000
9300
6600
5300
10200
8300
8900
10400
11900
9500
9700
8800
20900
8300
8200
9400
7600
7600
15000
15800
10300
9600
7300
10200
7900
7300
6400
5800
5500
6000
8200
7400
10900
10200
11100
9700
20900
9600
10800
8200
13000
11200
17100
6400
11200
15500
8200
7200
6800
7500
5300
6100
6200
6500
9200
6100
10200
7500
8400
7200
13100
6200
7700
7200
7300
6500
10300
5500
7100
11000
6000
6000
6300
6300
7700
5400
4900
5800
5700
5000
20900
8400
10400
30000
14200
7200
8300
9700
8200
11600
11900
6500
8400
11200
6700
8200
4900
7600
4700
7300
6000
6900
4100
6200
9600
7800
7900
7000
11000
6400
6100
6300
6600
6200
10400
5600
8000
6600
5400
9900
6600
7700
5900
4800
5700
9000
6000
8400
12300
8700
9000
8800
14100
13500
8600
7200
7400
6500
10900
10900
10800
12900
10000
8500
6400
5700
6300
6800
8800
8400
5200
5000
9500
12100
14700
7600
12100
6100
6200
6700
10800
6900
22800
11000
9000
14200
9500
5700
4200
8700
5000
3600
17400
3500
3000
4500
11500
8200
8800
20500
14500
7200
7200
6400
6800
9400
15300
6700
9300
7600
6700
7100
4900
3900
4300
2700
4600
5500
4700
5100
11600
7200
8700
9000
12500
6300
6400
5800
7600
7800
11100
34400
6100
7200
6100
5400
9200
6900
7800
8000
5500
5300
8900
6300
12700
9400
8900
13000
18100
10100
8200
13300
8600
16100
11600
6200
11900
9400
5600
4200
8300
6300
3000
2800
4300
3200
7000
5100
9200
7000
7200
8300
16100
6300
6600
6000
7400
10600
11300
5700
6000
7700
6300
3700
3700
4000
4500
4700
4900
2900
3200
3900
9300
6800
9900
6700
11900
5300
5900
5300
11800
7800
11200
6100
6600
8700
6200
5700
4300
7500
3300
4300
4500
5200
3500
6900
9300
6800
7900
8000
11500
10000
7200
6000
11100
9600
11100
5800
6300
7200
3900
4800
3100
6200
4500
4000
14400
2700
2900
7400
15500
7600
6900
8400
11300
10400
7000
6300
6900
10200
11700
8100
11800
7200
12100
5700
4600
10600
3900
4500
3900
4200
3500
6200
10000
7000
7200
9400
11900
10200
7200
6000
6700
9000
11100
5400
9100
4900
4800
3800
3600
4700
3000
2700
2600
3400
3700
22000
9000
6800
15300
6700
10700
4900
5700
5500
10700
5800
10100
5300
5100
3500
3000
12300
3200
2800
3200
2400
2700
5600
2500
2300
12800
7200
7400
6300
10800
5400
9200
5700
6000
8000
9100
7200
4300
2900
3300
7100
45200
9000
3800
4000
3200
2800
3400
4300
12400
7100
6700
5700
10600
5100
6700
5200
17500
5500
9800
4600
8900
4600
3400
2900
2600
2700
4300
6100
2300
2400
2300
14000
9900
6600
11200
6200
11000
5000
5600
4900
11200
5700
10000
15600
5000
4600
3900
4100
7300
6200
3500
8400
4300
3600
5500
4700
10900
5900
6200
5500
10500
6600
5700
12000
6900
5700
8900
4800
4000
3500
2400
3900
6300
4900
2900
2200
2300
3900
5800
3900
8100
5800
6200
6000
10600
6300
6000
5000
5800
5500
9400
5300
4500
4600
3400
3100
2900
3500
6000
3500
3200
2900
3400
3600
9300
6500
7000
6000
10300
5300
5900
5600
5800
5600
9700
5400
5400
5900
3200
2800
2900
2900
3500
6700
2700
2700
3500
3200
43300
6200
10200
7400
15400
4200
4300
4900
4800
4600
7900
3700
4800
6100
3800
4400
3600
6300
4500
3100
3000
4000
3100
4300
6900
5000
5100
12300
9900
8200
4700
5000
5000
7700
8600
7500
5000
3700
2900
9100
2300
7400
3800
3600
2500
2800
1900
6000
9300
4800
5000
4600
8500
4900
4900
4700
5000
4700
8000
5300
5100
2600
3800
2800
2100
3100
2600
3000
3500
2500
1900
3000
768000
23200
5900
5000
10700
4000
5000
4400
4900
4500
8200
3700
5300
3100
3300
2800
2100
3700
2100
2200
111400
4900
1900
2700
7200
3200
3300
3200
5400
2500
3500
2700
3300
3000
4800
2600
2900
1900
10100
2400
4200
2300
6700
3100
5100
1800
2900
2000
6400
6900
3600
3200
11400
2800
2900
7500
3400
3200
7400
3000
2500
2000
2000
1800
1800
2200
1500
8600
1800
1700
1700
2100
4900
3100
3300
2900
4900
2500
3100
3600
3000
6000
4900
2600
2100
1900
1700
1900
1700
1600
1800
2700
1800
1700
1500
1500
3500
3000
3100
3400
4800
2500
3200
4200
2900
2900
9600
2500
2500
1800
1600
3500
1900
1900
1700
3900
1500
2000
1800
1700
3900
3200
3100
4100
5700
2700
2900
2900
3200
2900
5000
2900
2200
1700
1900
4300
2000
2100
1400
1500
2000
3200
1700
1900
3800
3000
3200
3000
5000
2500
3000
2800
2900
3000
5000
2800
2600
1500
4100
3600
2000
2000
1700
1800
2800
3000
1800
1800
3800
3300
3200
3300
5100
2600
2800
7300
2900
3000
5200
2700
2100
1900
1800
2300
4000
2100
3100
1400
1600
2000
2900
2000
5500
25400
3400
2900
10200
2300
4200
2800
2700
2700
4700
2900
2400
3900
4000
2700
2000
8100
3600
2400
2400
2100
1400
1900
5700
4100
3000
2700
6700
7300
2600
2700
2900
2700
8400
2300
2900
2200
1900
5100
3900
2200
1700
1800
1900
3800
3100
1900
3400
2600
2700
3700
4600
2300
2600
3400
2600
2600
4300
3300
3800
7100
1900
1800
2900
2100
4100
1900
1500
1600
1700
1700
4900
2600
5600
2700
4900
2300
2700
3500
5800
3600
7100
2100
2600
2100
2800
2100
3400
1800
3500
1500
1600
1900
2700
1400
3200
2500
2700
3600
4500
2200
2600
3300
2500
2600
4900
3700
2200
19400
10600
1500
2100
1500
1800
1700
1200
1200
1700
2800
3000
2700
8000
2900
5400
2200
2400
2500
3400
2700
4500
3100
3900
1900
1600
1900
1400
3800
1700
3200
1300
1500
1700
1900
4000
2700
5700
2800
5500
2600
2400
3500
4200
2700
5600
2200
2400
3400
2100
4000
2100
2000
1400
1100
1600
27900
2700
3300
16900
4200
3800
7600
5500
2300
2800
3400
2600
2800
5600
7400
1500
3500
3700
1900
1600
1700
1700
2100
3400
1600
1500
1600
3100
9300
2900
5100
4900
2300
2900
2700
3300
3900
8000
2500
1300
1800
1400
2100
3000
2200
2300
2600
1600
2600
2000
1800
3000
2900
2900
2800
8300
5100
4100
3900
3200
2600
4800
6000
17500
8200
3900
4700
3200
3300
2900
2400
2300
4000
4300
3000
13000
24100
8800
7300
8500
15100
5500
3500
7400
8100
7800
35600
3600
2400
3000
2800
2100
2500
3000
2900
2900
2700
2300
6100
5200
3900
3900
4000
7800
2900
3900
3400
3900
3900
6600
2600
2800
2600
2100
2200
1800
4700
2100
3300
2100
2100
1700
2700
4400
4100
4400
3600
8800
12400
3800
5700
4800
4300
7600
3100
3200
2100
3300
2400
1900
2400
1900
1700
2400
2300
1800
2300
4300
3900
3900
3800
7800
3300
3900
4000
4000
4300
8000
3100
5100
2200
2400
2500
1900
4700
3600
3000
2000
2300
1800
3700
4600
3900
19000
4000
9300
6000
5000
3300
7000
3600
7700
3000
5000
7800
3500
3700
3500
3200
3200
3100
3300
3000
3200
11500
5700
4600
7400
6300
8700
3600
4100
3700
4000
3900
10900
2900
5800
2600
3800
2500
2100
3100
2200
2500
3700
2500
2300
2800
4300
3600
6800
3600
15100
3000
3400
3500
4000
3900
9100
3100
2500
1900
2300
3000
3100
4300
2300
2100
2300
2900
2700
3800
5500
4000
4200
4100
8100
3700
4200
3800
11300
3600
5500
4100
3600
6000
2300
2100
4200
4600
6700
4200
1900
1900
3500
4300
135700
5600
3900
6400
9700
4600
16700
87400
9900
7200
5400
2400
3800
2600
2700
6500
3200
2900
3700
2400
3100
4100
2500
2800
4800
3400
3800
3300
9300
3100
4100
3600
3700
4300
6500
4900
2800
2100
2400
4600
9300
2500
1900
2400
2700
3200
3900
2400
9700
3600
3400
2400
7100
2100
2700
2300
2900
2700
5700
3400
2300
1300
2200
1800
3000
1900
2900
1300
1900
1500
2600
1600
4200
2600
3800
2300
6100
2000
5900
2400
2500
2400
6300
2100
5000
2800
1100
1300
2000
1800
1100
1100
1000
1200
1100
1200
6900
20100
2400
3100
4300
1600
3900
2600
2300
1900
3900
1500
1200
1100
2600
1500
1200
2600
900
800
1400
1400
1200
2200
2400
2200
2000
2000
6100
3400
2200
2000
2300
2200
5200
16300
1900
2700
1600
1600
1500
1500
1600
1200
1200
1200
1400
1100
2400
2200
2300
2700
4300
4100
5900
1900
2000
2200
4200
2100
2500
800
1100
2700
1500
1200
1100
1000
900
2800
1300
1200
2400
2000
8600
2200
5500
2100
1800
2100
2200
2200
3800
2700
1300
3900
1200
2100
1200
1100
3400
900
1200
1800
1200
900
2200
1900
2200
2000
4000
1700
2000
1800
1900
1900
3900
1900
2700
1300
1600
1600
900
1200
1300
7500
1500
1500
800
1000
2200
3000
3300
2100
4400
1600
2300
2200
2700
2000
5300
1600
1300
3200
1700
2100
1600
1400
1000
1000
1600
1800
1300
1100
2600
1900
2200
3500
5800
1600
2000
1800
2000
2100
4800
2400
1200
1300
1300
2700
1600
1700
1200
1200
1200
2900
1400
1500
2100
2200
3100
2100
4100
2400
2000
1900
2200
2000
11000
2600
1800
1400
1000
1400
1800
1200
1200
900
1100
900
1400
900
2100
1900
2200
2000
4300
1600
1900
1800
2300
1900
3800
1500
1100
1200
1000
1000
1600
1200
1100
1200
900
900
1000
1200
2000
2000
2200
14800
4000
1700
1900
2100
2100
2000
4200
1600
1700
1500
1300
1500
1000
3900
1800
1000
1300
1400
1000
2100
2500
1900
2200
2200
12800
2800
2800
2300
2200
2200
4400
1900
2500
2200
1200
1500
1200
1400
1000
1100
7000
1700
1300
1400
2400
2000
2700
2500
4400
1700
2200
2000
2400
5300
5500
1800
1000
1400
1200
1500
1600
1500
1200
1900
1100
1400
1100
1400
2100
2000
2200
2100
4200
1600
1800
2000
7300
2500
3900
1700
1200
2100
1700
1500
1700
1600
1300
2000
1800
1300
1300
1500
2100
2000
2300
3300
3900
2800
1900
2100
2000
2900
5300
1600
900
3200
1800
1300
1500
1400
1800
1400
1400
1100
1300
1300
3400
1900
2200
2200
4000
1800
1800
1900
2000
2200
3900
1800
900
1500
1100
1400
1100
1400
1100
1200
1100
1200
1200
1200
1900
2300
2100
2000
3800
1600
1800
1900
2000
1900
4200
5300
1900
1300
1200
1700
1000
1400
1100
1000
1100
1800
1300
1800
2300
2000
3100
2000
4000
1900
1800
1800
2100
2100
3800
2300
9800
2900
2600
2700
1600
2800
3700
1800
2500
2400
1500
2300
17500
3400
10000
6200
6700
2800
3200
11400
4500
3000
6400
3700
4400
2800
3700
1800
2500
2000
1600
1500
3100
1700
2200
1700
3900
3300
5400
5500
6500
2900
12900
3100
3100
3000
10200
2900
5300
2600
2400
3800
2400
2200
2900
1500
2100
3200
2200
2100
5800
3300
5300
3100
3900
1800
2000
1800
3200
2000
3400
3400
1500
1300
2700
2100
1600
1300
1000
900
1600
1900
1300
1100
2100
1800
2200
1900
6800
1900
1700
1600
1800
1900
3600
1900
1100
1900
1000
1900
1300
1400
1000
1000
800
1100
1100
1100
1800
1900
1800
2400
3100
1700
2100
1600
1800
2000
3200
1600
