13800
2300
1200
1300
1300
1100
1400
1200
1600
1200
1200
1200
1100
1300
1200
1200
1300
1200
1100
1100
1300
1100
1100
1100
1400
1200
1200
1200
1300
1100
1100
1000
1300
1300
1200
1200
1200
1200
1200
1400
1300
1300
1200
1100
1300
1200
1200
2300
10500
2700
1200
1800
1200
1100
2800
1100
1300
1400
1100
2300
1100
1100
1100
1200
1100
2600
1100
1000
1000
1000
1000
1000
1200
1100
1100
2300
1100
1100
1100
1000
1100
7700
1100
1000
1000
1100
1000
1100
1100
1200
1000
1000
1200
1100
1200
1000
11000
5800
1300
900
1000
1000
1000
1000
1600
1100
1000
1300
1100
1400
1100
1100
1300
1100
1200
1000
1000
1000
1000
1200
1400
1100
1000
1000
1100
1100
1300
1100
1200
1000
1200
1000
1000
1000
1000
1000
1100
1300
1000
1000
1100
1100
1100
1300
1800
900
800
600
600
600
700
700
800
600
700
500
500
600
600
500
700
500
800
600
600
500
600
1000
600
600
600
600
600
800
600
600
600
600
500
600
500
500
600
500
600
600
700
600
500
600
700
600
1200
600
700
700
600
600
600
500
700
700
800
700
600
500
500
700
700
600
600
600
500
600
600
600
1200
600
700
5000
700
600
600
600
600
600
600
600
600
600
700
600
900
700
600
600
500
600
800
600
1100
700
600
600
500
700
700
600
600
500
600
500
600
600
500
900
700
600
600
600
600
700
500
600
600
700
600
700
500
600
600
500
600
800
700
700
600
600
600
700
600
500
600
600
800
500
500
500
1000
700
500
600
800
600
600
600
700
500
800
500
600
600
600
500
900
600
600
600
1200
600
800
500
600
500
600
600
800
600
500
600
600
700
800
600
600
600
1700
600
900
700
500
600
600
600
800
500
1000
700
600
1100
500
500
500
900
800
800
600
600
500
600
700
600
600
600
600
600
700
600
600
700
700
600
600
600
1200
600
600
600
600
600
700
600
600
500
600
500
900
600
700
600
600
600
900
600
1000
700
600
700
600
600
700
600
600
600
600
600
600
600
700
600
700
600
600
600
800
600
500
600
600
700
900
600
600
500
500
500
900
1100
1200
700
600
600
800
500
700
600
500
500
900
600
600
600
1900
800
1000
700
900
600
600
700
700
600
800
600
600
700
600
600
900
600
500
600
500
600
1100
600
700
600
600
500
700
600
500
500
600
600
800
600
700
600
700
600
800
600
500
600
1200
700
900
600
