20700
1700
1200
1200
1100
1300
1000
1200
1400
1100
1000
1000
1000
1200
2900
1100
1500
1200
1100
900
1100
1100
1300
1200
1200
1100
1100
1300
1100
1100
1100
1100
1500
1200
1200
1200
1200
1200
1500
1100
1400
1300
1100
1200
1100
1100
1100
1200
3100
1200
1300
1000
900
900
1100
1000
1400
1200
2400
1100
1000
1000
1000
1100
1200
1700
1200
1000
1000
7900
1100
1100
1300
1300
1400
1200
1100
1000
1100
1100
1400
1200
1000
1100
1100
1300
1200
1100
1200
1100
1200
1100
1100
1200
1200
1000
2200
900
700
600
700
700
900
700
800
600
600
800
600
600
500
500
900
600
500
500
800
700
800
500
700
600
500
600
700
500
500
500
600
600
800
600
400
500
600
600
800
600
600
500
600
600
4700
700
1100
700
1200
600
800
600
500
600
700
800
600
700
600
600
600
600
600
600
500
500
700
500
500
600
700
700
700
600
500
500
600
600
900
500
600
600
600
500
1200
1500
700
600
600
500
800
600
600
600
1200
800
600
600
600
700
600
600
600
600
600
600
600
600
700
500
600
600
600
600
600
500
800
500
1200
600
600
600
700
600
600
600
600
600
700
600
600
500
500
600
800
600
600
600
600
600
600
600
1100
700
600
700
600
600
600
500
700
900
600
600
600
600
600
800
700
700
500
500
600
800
600
600
600
600
600
600
600
600
500
500
700
600
700
600
600
600
1000
600
600
600
700
600
500
5100
700
500
1100
800
900
500
600
600
500
600
800
600
500
600
600
600
700
600
600
600
600
600
800
600
600
500
700
600
700
600
600
600
600
600
600
700
700
600
600
600
600
600
600
600
600
700
600
600
600
600
1000
600
700
600
600
600
600
800
700
600
500
600
600
800
500
600
1300
600
600
800
600
600
600
600
700
600
600
600
600
500
700
600
700
800
700
600
600
600
600
800
600
600
700
600
600
800
600
600
1800
1000
600
900
700
700
600
600
700
600
600
600
800
600
600
600
700
600
700
500
600
500
500
600
1000
600
600
600
600
500
600
600
600
500
600
600
700
600
600
600
600
600
900
500
600
500
600
600
1000
900
600
700
600
600
1100
500
700
600
600
600
600
500
600
700
700
600
800
600
600
500
600
600
800
600
500
600
600
500
600
500
700
600
600
800
600
500
600
500
600
600
600
500
600
700
600
600
