19100
3700
1300
600
600
500
600
800
900
1400
1100
1000
800
500
600
4500
3800
1300
600
600
500
600
500
800
800
600
600
600
1000
700
600
600
700
900
600
600
600
600
700
800
700
700
600
600
800
600
600
700
3600
1500
1400
1000
900
1100
1000
1000
1300
1100
1000
1400
1000
1000
1000
1000
1100
1400
1100
1000
800
800
900
1100
1000
1000
900
1400
1000
900
900
900
1200
1400
1100
1000
900
1000
1000
1300
1100
1100
1100
1000
5200
1000
1000
1000
2600
5600
1300
1200
1100
1100
1000
1000
1400
1000
1000
1100
1200
1000
1000
900
1300
1400
1100
900
1100
1100
1000
1200
1200
1100
1000
1100
1000
1300
1100
1000
1000
1100
1000
2400
1100
1100
1000
1000
1100
1100
1100
900
1200
1100
900
4200
2100
1200
1100
900
900
1300
1100
1000
1100
1200
900
1000
900
1000
900
1200
1100
1100
1000
1000
1000
1100
1000
1100
1100
5000
1100
1100
1000
1000
1000
1100
1100
1000
1000
1100
1000
1200
2100
1100
1100
1000
1000
1200
1000
1100
1000
1100
2200
5900
900
900
1000
1000
1000
1300
1000
1000
1100
1300
1100
1300
1000
1000
1100
1100
1100
1100
1000
1000
900
1000
2100
1300
900
3700
900
900
800
1300
1200
1100
1100
1000
900
1100
1100
1000
1100
1000
1000
1200
1000
1000
1100
1100
2100
1300
1300
1200
1000
1000
1200
1100
1100
1100
1100
1000
1300
1100
1100
1100
1100
1200
1100
1000
1000
1000
1000
1300
1000
1100
1100
1000
1000
1300
900
1100
1100
1100
1000
1300
1000
1000
1100
1100
1000
1400
1000
1100
1000
1000
1100
1100
2500
1300
1100
1100
1000
1000
1500
1000
1100
1000
1200
1000
1300
1000
1000
1000
1100
1000
4800
1200
1000
1100
1000
900
1000
1000
1000
1100
1000
900
1300
1100
1100
1100
1000
1000
900
1000
1000
1000
1000
1300
900
1100
1000
1000
1000
900
2100
1400
1100
1100
1000
1000
1000
900
1100
900
1000
1100
1000
1100
1300
1000
1000
1000
900
1300
1000
1200
1000
1000
1800
1300
900
1000
1000
1000
1000
1000
1100
1000
900
1000
1000
1000
900
1100
1300
1100
1000
1000
1000
900
1100
1000
1700
800
600
800
600
600
500
700
700
600
600
500
500
600
600
800
700
600
600
600
600
500
600
600
600
600
3400
700
600
600
600
500
600
600
600
600
600
600
600
600
700
600
600
600
500
500
500
600
1300
800
800
600
500
600
600
800
700
600
500
700
500
800
600
500
700
600
600
900
600
600
500
500
700
800
700
600
600
600
500
600
600
600
500
600
500
900
600
500
600
600
500
800
600
600
700
600
