20200
8800
1200
1300
1000
1300
1100
900
1500
1200
6500
1100
900
1000
900
1000
1500
1000
1000
1000
1000
1200
1000
1000
1200
900
900
900
1000
1000
1000
1000
1400
1000
1000
1000
900
1000
1200
1000
1300
1000
1000
1100
1000
900
900
900
2100
1400
700
700
600
600
600
800
900
700
600
600
700
600
600
600
700
600
800
600
600
600
800
600
800
600
600
500
600
800
600
600
600
600
700
500
600
600
600
500
700
700
600
500
700
500
800
600
2200
1000
900
600
600
500
700
500
800
600
700
600
3500
700
600
600
700
600
600
600
600
600
600
500
700
600
600
600
500
800
600
500
700
500
600
700
600
500
600
600
700
600
600
500
700
600
500
700
2100
800
500
1300
600
600
800
800
700
600
600
600
600
600
600
600
600
500
600
600
500
600
600
600
600
600
600
600
800
600
500
600
600
600
900
600
500
2000
600
600
800
700
500
600
500
500
800
500
1400
1100
700
600
500
600
600
800
700
2300
600
600
600
800
600
500
700
700
600
500
700
1300
600
600
600
600
500
500
600
600
500
800
600
600
500
600
700
500
600
600
600
600
700
600
600
600
500
500
1700
1000
600
600
900
600
600
600
900
600
600
600
500
500
700
700
600
600
600
500
500
600
600
500
600
700
500
600
600
500
600
700
600
700
600
500
500
800
500
500
600
600
500
800
600
500
500
600
1200
800
600
600
600
600
700
600
700
500
600
500
800
600
600
600
600
700
800
600
600
600
500
500
800
500
500
500
600
600
600
500
600
600
600
500
500
700
600
600
600
700
600
500
600
600
600
500
900
700
600
600
600
600
900
600
700
600
600
600
700
600
600
500
600
700
500
500
600
600
500
500
900
1200
600
600
500
800
500
700
900
600
600
600
700
600
900
600
600
600
500
600
800
600
600
600
1100
3400
700
600
500
500
700
800
600
600
600
600
600
800
600
600
700
500
500
600
700
700
600
500
600
600
600
500
500
500
500
600
800
600
600
600
600
800
600
600
600
600
500
600
600
600
600
600
1100
600
600
600
500
1200
600
600
700
600
500
800
600
600
600
500
600
3400
700
600
600
600
500
800
600
600
500
500
600
800
600
600
600
600
600
800
600
600
500
600
500
600
500
600
500
500
600
500
