25300
1700
1100
1000
1100
1000
8300
1000
1400
1000
1000
1200
900
900
900
900
1500
1000
900
1000
900
900
1100
900
1200
1000
1000
1200
900
900
900
1000
1200
1200
1000
900
1100
1000
1200
1000
1100
1000
900
1200
900
1000
900
900
2300
1100
700
500
600
600
600
600
1000
800
700
1000
600
600
900
600
700
700
600
600
800
500
600
600
700
800
600
600
600
600
600
800
600
600
600
500
800
600
600
1900
700
700
600
600
600
600
600
600
2200
1200
700
700
800
600
600
500
700
700
800
600
600
500
600
900
1200
700
500
600
600
800
600
600
700
700
600
500
600
600
600
500
600
600
500
400
700
500
800
500
600
600
600
700
4800
600
600
600
1400
1000
600
700
600
600
600
500
600
800
600
500
800
600
600
600
800
700
2000
600
700
600
600
5100
700
600
600
600
600
800
600
600
600
600
600
700
600
500
600
600
600
900
600
600
500
600
600
800
1200
700
600
800
600
600
600
600
600
4800
600
600
600
600
600
800
600
600
700
600
600
600
600
600
600
600
700
600
1200
600
600
700
900
600
600
600
600
600
700
600
600
500
600
700
600
600
600
600
1000
700
600
800
600
600
600
800
600
900
900
600
500
600
700
600
600
600
4700
700
600
600
600
600
800
600
600
500
600
600
800
600
700
600
600
600
700
600
600
600
600
1200
600
600
500
500
700
600
900
700
600
800
700
500
600
500
600
700
600
600
600
600
500
700
700
600
600
600
600
700
500
600
700
600
600
5000
600
600
600
500
600
800
600
500
600
600
700
800
600
600
600
600
500
900
600
500
900
500
500
600
800
600
600
500
600
800
1300
600
600
500
600
700
600
600
600
600
800
3500
600
600
600
600
700
600
500
500
600
600
600
600
500
800
500
600
500
600
600
800
600
600
600
600
500
700
1000
800
600
600
600
700
500
700
600
600
600
600
700
600
500
600
500
600
700
500
600
600
600
600
800
500
600
600
600
600
800
600
600
600
500
600
800
600
600
600
700
600
800
600
600
600
600
600
1100
700
600
600
600
800
600
500
800
600
600
700
600
500
600
600
800
600
500
500
600
600
800
600
600
600
600
500
600
600
600
600
600
500
600
700
600
500
600
500
600
2400
600
600
700
600
700
700
