29100
5600
900
500
800
700
600
600
1000
800
600
600
600
600
600
700
800
700
600
600
500
700
500
500
700
600
600
500
600
800
800
600
900
600
500
600
600
700
600
500
600
600
500
500
500
600
600
500
3000
1500
1400
1100
600
600
800
600
800
600
800
800
500
500
600
600
900
900
500
600
600
600
700
500
700
600
500
800
500
500
500
600
600
600
500
600
500
600
5200
700
600
600
600
800
600
500
600
600
2600
1100
700
600
700
600
700
500
900
600
500
800
600
600
1100
700
1200
600
600
500
500
600
600
600
700
600
700
600
500
600
600
500
600
600
700
500
600
500
500
600
900
600
600
600
600
500
600
500
1000
700
700
800
600
500
500
500
600
800
600
600
600
600
700
600
700
600
600
500
700
700
600
500
800
500
600
500
700
600
4800
700
700
600
500
500
600
500
500
600
600
600
600
800
500
500
600
600
1000
2500
700
700
500
500
500
600
4800
600
600
500
500
600
900
600
700
600
600
500
500
600
500
600
600
1500
600
600
600
600
600
600
600
600
500
600
500
500
800
500
600
600
600
700
500
600
600
500
1000
600
600
1000
600
600
600
600
700
600
600
500
700
600
700
600
600
600
700
500
600
600
600
500
700
500
600
600
500
600
500
600
600
600
500
600
600
900
500
500
600
600
500
600
600
600
500
600
900
600
600
600
600
600
700
600
600
500
600
600
700
600
600
500
600
500
800
500
600
500
600
500
800
600
600
600
600
600
800
600
600
600
600
600
800
600
600
600
600
600
800
500
500
600
600
600
900
600
600
600
500
600
600
600
700
500
600
600
500
600
500
600
600
800
600
500
600
600
500
500
600
600
1100
600
800
600
500
800
600
600
500
600
600
800
600
600
600
500
1000
1100
700
600
500
500
2100
700
600
800
600
600
1000
600
1000
600
600
600
500
600
500
600
700
800
500
600
600
600
5100
600
700
600
600
600
800
600
500
500
600
600
600
600
600
600
500
600
900
600
600
600
600
600
800
500
2700
1200
700
600
700
600
700
900
900
700
600
600
600
600
800
600
600
1100
1000
600
800
700
600
500
600
1100
1000
700
600
700
700
600
800
600
600
600
1100
700
900
600
600
600
700
600
900
600
700
600
