100700
10800
8200
1384500
7300
5400
13600
6100
57400
39500
60100
16900
86300
10400
10300
10500
44500
28100
12500
31900
13100
12900
13100
14000
87100
15600
14700
15600
102500
15800
18500
23400
60200
23900
43300
41900
22400
48000
19900
91200
29500
5800
8000
7000
5800
6100
6900
7100
21600
25800
24400
8900
50100
9400
12400
10700
27600
22700
11500
26200
13800
19300
12400
12600
67100
15100
18300
15200
90800
16000
22000
16100
52800
20300
47800
34900
19300
40800
18000
80700
6100
52700
14200
6400
5700
5900
6800
6800
11000
42200
30300
40400
9600
9000
10400
9500
29200
23800
11400
31800
11600
12200
12500
12900
66700
12800
14200
14500
187600
17200
18100
17300
74900
20000
40200
36500
24700
42700
18800
77800
27000
11600
6600
5900
6100
6300
7200
9300
11000
9000
9200
24600
8900
9000
10400
10500
25100
27900
23100
12100
45500
12200
12400
12200
60400
14500
14000
13900
101300
16500
18200
15700
53900
20300
33300
33000
19400
43300
18200
71600
7300
5600
6800
5900
6000
5900
5900
10500
10600
36000
35000
21500
9000
9000
11300
9600
28300
25700
23700
11500
76600
12700
12700
13300
30100
49600
15600
30700
16500
15800
16300
43200
84400
46900
47500
22500
7900
23600
6100
37600
19900
7500
3900
2200
2300
2200
2500
2400
5100
3200
3200
29500
4100
3400
4500
3700
10600
28000
11200
7700
25900
4200
4300
4100
12600
11800
4900
12600
4900
5300
5100
5100
50000
5900
5900
5500
43900
5700
8000
6100
7000
4300
4200
4600
7000
4900
4200
4400
5800
5300
5000
5600
5000
140900
16100
11000
11200
11800
11800
10300
9900
10500
9900
11500
21000
12500
53700
12700
11100
11500
11400
11500
204900
19000
6400
17000
17200
8000
8100
6300
11400
8500
9000
8900
8400
8600
9000
8300
12700
9800
8900
9100
9300
87600
8700
7200
26700
8500
8200
14800
7500
7000
7200
8300
10000
10500
47300
9100
12600
7700
8400
7200
96000
21200
5800
17200
17800
8700
8800
7300
6100
5900
5000
6000
4700
5800
4800
5700
7700
5600
5600
6700
8800
6200
6100
72500
7400
8200
7600
6700
6500
6800
6400
7900
8400
7300
38100
8700
7400
7400
7100
7600
94900
17500
6100
15200
15700
7400
7600
6000
7400
5000
5500
6300
4800
5500
5200
5000
6900
5800
5800
6600
5800
8500
6000
9200
7400
6500
6700
6600
7100
72800
6900
9100
8400
7700
39100
8600
7200
7900
7200
7200
90400
16800
5900
14600
16800
7300
7100
6500
5600
4900
5000
5200
4700
5300
5000
4900
6600
5800
5700
6800
5800
6500
6100
5700
7900
36000
9900
6700
6500
71200
6900
8300
8400
9100
8700
7800
7400
7300
7400
8900
90500
17100
6200
15100
17900
7800
7600
5900
6700
5300
5800
5800
5100
5100
5400
46400
7000
74400
5800
6600
6000
6500
5800
6100
7400
6800
9500
6600
7100
68600
6600
8000
8500
9300
8400
43500
7400
7600
7400
8500
41600
6200
14600
7300
6200
9400
6000
7700
6100
4700
4900
5200
4500
62300
4700
5400
6100
43800
9600
8200
5800
7800
59900
5700
13000
6600
7500
54900
6900
8100
129900
7200
8300
7400
7000
7100
7100
7100
10800
10100
42600
6000
5700
13400
5700
5700
6100
6000
6400
4800
5000
4700
4600
4800
28400
5000
5700
16600
6000
7100
5700
6100
25300
5900
10100
6500
7100
21100
6900
6600
51200
6500
7600
7600
7100
6800
7100
7300
7200
7000
42000
6000
8400
10800
5900
5700
5800
6400
6200
4900
4700
4900
21100
4700
4600
4700
7100
5400
5700
7100
16700
24000
6200
6800
7500
7100
8700
26900
15000
6900
49300
7300
8400
7600
7300
8300
7600
9700
7800
8000
45500
9300
5900
11300
8400
5600
6300
5600
6500
6500
4700
4900
21900
4900
5200
5700
6900
5600
5400
5700
5400
23400
5800
7400
6800
19800
6400
6700
31700
8200
51400
7200
8800
8000
8000
11800
14700
9600
7600
7000
31000
9700
5500
11900
5700
6700
6800
5900
5700
4000
3900
4100
5800
4200
4000
4200
4800
6300
5300
5000
7800
24700
5100
5500
6100
15900
6800
5700
5800
6700
22300
6400
7800
6600
7200
18900
6300
6400
39900
14000
28700
6200
6300
12800
5900
6000
6700
6000
5600
4400
4600
6100
4400
4500
4600
4600
5200
5300
5200
5300
5100
24500
5600
6600
6500
19300
6200
6400
6400
7300
21600
6500
8200
7400
8000
22500
7100
7600
42400
7100
28700
6700
8800
5900
12700
6000
6300
6500
18100
5100
5800
4900
4600
4500
4500
4300
10600
5200
5200
16400
5400
5900
5500
5500
7700
6500
6500
6200
22600
7200
7400
7400
9000
7000
7000
7100
6900
6900
10100
8800
29100
6400
23800
8100
6400
6200
8000
15300
5200
4800
4500
6100
4500
5300
17600
4700
5700
5500
5200
17700
5500
6000
10800
7200
11400
6400
6500
6200
25200
6900
7000
6000
8700
6800
6400
8000
6700
6700
6500
8900
28700
6300
39700
5700
6200
5800
7200
18100
5200
4900
19100
5600
6300
6700
4400
4500
17500
6100
16600
6400
5900
5700
5400
5700
7900
6400
6800
10900
20900
7300
7500
6700
9000
7000
6700
7400
6900
7100
7100
8400
29100
6000
14600
6400
6200
6400
8100
17600
5400
4500
4600
5300
4700
4500
5100
6500
16600
7000
5700
6300
6000
5700
5700
5800
6500
6300
6400
15600
7000
7600
6500
37600
9800
7400
8300
8000
6500
6600
6600
7900
26700
6400
13400
6000
6100
6000
7000
13000
5300
4200
4100
4900
4100
4100
4100
4200
14800
7300
5400
6000
5500
5300
5000
5000
6700
5900
6600
15400
6000
6800
6300
6500
9600
6400
6400
8000
23400
7500
7900
7300
27600
7000
13100
5700
5800
5800
9300
12500
5200
4600
4500
4700
5600
18600
4500
4300
14600
8400
13800
5600
5500
5100
4900
5400
6100
6000
5800
22600
6300
6800
6100
6500
7900
6700
6500
6400
19800
10500
7800
7500
29400
6200
5500
5800
6000
5900
5700
9400
5000
4100
4300
4100
4300
4200
4800
4200
5600
5100
5600
5400
5200
5100
4800
5000
6100
6100
6200
6500
6600
5900
5800
6400
7200
7900
7400
6700
7500
8400
6500
23300
34800
7900
6200
7500
6600
5800
8000
5800
6100
4000
5000
4000
5100
4200
4900
6100
6600
4900
6400
4800
8500
4900
4900
5500
6200
5700
6000
6500
7600
5800
7200
6200
7000
7700
7400
6500
6200
9300
6700
19400
36900
7100
6000
7000
6100
6900
7100
6200
5100
4300
4600
4000
4300
4200
4300
4100
5100
4900
5600
5500
6300
5100
5600
4900
6000
6100
6000
6500
6700
5700
8400
6400
7000
7400
7300
6900
6400
7400
6400
20500
34700
7000
6100
6800
5600
5900
9000
5800
5000
4600
4000
6900
4200
4200
4300
4300
5000
5000
6100
5100
4900
5100
5500
5400
6800
5800
6700
5800
6100
6000
5800
6100
6900
7700
7400
6500
6500
10400
6500
19000
35500
7600
5900
6700
6100
5800
8800
6600
7200
4500
4200
4100
4700
4200
4600
7200
5400
6400
5900
5300
5100
5000
9800
5100
7100
6000
7700
6000
5900
5800
6400
6200
7000
19400
6500
7800
7900
6400
6500
9000
35300
7100
8900
6800
5400
5600
7500
5800
5200
10300
5800
4100
5900
4200
4600
4100
5600
4900
5700
5100
5100
5000
5800
5300
7300
5900
6800
5800
6300
5800
8600
5900
8500
7000
6500
7500
7600
6800
6500
7800
27300
7400
6800
6000
6100
7800
6000
13900
5900
4600
4500
4100
4200
4000
4200
4400
5600
4900
4800
5800
5000
5100
5000
5300
6800
5700
6300
9500
5800
6100
5800
6400
7200
6300
6500
20700
6700
7400
6400
6600
27200
5600
5900
5800
5500
5500
6000
12300
4900
4000
4500
4000
9800
4100
4800
4600
15300
5400
5200
5600
5400
5400
5300
5900
6800
6300
6100
7300
6800
6400
9400
6000
8300
6500
6400
16900
9400
8000
6300
6700
26400
6100
6200
5700
6000
5500
5800
12300
5200
3900
4500
4000
4400
4100
4400
4300
5500
5500
5000
5300
5200
4900
5200
5000
6300
8500
6200
6700
5900
5800
5900
6200
7100
6500
6400
18600
6500
7300
7000
6900
27500
5600
6300
7000
5700
5600
6000
12400
4900
4000
7400
4100
4500
4200
5400
4500
5500
5700
5200
4900
5200
5000
5100
5300
6400
6000
5800
6100
6200
6000
5800
6000
7300
6700
7600
16700
6400
10500
6600
6500
27200
6000
6000
5800
5900
5800
5700
12300
5000
4000
4700
12900
4400
4300
4500
4600
5300
5600
5200
6200
5200
4800
5000
5100
9900
5900
6300
6100
5900
6200
6500
6500
7100
6500
6400
7800
6400
6500
6600
6800
28100
5600
6200
5700
5500
5900
6400
12000
4800
4100
4300
6700
4300
4300
4500
4500
5400
5800
5000
5100
5000
5000
5000
5500
6200
5700
5900
5800
6400
5800
20900
5900
7000
6700
7700
7400
6500
9600
6400
6600
26400
6000
5500
9800
6000
6900
5600
7000
6000
4100
4600
6900
4200
4300
4000
4200
5100
5000
4800
5400
5500
5200
5000
5100
8800
6500
6900
6000
6600
6000
5700
7300
7500
7500
6500
9100
6400
9500
8300
6900
28600
5900
7900
5700
7200
6200
7700
5900
5200
4500
4100
4200
4000
4700
4500
4800
5300
8400
4900
5000
5800
12600
5400
9800
7600
6200
7100
6500
7600
8000
8700
7000
7900
8400
7100
7800
6500
6800
6800
6500
28700
6000
7500
5800
10400
6000
7900
7800
5100
4400
4300
4000
4100
4700
4200
4300
5400
5000
5800
5200
4900
5100
5600
5700
7500
5800
7400
6000
6700
5800
6000
9700
7200
7500
6400
8300
6500
6500
7000
7200
28700
5800
8300
5900
6800
5900
7600
6900
5100
4700
4300
4100
4300
4600
7400
4100
5500
4900
5900
5100
5000
5000
5300
5400
6300
7300
5800
6100
7300
6600
6200
6300
7100
7900
6400
7800
6600
6800
7500
9300
30000
6100
7400
5900
7300
5900
7400
8000
5300
4400
4300
4000
4100
4400
4400
4100
5700
4900
5700
5200
5100
4900
5200
5100
8000
5800
8600
5900
6900
5900
6000
6300
8000
6500
7500
6900
8000
6400
6600
9000
28700
5700
7800
6000
7000
5900
10400
5800
5600
4800
4100
4000
4200
4600
4600
4300
5400
5200
6200
5100
5100
5200
5000
5900
6400
5900
6000
5900
7400
6200
6000
6300
8100
9600
7800
6700
7600
6800
6700
7600
28300
7600
6600
7600
6200
5900
6200
6300
5200
4700
4200
4300
4500
4300
4200
4300
5300
5100
5700
5400
5700
18600
5200
5500
6500
5900
6200
6100
5700
24500
8600
6800
7800
7100
7900
7100
7100
7200
6800
7900
29800
8900
5900
5800
5600
5700
6200
15600
4900
4600
4200
4300
4400
7300
4500
4300
5200
5000
5500
5100
5700
16000
5000
6100
6500
6000
5800
6000
6200
15600
6800
6000
34600
16100
13500
7200
9400
8700
7000
10000
35400
8400
6000
6200
7300
8400
7400
20200
6000
6200
4500
5600
5000
5300
4300
5200
5300
6800
18000
6700
6700
5200
9200
5200
6600
5900
6200
5900
5800
16100
6700
6500
7200
6500
7400
6700
6600
6400
6700
7000
27500
5600
5800
5600
5800
5700
9100
16600
5400
4600
4000
4100
4500
4200
5200
4100
5300
5600
5000
5100
5500
5800
4900
5700
6400
15600
6600
6000
7200
17000
6000
10000
7200
6900
7400
9300
6500
6800
6600
6600
29100
6300
5700
5800
6200
5800
5900
19200
5300
18200
4300
5300
5000
4400
4600
4500
7400
9200
5400
5800
6200
6000
5600
5500
6900
6500
7500
6700
7600
18600
6700
8000
7700
6900
7000
7500
7000
20700
8400
7500
29500
6000
6500
6200
6100
6400
6500
13700
5500
4600
4500
4300
4600
4400
4900
4600
5500
6200
5300
5300
6100
5400
5400
5900
10500
6200
7100
8200
7900
29900
6700
7000
7600
10300
6500
6400
6600
16200
7500
6600
26900
6300
6700
5900
6000
8900
5800
13100
8100
4800
5500
4100
4100
7700
13400
4500
6500
5600
5500
6000
10000
6100
6400
6000
6800
6300
6900
6200
6600
7700
12500
7200
7900
13700
7700
11400
16200
7800
9700
12700
46400
15300
10300
6000
6100
5900
6500
6000
5900
4500
4300
4100
4200
12500
8700
3800
8600
8300
4000
4800
5600
5300
4700
4500
4800
4200
4300
4400
4300
5400
7400
4300
5000
5200
4400
4300
4500
4500
4200
5500
26800
3100
3000
3200
3000
3300
3200
3100
5400
4300
3600
3600
3500
3900
4000
6400
4100
4700
4000
3800
4000
4100
4100
3800
4800
4200
4000
4300
4200
5800
4300
4400
5000
5100
4300
4300
4100
4400
4400
7900
26300
3000
2900
2900
2900
3200
3000
3500
4700
3900
3500
3600
3500
3600
3900
3600
4400
4400
3800
4100
4000
4100
4000
3800
5000
4800
4300
4300
7500
4900
5000
4900
4900
5100
4300
4300
4300
4200
4300
5400
27000
3100
2900
2900
3700
3000
3000
3200
4800
3900
3500
6100
3500
3700
3800
3900
4400
4300
3700
3900
3800
4100
3700
3900
4800
4800
4100
4400
5000
4800
4800
5000
4900
4900
4100
4400
6900
5900
4300
4400
24800
2900
3700
2900
3100
2900
3100
3000
5000
3700
3400
3600
3500
4300
3800
3800
3900
4400
3800
4200
3800
4200
3900
4100
7500
4600
4200
4400
5100
4700
4900
4800
4900
5000
4100
4300
4100
5300
4300
4400
23600
4000
3800
2900
2900
3600
3000
7000
5100
3500
4300
3400
3700
3500
3600
3600
4300
3600
4000
3800
4000
4300
7900
4000
4500
13700
5400
4600
4400
4600
4500
4700
6100
4800
4700
4800
4700
4600
4700
4600
26500
2900
3000
3100
4000
3000
3200
4600
4400
6500
4000
3700
3600
3600
3500
3800
4400
3700
3800
3900
3800
3900
3700
4100
4400
4000
4900
26500
4500
15600
4400
4900
5700
5100
4400
4700
7200
4500
4500
4400
25600
3800
2800
3200
5400
13300
3100
3500
4400
3900
3700
4100
3600
3800
3700
4100
4300
4300
4200
4200
4200
4200
4100
4400
7800
4200
7500
4000
4300
4300
4000
4400
5300
4400
23800
4600
4300
4300
4200
4900
24000
3000
2800
3000
3700
3100
2900
3100
4500
3700
3600
3800
3500
3300
6400
3700
4000
3800
3800
3800
3700
3900
3700
3900
4300
4100
4100
4100
4400
4200
4300
4300
5500
5900
4400
4300
4100
4300
4100
4300
27100
3000
2700
2900
3800
3100
2800
2800
4800
3500
3700
3700
3600
3400
3800
3800
4200
3700
3800
3700
4100
3800
4000
3800
4300
4100
4300
4300
4200
4100
6900
4300
4600
4200
5200
4200
4500
4300
4500
4400
24600
3200
2800
2800
3700
2900
3100
2900
4700
3400
3700
4500
4100
3400
3900
3800
4300
3600
7400
3800
4000
3700
4500
3900
5600
4300
4100
4400
4200
4200
4300
4300
4600
4300
5200
4200
4300
4200
4200
4400
24400
3100
2700
6500
2900
2900
3200
3000
