63100
9600
1072700
5800
5100
5000
4600
4100
7100
25500
35500
47900
8000
6500
5800
6500
33100
58400
8700
70500
7900
222700
11700
12000
87800
73000
110000
22900
39000
11100
125700
10200
86300
78900
9600
152800
9800
10300
10100
10100
16900
3100
15200
4700
4000
4200
3900
4200
6500
14600
14000
32600
5300
6200
10200
5800
22900
49300
8300
54100
8200
93000
7400
8900
54600
58400
102400
19400
45900
12400
107100
10000
65900
64300
9900
155000
9800
14400
10000
9900
10500
3000
13100
4700
3800
4100
3800
4100
5900
21700
26600
5000
6100
5300
6500
5700
21200
40700
8400
58000
7800
77200
7100
10400
45800
46100
94700
18300
38300
11100
98100
10000
65800
61600
10000
340600
17300
13100
12800
13700
46600
4100
13700
7200
4600
4700
4600
6300
7800
13400
43300
7100
14800
6500
11500
6900
10100
21200
16000
55500
8500
10400
12600
57200
44900
43200
107200
22400
31400
17600
93300
20100
61400
60300
11200
120900
9700
14900
9800
10200
13600
3300
14400
4900
4600
4200
3800
4000
9800
4700
40300
5100
6000
5300
6100
6000
7600
12100
15100
57100
6600
8200
11300
45100
19300
74000
10400
52100
9600
80200
8500
10600
55400
52400
9300
110000
10000
9700
10200
10100
7700
2900
8600
3600
3900
3600
3800
4200
19800
4500
28300
4900
12500
5300
10200
5600
7600
12200
11800
40000
6800
7500
18300
43500
20800
48500
9800
41400
9500
69400
8700
12000
41400
52800
81600
18700
40600
13000
82300
12000
13200
98800
23300
80500
16700
18400
17100
21800
18500
18200
94300
18000
18700
18700
19100
19100
82400
20800
21300
151200
21000
20000
21700
20300
21900
24800
144500
21400
72800
20700
102500
20300
279000
10700
9600
18000
13400
10600
10300
11900
17700
20400
16300
43900
18200
13500
34400
14800
14800
14400
38200
14400
15200
15400
15200
26000
52200
16000
24000
79700
26900
18100
19400
18600
166400
100700
95800
22500
45600
21400
42700
20000
260000
10700
10300
29300
12400
15800
11100
24800
16400
22700
5700
4900
9400
4800
5400
24200
5300
21200
5400
18000
5100
5900
5100
5000
27200
14900
7100
38300
6300
5700
6700
5300
14900
8200
34000
6800
19400
6700
28400
5400
61700
3400
3500
11100
5800
3500
3400
4900
7800
5100
4700
4900
5300
4500
4600
24100
5100
20000
4900
22200
5100
8300
5500
4600
18400
6200
44000
10000
5500
6100
5800
21700
8500
27600
32900
10500
16400
7600
18400
4900
41100
3300
3200
13200
5000
3300
5200
4900
18200
14000
3800
8200
4300
4000
16500
3900
4300
25000
4500
15600
4700
5200
4500
4300
7000
5600
22500
18700
6500
4900
4600
9300
19200
4400
5900
34700
18400
4800
6700
4600
42200
3300
3500
10200
6800
3400
3300
9300
7100
3900
3700
3700
4800
3800
3600
4300
4100
18600
4000
14800
4100
5000
4100
21300
5100
4800
17700
4700
4600
8600
4400
4200
16800
4400
5300
30400
19300
4800
6100
4700
28300
4400
12900
4900
12700
4400
16400
3400
5900
11500
3500
3500
3400
4000
3700
4200
4300
8900
4200
4100
3900
4000
4200
4300
4700
4400
18500
4600
4600
4800
5200
4600
7900
4600
5200
4700
4500
5300
5400
4700
33600
3700
3300
16300
3400
3700
3300
3400
6000
10900
3700
3700
3700
3800
4300
3800
4600
4200
4100
4200
4100
3800
4300
4000
4900
4200
30900
4400
8900
5100
4800
4700
5800
5200
5800
4500
4700
5400
5200
4700
34200
3300
2900
14100
3300
3200
3300
3800
5600
3700
3600
8200
3500
3900
4000
7100
4000
10900
3600
3700
3900
4500
4000
4000
4700
4200
17600
4300
4100
4600
4700
4100
5400
4100
5100
10100
4200
5000
4900
4200
25700
2900
3000
15100
3500
3300
3000
3000
4700
3400
3500
3500
3400
3500
4000
3500
3900
11400
3800
3900
3700
4000
3800
8000
4400
4800
4500
4000
4200
4000
4900
17200
5200
4200
5300
4800
4500
4800
6500
4500
26100
3000
2800
12700
7100
3100
2900
3100
4600
3500
3200
3600
3400
4300
4100
3800
3900
10700
4200
3900
4000
4300
4200
3900
4600
4800
4200
4200
4200
4300
5000
4500
8600
4200
17000
4200
4400
5200
5600
4400
25900
3000
3000
12500
2900
3000
2900
3000
5300
3400
3400
3300
3300
3600
3600
3600
5000
15500
3800
3700
3900
4200
4000
3700
14800
4400
4400
4200
4000
17300
4600
4600
4700
4100
17300
4100
5800
5300
4800
4500
43000
8500
4600
3300
3500
4200
3800
3700
5000
3300
3500
3500
3400
8200
3500
3500
3900
4200
3700
5200
4200
4000
3700
4200
6600
6300
4800
4300
4900
4500
22800
5000
6900
4900
4200
4400
23600
17200
5200
5200
24100
3900
3300
3000
3400
3100
3100
4300
4400
3300
3900
3500
3400
3700
3400
3700
3900
4000
3700
4000
4000
4000
3700
8300
5000
4800
4500
4200
4000
4600
23300
4200
4800
4600
4400
4800
16500
16900
5800
5500
27900
3700
3000
2800
3200
3000
2900
5200
4600
3600
3900
3500
3700
3400
3800
3600
4300
4800
4400
3600
3700
4000
3700
4300
5000
4700
4600
4400
4200
4400
30300
4200
4800
4100
4300
5300
24500
25200
5500
5400
25900
4400
3100
3200
3200
3200
3500
9200
4800
3600
4000
4400
3800
4100
4000
24000
4300
4900
4100
4300
4200
4300
4400
4200
4700
5600
4700
4500
5400
4900
4400
4700
5000
4400
6900
4500
21700
21000
9200
6900
27100
5600
3200
4600
3300
3400
4500
6800
5500
4800
4000
5000
6600
4800
4600
3400
5200
4100
8700
3800
4200
3800
4000
5800
4500
4700
4100
4400
5100
4100
4300
4400
5300
6900
5200
29200
4400
4800
28900
4600
24700
4100
3400
3200
3000
3300
3000
3900
5800
4000
3600
3600
3600
3600
3500
3700
4100
3800
4600
4800
3900
3800
3900
3800
4500
4600
4200
8500
4800
4200
4300
4300
5400
4900
5000
4300
4300
4200
23100
4500
23900
3100
2900
3300
8400
8400
4000
8300
5100
3500
3600
3300
3900
3500
3400
4400
5900
3700
4500
4300
4000
3900
8900
4400
4800
4300
4300
5100
19300
4300
4400
4300
4900
5200
4500
6200
5600
5100
4500
5100
23700
3300
7700
14100
3300
2900
5000
5800
4700
3300
3500
3600
3800
3700
3700
3500
4300
3700
4400
3700
4500
3800
4000
4200
4500
4100
4200
4700
19500
4200
4400
4400
4800
4800
4500
5300
5100
4900
4300
5000
23700
3700
8600
9600
3000
4100
3600
5100
4400
3600
3400
3800
3600
8200
3700
3800
4000
4000
3900
17000
4100
4200
4200
5200
4800
4200
4600
5700
19700
4500
4500
4800
5300
5200
6200
5500
5000
9300
4400
5200
23700
2800
19200
22800
3100
3500
3300
5000
4800
4400
3800
4500
3900
4300
3800
4000
4500
4100
4600
4200
4600
4200
19400
9400
4800
4600
5400
4700
4600
4800
4700
5500
5400
5500
4900
5600
5400
5500
4800
5600
25300
3400
8200
10500
7400
3200
3200
4600
4800
4300
3900
5800
4800
4400
3800
4100
4500
4200
4400
4200
4000
4100
4500
5100
4600
4500
6000
4800
4500
4700
4600
5700
9600
6200
4700
5700
20100
5000
4800
4800
26000
3000
8500
10000
3100
3100
3300
4600
4800
3700
3700
3900
3900
4300
3700
22200
4300
4200
5900
4500
4100
4200
4200
5100
4600
4500
5200
4600
4800
4800
4800
5400
5500
4700
4600
5600
19500
5800
9100
4800
26000
3400
8000
4300
4600
4400
3400
4000
6000
8000
10100
3700
3700
4000
3700
3800
4500
4900
4100
4100
3900
4000
4800
4500
4900
4500
4500
4900
5100
4500
5100
4600
5400
5200
45900
4800
10900
5600
7300
4800
27100
3900
4900
3500
3300
3200
3600
3400
4900
3600
3900
3700
4000
3700
4000
3700
4400
4500
4200
3900
4400
4000
4000
8600
4900
4600
4700
4500
5100
5300
4900
4600
8300
4400
15900
4200
5400
5000
5000
4600
23500
4900
2900
2900
3000
3400
7300
3100
4500
3600
3600
4100
3500
3700
3500
3500
4000
3900
4100
3800
4200
3800
3900
4100
4400
4200
4100
4200
4700
4300
4700
4400
4700
4300
31400
4400
5300
5000
5600
4500
24600
3100
3000
2900
3000
3300
3300
3300
4400
3500
3500
3700
3500
3600
3700
3400
4200
3800
4000
4400
4500
3800
4100
4300
8500
5300
4300
4100
4300
4200
4300
4400
4900
4400
11900
4400
5200
5200
5000
4700
23600
3200
2900
3100
2900
3200
3200
3000
8700
3300
3700
3400
3700
3400
3600
3400
4000
10300
3900
3900
4200
5400
3900
4500
4600
5400
4800
4300
4100
4500
4200
4500
4800
4300
4700
8400
5200
4200
5200
4400
24600
3300
2900
2800
3600
3000
3700
3200
4200
3500
3400
3500
3600
3600
3400
3500
3800
3600
3800
3800
4100
3700
3900
4000
4600
8900
4400
4100
4100
4200
4300
4200
5000
4400
4200
4500
4800
4200
5100
4500
24900
3100
5800
3100
4100
3900
4500
3600
5300
3500
3600
3300
4100
3400
3700
3500
4300
3600
3900
4300
3900
4100
3900
3800
5300
8600
4300
4200
4900
4200
4300
4200
4900
4700
5000
4400
5100
4900
4300
4500
24900
3100
3200
2900
3100
3100
3100
3400
4300
3600
3400
7300
3800
3500
4000
3500
4300
3800
3700
3800
3600
3700
4000
4800
5000
4200
4300
4000
4900
4200
5900
4400
4800
4100
5000
4400
5100
4400
8200
4400
24800
3100
2900
2900
3100
3100
3200
3100
4200
3400
3400
3500
3500
3700
3500
3500
4000
4100
3700
3900
4300
4100
3900
4100
5100
4600
4300
4000
4800
4300
4100
4300
4800
4200
4800
4300
5000
4400
4100
4500
28300
3400
3100
3300
3300
3500
3200
3300
4800
3600
3900
3600
4300
3800
8600
3700
4400
4100
4300
3900
4500
3900
3900
3800
4500
4200
4000
4200
4400
4200
4400
4200
4800
6500
5600
4200
5000
4300
4200
4400
27900
3000
3000
3400
3100
3000
3100
3200
4300
3600
4000
3800
3800
3600
3600
3500
3800
4000
3700
4000
4400
3900
4000
4000
4800
4200
4300
4100
9500
4200
8200
6900
6400
4500
4600
4700
5500
4600
4800
4800
25700
3300
3100
3200
3200
3300
3400
3500
4800
3400
3500
3400
5200
3700
3600
3500
3800
3900
4700
4900
5400
3800
4000
3800
5500
4200
6700
4200
5200
5100
4300
5500
7500
5200
4200
5200
6100
4200
5300
4300
26100
3100
8500
3000
4000
3300
3200
3200
4600
3600
3400
3500
3400
4000
3900
3600
9600
12000
4600
4400
4100
5200
4000
3800
4800
5600
5100
4900
4200
4400
19200
4200
5400
4400
5500
4500
4300
8600
4600
5500
24000
3400
3100
3200
4200
3300
3100
9600
4700
3500
3600
3900
3700
3500
3700
3800
4800
10400
4200
4300
3900
8000
3900
4100
4700
4900
4800
4800
4300
4300
18700
4900
5200
4500
5400
4200
4400
4400
4400
5400
28800
4000
3700
3000
4300
3300
3100
9900
4300
9700
3500
4000
3500
3700
3600
4100
4000
4500
3800
3800
3900
4600
4700
3800
4600
5000
9100
5000
4100
4300
18400
4200
5400
4200
5300
4400
4300
4500
4400
5900
23600
3200
3000
3100
4000
4400
3500
13200
4400
3500
4000
6000
11200
3700
20100
4300
4300
4700
4200
4500
4200
7300
5200
4200
5800
12100
5600
5200
4600
10900
4800
5000
5500
4700
5900
4600
5100
4600
4800
5800
26900
3400
3400
3300
5100
3300
3400
9500
4600
4100
3600
4200
3800
8400
3900
4300
4200
4600
4100
4300
4200
4800
4800
4700
5600
11300
5400
7600
4500
4100
4400
4400
4900
7100
5300
5500
4400
4600
18300
4500
27200
3000
3200
3000
4600
3300
3000
8700
6500
3600
3400
3700
3600
3600
3600
8600
3900
4200
4200
6400
18800
4500
4500
4000
5600
12800
5300
5000
4300
4400
4200
4500
5400
5200
5200
9600
4700
4400
19000
4600
29300
3800
4100
3200
3200
5600
4900
4500
6000
4200
4000
17000
4400
3600
3700
3700
4400
4000
4400
4000
16700
4200
4500
4100
5000
4400
4500
6300
4400
4500
15600
10200
5500
4600
4500
5400
5200
4600
4400
4700
26200
4600
3100
3200
4400
5700
3500
9000
4500
3500
3500
3600
3500
3500
3900
15800
4100
10100
3800
3700
17500
3800
4300
3800
4500
4100
4100
4400
4200
4200
5100
4800
4700
4200
4200
4900
4400
4100
4400
4200
29000
9800
3000
7800
4000
3500
3300
9100
5100
3600
4000
3700
3800
15800
3800
3900
4600
5000
3800
15700
3900
3900
3700
3900
5000
4000
4200
4100
4300
4000
8700
4300
4900
4600
4100
4700
4500
4200
4400
5800
24200
2800
3000
2900
3900
4000
3300
8200
4600
3300
3700
4700
3900
3500
3700
3400
4300
3700
8100
15400
3800
3700
3800
3900
4600
4100
4300
4300
15800
4100
5500
4300
4700
4300
4400
5000
4100
4400
4100
4400
23600
7600
2900
3200
3700
3200
3000
8200
4100
3500
3700
3700
3500
3700
3800
3400
4800
3900
3900
15600
3900
3700
4100
3800
7600
4200
4100
4400
15400
8400
4900
4300
4700
7700
4300
4300
6700
11100
6800
4600
25200
3100
3600
3300
3700
3400
3300
9500
4600
3600
3500
3700
3500
3700
3500
3600
4200
8100
3900
16100
3700
3900
3800
4100
4300
4200
4500
4200
15900
4100
4800
4400
4400
4700
4500
16900
4300
4100
4400
4700
107100
3400
3300
4400
3400
2900
3000
3200
4700
3800
3800
3500
3600
3700
3400
8700
4100
3800
4200
4400
3900
3800
4400
4300
5700
4200
4400
4300
4300
4100
4400
4400
4900
13600
4400
5900
4300
4400
4600
8700
24100
4200
3200
3100
3300
3900
3200
3100
4600
3500
4100
3900
3700
3500
3700
3400
4400
3600
4500
4300
3700
3900
4400
4500
5600
8300
4100
4400
4300
4100
4400
4100
5300
13200
4400
4200
4300
4200
4400
4500
23500
4000
2900
3300
3100
4200
3100
3100
4400
3600
4700
4200
3700
3400
3800
3400
4200
4300
4600
3800
5800
4000
4100
4700
5300
4200
4100
4600
5300
4200
4200
4400
4800
16700
4200
4400
4500
4400
4700
4700
23700
4200
2900
3300
3200
4100
3100
3200
4400
3700
3600
4000
3400
3600
3500
3400
4000
4300
4200
4000
4200
8400
3900
4400
4300
4100
5000
4900
4100
4300
5400
5100
4800
12900
4500
4300
4200
4400
21500
13400
38400
7500
8800
3300
3400
4200
8100
3400
5600
3800
3900
3900
3900
3600
3900
3600
4500
4300
4400
4000
4500
4100
4500
4900
4900
5200
5000
5300
14900
4400
10300
5400
6100
4700
4800
4500
4700
4500
4900
4900
26800
4500
3200
3300
3300
4400
3200
3600
5000
3800
4700
4000
3900
5100
4000
8400
4100
4700
4400
4000
4600
4200
4300
4500
4900
4500
5300
5100
5000
4700
5100
5900
6200
4500
4700
4800
4500
4700
4600
6800
28200
6900
4600
3300
4500
3300
4500
3400
