1406900
9800
5800
5200
22500
6600
7800
13400
71100
7600
48700
113900
26400
11700
11400
44400
19900
114600
58400
48000
68400
12500
12800
133300
23400
96700
106400
15100
14200
14200
14900
15000
95000
17500
17500
19300
93200
21400
19000
20000
13500
5300
17800
16400
5900
14500
6200
8800
28600
8700
27900
65400
22700
9800
9500
37500
18300
72200
47100
12000
62500
12600
13900
96500
19600
85500
98900
16100
15000
20100
14800
14800
93400
17300
18000
19000
93500
23400
18300
20400
25100
5400
15800
15500
5700
6600
31000
7400
34100
18500
43200
8900
11000
9600
11100
10400
16200
81900
45800
11400
46900
11800
12800
89300
20600
73000
89000
14200
14000
13800
19100
14500
76600
16700
17600
19300
96200
20600
18700
19400
38700
5900
15700
5500
5500
8000
41400
9700
25100
8700
8400
9400
12300
10300
10600
10100
60500
45400
26200
68900
58300
12200
12300
32000
22000
82300
118200
14900
14700
18000
19300
14600
83000
23600
16900
20600
77800
20300
17900
37300
15800
5300
16500
6100
11900
8900
24500
8800
27900
9800
9900
9300
13400
10900
11800
11200
39500
23200
23100
53900
39300
13400
13200
27000
19000
73000
50600
27000
41400
14700
15400
62500
72000
16200
16500
19600
75600
26500
26400
12300
4500
3500
3800
4300
3800
5100
15900
5100
34200
15500
15300
6500
8400
7700
8400
7100
22300
15300
18500
50400
15500
7200
7100
21700
23200
71600
36800
7800
36200
8000
7900
60800
17000
63500
83100
12800
10100
8700
9100
9400
10300
7600
7000
8700
176600
21200
12700
12400
92700
112500
18700
13300
16400
14200
237900
16300
16600
15900
15500
15300
115400
15400
15900
15000
96500
17600
13400
12100
11700
19300
12700
122800
88600
9100
9700
18600
9100
9600
8800
12800
11700
8300
8700
42100
8500
8400
8400
8200
34900
47500
10900
10200
14000
10000
66300
11100
13900
10700
12700
10800
67400
11100
14300
11000
78300
16000
11900
16400
12800
13600
11900
90300
70800
8900
8800
19200
11000
8700
8800
14900
13100
8500
8700
8300
30200
8100
8200
37600
39000
10100
38100
11400
35000
9800
9600
10100
12100
11400
10900
11300
61800
13100
11700
11100
57400
19600
12300
11600
11500
13700
12300
118600
82300
9200
9400
19600
8600
9400
9200
12000
11000
8700
8700
8800
36700
8300
8200
8500
10500
9500
9100
11200
35000
10200
9800
9900
48500
35700
10500
11200
13900
10900
63800
16800
58900
14300
11900
12100
12500
14400
11800
88100
86000
8700
9900
15600
11400
8700
8400
12900
11700
9000
8000
8200
8100
12800
8100
8100
11200
10200
52400
11300
35200
9600
9900
9700
34400
40800
11000
10900
13800
11200
127300
11500
13500
11700
12100
12100
56800
11800
12100
12000
83800
9900
9200
15200
9000
9400
12000
12300
11400
8800
9000
13400
8400
8500
8400
8700
10100
9300
9500
11100
37400
9900
9400
9600
31300
38900
10800
11400
13400
10600
58400
10900
34500
11200
12000
11200
56100
11100
11100
10900
114200
12200
8700
9300
9000
12100
9100
32500
19300
10200
7700
7800
9700
8400
8100
8300
28700
12600
9400
11100
52700
15300
10100
10200
15300
14000
11400
11500
11300
11500
15600
11300
18200
31100
37700
11900
12000
14800
14900
12200
88800
9600
9500
9400
22100
9200
9300
9000
12400
8300
9100
8600
8900
8100
8800
8300
29900
10800
9700
10700
46200
10200
9900
10000
14900
13000
17000
11500
10500
11200
12900
11700
14000
29500
34500
12000
11800
15000
14900
11900
85300
9300
8900
9600
24900
8900
9100
10700
11400
8600
9300
8600
9300
8500
8900
8200
10300
10200
9500
25800
10900
9900
10900
45500
14200
13600
12700
13500
11300
11300
17500
10700
13400
30800
35800
11800
12200
14700
14800
11900
80500
8900
8800
8800
19500
9100
9100
8600
10800
8800
8900
13200
11200
8200
8700
8400
10200
9600
8500
9700
19900
9300
7600
8200
33400
11900
10100
13100
37200
9600
9800
9600
17400
34500
30500
10700
10900
13800
13400
10800
57300
8800
9000
9000
20700
8900
9000
9700
9600
6600
7600
24500
7900
7200
8100
6800
13500
8800
22200
8400
10700
8500
8400
8500
23700
13000
9700
11700
47200
9500
10400
10200
14600
13200
11200
10100
14900
10400
14600
10700
61500
9000
9300
8700
21100
9500
9400
9200
8600
6800
7000
7400
7400
7200
7200
7000
8700
8500
7700
8200
9700
8900
7900
8500
28000
10900
9600
12000
43100
38100
9400
9500
15900
13100
10600
11100
10500
11100
12400
10100
48700
16500
24000
9800
9000
12500
11900
12800
10400
7500
7100
7400
7000
6800
7200
7200
15300
9300
8100
10200
8300
8400
8400
8600
10800
10200
9700
9800
9600
10000
10400
10200
13000
10400
10800
10700
10600
41500
11000
32700
54100
8900
9600
8800
11400
9300
10500
8500
8800
7400
7000
8600
6800
7100
7100
7400
9000
8300
7800
9700
8300
8700
8200
8600
10300
9400
9500
9800
9400
12700
10000
9600
19600
10400
10400
10300
10700
35400
10200
32300
49600
9700
8500
8500
11300
8800
10800
9100
8400
7500
7700
7300
7300
7200
7200
7600
8600
8500
14500
8000
11200
8200
8600
8300
10200
9900
9700
9600
9400
9700
10300
9700
11700
10100
10800
10300
10200
37200
10900
33300
54300
8700
9300
8500
11300
9000
10400
8900
8700
7200
6900
9900
7800
7200
6800
8000
8700
9200
7900
8200
9800
9100
8600
8800
9800
10300
9500
11700
10000
9600
9600
9500
16600
10500
10300
10300
11100
35900
10600
31600
50000
9000
8600
11300
10700
8700
10100
9000
8200
7200
6700
6600
6800
6700
6700
7200
8200
8500
34800
8400
8300
31000
8200
8400
10000
9900
9200
11200
9800
9700
10100
9700
12100
10800
11100
10400
10200
10600
10900
12600
51000
9000
9200
12500
11200
9800
11300
8700
8100
7900
7000
7600
7200
8500
7300
8300
8700
8300
8100
8600
8200
8900
8500
8600
9600
9700
10000
11900
10100
9800
9900
10200
13700
9600
10500
10000
13200
10000
9800
10400
49000
9300
9600
9300
8700
19800
8700
17100
9300
7300
6900
7700
6500
6700
7500
7800
10400
8600
7800
9900
12300
8400
8200
8700
10800
10200
9700
9900
11500
9900
14500
10000
14100
11400
15000
11600
14300
10500
12200
40800
60000
10200
23300
5800
23000
5700
7700
5500
16400
6400
7300
6100
8200
6200
7600
6500
12600
6800
6900
8100
7800
7000
6800
7100
8300
7500
7500
7400
9800
7800
11300
7400
8700
7600
9600
7900
9900
7900
7700
38300
51900
5500
17000
5100
13800
7000
5400
5400
9000
6400
5900
6400
6200
6500
6300
6600
6600
6800
6600
8400
6600
6900
7500
8300
8000
11900
7300
7500
9000
7100
22300
8000
9400
8200
10400
10100
10800
8500
8200
44300
55700
5200
21500
5600
13500
9700
5400
5800
8900
8000
6200
6300
6000
6400
6200
6300
7100
6700
7500
7400
6800
6600
7700
8600
9200
7100
7400
8900
8500
7300
7300
7600
8600
7400
9400
7900
9600
7800
7800
33000
50500
5400
20300
5000
13600
5000
5000
4500
9200
7000
6300
6200
7000
6100
6200
5800
6900
12000
6500
8000
6800
7100
7900
8000
9300
7400
7900
9200
9100
7700
7400
7800
8700
7900
47800
7600
9800
7800
10700
11700
52200
5100
17900
5500
12900
5200
5100
5600
8800
6500
6000
6300
6100
6300
6000
6200
7100
6700
6800
7500
6100
6200
7300
7600
9600
7400
31400
9100
8900
7500
30100
7700
16300
7600
7200
7300
9500
8000
10700
8400
51700
5500
31300
5200
7600
9800
5500
17500
9700
6500
6000
6100
6300
6300
6500
7000
7000
7000
7800
10900
6800
7000
6900
7100
7800
7600
7600
10300
8100
9600
7400
9200
22700
7700
7800
9600
7900
7800
7800
25800
49900
5600
9500
5300
15100
8400
5500
5500
8100
6300
7100
6400
6900
6400
7400
6400
7500
7200
7500
7000
6800
7000
6500
7100
8000
7500
10500
7200
11100
9300
7400
7700
21900
7300
7500
11000
7500
7500
8700
15800
70400
5800
4800
5200
13500
14200
5600
5600
8300
6400
6900
10400
6700
6700
14200
9400
12800
6900
6300
6800
6800
7100
7000
8200
8100
7300
10700
7500
7700
9300
8200
12600
22200
7500
7800
9300
11500
7400
7900
9500
49900
4700
4200
5800
14700
8200
5500
5600
13400
6300
6800
6300
6500
6400
6700
6800
8000
6800
6800
6700
6800
7200
7000
8200
12100
7500
11300
7900
7800
7700
8000
7700
22200
7700
7600
9000
7600
7500
7800
9000
48200
5500
5100
6100
14000
8000
9200
5400
8000
5600
5700
6200
5700
6100
6800
6500
8000
7000
6600
6800
7200
7100
7100
8000
7900
19700
8800
10500
7500
12800
8000
8200
19500
7500
7800
7700
8100
10400
7800
7500
47900
5200
5300
5300
14500
8100
6300
5400
7600
6100
6800
6300
6600
6400
6900
6500
8000
7000
6600
11500
7000
7300
6900
8000
8400
7800
8900
8000
10900
8000
7900
8200
8900
7700
7400
28700
7600
10000
7700
7700
67100
5300
5300
7200
5600
5300
5600
7800
9900
6600
6100
6100
6500
20000
14900
9000
11200
11000
6900
7600
7100
7500
7100
6900
7800
7500
7300
7500
7200
7700
6800
7900
8400
7800
7500
7500
7400
7800
8500
6800
46800
5300
4900
9300
17300
5300
5200
5500
7200
6300
6700
6300
9100
6100
6300
6600
7200
7900
6700
7000
7000
7700
7100
9100
8800
7700
7400
7300
7400
7500
7600
7600
8400
11700
7500
7700
7600
7500
8700
7800
49000
5100
5100
5200
17700
5300
5400
5300
8100
6300
6400
6500
6100
6700
7200
9300
7000
7100
6900
7100
6900
6900
12500
11400
7700
7600
8400
7400
7700
7900
8700
7600
8200
7700
7300
7900
7700
7400
8700
8000
48900
5100
5300
5200
17000
5100
5500
5300
7200
6200
6100
10300
6100
6500
6500
6500
6700
6800
6500
9000
6800
6700
7700
6900
7600
8300
7700
7400
7800
8200
7800
7800
8200
7500
7600
7300
7400
7500
9400
11200
48800
5800
4600
4200
16100
5200
5300
5300
8100
6000
6500
6300
6300
6200
7000
6300
7100
6800
6800
6900
6800
6900
7200
6500
7900
8300
7800
7700
7600
12200
7800
8000
8500
7800
7400
7300
7400
7700
7400
7700
48900
5500
5100
5500
16800
5400
5400
5300
7000
6100
6400
6100
6200
6300
6800
6900
7000
6700
7400
10600
8800
7100
7500
7500
7700
8300
10000
7400
7500
8300
7600
7700
8000
7400
7600
7600
7500
7700
7500
36100
50100
5300
5900
5100
9400
5300
6800
5700
8000
9100
6300
6300
6300
6400
6200
6300
7100
7500
6700
6700
6900
7300
7500
7000
7800
7600
7400
7200
44700
7800
14300
10800
7800
7500
8600
7500
7300
7500
9200
7500
50100
9200
6900
5000
6500
5200
7700
6100
7600
6000
6300
6100
6100
6400
6300
6500
6900
7300
6600
6700
6300
7000
7000
7000
7900
7200
7500
7300
36400
11500
8200
7400
8200
8500
8500
7500
7600
7400
8700
8500
50700
5200
6900
5300
6900
5500
7800
8300
7600
6300
6100
6000
6800
6200
6100
7200
8100
6600
7900
6700
7900
6800
8000
6800
8700
8400
7200
8500
37300
8700
9800
7600
13200
11800
9700
8500
7600
8600
36100
7900
50800
5700
6500
5100
6900
7300
7800
5400
7400
6000
5900
6200
6400
6500
6000
51200
6900
7000
6100
6200
6500
7200
6500
7200
7200
11800
7100
7100
6900
10000
8000
7400
8100
8200
8000
7300
7300
7200
8600
7500
48000
4700
6400
4900
7500
5000
7000
5100
11300
5500
5900
5800
6700
6000
6100
5800
8800
6300
6500
6300
6500
6800
6200
6600
7000
7900
7100
7000
6800
9000
8300
7200
11300
7000
6800
7100
43000
6900
8400
7400
47400
4800
6600
4800
6900
4700
9200
5300
6900
5800
5900
5600
6500
6000
5900
5600
10200
6100
6500
6200
6700
6300
6600
6200
7000
8900
6700
8000
7300
8600
9000
8100
8300
7400
7800
7500
49100
8400
8900
7000
49100
7000
6900
5300
5300
5000
9400
5500
8500
5500
5800
6100
5600
10800
5500
5900
6800
7100
5900
6500
6300
6400
6400
6100
7300
8000
7000
7500
7000
14900
8000
7000
7600
7000
7200
7100
10300
7300
7300
7000
57300
13900
5000
4900
4600
4400
4600
28700
7300
6100
6000
6300
6400
6000
6400
6700
7100
7200
6100
6100
6400
6200
6400
6100
8600
7000
6800
7100
6900
7200
8500
7200
13300
7700
7000
6900
6900
10700
7400
7200
106900
5900
4800
5100
4900
4900
5200
19000
7600
6200
5800
6400
6000
6000
6100
6700
6800
6400
6400
7000
6900
6500
12100
6700
7700
7200
6900
7500
7000
7400
8500
6700
8100
7100
9600
7200
7200
7500
7600
7200
45100
5300
4800
5400
5100
5000
7000
19200
7600
6000
6200
6000
6300
6100
6500
6900
7200
6700
6500
7100
6600
6500
6900
6600
7600
7900
7000
7300
7300
7300
7000
7100
8200
7500
6700
7600
6900
10200
7300
11400
45800
5100
4800
4700
5100
4800
4700
18300
7600
5900
5900
5700
6100
5500
7500
6700
7900
6800
6200
7100
6600
7000
7100
7200
7600
8100
7100
6900
7300
7000
11600
7000
7700
15900
7300
7100
7700
7900
8700
7500
45300
5400
5800
5000
5400
5000
5000
19000
6900
5800
6100
5900
5900
6100
6000
6500
6700
6500
6400
11600
6700
7400
6800
7200
7400
7900
7100
6900
7300
7000
34500
9600
8000
8500
7000
6600
7400
7000
9500
10000
47300
4900
5100
4800
9500
5200
5300
5400
8200
6100
7200
6200
5500
6200
6000
6200
6500
7100
6200
6500
6400
11100
6100
6300
7500
8200
8100
10700
7100
8400
7200
7100
11700
7600
8600
6900
8500
7300
7200
7600
45500
5200
5100
5400
5000
8800
5300
5200
6900
5700
5800
5700
6000
5700
5900
5700
6900
7300
6200
6400
6400
6600
6600
6500
7400
7700
7200
7900
7400
6700
8000
12000
9800
12100
8300
7200
9100
7700
7000
7600
50700
5500
5100
5400
5200
5100
5600
5800
7500
6300
6100
6000
6200
6300
6300
6500
6800
6900
6900
7300
6500
7300
6600
10500
7800
8200
8000
8200
7600
7300
7700
7100
10000
9600
8300
7200
9100
6900
7200
8100
127200
5400
5300
5100
5400
5000
5100
9200
7100
6100
5600
5800
6000
5600
5600
6300
6300
7500
7600
7600
6300
7200
6600
6100
7400
8200
6900
7500
6700
9700
7600
8000
9800
7600
12500
7600
8700
7300
8000
8000
54700
5000
5100
4800
5000
5300
5100
5400
7100
6200
5800
6200
6100
6000
6400
6100
6900
6500
7400
7200
6400
7200
6700
10700
6700
8300
7200
7200
7000
7300
7000
7400
10600
8100
8600
8600
8200
7600
7200
7400
46900
5200
5100
5400
5200
5500
5400
5200
10700
6100
7300
6700
6500
6100
6300
6500
6800
6600
6700
7100
6600
7100
6500
7000
7600
8100
7600
7600
7000
7800
7500
9800
8200
8000
8000
10200
11000
6800
7000
7400
47600
5300
6500
5000
6400
4900
5200
5300
