49400
1219100
8900
59800
63200
8800
10600
8900
33800
36500
40600
9400
7900
9600
8300
8500
61300
9300
50400
10200
11600
12600
72100
11800
17800
115300
12100
13200
12600
13800
136900
58300
129300
15500
58900
149500
15800
15800
17800
15800
33200
7300
34400
24500
5100
5500
5200
6000
25500
30600
33600
7400
8000
7800
8700
8900
56100
10300
41400
10000
10400
12700
58100
11000
14300
102200
13700
16100
13100
14200
113000
58600
111900
15800
91800
142500
16200
16100
15600
15900
11600
4800
5200
23500
4900
27600
5600
7100
8300
29300
8100
29900
29400
7700
8200
8000
68100
10700
40300
9900
10400
11900
50400
11600
16200
100600
12500
12600
12400
14100
275300
57300
128700
20900
79900
196600
21400
21500
21900
22200
15300
7900
6900
21500
6900
7200
7600
13100
12700
36400
12200
80900
69700
10600
11100
10800
32900
32800
40400
82800
17800
15400
14500
14400
20600
136100
19900
16800
16900
20600
118300
57700
100700
20200
73200
153500
21100
26800
20000
20000
33300
7800
36400
15100
8300
6900
7400
7200
12000
33000
11600
50000
48200
10400
10900
10700
36200
37900
45300
29000
12600
13700
13700
15000
79000
28000
59600
29300
16600
20200
62700
17900
92800
18600
65800
220400
17100
15500
20300
18800
17300
6100
6400
18200
4800
15600
6800
7700
10600
29000
8300
32000
30600
7500
8000
8100
24900
27200
29500
18900
9600
10300
25300
12200
47600
23200
36600
21100
12500
15400
167500
17700
23100
84600
27400
18700
21400
24300
111500
63100
24700
21000
21500
21000
22000
23500
27600
153600
36600
28600
29300
29700
29000
124700
29600
27500
32000
31300
16200
15200
18300
15900
15600
16600
29200
114000
15700
16400
18000
15500
17100
76300
135800
10700
9300
10400
14000
9400
9400
9900
9800
58600
8000
9900
7300
8800
8200
10200
10500
10600
9600
11300
9300
72300
14400
10200
12000
11100
11400
10000
12400
11200
11200
10700
14100
64900
11000
11700
11300
12100
11400
46200
91100
14600
11000
8500
20600
9000
8700
9200
10200
7900
8300
7800
12000
51700
8600
8300
11500
9500
9200
9900
9400
9200
9500
44600
12300
11200
12100
10600
12700
14500
10900
17700
13300
58900
11600
11900
11500
11300
11500
43400
74600
8800
8600
9100
11200
6300
6100
5700
6700
5000
4700
4800
5400
4900
4800
5200
6800
8200
5800
5500
6800
5600
5700
30800
7000
6400
6500
6500
6500
25600
6600
13000
12400
58300
18200
7200
11100
7600
7300
24300
43000
6400
5600
9000
7700
5900
5600
6100
5500
12400
4700
6800
5300
4600
4700
4800
6500
5500
5500
5600
5600
5400
5400
40600
7400
6300
23100
7000
6700
24600
6600
6800
7800
7200
6900
7600
9500
20100
9700
7900
27700
6100
5700
6900
9900
5600
6000
5400
5100
5000
4100
3900
4600
4100
4000
4500
5900
4900
5000
6400
4800
5000
4900
24300
6200
5800
6000
5700
5900
20600
6000
5900
6900
6800
7000
6400
7600
6800
6300
6500
27400
22300
5600
5700
5800
5800
5700
11600
6000
4000
4200
4000
4800
4100
4600
4500
5500
5000
5000
5100
5000
7300
8000
6100
6700
5900
6300
6900
6000
21100
9000
23200
13600
6700
6500
8300
6700
8300
6800
20900
30100
6100
7300
7300
5900
5800
6400
5900
6400
4200
7000
5000
4300
9900
4200
4400
5400
4900
5000
4800
4800
5800
5200
6900
6300
5800
5700
11800
6000
21600
6000
22300
7200
6800
9200
8300
6500
6900
6600
20200
28800
6100
7100
7100
5900
6000
5800
6700
5800
4300
4200
4600
4100
4100
4000
4200
5300
7600
5000
5500
5800
5100
5600
5900
6300
5800
7400
6900
5800
19100
5900
23000
7300
6700
6400
8100
8000
6800
6600
23100
28500
5800
7800
7500
5700
6000
6100
5700
5500
4200
4200
4400
4300
19500
4000
4500
5200
4900
5800
4800
5800
4900
5100
8700
6300
6100
5800
5800
20500
7200
6100
7500
7200
6900
7000
12900
6800
7000
6800
19800
29100
6100
9900
8500
6000
5800
5900
6100
5500
4000
4300
4900
4400
4000
4100
4100
5800
16600
13400
5600
9400
5600
5400
8700
6500
6100
20000
6000
5900
7000
8900
7800
7100
6300
6500
8100
6600
20200
6500
24600
28700
6000
7000
7400
5900
5700
6100
5800
5700
5700
4200
7500
4400
4100
4000
4600
5200
5100
4900
12400
7500
5100
5300
6300
6400
6000
5800
6100
5900
7500
6200
7600
7000
6700
6600
8000
9300
21100
6600
29700
47300
10000
9500
13600
9900
10300
10200
24200
10000
6900
7200
6600
7000
7000
7000
6800
8600
7800
9700
9100
8100
8000
8200
8200
12200
11600
11000
9300
10800
8900
11600
10300
17000
10600
11700
12400
11700
10500
9700
7300
29200
5900
5700
6100
5700
5700
6400
8300
5700
5300
4100
4100
4000
4100
4200
4500
5200
5100
5500
8500
4900
5200
4900
5300
7500
6600
5900
5700
6600
6300
6900
5800
7100
7700
7800
7700
6400
7000
6400
6800
29300
5900
5500
8600
6100
6000
5800
8500
5400
4100
3900
4100
3900
4200
4200
4300
5600
5100
5400
5600
4900
5600
5100
5900
7100
6800
6200
5900
6500
6200
6900
6200
7200
6400
7600
8000
6600
6500
6600
6900
29900
5700
5700
6100
6300
5700
6100
8400
5400
4000
4100
3900
4100
4200
4400
4600
8800
4900
6200
5100
4900
5900
5100
5600
6000
6000
7100
6200
5900
6600
5900
6100
7200
8400
7800
7700
6700
7100
6400
6600
30200
6200
5600
6300
6000
5800
5900
8300
5300
4300
4000
4100
3900
4200
4100
4000
5700
5300
5500
5300
4900
5700
4900
5200
5900
5900
7200
6000
6000
8600
6400
6400
8200
7700
6600
6700
7700
6700
7800
6800
27300
5800
8000
6800
5700
6000
6500
9500
5500
4600
4200
3900
3900
4300
4100
7200
5400
4900
5400
5200
4800
5700
5000
5500
6200
5800
7100
7600
5800
6400
6100
6200
8900
7900
6500
6300
7600
6800
7600
6300
29600
6000
7300
7300
6100
6000
5700
6100
5000
4300
4100
39900
4200
4100
4400
5000
5600
5000
5000
5600
4900
4900
7600
6000
7700
5900
6400
6000
6000
18600
5900
6400
7700
6400
7300
7100
6400
11200
6500
7100
28400
5800
7800
5900
7200
5700
6000
7300
5900
4700
4200
4500
15900
4100
4700
4500
5500
4900
5600
5000
5100
4800
5800
6100
10300
7300
6800
5800
7000
19200
7000
6100
8400
7500
7400
6400
7300
6800
7400
7500
27500
5900
7900
7300
7300
7600
5800
10300
5400
4900
4000
5900
4300
4300
4500
4300
5600
4900
5000
16300
4900
5200
5100
6400
7500
6600
6100
6100
6100
15900
6500
6200
10200
6500
6500
6900
6400
6500
6600
6900
27200
5600
7300
6000
7200
7100
6400
7500
5300
5300
4100
4700
4100
4200
4500
4700
5300
5200
5500
18500
5000
5100
5300
6300
6000
17200
5900
6000
5900
6400
7100
7300
7700
6600
6600
6600
6400
7000
6300
6600
26800
8400
7000
5600
7400
5700
5700
8300
5500
4800
4200
5700
5000
4100
4400
4100
5400
5000
4900
15600
4800
5100
5000
6000
6300
5700
7000
5800
5900
8600
6700
7100
8500
6900
6600
6800
7800
17600
6700
7000
27500
5700
7100
6200
6800
6300
6200
7200
5500
5800
4300
4700
7200
4200
4900
4600
5400
4900
5000
16100
5100
5000
5200
6400
6400
5900
5900
6100
5800
6400
7700
8900
9200
7100
6400
6600
9300
17400
6700
6500
27800
6000
6000
5800
6100
6100
5800
6400
8000
3900
4200
4300
4300
3900
4100
4200
5800
5400
5000
5700
5300
6300
5100
5000
6300
5900
7700
5800
5900
6300
6100
6200
7300
6400
6400
6700
9100
6400
6600
6900
40000
5700
5500
11800
6200
5700
6200
5800
5500
4000
4000
4200
4000
4300
4300
4600
5800
5300
5100
5400
8000
5000
5000
5300
8100
6000
7000
5800
5900
6300
6700
5900
7100
6900
6400
7800
6600
6800
6500
6400
40900
6400
7300
14900
7100
7800
6000
7400
6100
4700
4600
4200
4400
4300
4300
4400
5000
5000
4900
76500
12400
9400
9200
9100
11300
10500
15600
10800
10500
10500
10800
11200
12600
18400
11500
11700
11400
11200
11200
12000
96600
8900
8600
28300
8700
8500
8900
8800
9200
7200
6600
7200
6800
7400
7100
7900
7600
8800
7000
9800
8300
13900
8200
8600
11500
10700
10000
10900
10400
10500
9800
9700
15100
11000
10200
10400
10400
10700
10500
10300
78400
9200
8800
19100
13800
8800
8800
9600
8500
6800
6900
7200
6500
6600
6800
7200
8200
8100
8000
9900
8200
8000
8500
8100
12400
13400
10300
10400
21600
10300
9500
10500
11200
10300
18300
11100
10500
10300
10700
11100
79300
9000
8900
19100
8800
8800
9800
10100
8700
7100
6800
7100
6700
7400
9900
7700
9200
8100
8000
9000
8200
33800
8500
9700
11300
10800
10000
13000
10300
10200
9600
32500
12100
10500
13200
10200
10400
10000
10500
10500
54100
9300
13100
8600
11600
8900
8700
10300
11300
8200
6900
7100
6800
7200
7000
6900
9000
8200
8100
8800
12600
8300
8300
8100
10000
10500
10200
9700
9400
9600
9500
12200
11400
10300
9900
10700
10100
10300
43900
12400
51800
8800
8600
8900
8700
8500
8600
13100
8600
8100
7000
7000
6800
7000
6700
6900
8900
8000
6500
6500
8100
8200
8400
10100
13000
11000
9600
9900
9200
9900
9300
9500
11400
10900
9900
10300
10000
14800
41100
10100
54300
9100
8500
8200
9000
8700
8600
9200
8500
8000
6900
7100
6900
6900
6500
9200
9300
10500
8200
8600
8400
8200
8400
8300
10200
10800
11600
14000
9400
9500
9500
10300
11400
10300
10100
10700
10100
10400
41800
10700
53400
8600
8500
8900
8700
8600
9000
9000
8400
8100
7100
7300
6900
6900
9000
7600
12500
9500
8200
8200
8300
8300
8600
8700
10300
9600
9500
9700
9500
10400
9500
9800
11300
10700
10100
10200
10100
10500
49000
10600
56400
13300
8500
8400
9100
8600
8400
8900
8900
7700
6800
7100
6700
6900
6900
6800
8800
9400
7600
8200
8300
8200
8400
8000
10000
9500
9800
9500
9400
9800
9500
10200
11500
15800
10100
10500
10100
43300
10300
10900
54200
8600
8900
8800
9000
8600
9200
8700
7600
7600
6900
6900
6700
6900
6700
7300
9200
9300
8800
8200
8100
7800
8100
8500
13900
9200
9200
9300
9100
9900
11300
9200
10600
11700
9700
9600
9800
10100
9600
10100
50000
9000
9200
8800
8600
8300
24400
8800
10200
9000
7300
6700
7400
6700
6400
6900
8200
8100
7600
8500
7900
9300
8100
8200
12700
8800
13100
9000
9600
9500
9400
9800
11100
9500
41200
13000
10100
12300
10200
10500
49500
21400
8900
9300
11400
8900
9500
9000
8900
7200
11200
5900
6400
6900
8000
7100
9000
8100
8000
8200
7900
9800
8400
8700
12100
9200
8900
9100
9300
10200
11300
10500
12500
11100
39600
13000
15300
13000
10200
10400
53800
18100
8600
8800
12500
8800
8500
9700
8400
6900
7100
7000
7200
7100
8000
7100
10100
8200
9600
8800
9600
8100
8500
8200
16300
8700
9500
6100
6100
5900
6100
6200
9400
4500
49200
7400
4500
5300
5000
4600
25400
7200
3000
3200
4200
3400
2900
3000
4600
6600
3400
3800
3500
3500
3600
3500
4600
4200
4400
4000
4100
4500
3800
4000
4400
4100
4300
4000
4200
5100
4200
4300
4900
4000
16000
6400
4100
5900
5200
4300
27500
6000
3900
2900
5100
3000
3900
3000
5700
5000
4800
3300
3500
4300
3900
4400
5500
3700
5400
3800
5300
3800
3900
4900
5200
4200
5000
4100
5100
6300
4500
4300
6600
5200
5200
4100
6400
4300
18100
4500
26500
8900
2800
2800
4100
3100
2900
2900
4300
3400
3500
3400
8800
3500
3700
3500
4400
3900
4500
3700
4300
3700
4000
3800
4500
4300
4000
4600
4100
5000
4500
4100
8600
4200
4300
4100
4500
4100
4300
5800
24300
6000
7100
4000
3200
3800
3400
3500
5200
3300
3600
3600
3400
3600
3500
3700
3900
4000
4100
5300
4500
4700
3900
3800
4500
16500
4100
5400
4100
4400
4400
4200
8700
8900
5000
4200
4300
4800
4300
4200
24000
4300
4600
3000
2900
3900
3100
4200
5300
3300
3600
3500
3400
3500
3300
4100
3900
3600
3600
3900
3700
7000
3900
3900
4200
13900
4000
5000
4400
4100
4300
4100
5500
4000
4800
4100
4200
4300
4100
4300
23600
2900
3000
2900
3100
3600
5700
3900
4200
3500
3700
3700
3700
3500
3700
3500
4200
3700
4000
3800
3700
4100
4600
4400
4400
13300
4300
5100
4500
4100
4200
4300
5400
4100
7500
4300
4000
4300
4100
4200
23600
3100
2800
2900
3000
3700
2900
4000
4100
3600
3400
3900
3500
13000
3600
3500
4100
3600
3900
3800
3700
3900
3900
6700
4500
4300
4200
4100
4400
24200
4600
4300
5300
4100
4800
4600
4200
4300
4100
4100
23600
3100
2800
3000
2800
3700
2900
4100
4400
6500
3500
3900
3500
3500
3400
3400
3800
4300
3900
4000
4000
3800
4000
3700
4400
4300
4000
4300
4100
5100
4400
4100
4700
14600
4400
5000
24600
4300
4300
4200
24000
3000
3400
3100
2800
4200
2900
4100
4900
3500
3700
3900
3500
3600
3300
4300
3900
3800
3800
3900
3700
3900
3900
3900
4300
4300
4100
7000
4100
4800
4400
4100
4500
13800
4000
4900
4400
4100
4400
4300
27200
3600
3700
3200
2800
2900
3000
2800
5000
3700
4000
4100
4200
4200
3500
3800
4100
4000
3600
4100
3900
4100
3900
4900
6900
4200
7800
4300
4200
4300
4200
4400
5900
5200
4700
4200
18200
4500
4200
5500
25000
3000
3000
3000
4400
4300
3000
3200
7000
5200
4100
4100
3800
4200
3500
3600
4500
3900
3700
3900
3800
3900
5700
4800
4800
3900
4200
4200
4200
4200
4100
4400
5600
5900
7100
4100
17300
4400
4200
6900
24300
3500
3300
3200
4300
12900
3100
3000
4400
3400
3800
4500
3700
3800
3800
3500
4100
3900
3900
4300
7300
4600
3800
4100
4500
4000
4200
4100
4300
4000
5900
4500
5700
5100
5600
4100
16900
4200
4500
5800
25500
5900
2800
3500
4200
4000
3200
3000
4300
3300
3600
3900
3400
3600
13400
3700
4000
3700
3700
4500
4700
4300
4100
3900
4500
4600
4000
4400
4300
4400
7200
5200
5700
5100
4400
4300
16400
4200
4400
5300
24200
3100
2800
3100
4400
4100
3200
3000
4600
3500
3900
5800
6500
4300
3600
3600
4000
3800
3800
4400
4600
12200
4000
4100
4500
4200
4200
4300
4300
16100
4200
5600
4900
4400
4500
4200
7200
4200
4400
4500
23600
3000
3500
3100
4200
4100
3100
2900
4100
3300
3700
4400
3400
3800
3500
3500
4000
3800
3900
4300
4800
4600
3900
6800
4400
4300
4200
4200
13600
4300
4400
5400
4700
4300
4100
4400
4200
5700
4300
4200
25000
4100
3000
3000
7600
3000
5800
4100
