1439300
11200
16600
111800
15400
23200
9300
8200
91300
12200
102600
85600
12800
17600
14400
35400
104200
46200
60300
17400
72900
15100
16100
72600
101000
87800
50800
101400
19100
19200
19100
19500
88700
95800
22600
21200
223800
23700
26800
27000
36400
23100
22400
8100
21000
7200
8800
23600
61600
11000
79500
60300
17500
11800
20800
11100
58300
46400
47800
15500
59500
14000
15400
54900
87700
68600
30600
82000
17800
17100
16900
17500
95200
73900
20900
19300
153000
21500
20200
24300
6100
5600
6000
7300
35800
6800
7200
37300
42500
10000
10500
41100
36500
10500
12300
10700
56500
31200
48700
15200
43500
14000
14400
46600
62500
56200
27500
67000
16200
17400
16500
17100
58200
63600
19700
18800
129700
19800
19400
24200
8100
5500
5900
6900
28600
6400
6800
35900
38800
11100
10800
35900
10100
10200
14000
16000
38500
15100
51700
70600
12800
14000
15200
14200
63200
58300
25900
63200
16400
18000
16500
17200
58600
80500
19600
18300
87700
20300
19700
24100
5500
5900
5900
6900
22200
6800
6900
14300
34200
9400
10600
28000
25600
10200
12500
10800
44800
13500
53200
41500
13200
13200
14600
14400
35600
24700
30900
19000
33400
16500
17000
42000
47300
45400
19100
18900
79800
24800
9200
13300
9500
9600
10400
5000
11600
3700
3500
13800
20900
5000
7300
32700
4900
4900
10300
4900
25600
10000
34300
32900
6200
6200
8500
6300
28700
17200
20300
9400
23400
7400
7400
34100
51200
34000
23600
36900
8500
10300
8800
9900
9800
7600
101700
19400
89100
12600
12100
12200
14000
17800
14100
14000
13100
13500
15100
15200
45200
48000
14600
15400
15500
74600
59000
13000
77000
12800
11400
12400
95500
44300
64000
12100
87100
9000
10800
31400
11700
8800
10200
10800
30900
8700
7800
8200
8000
13900
44000
8400
10100
10500
10700
9900
9500
9400
10700
9700
23200
28100
15800
11000
10800
41900
43000
11400
40000
11400
11200
12000
70100
46100
63100
15700
84700
8800
8800
25500
10700
9200
9900
10500
11600
8600
8000
8400
8600
8300
8600
8300
9700
10500
25400
9600
40200
9400
10300
9000
27500
26100
10500
10500
11200
40300
39900
10300
38600
12100
11200
10900
67000
41200
70700
11600
80600
8700
8600
31600
11600
8600
9400
10400
9900
20300
23100
8100
36800
7700
8000
8100
9000
14300
24600
37300
38800
8800
9400
9500
11100
11800
12900
10600
10900
10200
11700
11000
42100
12300
11500
12300
77900
47100
61900
12500
85400
9300
9600
61100
11800
9600
10500
10400
34900
8700
19900
7900
9500
13300
41900
8600
9800
10500
50700
9900
67600
14600
13300
9700
16400
12400
11600
11300
40400
11500
12300
10800
30100
39600
11600
11200
11500
40500
41100
11500
84500
10200
8300
26400
12300
9800
11100
11800
10900
8900
12600
8900
9900
8600
8500
8900
10400
11100
24300
10000
40900
10200
10400
10700
11600
19900
12900
12000
36500
12000
13800
12100
28900
28800
13200
13000
12500
42200
41900
13000
120700
9500
9600
9400
28200
26000
23800
9600
11500
8600
12200
8800
14900
7900
35900
8200
9200
9100
8800
9200
9600
9400
11300
9200
14500
10400
10400
10700
12200
10300
10800
10600
15600
14500
11500
31700
10900
12500
32000
11400
61900
9200
9300
9600
9700
9200
9500
15900
9200
9600
28100
7200
7600
7400
7700
7700
9300
8800
9500
8700
8900
9200
9000
9400
10800
10500
10600
20900
11900
10700
10700
10800
12200
11000
11400
45500
11600
13200
31800
12000
61200
9000
9600
9200
9200
10100
9300
11900
8500
7300
7200
7300
7900
7600
7500
7500
9800
9200
8600
8900
9100
8900
33600
9500
11000
10300
12400
10400
11800
10700
10600
10800
12100
13600
12100
30800
16400
14200
34100
12500
65700
9500
9000
12600
9500
9300
11000
11500
8600
7300
7700
7500
7700
7500
7600
17500
17200
11600
9300
9200
10500
9300
29900
13400
10900
10800
10200
10600
10500
10900
11200
10900
12200
14200
11900
31200
11600
12600
31600
11600
61100
8900
9600
9200
9000
9800
12000
11400
8800
7300
7400
7700
8100
7300
7800
7500
9800
27300
12300
8700
27400
9000
29500
10100
10700
10300
10400
10400
10700
10600
10600
10800
11800
11500
11700
11100
13100
11700
11600
13000
59800
12700
9200
9100
9700
9200
9500
11700
8800
7100
7500
7300
7300
7600
7200
7600
9700
8700
9300
9100
8800
9200
29400
10000
10500
10700
10300
10400
10400
10600
11300
10700
15000
13000
11100
11700
12400
11000
11000
12000
60200
10100
9900
15800
9300
11100
15600
9700
9900
7300
7200
9100
8800
7800
7700
9600
9400
10000
10100
9000
9400
9000
10600
9300
11300
10600
10300
11900
11000
11900
11100
17200
13900
12100
11500
11600
11300
47000
12000
11700
64700
9800
9500
11500
12100
9900
9500
10100
8600
8200
8000
8200
7500
7500
7600
8100
13100
9500
9900
9100
9300
9100
10000
9300
11300
10800
10500
12100
10500
12200
11600
12400
12400
11300
11300
11700
11500
37100
14000
15400
62900
9400
10200
9500
11900
10100
9900
9700
9100
8000
7900
7100
7200
7100
7400
7800
9000
8600
8400
9100
10300
9400
9400
9300
11200
10600
14100
12100
11300
12500
10900
12000
14300
11700
11600
11000
11600
38100
12100
11900
62000
9600
9500
9500
12200
9700
13100
10100
8700
7600
8000
7500
7800
7500
7600
8200
9700
9800
9500
9100
10500
9100
9400
10600
11000
12200
12900
10200
10600
10700
12700
10800
12600
15000
11600
11900
11600
34500
11700
11900
61600
9200
9600
9900
11300
9900
9300
9500
7800
7700
7400
7400
9000
7600
7300
8100
9300
8500
9100
9000
13400
9100
12100
9200
10500
11700
11600
10500
34100
10900
11800
10700
12700
11900
11300
13100
11500
13500
11700
18500
58400
10500
10600
8800
12400
10500
9600
10200
9100
9600
8100
8800
7600
7600
8800
8400
10800
8900
10400
8700
11200
10900
9300
10500
11000
13100
12700
12100
10500
14600
12600
11000
12300
11300
11300
13700
11800
13600
11900
15400
59700
9600
9800
9400
9800
19100
9800
10000
10300
7600
7300
8400
8100
7900
7600
7500
7800
12100
7200
7400
7400
7700
9900
9400
8800
8000
8200
8200
11900
9900
39900
8300
9100
10500
8100
8100
8400
8300
8400
8500
58800
5500
5300
5600
5400
5600
7200
5800
7800
6600
6900
10100
7100
7100
6800
6800
7900
8200
7300
7500
7600
9100
8700
7400
8600
7900
8100
8000
8300
9600
37100
8600
9600
9400
7900
9600
11400
7500
7600
8200
58400
5500
5100
5100
5200
6900
6900
5800
7900
6400
7600
6400
7200
6800
6900
6500
8100
7400
7100
8000
9200
7300
7100
7700
8300
7900
8000
7600
8100
9300
36100
8100
8900
9200
7700
7900
8200
8000
8300
8200
54400
6000
5300
5300
5300
5400
7100
5400
10900
6300
7300
6500
7000
6600
6700
6600
8000
7400
7600
8000
8800
7200
34400
7700
8200
8900
7900
7800
7800
8100
9000
8300
8800
12300
8100
8000
8100
7200
8100
8200
57100
5600
5000
5200
5400
5300
6800
5600
7500
7100
6900
6600
7900
6600
6900
6400
8000
7100
8000
7900
9200
7200
11000
7600
8200
8700
8400
7800
8100
7900
9100
8500
8500
7900
8000
7800
8200
9700
36000
8200
55600
5400
5200
5200
8800
5400
6900
5400
7400
6200
7000
6500
7300
6500
6600
6600
8200
7000
11300
9300
7400
7300
7200
7300
8300
10100
8100
7900
8300
8100
9300
8200
11800
7700
8000
7800
8200
10200
34400
8300
53400
7100
5300
5700
5600
5200
5400
5500
8200
6700
6600
6900
6700
6900
7500
34600
7900
8000
7200
8100
7900
7600
7300
8500
8800
9300
9400
8300
12200
8400
8400
9000
9100
8200
8200
8900
8300
8400
8500
10000
55900
5600
5400
9000
5600
5700
5600
7400
7400
9700
27700
6500
6600
6400
7100
7000
7300
7600
7200
8100
8100
7900
7400
8200
9300
8900
9000
7800
8100
8200
9000
8300
9200
8000
11300
8300
8100
8200
8100
10800
57200
6500
5500
6500
5600
5400
5500
7400
7700
6400
6600
6500
7200
6700
7600
7100
7600
7100
7300
7200
10700
7300
8500
29000
8300
8900
9000
8200
7900
8300
8300
9400
8800
7700
8000
8000
7900
8200
8400
9800
58200
13700
5700
6800
5700
5400
5700
7200
7500
6500
6500
6200
6800
6600
7300
7200
7600
7000
7200
7100
7100
7000
8100
29000
8500
8800
7800
8900
12500
8200
8100
9400
8900
8000
8000
8000
8300
8100
8300
9600
57000
5600
5200
7800
5700
5300
5200
7000
7300
6200
6000
9700
6200
6200
6600
6700
6900
6900
6700
7100
6700
7000
7600
28200
7600
8100
7700
8400
8400
7600
7700
9000
8300
9000
9000
11300
8000
7500
7800
8100
57300
6400
5400
7200
5700
5400
6600
7500
7800
7300
6900
6700
7000
7100
7400
7300
7700
7400
7500
7400
7800
7500
12000
33400
8400
9000
8100
9200
9200
8400
8200
9800
9100
9400
9800
8400
8300
8200
8200
8300
56300
5200
8900
5500
5600
5500
5900
8100
7900
6900
6600
6900
6700
7700
6900
7000
7800
7900
7500
7400
7700
30400
7400
7800
9100
9100
9700
8900
52700
8100
8400
8100
10100
8000
8100
8300
8300
8300
8300
11600
60800
5500
5600
5400
5400
5800
5600
7200
7500
6500
6400
6700
6700
6900
6800
6700
7700
7400
7300
7100
7800
31000
7400
9400
9800
8900
11700
8500
52700
8200
8100
8200
8600
7600
7800
13500
11300
8000
7800
7100
54600
5200
5300
4400
4900
5200
5100
6600
7600
9800
5700
6100
26600
6500
7600
6200
8000
6900
6800
6900
7400
7100
7500
7100
8300
8100
8400
8500
50100
8500
8800
8500
13600
7800
8100
8100
8000
8300
8100
8200
58300
5100
5300
5200
5200
5700
5300
7000
7700
6200
6200
8300
28100
6700
6400
6800
7700
7600
7100
11100
7300
7600
7400
7800
8100
7900
8200
7700
8200
52700
8200
9500
10000
8000
7800
8200
7700
8300
8600
8200
59800
5100
5300
5200
5400
7000
5400
6700
7300
6300
6200
6600
6600
6800
6500
6800
7600
7500
6900
7300
7000
7200
7000
7200
8200
7800
7700
8100
7900
30200
8000
12600
9500
9000
7900
9000
50800
8200
8200
8100
58000
5200
5100
5200
5500
5400
5300
6900
7500
6300
6500
6100
6300
6600
6400
6100
7700
7200
7800
7100
7100
7400
7300
7600
8300
7900
8100
7600
8100
23900
4500
5000
5200
4900
4200
4700
28300
5100
4200
5100
25900
3600
2700
3700
5000
2800
3800
2800
4800
3500
3400
3500
3200
3500
3600
3700
3900
3800
3500
3800
3600
3900
3700
3700
4200
4100
4000
4700
4300
4000
4800
4800
4800
4300
4300
6900
4100
4300
4000
4300
24900
2900
2900
3900
4400
2900
3000
3000
5400
3500
3600
3600
3400
3700
3400
3600
4000
3700
3500
5400
3700
3900
3700
3800
4000
5200
4200
4500
4200
3900
4800
4800
4800
4100
4100
4100
3900
4200
4200
4000
23500
2700
2700
3600
4300
2800
3100
2900
4400
3300
6100
3400
3300
3400
3400
3700
4100
4000
3600
3800
3700
3900
4000
4100
4200
4000
4100
4600
4000
4200
5100
4700
4600
4200
4400
4100
4200
4100
6900
4100
23500
2700
2900
3500
4100
3000
2800
2800
4500
3700
3400
3500
3700
3500
3600
3400
4000
4300
3700
7900
4100
4200
5000
6500
5400
4600
7400
4400
4700
4300
4600
4200
5500
4600
4400
4300
4500
4000
4200
4300
23300
2600
3000
3700
4000
3000
2800
2900
4600
3600
3300
3400
3400
3400
6300
3400
3900
3900
3900
3600
3800
3900
4000
4100
4400
3900
4200
4000
4200
4700
4100
4300
4400
4100
4300
4800
4100
6900
4900
4800
23200
2600
2800
3400
3900
2900
2800
3200
4000
3600
3600
3500
3600
3500
3600
3400
4000
4000
3900
3800
3800
3700
4300
4300
4200
6800
4100
4500
4200
4000
4600
4100
4400
4400
4200
5200
4200
4600
5300
5000
23500
2800
3200
2900
3000
2900
2900
3600
4700
3500
3600
3500
3700
3400
4100
3400
4200
3700
3800
3600
3900
3700
3700
11400
6200
4100
7100
6600
4000
4300
4100
4300
4700
4300
4100
4300
4600
5300
4500
21200
24800
4400
2800
3900
7200
3100
3100
3900
4300
7100
3500
3800
3500
3700
3600
3900
4100
3600
3900
3600
3800
3600
4000
4100
4300
3900
4200
4900
4000
4300
4000
4300
4600
4100
4100
4200
4000
7700
4400
19100
24300
2800
2800
3700
6500
3100
3000
3800
4100
5000
3500
4200
3400
3600
3500
3700
4000
4000
3700
3900
3900
4000
4500
6600
4300
3900
4200
4800
4000
4200
4000
4300
4600
4300
4000
4200
4000
5300
4500
19100
24000
2800
3000
3800
6500
5500
3300
3900
4400
3800
3400
3600
3500
3700
3400
5400
4000
5600
5500
5800
5800
6300
19400
6100
7200
6400
7200
6500
6100
6000
7000
8100
8100
10900
7600
6300
7600
9000
5300
28200
25500
6000
2900
3900
6700
2900
2800
3700
4600
3800
3500
3700
3400
3800
8900
4500
5000
3900
3800
7400
3900
18300
4300
4000
4500
4000
4700
5200
4200
4300
4100
4400
4600
4100
4400
5200
4300
4000
4400
4500
23600
2900
6400
3600
6600
2800
2800
3800
4900
3900
3400
3800
3500
3800
3600
4000
3900
4000
3800
4000
3700
3900
5000
3700
13700
4000
4200
4000
4200
6900
4200
4400
4500
4600
4300
4900
4000
4200
4200
4100
23600
2800
3000
2800
2800
4300
3200
8800
5800
3800
3800
3500
3400
3500
3500
5000
4300
3800
3600
4400
4100
4000
3800
3900
4500
4000
4100
3800
4100
4500
7000
4100
4800
4000
4200
4000
4300
4200
4900
4200
24000
3000
2700
2700
2900
2700
3100
2800
4700
3600
3300
4300
4000
3600
3400
4000
3900
3700
3500
6900
4100
3700
3700
4300
4300
4300
4000
3800
4000
4400
4100
4100
4500
4500
4100
4100
4600
4200
4700
4200
23400
2900
2700
2800
2700
2800
6000
4200
4800
3400
3300
3400
3400
3700
3400
4200
4700
4100
3900
3700
3900
3700
3900
4400
4400
4000
3900
4000
3900
4300
4100
4300
4600
4000
4300
7100
4000
4200
4800
4700
24900
2700
2600
2700
2800
2900
2900
2800
4100
3300
3400
3300
3400
3500
3300
3600
4200
3900
3900
3600
4000
3700
3700
3900
4200
3900
6700
5900
4500
4300
4100
4200
4600
4000
4100
4200
3900
4100
4800
4100
24800
3300
2900
2600
2700
2900
2800
2700
4000
3300
3500
3300
3600
3500
6400
4300
4200
3900
3700
3700
3900
3700
4000
3800
4300
4100
3900
4800
4800
4100
4300
4100
4600
4200
4200
4000
4300
4200
4200
4300
26000
2700
2800
2600
3300
2800
2900
3000
4000
3500
3200
3700
3500
3500
3600
3500
4100
4100
3700
3600
3900
3700
4000
3700
4400
4100
4000
4700
4600
4300
4400
5400
7100
4300
4200
4000
4000
4000
4200
4100
23400
2700
2900
2900
2800
3000
3600
2900
