60700
9900
5700
5600
1499600
11800
18000
104700
37900
13900
12700
41300
12200
10200
10900
12200
75300
28800
102100
14400
14400
94100
14800
14200
110200
109300
145600
26000
19600
222800
18300
20200
24900
94800
29000
187300
20600
132200
21600
24300
33300
26900
30100
6900
14100
37000
7600
8300
14000
9200
11500
28000
9900
11000
10700
12500
64400
40000
81100
14000
14300
93300
14200
15100
89400
114600
133400
22300
18700
186500
18000
20300
26100
96400
26600
183400
23600
124800
20200
24500
9100
5900
6000
6200
7500
6600
6900
8300
27200
10200
9600
9400
86400
10800
11000
44400
61200
25400
79300
16700
14000
180400
25500
18200
96600
73300
111000
22300
19500
164700
18800
20200
31200
73000
24800
130900
23400
91500
21900
24200
17000
9800
15600
11900
7300
15900
7300
10200
15800
9900
9800
11800
37800
10800
15100
46000
23400
21100
16000
26300
16000
14900
29300
16500
63700
69900
86300
21000
19900
112800
19900
21900
30400
67300
22900
117800
25300
88800
23300
25200
11000
6200
11300
7200
20000
4100
3700
3800
22100
5800
4800
4900
28900
4800
5400
34900
28000
32700
10200
15400
6600
6600
46800
9900
36000
18400
76300
43500
8300
58100
9100
9000
15900
57800
11800
104000
12800
71200
9900
12000
20400
15600
4100
18600
4800
3800
7000
4000
14200
5100
5200
5100
23300
5700
5300
22700
16500
14700
9500
14500
6400
6300
20600
8200
33700
37100
55800
20800
8700
45600
8300
8200
66000
51600
73600
13500
11900
98600
9900
12600
10300
7700
6800
8800
7000
7200
7300
7200
9100
9100
8200
8100
8500
10100
11700
9400
10700
10400
124600
22200
16200
17200
20200
173500
31900
126900
20000
70100
19500
64800
18400
17600
213400
10900
10400
13500
9800
13000
12800
9600
10600
8700
8700
9000
8800
9600
9400
8700
10500
10200
10400
10200
10400
10800
10500
11800
12400
11900
50400
12900
12300
12000
14100
63800
15200
42400
14700
40700
16600
40500
14400
13000
118400
10700
9400
11200
9500
12800
13500
10100
9500
12500
8600
8600
8200
9000
8500
8600
10400
10200
10000
10800
10100
9600
10200
10000
11700
11700
34000
13200
11700
12100
14900
58300
13600
39500
15400
36900
14200
36700
13000
12000
105000
9600
11700
9600
9700
12500
12900
9800
10100
9100
26900
9200
8400
12700
9300
54500
10500
10700
10300
12500
10300
11100
10400
10600
12100
11900
11900
12200
12200
12100
12300
16000
15900
38000
14100
46700
14500
36200
12600
12900
106100
9800
9500
10300
9000
11400
12500
9700
10700
9000
8600
33000
8800
10600
9700
9300
10400
10300
13500
10700
10000
33500
10200
10000
35000
12100
11300
11600
11600
11500
11800
11400
13200
12300
31500
12300
12300
12500
15400
61100
105800
10100
9800
9300
9000
11900
12500
9100
10100
7900
8700
8500
8900
9300
9700
8900
10500
21300
10400
11600
10800
10100
10000
9700
17100
11100
10800
11700
10900
11400
11200
11200
13400
12100
33000
12600
13300
13200
15700
60000
90300
17100
12500
17100
15100
18300
9700
10000
10100
9100
8600
9000
9200
9600
9200
9200
12300
10600
50400
10100
10500
10500
11800
12100
14300
13700
13600
32300
14000
12400
12600
41700
15400
13300
47700
16200
16100
13000
13300
15400
110200
17200
17500
13100
13400
12300
24200
10100
11200
9400
9100
9400
9500
8800
8800
9000
11400
10200
50700
10000
10200
10500
11700
16000
14100
11500
11700
32000
13600
12000
13600
43600
14700
12900
47200
15000
16500
13000
24300
19600
114500
21700
16200
14900
13800
17200
26500
10900
10900
25200
26800
8300
12900
11700
11300
19600
15300
16200
15400
13900
11600
11000
12100
10000
14000
11500
13000
32600
13200
11200
11900
60100
13600
12000
50400
19200
11900
11900
12500
14100
113700
19800
16600
14100
13600
12500
24600
9700
17000
8300
8200
8700
8400
8300
8400
8200
42200
28600
9700
9700
10800
11000
10900
9800
13200
12000
49300
11600
10900
11200
13500
12900
14100
11800
47600
18300
12100
12200
11900
13900
101900
22200
15200
13900
12100
11400
22700
9900
10400
8400
9300
8700
8300
8100
8700
8200
9700
10900
14200
9400
11200
10400
10500
43100
12900
11200
81500
11500
11300
11200
14800
13100
15700
23100
12100
31300
18600
12200
12600
40400
102200
17400
14900
13600
13500
12800
21200
9400
10800
8400
8300
8900
8300
8200
8400
8600
9700
9500
13900
50400
11800
11400
13700
10200
13700
11200
44800
11700
30300
11200
13900
13400
22700
11900
11600
34700
15300
12900
12100
37000
103600
9300
18800
12800
8600
20600
9000
13100
11200
19700
8300
8300
8200
8300
8200
8600
11900
9800
9600
9300
9400
9700
9500
13400
11700
11400
12500
11000
10700
16800
11200
12600
13400
11600
11800
38100
11800
11900
37500
10900
88300
9500
11400
14300
11000
12800
11000
9100
21600
7400
8100
7000
12200
7600
7700
8800
11000
9500
9400
9200
9600
10200
9300
19100
11100
9600
11000
10400
9600
11000
9800
9500
16200
13300
10200
38300
11800
10100
35700
10700
54700
10100
9400
12100
8800
11400
8700
9400
9200
7200
7000
7200
7900
7300
7100
8200
8700
19400
8600
8400
8800
8700
9200
8600
10300
14100
11300
9900
9700
11300
10500
9700
11800
12300
10900
31000
10400
10400
29800
10200
53200
8600
9400
11600
9000
15600
9000
8900
9100
6900
7200
8300
8200
7100
7000
8600
8900
19500
8300
8300
8300
9200
8400
8800
14100
9700
9700
10000
9500
9700
9800
11800
12000
10400
14100
31600
10900
10600
30300
10500
92200
27700
8900
17100
9700
14000
9600
9500
9400
6300
7000
7100
7700
7000
7300
7600
9200
22800
9600
14200
8400
9000
8500
8600
13000
10500
9700
9000
9600
31300
10300
11200
11500
28700
12900
10400
10500
11900
13900
12700
50100
14000
9100
12100
8800
12300
8900
8800
8900
7300
7300
7700
8000
6800
7300
8000
8900
19800
8600
8300
8600
9100
8500
8600
12300
11000
9500
9900
9600
9800
9700
16400
12300
13300
13100
10000
11400
14100
10600
11400
52800
9100
8700
19000
8600
8900
15800
9500
10600
7300
8100
7100
7500
7800
7200
33600
8900
9200
8200
8300
10300
8100
8500
10300
14200
10100
9900
12000
41800
13500
10800
11400
14700
29300
11100
11900
14400
10600
11900
10500
60700
11700
16600
22000
13500
17300
13000
8800
9100
7700
28600
7100
8100
6600
7500
7900
9100
8500
8200
8200
10600
8700
8200
10100
13800
9300
9700
12400
41900
11900
14200
9700
12900
27700
10600
10100
14200
10400
10600
11100
58600
9200
14600
20600
13200
19300
8900
9400
8700
7100
6500
11100
7900
7100
6800
7900
9000
8800
9900
8500
9600
9700
8400
32900
15900
13000
10000
12100
32700
11900
10600
10000
12300
28600
10900
10000
13500
11200
12200
12000
67000
9400
15800
20700
12400
17300
12100
9900
8200
8100
7600
8100
8700
7700
34600
8600
9300
18400
13100
8200
8400
9300
7300
33600
11600
8200
8200
8300
10800
9000
8300
10400
9700
22900
8700
8300
14300
8100
7900
7900
60000
5800
10800
17900
7900
13000
5800
5800
7900
7200
6500
7000
7800
6700
6600
6800
7000
7000
7700
7800
27700
11300
7000
27600
7900
7600
8200
7900
9600
8100
8200
9300
11200
7600
23900
9600
33500
9500
7900
11400
52000
5100
10900
17500
8000
14100
5700
5400
7400
6800
6100
6100
7100
6100
7300
6600
18600
6400
7600
6800
7800
7600
7100
31700
7900
7400
7000
8100
9800
10200
7500
9400
19300
7500
44500
9500
30600
9700
7800
8400
53200
24200
5200
5300
8000
5400
5600
5400
8700
9200
6400
6500
10900
6600
7400
6900
7800
7900
8000
7800
7100
7300
7700
8100
8600
8000
8800
8200
8300
16400
8300
8900
9300
8000
8400
8200
8100
7800
8200
11300
55300
7000
13300
5700
5500
6000
7300
20300
8200
6700
6600
6200
6300
13600
6500
6800
7800
7900
8000
7500
7700
7300
7600
8200
12100
8700
8900
8100
8000
8400
8700
8100
8900
7800
7800
8000
8100
8400
8400
8000
49800
6600
12100
5000
5000
5200
6900
19700
11300
6400
6100
6200
6300
6900
6400
6700
6900
7200
6600
7300
7000
7200
22100
7400
7900
7600
8500
7600
7700
7700
7500
9100
8700
7200
7100
7300
7200
11300
7600
7800
45400
6800
13100
9200
5500
5100
6800
22600
8600
6400
6100
6500
5700
6800
6300
6300
6800
6600
6900
6600
6900
6700
7800
6900
7700
12700
8000
8300
8200
8200
7900
9100
9000
8000
8000
8000
7800
8100
8000
9200
61100
6500
16500
5200
5700
5300
7500
23300
7400
10000
6300
6800
6600
6800
6800
6300
7200
7200
7300
7100
7400
7200
8300
7500
7600
8600
7800
8600
7900
8000
8200
9100
8600
7800
9000
8100
8200
11300
8100
8600
54000
6600
11500
5300
5500
5300
7300
17400
6800
6200
5900
6400
6100
6700
6500
6300
8600
6900
7200
6900
7900
7000
8200
7300
7900
12200
8000
8700
8200
8100
7600
8800
8200
21600
8800
7600
7500
7700
7700
7800
47400
5200
5500
5400
5100
5200
18400
6000
21600
14700
9400
6800
35400
6700
6900
7000
11400
12900
7500
7000
7500
7300
10000
13200
10100
8300
8300
9300
8200
8400
8200
8600
10200
9500
8600
8200
8500
9500
8200
8700
56300
5600
5300
7100
6900
5500
5500
9000
9000
6900
6500
6900
6800
7200
32700
7400
8100
7500
7400
9400
7300
7700
7700
9500
9700
8100
8200
9100
8000
8100
8100
8300
9400
12500
8100
8100
8100
9400
8200
8400
56200
5400
5200
6700
6300
5300
5200
5400
7400
6100
6200
5900
5900
6200
6300
6400
9000
6900
6600
6700
38400
6900
7200
6800
9100
7600
8400
8400
7500
7800
7400
7300
8800
8500
7600
8000
7300
8900
7500
7700
46600
5300
5000
6600
11100
5500
5400
5100
7600
6100
6400
6100
6400
6600
6400
7000
8000
6800
6800
6900
43200
6500
6700
6600
18400
8000
7000
10900
10400
9700
10600
14800
18000
12800
12900
9800
8000
9000
7100
7500
47500
5500
5300
6300
7000
5400
5300
5300
7600
6300
6300
6600
6300
12600
9600
7200
8200
6900
11400
6800
34300
7000
7200
6900
9000
7400
7300
7800
7200
7700
8800
7900
9900
7800
7100
9000
7700
7600
7500
7800
48800
9700
5300
6800
7000
5400
5300
5600
7700
6600
6100
6500
6200
6700
6300
7000
7700
6800
6900
7000
35000
7000
6800
7100
9200
7400
7700
7700
7300
11600
7800
7900
9800
7600
7400
8800
7500
7400
8900
7600
48000
6900
5900
5500
5100
6900
5400
5600
9500
6300
6200
6000
6100
6800
6400
6300
7500
6600
7200
6500
6800
6800
6800
7900
8800
7800
8700
7600
12400
7500
7500
7800
8500
7500
7500
7800
8700
7600
7500
7400
48600
5300
5300
14300
7200
8000
5300
5500
8000
6200
6000
6000
6300
9000
6300
6300
9000
7400
6300
8000
6700
6900
7600
9400
9900
7200
9500
8700
8000
8800
8500
7500
10100
8600
7300
7400
9900
8500
7400
11700
57000
6200
5100
13500
7200
8000
5100
5200
10200
8700
6100
6000
6100
6500
6300
6200
6900
6700
6600
6700
6300
7700
7600
6800
8900
7500
12400
7400
8600
7600
7500
7700
8900
7900
7200
7600
8800
7400
7700
7400
48700
5200
5500
13100
7300
7500
5600
6500
7500
6600
6700
10700
8800
7400
6600
7200
7400
7400
7500
7800
7500
9200
8400
8000
9600
8000
8200
8600
8400
8600
8200
9700
9500
8500
8500
8500
9900
11900
8400
8600
56800
5400
5300
12800
7000
7900
5600
5400
8300
6500
7200
8200
6800
7200
6700
7600
7600
7600
7500
7600
7000
11900
8100
8000
9600
8200
8400
8100
8400
8600
8300
9500
10400
8500
10200
8500
9500
8600
8800
8800
57000
5400
5400
11500
10300
7600
5500
5800
7400
8400
6600
6400
6900
7100
7000
6800
7400
21800
7400
7600
7400
8300
9000
7700
9300
8000
7800
8600
8900
8400
8500
13100
10600
8200
9500
8500
9200
8200
8300
8500
55700
5600
5300
5700
7000
5600
5500
5600
9200
6800
6700
7100
6700
7100
9000
7400
7700
7400
7400
8600
7600
7900
7600
40000
8700
10900
8400
9600
8400
12400
8500
8700
9100
9600
9700
8300
9000
8200
9500
7700
50000
7200
5500
5600
5400
5500
5500
7100
8400
6700
6500
8100
6900
6600
7100
7000
11300
7500
7600
8400
7600
7600
7800
31000
9100
9100
8400
9100
8600
8400
8600
10600
9400
8200
9600
8500
8400
9000
9600
8400
59500
5300
5800
5500
5600
5600
5700
7600
8500
6700
6900
7100
7500
7300
7200
7000
9300
43700
7700
7500
7500
7600
8800
8100
9000
9200
8100
14200
8700
8400
8700
8500
8900
8500
9900
8200
8300
8200
9500
8400
56000
5300
5400
5600
5300
5600
5400
7400
8000
6700
6600
7100
6500
10400
6800
7300
8000
7300
7500
7500
7200
7400
8400
7800
8400
8200
8300
9600
8300
8500
8500
29300
9000
7800
9700
8100
8400
8200
12900
8400
56200
5400
5100
5500
5400
5400
5600
7000
7600
6500
6800
6900
6800
7000
7000
6700
8900
7300
7500
7600
7700
7600
8800
7700
9900
8500
8200
13600
8600
8200
8500
28800
9000
10000
8000
9700
8200
8300
8500
8200
54800
5200
5900
6700
5200
7000
5100
7100
7900
6600
6400
10300
6600
6800
6700
6600
7900
7100
7300
7300
7600
7800
10100
8000
8700
8400
8200
9800
8400
8700
8500
30700
9000
9900
8100
9700
11700
8400
8600
8300
56300
5200
7500
5300
5500
5400
7000
5700
8100
10500
6800
7200
6800
6900
8300
7600
8000
7600
7300
7400
7700
7800
7800
7800
9000
8400
8000
8300
8000
9100
8800
8400
9200
8400
7800
9200
8300
8300
11800
9400
55700
5000
7700
130900
10200
4000
5100
4900
7300
4500
3800
4300
3900
20900
10800
7200
10200
7000
6900
7100
7000
7000
8500
7100
8100
7600
7100
7400
7100
15400
7400
7300
8800
8400
7400
8500
7800
7700
7800
8800
47000
5600
5200
5100
5400
5500
5300
5500
7700
6300
5600
6200
6100
6500
6100
6200
6900
12200
10100
6700
7000
6700
7100
7600
8100
7400
7100
6500
8400
8200
7500
7300
8300
7400
7200
8200
7900
7600
7800
9600
49000
5400
5100
5300
9600
5300
5500
5200
8100
6200
6100
6800
6200
6500
6200
6500
6900
6900
6700
6900
6700
9900
7000
7900
7800
7200
7200
7200
7400
7500
7500
7700
8500
7300
11100
9000
7600
7400
7200
8100
46900
5000
4800
4900
4900
5800
5200
5000
8400
5900
6000
6400
6200
6000
6200
6100
6600
6600
6700
6600
6900
6800
7000
7800
11500
9400
6800
7200
7100
7200
7600
8200
8400
7700
7400
7000
7300
8600
7900
7300
48300
4800
4600
4100
4500
4800
7100
5000
7600
5500
5600
6600
11200
5800
5800
5800
6600
6300
6500
6800
6600
6900
6500
7500
7900
7000
7200
7000
7200
7100
10700
7900
8100
7400
7400
7200
7600
8500
8500
7400
51900
5300
5300
6500
5100
5200
5100
6300
