58700
1437800
7700
6100
6100
6200
16300
157900
22200
8500
9400
9900
9800
40700
10300
11300
46900
53900
15300
77900
16400
82500
14800
12700
59400
21000
13200
123900
13500
16300
18000
17400
74700
67100
68900
16100
16500
22000
200900
205600
39800
5000
50300
7000
6100
6100
6600
73100
19200
7600
8200
8200
9600
36400
9600
10600
39000
46200
13100
62600
12400
70100
17500
13200
50500
16500
15900
107200
14300
16200
17500
17100
69600
62100
72200
16100
19000
19700
164700
186200
5600
12700
5500
6600
24900
6300
6400
7000
9900
58500
7900
8500
8500
9300
10700
86800
37300
43100
15700
58400
11200
62300
15000
11800
41600
16300
15300
94000
14200
16000
21100
17000
53800
51500
54300
16400
15700
19200
178300
143200
7800
5300
5900
6600
6100
6100
6300
8900
11200
49200
8200
9300
8800
8200
10600
74000
50900
46100
11200
57300
14200
30000
11500
13800
38500
16100
13100
72100
13900
17700
18100
19700
47000
44900
50300
15800
15800
24100
104700
128300
12400
5500
13600
7200
7400
6300
6400
19700
11300
49700
8100
10100
8200
9300
13000
60700
21100
16800
10500
18200
13800
24600
11400
16500
32100
36700
16900
43700
13500
47700
18600
15400
45200
42000
46100
16600
16000
22600
108900
119500
32000
4500
18300
5500
20500
4800
4800
16100
7100
54800
12800
8000
8400
13400
13100
61500
30700
23000
10300
26600
12900
58400
36500
15400
56700
39700
16100
48800
13900
52500
17900
19600
56900
19700
65800
68500
17500
18800
21400
21000
23300
21500
20400
21400
20900
22800
21500
22600
22800
23000
147200
36100
28400
30000
30100
30500
32700
131400
163400
73800
76600
15100
14100
13100
74500
13700
13300
13600
13600
13200
16300
14400
170300
8400
6200
9300
27100
19500
36700
9000
10100
8400
8100
7400
7200
7800
7700
8200
9900
8800
67400
8500
8000
12600
8500
8400
9700
62600
37500
37700
43300
12900
9100
10500
38100
9300
10000
8800
10500
10600
12900
10700
132300
9500
9200
15700
25600
17900
34100
9200
9900
7500
7600
7400
7900
8500
8000
7800
8600
8900
8700
8400
8500
14400
41100
8500
9800
48400
46500
34600
41600
10600
9700
8900
35300
9300
9200
9800
9100
9500
12600
10700
91200
5800
5700
13300
24400
19200
38300
9400
9900
8000
24400
7600
28400
7700
7600
7800
8600
9500
8800
32500
9700
9200
8700
8700
9700
13400
40800
9200
34200
8600
46900
13700
35900
9800
9000
9800
9400
9600
19400
10800
96300
5300
9900
9100
14700
15800
30400
8200
10100
7900
7600
8200
7600
7500
31800
8500
8700
9100
9500
8900
8100
9600
8500
8700
10000
9100
41900
9700
9100
8700
9400
9400
10300
46600
30800
33800
41100
11500
9500
9600
98600
9700
5400
8000
13400
13700
29800
8300
9700
18700
7800
7800
7700
7800
21500
8000
8700
9500
9100
8600
8300
9400
8300
8800
9700
33300
39000
9600
9200
9500
47000
9200
9900
44500
30400
33200
74100
10800
12600
9400
107500
5600
13600
5400
5400
5600
8400
8200
13100
7900
14100
10800
7700
8800
7800
8000
12300
8500
8400
9200
33300
8900
36400
8500
9500
10400
11100
9400
9100
10000
9600
9200
12100
9500
28400
9400
9000
10900
39900
9300
82900
5400
5700
5400
8500
5600
8400
5800
9800
7500
7600
7700
7700
7400
7600
8100
8500
9900
8300
8900
35100
8700
35600
8700
9100
10100
9300
8800
9200
9500
9400
9400
11200
9100
25100
9100
9400
10900
39400
13200
85000
7200
5600
5400
7500
5500
8100
6400
9500
7600
29000
7500
7600
7700
7600
8100
8400
8100
37000
8400
8400
8400
9000
8600
9300
9700
14300
9500
9400
10000
9500
9400
11200
9400
24400
9100
9300
10700
46000
16000
49000
5700
6300
5800
7500
5500
8900
5700
8200
10000
6900
6700
6400
6600
6500
7700
7000
7400
7000
7400
7100
7300
7300
7300
8100
7700
7800
8700
33500
8100
29300
8100
12400
8100
25900
8300
8600
9500
36500
8200
51100
5300
6000
5400
7400
5400
8100
5700
7700
6400
6500
7100
6700
6400
6600
7100
20200
7600
7900
35200
7300
7100
7100
7200
8300
8100
8000
10800
27500
8300
31600
8400
10200
9700
8300
8000
8500
9200
7700
8000
48600
6000
5600
5900
8200
5300
8100
6200
7700
6500
6700
7100
6500
6600
7000
7800
7600
7200
7100
8100
7300
7000
7300
7000
8100
9000
7900
16500
70300
15100
34100
10000
12800
14100
10600
10500
10700
14700
10900
10600
55900
9600
18100
8800
9800
13000
21000
9600
11000
7100
7100
7000
6900
7700
7400
8300
9200
9200
12100
13000
9100
67300
9200
8600
10900
16700
21600
11400
11200
10700
13300
11400
12100
13000
10400
11400
10800
10400
11400
74000
55000
9000
12400
11200
8600
12300
8900
8800
8700
7000
7100
6900
7100
7400
8400
14000
9600
8600
13200
8400
8500
54200
9300
9500
15100
10800
10600
10800
10200
10700
9900
10000
12100
18000
10600
10300
10800
10900
10800
35400
57200
13200
17500
7500
5700
7900
5900
6200
10500
6900
6700
6400
6400
6300
7300
6300
7000
6400
7200
6900
45000
34400
7400
7100
11000
11000
10800
11400
7900
8500
8200
7700
11700
9400
7900
7900
8000
8200
7600
39000
51500
5700
14700
7200
5700
7300
5800
5600
8300
6300
6500
6400
6600
6400
7900
9600
7400
7700
7100
6900
7300
6900
7100
7600
8500
7700
10100
12000
7400
52900
7500
7900
8800
9800
8300
10100
10700
7700
8000
31400
48800
5200
7300
7500
5900
7400
5400
5500
7600
5900
6200
6100
6300
6100
6900
6100
7100
39000
7700
6700
7000
7000
7000
7100
7200
7300
8200
7400
7500
50400
7800
10000
8100
12500
8600
8900
7800
8500
7800
10000
49400
5500
7200
7100
5400
7700
5600
5800
7500
6700
6400
6700
6400
6600
8100
6800
7200
7200
7000
11100
7100
7600
7300
7300
7800
7500
8900
7400
7700
53400
10800
8000
8900
9100
9100
9300
8100
9100
8000
7700
55100
7400
5200
5500
5400
5600
5900
15600
20900
14000
8700
7200
12300
6600
6700
10700
7100
8400
7300
7300
7300
38000
7300
7800
8800
19800
10100
8100
8300
7800
10100
8800
9700
9700
8600
8700
8200
8300
10300
7900
57100
5800
6500
4600
17300
5600
6800
19100
7900
31500
6200
6300
7600
7000
7300
6500
8500
9000
7700
7900
6700
36600
7000
7800
7900
23700
9500
7500
7900
7500
15100
8200
9100
10200
7900
7700
7700
7900
8400
13400
56300
5700
4900
5700
17200
7700
5800
16700
12300
6700
6400
6200
6500
6200
13700
36500
12800
6700
7700
6800
7800
6900
7900
7000
8300
19900
9800
7900
7600
7900
9300
8100
13300
8500
14900
8600
8500
8200
8700
11000
53400
5600
5200
5500
15300
5500
5400
16200
7700
8000
6100
6400
6100
6400
5700
6300
8000
6800
7600
7100
7700
11200
13300
7200
20100
9200
8000
7700
8000
35800
8000
8100
10100
8000
7600
7800
10500
8000
8200
7900
52500
5500
9800
5600
16100
5600
5800
16800
7500
6400
6100
6400
13200
10000
6400
6200
8200
6400
7700
6400
7600
6800
7500
6600
7500
9200
7900
7300
7100
58200
12000
7500
8100
19000
9800
7300
7500
7400
10000
7700
50500
5300
5300
5900
16100
5400
5500
16400
7400
6500
6400
6200
33400
6000
6200
6200
8500
6400
7000
6400
7500
6800
7600
6600
7700
8400
7200
7700
8400
43600
7700
7500
8800
19400
9700
7300
11900
7700
9200
8100
49400
5500
5200
5400
5400
161800
21200
4400
12200
3900
4000
4600
4900
3800
4200
3700
4600
3900
4500
3600
3600
4500
4100
3800
5200
4400
5000
4300
4900
5100
4200
5300
6400
4400
7600
4600
4300
23800
7100
4300
36300
3300
3000
3200
3300
3000
3300
3700
4900
3700
3400
3600
3500
3700
4100
4000
6900
3700
3500
3800
3600
4600
3800
3900
5100
4400
4700
5800
4900
6100
4100
5100
6100
6400
4400
4100
4200
16600
5800
7300
26300
3200
2900
3000
3100
3000
3400
3000
5300
4100
3400
3600
3400
3600
3800
3900
4300
3900
3900
3900
4400
3900
3800
4000
4900
6600
4700
7000
5200
5100
4100
5100
6200
4100
4300
4200
4200
16800
5500
4200
25700
3300
2900
3000
3000
3000
3200
3000
8100
3500
3700
3600
3700
3300
4300
4100
4800
4600
3800
4000
4700
4100
3800
4100
4400
4000
4500
3900
4200
5300
4200
4400
6000
4100
6900
4100
4200
16300
5500
4300
25400
2800
3100
2900
3000
3000
3300
3100
5000
3300
3300
3600
14200
5200
3800
4000
4600
3800
3900
6300
5100
4600
4100
3900
5100
4100
4100
4000
4200
5200
5900
4300
5400
4300
5100
4500
5300
5700
4200
5500
27900
3100
2800
2900
3000
3000
4000
3000
4900
3400
3300
5500
3400
3500
3800
4500
4500
3900
4900
4500
5000
3900
3800
4000
4400
4000
4200
4000
4100
5100
4100
7600
5400
4400
5200
4200
5100
5100
4400
5200
27300
3200
3200
3000
3000
9500
4700
3700
5200
3700
3400
3800
3400
4200
4500
3600
4100
3800
4100
3700
3700
4400
3700
3900
4600
4200
4900
16400
4300
4800
5900
4300
5100
4100
4400
4100
4400
4100
4400
6400
25900
3000
4100
3100
3100
3100
3100
4300
4300
3400
3400
3500
3500
3500
3800
3700
4200
3600
4300
3600
3800
4600
3800
5100
6000
4100
5700
12500
4200
4900
4100
4200
4600
4300
4200
4400
4000
4500
4100
7900
25800
3600
3700
3100
3100
3300
3000
4200
5400
3800
3500
4100
3400
3900
3300
4000
4700
4600
3700
4200
3900
3900
3800
3800
4500
4900
7600
12300
4300
4700
4300
4400
4700
4100
4400
4000
4200
4200
4300
5200
25400
3000
4000
3000
3100
3200
3000
4100
5100
3400
6400
3900
3800
3400
4800
3700
11700
3900
3700
4000
3900
4100
3800
4000
4300
3900
4800
4200
4300
5300
4200
6200
4600
4300
4000
4300
4000
7400
4400
5200
24900
3200
3600
3200
2900
3200
2800
4200
4600
3700
3400
3900
3500
3700
3300
3800
4100
4100
3900
3800
3800
3900
3800
4100
4300
7000
4500
4300
4300
4600
4200
4200
4600
4300
5000
12300
4400
5200
4300
4400
26800
3100
3800
3100
4400
3000
3200
4000
6800
4900
3600
3900
3700
3800
3600
3800
4400
3800
4500
4500
4600
3900
3900
4000
4500
4400
4800
4400
4400
6600
4500
4200
4800
4400
5200
14900
4300
5100
4400
4200
24900
3100
3500
3100
3000
3300
3100
4300
5500
3400
4100
3400
3600
4800
3500
3600
3900
3800
3900
4400
3700
4000
3600
4100
4900
4300
4000
4200
4900
4100
4500
4300
4700
4800
13400
7500
4500
4100
5100
4900
23800
3200
3900
4000
3400
3100
3300
10300
4700
3600
3200
3400
3600
3400
3700
3600
4100
3600
3800
4000
3900
3600
7100
3800
4300
4900
4100
4000
4600
4700
5500
4400
4500
4800
11700
6800
4200
4300
5000
5100
24100
3200
3800
4200
3400
4500
3000
11300
5500
3500
4400
3700
3400
4300
6300
4800
3800
4600
3700
4600
3900
4800
3800
3800
5200
5100
4000
5100
5400
4100
5000
4200
5300
5600
14900
4900
4400
4100
5300
4900
23900
3100
3900
3800
3400
3000
3200
11100
4100
3600
3300
3300
3400
3400
3600
3900
4000
3600
3800
3700
6700
4300
4100
3700
4300
4000
4900
7300
4400
4200
4100
4400
4600
4800
13900
4900
4300
4500
6400
4600
24400
3000
3900
7100
5100
3300
2900
13700
4500
6100
5200
5200
3600
3700
3500
5300
4100
3700
3800
3900
4000
3900
3800
3800
5500
4300
4100
5200
7000
4200
4300
4500
4700
12800
4300
4300
5300
4300
4400
4500
26000
3000
3800
4100
3000
4300
3800
10100
4600
3400
3400
3300
6700
3500
3300
4100
4000
3600
4300
3900
3700
3900
3800
3900
5500
4200
4300
4800
4200
4000
18100
4500
4700
4400
5000
4500
4900
4300
4100
6900
23700
4000
6400
3600
3100
2800
4000
4600
4700
3600
3400
6500
3400
4200
3500
3500
4000
3900
3800
13900
4000
4200
4100
5800
4800
4500
4000
14600
4100
4400
4200
5000
7100
4200
4400
9700
5100
5000
4400
4900
25300
4000
3100
3000
3400
4000
3400
11200
4600
3600
3400
3600
3900
3400
3900
4200
5700
4000
3700
13100
3900
4100
6900
4100
4600
4200
4000
14500
4100
4500
4200
4900
5700
4200
4300
5000
4200
5500
4300
4900
24200
2900
3000
2800
7100
4200
3200
10500
4600
3500
3500
3600
12100
3400
5300
3600
4100
3600
3900
3700
3900
4300
4100
4200
4400
4300
4000
14200
4100
4400
4100
7500
5700
4200
4200
4900
4000
4900
4400
4900
24600
2900
3000
2800
3200
4000
3200
11700
4100
3500
3300
5200
3400
3300
3900
5400
6700
4200
3700
3700
15100
4500
4100
4000
4500
4000
4800
15400
5800
5600
4100
4800
6100
5400
4600
5100
4200
5000
7200
5200
23900
3400
3100
2900
3300
4000
3900
15400
4200
3600
3500
3600
3500
3700
4000
3800
4500
4100
4000
4000
3800
4900
4000
4200
4500
4000
7100
14300
4400
5200
4100
5200
5100
5000
4200
14000
4600
5000
4300
5400
25000
2900
3700
2900
3300
4000
3200
13300
4100
3700
3500
3600
3500
3300
3900
4700
4100
3700
3800
3600
3900
4400
4000
21600
4900
4300
4100
13600
4100
4900
4500
5800
4700
7800
4400
14000
4300
4300
4400
5400
25300
3200
2800
3900
3200
4000
4000
4600
4700
3700
3900
3600
3400
3500
3800
3600
5100
4300
4300
4000
3700
4100
3800
4100
5500
5000
4200
4300
5800
4500
4600
7200
5700
4500
5200
4600
4400
4300
4400
4200
27000
3200
3200
3000
3400
3300
3100
3100
4100
3600
3300
3800
3500
3500
3600
3500
4600
4300
4200
6800
3800
4100
3700
4100
5200
5000
5800
4500
5700
4500
4100
4400
5800
4800
4500
4100
4300
4100
5100
4200
26300
3000
3000
3000
5700
29600
3200
3400
4400
3700
3500
4300
3900
3700
3500
3700
4000
3900
3900
3800
3800
3900
3900
4100
5100
5000
4200
4300
4100
4300
4100
4300
5500
7200
4200
4000
4400
6100
4900
4800
24000
3100
3100
3100
3200
3100
2900
3100
5500
3700
3400
4100
3800
4000
14700
3900
4000
3900
3800
3900
3800
4000
3800
3800
4900
4900
5000
4400
4100
4500
4200
4300
5900
4100
4300
4100
4500
4100
4400
4400
26700
3300
2800
2700
3000
3000
3000
2900
4300
6400
3500
4000
3600
3700
3600
3800
3900
3900
4600
4300
4400
11900
4100
3900
4900
4800
4800
4300
4100
4400
4200
4400
5700
5100
4500
4300
7400
4400
4200
4500
23700
4500
2900
2800
3000
3000
3100
2900
6000
3800
3300
4400
3600
3700
3400
3800
3700
3900
3700
3900
3800
3700
3900
3800
4800
4700
7300
4100
13900
4500
5600
4600
5300
5000
4400
4200
4500
4100
4400
4200
24800
3200
2900
3000
3100
3000
3200
3000
