50200
10100
3800
4300
3500
3900
4100
4100
44700
6100
14600
1161900
8000
11800
9800
6400
91900
32400
12500
7200
7100
14400
7600
7800
75700
11000
46400
46000
9300
9500
9500
9900
41500
91100
21000
97700
64700
11800
14900
17300
10600
3300
3700
6200
3500
4200
4000
4300
6100
5500
5400
30300
6000
6300
6000
6600
47300
26000
7200
7400
7900
7600
7600
7700
56500
9200
37500
38700
9100
9100
14500
17400
12800
84000
11700
70100
52500
11400
11600
11300
10600
3400
3800
3500
4100
3900
4000
4500
13500
5200
5600
5300
5600
5600
6100
10400
73800
29300
7200
7600
7100
7700
7500
7600
66600
9200
31000
33800
9100
12000
9800
9700
13000
74400
11400
66500
48300
11300
11500
11300
14700
3400
3700
3600
3700
4400
4100
5400
7500
5500
5200
6000
5500
5800
6400
6100
7200
14900
20100
30500
7300
7800
20800
7700
50800
8800
36700
29700
9200
10000
9700
10000
12900
79200
11100
59700
46800
11400
11500
11400
3300
3100
3600
3600
4400
8200
4100
4300
6800
5000
13100
5700
5500
5700
14800
6000
7900
7000
6900
22000
7500
7800
7800
8000
66400
23400
9000
33200
9400
38000
9800
9700
17100
63900
16800
62600
42900
12800
11900
11800
12700
3400
3800
3800
4000
4000
4200
4300
14400
5200
5400
6500
5600
6100
6300
6100
8700
18200
14000
40400
8200
8300
24100
8200
38800
39700
47500
6700
4700
8600
31700
5300
64900
5200
34300
31400
13500
5700
6200
9500
8300
6700
6100
6100
6200
6400
6200
6200
8200
13500
10200
7000
171000
20800
13800
144800
102300
12800
12800
12600
96200
13900
82800
115100
29600
9000
8300
152400
9300
99200
9900
10400
139400
6400
8400
7000
6900
5700
6100
50700
8700
7500
7400
7200
8000
8000
8000
10600
11800
9600
9900
8600
103300
10100
8100
105500
72900
10700
9400
10200
69300
11700
74900
109900
13200
16000
10000
123300
8300
92800
9300
10600
126900
5600
7800
7200
5500
5900
5300
50600
9600
7900
7300
7300
98400
7800
7700
7800
8500
8000
8100
8200
8200
8200
8300
89600
69900
9100
9000
8700
65600
9800
71800
112300
19500
11100
10600
136400
6500
94000
8700
9700
151700
7900
7200
6900
6100
5400
5200
45800
8800
41700
7500
7600
7400
7600
45700
30500
8400
8400
7200
7900
7800
8100
7900
8200
11500
8600
33100
5100
37700
8400
16400
51200
12700
8900
10300
66200
9700
50400
9200
11400
102300
5900
8000
10100
6000
5500
5700
42200
8700
8300
7300
8600
7800
7800
7200
42700
8300
8200
8100
8000
8000
8200
8100
8600
11900
8500
8700
8500
44300
8800
8700
52200
55300
9200
8900
9300
31600
10800
69700
51500
90600
5100
6200
15400
6500
5000
6300
65700
8500
11700
4900
4300
4300
4200
4200
4200
4900
4600
5800
4500
4700
4500
4700
4700
6600
5100
22600
13900
27100
5600
5100
24300
18100
5100
5200
4900
35700
5900
18600
33400
77800
5900
7200
31900
5100
17600
5400
7500
10000
8600
7600
7400
7000
6600
5600
7200
13900
5500
5200
5200
4900
4900
4800
4800
5700
5000
5800
6200
4900
5000
5100
6000
6400
12700
9300
8600
8200
7800
7000
5400
48400
7900
5400
8200
4100
4500
3500
4400
15800
10200
4200
4200
4100
4200
4200
6100
5200
5800
4600
5100
5000
4800
4600
4800
5400
4800
9900
6600
4800
4900
4800
6000
7500
5100
6200
5200
4800
5100
5000
5200
39900
4200
3400
4900
5200
4400
3300
8800
6000
4700
4400
4300
4300
4100
4300
4200
5500
5300
4700
4700
4600
4700
5300
5300
5500
4700
6100
6000
4900
5000
4800
5900
5700
9100
6000
5100
4800
5100
4800
5200
39300
4000
3400
4700
3100
4300
3300
4300
5600
4400
4300
4100
4300
4000
4200
4900
5100
4800
8400
4400
4800
4600
4700
5000
5400
5800
5000
5700
5500
5300
6800
5200
5700
5300
6500
5200
4800
5100
4800
5700
43900
4400
3300
4600
3000
4300
5100
4200
5400
4300
4200
4100
4200
4100
4300
4200
5100
4800
4700
4300
4700
4500
4600
4900
5300
5500
5100
5400
9600
5200
4900
5000
5600
5300
5000
6700
5100
4900
5200
5900
39100
4000
4200
5400
3100
4300
3400
4200
5400
8900
5300
4500
4100
4100
4200
4200
5400
5200
4500
4700
4500
4600
4400
5800
5200
6000
4900
5900
5800
5200
5000
5100
5600
4800
5000
10800
5000
5500
4900
6100
38800
3100
4700
3500
3200
3100
3300
3400
19500
4200
14600
17400
4400
4400
4400
4200
5200
4400
6200
4600
4600
4500
4900
4600
13600
5300
5500
5600
5200
5100
28600
4800
6100
5700
5200
5000
5100
5000
5900
5800
38900
5400
3000
3400
4300
5300
11100
9400
5000
14000
8600
4300
4300
4300
4200
15600
4900
4400
5000
4900
4400
4700
4700
4600
13900
5400
5500
5500
4800
5000
22400
5000
5800
9000
5300
5100
4900
5200
6100
5200
38500
6600
3200
3500
4100
4800
16200
14800
14000
6300
6200
5800
7500
6300
6000
6400
31600
13300
6500
20100
7000
7400
6000
6400
15800
5700
5200
4900
4500
4300
22400
7000
8800
7100
5300
4700
4300
9700
5400
4400
25900
5200
3100
3000
4600
5100
10100
8800
4800
3700
4000
11400
3600
3800
3700
4000
13800
4500
4000
17000
3900
4600
4200
3900
5300
4500
16800
5100
4400
4400
5000
5000
5100
4300
4400
4300
4400
4300
5100
4400
30000
4200
3400
3100
4000
4800
9300
8400
4300
4000
5500
3600
3500
3600
3600
3500
14000
3800
3800
11700
4000
4500
3900
4100
5100
4300
8500
4700
4200
4500
4600
4500
12100
4800
5200
5000
5000
4200
17000
5100
24600
4100
3400
3100
3900
9100
11400
8600
4800
3500
3700
3600
16400
3600
3800
3500
13400
14700
4500
11700
4000
4700
4000
4100
5100
4100
4300
9100
4300
4500
5000
4200
12200
5500
5300
5200
4300
4500
17000
4200
25200
3100
3000
3300
3200
3500
4400
3100
5500
3500
4500
3600
4600
3600
3600
3700
12900
4900
3800
5100
4000
5000
3900
3900
8800
5100
12200
4900
4500
4700
4500
4500
5700
6200
4400
4400
4600
4400
4400
6000
25100
3000
3100
3000
4100
4000
8000
3300
4700
3600
3600
3500
3700
3700
3700
3800
11900
3900
3700
4000
3900
4000
3800
4000
5200
4800
19900
8000
7200
7600
8000
8100
14500
9300
7900
8100
8000
7500
8000
8000
45700
5200
5300
5300
7100
8300
5700
5500
6800
6400
6100
81200
10300
6200
6100
6600
7800
7700
7500
34300
24600
7800
7300
6500
7900
8600
26200
5500
5000
5200
5000
4700
7100
5900
4900
4800
4800
7100
4800
4600
28000
3800
3200
11300
4500
4300
5700
3200
5500
15000
3500
3900
4000
4400
3700
4300
4100
5000
4600
4200
4000
4300
4100
4500
12100
4500
4200
4500
4500
4300
10000
4400
6300
5200
4500
4400
4300
4500
4400
4200
25600
2900
3000
3200
4000
3900
3400
3100
5800
3900
3400
3800
4600
3700
3600
4200
8700
3900
3900
4000
3800
4200
6500
4200
12200
4400
4600
4400
4500
4400
4800
4500
4900
5700
26500
5600
4700
5300
4500
4400
29300
3000
2800
3100
4000
3900
3400
3100
5600
3500
3400
3700
4200
3600
3600
4100
4300
3900
3900
4000
4000
4800
4000
4200
11300
4500
4200
4400
4300
4400
5000
4400
5200
5100
17100
6200
4500
15700
4600
4900
28900
4500
3400
3300
3700
3400
3600
3300
6000
4100
3800
3900
4300
4000
11500
4600
4500
7400
13400
4400
4900
4300
4100
4300
5000
5400
10100
4900
4900
5500
5600
5600
6800
4900
5000
7300
4800
5300
5500
4700
26600
4900
3500
3400
8200
17800
3400
3500
10000
6200
3600
3800
5200
3700
3500
4000
4000
4000
3800
4000
4400
4100
3900
4100
4600
4800
5100
4400
5000
6300
5900
10700
6100
4300
4500
5500
4300
4400
5000
4400
25000
4500
3000
3300
3100
9200
3200
3000
4800
4200
3800
4700
3900
3900
4500
9500
4300
4400
4100
4500
4800
4400
5100
4900
5100
5700
5900
4500
4800
5400
5400
5600
6600
5300
4800
5900
6400
4800
9600
4900
26300
5000
3400
3300
3300
10300
3400
3400
5600
4300
4100
3800
4700
3800
4000
3900
5100
6500
4200
4100
5300
6200
5700
5300
13700
4200
4400
4400
5400
4200
4500
5700
7000
4500
4300
5800
4500
4400
4500
6500
24300
4400
3200
4700
3300
13700
3200
3700
6400
4500
3500
3600
4000
3600
3800
3700
4200
3800
4100
3900
6300
4000
4800
6300
4700
4400
4500
4200
7100
4700
4800
4600
4800
9500
5400
4400
4500
5500
5800
5600
24100
5100
3000
3100
3400
10800
4000
3300
5800
4000
3500
3700
3800
3700
3900
4200
4400
3800
7900
3900
4900
5200
4700
4500
4400
4300
4400
4200
5300
4400
4200
4500
4800
5200
5300
4200
4900
5200
5400
5500
31800
3200
3200
5700
3300
9300
3000
5500
6000
3600
3600
3800
3700
8600
3700
3800
4300
13500
3900
4300
4700
4100
4600
4800
15600
4900
4500
4600
4500
16900
5600
18300
5600
8700
4400
4600
4600
5300
4800
5600
24600
4600
4200
3400
3100
4400
3300
5300
5400
6300
3800
4800
5300
5000
3600
3800
4000
17500
3700
4200
4600
4000
4400
5500
14200
6100
7000
4300
4400
15300
5600
19400
5000
4600
4200
4400
4300
5300
9000
5500
25900
4800
4400
3300
3100
4200
3200
3300
4900
4100
3700
11200
3600
3500
3800
3600
8800
3900
4200
3900
5100
4600
4000
8200
15700
5100
4800
4200
4600
14800
5600
17600
5100
4500
4300
4400
4300
5800
4600
5500
24100
8500
5600
3400
3200
4800
3100
3200
4700
4100
13000
3600
3700
3500
3700
12600
4600
3900
4100
3800
4500
4400
4100
4000
4700
16600
16600
4500
5300
4300
5200
4400
4800
4400
4400
4400
4300
5700
4700
5400
26400
4900
4400
3000
3200
8600
3200
3200
4800
5500
4500
3800
3700
3500
3700
3500
4800
5200
4100
3900
4800
4600
4000
4200
5200
14500
4600
4600
5200
4400
7000
4600
19500
5600
4400
4500
4300
15500
5400
17800
24500
4300
4300
3000
3100
4200
3200
3200
5000
4000
4000
3600
9300
3700
5400
4800
5200
3900
5800
4200
4600
4500
4100
3900
4500
14800
6100
7300
7900
7800
9400
7600
26400
9800
6600
11400
4400
15600
5500
16900
27200
3100
3300
3100
3300
4500
3800
4500
5400
5100
3600
4600
3700
3700
6300
3900
5100
12700
4900
3800
7200
4500
5000
4100
5500
5300
4300
5300
4300
5200
8900
4400
5200
4600
8100
4600
4300
5300
5300
4600
24000
3400
4100
9800
7700
3200
3300
3200
6100
5700
4100
4000
4200
3400
3900
4300
8500
10900
4200
5000
4800
4300
4200
4000
4700
4200
4100
4400
6100
4500
4500
4200
5000
4300
4200
4300
4200
5100
7500
4400
29300
3100
4000
9600
7500
3200
3100
3000
5300
9800
3600
3800
4100
3400
10500
3800
4200
4300
4100
3900
4100
4000
4700
4700
4600
4200
4300
8400
4400
4500
4500
4300
4900
4400
4300
4400
4200
5300
5200
4400
23700
3200
4100
9100
7200
3200
3100
3000
4900
3600
5300
3700
8100
3500
3800
3500
4200
4100
4100
5200
4100
4600
3900
4500
4700
11900
4500
4200
5500
5200
4400
4600
4900
4400
5700
4500
4300
5200
9300
4400
23800
3500
3800
9400
7400
3400
3000
3000
5800
4400
3700
4000
4100
3500
3700
4900
4400
4300
4100
3800
8100
4000
3900
4600
4500
12400
4400
4200
5400
5300
4500
4400
5100
4500
5200
4600
5100
4500
4600
4600
28400
3000
4100
13900
9600
3200
3400
3000
5500
3700
3900
4200
3700
3700
3800
4100
4000
4600
14300
4100
4000
4200
4000
4500
4500
11200
4300
4500
5200
9300
4600
4600
4800
4300
4400
4500
4300
4500
4400
4600
24300
3300
3100
3200
3100
4200
4100
9000
5000
3600
3700
4500
3700
3700
3900
3900
4300
4300
4000
3800
4000
4400
4200
4100
5000
5300
4700
4500
8700
15900
5100
4500
6400
5000
12800
4500
5800
4300
5500
4500
24600
4300
3100
3500
3200
4400
3300
3300
5000
3700
3500
8200
3600
3800
3700
3700
4200
4500
3800
4000
4300
4500
4000
4200
5100
4800
4400
5600
4300
14300
4200
4500
4800
4300
12000
4400
10000
4500
5400
4300
25100
2900
3200
3100
3500
4300
3500
3200
4700
3500
3700
3900
3800
3700
3800
3600
4600
4800
4200
4600
4200
3900
4700
4100
8700
5700
4900
4300
4400
20000
4500
4200
5000
4200
13100
4600
5800
4600
5000
4300
24300
2900
2900
3200
3000
8300
4200
3300
5200
4500
3500
3900
3400
4700
3600
3900
4100
4500
4000
4500
4000
4300
4600
4000
14500
4800
4300
4500
4200
5500
4500
4300
9000
4400
15000
4400
5300
4300
5400
4600
24000
3300
4400
3300
3000
4400
3200
3300
6500
3800
3400
4200
3500
3900
5400
6100
7300
9300
4200
4900
4100
5100
4800
4100
15000
5200
4900
6000
4300
5200
4600
4300
4900
6000
4500
4300
4600
28700
5400
8900
24300
3000
3800
3700
3200
4300
3100
3000
5400
3500
3600
3700
3700
3500
3800
3700
4100
3900
4000
4300
4200
4000
4700
4100
4700
5100
4400
4700
8700
5100
4300
4500
4800
5800
4300
4400
4300
17500
5200
4300
23900
3200
6100
3100
4300
3200
5800
3100
4800
4000
4000
3700
3600
3600
3700
3900
4300
3700
4500
4100
4400
4200
3900
3900
4700
4400
4200
8400
5300
4400
5200
4500
5200
4400
4300
5000
4400
5300
4600
6000
24500
3000
4200
3000
3500
3200
4400
3200
4300
3600
4000
3700
7600
3500
3700
3600
4400
5300
4700
3900
4300
4000
4000
4000
4600
4300
4200
4400
5100
4700
5200
4500
5000
4700
4400
4300
4300
5500
8500
4500
25400
2900
4000
3000
3100
3200
4100
3100
4400
3900
4200
3700
3700
3600
3700
3600
4100
4400
4100
3900
4000
4000
4000
4500
4700
4300
4200
9300
5500
4300
5100
4100
4900
4200
4500
4200
4400
5300
4300
5100
25500
2900
4000
3100
3100
3200
4200
3300
4400
3600
3900
3600
7700
3600
3500
3700
4000
4500
4100
3900
3900
4100
3900
4600
4600
4100
5000
4400
5000
4400
4500
4400
4900
4300
4500
4200
4400
5700
4300
8300
24000
3100
4100
3300
3100
3700
4000
3300
4100
3700
3700
3800
3800
3700
3600
3700
3900
4500
3900
4200
3800
4000
3900
4600
4400
4200
5000
4300
9100
4500
4400
4500
4800
4400
4600
4500
5100
4300
5300
4600
26200
3400
3800
3100
3000
3100
3900
3300
4300
3800
3900
4300
4100
8000
3700
3600
4100
4500
4100
4200
4000
4100
4000
4700
5500
4500
5000
4200
5000
4500
4300
4400
4700
4200
4800
5000
5300
4300
5300
8500
24300
3200
3100
3000
3200
4200
3200
3300
