1115200
11000
56000
53600
4400
4300
37100
6300
38900
33600
15500
59800
11400
10600
12900
10700
19200
15800
58500
20000
13700
92100
14400
113100
70500
19300
21100
122500
18500
21200
108200
18200
79100
20800
132900
110700
20700
30700
18900
19800
15900
57400
6800
6400
8600
8500
8200
8400
27000
31500
12100
47400
10100
10200
12400
10700
15700
13900
43800
12500
14300
79300
13500
135200
65800
19500
22200
103200
16700
19600
112400
18800
86100
21100
131000
99900
20100
24800
19600
20200
14200
37800
15700
6400
7500
7900
7700
7600
47300
10000
13800
31600
10500
10000
34700
11200
16900
15200
36900
12800
13100
74700
13600
75500
61800
19000
20700
109600
16600
19500
79700
17700
72000
18300
128300
96900
20900
26500
22100
21500
8000
47800
6800
6800
7700
26100
7800
9200
57100
9300
11200
25000
9700
10400
27200
10400
54000
30900
16200
43000
14200
12400
15100
13300
86400
112400
28100
111200
17000
23800
80700
24100
66100
19700
99100
76700
20200
24300
20500
20700
16500
19300
20500
6400
8000
28700
8100
7500
18400
9600
13100
22000
9800
9700
29600
10500
23600
39300
16600
36400
13300
13100
16100
14000
31900
13300
42000
8200
7500
58800
7900
61600
49100
8900
90400
63600
13000
15000
9700
9400
14100
10100
18100
3700
4700
4700
4300
4000
17700
7000
7400
15500
5300
4700
18200
5100
23700
37900
9300
31100
6700
6200
13400
6600
22400
8300
23100
7300
7700
66000
8300
53300
48500
12500
12900
89700
14800
11400
53600
9700
10300
112700
20200
12000
11800
12400
11800
12300
14700
13300
20100
14900
12400
152300
15200
14600
16500
15900
15600
14800
16800
15100
14600
16200
31700
17100
19500
17000
16800
16100
16200
20200
110500
9800
9600
13800
8500
12000
11500
8500
13200
7900
8900
97500
8500
10000
8300
10100
10100
10100
10200
10700
12500
65400
10100
9500
11900
11700
13500
11000
12500
11000
15700
10400
12500
11600
12600
11500
12500
11800
11200
11200
80800
11800
8000
10300
8300
12500
10000
9000
9600
8000
7900
7400
7700
15100
61800
18200
9700
27600
9600
9100
9400
9200
9300
8900
10800
10800
10000
10200
10100
11000
10200
11000
12300
10900
12400
11400
14800
10900
10700
10700
82800
8900
9000
11400
8600
10700
10400
8400
9500
8000
7500
7800
8100
8600
8800
9100
9900
32300
9300
9400
10000
9900
10400
9600
11300
14100
12800
11300
11400
53500
10700
16500
14200
21400
14100
11800
13000
12000
12000
12700
82600
22700
8800
10300
9100
9900
10300
8600
12600
7700
7300
7700
8000
8200
13400
9400
10000
29900
9700
8800
9000
9100
9300
8900
11600
10100
11900
10500
10200
45800
10200
10700
12000
11200
11200
11200
10800
11400
11000
15900
79200
9500
8800
11200
8300
10700
11000
8500
9800
7900
7900
8000
7900
8200
8100
8900
9700
28000
9300
9200
9300
9600
9800
9400
10500
10200
16000
10600
10900
46500
10500
10700
12000
11500
11400
11300
11000
11600
11200
11400
75400
8600
10000
8100
11000
8100
8300
149900
20700
7100
6600
6700
36000
8100
6700
8200
8800
24600
8800
8000
8000
8000
7900
9200
15000
10100
9000
10200
9200
10200
32700
10100
24100
17200
10500
10900
10400
12700
14200
10900
51300
15500
22300
29500
8600
11200
8100
8000
30900
7100
6900
6700
6800
8700
6800
7100
8600
27500
7900
7900
9200
8200
9000
9200
10100
9500
8900
9300
13500
10800
33600
10600
11200
15500
10000
10300
10100
13400
10100
10500
51600
10700
10000
24700
9100
8800
8900
9800
8600
6800
6800
6600
23700
7700
7200
7200
8600
8200
8700
19800
24400
8400
9700
9700
10400
10400
10400
10300
9300
11100
33200
10500
11500
10200
10200
10800
10100
12200
10300
10900
52400
11100
14100
58900
11100
9200
8200
8500
8500
24600
6700
6600
6500
8200
6800
7000
8400
7800
7900
8000
21600
7700
8300
8800
9300
30000
8700
19500
11600
13300
9500
10800
10900
10600
25600
9500
9900
12800
13400
10500
48300
9700
21600
29900
12400
8600
8500
9600
8400
7300
6200
6000
6200
9700
7000
6100
13400
7800
8800
8500
24000
8100
8000
10300
10200
25000
9400
13300
9400
9100
9200
11800
11000
10200
10300
10800
10300
12300
33300
16000
51100
11300
11400
21800
8600
9100
8500
8700
8300
7200
6700
6500
6300
8500
6900
7000
8100
8200
8000
11700
23600
8100
32600
9400
9800
30100
9000
9300
9700
9300
9100
11000
10900
10800
9500
9700
10000
13700
31100
10400
49500
9300
8400
8500
8800
11300
11800
9000
10100
7600
7300
6600
6600
7500
7000
7000
8800
7900
10400
9500
8300
7900
8200
8300
16200
10200
10900
9700
10600
9400
9800
10300
14300
13700
73500
12500
14400
10300
12900
13500
53600
14400
14000
9500
14400
23900
21200
9100
9500
6900
7200
8000
7400
7400
7600
7400
9300
8000
11400
9900
8600
8000
9300
8600
11900
9200
10800
9600
16300
10100
10200
10100
13900
11200
74200
10100
12300
10600
11900
12800
51100
9200
11100
8500
13800
23400
19900
9100
8600
7000
6700
8100
7800
6600
7000
6800
8500
8800
8600
8400
8200
8900
8100
7900
11300
10000
10500
9000
11000
9300
9400
10000
13700
10100
51100
10600
13200
13400
11800
13100
51000
8900
11400
8700
9900
20200
23500
9100
9300
7100
6800
8400
7000
7400
7300
7400
8400
9200
9000
8500
7900
9000
8800
8000
9700
9000
9000
10700
10000
9000
12400
9600
13100
10600
53600
10300
12900
10600
12200
12100
54600
9200
11100
8500
11200
19600
18500
9000
9500
6900
6700
12000
6700
6400
6800
6700
8100
11300
8400
7600
7600
9000
7700
7700
9100
9300
9900
10400
9000
9200
9200
11700
12800
10000
13300
31900
14300
30000
10200
11300
52800
8600
11400
8800
10800
19600
22000
8800
7900
6700
6700
8100
6600
7100
6600
6800
7800
13300
7900
8100
7800
8800
8300
7800
8800
8900
8900
10400
9400
9400
9100
9200
12000
33900
12000
14000
12200
10600
10300
9900
58800
9000
31800
28600
13600
10000
12000
12600
9200
7500
7300
7800
7800
7400
7300
7700
9700
9600
11900
9900
8700
8500
11200
8900
10800
10200
9900
9800
9500
9500
9600
10600
12100
10300
11000
11100
12200
16000
11100
11200
58000
8600
16100
8700
9300
9300
8800
9100
8100
7800
6900
7600
7400
7500
8700
7200
9100
8500
8600
10100
8300
8600
8600
8700
10200
10000
10000
10800
10800
9200
10500
9500
12500
11100
9900
11100
13100
13300
10800
11600
53100
9900
15000
9400
8600
9700
9700
11000
10300
6700
6300
7200
8900
6500
6400
10300
8400
7900
8200
7900
8000
8000
8000
8000
9900
9400
9100
8800
9100
9100
11400
9500
10900
9800
10100
10400
12200
11100
9700
10500
47900
12200
16500
11100
8000
8900
8500
8300
9600
7700
6900
7000
7500
7300
7400
6700
9200
8400
8800
8000
7800
8000
8400
8000
9700
9000
9200
10800
9700
9400
9100
9200
15200
11200
11100
10500
12400
12600
10800
11000
58900
9200
17100
8800
9400
8800
8700
9900
9000
7900
7700
8200
8000
7100
6900
7200
8400
8600
9000
8600
8500
12100
8600
9600
10300
10500
10700
11200
10300
10300
9700
10500
11300
10400
10800
12400
10500
10800
10900
11400
166500
15300
21300
9200
9100
9900
10100
10200
10100
6900
7100
15000
7600
8200
7500
7500
9400
9300
10400
9100
8700
9100
9500
27600
11600
9700
9700
11600
10900
9800
9800
9600
11700
10200
9900
10000
10300
10700
18600
15700
52500
18300
8900
8600
11500
10200
9700
8900
9300
7500
7300
11900
7500
7000
7600
7700
10500
8700
9100
8800
9100
11700
8900
8900
12000
11500
11600
10400
10200
10200
10800
10800
12300
36900
11000
11600
11300
40300
11000
11600
80400
16200
9700
10400
8700
11300
8700
8600
8000
7000
6900
7400
7000
7400
7300
7100
9500
8500
8500
8400
8900
9400
12500
9700
11600
9800
10900
9800
10200
9800
10400
9700
12300
31800
10100
9700
10400
34600
10300
9800
82200
17200
12300
11600
9500
8900
8800
9100
8900
6500
6700
7900
6800
7200
7100
7500
8400
8000
8800
8300
8100
8400
8400
9600
11900
10000
11300
10200
9600
9800
9400
10300
15800
35500
10600
11100
10700
35200
10500
11500
85100
16900
9200
11200
8700
9500
8800
8900
8700
6800
7100
7900
7200
7500
7200
7300
12800
8100
8500
8200
10700
8300
8900
8600
11800
9500
9600
9400
10100
11100
9700
9900
11500
32100
10100
10600
10500
34000
10300
10500
75700
17200
8600
11500
9800
8600
8900
11800
7800
7100
6800
7600
6700
6200
7100
6900
8500
8000
8800
8200
16200
8700
8600
8400
11700
10000
9800
9500
9800
15000
32300
10600
12800
10300
12400
10500
34400
10200
10400
10900
81000
17100
9600
11300
9000
9500
9300
10000
8000
7100
6800
12100
7200
7800
7200
7700
8700
8600
8700
8800
8700
9400
9300
9000
11800
9800
9900
10200
10700
11900
10400
32400
13300
11100
12400
10800
10800
15000
10900
11000
57900
16100
9400
8700
12100
17500
15700
10000
9300
7000
13500
7700
7200
7400
7400
7900
9000
8100
9900
8100
9500
8500
8600
8500
11500
10100
9600
9900
9700
9400
9500
9900
11200
10300
27300
10900
16000
11700
10300
12400
72100
11400
11300
8900
8700
9100
14100
9500
8800
7200
7000
7200
6700
7700
7200
7000
8400
8900
9200
7900
9500
8100
9100
9500
15300
9500
9200
9600
10900
10300
10600
10100
12400
11400
29000
11100
13000
15300
11300
11200
81800
9600
11100
9200
9500
9200
14900
10000
8500
7200
7400
7200
7300
7100
7500
7400
9200
8500
9000
8900
8500
9400
8400
9000
13000
10600
10700
10300
10300
10200
8100
14900
9300
8200
34800
8000
13600
8900
7600
7900
70700
5200
6800
5600
5500
5300
7800
6200
7500
6300
6400
6200
6100
6400
6500
6300
7200
6700
6800
7500
10700
7600
7200
6900
7800
7200
10100
7300
8000
7200
7700
8500
8300
7400
23600
7400
8500
8500
9500
8000
64600
4500
9500
15000
5600
5400
7000
5400
7600
10100
7700
6200
12600
18000
10600
9400
6900
5000
21500
7900
6300
7500
6900
9800
8000
7400
8500
7400
9300
7900
12100
7800
10200
7800
8500
8200
8300
7700
9500
8200
72300
5400
6500
5300
5200
5200
6900
5500
7000
6400
6000
6300
6400
6000
21700
11400
13000
6600
9100
8400
6800
7400
6900
6900
7700
7400
8800
7300
8300
7800
31300
7700
9600
7200
6800
7100
7200
7400
7600
7700
52100
5500
14300
6100
10600
7500
5800
5400
8100
6500
6100
6300
6300
6000
11400
5700
7800
7300
6600
7000
7200
7100
6900
7700
8200
8500
7700
7700
8600
7900
8000
9300
8300
7500
11400
7400
7300
7700
7600
11500
49800
5600
5200
4800
5100
14900
5300
5500
8100
5900
6300
6000
6200
6100
6500
6100
7600
7200
6900
6800
7600
6900
6900
7500
8200
8700
7500
7600
12900
7800
7500
9400
8600
7900
7700
7400
7600
7400
10600
7800
48000
5500
5200
4700
5300
14700
5700
5400
8800
6900
6400
6200
6500
6200
6400
7000
7200
6600
6500
6800
6900
6900
8000
7100
7900
8500
7400
7600
8400
7600
6900
9000
8700
7600
7100
7700
7400
7700
7500
7700
55200
5400
5400
5200
5200
13700
5400
5400
7900
9200
6200
6400
6200
6400
6200
6100
7900
6800
6100
7000
6800
7500
7900
7300
9000
8500
7800
7800
10800
7600
9400
8600
10000
7900
8900
8700
7600
8800
7500
8900
53500
6400
5200
6200
4900
14100
5200
6300
7900
6000
6700
5700
7000
5800
7100
5700
10700
6300
6400
6800
6600
6300
7200
7900
8500
7700
6700
7000
8000
7300
7400
8700
8700
8500
7600
7700
8700
11200
7500
9000
53500
10600
5300
5200
4600
14700
5300
5000
21900
5900
5800
5800
5600
5900
5900
5900
7100
6400
6200
6600
6800
6900
7500
6700
8300
13400
7200
8500
8300
7500
9000
8000
8500
8700
7500
7200
8500
7700
7400
9400
44900
5500
16400
5300
5300
5000
5300
5200
9800
6400
5700
5800
6300
6000
6500
6300
7300
6300
6700
6400
8800
6800
6600
7300
8300
12200
8300
7500
7200
7800
7900
7200
12100
7800
9300
8600
7600
8400
8500
41400
45300
6700
5200
5100
5300
5100
5300
6200
7600
10800
6000
6400
6100
6200
6100
6300
6900
6600
6500
6700
7300
7100
6700
7000
7600
7500
8100
7300
7400
7300
7300
7300
10600
7500
8900
8900
11100
7200
7800
42600
51900
5100
5100
5100
5000
5000
5200
5000
7800
5900
6200
6400
6600
6700
6600
6200
7700
7000
6700
6500
7000
6500
7100
6600
11800
6900
8600
7300
7300
7400
7400
10800
8200
7400
8400
8500
7600
8000
7800
39600
51800
5700
5400
5200
5300
4900
5000
9400
8000
6100
5900
6600
6300
6400
6000
6300
7700
6700
6600
6300
6600
6400
6700
6700
7500
7500
12000
7700
8500
7500
10700
7100
8400
7200
8400
12700
7200
7400
7600
39800
51300
5500
5200
5200
5000
5100
5400
6400
8300
5700
6100
6700
6300
6100
6300
35400
7700
7600
7000
10600
6500
6500
6300
6500
7600
7200
7200
11600
9900
7900
7600
7600
7900
8100
8900
7400
7200
7600
7400
7500
51800
5100
5900
4900
4900
9700
5100
5100
7200
6100
6100
6300
6500
6100
6400
7000
7500
6300
6400
6400
6700
6300
6700
6900
7600
7400
7100
7200
8200
6900
8000
7400
8300
7800
12100
7000
7300
7100
7500
7400
46700
5500
6800
6500
6700
5300
5400
21600
8900
6300
6700
6100
6700
6400
6300
6800
7000
6900
7400
6800
7000
31000
6600
7800
7700
7000
7500
6900
7200
8200
32200
11600
8500
8500
8000
7600
8400
7100
8400
7700
53300
5500
5300
5100
5100
5500
5000
21000
7800
6600
6400
6000
6300
6300
6200
6300
11600
6500
8400
6600
6800
30000
6900
6900
7700
6800
7000
7200
7700
9600
33700
7300
8800
9400
7600
7300
8600
7500
12300
7600
51500
5300
4700
5200
5400
5200
5100
17400
7800
6400
6300
5600
27700
6000
6500
6900
7000
6600
6900
6600
8000
7100
7000
7300
7900
11700
7200
6900
7100
8500
32700
7500
8900
8700
7600
7600
8700
8500
8600
8000
54300
5400
5000
5300
5100
5200
5500
20300
7600
6800
5900
6200
6100
30800
6100
6300
7100
6700
6400
6700
7800
6700
6800
7400
7500
7100
8100
7200
7200
30800
7000
7600
12100
8700
8700
7900
8800
7500
8400
7700
51400
5200
4800
5200
5300
5700
5300
17000
7300
6800
6100
6200
6300
6200
6400
6400
7100
6800
10700
6600
7800
6600
8900
7600
7600
7600
8500
7200
7600
30100
7400
7500
7700
7200
7100
6900
7400
8700
35100
7200
52200
5300
5100
5100
5600
5300
5200
17500
6800
6500
6600
6800
6400
6200
6300
6100
7000
6800
6800
6500
7900
7000
7000
7600
8100
7400
7900
6800
36900
30000
7400
7400
10800
7300
7300
7000
7100
8500
32000
6900
44000
6500
5000
5400
6700
5400
7600
5300
