1196200
25500
4600
87500
10900
6100
67900
6900
10900
88000
88300
7800
96200
7900
10300
8300
14700
99900
10700
14000
152100
10900
12600
11100
135800
43300
25000
68000
19600
18900
18600
97100
161000
58400
26300
23600
371100
94000
20500
20600
14200
8300
64800
10300
69000
73400
8400
7700
12400
87100
113900
11300
130200
11400
14700
10900
17200
121400
12700
16500
203700
16300
17900
14200
168700
50500
28800
32600
17000
16700
20000
81400
151900
59500
25300
24100
290300
81900
20100
20300
8800
7500
5900
7000
86000
51100
7300
7600
59300
13400
10900
90300
49500
13200
71400
12800
19500
101500
13800
15800
148700
14100
18900
13400
120900
44900
27500
28000
22500
16100
18000
51100
137500
52100
24600
22300
232400
71900
20300
20400
16100
12600
18000
7300
26800
27200
7100
9000
42700
12300
11300
67900
30200
12400
47300
15000
16400
93500
74500
14000
75000
12700
20000
13600
103600
50900
23900
24900
20400
17400
16200
42100
103700
45100
23400
26200
184900
58600
21000
19900
5700
6600
11900
7100
14800
13400
6800
11600
43300
30400
8600
84200
16700
11700
41900
13500
16300
64900
62600
12500
74500
12900
16600
14800
21900
64400
16200
19100
111300
16500
20400
18200
81800
38600
22600
22000
149300
50200
20800
20300
16800
8900
14300
7600
20700
19400
6700
7100
34800
11200
10800
46500
21300
11800
42500
12900
30200
50300
51400
14100
66900
18000
34500
15400
35900
54900
16200
23900
90800
16600
21000
17300
87500
35600
25000
32700
21400
27700
20400
51500
124600
36200
26000
25700
28100
29500
26900
28400
96300
34500
31100
30500
30600
33700
30900
33100
33600
32600
30900
33100
37200
37300
116700
33900
35900
65000
30400
33600
32800
28200
32600
31200
280100
20700
30300
30100
22700
32000
20000
25400
24800
28400
22700
43400
24600
25800
8400
8000
44300
9300
9500
9600
9300
12100
9400
9800
11700
14200
9800
10800
12900
12500
55600
10800
24100
42700
11900
14000
14700
11700
11500
13800
88200
10000
18700
26300
9600
20500
9800
13900
10600
8500
7900
10400
8100
9200
9200
14300
29800
12800
9100
9900
9700
9700
9600
28300
11900
10500
10600
11100
13400
12800
37200
10700
13700
36500
11800
14000
20500
11600
12800
13300
56900
6300
14100
12300
5900
13000
5800
8900
7300
5000
5100
4600
5000
5300
5000
5200
13900
10500
5600
5800
5600
6800
5700
5900
18400
19200
6500
7100
6800
7700
9100
12900
12200
25700
11200
14000
14500
18100
11700
10200
46000
6000
10600
11900
5900
12700
7000
8900
7700
5300
4900
4700
4900
5600
4800
4800
13800
7000
14200
5700
8800
5700
5800
5800
20200
6500
6700
8000
9900
8400
7200
6600
7900
7600
7500
7300
8600
8700
20200
7400
46400
5700
10000
11000
5800
12100
5800
8100
6900
5100
4900
6600
6600
9000
8000
75800
44100
13300
8900
8100
8600
11500
8400
12000
41300
16500
11500
32200
10800
13800
10900
13200
15000
11900
13700
13500
15600
15700
39900
11900
70100
9700
5900
8200
8400
15700
11500
8200
6800
5100
4600
5500
4800
4800
4900
5200
6200
25400
5700
6300
18100
5600
5700
6400
7600
18700
7800
7400
6600
19000
7000
6600
27700
7300
7500
11800
7300
7300
7500
7400
43500
7700
6100
5700
5700
6200
5900
5900
7000
5200
5100
5400
5100
5200
4800
5300
6100
19900
7300
6300
20800
6000
5800
6200
7100
18500
7700
8100
6600
19400
6700
7100
28400
7200
7100
8900
7600
7300
10100
7400
42800
8100
5800
6400
5800
6200
6300
6000
6700
5200
4900
19400
4700
4500
4700
5500
6100
6200
5600
6400
5800
6700
5800
20200
10000
18700
9200
7700
6500
18900
6800
6700
27000
7200
7600
8900
7200
7200
7600
7200
41700
10500
6100
6800
6000
6100
6000
6000
7100
5200
5200
4600
4700
4800
4700
5500
5900
5600
5500
6700
5800
17500
5700
6000
7000
21300
18800
7900
21300
6800
6700
7800
27400
7000
8000
9000
7400
7300
7300
7200
41900
7400
5800
6200
5800
5800
6300
6000
6700
7900
4800
5000
5300
4800
4600
5200
5800
6100
5500
6500
5800
5900
5700
18000
7000
26500
7600
7800
18600
6700
7200
7800
7800
18800
9300
8600
7200
20500
7600
7100
42100
7900
6100
5800
5800
6100
6000
5900
5200
5300
4900
5500
4700
4800
4700
8100
5800
5700
5600
6500
18300
6100
5500
5900
7200
20300
6700
7900
20000
8900
6800
7600
8200
21300
8900
8400
10500
19400
7200
7000
60900
6700
6000
8500
6900
6000
6500
5900
6300
5000
4600
5200
4900
4900
4900
5300
6100
5900
5500
5600
6400
5600
6300
5900
7300
7500
8400
7100
7000
6600
7100
8100
10500
8400
7500
7400
7300
7000
7600
7100
42900
6100
9400
9100
7300
11800
5800
7500
5800
5000
5200
4900
4700
5400
4900
5000
5800
8200
5600
5700
6200
6200
13200
4900
5700
5900
4900
5000
4700
5500
4800
5700
5500
5800
6000
4800
4900
4800
4700
6500
42900
3100
10400
4500
4800
8100
3300
4000
5200
4600
5300
4100
4100
6000
4600
4200
5100
4400
4600
5100
4900
4500
4500
5500
5300
5500
4900
4600
7400
4700
4900
5600
5600
5700
4900
5000
4900
4800
4900
5200
39900
3700
6300
4300
4100
7600
3000
4700
8800
4100
4200
4100
4300
4500
4100
5700
5100
5300
4300
6500
5700
4600
4400
5200
5700
5200
4900
4900
5300
5100
5700
4900
5700
5600
5000
7400
5000
4800
4700
4800
43800
3000
6100
4400
4200
8100
3100
4100
5200
3900
4400
5800
4200
4400
4800
4200
4500
4300
4500
4900
4700
4400
7200
5000
5200
4800
4700
5000
5400
4800
6100
7000
5400
5500
4800
4900
4700
4800
4800
5800
40600
3700
5800
4300
6700
7400
2900
4300
5200
4100
4200
4100
18100
4900
4400
4200
15900
4600
4300
5300
4800
4500
4400
5500
5200
4900
4900
5100
6900
4900
6700
6100
6500
6800
4800
5700
5900
4800
5900
6900
39100
4900
4100
3000
3600
4000
3100
3900
5100
4300
4600
4700
4100
4300
4200
4100
4800
4800
4600
4900
4300
4500
4300
4400
5200
4800
4600
4900
4700
5800
4900
5500
5500
4800
5900
5100
16300
8000
6100
4500
23800
3200
2800
4200
10700
3700
3200
2900
4300
4100
3400
3900
3500
6100
3800
3500
4300
4200
4000
4300
3700
3900
3700
3800
4200
4100
4200
4000
4100
4800
4300
4900
4700
4100
5200
4400
5000
5400
4200
7000
23700
2900
2800
5500
21400
4100
3200
2900
4400
3600
3400
3600
3400
3700
3500
3700
3800
3900
4300
4000
3700
4100
4000
5000
4500
3900
4600
4100
6800
5000
4000
5400
5000
4300
5100
4200
5200
5300
4200
4400
26200
3100
2700
4300
7200
2900
2900
2900
4500
4300
4300
3400
6100
3800
3300
3800
4300
4700
4400
3900
3800
4000
3800
4000
4900
5800
4600
4200
4000
4100
4200
6000
4800
4700
8300
4200
5500
6700
7000
4200
24400
2900
3200
4000
7200
3000
2900
2800
4600
3500
3500
3400
3600
3500
3600
3500
4000
3700
6900
4400
3900
3700
4000
3900
5500
10300
8400
4200
4200
8500
4600
4200
4700
6200
4400
6100
6600
8500
5700
7500
35200
4100
3600
3900
7300
2700
2700
4100
5100
3800
3500
3500
7600
3500
3600
3500
3900
4000
4400
3800
4200
3800
4100
3800
4800
4700
4700
23000
4300
4100
4300
4100
4900
4200
4200
4200
4300
7900
4300
5500
29800
3300
3900
2900
4000
4100
3000
3000
7500
3400
3400
3700
3400
3700
3500
4100
4500
3700
3700
3900
4400
3800
4400
3900
5300
4300
5800
21100
4300
4300
6100
5300
6400
7000
4300
4400
5400
5200
7800
6100
26900
3300
6400
3000
3000
2900
4700
3300
4700
3800
3700
3800
3400
3500
3700
4000
7300
4000
3700
4000
4200
3900
4300
4000
5200
4300
4800
16000
4400
4400
4300
5200
6200
4500
4100
4200
5400
4300
8000
5500
25800
3000
6300
2900
3200
2800
6700
4500
5200
4100
4600
3800
3500
3600
3500
3700
4000
3800
3700
4000
3800
4000
3800
4600
7800
4100
4900
15300
4300
4100
5600
5100
5900
4400
4000
4200
5300
4200
5300
5800
24200
2900
6100
2900
5900
3000
4300
3000
5000
4200
4400
3700
3400
3500
3600
3400
4000
3700
4200
3900
3900
3800
3900
4500
5200
4100
4900
4200
5100
16000
7700
4400
5900
4300
4000
4400
5200
6200
5400
5400
24400
2900
6800
2800
3200
2900
4400
2900
4600
4200
4800
3600
3400
3500
3600
4800
4300
3600
3900
3700
5300
4000
3900
5100
5200
4500
4300
4200
5000
4200
5200
4400
6800
4400
5400
15500
8400
4300
4600
6800
23900
2800
6100
2900
3100
2800
4200
2900
4300
3700
4900
3700
3600
3400
3700
3700
4700
3900
3900
3800
3800
4000
3800
4500
7900
4200
4100
4200
5500
5600
5100
5100
5500
4300
5300
15400
4400
4100
4400
5100
24900
2900
5900
2900
6900
3200
4300
4300
9400
3600
3900
4600
3900
3900
3700
3600
4400
9100
3900
3900
4000
4600
4600
4300
4700
4000
4400
4200
4400
4500
4400
4500
6100
8200
4400
15500
4400
4100
4300
4400
28000
4300
3100
3000
2800
3200
2900
3400
4700
9100
3700
3500
4000
3700
3900
3400
4100
4500
3700
3600
3600
4700
4400
5100
6500
4100
4300
4100
4400
7500
4200
4300
5900
5300
4200
12700
4300
3900
4200
4400
26300
4200
3000
3300
2800
3100
2900
2900
5300
3500
4000
3400
4100
3500
7100
3400
4200
3800
3900
6300
4400
4700
4000
6700
4500
3900
4200
4300
3900
4400
4100
4900
5700
5300
4200
13800
4200
7000
4200
6300
24500
4300
3100
2800
2700
3200
2800
2800
5600
3400
3500
3300
4700
4000
3700
3500
5000
3700
3800
4400
3900
4200
4000
3800
4800
4900
6900
4200
4400
5100
5300
4400
5600
5200
4200
12700
4200
4100
4100
4300
24600
4200
3000
2700
2700
3000
2800
3000
4900
6800
3500
3300
4000
3500
5300
3400
4100
3800
3700
4600
3800
4500
3900
4200
4500
5300
4200
4300
4200
5200
5200
4400
4700
12800
7100
4300
4200
4500
4300
4300
24600
4200
3100
2800
2800
3000
2900
3000
5100
3600
3400
3500
3800
3500
3800
3400
4000
4400
4200
4600
3900
4400
3900
6700
4600
4800
4300
4300
4600
5100
5100
4300
4600
4200
4300
4100
4200
4400
4200
4400
24900
3900
3100
6400
3000
2900
7100
3000
4700
3400
3200
3500
3500
5300
3500
3400
4200
4000
3600
4000
3900
3800
5600
3900
5900
5100
4100
4900
4500
5200
4400
5100
5700
11600
5800
5200
4200
5200
4200
5800
25700
7100
3700
2900
2900
3700
2900
2900
4200
3500
6500
3400
3700
3500
3600
3400
4100
3700
3800
3800
4000
3700
3800
3800
4400
4000
4200
5500
4600
4200
4200
4900
4700
4000
4200
4100
4200
4100
4200
29000
25600
6900
2700
2900
2800
2800
3100
2800
4500
3500
3500
3400
3400
3600
3500
4100
5600
3900
3600
3900
5300
4000
3800
4800
4900
4200
5100
4200
4600
4100
7400
4200
4700
4200
4100
4500
4200
4200
4800
4900
24800
7100
2800
2700
3500
2900
2800
3000
4300
3600
3500
3600
3400
3500
3600
3500
4200
3700
3800
3800
8100
3800
3900
3800
4700
4100
4200
4700
4200
4300
4100
4200
4600
3900
4200
4200
4000
4200
4100
4800
24400
6600
2700
3000
2900
3000
2800
2800
6900
3500
3600
3300
4100
3400
3500
3600
3700
3900
3600
3900
3900
3800
3900
3700
4700
4200
4000
4600
4200
4300
4400
4100
4600
6700
4100
4200
4900
4200
6400
4800
24000
7700
2900
2800
2800
2800
2800
3000
5000
3800
3400
3400
3600
3400
3600
3400
3900
3600
3600
3900
3800
3900
3800
14200
7100
4200
4000
4500
4300
4000
4400
4100
4500
4100
4000
4200
4700
4500
4400
4300
23700
2800
2800
3000
2900
3000
2900
3700
4800
3600
3800
3600
3400
3600
3300
3400
4200
3900
3700
6000
3900
3800
3900
4400
4500
4800
7100
4200
4400
4100
5000
4600
6200
4300
4400
4200
15300
4300
4300
4100
25500
4900
5800
3100
3000
3700
5500
3000
4300
3700
3700
3500
3400
6500
3500
3600
4500
3900
3600
4200
4000
4000
3700
4000
4200
4700
4300
4000
4900
4000
4800
4400
4700
4100
4600
4100
14500
4100
4200
6800
23500
3000
5600
2800
2900
2900
4200
3000
4200
3600
3600
3400
3600
3300
3600
3500
4000
3800
4300
5300
3800
3900
3600
4500
4500
4700
5800
4200
4200
6900
4600
4200
4700
4200
4100
4200
14100
4200
4000
5900
23900
3000
5400
2900
4400
2900
4200
3000
4400
4400
3500
3600
3500
3300
3600
3400
6700
3800
4500
3800
3900
3800
3800
3800
4500
4200
4200
4700
4400
4100
4800
4300
4800
4100
4100
4200
14300
4200
4200
4500
27400
2700
5500
2700
2800
3000
5000
4400
6100
3800
3500
3600
3500
3400
3600
3400
3900
3700
4400
3700
4000
3800
3800
3700
4400
4000
4200
4500
4200
4300
4100
4400
7200
4900
4200
14300
4200
5200
4900
4200
24600
2800
5600
2800
2800
3100
4000
2900
5200
3800
3600
3700
3400
3600
3500
3700
3800
3900
4100
6700
3900
4000
4000
3900
4400
4300
4100
4600
4400
4100
4400
4300
12100
5000
4500
4100
4400
4100
5200
4400
24700
3300
3000
2900
9200
3000
3100
3000
5300
3400
4000
3400
3800
4000
3600
3800
4300
4100
4300
7000
3900
5300
6500
4300
4600
5300
5500
5500
4200
4500
4300
4200
5000
5200
4400
4300
4400
4400
7800
4300
25300
3000
3900
3200
3200
4400
4300
3100
4600
3600
3700
3500
3800
3600
3700
3900
4800
4200
4300
4600
3800
4000
4500
4100
4600
4000
5300
5100
4100
4400
4100
4200
5000
5200
4300
4100
4200
4300
4100
4800
23600
3000
3800
2900
2900
4400
4700
3100
4300
3500
3600
3500
3800
3800
3600
3900
6600
3600
3900
3700
3900
4900
4100
4400
4400
4000
4900
5100
4200
4400
4100
4300
4800
5200
4400
4200
4100
5700
4400
4300
26800
3200
3800
3100
3000
4200
4200
3000
4900
3400
3500
3700
3800
3400
3600
4200
4000
3600
3900
3800
3700
4800
4200
4300
4500
4800
5100
4400
7200
4500
4900
4400
4900
5200
4400
4100
4100
4300
4100
4200
23900
2900
3800
2900
2900
4700
4200
3000
4600
3400
3600
3400
6300
3500
3600
3700
4000
3600
3800
3800
3900
4600
4500
4300
4600
4800
4900
4300
4300
4100
4900
4400
6100
4200
5200
5900
4400
7000
4300
4500
30500
3100
3900
2900
2900
4200
7400
3100
4700
3600
4000
3400
3800
3600
3700
4000
4100
3600
4000
3700
5500
7000
6400
6700
6500
8900
5600
4500
4200
4900
5300
5600
4900
4300
5600
5500
4500
4300
4400
4400
23700
4200
3000
3100
3000
3100
4700
3200
