1080400
12500
9600
7500
6400
6200
5000
5500
11100
5100
9100
5800
9700
5700
11700
5200
5400
4800
5600
5500
4600
5600
5100
4900
8800
11200
5600
5600
9700
5500
5300
6400
5800
5200
5100
5500
5800
5400
8000
6200
6400
5300
10400
7600
5900
5400
5600
6600
5900
5600
5500
8600
9400
5600
7100
7200
10100
4200
3900
4600
6400
4800
6100
5100
5100
5400
8300
6300
6000
5400
9100
6000
6000
14800
6400
6400
8900
6900
11600
7700
10000
6100
6100
5200
9800
5800
5800
7500
4200
4100
3900
5200
4900
6600
4000
3100
3200
5900
4300
3500
5300
25900
5700
4500
4100
3700
4000
4900
8400
4400
8500
7100
5400
9500
5100
7900
4700
4000
4500
5000
14300
5200
5700
4400
4000
3900
4300
11800
4600
8900
4600
4200
5200
4300
4300
4900
4100
4900
4200
3900
4300
3900
4300
7000
4200
3900
3700
3700
4000
3700
3500
3600
3600
3600
3600
3600
3800
7400
3800
3600
3500
6200
3500
3900
3600
3700
3700
7900
9100
3800
3500
3700
3100
2400
4000
2500
2600
2500
2500
2700
3100
2600
3500
3500
3800
2800
2700
2600
2400
2600
4200
2800
2500
3400
2600
2500
3600
2600
2700
2500
2500
9600
2500
4500
3600
2700
3100
3300
2700
2900
4200
2600
2700
3300
2600
2600
2400
2700
2600
2500
3300
2600
2600
3000
2600
3400
2600
2800
2600
2500
2600
2500
3300
2600
2700
2700
2700
3400
2600
2600
2600
2500
2500
3400
2700
2500
2600
2600
3800
3000
2700
3500
7800
2800
2200
4100
2300
2200
2700
2000
1900
2200
2000
2200
2000
2000
2100
2000
2000
2000
2000
1900
2100
2000
2000
2300
2100
1900
2100
2000
2300
2000
1800
2900
2200
3700
2300
2100
1900
2000
2000
2100
2300
2300
2700
2800
2000
2600
2300
2100
1800
2000
1900
2100
2100
2100
2000
2000
2800
2200
5200
2400
1900
2200
2000
2300
4700
2100
2000
2300
1900
1900
2000
2400
2300
1900
1900
2300
2000
2100
2000
1800
1900
2200
1900
2200
21900
14200
2200
1900
1800
2800
1800
1700
1700
1700
1800
1600
1900
1600
1800
1700
1700
1700
1600
1500
1500
1700
1700
1900
1800
1700
1600
1600
1700
2000
1700
1800
1700
1800
1600
1700
1600
1600
1700
1700
1600
1700
1800
1800
1700
1700
1600
4200
1700
1700
1600
1600
1600
1600
1800
1900
1800
1600
2400
2400
60600
8400
3400
3100
2700
2300
2100
2600
2300
2300
2500
2300
2300
12200
3500
2600
2400
2400
2300
2700
2400
2200
2200
2300
44800
2100
1300
1400
1100
1400
1300
1200
1100
1500
1200
1200
1200
1100
1500
1100
1100
4400
1300
1200
1400
1100
1200
1100
1100
1200
1500
24800
5300
1400
1800
1300
1400
1400
1300
1500
1400
1300
1200
1800
1400
1400
1300
1500
1200
1300
1300
1300
1200
1600
1500
1200
1100
1200
1100
1400
1300
1100
1400
1300
1100
1200
1200
1200
1900
1200
8500
4800
1200
1200
1200
1300
1200
1100
1400
1300
1200
1400
1200
1100
1300
1200
1200
1800
5000
1500
1200
1600
1200
1300
1200
1200
1200
1400
1200
1100
1200
1200
1300
1500
1100
1200
1100
1100
3800
1400
1100
1100
1200
1200
1200
1300
1200
1000
1100
1000
1200
1300
1100
1200
1300
1100
1200
1700
1200
1100
1300
1100
1000
1400
1300
1100
1100
1100
1100
2600
1100
1000
1000
1200
1100
1000
1200
1100
1100
1100
1000
1100
1100
1100
1300
1100
1100
1100
1300
1200
1200
1200
1100
1200
1100
1200
1100
1100
1100
1100
1200
1000
3600
1900
1300
1000
1000
1100
1000
1100
1000
1000
1100
1100
1000
1400
1500
1200
1000
1100
1100
1100
1100
1200
1000
1100
1300
1100
1000
1100
1100
1700
1300
1100
1000
1100
1000
1100
1300
1100
1100
1100
1200
1000
1400
1100
1300
1000
1200
1200
2400
1200
1100
1100
1100
1100
1300
1600
1200
1100
1200
1100
1500
1200
1200
1000
1100
900
1300
1200
1200
1100
1200
1200
1100
1100
1100
1200
1200
1200
1300
1200
1100
1100
1300
1200
2700
1500
1400
1400
1100
1200
1100
1100
6600
1200
1500
1200
1200
1100
1300
1300
1100
1100
1000
1300
1000
1100
1000
1100
1000
1100
1300
1100
1200
1100
1100
1100
1400
1100
1100
1100
1100
1100
1700
1000
1000
1100
1200
1000
1300
1100
1900
1200
1100
1100
1300
1100
1100
1000
1200
1100
1400
1100
1100
1100
1100
1100
1300
1000
1100
1100
1000
1100
1200
1100
1200
1100
1100
1500
1000
1000
1000
1100
1100
1200
1100
1900
1100
1100
6800
4300
1500
1200
1300
1200
1100
1200
1600
1000
1100
1100
1100
1200
1200
1100
1200
1100
1100
1100
1000
1000
1100
1100
1100
1100
1400
1100
1200
1100
1200
1300
6400
1200
1200
1000
1100
1200
1400
5200
1100
1000
1100
3500
1100
900
1100
900
1000
1000
2300
2100
1000
1000
1800
2100
1300
1200
1100
1200
1100
1400
1100
1100
1000
1100
1000
1100
1100
1200
1100
1900
1100
1100
900
1000
1200
1100
1100
1100
1100
1100
1400
1000
