982200
12100
5700
4600
4200
4700
3700
5200
8800
5500
6700
4300
3600
3600
10400
4900
4200
3800
4200
4900
3700
4100
3500
3700
5900
8500
8200
4000
5700
4400
4000
4200
4000
3900
3600
3700
3900
3900
5500
5300
4200
3600
6000
4400
3500
3600
4200
4100
3900
3700
4400
6300
8000
5400
5700
4600
7600
4600
4300
4800
4100
3900
3600
4100
4000
3700
7100
4800
4600
5000
8500
5000
22900
20400
5900
5300
5800
8900
4000
4700
6500
4300
4100
4500
9900
6500
5700
8000
5300
4600
4000
6200
6400
4800
4300
4300
4300
3900
4500
3800
3600
7000
3700
3600
4100
4500
4300
5100
4000
4000
4600
4600
8200
9700
4500
7200
4000
4000
3700
4300
6900
4200
5300
8100
3800
3700
4700
11800
4700
7200
5100
4700
4200
3600
3900
4400
3600
3800
3700
3900
10200
4600
4600
8500
4500
4100
3800
4500
4200
4500
4300
10500
4400
4300
4100
5300
4400
7400
4600
3800
3600
5800
4200
3900
3800
4500
4800
3700
6600
3400
4100
3700
2500
2300
2300
2400
3000
2300
2300
2400
2600
2300
2900
2500
2300
2700
2300
2200
3100
2300
2200
2200
2300
2200
2400
2100
2500
2300
2200
2300
2300
2300
3000
2100
9800
2600
2300
2200
2300
2700
2700
2300
2300
2200
2100
3600
2500
2400
2300
2200
2400
2400
2500
2300
2500
2200
2000
2200
2400
2300
2400
2200
2200
2200
2500
2300
2300
2200
2400
2400
2300
2300
2200
2300
2200
2500
2300
2200
2100
4300
2300
2200
7600
2900
2200
4500
2200
1900
1800
2000
2000
1800
2000
2000
2100
2000
2100
2000
2200
1900
1900
1900
2100
2000
1900
2400
2000
1900
1900
2200
2100
1900
2200
2700
1900
2000
2000
2000
2000
2000
1800
3000
2400
2900
2700
2500
2000
2500
2100
1800
2100
2000
2200
5700
1900
2000
1800
2100
2100
5200
2500
2000
2000
1900
2600
2300
1800
1900
2000
6100
2000
2300
2000
2500
2200
1800
2100
1800
1800
1900
1900
1900
2100
1800
1700
2400
26000
3600
2600
4600
2100
2000
2100
2300
2300
2000
2000
2100
2000
2000
2400
2100
2100
2100
2200
2000
2000
2100
2200
2000
2100
1900
2300
2100
2200
2200
2100
2100
2000
2000
2300
2000
2100
2000
2000
2000
2000
2100
2200
2100
2000
2000
2000
2200
2100
2000
2100
2000
2100
12300
2100
2200
2400
2100
2200
2200
2900
2300
2200
2200
2400
2300
2300
2200
2300
2200
2100
2500
2200
2100
2100
2300
2200
2000
2200
2200
1900
2100
2300
2300
4600
3000
1800
4800
2400
2200
2400
2100
2300
2200
2200
2100
2200
2200
2600
2200
2200
1900
1900
1800
4200
2100
2100
2000
2200
2200
6100
3000
2300
2400
2300
2400
2600
2300
2400
2400
2300
2700
2300
2700
2400
2000
2600
4600
2300
2200
2200
2100
2200
2600
2600
2200
2900
2400
3000
2600
2500
2200
2400
2300
2200
2400
2300
2300
2300
2500
2400
2500
2400
2300
2400
2300
2400
2200
2200
2200
2100
2200
2400
2200
2200
2200
2200
2200
11000
41900
11600
900
600
600
600
600
800
600
700
600
600
600
700
600
600
600
600
800
600
600
500
500
600
800
500
600
700
600
600
800
600
600
700
600
600
700
500
800
600
600
700
800
700
600
700
600
700
600
1400
1800
700
600
700
600
700
600
700
600
600
600
500
600
600
500
600
600
800
600
700
600
600
600
500
600
600
600
600
600
4500
900
1000
1000
3000
800
700
700
700
700
600
600
600
800
1000
700
700
700
800
700
700
700
600
600
700
700
700
600
500
600
600
700
700
1000
700
600
700
700
600
600
1100
700
600
800
600
600
800
600
800
700
600
700
600
600
700
700
700
600
700
1000
1000
600
600
600
600
700
800
700
700
700
700
600
800
700
800
600
700
600
800
600
600
600
600
600
600
600
600
600
4400
900
700
600
600
600
800
600
700
700
600
900
700
1100
800
700
700
700
700
800
700
700
700
600
800
600
700
600
800
900
700
700
700
600
700
1100
600
600
600
700
700
800
1300
800
700
600
900
700
600
700
600
600
800
600
700
600
700
600
1100
800
600
600
600
600
800
600
700
600
600
700
2000
700
700
800
700
700
1000
700
600
600
700
700
700
500
1900
800
700
700
1000
700
700
700
800
700
700
600
700
800
800
800
700
700
600
900
700
600
700
700
600
900
600
600
700
700
700
800
700
600
700
600
600
600
600
600
600
700
900
700
700
700
700
600
700
1100
700
700
700
600
900
600
1200
800
600
700
800
600
600
800
600
600
700
600
700
600
1000
1000
700
700
700
900
700
700
600
700
700
900
600
600
