1055200
12500
7900
6600
6100
9000
6300
5400
11500
5200
8200
5600
5100
6600
11600
5600
5700
5100
6700
5400
5000
6000
5300
5400
9500
12000
6300
6000
11500
6400
5500
6500
6100
4900
5700
6100
5800
5500
9200
7000
7000
5700
9700
7000
6200
5700
5600
5600
5700
5000
5000
9700
8700
7700
5100
7300
9400
6100
4900
5200
4900
5000
5400
9900
6100
6100
9400
6900
7400
6100
9800
8700
6800
13700
6100
6100
8000
5400
5400
6600
9300
6000
6100
6600
11000
6300
6400
8600
4900
4500
3900
7400
6100
5200
6100
4800
4800
4100
4300
4300
3600
12700
16600
5300
4400
4100
4000
3200
3000
3200
3000
3000
4100
95400
12200
9900
4900
5300
4000
4300
14000
9900
5000
4500
4100
3700
4400
12300
5100
8700
4400
3900
3800
3600
3700
3800
3900
3800
3800
3800
3900
3800
3700
8200
3500
3300
3700
3500
3600
3500
3600
4200
4000
4000
4200
4700
3900
7600
4300
4100
4100
3700
3600
3900
4600
5200
5600
8300
9700
4000
3500
4800
2600
3400
2600
2500
2600
2900
3100
2600
2400
2500
2900
2700
12800
7000
5400
4400
3800
6000
3700
4600
3700
3900
3600
3500
6100
3900
11900
4100
4800
5900
3400
4200
4800
3500
3700
4700
3400
3900
3500
3200
5400
4700
3400
3400
4100
3600
3500
4800
4000
3700
3900
4100
3500
3600
3700
3800
3000
4000
4400
10200
3100
3000
3000
3100
2900
3300
3200
3100
3100
3100
3200
2900
3200
4200
3100
6900
3000
3800
3000
4100
8900
3100
3100
4400
2200
2000
2200
2000
2300
2000
1900
2100
2200
2100
2400
1900
1900
1900
2100
2200
2200
1900
2000
2300
2000
2100
2100
2000
2200
2100
2000
3200
2200
2000
2000
2200
1900
1900
2100
2000
1900
2600
2200
2400
2100
2000
2000
1800
1800
2100
1800
1900
2000
2000
1800
6400
2300
2000
1900
1900
2300
1900
1900
1900
4800
2000
2100
1900
1900
1800
2100
2300
2200
1900
2000
1800
1900
1800
1800
2000
2000
1900
1800
2000
25900
2800
1900
2000
2100
1800
1700
1700
1700
1600
1900
1600
1700
1800
1900
1600
1800
1600
1700
1500
1700
1600
1600
1600
1600
1600
1500
1600
1700
1700
1700
1800
1500
1600
1500
1600
1500
1700
1600
1500
1600
1500
1700
1900
1600
1500
1600
1500
1700
1800
1600
1600
1600
1700
1600
1800
1600
1600
1500
1600
2000
1500
1600
1600
1600
1500
1600
1600
1500
1600
1600
1600
1600
1600
1600
1600
1400
1600
1600
1700
1500
1700
1500
1600
4200
1900
1800
4500
8900
1700
1700
1700
2300
2400
2000
1700
1800
1700
2100
1700
1700
1900
1700
1600
1700
1800
2700
1700
1800
1600
1600
2800
2000
1700
1700
1700
1700
1900
1800
1900
1700
1600
2100
2200
1700
2400
2000
3500
2000
1700
3300
1600
1600
1600
2100
1700
1700
2400
1600
1700
2000
1700
1700
1600
1700
1700
1600
1800
1700
1600
2200
1700
1800
1600
1800
1600
1900
1800
1900
1800
1700
1600
1700
1600
1900
1700
1700
2100
8300
40900
11500
900
600
700
600
900
600
700
600
600
600
800
1800
3500
700
600
700
800
600
600
700
600
600
900
600
600
700
500
600
600
600
600
600
700
700
700
600
800
700
600
700
700
600
700
600
600
600
700
800
1600
600
600
700
600
4900
700
600
700
700
900
600
600
600
600
600
800
600
500
700
700
700
800
700
600
600
600
600
600
600
600
700
600
1700
700
700
600
600
4600
700
700
600
600
900
900
600
600
700
1200
1400
800
700
600
600
600
600
800
600
600
600
600
800
800
700
600
600
600
700
1000
600
1100
700
600
500
800
600
700
700
600
700
800
600
600
700
700
700
600
600
1000
700
700
900
600
600
600
600
600
900
700
600
600
600
600
800
700
700
600
700
600
700
600
600
600
600
600
800
700
2400
1000
700
900
600
1100
700
600
700
600
700
600
600
600
1000
900
700
700
700
900
700
4800
700
600
600
600
600
700
700
600
600
600
800
600
600
700
600
600
700
600
600
600
1200
700
700
700
600
600
600
600
800
600
600
600
600
600
900
700
700
600
600
700
1200
600
600
600
500
700
800
600
700
700
600
600
800
600
600
600
700
600
1400
700
600
600
1300
1000
800
900
700
700
700
700
1000
700
600
700
700
700
1000
700
700
800
700
700
700
600
600
600
600
600
600
600
800
800
700
700
700
600
600
700
800
700
600
700
700
700
700
1000
600
600
700
700
800
800
700
700
700
700
700
900
800
700
700
600
600
800
800
700
700
600
600
900
800
700
800
1200
700
700
700
700
700
800
700
600
700
700
600
900
