741400
10600
6200
5000
4300
4400
4000
5100
8600
4400
7700
6000
4100
4000
11000
4600
4400
4600
4700
4000
3700
4300
3700
3800
5700
9100
5600
4200
6500
3800
3900
4300
4200
3700
4500
3900
4200
3800
5800
4100
4200
4000
6700
4800
4100
4100
4300
4200
4400
3900
3700
6100
6500
4500
4300
3900
6500
3700
3800
3900
3700
4100
4100
4000
4200
3800
5800
4000
4500
4300
5900
4100
4200
9400
4100
4700
5700
3800
3900
5000
6100
4300
4600
4100
11400
5500
5700
11200
4100
4000
3900
7600
7500
5200
4000
4700
4000
4000
4100
3700
3800
8200
4000
7400
4000
3700
4000
3600
3700
3700
4000
3900
4200
8100
4000
6800
3900
3700
3500
3800
6100
4000
3600
3700
3600
3800
3800
12200
3700
6800
3600
3700
3600
3700
4000
3600
3600
3800
6400
4000
4200
3700
4100
7300
4400
5200
4100
3700
4000
3600
7900
4200
4400
3900
4300
3800
3700
7300
4100
3700
3600
3700
3500
3600
3800
3600
4300
3900
12600
5700
5400
5300
4200
3600
3500
3400
3500
3600
3400
3400
3600
3800
3900
4800
7500
4500
3700
16700
4500
3600
3500
3800
3400
4900
3600
3500
3700
3300
3600
3400
4900
3200
3300
3300
5300
3300
4000
4000
5200
3700
5100
3500
3600
3500
3300
3200
4400
3300
3300
3300
3200
3300
4400
4100
3500
3300
3300
3300
4400
3300
3400
3300
3400
3300
3300
3300
3200
4600
3400
3500
4100
9300
3400
3100
3200
3500
3100
3100
3000
3700
4300
3000
11200
6700
3600
7200
3200
2700
2200
2200
2500
2600
3100
2600
2700
2800
2800
2600
2400
2200
3400
2400
2600
2600
2800
2900
2500
2600
2400
2600
3000
3300
2600
2700
2600
3800
3000
2600
2700
5500
2800
2700
2500
2600
2700
3300
2600
3000
2600
2700
2700
2800
2600
2900
2500
2600
2600
2600
3000
2900
2800
2600
2700
4600
2700
2800
2500
2600
2900
2500
2700
2700
2700
6700
2900
3000
3100
2700
2700
3000
2700
2600
2900
2900
2700
2700
20000
2800
1900
1800
1700
1700
2600
2200
1800
1900
1700
1700
2800
1900
1800
1700
1700
2100
4900
1800
1900
1800
1800
1700
4600
1900
1600
1600
1700
1800
2600
1800
1700
1700
1700
1900
1600
1600
2800
1700
1800
1700
1800
1700
1800
1800
1700
1700
2100
2400
4400
1700
1700
1600
1700
1600
2900
1800
1600
2100
2100
1800
5000
1700
1600
1900
1700
1700
1800
1900
1700
1700
1700
1800
1900
1600
1600
1700
1600
1700
1900
1600
1700
1700
4700
11900
2000
2500
2100
1800
1900
1900
1700
1700
1900
1600
1700
1700
2000
1900
1800
1800
1700
1700
1800
1900
1600
1800
1600
1700
1900
5000
2100
1700
2400
1800
1700
1900
1700
1700
1800
1600
1800
2100
1600
1700
1800
2900
1800
1700
2200
2700
1700
1800
2100
1800
1600
1700
1700
2400
2100
1700
1600
1800
1700
1600
1900
2000
1900
1600
1700
1800
1800
1600
1900
1700
1800
1700
1800
1700
1600
1700
1600
1600
1800
1700
1700
1800
32000
43400
1400
11300
800
700
700
900
600
600
600
600
700
800
700
600
800
600
500
900
700
600
700
600
600
700
600
700
700
700
800
700
700
600
600
600
800
600
800
900
700
700
1000
1000
600
600
700
600
700
900
600
1500
700
600
700
13400
800
700
600
700
700
800
700
800
600
700
900
700
700
700
800
800
1000
700
700
700
700
600
800
700
700
700
700
700
2300
700
700
700
600
2000
800
700
700
1300
700
1600
900
700
900
800
700
1800
800
700
700
600
700
5900
700
700
700
600
700
1800
800
700
1200
700
700
1600
800
700
700
600
700
1600
800
700
600
600
700
64600
1400
800
700
600
800
1800
700
1100
800
600
700
1700
700
600
600
700
600
600
1900
700
600
700
700
800
1400
800
600
700
700
600
800
700
600
700
700
1700
1400
700
700
700
600
800
700
700
600
800
600
600
700
600
800
800
700
600
700
900
700
800
600
600
600
700
700
600
700
700
600
600
800
600
600
600
700
600
600
800
600
600
700
700
1200
600
600
1200
700
700
700
700
700
700
800
700
900
600
600
600
600
600
600
600
600
700
700
900
600
700
800
700
1200
3800
700
700
700
700
800
800
700
700
600
700
1500
1000
900
600
800
900
700
600
800
600
900
700
600
900
1000
700
600
700
600
600
700
600
700
600
600
600
600
900
1100
1000
2100
700
700
800
600
700
700
700
600
600
600
700
800
700
900
600
600
600
700
700
900
600
600
600
700
3900
700
700
600
700
700
600
600
600
600
600
600
700
600
800
800
1100
900
700
600
600
600
600
800
600
700
600
600
600
