1091700
12300
7700
6800
6000
7200
5800
5500
13200
6200
9400
5500
5300
6300
11500
5500
9200
5200
5700
5100
4700
6300
4800
5300
8900
11200
5300
4800
9000
5800
5500
6500
5600
4900
5200
4900
5400
5300
8300
5600
5700
5200
9900
6700
6100
5700
5500
6100
7900
6200
6800
8200
9500
5600
5700
6100
9500
5000
10300
5200
4700
7900
4300
4400
10500
5000
9500
5200
5800
5800
10000
5800
6200
14900
6700
6100
8600
14300
7000
7000
9800
5800
5700
6800
11400
6200
6300
8100
4700
4500
5400
7100
6000
4900
4900
5600
5100
4300
4400
4300
4100
9000
4900
4200
3900
4200
4300
8100
4100
4800
4200
3800
4200
8400
4900
7800
4600
5100
4300
3900
6200
4500
4000
4700
3900
3900
4300
11900
4200
7100
7400
3800
5200
4200
3900
3900
3800
3600
3900
3700
3600
4000
3900
6700
3700
3600
11500
3800
3600
3500
3600
4300
3800
3800
3900
3600
3600
7600
3800
4200
3900
3800
4300
3800
4200
4900
6700
8000
127000
7300
6900
484300
13400
3800
2900
3200
3600
2800
3900
2800
3500
3100
3200
2600
2600
3400
2700
3600
5200
2300
10500
2800
2300
2400
2400
2300
2400
2600
2400
2400
2300
2500
2500
3500
7100
2300
2200
2400
2500
2200
2600
2500
2500
3100
2500
2300
2300
2300
3700
2300
2600
2100
2300
2800
2900
2300
2700
2600
2200
2200
2300
9300
2300
2300
2300
2500
2500
2600
2800
2200
2300
2400
2300
2700
2300
2300
2300
2600
2300
2800
2300
2300
7000
3300
2400
4500
2500
2300
2000
2000
2200
2100
2400
2000
2000
2200
2300
2000
2100
2000
2100
2000
2000
2100
2100
2400
2100
1900
2000
3600
2200
2200
2000
2100
1900
2900
6200
2000
2100
2000
2100
2000
2000
2000
2200
2300
2000
2200
1900
2100
2100
2000
2100
2200
2000
2000
2000
1900
2000
2100
2200
2000
1900
2100
1900
2000
2000
1900
2000
2000
2000
4500
2100
2300
2000
2000
2000
2100
8200
2100
2100
1900
2000
2200
2100
2100
38500
1900
1200
1800
1400
1500
1100
1100
1200
1100
1100
5200
1100
1100
1200
1100
1100
1100
1100
1200
1100
1100
1000
1000
1100
1100
1100
1100
1300
1200
1200
1200
1100
1100
1100
1100
1000
1200
1000
1100
1100
1100
1100
1000
1100
1000
1100
1000
1500
1100
1100
1100
1100
1100
1200
1100
1100
1200
1200
1100
1300
1100
1100
1200
1100
1100
1100
1100
1100
1100
1200
1100
1100
1100
1100
1100
1000
1200
1100
1100
1200
1100
1000
1300
8000
1600
1400
3000
1100
1100
1200
1300
1300
1100
1100
1100
1100
1300
1100
1200
1300
1200
1100
1000
1000
1000
1000
1100
1100
1400
2000
1800
1100
1100
1000
1000
1000
1200
1000
1100
1300
1000
1000
2200
1200
1200
1400
1800
1300
1100
1100
1100
1300
1100
1100
1000
1200
1900
1400
900
1100
1100
1100
1000
1400
1100
1100
1000
1100
1100
1300
1100
1000
1100
1100
1300
1100
1100
1000
1100
1000
1200
1000
1100
1100
1000
1100
1200
5800
22500
1100
800
11200
800
600
700
600
600
600
800
700
600
700
700
600
800
600
600
600
600
800
800
600
700
700
600
700
900
600
600
700
700
600
800
600
600
700
600
600
700
700
600
600
800
700
700
5900
600
600
1500
700
700
900
600
600
600
600
6900
700
700
800
600
600
900
700
600
600
900
700
900
700
600
600
600
600
800
900
700
600
600
600
600
2300
700
1000
900
600
700
700
700
600
800
600
700
700
700
1100
800
600
600
600
600
700
700
600
700
600
600
600
800
700
600
800
600
700
800
700
1200
600
600
600
600
800
600
700
600
600
700
700
700
600
500
600
700
3300
700
600
1100
800
1000
600
600
600
700
600
4900
700
700
600
600
800
700
800
700
600
700
800
700
600
600
1000
600
600
600
600
600
4800
2900
1000
900
700
800
700
600
600
800
700
600
700
800
900
1200
900
1000
13600
1100
1100
900
900
900
1100
1100
800
6700
1200
1000
1000
700
900
1500
1000
900
900
900
1000
1200
1100
1100
800
1700
1000
700
700
600
600
600
900
700
700
600
700
600
900
600
700
700
700
600
800
700
600
700
800
800
700
1300
600
600
600
800
700
700
600
600
500
800
600
600
600
1000
1500
800
900
600
600
700
800
600
800
700
600
600
600
600
800
700
700
600
600
600
600
600
600
600
700
800
700
600
600
700
800
900
600
700
700
600
600
800
700
600
700
600
700
900
600
600
600
500
600
5200
700
600
600
500
800
600
700
600
900
700
800
600
700
600
700
700
600
600
600
600
800
1500
700
600
700
600
700
700
700
600
600
600
800
600
