1090800
13800
7900
7400
7000
6800
5300
5200
11300
5700
8800
5600
5200
5200
11000
6000
5400
4600
6000
5100
5100
5400
4800
5000
8400
10800
5900
5300
9500
5600
6100
5400
6200
5200
5000
5300
8900
5400
9300
6300
6200
5200
9400
6900
6300
6500
5800
7100
6100
5700
5700
9100
9300
6100
5500
5900
16900
6400
5300
4900
4400
4200
9300
5300
5100
4700
8300
5500
6700
6000
9600
5900
6500
15400
7400
6300
8800
13900
7400
6300
10300
5900
5800
5000
9500
6100
6200
7600
4200
3700
3500
5700
4500
4000
3700
3600
4200
3700
3900
10000
4100
9300
3900
6400
3900
7400
4100
5300
3800
3700
3800
3600
4200
7600
4200
7500
4100
4600
4200
3900
6200
4800
4200
4300
3900
3900
5100
11800
4600
7300
6900
4300
4100
4100
3800
3600
4100
3900
4800
4600
4700
4400
4200
7800
4600
4300
3800
3700
3500
3800
3700
3700
3400
3500
4300
4000
3700
6400
4600
4100
4000
3600
3700
3700
3600
5500
5200
8600
11300
4400
5100
389700
24000
4900
3600
3800
2700
2600
2600
3800
2600
2600
3600
2600
2800
2900
7600
23600
10800
7500
8500
6100
5500
1900
2000
2000
2400
2100
1900
2000
2000
9200
2300
2000
2500
2100
2400
1800
2300
2000
2200
1900
1900
1800
2200
2000
1800
1800
1800
2400
2100
1900
1800
6600
2400
2000
8700
1900
1800
1800
1800
2000
2200
1900
1800
2000
1800
1900
2200
2000
1800
1800
1900
2000
1800
1900
1900
2000
1800
2200
1900
2300
14000
3700
4100
6900
2800
2600
2700
2600
3800
2500
2500
2600
2400
2500
4700
2600
2400
2500
2500
2800
3700
2600
2500
3100
2600
2400
3800
2500
2700
2500
3900
2600
3800
2500
2500
2400
2400
2500
8400
2400
2500
3700
2800
3100
2900
2500
2500
2400
2400
2400
2600
2500
2500
2500
2400
2800
3100
2400
2700
2400
2400
2800
2300
2800
2600
2500
2300
3100
2500
2700
2600
6000
2900
2900
2500
2700
2900
2600
2900
2900
2700
2400
2300
2400
24400
3600
2400
2400
2400
2300
2800
2400
2600
2300
2100
2100
2100
2200
2700
2100
2100
2300
2200
2200
2200
2200
2200
2400
2300
2200
2200
9500
2400
2300
2300
2700
2300
2100
2300
2000
2300
2500
2300
2100
2200
2200
2400
2400
2200
2300
2200
2200
2400
2500
2300
2300
2200
2300
2300
2500
2300
5700
2400
2300
2900
2500
2300
2400
2300
2300
2300
2500
2300
2400
2400
2400
2300
2400
2200
2200
2300
2400
2400
4800
2500
2300
3700
2500
6300
2800
2700
7400
2200
2400
2200
2100
2300
2200
2100
2400
4000
2200
2500
2000
2200
2300
2000
2100
2100
2200
2200
2400
2300
2200
3000
2200
2300
2500
2200
2100
2100
2100
2100
2300
2200
2000
2100
2500
2100
2300
2300
4800
2200
2000
2100
2300
2100
2300
2400
2000
2700
2400
2100
2200
2300
2200
2200
2000
2000
2200
2200
2100
2200
2300
2800
2100
2200
2100
2300
2200
2100
2100
2100
2200
2400
2100
2200
2100
2100
2200
2500
2100
9300
53100
1700
1200
1200
1200
1200
1100
1400
1200
1100
1200
1100
1200
1300
1100
1200
1200
1100
13200
1200
1100
1200
1200
1100
1200
1200
1100
1200
1100
1100
6600
1100
1100
1100
1100
1100
1400
1100
1600
1200
1100
1200
1100
1100
1100
1100
1100
1100
1100
1300
2700
1200
1200
1200
1100
1800
1100
1100
1100
1100
1100
1400
1100
1100
1000
1100
1000
1200
1100
1100
1000
1000
1000
1000
1000
1100
1100
1100
1300
1100
1100
1100
1000
4800
1300
1100
1100
1200
1000
1100
1100
1000
8900
1000
900
1000
900
1200
1200
1100
900
900
1100
900
1000
900
800
900
1000
900
900
1200
1500
1000
1000
1100
1000
1100
1100
1000
1100
1300
1100
1000
1100
1300
1300
1300
1200
1200
2200
1000
1200
1100
1200
1100
900
900
1700
1400
1000
1200
1200
1000
1100
1100
1200
1200
1300
1100
1200
1400
1000
1100
1200
900
1000
1400
1400
1000
1000
1000
900
1200
800
900
1000
6200
1300
1300
1200
1100
1200
10600
1200
1200
1200
1200
1500
1400
1100
1200
1200
1100
1100
1300
1600
1200
1000
1000
1000
1300
1000
1000
1200
1300
1200
1100
1100
1000
1100
1100
900
1300
1400
1000
1100
1000
1100
1400
2000
1100
1000
1100
1000
1000
1100
900
1200
1000
7500
1200
1100
1200
1100
1100
1400
1200
1000
1100
1100
1100
1200
1200
1100
1200
1000
1200
1300
1300
1000
1100
1100
1200
1200
1000
1600
1000
1200
1100
1900
4700
1600
1300
1100
1100
1600
1100
1100
1300
1500
1000
1100
1200
1200
1400
1100
1500
1100
1100
1100
1100
1100
1200
1200
1200
1100
1100
1200
1300
1100
1300
1200
1000
1100
1300
1100
1100
1000
1600
1100
1500
1100
1200
1100
1000
1100
1400
1100
1000
1100
1100
1000
1100
1100
1100
1100
1100
1300
1000
1200
1100
1100
1100
1200
1100
1200
1100
1100
1200
1100
1400
1800
1200
2300
1600
1200
1200
1200
1100
1100
1100
1100
1200
1300
