951300
8900
5700
4500
4200
4800
3800
8800
5400
4700
7600
5200
8000
9500
9300
6600
6100
6000
9900
7500
6200
7000
6300
6300
8300
12200
6500
6200
9300
5600
5500
6600
5800
6000
5700
5600
5700
5100
7200
6300
5600
5900
11400
7200
5600
5500
6100
11400
7200
7100
6500
12700
11100
6100
9000
5500
9600
5200
6300
6300
5400
5700
8900
8100
6400
5900
8700
5300
5500
5400
8500
5200
6100
5500
4700
4800
9300
6200
5000
11600
8300
5700
5100
6300
9300
6100
6600
7500
4100
3900
3600
5800
4100
4000
3900
3900
3900
4000
3800
3800
3900
27000
7000
4600
4300
4000
3900
11300
5200
4600
4300
4000
6800
651200
9200
11700
5400
4300
4600
4200
3300
3300
3000
3100
3100
3000
3100
31200
6100
4700
3800
3800
3400
3100
3700
10800
9100
4900
3900
3900
3700
3500
3100
4200
3000
2900
3400
3100
3100
3100
3300
3000
3100
3000
8300
3600
2900
6900
6700
3700
2900
2300
2200
2200
2400
2300
6700
4500
8600
5300
5100
4300
3400
3300
3100
3000
3000
2900
3100
2800
6200
3000
3300
3200
3000
3700
3000
4100
3300
3200
3000
3000
3700
3100
3000
3200
3400
3400
3000
3000
3200
2900
3000
12400
3700
3800
3500
3200
2800
3400
2900
2900
4800
3000
2800
3100
2800
2800
2900
2800
2900
4500
3100
4400
3600
3100
3000
3100
3300
3000
3000
2800
3100
3400
3000
3200
2900
3100
3400
3500
3300
3400
3100
3000
3600
3000
3000
3100
5800
3800
3000
3000
14100
4700
3900
7000
3500
4400
3000
3000
3000
3000
3500
3100
2900
3000
3300
3000
2800
3000
3200
2900
3100
2900
3000
3600
2900
2800
3100
3000
3200
3200
3000
3000
3500
3300
3100
3100
2900
2900
3200
2900
3000
3000
3200
3700
4600
2900
3300
3000
3100
3000
3200
3000
3000
3100
3000
2800
3200
6000
3000
3000
3000
7200
2900
2900
2900
3300
3000
2900
3000
2900
3100
9800
3800
3200
3100
2900
3100
2800
3000
3000
2900
2900
2900
2900
26600
3900
3500
2600
2300
2200
2300
2400
2300
2800
2200
2300
2100
2300
2500
2300
2300
2100
2400
2200
2200
2200
3100
2800
2400
2400
2300
2300
2300
2100
2300
2300
2300
2200
2300
2500
2200
2600
2300
2200
2200
2600
2400
2300
2300
2400
2300
2600
2400
2200
2200
2400
2400
2600
2400
2500
2500
2300
2200
2200
2900
2500
2400
2500
2300
2400
2500
2400
2400
2200
2400
2500
2400
2300
2300
3400
2400
2200
4200
2300
5000
2400
2400
2300
9700
3500
2700
8200
13300
2700
3900
2600
2300
2200
2500
2400
2300
2300
2700
2400
2400
2400
3000
2300
2400
2300
2300
2500
2400
2300
2200
2200
2500
3800
2400
3000
2600
2300
2400
2300
2300
2300
2300
3100
2300
2300
6900
4900
2500
2300
2400
2300
2600
2500
2400
2300
2400
2400
3700
2400
2600
2300
2400
2400
2600
2400
2400
2300
2500
2400
2500
2500
2400
2500
2500
2500
2700
2300
2700
2400
2300
2300
2800
2300
2400
2400
2300
2300
11400
51100
13200
1400
1100
1100
1100
1100
1300
1000
1100
1000
1100
1000
1700
1100
1000
1200
1100
1300
1100
1100
1100
1100
1100
1200
1000
1100
1100
1100
1100
1300
1000
1000
1000
1100
1000
1300
1000
1100
1100
1100
1100
1100
1000
1100
1100
900
1000
1100
5100
3000
1000
1100
1000
1000
1400
1000
1100
1000
1000
1100
1200
1000
1000
1000
1000
1000
1100
900
1100
1000
1000
1100
1000
1000
1000
1100
1100
1100
1200
900
1000
900
4000
1600
1100
1100
1000
1000
1100
1700
1000
1000
1000
1000
1100
1100
1200
1100
1000
1100
1100
1200
1100
1000
1000
1000
1000
1200
1000
1000
1200
1000
1100
1000
1000
1100
1000
1000
1300
1100
1100
2000
1100
1000
1400
1100
1000
1000
1000
1000
1000
1100
1000
1000
1000
1100
1000
1600
1100
1100
1000
1100
1100
1200
1000
1000
1100
1000
1000
1400
1000
1000
1100
1100
1100
1400
1100
1100
1100
1100
1000
1200
1100
1100
1100
1100
6100
3600
1200
1300
1100
1200
1100
1100
1100
1300
1100
1100
1100
1000
1200
1200
5100
1100
1000
1100
1000
1300
1100
1100
1100
1100
1000
1200
1300
2200
1000
1100
1200
1400
1100
1100
1100
1100
1000
1000
1000
1000
1200
1200
1300
1800
1000
1100
1000
1000
1300
1000
1100
1100
1000
1000
1300
1100
1000
1100
1000
1100
1300
1100
1200
1100
1100
1100
1000
1100
1900
1100
1000
1000
1200
1000
1100
1100
1000
1100
1300
1100
1000
1000
2200
1600
1100
1100
1100
1000
1400
1100
1000
1000
1000
1100
1000
1100
1300
1100
1000
1300
1300
1100
1000
1100
1100
1300
1100
1000
1000
1100
1200
1300
1100
1200
1100
1000
1000
1000
1100
1000
1100
1000
1200
1000
1200
1100
1000
1000
1200
1000
1000
1100
1100
1200
1000
1000
1000
1000
1100
1300
1000
1100
1000
1000
1100
1200
900
1000
1000
1000
1300
1000
1100
1600
1000
1100
4900
1100
1100
1100
1100
1100
1200
1000
1000
1100
