680400
10600
6000
4900
4300
5500
4000
9400
4300
4100
6000
4900
5000
3800
6400
4700
4300
3900
4900
3800
3700
4300
4300
4100
6200
8500
4300
3900
6500
4000
4000
4600
3800
3800
3700
4500
4200
4000
5800
4600
4000
4200
7500
4600
3800
3900
4300
4300
3800
5500
4200
6000
6000
4000
6400
5700
6900
4300
4000
4200
4100
7000
6400
5600
4500
4000
6300
5000
4300
4800
6200
5200
4800
4400
4000
4200
7500
8900
3900
3800
7300
4300
3900
3800
10000
6100
6300
8600
4600
4100
4000
8000
4900
4300
4000
4100
3700
4000
4600
3900
5000
8600
4900
4000
4000
3600
3600
3600
3800
3600
4500
3700
7500
9000
5100
7300
4100
4200
3700
4000
5600
4000
3800
3800
3600
3500
4000
14200
4800
7300
5000
4000
4200
4200
7200
3800
3500
3800
3800
3600
4400
3900
4400
6800
4100
4300
4000
3700
3800
3700
3800
3600
3400
3600
4900
4200
3700
7600
4200
4200
3800
3700
3800
3700
4800
4100
4300
5300
35100
7700
6800
6300
4400
3800
3300
3300
4000
3800
5000
4500
3700
13900
6700
4500
6300
4000
3700
4100
3800
3500
17600
4400
6600
3900
3900
3600
3900
3600
3500
3500
4200
3500
3400
4800
6000
3900
4500
3500
3400
3400
4000
3500
3800
4700
3900
4200
3700
6100
4100
3400
3400
3400
3500
4000
9300
3600
11400
3200
3000
3200
3000
3100
3100
3100
3000
3000
3400
3500
3600
3100
3100
3400
3200
3100
3100
3500
3100
3200
3000
3800
3000
3300
9500
6100
3900
6400
3000
2700
7400
2700
3300
2700
2900
2800
3800
2800
3100
3000
2900
2700
3800
2600
2600
2700
6400
3200
3700
2600
3000
2600
3200
2800
2500
2700
2600
4600
2900
2900
2700
2800
2700
2700
2500
2700
3100
3900
2700
2800
2900
2800
2700
2600
2700
2600
2600
2900
2600
2700
2800
2600
2600
2800
3100
2600
2600
2900
2800
2900
2700
2600
22300
2800
2800
3700
2700
5700
3400
2800
2700
2900
2700
2600
2700
2700
2600
2900
41400
14800
2400
2200
2200
2100
2300
2400
2200
2600
2300
2200
2100
2100
2100
2200
2200
2100
2200
2100
2400
2200
2200
2200
2100
2200
2400
2100
9200
2200
2200
3400
1900
2200
2200
2300
2100
2200
2100
2000
2200
2100
2400
2200
2200
2300
2200
2100
2400
2100
2200
2200
2300
1900
2000
2500
2600
2100
2500
2100
8300
2300
2200
2100
2200
53500
2600
2000
2200
2200
2100
2500
2300
2200
2300
2100
2100
2200
2200
2200
2200
2200
2200
2100
7400
2800
2600
2300
2200
2100
2000
2100
2000
2000
2000
2100
2100
2000
2300
2200
2200
2100
7500
2200
2100
2000
2000
2000
2100
2100
2000
2000
2200
4500
2000
2000
2000
2000
2200
2000
2200
2000
2100
2900
2200
2100
2400
4800
2100
2000
2300
2000
2000
2000
2100
2100
2100
2200
2000
2100
2100
2100
2400
2100
2000
2100
2200
2000
2300
2000
2800
2100
2100
2100
2300
2000
2000
2100
2000
2000
2000
2100
2100
2100
2100
2100
2100
3500
11600
30300
800
600
600
600
500
700
600
600
600
600
4200
600
700
600
600
600
600
700
600
600
600
500
600
700
600
600
800
500
600
600
600
900
600
600
900
600
600
500
600
600
900
600
600
600
600
500
600
5800
700
1600
600
500
600
600
600
500
600
500
600
800
600
600
600
600
500
800
600
600
600
500
600
800
600
600
500
500
500
600
500
500
600
500
1400
800
600
700
600
600
600
1600
900
600
600
700
700
800
800
600
600
700
500
1000
600
500
600
600
500
800
600
600
700
600
600
600
1200
600
600
500
800
600
600
600
700
600
900
600
600
600
500
500
800
600
600
600
600
600
700
1100
700
600
900
700
900
600
600
600
500
600
800
600
500
600
700
600
1000
600
600
500
600
600
3700
700
600
600
600
600
1000
600
600
600
500
700
700
500
600
600
4100
3200
800
600
700
900
700
900
700
600
600
600
700
800
600
600
600
600
700
800
600
600
600
600
600
800
600
500
600
600
600
800
700
700
1400
700
600
600
600
700
600
600
600
800
600
600
800
600
700
600
600
500
600
500
600
500
600
600
600
600
800
600
600
700
500
600
900
600
500
500
500
1100
700
700
4400
3300
900
600
600
600
600
500
700
600
500
600
600
500
1100
700
600
600
600
800
600
600
600
600
500
700
500
600
700
700
600
700
600
500
600
600
500
800
600
600
600
500
600
800
600
600
600
600
800
500
600
600
500
600
700
500
700
600
600
800
600
600
500
600
500
700
600
600
600
600
3600
900
600
600
600
500
800
600
600
600
500
700
600
600
