864200
36800
23900
21400
25700
103000
28700
20400
22100
23800
21200
21900
892900
39100
50900
26300
28700
21800
43700
44100
27100
31900
35000
25200
37300
32200
24300
23800
42600
29200
30400
27800
27900
55300
41200
78200
40900
53100
83800
44900
27700
33100
56000
37300
31100
31100
27000
25200
26300
26000
23000
21500
19800
19700
17500
19900
43000
20800
19700
20800
21700
29500
21700
18500
19500
20200
17700
17000
45100
28000
14800
13300
10500
25300
17300
11600
14100
17700
13900
11000
9800
10400
15500
11200
31500
16700
12400
11600
28200
19600
12700
11400
11500
11900
23800
13500
11600
11200
29500
15100
12700
13000
23900
15900
20800
29300
13700
12500
29100
13900
19200
12100
53400
16300
18400
13100
12700
12800
12600
14600
13200
12500
12700
12700
12000
13300
34300
28200
15000
14500
15200
13500
13200
13300
18600
26600
16600
14400
49200
16900
9300
11600
8400
16100
12100
8600
8500
12200
12900
9000
7800
7800
12900
9500
12100
10300
8800
8700
10600
25000
18400
11400
13100
10700
9400
9600
8500
20200
30300
18500
18400
17800
15500
19200
16500
44100
18900
17800
38500
19900
18800
17600
55000
21200
19500
19200
18300
19200
18800
22800
20900
19600
20200
20400
19900
19900
36300
21600
21100
24400
23600
23900
23200
22800
23300
20300
21300
24500
43400
24400
13500
15700
23300
20600
15600
12200
11200
15800
16100
12100
12200
17200
14700
12700
17800
17100
21100
14900
14200
24400
21500
15200
15600
13800
13100
15500
14300
29700
27300
17100
16800
15700
26300
18900
16700
21600
17300
18400
29400
19000
18200
18600
37800
21400
20300
24200
21300
20800
55800
21100
14900
14600
15100
14100
13200
16000
36200
14300
13700
15100
14100
14100
14900
14200
14100
14200
15800
13600
29500
19500
21900
13900
9400
12600
11800
9800
9400
11000
13100
10500
11000
10400
12400
10200
14300
12500
10400
9900
9900
22800
17200
12700
13000
10800
10000
12500
10100
22700
22700
13000
12000
11000
20100
15800
13900
12900
9800
9800
17500
12700
10200
10300
16000
10700
9500
9400
9100
9600
10200
26500
12100
10500
20800
14000
11500
11000
22200
12400
11500
13600
11100
11000
11900
11000
10700
11000
11200
11100
32600
13600
7500
17900
6300
9400
9000
6200
6100
14800
13900
7900
6700
7700
8500
12400
9800
8300
7000
6700
7700
14500
13500
8000
8800
393500
18400
11100
8800
21300
748000
21300
10400
8500
37800
14800
8600
9800
7800
8600
11900
8900
9100
7800
11800
9500
8400
8300
8400
8800
8500
17200
9900
13900
14100
9600
9700
9600
17700
14200
9000
18800
12900
10600
11700
9700
9400
9700
11900
9800
9600
10600
62700
40800
17200
34000
18600
15500
16400
18600
17800
20800
17900
15700
17600
16500
23700
16900
16300
20100
15600
15400
16100
22200
19300
19100
16300
17500
19200
19300
25900
23900
17500
17800
23700
18200
17300
16900
17800
16100
16700
16900
17000
16600
21500
17200
16800
17000
26700
24100
23400
17500
14500
15200
20400
8700
10100
8900
131300
9600
7900
7000
5600
6300
6000
13000
7200
6000
6400
6400
6700
10100
16200
7500
6500
6700
9100
7500
9100
10000
8600
7400
7300
8100
7800
7500
13500
10800
8100
7600
9500
11600
7700
7600
12200
16800
7800
8300
13400
11000
17300
8500
8600
8300
16400
10000
8200
8400
8700
11900
8300
8700
9500
8400
12600
9000
7800
8700
8600
13800
15000
9400
9200
9400
15400
11200
9300
12700
132100
9500
8300
6600
6400
6400
10300
13500
6300
6000
6500
7500
6800
6200
12500
7600
7200
8200
8900
7500
8800
9100
9600
7300
7100
7300
7900
7300
8800
11000
9400
9300
7600
7700
7900
12400
11900
16600
8600
12600
10100
6000
35300
20900
9700
9100
13700
9400
20900
10100
6300
7500
5500
5900
5600
6200
10100
5700
5800
5700
5800
11000
11300
5600
5200
9700
8000
5200
5300
5400
79700
12400
3600
3800
3500
3400
3600
17400
3400
3600
3700
3600
3600
5900
8500
4300
4400
4000
4700
4000
5200
4500
4600
4100
4300
4100
4800
4100
5200
7000
4400
4400
4600
4500
4500
6200
5900
5700
4400
5900
6400
16100
8700
4800
4700
4700
4700
4600
5400
4600
6500
6400
4600
4700
7800
6600
6800
5300
5300
5200
5000
7900
6600
5900
5100
4800
7800
4800
5200
5600
73200
3600
3200
3400
3200
3300
3300
6800
3300
3500
3600
3400
3300
3500
8900
4100
4600
4300
4600
5500
4800
5200
4800
4000
4000
3900
39300
14600
12800
18900
12700
7500
7600
7300
7600
21900
10600
11400
6700
9400
23100
11600
22900
10100
6600
5800
5800
5700
6700
6600
10700
10500
5900
20400
12400
10200
23400
7300
6600
6400
11700
6700
6700
6800
9600
7100
6500
6400
6900
6400
39100
5900
5900
11100
5600
5700
5700
17600
6000
5800
6000
6100
7200
4500
14700
7000
19500
4700
15400
4900
6700
5800
4900
4400
4500
4600
4400
4300
6200
6900
5100
5200
4900
5000
5200
8100
10600
7100
4900
7100
7800
6200
10500
5900
5700
5600
5700
11400
4800
9800
8700
8300
5400
5800
9500
8700
15300
6500
6200
5800
11900
6100
6300
6000
6100
6200
6000
6800
6300
6000
37700
5400
5500
4800
5100
12200
8900
4800
5100
6300
9500
8400
6500
7000
11600
5300
4700
4800
4600
4600
4800
4500
4700
4600
6900
7100
4600
4600
8700
6800
5000
5000
5800
25300
6300
8200
4800
4700
5100
5200
7600
5000
14800
9100
14600
5600
5500
5500
6700
6100
5900
5900
9800
8200
5100
6700
9900
6200
6000
8300
5900
6600
6600
7200
9800
6900
6000
6100
11000
6200
32000
3500
3200
3500
3000
5500
3500
3200
3100
2900
5800
3600
3100
3200
6000
3100
3500
2900
2900
3000
2700
2800
3400
2800
2900
2800
2800
4000
4100
4200
3100
3000
3400
3000
3200
4100
3000
4600
5000
4700
6200
5100
10400
12700
7800
5400
8600
5500
5400
5300
5900
5700
5500
8700
5800
5500
7800
5900
4900
3800
3800
3700
5400
5600
10500
6100
6300
7200
7600
4600
20600
3200
3100
3000
2900
5500
3300
3100
3200
7600
6800
2900
3000
6900
4700
3000
3400
3000
2700
2800
3200
2800
4200
2800
2800
2900
2900
3600
3700
3200
3100
3000
3100
3100
3100
3000
3100
3100
4200
4500
3100
3100
5900
4500
4700
3200
3200
3300
3400
6000
3400
3300
3400
5100
3500
3300
5200
3500
3500
3700
3600
3500
4200
6500
5300
3500
3400
3600
5300
3600
18300
2900
3200
3100
2800
5100
3200
2900
2900
2800
5900
3000
2800
3000
4200
3000
3500
2900
2700
2900
2700
2700
4100
2800
2800
2900
2700
3900
4100
3500
3100
3100
3300
3000
3300
3100
3000
3000
7300
4100
3300
3100
4200
5200
3400
3200
3100
3300
3500
4800
3300
3300
3300
3400
5000
3200
5600
3700
3600
3700
4000
3700
3500
3500
5500
3500
3400
3500
5400
5100
23400
3200
2900
2900
3000
5700
6000
2900
3000
2800
5100
2900
2900
3200
5600
2800
3200
2900
2600
2700
2700
2800
3400
3300
2800
2800
3000
3400
3300
3400
3200
3100
3100
3100
3100
3100
3100
3100
4300
4900
3300
3000
4500
4500
3300
3400
3200
3100
3300
4900
3300
3300
3400
3200
4600
3300
11800
5300
5400
3400
3500
4000
3500
3500
3600
3800
3500
5500
3700
3500
19300
2900
6300
4400
2800
5000
3300
3200
2800
2900
5100
3100
2900
3000
4900
3500
3600
3300
2600
2900
2600
2700
3300
2900
2800
2700
2700
3600
6000
3200
3000
3200
3100
3000
3600
3200
3100
2900
4000
4100
3100
3200
4200
4800
3200
3200
3100
3600
3600
4800
3300
3300
3200
3300
4700
3600
6900
5400
6000
3800
3400
3400
3500
3800
3600
3600
3500
8500
3700
3800
17000
2900
3100
2800
2800
2800
3200
2800
5300
3300
2800
2900
5600
3000
11300
4900
4600
4700
4700
4800
5200
4900
4100
6200
3700
8100
4000
4400
8100
5000
4900
5000
4900
4800
5000
5000
6700
5100
4700
4900
4900
4900
7700
7400
6300
6000
5500
5500
11900
7300
8000
5700
5500
5700
6000
5400
8500
5600
5800
6500
6200
6400
6400
6500
6800
9600
9200
10400
6400
6500
42000
5800
5500
5500
8700
5500
5100
9100
5100
9000
5200
5900
5200
5100
7100
4700
10300
4800
4700
4500
4800
4600
4500
4600
4400
4800
5500
4700
7700
5200
5000
4800
5700
5300
5100
5200
6600
4900
5300
5300
5300
5900
7500
8600
5500
5800
5700
5600
7600
7600
7800
5900
5500
6400
6800
6300
8100
5800
6600
4800
5000
6200
5700
6400
5900
8500
11200
25100
6400
5900
32500
3300
3200
3300
5100
3500
3100
5200
4800
5200
3100
3300
2900
3300
5700
3100
3500
3000
15300
2800
2800
2900
3600
2800
2700
3000
39800
4100
20200
12900
7500
7200
8300
7800
7900
7800
7800
11700
11200
7800
8100
8500
17300
12700
10100
9700
9700
10200
15400
11500
11900
9600
9100
8600
9500
9000
15200
10400
10100
11400
10700
11000
10500
12200
10700
14600
13700
14500
11100
10600
47100
11200
10900
10300
16400
11400
11000
15600
11600
17600
9100
19500
4700
4700
13700
5500
13800
5700
4500
4600
4700
4500
4500
4500
4700
4500
5700
4600
10500
5100
4400
5300
4900
4100
3200
3300
3300
4700
3300
3500
3100
3100
8600
3900
3400
3500
3500
3300
3600
3400
4800
3400
3300
3900
3600
3300
5500
3600
3500
3800
3700
3700
4200
7800
3700
5700
4900
4900
3500
3700
20900
3200
3400
3100
5100
3200
3000
4700
2800
4600
3000
3000
2800
2900
4900
3100
3500
3400
2900
2800
2800
2800
2800
2900
2900
2800
3400
2800
3800
3100
3100
3300
3200
3900
3000
3200
3100
6900
3200
3200
3200
3000
5400
3300
3300
3500
3300
3300
3300
3400
4500
3300
3500
3300
3300
5000
5200
4900
3600
4000
3600
3500
4900
4800
4900
3600
3700
3700
3600
3500
21500
3200
3100
2900
5000
5800
3300
4700
2900
4500
2900
2800
3500
3000
5100
3100
8700
3200
2900
2900
2900
2800
2800
2800
2900
2700
3500
2700
3700
3100
3000
3500
3100
3000
3100
3100
3200
11100
4100
3300
3000
3100
5300
3300
4000
3300
3300
3400
3500
3300
4900
3300
3300
3300
3300
3600
7900
4900
3800
3500
4400
3700
5100
5300
5100
3700
5200
3600
3800
3500
17900
3300
2900
2900
2900
3100
2800
3000
2900
4700
6400
4800
3100
2800
10300
5300
5300
5200
5300
6400
6500
4800
5200
6000
5100
5100
5100
5000
8400
5400
10400
5700
5800
5700
5800
5500
5200
4900
5400
5200
5200
5200
7400
6200
5600
5200
8600
5500
5700
5500
5800
5800
5400
6200
5400
5500
8400
6100
6400
4700
6500
5600
6200
12200
6200
6800
6700
5800
5900
6200
32900
5100
5700
5300
5100
8000
5100
4800
5200
5300
5000
4900
4800
5200
13900
5000
4600
4800
4900
7700
4900
4900
6000
7200
5600
4800
7900
5000
10600
5600
7200
5500
5400
5300
5200
8300
4700
4900
5900
5000
7400
6500
8700
5500
5000
5500
11500
5200
5200
5100
8400
5300
5300
5100
4200
5800
7700
3700
3600
3700
3700
3600
3500
6300
3700
3500
3900
3600
3500
3600
25500
2900
2900
3000
2900
4700
2700
3000
2900
2800
2800
3500
2700
3000
5900
3000
3100
2800
2900
2800
2800
2800
3100
3100
3100
3200
3000
2700
3700
3500
3200
3400
3200
4700
4200
3100
3100
4100
3300
3200
3200
3100
4500
3400
3400
3200
5100
3300
4900
3800
3300
3700
3400
4100
3300
3400
7700
3500
4300
3500
3500
3600
5900
5100
3600
4500
3600
3700
3700
4400
20500
2900
2900
5100
3000
6600
2800
2800
2900
4700
3600
2900
2700
3200
6700
3200
2900
2800
10400
6800
2800
2800
3300
5600
3800
2900
2900
2800
3800
3300
9700
3300
3200
4900
4100
3400
3100
4400
3100
3300
3100
3100
4300
3300
3800
3600
3400
3300
3400
3200
3500
3500
3400
3300
3200
3700
4900
3500
4200
3700
5100
3600
3400
5100
4000
3600
3500
3600
3400
3600
21200
2900
2800
2700
2900
4700
2800
3000
2900
2900
2700
5500
2800
2900
6200
3200
3100
2900
3000
2800
2800
3300
3300
3400
3500
2900
3000
2900
3900
3300
3500
3200
3200
4300
3900
3100
3100
4000
3200
3200
3400
3000
4200
3300
3400
3600
3300
3400
3300
3300
3400
3500
3300
3400
3600
3600
4500
3600
4100
3500
5300
3600
3500
3600
4200
3900
4100
3500
3600
3800
18000
2900
3300
3000
2900
4500
2700
2700
3100
2900
2800
2800
2700
3100
5600
3100
2900
2900
3100
4200
2800
2900
3300
3700
3300
3000
3100
3200
3500
3300
3600
3100
3400
4000
4200
3100
3100
4000
3200
3200
3200
3100
4300
3300
3600
3500
3400
3400
3500
3400
3200
3300
3300
6200
3300
3300
5000
3600
3700
3400
4800
4000
3500
4500
3600
3600
3800
3400
3500
3600
17400
2900
3000
9300
5400
2800
2600
4600
3400
2700
2800
2600
2800
2600
12200
4600
3800
3700
4000
4000
4000
4400
4700
5300
4200
4100
4400
4500
8400
6700
7900
5100
5000
4900
5400
4900
4900
6800
4900
6600
12000
4900
7400
5300
7800
5100
5000
5200
5000
5200
5500
5100
5300
5200
5700
5800
8500
5500
5700
6300
5700
9800
6400
5700
6100
5400
5600
9100
5800
5300
34700
4900
8600
4800
4900
4600
5100
4600
4800
4600
4700
4800
9000
8100
7300
4600
4500
4000
5100
4200
5100
4200
6300
4500
4600
4300
4300
4900
7900
6800
4800
4400
3800
6800
4000
4400
4500
6000
4800
6100
6300
4800
7800
5600
7700
5400
5000
5100
5200
5100
5900
5200
4800
5000
8100
5300
8100
6000
5500
5500
5400
13500
6000
5800
5600
5400
5400
8700
5600
5700
36500
4500
8800
4800
4500
4700
4600
4500
3700
3400
4100
4300
4100
4200
7200
4400
4200
4100
5700
4100
5200
4500
6100
3900
4100
4900
4000
5400
8000
5600
5200
4700
4700
5500
5000
4600
4700
12400
4800
4800
4800
4900
7300
5700
8400
5200
5200
5100
4800
4000
4700
5000
4500
3200
3300
3400
5400
3600
3300
3300
3300
5300
7200
3400
3900
3600
3200
5000
3300
3200
19600
2800
4800
2800
2700
2800
2700
2700
2600
6500
2900
2700
3000
3000
5600
3300
3100
2900
3100
3200
2900
2700
3100
2700
2700
2600
2700
2900
4700
3100
2900
2900
3200
2800
2900
2900
3100
3700
2900
3100
2900
2800
5900
4500
4100
3300
3400
3100
2900
3100
3100
4400
3100
4400
4800
3100
4800
3500
15400
3300
3200
5100
3400
3300
3500
3300
3300
5000
3300
3200
19200
2600
6400
2900
2600
2600
2700
2800
2500
2500
2600
2900
2800
2800
5400
3200
2800
2600
3100
2700
3700
2800
3100
3000
2700
2500
2500
3200
4200
3200
2800
2800
3000
2900
2800
2800
2900
6900
2900
2800
2900
3000
5100
4500
3200
3200
3100
3200
2900
3200
3100
4300
3200
5200
4200
3200
6000
3400
5100
3300
3200
3400
3500
3200
3200
3300
3300
3300
3600
3700
18100
2900
4900
2700
2600
2700
5500
2600
2600
2500
2800
2700
2500
2700
5800
2800
2900
2700
3100
2700
4500
3200
3200
2800
2600
2600
2500
3100
4000
3100
2800
2800
2800
3000
2800
2900
2900
3900
2900
2800
2900
3400
5300
4300
3300
3200
3100
3200
3200
3000
3100
4400
3400
4300
4200
3100
7300
3500
5400
3300
3200
3900
3800
3200
3200
3600
3300
3400
3400
3700
17100
3300
3100
2700
2600
5000
2800
2800
2800
2700
2600
4500
2800
2700
9500
4400
3500
2800
2800
2900
3300
2800
2700
2900
2900
2700
2700
2600
4000
3000
3000
3100
3000
2900
2900
4400
3900
6800
3000
3100
3800
3200
13400
3500
4800
4000
4600
3200
4200
3100
3500
3200
3700
3100
3600
3500
5600
5200
3500
3500
5300
3500
5200
5100
3800
5100
5200
5200
7800
3400
20000
3100
3500
3300
2900
2800
2800
3100
2700
2800
5500
3100
2800
5600
9100
2800
2700
2900
2500
3300
2700
3000
2800
2900
2700
2800
2800
3200
3900
3200
3100
2900
2900
2900
3100
4000
4100
3000
2900
2900
3900
3000
8400
3200
4300
3400
4500
3100
3100
3200
3100
3100
3200
3300
3200
3100
4900
5000
3900
3400
5100
3300
5400
4800
3400
4900
5100
5100
5100
3400
20400
4200
4000
3400
3900
5900
3600
3900
3500
4200
8000
15100
4000
8100
8700
4900
3700
4200
3600
5000
3900
5100
4900
3700
3000
3200
4200
5100
5600
4700
3600
3300
4500
6700
5400
4100
3700
5000
4500
5100
3800
6100
9300
3500
8200
3800
4400
3300
3100
3100
3200
3100
3200
3100
3100
3100
5400
5900
3400
3400
5700
3300
7100
5300
3500
4900
5200
5000
4800
3600
18600
3200
2800
2800
6000
2800
2900
2700
2800
2800
5100
2900
3000
5800
7600
3200
2800
2900
2700
3500
2800
3100
2900
2800
3300
2900
2800
3300
4000
4300
3100
2900
3000
3200
4000
3200
3100
2900
3000
3000
3200
3100
3800
3400
3100
3400
3100
3200
3300
4500
7200
3200
3400
3300
4500
3300
4700
5100
3400
3500
5500
3700
5000
5200
3500
4900
5000
5200
5000
4000
31200
3300
2800
2900
2900
2800
2900
2800
3000
2800
5500
2900
2700
5100
9000
3500
3000
4400
2700
3900
3800
3700
2900
3000
2800
2800
2800
4700
3500
4700
3300
3200
3100
3000
4600
3100
2900
3100
3500
2900
3000
5800
4200
3800
3200
3500
3100
3400
3200
5000
5300
3200
3200
3200
5500
3500
7000
3700
5500
3400
5800
3500
3400
3500
4600
3700
3700
3400
3400
3400
18400
3100
5500
2800
2900
3000
2700
2700
2600
2900
5300
2900
2700
5300
7100
3000
2800
3100
2700
3200
2800
3300
3500
2700
2600
2700
2800
3100
3600
4000
3000
3200
3000
2900
3900
3000
3300
2800
2900
2900
2900
2800
4000
3200
3200
3400
3700
3200
3500
7200
4400
4400
3300
3200
4500
3300
6600
3600
5000
3500
4900
3400
3300
3500
3400
3800
3600
3800
3500
3300
17500
4800
2900
2900
4800
2800
4500
4600
2900
7200
4600
4600
5400
2800
8600
3100
3800
3500
3200
2900
2900
2900
2800
3000
2800
2800
3500
3100
3900
3600
3100
3000
3000
3200
3200
4100
3300
3200
3000
3000
2900
4200
4700
4700
4500
4500
3600
3300
5400
3400
3500
4700
4800
3400
3500
4700
8000
4400
5100
4400
3500
3700
3500
3700
3500
3400
3500
3800
5300
3800
21200
3200
2900
2900
3100
2800
5200
3000
4900
2900
2900
2800
3100
5300
6500
3000
3000
2800
3400
3500
3200
3200
3100
3300
2900
2900
4000
2800
4600
3100
2900
3100
3000
4100
3000
4300
3000
3000
3500
3000
3000
5000
5400
5400
3300
4600
3300
3200
5300
3300
3300
3100
5500
3500
3400
5200
6200
4400
7200
3400
3400
3400
4300
3400
3400
3300
4800
3600
8200
3500
18100
3600
2900
2900
3100
2800
4800
2900
4800
3000
2700
2700
2800
4900
7400
3000
2800
2800
3400
3200
2800
3200
3000
3200
2900
2800
2900
2700
3400
3000
4100
4100
3300
3000
3100
3200
3300
3000
3200
3000
4200
3100
7300
4900
3400
4500
3400
3200
4600
3300
3200
3100
4500
3300
3500
4400
5300
3400
5300
3500
3400
3700
3400
3500
3300
3400
3400
3500
6700
3600
17600
2900
2800
3200
2800
3600
4900
2800
8000
3100
2800
2700
3000
4800
6400
3100
3100
2900
3700
4100
3100
3500
3000
3800
3000
2800
2800
2800
3500
3100
4800
4400
3400
3200
3100
3100
3300
3600
3100
3100
4500
3100
4200
3400
3400
3300
3300
3500
3400
4700
3400
3200
3300
3200
6200
4700
5000
3500
5700
3600
3400
3500
3400
3400
3400
3500
3400
3500
5300
3500
29700
4700
5600
4400
2800
3200
15100
3000
6700
2800
2600
2600
3000
5000
6100
2900
2700
3200
3900
3100
2700
7000
2900
3100
2800
2600
2500
2600
3300
2900
3900
4000
3100
2900
3200
2900
3000
3000
3000
2900
3900
3000
4400
3500
3200
3100
3000
3400
3500
4300
3300
3000
3200
3100
3300
4400
4700
4900
3300
5400
3800
3500
5000
3400
3400
3500
9000
3400
3600
4900
12700
2900
3100
3200
3200
3200
4800
2800
4800
2700
3200
3300
4200
4700
6100
2800
2800
2600
3300
3500
2700
3100
2700
3300
2600
2600
2600
2500
3400
2800
4100
3900
3800
3100
3000
2900
2900
5700
3000
2900
4100
3000
4100
3200
3200
4800
3200
3300
3000
4600
3200
3000
3300
3200
3000
4600
4600
5000
3400
4900
3500
3600
5000
3600
3400
3300
5100
3500
3600
4900
10300
2900
8300
3100
2900
3100
2700
2800
2700
2800
2700
2900
5000
2800
8400
3000
3500
2900
3400
3200
2900
2700
3000
2700
2800
2700
2700
2700
3800
3100
3200
3000
3700
4000
3000
3100
2900
3300
2900
2900
3900
3300
4400
4900
4800
3500
3300
3400
4300
3500
3200
3100
3300
4600
4200
6300
5100
3700
3900
3700
3500
7100
3800
3400
3500
3700
3800
5000
5200
3700
12200
3200
5100
3200
4900
3000
4800
3000
2800
3000
2900
3200
4900
2900
7100
2900
3000
2800
2900
2700
2600
3700
2800
2900
3400
2800
2700
2900
3800
3200
3000
2800
3700
4100
2900
3000
3100
3500
2900
3000
4000
2900
4400
4200
4500
3400
3400
3200
4300
3800
3100
3000
3200
5000
4400
3200
5100
3600
3700
3400
3400
9000
3800
3400
3400
4000
4900
5100
5100
3600
11800
2900
5300
3100
4800
3000
4900
3000
2900
2800
2800
2900
4700
3100
7000
3400
3200
2800
2800
2700
2700
2700
2800
2800
3200
2800
5600
2600
3400
3300
3900
3000
4000
3800
3300
3500
3100
3000
3100
3100
2900
3000
4600
4300
4400
3500
3200
3100
4600
3300
3300
3100
3300
4300
4400
3200
5000
3500
3500
3400
4000
6200
4000
3300
3600
3500
3400
8400
5200
3600
12000
4400
4900
2900
4800
2900
4700
3200
2700
2800
2900
3000
4700
2900
7300
3100
3000
2900
3000
2800
2900
2700
2800
2900
3700
2900
2800
2800
3600
3100
4200
3400
4000
6600
3100
3100
3000
2900
3200
3000
3100
3400
4100
3400
3300
3200
4600
5200
3100
3300
3400
3400
3200
3200
4800
3200
5000
3400
3500
3500
3600
5900
3500
3300
3600
3500
3500
5200
5100
3600
15400
3000
5000
2900
5000
2900
5400
3000
4000
2800
2800
3100
4700
2800
8000
3300
2900
2900
2900
2800
2800
2800
2800
2800
3500
2800
2800
2700
4000
3100
3800
3200
3900
4100
3200
3000
3000
3100
3200
2900
2900
3100
3800
6000
3400
3200
4700
4400
3300
3300
3200
3300
3300
3200
4300
3300
4900
5600
5700
3600
3500
3400
5100
3500
3600
3300
3500
5300
5500
3500
12100
2900
5500
2800
7700
2900
4800
3200
2700
2800
2800
2800
4700
2900
8700
3400
2900
2900
2900
3000
2700
2700
2800
2800
3600
3000
2700
2700
3500
3200
4300
2900
4400
4100
3100
3200
3100
3100
3000
3100
2900
3000
4100
3300
3300
3100
4700
4900
3200
3300
6100
3300
3900
3300
4600
3200
4600
5200
5400
3600
3400
3400
5400
7500
3400
3700
3400
5300
5100
3500
9200
3200
3000
2900
3000
6600
3500
2700
2800
2900
3100
8000
5000
3000
9300
4200
3700
3300
3800
2900
2900
2800
3300
2800
3500
3400
3600
2900
4100
3200
3300
3200
3100
4300
3300
3200
3400
3400
3000
4400
3000
3100
4600
3500
3400
3300
5100
3900
3500
3400
3700
3400
4800
4800
3700
3300
8000
3700
3800
3700
3500
5400
3700
3600
3800
3600
5300
5700
3500
3600
9900
3000
4800
5100
5000
3200
2900
5000
2900
3100
2900
2900
2900
3100
8700
3200
6500
3100
3000
3700
3500
3700
3000
3100
3000
2900
2800
2900
4000
3200
3200
2900
3100
4300
3200
3100
3200
3200
3600
4000
3200
3000
4900
3500
5000
3500
4600
3600
3400
3300
3300
3500
4400
4900
3500
3300
5100
3500
3500
3700
3500
8000
3600
3600
3600
3600
6100
5700
4500
3500
9600
2900
4800
5100
4900
3000
3100
4800
2900
2900
3000
2800
3400
2900
8700
3100
3300
3000
2900
3300
2800
3400
2900
2800
2900
2900
5800
2900
4000
4400
4200
3300
4000
3200
3200
3300
3000
3100
4100
3100
3100
3400
4400
3300
3400
3500
4700
3300
4000
3300
3200
3400
4700
5100
3500
3300
5100
3500
3500
3500
3500
5200
3700
3500
3600
3600
5300
8700
3600
3500
9300
3000
4800
5000
4900
3000
2800
4800
5600
2900
2900
2900
3100
2900
8100
3300
3700
3100
3200
3500
2800
3300
3100
2900
2900
2800
3000
2800
3500
4300
4400
6000
4100
3100
3800
3200
3100
3100
4700
3100
3100
3300
4300
3500
3400
3300
3300
4900
3600
3500
3400
3400
3400
4700
3400
3300
5000
4300
3600
3500
3500
5200
3600
3500
3600
3600
5100
5800
3600
3500
12400
3000
4800
4800
5100
3200
2800
4800
2900
3000
2900
2800
3300
3300
7500
4500
3800
3100
2800
3700
2800
3400
2900
2800
2900
2900
2700
2800
3600
4200
4400
3100
4200
3300
3200
3100
3300
3100
4100
3200
3100
3200
4300
3400
3700
3800
3400
6600
3400
3300
3500
3600
3400
4900
3400
3200
4900
3700
3600
4100
5300
3900
3600
3600
3500
4300
5600
10700
3600
3600
9600
2900
7700
4900
4900
3000
3400
4700
3000
2900
3100
2800
2900
2800
7400
3100
3600
3300
3000
3400
3100
3800
2900
2700
3100
2800
2800
2800
3600
4300
5000
3100
4400
3200
3000
3100
3300
3100
4200
3300
3100
3100
4100
3400
6200
5200
3400
5000
3500
3600
3400
3300
3200
5200
3400
3400
4800
3700
3600
3700
5300
3600
3700
3600
3700
3500
5400
8000
3700
4400
11100
2800
3900
2900
3000
5800
3500
3700
2900
2800
5700
6100
3600
2900
