630900
36400
25100
20800
26300
27900
24100
23200
23300
33600
22300
113000
924900
24000
48500
41100
41900
29100
41600
35100
23600
24000
33200
22900
25100
35200
23700
24000
49300
31800
27500
27300
26400
34000
27200
29000
27600
29300
57000
37600
28500
28800
60000
29100
26600
26300
28200
37600
31700
21000
22200
22000
23100
18800
17800
17700
41200
24700
45300
22300
20400
36900
52100
20800
18900
19000
17600
20500
18900
18600
17000
13700
12800
26300
12200
12200
13600
12300
12800
14200
11500
14800
11400
14600
20500
25500
22800
14800
19900
16300
12800
11700
19300
14600
13000
23300
12000
11500
34800
14700
12800
16500
19100
15100
12600
13800
13400
12500
24200
14500
14000
12800
25000
16200
14200
13100
13800
23600
14600
17600
14400
13600
13600
14000
17800
14800
32000
31000
38400
18400
15600
15000
34200
16100
14700
20200
15500
15100
14800
14600
15100
10900
9400
18700
9800
8200
9800
8100
33400
9400
8800
13700
9500
13200
11500
10800
9600
8800
9200
11300
10400
9300
14700
10200
12600
21700
11900
42700
58600
15000
14300
12900
12000
15400
11100
12600
12900
11500
22500
13200
12100
11100
28100
14100
13300
11900
12200
22200
20600
24200
22200
18700
25300
20200
20000
19700
33000
25100
71400
33000
24500
23300
45000
28800
25300
24400
22400
23200
22200
23800
14100
16500
20800
24400
12500
11000
10300
10000
15700
10400
11200
19300
12400
20400
16900
15500
14500
13000
13100
15300
14700
13100
13900
15400
13600
25000
15700
14400
18400
30800
31600
17200
34700
18500
62800
17900
13600
11700
18500
8100
7400
8200
20300
8300
7900
9600
8600
16500
9000
10200
7800
8500
7900
7900
9000
8000
10500
9500
21100
10500
8700
8400
19900
9300
8600
11000
15700
8700
8900
8900
6400
8200
6700
10700
6800
8100
5100
4100
6900
4300
4600
6700
10000
7200
5000
5700
4600
4400
4600
6800
5000
5100
5000
5900
4900
11900
5700
5100
5700
12800
15300
6200
10500
6800
5700
6200
5300
5200
5300
5000
5700
6100
29300
13100
8800
8600
9500
8700
8500
11400
10400
9100
24500
11900
10400
10900
14900
10300
37900
16100
12500
13400
27600
12800
11100
11600
10900
11100
10800
10800
11000
10700
6800
30100
8100
7200
6400
6200
10000
6700
6800
16300
6500
25400
9000
8500
8100
7200
7600
9500
7800
6900
6700
5700
5700
12200
5900
4800
6000
15400
13400
5800
8500
9900
6400
6600
5100
5700
5200
11200
11900
5500
13600
6000
5500
5400
5500
5400
5400
7700
6000
5800
9800
6500
6400
5800
7800
10000
8300
27700
6600
9200
6200
10400
8600
9100
9300
8900
9900
9400
43400
44700
22500
21400
21200
26300
23400
21000
22900
26500
21500
22200
20700
43800
32300
21700
21700
26500
22200
21100
21600
26600
22600
28200
22200
28900
238100
80900
25100
24900
16300
16100
16100
15600
16100
19500
16100
24000
16000
18200
15500
15900
21700
23900
20400
16400
16100
23700
19100
21900
24100
16000
13400
12000
22800
10900
111300
11500
4600
10800
9400
4500
11600
3800
3600
4100
3600
4200
4200
3600
14600
4600
4800
4500
4300
4200
4200
9800
4700
4200
4200
6300
4300
4400
5700
4800
4400
4500
5200
4600
4500
6300
4900
5900
4500
7200
4700
4700
14900
4900
4600
4900
4800
4600
4700
9700
5000
4500
4800
4700
4800
5000
11400
13900
9000
7400
5200
8700
5500
12200
5300
4900
4900
6600
8200
5300
81100
4000
3200
9400
14100
3700
8900
3200
3200
3500
3100
3600
3200
3400
7600
4200
4600
5100
4800
4300
4100
6000
4200
4000
4200
4500
4200
3900
5300
4300
6200
4900
6200
9500
4700
4300
6300
4700
6000
4800
4900
7700
10900
4800
4500
4800
4700
4900
4600
9600
4800
4500
4600
5500
4600
4800
15800
10700
8500
4900
4700
8900
4600
10300
6700
4800
4700
4900
5000
4900
70900
3700
3100
10400
8100
3200
10100
3200
3400
22200
10800
6600
6400
6000
13300
7500
7500
7000
7300
7100
7100
24400
7400
24400
7500
7400
7800
6800
9300
7800
7500
7700
8800
12900
8000
7900
7900
8700
10000
7900
7100
11600
9800
8800
8300
12200
8700
7400
7700
14100
8100
12300
8100
14400
8100
8200
19200
17800
16000
8800
8200
14700
8200
26400
9400
9000
7900
6400
8900
9300
283000
14800
8500
44300
12200
6600
11500
10200
5500
18800
5900
6100
6300
5800
13900
7700
11800
7700
7600
9200
8200
9800
7100
6700
8500
7700
7700
7900
9100
7800
7900
9200
7300
10900
8000
10900
7700
7500
7700
8700
7700
11000
9800
8100
21900
8600
8100
14400
8100
13900
8300
14000
8100
13600
8400
8400
15600
8600
8700
8600
8800
8700
8500
13300
9300
8600
8800
8600
8600
9600
68800
6900
22700
24100
9800
5600
9500
5400
5300
5600
5000
5900
5200
5200
11000
6600
6800
6600
6700
6500
6500
8300
6700
6500
6700
6800
6600
6900
7600
6700
6500
6500
6900
10400
7200
7100
7400
7200
7200
7700
13400
7400
7300
5600
5700
5400
5400
5500
6100
9500
5500
8200
5500
16200
5700
5300
12600
8600
6500
6000
6200
6200
6100
10100
6200
5900
5800
6100
6400
6500
50100
12300
8200
4800
5000
8100
4500
10900
4800
4400
10700
5100
4800
5000
29000
5500
5100
5000
4800
7500
6100
4900
5000
4700
6300
4500
4300
5900
8400
7900
5300
5300
5300
5300
5400
5300
5300
5400
7900
6200
5300
8500
8300
6000
6000
6100
5900
9300
5800
9300
5800
6600
6300
7800
6600
5800
13900
13200
7000
6200
8000
6200
6500
19000
6600
15800
7600
6600
6400
6500
36400
5700
16100
5600
5000
6600
13000
5300
5200
7200
5200
5900
4600
5100
10000
7800
5000
4700
7300
4700
4700
5300
7300
4800
4600
7400
4800
4900
8100
8900
5500
5400
5200
5400
7000
5300
5300
5100
9000
5300
4700
8600
9100
5900
7200
5800
6000
10200
5800
10800
5800
5800
5700
7100
6000
6200
15400
11400
6400
6400
7800
6200
6200
12200
6400
13900
15200
6300
6400
6300
38100
5700
6700
5400
5300
6700
12900
5500
10900
5400
5400
5500
5600
5200
8800
6400
4700
4700
5900
4600
5600
4700
5700
4800
9800
15400
4900
5200
10800
5800
5600
5300
5300
13200
9600
5500
5100
5300
7700
5700
5600
13800
8300
6100
5800
6100
5900
9300
5900
9700
5800
18400
8300
8800
6000
5800
34800
11500
6500
13800
6500
5900
8700
15700
6600
12500
6200
6200
6200
6100
73900
7100
5500
5200
6500
5300
11500
5100
6900
4800
5100
5000
5300
5000
7500
5800
4300
47400
10400
5100
4500
4500
14400
19700
9400
6400
9800
6700
6600
5300
5000
5100
4900
7400
8200
5300
5200
5200
7100
5200
5000
8000
13400
14200
6000
6000
5900
5700
5500
5500
5900
6400
21200
5900
5500
23100
18100
10300
6700
6900
7200
6300
6600
17900
6500
11100
6900
6200
6200
16100
33200
5400
5200
5100
6500
7800
11700
5500
5500
10100
7100
6600
5400
4900
8100
13600
4900
4800
11200
4500
4700
4600
6900
4800
4500
5800
4800
4500
5800
5400
5100
4900
5100
7700
13700
5800
4900
5100
7600
6700
5300
8700
18000
15200
6200
6000
6200
6100
6600
6000
6400
8200
9000
5700
5300
8600
8400
6300
6100
13700
6200
10200
6800
10000
10700
5900
5900
6000
6100
5900
40500
5200
5100
5100
4900
5000
9600
5100
5800
5100
5100
4900
5200
4800
7500
5200
4800
4700
4900
4500
7200
4200
4800
4300
4200
5300
4300
5300
5900
4900
5000
4800
4800
7100
6500
4800
4800
4800
6700
4900
5000
7900
7200
8400
5600
5300
6400
5500
11200
5100
5900
5800
8500
5300
5700
7900
8200
6100
6000
6200
5900
9600
6100
8800
6400
5900
5800
5700
6100
5800
36600
8700
7500
5000
4900
4700
5000
14000
5000
10100
4900
4600
4800
4900
11300
6100
4800
4500
4400
4900
4800
4300
4500
4400
4400
5600
5000
4300
6500
5200
4900
4600
5800
4900
6100
6100
6000
5100
5100
4900
5200
4800
10000
6800
8300
5600
5700
5300
8900
6100
5600
5700
5700
10500
7700
5400
9300
14700
10400
9000
5800
7100
5900
6100
5800
6300
6000
6200
6000
5900
31800
5300
5500
5200
5300
5400
11400
9100
5200
5300
5400
5400
5500
5200
8900
6000
5500
4900
4700
4400
4600
4600
4900
4900
4600
4700
4600
5000
6300
11600
5100
7700
6400
5000
6800
6900
5000
5100
5200
5100
5500
5200
11000
6000
9100
6600
5600
5700
7700
6200
5800
5400
5600
8800
5400
5700
9200
6700
10800
26500
5700
5500
5900
5500
5600
5400
9700
3800
4200
3300
36700
3100
2800
2800
3100
2800
6200
5100
3200
2900
2800
2800
2900
3000
14400
6400
3300
2800
3600
2800
2800
2700
2700
2600
2600
2900
2600
3400
4000
4200
3100
2900
2900
2900
3000
2900
3900
3100
3100
4200
4000
3000
10500
3300
9500
3300
3100
3100
4900
3900
3100
3400
3000
4300
3300
3000
5300
5200
6200
5700
3300
3300
3900
3400
3300
3100
3500
4200
4900
3200
17200
3000
2800
2600
2700
3200
5900
4800
2700
3800
8300
3700
3500
3900
8600
53900
7700
7900
5900
5800
8000
5800
6400
6400
5500
6500
5600
5500
18100
15400
7600
7900
7400
8600
8000
7700
8100
8600
7900
11000
10500
8100
13300
28100
10600
10800
24500
9100
16600
13100
12500
9600
9600
8900
9700
9300
18800
14700
22300
14400
11000
10900
10500
10700
10500
10300
10900
10500
11100
10600
41000
11300
11800
11100
11200
10600
18000
14700
21900
4000
3400
3000
3100
2900
13500
24600
3500
3000
2800
2600
3800
2800
2700
2800
2600
3500
2800
2800
7200
4400
3200
3100
8700
3000
3100
2900
3200
3200
3100
4300
3800
3000
4700
3400
5000
4700
4500
3600
4400
4700
3400
3200
3300
3200
3200
3700
8500
3700
5100
3500
3700
3400
4900
3500
3700
3700
3800
5300
3500
3400
22700
3200
3000
3200
2900
4900
5800
4800
3700
2900
3000
3400
2900
2800
5900
4000
4000
3000
2700
2800
2700
2600
2600
2700
3000
2600
2700
2800
3600
3600
3100
3200
2800
3000
3000
3000
3100
3100
3100
4000
3800
2900
4100
3400
3400
3100
4400
3700
13300
8700
3300
3200
3500
3200
3300
3200
6800
3500
5000
3300
3500
3400
4800
3800
3600
3600
3700
4700
6400
3500
17400
5200
6300
4900
3000
3100
3100
3000
3000
2800
3200
3000
2900
7000
10100
4300
8400
3500
3100
2900
2800
3700
2900
2800
2800
3000
2900
3300
4200
3200
4500
3100
3200
3000
3000
4400
3100
2900
3100
4200
3100
4200
6400
3700
4700
3600
3300
3300
3500
3600
3200
3600
3300
3600
4400
3400
5300
3700
8100
3600
3500
5400
4000
3500
6600
3700
3600
3500
3600
5400
17400
3600
3800
3100
3200
3000
5800
3500
3100
2800
5200
2800
5000
3400
5900
3600
3200
2900
3700
3000
3500
3100
3300
4700
3000
2800
2900
2700
7400
3100
7100
5700
3000
3000
2900
7000
3100
3000
6800
4000
3100
6600
11300
3400
7200
3300
3400
3300
6300
3300
3300
3200
4500
3300
6000
3300
6600
4600
3500
3400
3400
6100
8400
3600
6800
3600
3600
3500
3400
5200
17700
3000
3000
3100
2800
2900
4900
3100
2800
2700
5200
3000
5500
4600
6700
3800
3000
2900
3500
3200
3400
3000
2700
3400
2800
2900
2900
2800
4100
8800
4600
4400
3400
3100
3200
4300
3000
3200
3400
3100
3100
3100
6600
3400
4700
3200
3300
3300
4300
3200
3200
3200
3400
3300
4900
3200
5000
4000
3400
3400
3500
9300
3600
3400
6100
3500
3600
3400
3500
5200
17100
3000
3900
3500
3400
3400
5200
3100
2800
3300
5200
3000
5100
3000
6500
7300
3100
3000
3400
3200
3200
2900
2800
3600
2900
3000
2700
7700
3600
4300
4600
4000
3400
3100
3300
4200
4500
3200
3100
3200
3700
3100
4000
3500
4600
3300
3400
3400
3200
5500
3500
3200
3500
4700
3600
5100
5800
4100
3500
3800
3400
5200
3500
3500
11100
3600
3400
3400
3600
5200
18000
3200
2800
2900
2800
3100
5200
3000
2900
2900
5100
2800
5000
3000
5600
3500
2800
3100
3500
2900
3300
3200
2700
3300
2900
3100
2700
2800
3700
4000
8400
4100
3300
3200
3300
4100
3100
3300
3400
3200
3000
3200
4000
3500
4500
3700
4500
3400
3200
5500
3500
3300
3400
6300
4900
8000
55500
8800
21200
14800
6400
6100
6500
5800
7000
6400
10600
14300
9300
5200
31800
4900
4700
4600
4800
4500
10400
4700
4900
4300
10000
4800
9100
5200
6800
5200
4400
4100
4900
4200
5100
4200
4100
5200
4400
4300
4300
5300
5700
6700
7500
6100
5800
13000
5400
6700
5100
4700
4700
4600
9700
4800
18400
5400
8300
5100
5300
5400
5500
8900
5200
5000
5500
8200
5000
7600
12700
5900
9000
5800
6200
5700
5800
7500
5900
5700
6200
5900
9400
5800
38700
5400
4600
5300
4600
9000
5700
4800
12100
4600
4800
4900
4600
9500
12000
5800
4300
8000
4900
4700
4300
4800
4600
4100
4500
4600
3900
4200
6200
4800
4600
4600
5100
7200
4800
4700
4800
4700
5700
4800
6300
4900
7200
5200
5600
5200
6200
6000
5700
5900
5200
5900
5800
5600
11300
4000
8000
7500
7500
5600
5800
5500
8500
5800
5800
5400
6000
5500
5400
5900
36400
5000
5100
4900
4900
5700
7200
5000
4200
4400
4500
4700
4900
4300
9100
4800
4500
4400
4300
4100
5400
4300
4000
4100
4100
4600
4400
4200
6300
4800
4700
4500
11200
6100
4800
4800
5000
4900
5600
4700
5700
4600
7000
4500
5100
5300
5000
5200
5000
5600
5400
5000
4900
5200
5300
5300
8100
7600
7700
5900
8300
5600
8100
5500
5500
5500
5800
5600
5400
6000
34500
5000
4700
4300
4400
4500
6800
10900
4700
4500
4500
4400
4800
4400
8700
4400
4600
4400
4200
4400
5200
4800
4200
4400
4900
4900
4700
4500
5300
8100
4900
4800
5500
4600
4600
6200
4900
4600
4600
6200
4900
4700
7400
5300
8000
5400
5100
5300
5300
4800
5500
5100
5500
5200
5100
5800
8400
8800
8300
6100
6200
5800
13400
5800
5500
5400
5600
6000
5500
5400
34600
5100
5000
4500
4400
4700
6700
4600
4800
4600
4600
4700
4700
4400
7300
4500
4200
4600
4200
4200
4000
4300
4100
4500
4100
4300
4300
6800
5200
6000
5000
4700
4600
4300
5700
5600
4800
4700
4600
5600
4700
4600
6400
5700
4800
4900
5300
6700
5200
5200
11000
5000
6400
5300
6200
5600
8000
7100
7600
5700
5700
6600
7800
5800
5700
5300
5500
5600
5600
5900
45300
5100
4800
4500
4700
4900
7000
4700
4600
4600
6700
4400
5000
4700
8700
5100
4700
4600
4500
4800
4100
4800
4000
4200
4300
4200
4200
10000
5000
6900
5100
4800
4500
4600
4800
5900
4600
4600
4900
5800
4700
4800
6600
5100
5500
7500
5200
6900
5300
5300
5400
5300
7600
5000
6700
5300
7600
5700
5800
5600
5400
5600
5400
5400
5500
5600
5400
5500
5300
5800
33300
5600
4800
4200
10500
4600
7000
4600
4500
4200
4500
4100
5200
4700
8800
5200
5200
4500
4400
4800
4200
4200
4100
4100
4500
4300
4300
4100
5300
6400
4700
5000
4500
4500
4700
6200
4700
4600
4700
6000
4700
5600
6400
5200
5200
5000
5500
6300
5100
5600
5000
5100
6600
5200
8600
5300
7800
5400
5500
5500
11400
7100
5300
5300
5700
5500
5500
5500
5500
5500
30800
7300
7800
4500
4600
4700
7400
4900
4500
5000
4500
4900
4300
4300
12600
5300
5100
4900
4800
4600
4800
4500
4800
4800
4500
5800
4700
4600
6500
4700
5200
4700
5000
7400
4800
5000
5100
6300
5000
5500
4900
4900
15400
5200
5500
6000
5600
6700
5700
5300
5000
5200
7200
5500
7300
7100
12200
6300
5900
6000
5900
6000
6000
6200
5700
6000
8200
8500
5700
5800
32700
5600
5200
8400
5100
4900
11000
4900
5200
4900
4900
9000
5100
4800
9700
4800
4600
6100
4900
4400
5000
4500
4700
4800
4400
4800
5400
5200
6000
5800
4900
4900
4900
6800
5200
5300
4900
6500
4700
6500
5000
4900
7200
5500
5300
5700
4800
7200
4900
5300
5400
5300
7100
5200
13100
7200
11800
5800
6000
5900
5700
5600
5700
6100
5600
6100
8500
8500
6200
5800
35300
5500
5100
8300
5400
4800
4600
4800
4700
4700
5000
8000
4800
4600
10000
4900
4600
5000
4500
4500
4900
4300
4100
4900
10200
4500
5500
4600
7400
5400
4800
5100
5000
4900
5100
4800
4900
5000
5000
6000
4800
5100
7100
5000
5200
5500
5500
7200
5200
5000
5300
5200
7500
5100
7900
8200
11400
5700
5900
5900
5400
5600
5700
5900
5700
5600
14200
9100
6000
5900
30600
5000
4700
8400
5200
4700
4700
5100
4700
4700
4600
8400
5200
4800
9500
4900
4700
5700
4500
4500
6200
4000
4100
4300
4200
4900
5200
5400
7900
5000
4900
5000
5000
7500
5000
5000
4900
4900
4800
12400
5000
5100
7000
5400
5300
5700
5600
7600
5500
5400
5700
7900
5500
5500
5500
5200
12200
5800
5800
6200
5800
6100
5700
6200
5700
5600
9000
13600
6000
6000
32100
4900
4900
8300
4500
4300
4500
4600
4700
4500
4500
8100
4600
4700
8600
4600
5100
5400
4500
4300
5200
4300
4200
4300
4400
4200
5200
4400
7500
5000
5100
5000
5000
5000
5200
5000
4900
5900
4900
6400
4900
5200
6800
11100
5400
5600
5300
8100
5300
5400
5700
7400
5700
5500
5300
5400
8000
5800
5900
5800
5800
9300
6100
5600
6100
5700
8500
6000
8400
8700
123400
10300
3600
5800
3200
3000
3400
2900
9900
3000
2800
4900
2800
6100
7100
3200
2600
3400
2800
2600
3100
2800
3700
2800
2600
2900
3300
2700
4900
3100
2900
3300
2900
3000
3000
3100
2800
3000
2800
4000
3000
2900
4300
3300
3100
3500
3700
5000
3200
3300
3100
4300
3300
3100
3300
3200
9700
3400
3500
3500
3400
5200
3500
3400
3300
3600
4600
3500
4600
4600
20300
3300
2700
3000
2900
2800
2700
2700
2900
2600
4600
4900
2900
3200
8000
3900
3000
2900
2600
2600
3100
2800
3200
2800
2900
2600
2600
2600
3900
3000
3000
3200
7300
3700
3000
3000
3700
3100
3100
3800
3800
2900
4300
4600
4700
3400
3200
3200
4600
3200
4400
3100
4500
3300
3200
3200
5100
7100
3800
5200
3500
4900
3700
4600
4900
5700
3500
3500
5900
3500
20000
2900
4200
2900
2700
3000
5900
3100
5900
3100
2900
3800
2700
2800
8200
2900
3000
4300
2800
3000
2700
4100
2800
2600
2600
2700
3900
2600
4800
2900
3000
2800
2900
4600
2900
2800
5000
3400
3500
8700
3700
2900
4300
4300
3100
3400
3200
3000
4600
3100
4400
3100
4500
3100
3100
3100
5400
5100
3500
5100
3600
5100
4600
5000
5500
3900
3300
3300
4900
3300
21000
3300
2900
3000
2800
2600
5000
3000
5100
3000
2800
2800
2800
2800
7800
2900
2900
3300
2900
3300
2600
3400
2600
2500
2600
2600
2900
2700
3500
4200
3200
3100
3100
2900
2900
3000
4100
3100
2900
3200
3000
3100
4300
10000
3300
3100
3200
3100
4300
3100
4300
3300
4300
3300
3200
3100
5000
7100
3700
5000
3500
5000
3400
5000
5100
3400
3200
3500
4700
4800
16100
3000
2800
2800
6900
2700
5500
2800
4800
3200
2700
2800
2900
2700
7500
3200
2900
3300
2800
3800
2800
3200
2900
2600
2800
2700
2800
2900
3500
4200
3200
3100
3000
3000
3100
2900
4200
3100
11300
3100
3100
3000
4100
3200
3400
3400
3200
4400
3400
3200
18800
3200
3200
4800
4500
3100
5100
7000
5500
8100
5200
6700
4200
4900
6800
4400
25600
8300
10500
6200
19700
5200
5100
4800
4900
4900
9400
5100
17600
5000
4300
6100
4400
4200
8800
4300
3400
7100
2800
3600
4300
3300
2900
2600
2600
2800
3400
4300
4300
4900
3100
3000
3200
3000
4700
3900
6300
3200
4600
4400
4700
4000
6700
4200
5300
4700
5200
17200
5800
4600
7300
4300
4600
14200
6700
3400
7100
8400
5700
3800
4600
5300
8200
5200
8700
4700
7800
5500
5100
5800
17400
4600
4200
3900
4000
4100
5300
3400
4900
3100
2900
3000
3500
3000
16300
4200
6400
3100
2900
3000
2700
3000
2800
2600
3500
2700
2700
2900
3500
4100
3000
3600
2900
3000
2900
2800
3800
3000
2900
2800
3100
2800
4000
3100
3200
3200
3200
4400
3100
3300
4200
3200
3200
4100
6700
4600
6200
7800
5300
3600
3400
3200
11300
4400
5600
4500
5900
5600
5500
5200
16000
7800
4800
5200
3000
5500
5000
7000
7600
4300
4200
4500
6900
4200
13600
5800
3900
2700
3000
2700
2800
3200
2900
2600
2800
2700
2600
2600
4000
3200
3000
2900
9800
5000
4200
4500
4600
4500
4400
4300
4800
4600
7700
6800
5500
5300
5000
5000
4700
4400
9000
9900
10800
9800
4900
7500
10100
7800
5800
5500
8300
5200
5300
4900
3500
3400
4800
3600
4600
4700
10200
3000
3100
2700
4400
9500
2800
4400
3000
3800
2700
4200
2800
2700
12500
3100
2900
3100
2600
2600
2900
3400
2600
2600
2500
2700
2600
2800
3800
3000
3000
2800
3600
3500
3300
2900
3300
4700
4200
3800
4600
2900
4800
5800
3200
3600
3100
3100
3000
3300
4700
3100
3600
3000
3000
3100
4900
9300
3300
3300
3400
3300
3200
3300
3400
3200
4300
3500
4300
4600
9600
2900
2700
2600
4500
4300
3200
5300
3800
3000
2500
14300
3900
2800
9100
3700
3100
3000
4500
3200
2700
2600
2900
3300
3700
2800
2700
2700
3400
3100
2900
2800
3200
7800
3000
4300
4000
2900
2900
2800
3100
2900
4400
4300
3300
3200
3100
3100
3300
126200
5200
3200
3300
3000
3000
3100
4800
4600
3300
3500
4000
3800
3200
3200
3300
3300
4500
3500
4400
4500
9400
2900
2600
3000
4200
9000
2800
4200
2900
2900
2700
4900
2800
2600
6900
3100
2900
3200
2800
2700
2900
2700
2700
2500
2600
2900
4600
2700
3300
3300
2900
3000
3000
2800
3100
3700
3700
3100
3100
3000
3000
3600
4100
3200
3300
3000
4000
4600
3200
3100
3100
4000
3200
3200
4600
3100
4500
8800
3300
3300
3500
3400
3200
3300
3400
3200
4300
3500
4200
5000
9700
2800
3100
2600
4100
4100
2700
4400
2800
2900
2600
4100
2700
2600
9700
3400
4200
4000
4000
4500
3500
4200
4500
4300
4200
4000
3900
4100
5100
4700
4600
3500
10100
4600
4700
6600
5500
5000
4700
4200
4700
5000
5600
4800
4700
4900
6600
6800
5000
4800
5100
6800
5100
4800
5100
4700
7000
8700
4900
4600
4600
5200
5300
5500
7900
4400
4700
4500
4600
12400
12700
3700
3500
3500
6100
13200
4600
6500
5500
5700
7800
7700
4900
5700
9600
5000
3600
3600
6200
4500
4000
3800
3900
4100
3800
3800
3800
4000
4700
4000
3900
4000
4500
3900
4500
5700
8200
4100
4000
4000
4300
4000
5500
4700
5100
5300
6800
7100
5200
4700
4300
6000
4600
4600
5200
4700
14300
8400
5200
5100
5000
5700
5400
5300
8900
8500
5900
6400
5400
5700
16900
7600
4700
4300
4300
4600
4500
4600
4000
4400
6600
4500
6800
8700
14200
5100
5500
4400
4700
4400
4900
5900
4600
4500
6100
5400
4900
4100
6500
4800
12300
4800
4800
4500
4300
5000
4300
4000
4000
4300
4000
4000
6300
6100
5200
5200
5200
5400
5600
4200
4400
3200
3300
4300
3200
3000
5300
5000
3600
3400
3500
3600
3600
3500
3600
5000
3300
6300
3600
3600
16600
3200
2800
2800
2800
3100
3000
2900
2800
2900
2700
2800
2700
3100
8200
4100
3300
2700
2900
2800
2800
3900
2800
2700
3000
2800
2800
2700
4000
3100
3100
3000
3000
2900
2800
3100
3700
3500
3000
3100
2900
2900
4400
4400
3200
3100
3100
3200
3300
4000
4400
3300
3200
8900
89500
5000
6200
7600
4300
3700
3600
3700
3900
3600
3700
5300
4200
5800
4500
3900
12100
3400
3000
3000
3000
3300
3100
3000
2900
3100
2900
3100
3000
3200
8500
2900
2900
2700
2900
2700
2900
3000
3000
2600
2700
2700
2600
7800
5900
3900
5500
4500
4600
5100
4100
3100
3500
3500
3200
4800
3600
3000
4400
4100
3400
3100
3100
4700
6600
6600
7900
3300
3200
4200
3500
3100
5200
4700
3600
3300
3200
3300
3500
3300
3400
4900
3300
9900
3300
3500
9800
2800
3200
2800
2700
2800
2900
2900
2700
3000
2700
2700
2700
2900
7800
3200
3000
3000
2900
2800
3000
19400
3100
3200
3000
2800
3000
2800
3400
3400
3600
3100
3100
2900
3700
2900
3600
3900
4400
3000
3800
3000
4100
3200
3400
7900
3200
3100
3100
3300
3100
3100
3200
3300
3300
3200
5700
4800
3700
3300
3200
3500
3500
3300
3400
4700
3700
8200
3300
3400
10400
2800
2700
2900
2800
2800
2700
3000
2700
2600
2700
3100
3200
3000
23200
3100
3100
2800
2700
2800
2800
9300
5100
4100
4100
4700
4900
3800
18700
16000
6700
3200
3200
2800
4000
3100
3500
3600
3300
3100
3400
3200
4200
3300
3500
3900
3400
3100
3200
3000
3200
3000
3200
3200
3100
3100
4500
6000
3700
3200
3300
3300
3400
4200
10400
3300
3600
5000
3300
3200
9600
2900
2800
2900
2800
2600
2900
3000
2600
2600
2600
2900
2600
2700
7200
3200
2700
2600
2600
2800
2700
2900
2800
2700
2700
2700
2800
2700
3200
3000
3200
3000
2900
3100
3500
3200
3400
3200
3200
3200
3300
3000
8500
3200
3300
3800
3700
3000
3100
3100
3000
3000
3200
3100
3000
3100
6500
4400
3400
3300
3300
3300
3100
4200
4600
3300
3400
9300
3300
3100
9400
4200
2800
2600
3100
2800
2600
2500
3000
4000
2900
4300
2600
2700
