677400
39000
31800
24600
25300
19400
20200
26300
23300
30600
22700
22600
1011500
34500
56500
30700
31200
29100
28600
37400
34400
62800
36200
29500
29000
39900
29700
50700
66700
36300
51800
29800
53700
50900
28700
34400
28100
27700
63900
35000
27800
24700
52800
57000
21500
20000
18300
69700
60900
42700
20300
20300
18700
19700
39900
18800
44400
22100
21500
62600
26400
20900
49900
21100
24300
68400
20300
43200
21600
19100
35900
38500
17000
20100
15500
21200
17900
16700
19300
16400
15200
15800
38300
18200
32300
24800
20700
18200
18900
20300
18900
37800
21300
19000
17700
25600
21900
37100
65100
23100
31100
30000
36300
24400
23900
25100
25400
21400
34300
22000
20100
20100
56700
41200
24500
23900
26700
50300
45800
47100
24400
22100
21300
20400
33600
21000
50000
43600
25600
45000
23300
22200
51300
32300
25600
44300
25000
43100
24200
22600
15400
19600
15200
15300
21000
12600
12600
11900
20000
13600
12900
14000
22900
13700
42600
18400
21200
16400
14200
18500
15500
20300
22800
22200
14900
15300
14200
15700
34400
19800
28000
20400
18700
21000
17900
19400
16500
18400
29400
19800
17300
20900
37100
30500
20800
20600
18900
33500
34100
31200
19800
19300
25900
25400
40600
23400
46900
25900
21100
46800
24700
23100
35000
24600
24700
34700
24100
37000
25800
24100
15800
18100
28500
13700
12200
12300
11500
11200
21600
12000
11900
11900
16600
13200
30300
17900
19300
14800
16800
17100
14200
18200
22500
19000
14300
14000
13700
13500
19500
14700
15200
14400
15100
16800
16000
28900
17100
17900
15500
18500
17700
25700
26700
28200
21200
21900
19100
34400
25800
33400
55900
16900
15600
18300
25000
15600
37300
15400
15000
27500
15500
15500
25900
15100
14700
26200
34900
26500
24800
15400
25400
17900
10200
9900
9800
9800
9200
9200
13300
12200
7900
8000
15100
8900
19200
10400
14700
9900
8300
12400
9500
21200
11500
17400
9600
9700
8600
8600
18700
11800
10100
9100
10200
11900
10300
23400
12000
10400
9200
9400
10200
28600
20300
11100
18800
10300
10000
9900
10000
13200
10000
10400
19600
12500
11100
11100
16100
10200
11400
45200
12400
11700
17000
20100
13000
17600
12300
16600
11700
12300
9200
22300
7500
6600
6800
6700
9900
7400
10100
7100
6800
18000
10300
7800
13400
8900
11200
7800
7800
10400
7700
10200
16400
20400
8000
7200
7800
8500
15200
9600
8100
8100
8200
14500
9200
25100
9500
8500
16200
8700
11700
20900
20500
10400
17600
10200
9500
8800
9300
12000
8800
9500
19700
9700
33000
9900
15800
131500
19800
36900
156800
48500
27300
16500
14200
12200
11200
20300
28900
11100
89900
30100
22600
18900
33000
18300
19200
18000
17200
23600
17900
21300
17500
18900
19000
47100
20400
26600
18000
17700
16800
19900
17200
17100
17600
17600
27700
17300
20400
25100
18100
18800
18500
23200
19300
20600
21900
18700
14900
10800
10500
11600
13400
22200
12500
9700
11100
10100
13500
10400
9600
11600
13200
9700
15200
20600
136500
17100
7700
8400
7100
6700
6600
11000
7000
13500
7000
6900
6700
6300
11400
8200
7800
9200
8300
7700
8300
8100
7900
9200
8300
9300
7900
7800
17200
8200
8400
8300
8400
11600
8400
18400
8700
8600
8300
16200
15900
8700
11800
13400
9300
9300
8600
24800
8200
11700
8500
8600
8100
9800
9000
10800
12500
13000
9400
9600
7400
9100
12500
9800
11800
9900
15400
10200
14800
14700
150500
14900
8100
8100
6600
6100
6400
11600
6900
14100
6800
8600
6500
6200
12600
8500
8100
12400
8900
8000
7700
7600
10600
7700
7600
7800
8300
7700
9500
11900
8700
8700
8600
8400
8200
7800
8400
8200
8000
9900
8300
7700
10300
8700
8700
31800
8700
12400
8500
12400
8500
8200
8500
9300
8300
13600
12800
12200
10100
9400
9300
9200
12300
9300
9000
9400
12200
9200
13400
12700
135800
14800
28700
5600
5600
5800
5800
9600
5500
22700
5800
5000
5300
5300
12300
7100
7000
8400
7300
7000
7100
6700
6500
7000
6800
7400
7100
7000
8000
9400
8200
7300
7300
7500
7600
7300
7800
7700
7800
7700
7600
7700
8600
8000
8100
7700
7700
8100
7500
10000
7800
7500
9500
7800
10200
9000
27800
17400
15200
8500
7800
8200
11000
9500
8200
8600
10400
7300
16500
9500
41000
10700
5200
4900
5000
5100
4800
9600
5100
11800
5000
5000
5000
5000
10600
4500
4400
6300
4600
4500
4500
4600
4300
4500
4200
4800
4400
4400
5300
17100
6200
4900
4900
4800
5000
5000
4900
5200
4700
5400
5800
5200
7000
5500
5700
5600
5400
5600
5400
9700
5600
5300
5400
5500
8000
5400
7800
6300
6300
5900
6000
12200
5800
10600
6300
5700
5900
5900
6000
8600
54300
15200
5100
4900
5400
5000
5100
8200
4800
10900
5000
4900
5100
4700
5600
4900
4700
5600
4400
4400
4500
4400
4400
4500
4600
4700
4400
4200
5500
6400
4800
4900
4900
4600
4600
4700
4900
4900
4500
6000
5000
4300
15900
5100
5100
5200
5500
4900
5000
14300
13900
5100
5100
5500
6900
5200
7500
5400
5500
5400
5500
9600
5600
9100
5400
5900
5400
5600
4900
9200
30700
8900
4900
4800
5700
5100
14800
4900
4900
4800
8500
5200
13100
9100
7600
3200
4000
4000
3300
2900
3800
2900
2700
2600
2700
2900
3600
2600
5700
3100
3500
3000
3000
2700
3900
3000
2900
2900
2800
3900
3000
2800
5300
4100
4100
3100
3900
4400
3800
5000
5000
5100
6600
5200
5300
5200
9300
5600
6800
22900
8200
6900
5900
5700
5900
7200
6000
6200
6200
6200
33700
9100
9000
5100
4900
5000
8800
8400
4800
5000
5900
5000
5000
14400
7000
4700
6900
4500
4800
4700
4900
4700
4700
4800
4600
5400
4700
4800
7100
5300
5300
5700
5200
5900
4900
4900
4700
5100
5000
4800
5400
4900
11500
7200
5400
5400
11000
6000
5600
5800
5600
6000
5500
5400
5300
5200
8400
5800
6100
6000
24900
5800
5800
5600
5900
6400
6100
5800
7000
6200
42800
7400
8100
5400
4800
4800
7300
6800
4900
5100
4700
5000
4500
6800
7300
4800
5000
4700
4600
10800
5700
4700
4800
4600
4600
4500
4700
4500
5900
5200
5100
5900
6200
5000
5100
5000
4900
5000
5000
5000
5000
4900
7200
28000
5600
5500
6800
5400
7200
5600
5300
12100
7200
5200
6000
5400
8300
6100
6100
5900
7900
5500
5800
5900
6000
5500
5900
5900
5800
6200
31300
7300
8200
4700
4900
5200
7400
6300
5100
5100
5900
4700
4800
6700
6700
4900
5200
4800
4500
5000
4500
4600
4600
4500
4700
4800
4400
4500
13300
5400
5000
9200
7000
5300
5100
5100
5000
5000
5000
5300
5200
5200
7200
5500
5300
5600
5900
5600
6000
5300
5500
5700
5700
5500
5600
5700
9500
6000
5700
5600
7500
5700
5500
5900
6100
6100
5800
6000
6200
5900
34300
7300
7900
4800
5200
4900
13400
7100
4800
4900
4700
4900
5200
6800
7700
4700
5200
4400
4200
4600
5300
4800
24400
6700
4500
4300
4100
4200
21600
10300
4300
13300
6700
4800
4900
4800
4500
4700
4600
6700
5000
4700
7400
8500
5300
5000
5000
5200
5200
5300
5400
5200
5500
5300
5300
5000
8100
7800
5600
5500
7600
5800
13100
6000
5600
5600
5400
5800
8500
5800
36500
7700
7500
4500
4600
4300
7000
6100
4500
4500
4800
4800
4600
6400
8200
4900
6400
4800
4900
4500
4600
4800
4500
4300
4400
4500
4200
5300
6000
4900
4500
6600
7300
5000
5600
4700
4700
4500
4600
12100
4800
4500
7300
5300
5300
5900
5400
5400
5100
6000
5200
8000
5300
5100
5400
5600
8400
8500
5600
5600
7900
5300
5700
6000
5400
5600
5300
6100
5700
5200
31400
4500
4700
4400
10200
4500
5000
4500
4200
4300
11700
4800
4400
4300
10200
5100
4700
4600
4300
4500
4500
4500
4600
7500
4900
4700
4600
4700
12300
5100
4700
6800
7500
4900
4900
5100
4800
4900
4800
4900
5000
5000
12500
6900
8100
6300
5700
5300
5400
7200
6800
7400
5600
5400
7600
5300
12500
6200
5900
5800
6000
5700
99000
16600
5900
8700
11200
5900
6100
5800
34400
5000
4900
5300
5200
8900
9100
4900
5000
5000
4800
4600
4600
5000
7900
10300
4900
4600
5100
5000
6800
4600
4400
4700
5500
5000
4500
4500
7300
4900
4800
6500
5700
5000
11300
4800
4800
4800
4800
5200
4900
4900
8100
8500
7300
5900
5800
5600
4800
7700
7900
7200
5600
5500
8100
5400
9000
5800
5700
5800
5600
5700
5800
8200
5900
8100
8200
5900
5500
6200
42700
5200
4700
5000
4700
7800
7900
4600
5000
4300
4600
4500
4600
4700
7200
5500
4400
4300
5000
5300
4900
4400
4300
4300
5400
4700
4200
4300
7000
5100
5000
5200
5200
4900
6000
5400
5100
6800
5400
5000
5000
5000
8000
7300
7400
5400
5400
6200
5400
12700
6900
30000
5800
5600
7800
5500
8900
6200
5900
5700
5700
5800
5500
9600
5700
8900
8200
6600
5700
5700
39100
4900
4900
5000
4800
7900
8800
4900
4900
4600
4800
10700
4600
5100
17500
6500
11800
5600
5500
5500
5700
4700
4500
4500
6000
5400
4800
4500
5700
5100
5100
5100
7500
5000
4900
5000
5000
7100
4800
5300
8000
5200
7700
5700
5500
7600
5500
5700
5300
5400
5400
5400
5400
5500
5400
5500
8700
11900
6100
5800
6100
6100
5800
8500
5800
8000
7700
5600
5500
6000
32700
5400
5000
5200
4400
7600
7800
4700
4900
4900
5000
4400
4400
4600
8000
5400
4800
5000
5300
5400
5200
4700
4600
4500
5700
6000
4400
4500
11900
4900
5100
6100
5000
5100
5000
5300
5100
6800
5200
5000
5400
5100
6700
5600
5300
7300
5400
5600
5500
5300
5300
5300
5100
5500
5500
5500
15600
8000
9200
5800
5800
5800
5900
7600
7800
8300
5900
5700
15900
5600
35200
5100
4600
5200
4500
8700
7500
4300
4600
4700
4800
4500
4800
4700
6200
5300
7000
4700
5100
5300
5200
4700
4600
5000
5100
5100
4600
4800
5900
7100
5300
4900
5000
4900
5200
5000
5000
6600
5300
5100
5200
5200
6200
12000
5300
7900
5300
5300
5000
5300
5300
5200
5200
5200
5400
5200
7200
7800
7900
5800
8000
5800
6000
7300
7700
7800
5600
6000
8900
5700
31300
4900
4700
4800
4700
4800
4800
7800
4700
12900
7500
4900
4600
4600
18800
6200
5400
5200
5900
4900
4800
5000
5700
4800
4800
4500
5200
4900
6900
6700
6000
5400
129100
32900
16600
11200
10600
17300
18700
10500
12900
21100
16000
11400
9800
10000
11300
11300
15800
10000
14100
10300
10000
10100
11000
10000
34900
3700
4800
3600
3500
3500
3300
3300
3500
3500
3400
3400
4800
3400
18400
2800
4300
2700
3100
3100
2600
4500
2700
3000
2900
4900
2800
2700
16100
10200
3900
2700
2500
2600
2800
2900
2400
2500
2400
2600
2400
2500
8000
2700
6800
2700
2600
5400
2500
2600
2600
4800
3400
3800
4700
4600
5000
2900
2800
3800
2900
2700
2800
2600
3900
3900
2900
2700
2700
2900
5400
3000
3000
4000
3100
2800
3000
4000
3200
2900
2900
4300
5200
3600
24000
2700
3700
2400
2300
2400
2400
3900
2400
2300
2400
3900
2600
2400
6800
3700
3100
2700
2500
2500
2700
2600
2700
2400
2500
2300
2700
2400
5500
3600
3100
2700
3700
2700
2600
2900
3600
2700
2800
5400
2700
2600
8700
3100
2800
2800
2900
2800
3600
4500
4200
2800
2800
2600
2900
2800
4400
2900
3000
2900
3000
2800
3100
2900
3000
2900
3100
3100
4400
3000
16900
2600
3700
2500
2300
6800
2200
3800
2300
2500
2600
4400
2300
2300
8000
3400
2600
2700
2600
2400
2500
2400
2500
2600
2300
2400
2400
2300
4300
3500
2900
2900
3800
2800
2600
2800
3300
2600
2700
2600
3600
2700
3800
3000
3900
3500
2900
3000
2900
2900
2900
4100
7800
3000
3900
3900
4600
3100
3300
3400
3500
3000
4500
3100
3200
2900
3000
3100
4200
4700
23200
2700
3700
2600
3100
3300
3300
3600
3100
2400
2600
4900
2400
2500
7000
2900
3000
2700
2500
2300
3300
3800
2400
2300
2300
2400
3700
2300
4000
3300
3100
2700
3500
2800
2600
2500
3500
5900
2500
2600
2700
2500
3700
2900
3700
4200
2900
2800
4600
3200
2900
4000
3900
2900
3800
4000
4300
4700
3400
3100
3000
3100
3200
3000
9100
3100
3000
3700
3100
3100
16000
2300
3700
2500
2300
2600
3800
3700
2300
2300
2600
3700
2400
2300
6600
3000
2900
2900
2500
2500
2700
2500
2700
3300
3000
2400
2500
2500
3900
3600
3100
2800
4200
2700
2600
2600
8200
2700
2600
2700
2900
2600
3700
2900
4100
2900
2800
2900
3000
2900
2900
4300
4200
2900
4000
4400
5100
3500
3100
2900
3200
2900
2900
4200
5000
3400
3000
3100
2900
3200
15200
2500
2600
2400
2300
6400
2500
2300
2400
3200
3500
2400
4000
2500
7900
2900
2600
2600
2500
2800
2600
2500
2400
2500
2400
2800
2500
2400
3500
2700
2600
3300
3400
2800
2700
3200
2700
2600
2600
3300
2800
2700
4100
3000
3000
3700
2900
3700
4000
2900
2900
3100
3600
2800
3000
3000
6800
3100
3300
3000
9200
3200
3200
3200
3200
3000
4400
3300
4400
3300
18900
2700
2500
2400
3200
4400
2800
3000
5200
3500
2900
3300
2800
2400
6500
3200
2800
2700
2700
2700
3000
2700
3100
2700
2600
2900
2600
2600
3700
2900
2700
3300
3500
3000
2900
3600
2800
2800
2800
8100
2900
2800
4300
3200
3000
3400
3000
4000
4900
3000
3100
3300
3800
2900
3100
3100
4600
3300
3300
3200
5300
3400
3700
6100
3000
3100
4300
3200
4400
3200
17100
2600
2300
2400
2500
3800
2800
2400
7900
2700
2300
2500
2500
2300
6100
2700
2900
2700
2600
2700
2500
2800
2500
3000
2600
2500
2500
2600
3300
3300
3300
3000
2800
3400
3200
2900
2700
2700
2700
3600
3000
2600
4300
2900
3000
2900
2800
4100
3600
2800
3000
2900
3500
3100
2800
3200
5800
3300
3000
3100
9000
3100
3200
2900
3000
3700
4300
3100
4200
3200
15900
2500
2500
2600
2300
3800
2300
2300
3800
2500
2500
2300
2500
2300
6300
2800
2600
2700
2800
2500
3700
2700
2500
2700
2400
2600
2400
2600
3300
2800
2700
2900
2700
3300
2700
2700
2700
2700
3800
9100
2800
2700
3900
3000
3500
3700
3800
3200
3000
3700
3100
2800
2900
3900
3100
2900
4300
3200
3100
3200
4900
3100
3300
2900
3000
3000
4100
3200
4100
3200
18400
3000
2500
2500
2400
4000
2400
2400
9400
2600
2500
2400
6400
2400
5900
2700
2800
2600
2800
2600
2600
2500
2600
2700
2500
2500
3000
2800
4600
2800
2700
3100
2800
4300
2700
2900
2700
2800
2700
3500
2700
2700
4000
4500
2800
3700
3800
3000
2900
3800
3200
2900
2900
3800
3600
2900
4200
3300
3300
3300
3200
8500
4400
3100
3000
3400
4300
3000
3100
3100
17300
2500
2300
2500
2400
4000
2300
2300
3900
2500
2500
2300
2400
2300
5700
2700
2600
2600
2700
2500
2500
3100
2500
2800
2500
2500
2400
2500
3200
2700
2700
2800
2800
3200
2700
2700
2900
2700
2600
3300
7100
3200
3600
3000
2900
5400
3800
4400
3000
3700
2800
3000
2800
3600
3200
2800
4100
3200
3100
3100
3000
4800
4500
3200
3000
3100
4200
3000
3000
3100
15200
2500
2400
2700
4800
2500
2600
2500
2200
2300
7900
2600
3800
2800
7400
2900
4500
2800
2500
2600
3800
3300
3000
2600
2700
2700
3000
3000
3900
2900
2800
2700
3000
3900
3700
3100
3600
2800
2900
2900
2800
2800
4600
3000
3300
4400
3100
3100
2900
3000
2900
3200
4100
3200
3200
3000
5200
3100
7600
3500
3100
4400
4400
3400
3300
3100
3300
3200
3200
4200
17400
4500
2800
2900
4100
2800
2600
4000
3900
2600
2600
4000
4300
2700
5800
3400
3000
2900
2500
2600
7600
2700
2600
2600
3400
2700
2500
2600
4200
2800
2600
2900
2700
2800
3700
2800
3300
3100
2700
2800
2700
2800
4200
3100
3000
4200
3300
2800
2900
2900
3100
3100
3800
3200
3000
2900
4600
3200
3700
3200
3100
4300
4500
3100
3100
7900
3100
3100
3100
4700
18600
4000
3000
2500
3900
2500
2400
3900
3900
2400
2700
3700
4300
2500
5700
3200
3600
3600
2500
2700
3100
2600
2500
4000
3000
2700
2600
2600
3300
4300
3400
7200
2700
2800
2800
2900
3700
2700
2900
3100
3300
3600
4000
3000
3100
4400
3100
2800
2900
3000
3100
2900
3700
3000
2900
2800
4700
3200
3100
4000
3100
4100
4400
3100
3300
3200
3100
3100
3100
4200
22700
3900
2600
2500
4100
2500
2500
3800
3900
2700
2500
4000
4600
2500
5500
3000
2900
2800
2700
2700
3200
2500
2600
2600
3300
2600
2500
2700
3900
2900
4000
2900
2700
2800
2900
2900
3400
2800
3000
2800
3500
7700
3800
3000
2900
3300
2900
3100
4400
3200
3800
3000
3000
2900
2900
3000
4700
3100
3100
3100
3300
4800
4000
3500
3100
3100
3000
3000
3100
8600
17500
4200
2700
2500
4000
2500
2700
3800
4200
2500
2500
4000
4300
2600
6000
2700
2800
2700
2700
2700
3000
2600
2700
2600
3000
2600
2800
2600
3100
2900
4300
2900
2700
3000
2800
2700
7800
2900
2900
3300
3600
3800
3900
4300
3200
3400
2800
3000
4400
3000
4000
3000
2900
3200
2900
3000
4400
3100
3400
4400
3200
3200
3200
3400
3100
3300
4400
3300
3100
3300
17100
8000
2600
2500
4300
2700
2400
3800
5200
2500
2400
3800
4400
2700
5600
2700
2800
2900
2800
2600
3500
2500
3600
2500
3600
2800
2700
2900
3000
2900
3900
2900
2700
3000
3100
2800
3800
2800
2800
2900
3900
7900
3800
3000
3000
3400
2800
3200
5400
3100
4300
3700
3900
3000
3100
3000
4700
3100
3400
4700
3300
3100
3100
3400
3200
3300
5100
3600
3300
3200
15300
2600
2600
2600
2700
8600
4300
2600
2600
2500
2400
2500
2700
4100
7900
3900
3300
2700
3200
2700
2700
2700
3400
2700
2600
2500
2600
2800
3600
3100
3000
3500
3000
2900
3600
3100
3500
4400
2900
3500
3700
3000
4500
3500
4400
9700
5100
4500
3300
3100
3000
5200
3100
3700
3200
4100
9900
3600
6400
3400
4500
3300
3200
3200
4600
3200
5600
3500
5700
3400
17400
2900
3800
5200
2700
5200
2800
2700
2600
2600
2500
4300
2700
4000
6700
3000
2800
2600
2500
7100
2700
2700
3200
3500
2700
3100
4200
2600
3600
2900
2800
3600
2800
2800
3600
3100
3400
3800
3400
3600
3700
2900
4100
3100
2900
4400
2900
4300
3000
3000
3000
3200
2900
2900
3000
3100
4500
3200
4600
7500
3300
3100
3200
3400
6200
3100
5400
3100
4600
3400
16800
2800
2700
4600
2600
4200
2500
2800
2600
2300
2500
2700
2500
2500
7300
2900
2800
2700
2700
2700
2600
2800
3500
3500
2700
3500
2700
2600
3700
4000
8300
2900
3800
2800
3000
8500
5700
3000
2700
2900
2700
3100
4300
3000
2900
4300
2800
4200
3000
2800
3000
3000
2800
2800
3400
2900
4300
3300
4500
3200
3100
3200
3400
3100
3100
3000
4500
3100
4200
7600
11500
2900
2500
4100
2500
4600
2600
2400
3000
2400
2700
2400
2500
2700
7100
3400
3100
13400
4800
4200
3000
2600
3900
3000
2800
3200
2600
2500
3600
4000
3600
3200
3400
3000
3200
2900
3500
3100
2700
2800
2700
2700
5300
3100
10300
4100
3400
3100
4300
3000
4100
4100
3100
4100
6600
3200
5200
3800
5000
3700
3500
3200
3400
3200
3400
3100
4700
3200
4300
3400
11500
2900
2400
4300
2600
8300
2900
2600
2600
2600
2400
2700
2600
2700
6100
2700
2700
2800
3100
2700
2600
2600
4300
3100
2700
3100
2600
2500
3400
3700
3800
2900
3700
2900
2900
3000
3800
2800
2800
2800
3000
2800
13600
4000
3100
4200
3100
3100
4200
3100
4000
8400
3100
4200
3800
3300
4500
3300
3100
4600
3500
5000
3300
3200
3300
3700
3200
3700
3500
3300
9900
2700
2400
4600
3300
4800
2600
2700
2600
2300
2400
2600
2600
2400
5800
2800
6900
2700
2600
3200
2500
2700
3000
3600
2800
6300
3100
2600
3400
3700
3600
2900
3400
3400
3000
2800
3700
2900
2700
2900
3000
2800
3700
3000
3000
4000
3000
3800
4000
3000
4100
4100
4700
3900
3900
3100
4400
3200
3100
8700
3200
4800
3500
3200
3100
3300
3300
3200
3200
3200
8600
2500
4200
2600
2500
2400
2700
2400
2600
2400
4000
2700
4100
2600
8800
3100
2800
3000
2900
2700
2800
2900
3900
2800
2800
3400
2900
3300
3800
3200
3300
3000
2800
8200
3900
2900
3200
3800
2900
3100
2900
3700
4500
5000
3600
3400
4500
3200
4800
3200
3100
3200
3200
3100
3100
3300
4900
3500
3300
3500
3200
3400
3800
3100
3300
3500
3500
3300
3300
3300
14500
3000
6300
2900
2700
2700
2600
2900
2600
4200
2700
2700
2700
2600
7100
3500
4200
3300
2700
3200
2900
3600
2700
3200
2700
3000
3500
2700
3700
3000
2900
2900
3000
3800
3800
2800
2900
3900
2900
2900
3000
3700
4100
8800
3200
3200
4100
3300
4200
3300
3100
3100
3100
3700
3100
3200
4800
3300
3300
3300
3400
3200
3400
3400
3200
3700
3300
3900
3300
3300
11000
2700
4200
2600
2500
2700
2600
2600
2700
8000
2700
2700
2500
3000
7000
4800
2900
2700
2700
3400
3000
2700
2600
3200
2700
3000
3300
2700
3300
3100
2800
2900
2900
3000
2800
3600
4100
2800
2800
3900
2900
3800
3900
4400
3100
3100
4300
3100
4500
3100
3100
3000
3100
2900
7100
3100
4600
3400
3200
3100
3700
3400
3700
3100
3400
3200
3100
3200
3300
3100
10500
2800
4100
2600
2500
2600
2600
2600
2500
4000
2700
2600
2500
2500
7300
3200
3000
2700
2900
3000
2900
2800
2700
2900
2500
7200
3000
2700
3600
3000
2800
3000
2900
2800
2800
3100
3700
2800
3000
3600
3200
4000
3700
3200
3400
3400
3000
4400
4400
3100
3000
4400
3100
3100
3300
4300
4400
3300
3300
3400
3100
3200
3400
3100
3200
3200
7300
3200
3100
3100
11200
2600
4100
3000
2700
2500
2500
3300
2500
4000
2500
2500
2500
2600
6800
3200
2700
2700
2600
2700
2900
2500
2500
2600
2600
2800
2800
2700
3300
3000
2800
2900
2800
2800
2900
2800
3800
2900
2900
3700
2900
7600
5100
3200
3100
3000
2900
3900
4100
3000
3000
4100
3000
3200
3000
4400
4000
4800
3300
3200
4500
3200
4700
3500
4800
3300
3200
3200
3100
3300
10400
2600
8100
2600
2600
2600
2500
2600
2700
4000
2600
2600
2400
2800
6100
3800
3000
2700
2600
3000
3400
2700
2600
3100
2700
2900
3200
2900
3200
3200
2800
3000
2800
3000
2900
2900
3900
2800
2800
3800
2900
3700
3500
3300
3100
3100
3000
4700
10000
3100
3200
4100
3200
3000
3100
4200
4200
5100
3400
3400
4600
3400
4800
3200
3400
3900
3300
3200
3400
3300
8400
2600
2600
2500
2800
2600
2700
2700
2500
2600
2800
2600
2500
2500
8300
7700
2900
3300
2800
3300
2700
2800
2800
3200
2700
2500
2600
3300
3800
3000
3100
3100
2800
2800
2900
3000
2800
3500
3200
2900
2900
3000
5200
3300
3100
3100
2900
3200
3000
3500
4100
3100
3200
3000
4200
3100
4500
4600
3900
4300
3200
4500
3300
3300
9000
4300
3200
3800
3500
3200
10100
2800
3100
2500
2900
4300
4100
2700
2700
2600
2700
2700
2700
2500
7500
2900
2800
3100
2800
2700
2600
2600
3200
2700
2600
2500
2700
3100
3400
3000
3000
2700
2800
2700
2900
2700
2700
7700
3300
2800
2900
3100
4500
3000
3000
3200
2900
3000
2900
2900
4000
3000
3000
3200
12900
3300
4700
4300
4100
5000
3400
3300
3100
3500
4400
4300
3700
4100
4200
3300
9000
2600
2700
6800
2700
4200
4200
2700
2500
2700
2500
2600
2600
2700
7000
2900
2800
3100
2700
2600
2700
2700
3100
2600
2600
2500
2600
3100
3500
3000
3200
3400
2900
3600
2900
2900
2900
3500
2900
2800
2900
2900
4600
3000
3100
3100
3000
2900
3800
3200
15700
3200
3000
3000
8100
3000
4400
9100
3300
4400
3300
3300
3300
3200
4400
3900
3300
3600
3300
3100
8500
2500
2800
2400
2500
4000
3900
2700
2700
2500
2500
2600
2800
2500
8300
2900
3100
3200
2700
4000
6900
2700
2900
2700
2500
2800
2800
2900
3500
3000
2900
3700
2800
3500
3100
2900
2900
3700
2800
2900
2900
3000
3600
3200
3200
3000
3100
3200
3100
3000
2900
4000
3100
3100
3000
3000
4400
5000
3300
4300
3300
3500
3200
3200
4300
8400
3300
4900
3300
3100
8600
2800
2800
2400
2500
3900
3900
2800
2600
2500
2500
2800
3100
2700
6400
2800
2800
3200
4500
2700
2600
2700
3300
2700
2700
2500
2700
3300
3200
3200
2800
3500
3000
3300
2900
3200
2900
3300
7000
2900
2800
2900
3700
3100
3200
3200
3000
3100
3200
2900
3100
4100
3100
3100
3500
3100
5000
3500
3200
3300
3200
3400
3300
3300
4500
3500
4000
3700
4300
3200
9300
2600
2600
2600
2700
8000
3800
2700
2600
2500
2600
2600
2500
2500
6400
3100
3000
3100
3200
2700
2800
2700
3000
2700
2700
2600
2800
3100
4800
3000
3000
3300
2800
3400
3000
3000
3200
3400
2900
2800
3000
2800
3700
3100
3300
3000
3200
3000
3100
3100
4200
3800
4300
3100
3100
3100
7500
4700
5200
4700
3200
3200
3200
4300
4100
4400
3300
4700
5600
3300
10500
4600
2600
4700
2700
2800
4500
2700
4900
4600
2600
2600
3700
2600
