211700
50900
775500
25900
31000
40100
44700
32500
40400
86500
34700
23400
991700
32600
82300
39500
37900
35100
31200
84200
46500
51200
379900
49900
37400
45000
52800
69200
115700
48400
96200
44200
32600
40800
43000
38500
103400
59900
69100
45600
43300
34100
56100
57300
38100
33200
34400
37900
35100
44400
47800
38800
33200
59500
29400
18100
88000
24200
19500
29200
20400
16900
18000
20800
49500
41500
20000
16900
16900
17100
19800
14200
10800
11900
10200
11700
14000
12000
12300
19000
10200
10000
13100
10000
21300
16000
12300
11600
11000
13400
11600
11000
31200
12800
11200
13300
29000
14100
42400
15300
30100
16200
26700
16900
13300
14600
25200
13800
22800
13600
12900
13700
33100
30700
16300
15100
13900
14400
13600
22400
13600
14000
13000
33800
14700
14500
46000
28700
16200
16900
14700
14800
14600
14200
24300
27600
16700
15000
15100
14800
10400
10600
9900
8800
8000
9200
7900
7800
15300
9400
8300
9800
8400
9800
11000
10000
17100
10600
13000
13800
13700
14100
15500
10300
13000
10800
9400
14400
29700
13500
29400
13200
11900
13200
11100
12400
53200
18300
28000
19200
18500
17700
44100
34700
21100
21400
19400
23700
19500
23300
20500
21100
19900
39300
21700
20200
49600
29700
22200
32100
24700
27200
23000
22500
41200
36000
30000
25400
23800
22400
15300
18100
27100
14000
11900
12200
14200
11500
16700
13700
12600
11200
11800
12100
16800
14500
22500
16100
20200
19400
20900
21900
19900
16000
18800
16500
14900
15000
25700
17900
18100
16800
16900
21700
18100
23800
27900
19700
17400
16700
32100
18200
30200
30200
21300
26600
21500
21200
19700
64400
16100
15600
15000
27400
15700
14700
43700
27200
16500
21500
15800
14600
14600
13900
26700
25200
22300
14900
16200
15100
24100
15000
11600
10400
9600
8900
9400
11000
12100
8700
8000
15200
10300
7900
10500
9700
13400
9400
12100
13100
13800
15700
13800
10200
12500
8800
8800
10200
15000
9700
9700
9400
8700
11200
9100
10800
16200
8200
9500
75000
34800
14300
40500
70100
31600
15900
11100
9700
14100
16900
20100
10800
30100
27700
15700
24500
29900
14400
11200
14300
10900
10300
10500
11700
23100
47900
12600
12000
11000
10900
17500
10300
5900
5800
5500
5400
5900
5600
9000
6500
6300
10300
6100
6500
7800
7700
15400
9700
14200
11500
12800
12600
12500
8300
10800
14800
7000
6800
9900
12800
8100
7500
7900
11200
8100
10200
15700
7900
7500
19300
16600
13700
21000
13000
18700
9200
11400
16100
8700
11400
18600
11600
40700
10800
8700
9200
12700
34400
10600
20000
28800
11400
16600
9600
9200
9900
9800
40400
10000
10000
62700
25300
19200
18300
17800
18200
22600
18200
23300
22600
18900
29100
18500
28200
27800
20300
26000
23400
19000
18100
18500
18200
28600
17300
15100
20900
16100
13100
20900
17700
13400
15100
15300
13200
13500
12900
13600
5900
5800
5600
12300
7100
7800
13900
6300
6100
8100
8200
8600
8500
6200
6900
6300
6300
10300
8400
141100
5500
7300
5300
4800
4700
4300
6800
6700
7000
4400
4300
7800
4500
9600
5100
5100
5300
15600
8900
5100
5000
5100
7500
6400
6000
5500
5200
6500
5800
6500
5400
5500
5800
5300
5700
5700
5500
5500
6900
8200
6000
7500
6700
5700
7700
7200
5600
5800
5600
5500
5600
5700
6000
5900
6900
7700
9900
6000
6200
8000
6600
6200
7800
5900
6000
11000
6000
5900
8200
88300
7300
30500
11100
4900
4200
4400
8600
6800
6700
4300
4600
9200
4200
12600
5200
5400
5800
4900
4800
4800
4900
6300
5200
6700
5300
6700
5100
6000
5400
5300
6600
6000
5500
5100
5100
5300
5400
10200
7000
6800
5600
6600
5600
5500
6900
6800
5700
5300
5300
5400
5400
5300
5800
5400
8000
9200
8200
5900
5700
8400
6200
6100
7300
5800
6000
5700
5700
6500
9400
86000
4300
6500
4200
4300
4000
9700
8300
7000
6700
4300
4000
7200
4900
10800
5000
4900
5100
6000
5900
6500
4900
4900
4700
6200
7400
12600
6500
5300
5000
5800
5100
5000
5000
4900
5300
5000
5100
4900
9600
5800
5500
6100
5500
6800
6900
5500
5200
7700
6400
5300
5600
5300
13500
5500
5500
8100
9600
6100
5400
7700
5700
5800
8300
6300
5600
5800
5900
5800
10600
81500
4200
7700
4200
4700
3700
3800
6100
6800
6700
3800
3900
7100
3700
10100
5000
4900
5400
12600
8800
5200
5200
4900
4600
6000
5300
4700
5200
5700
5100
6000
5000
5100
5500
5300
5500
5100
6600
5100
7400
5700
5500
6800
6200
9600
5900
5600
5400
5300
5300
6700
7100
6100
7400
5300
5300
6700
5500
5800
7400
7800
5500
5900
5700
6800
5500
10800
5600
5600
7600
82000
3900
6200
4000
3800
5100
3700
6500
28900
6500
3300
3600
6300
3300
9100
4500
4200
6200
4300
4700
5800
4200
4300
4000
5800
4400
4000
4600
5000
4800
4700
4500
4300
4600
4500
5500
4800
4300
4400
11000
5000
4600
6000
5100
6300
5000
5000
4700
4900
4600
5400
5000
4600
6800
4900
5000
6400
6000
5500
8900
7200
5100
5000
8800
5300
5000
5000
4800
5200
7200
31500
64600
17300
5800
12200
5500
6500
10400
5700
5800
5700
5800
5600
10300
55300
4200
3300
21900
5300
3900
4600
3800
3200
4200
4000
3300
3800
3200
6500
3400
3200
12600
3600
3300
3400
3400
3200
5900
3500
3400
4400
4700
13900
3700
3600
4800
5200
4700
3600
3500
3400
4900
4100
3200
6600
3700
7400
5200
7100
8700
3800
4600
6800
4000
4100
4000
3700
4700
4100
35400
26600
6000
4600
5400
4300
5200
9800
7900
5100
78100
10500
3800
4000
3200
7300
3400
3100
3900
22200
7400
5200
12200
6100
5200
6700
6100
4800
6100
9000
5600
7400
7800
9300
15400
5900
5100
5000
10500
5200
15000
5600
15900
12100
6000
4800
5100
8700
5500
5700
4900
5800
6100
6500
5600
9600
5500
9300
24400
14200
12500
11500
6500
11700
6800
6700
7000
6600
9000
6800
6800
45500
5600
5400
5400
5600
5500
10900
9800
12300
8500
4800
4300
5200
4500
10300
4500
9300
4700
5100
4700
5100
5300
6000
4900
4100
5000
5300
6300
6400
9800
5500
7800
7400
7500
6100
7500
5700
8300
5200
6000
5100
5500
22100
6300
6400
6000
9600
5700
6200
5900
6100
5500
7700
6900
9300
6400
9900
6900
10900
6300
6900
6100
9800
5900
6500
6900
5400
6100
6000
6100
29900
5500
4700
4400
4500
4400
9900
8300
4700
15700
6000
9200
5300
5000
9100
4800
4000
4000
14400
5200
4700
5400
4900
4100
4100
5200
4100
5900
5800
5700
5200
7000
6900
7000
5800
8400
5300
7600
4800
5100
5100
5700
7800
5800
17700
13000
12600
7000
6500
6400
6100
11200
6100
6400
6600
10200
13500
6800
11300
6500
9700
6700
36000
7100
6600
6600
6500
6200
6700
6900
38300
6100
5600
5500
5400
5300
11400
10100
5300
17900
5600
5400
5900
5600
9600
5000
4800
4900
10700
5000
5800
5600
5600
6100
13100
5000
4700
5800
6400
5800
5700
7900
8100
7300
5800
10700
5600
7100
6100
7700
5800
5700
7600
7100
6000
9100
6600
5800
6100
6100
6100
9500
6500
6200
6000
9600
14400
6600
6400
6600
10800
6700
7100
6600
6600
14400
8100
6600
11600
6800
36500
5700
5800
5400
5300
5400
10600
10800
5900
10800
5200
5400
6300
7500
9900
5200
5400
4900
7300
5300
5200
5700
5800
5000
5400
5300
4900
7900
6400
5700
5500
8400
7600
8700
6500
15200
5500
7400
5700
5700
5300
5500
28800
12700
6000
18300
6800
6200
6600
6300
6100
9700
7200
6700
6300
10000
87700
19700
12900
12800
18700
13600
12600
13100
12100
12700
12100
14900
19100
12200
52300
12700
19800
13400
12400
12900
19800
14100
11800
12600
12000
14600
11700
12800
35800
14100
5400
5300
6000
5500
5500
5000
5400
5200
6200
5500
5100
5200
10700
5800
6100
5800
6800
5800
5700
5700
6900
5700
7100
5600
5500
6000
10600
8400
9100
7400
8100
6000
6100
6000
6100
6000
15800
8700
6100
6200
10500
7000
7400
6800
6600
8400
6900
6700
6600
7200
6800
6800
10200
6600
37100
11300
5900
6100
5600
10000
5600
5500
5400
5400
5600
10900
9100
5500
17700
6700
8200
10000
5700
5200
12800
5200
5100
5100
4900
6600
5000
4800
7700
6000
5900
5000
5600
5500
5600
5700
5600
7100
7900
5800
5900
5600
10200
8600
6300
6100
8400
7400
6500
6200
6000
6200
7900
8700
7200
7200
10200
6400
6400
6700
6800
7100
7000
7900
11000
7200
6700
6600
11400
6500
45600
9600
5500
5800
5900
10300
5600
10800
5700
5900
5600
9100
8400
6300
9700
5100
5200
6100
5000
5300
4900
5600
5100
5600
5200
5800
5500
5100
9100
5500
6000
5900
7900
5600
5800
5500
5900
5500
19000
5800
5600
5900
44700
21300
6500
5700
18700
11700
10000
6600
6300
6100
8700
8600
6300
6300
10300
6800
6800
6800
6800
6700
6700
8900
6800
6600
6600
7600
10500
6600
36000
8900
5300
5700
5800
9100
5500
5300
5300
5700
5300
9900
16800
5500
11500
6600
4800
7500
5500
5200
4800
5000
4800
5300
4600
93700
41800
15400
27500
16700
11800
10600
25000
7000
3500
3300
3600
3200
4600
3600
3300
3300
7500
11500
4100
3800
3700
3400
3600
3900
3500
3300
5500
3400
3500
3600
5700
4000
4000
4100
3700
3800
4000
11800
3800
4000
3900
4100
13700
7000
21200
5300
3900
3200
3000
5000
2900
2700
2900
8900
2800
5300
4700
2700
8400
4100
2700
3200
2700
2800
2600
2500
2500
2700
2800
3300
2700
2500
4400
3000
2900
3200
3700
2900
3000
2900
3000
2800
9600
3100
3000
2900
4400
3100
3100
7600
3200
3100
3400
4300
3400
3100
4600
3100
2900
3000
46500
9500
12700
10800
9500
6300
5800
5800
5800
6000
8700
12500
6600
5800
38400
9400
4900
5400
5000
8900
5100
5000
13900
5000
4500
8700
8300
5100
13400
5100
7700
6000
4600
4500
4500
4300
4700
4400
4400
5300
4700
4500
7300
4900
5400
4900
7400
5000
4900
4800
5100
4900
7100
4500
4900
3700
6500
5500
5300
8800
5500
5300
5500
5900
5400
6300
36600
5400
5900
5600
36000
25800
14800
22100
14000
27400
8900
5500
5100
5400
11800
14900
5400
5600
42200
6200
14400
4900
4200
4000
4500
4000
4800
4300
4000
10100
10900
5400
15900
5100
4600
4800
6900
4900
5700
4600
4800
6200
4700
4400
4300
4100
9000
5000
5500
5300
5300
12600
4500
4900
8100
4700
7200
4900
7100
4800
7400
5100
5400
5600
5500
5300
5200
5300
8900
8000
7500
7900
6500
5200
9000
5800
9200
6400
9900
5900
6300
5700
5800
5700
6100
5800
5800
6000
35300
5400
5900
7100
10300
10800
4900
10200
4800
4700
10200
6100
4500
11200
14300
5800
4400
6700
6000
5600
4500
6500
4400
4500
4400
4300
4700
4300
8600
5000
6800
4800
5000
5000
5100
6300
4800
5000
6800
7800
7100
5200
9000
7000
5500
5600
5800
13300
5600
5300
9400
7800
7700
8200
5900
5900
9900
6600
9600
6400
10200
6200
6100
6100
6300
6100
6400
6000
6200
6400
39900
5500
4800
5200
10700
8600
5100
9600
5100
5200
17600
5200
4700
8000
12200
6000
4800
5400
4800
6100
4700
5300
4600
5200
4700
4200
4600
5800
6500
5000
5800
5300
7500
5500
5200
5000
5300
7000
5100
5500
5100
4900
7900
5600
5400
5500
6100
6300
6500
7400
9500
19100
11700
8000
5600
4900
8700
5700
8500
6600
9300
5500
5900
5700
5500
5600
5900
5600
4900
5400
33300
4800
4600
4900
7800
8500
5600
7900
4700
4500
9800
4900
4600
14600
10400
6300
4900
5800
22200
5400
17700
5800
5000
4700
4900
4600
4700
4700
6800
8200
5700
4900
8300
4800
4700
4900
5000
7000
4900
5000
6300
5800
6900
4900
5500
5600
5300
5200
5100
5300
5400
5100
8500
5200
8900
5500
8300
6000
10000
12400
9300
6000
5700
5400
5700
5600
6300
5500
6100
5800
33900
5300
4700
5000
8800
8000
4900
11200
5300
4500
8900
5000
5000
8600
9500
6200
5200
5100
4600
5400
4500
5300
5000
4900
7300
3900
3700
4000
5600
4500
10900
4800
6900
4600
4800
4800
5000
6600
4500
4900
4900
4800
7600
5400
5200
5500
5200
5000
5700
5100
5600
5000
7700
5000
7400
5100
7200
6000
5500
5600
6100
9200
6100
6200
12700
8300
21600
10600
6500
6200
44300
5300
5400
5100
11800
7800
4500
8100
4700
5000
9100
5200
4700
8300
9100
6900
4800
5600
4400
6200
4400
5400
4700
4600
4400
4700
4300
5600
5800
5200
5300
5000
7100
5000
5000
4500
4200
9500
4600
4300
4300
4400
13000
5900
5800
6100
5400
5400
5800
5700
5400
5400
9800
6000
8900
5800
9500
6600
6900
6700
6200
6700
6100
8100
11700
10100
9600
10100
6700
6400
37900
6400
9600
6200
17300
6900
5200
5100
6300
5000
5300
5600
4700
4900
17900
7400
6900
4800
4600
4700
5200
4700
4800
4700
4800
4700
4500
4800
7800
4900
5300
5200
4900
5100
6800
5300
5500
5400
5100
5500
5300
7300
8100
5700
5800
5600
5600
5400
6100
5700
5900
5800
6100
8400
8700
8100
9200
16200
6600
6100
6100
10300
9000
6000
6600
8400
6000
5800
6000
5700
36500
10500
5100
5200
10200
5400
5200
4300
10000
5400
4800
4700
8800
5700
11200
5700
5100
4800
5100
4800
4400
4800
5900
4100
5000
4600
11500
5300
7300
5400
4900
5000
5000
5100
7000
5300
5200
5200
4600
4900
8200
6900
7900
5700
5500
5900
6200
5400
6000
5700
5700
5600
6500
8300
8400
8300
9600
9500
6300
6200
6200
9800
10000
6300
6700
9800
13200
6700
6100
5700
35300
9800
5100
4900
8900
5200
5200
4700
9800
5100
4600
4700
8700
5100
10000
8400
5200
4300
4700
5100
4600
6000
5200
4000
5100
4600
5300
5700
9000
5300
7000
5000
4900
4700
6100
4900
4800
4700
4700
4900
5100
4900
8200
5400
5300
5300
5300
5200
5700
5900
5200
5400
5100
7600
8700
9600
8900
9800
5900
7600
5700
9300
8900
17000
6200
9200
6400
6000
5600
5700
47300
10500
5600
5100
30000
15500
7900
6800
13500
5000
5200
5000
9600
4900
12800
5900
4900
6500
4500
5600
4500
6000
4700
4400
5500
4800
4500
5000
8900
6000
7100
5000
5400
37900
15900
15100
15000
15500
19000
14800
17300
17100
26100
5800
98700
8400
6100
6300
10500
16500
5800
5600
5800
5600
7400
8400
10600
11200
6600
6800
6400
9200
10600
10400
7100
10200
7000
6600
6300
6200
111000
15500
5600
5500
11300
5400
5000
4800
11700
5300
5200
5200
30600
7400
13300
6700
4900
4800
5200
6800
5400
6600
4600
4200
5200
3800
4700
5000
16700
10700
6600
5500
5000
4300
5600
4600
4400
4600
4200
4300
4800
4700
7500
4500
12500
5900
6000
3700
6100
3600
3300
3300
3200
3200
4600
5000
6500
4500
11800
3700
5500
5400
5600
4700
6100
5500
4000
7300
6100
9200
20300
8600
4600
3900
6300
3000
3200
2900
5900
2900
2900
2900
5100
3300
10500
3800
3200
2800
2900
3400
3100
4200
2900
3100
12300
8000
4700
6000
8500
5100
7100
5700
5300
5000
5500
5700
5100
5100
5300
6000
5300
6200
7400
5600
5900
5700
5400
5800
9700
5800
5700
6000
5700
5600
5600
8700
8000
6300
6400
6200
6600
7400
8100
5900
5900
16400
6100
10000
16700
9500
37800
9700
4800
5000
4800
12500
8800
5000
5300
9200
5100
4600
5000
5000
16700
6200
6600
5200
6900
6100
5100
5400
5200
5200
5400
5500
5300
5700
7800
5900
7300
6000
5200
5400
5700
7000
6000
5400
5900
6300
5500
5900
15800
6200
5500
6300
5600
5600
5600
8000
5700
7500
5800
6000
5800
5900
9800
6100
6700
6600
6400
6600
6600
7600
6300
6700
6300
6500
6300
6000
47400
7300
5200
5200
5000
5100
5000
5200
5500
5100
9200
8000
5800
5000
13400
5300
5700
4400
5400
5100
6000
11700
4800
5000
5000
7100
7200
4900
7400
5700
6900
6000
5400
5200
6300
7000
5200
5100
5300
5300
5100
5300
8100
5900
6100
6600
7500
6400
5400
8000
6100
7600
5900
5800
6500
5900
9200
6500
6400
6100
6300
6300
6200
6300
6200
6400
6300
6700
6300
6300
41400
5200
5200
4900
5200
4700
5000
5100
7500
5200
8200
7700
5600
5200
11500
5000
17000
5200
6200
4700
5200
5400
5200
7400
4800
5900
4900
4700
6200
5300
5000
4900
6900
6200
4800
4700
5300
5300
5500
5000
5400
6700
8100
6400
5500
6500
5800
6100
5600
8200
5900
7500
6800
5900
5900
5800
9600
5900
5500
5700
8200
5800
5400
5600
5300
5700
6300
5800
5900
6200
20400
5100
4800
4700
5400
5500
5000
5500
5700
6000
8400
8500
5900
6200
12900
6000
5600
5500
4700
4500
5000
4600
5200
4800
4700
6700
5900
4800
8900
6100
6300
6300
6900
6200
4700
4700
4700
5000
4900
4900
4800
6300
6900
8000
7500
7000
5700
5300
5800
7400
6300
5800
6200
5600
5500
5700
8400
7600
5900
6100
6200
6900
6000
6100
6300
6100
5900
6300
6100
5800
27700
6500
5400
4800
5300
5400
5400
5600
5400
5500
8200
7900
5500
5600
12500
5600
5100
5400
5300
5200
5000
4900
8600
5000
5600
5500
4900
5300
6600
5900
5500
5100
6100
5900
5100
5100
5200
5200
5500
6400
5100
5500
6100
3400
4500
3900
3100
3200
3600
4800
3400
3500
3500
3200
3100
3700
10600
4100
3700
3500
3500
3500
3500
4700
3800
4600
3600
3500
3500
3700
12300
3100
2900
2900
3200
2700
2700
2800
3100
2900
4200
4300
2800
2800
9100
2900
2900
2900
2800
2800
3200
2900
3600
2900
2800
5400
2800
2800
3500
3200
3000
3600
3800
4100
3000
2900
8400
3300
3100
3000
3000
3900
4300
3300
4300
3700
3200
3300
4100
4600
3300
3300
3300
3400
3300
3300
5300
3600
4000
3600
3400
3400
3500
4800
3600
11000
3400
3500
3700
3600
10500
3500
3800
2800
3000
3000
2700
2800
2900
2700
2800
3100
7300
2900
11000
3500
2900
2900
3000
7900
2900
3200
3000
4200
3400
3000
2800
3000
5100
3300
3000
3000
3100
5000
3200
4400
3100
4000
3300
3900
3300
3700
5200
3400
6500
3500
3400
3400
3500
3300
3500
3500
3500
3500
6600
3400
5500
3900
4100
5600
4300
3700
3600
7400
4700
3700
7000
3700
3800
3600
12300
3100
6000
3000
3100
2900
4300
3100
2900
2800
6000
3200
2900
2800
10400
3200
2900
3700
4200
2900
3000
2900
4200
3600
3000
2800
4000
2700
6000
3200
3000
2900
4300
3900
3000
5100
3300
9200
4200
3900
3500
3000
5300
3400
5000
3200
3400
3600
3400
3400
4600
3700
3200
4300
5700
3400
5300
3600
3500
5400
3600
3700
3700
6400
3600
3400
6200
5000
3800
3800
9900
3900
4200
3200
2900
8000
3000
2900
2800
3300
5400
3000
2800
3100
8200
3100
3100
3800
3100
3000
3000
3100
3200
3600
3000
3000
2900
2800
4800
3400
3200
3500
3300
3000
109600
21500
7900
7800
7300
6000
5100
5200
8300
6100
11400
6000
6100
5600
5000
5600
5300
5700
7700
5800
18300
5800
9100
6400
6200
10800
6400
6500
6400
10200
6100
6100
9800
6300
6800
6200
24100
5200
5000
4500
5100
4900
5000
5000
5500
4700
9800
5200
7000
5800
10200
5100
5000
5500
4800
4700
4700
4800
4700
5600
4700
11400
4600
4500
7700
5200
5300
5100
5400
5200
5200
7200
5300
6400
6400
5100
5500
5400
9800
5800
5600
5800
7200
12000
6200
8400
5600
8000
6000
17600
6100
6600
8900
6800
6900
9900
6900
6500
6900
11300
6400
6400
17900
7200
7000
6500
21700
5300
5100
5200
5500
5200
5300
5400
5300
5100
10000
5600
5800
5000
10700
5400
5500
6000
5000
5000
5300
5600
4800
5700
4700
4500
4900
4800
8000
5300
5300
5200
5200
7500
5400
7100
5100
6700
6600
5000
5400
5200
17200
5800
5800
5900
5700
8300
5600
8000
7000
8500
5700
8400
6000
6700
8900
6300
9200
6500
6200
6700
6600
6200
6500
6600
7800
6600
12800
7400
23600
6600
6100
5600
5200
5300
5400
5600
5300
4900
17100
7900
5500
5400
12300
5800
6000
6500
6100
5200
5300
4800
5800
5600
4500
5000
4700
5000
7300
5000
5200
5100
5100
5600
5100
7000
5800
6600
8100
5600
5000
5800
9800
6300
5600
5400
6000
8200
6300
7500
5800
7900
5800
8600
6900
5700
15500
6400
10000
5900
5600
6500
6000
8900
6000
6300
6100
6700
11700
6600
20800
5800
5200
9800
5600
5500
5300
9500
5400
5100
9400
5100
6100
5200
17400
6100
5100
4800
4700
6600
5000
4900
6300
4500
4800
4600
5900
4700
7100
5200
7000
5300
5300
13300
5400
5000
5300
5100
5300
5100
5400
8200
7900
6900
8300
5700
5600
6300
5900
8000
8400
7800
4700
5200
5000
5000
9800
9600
9300
6200
6300
6700
6600
6600
6700
9900
6200
9200
6400
6100
26600
5400
5100
5700
5600
5200
4500
8600
7600
4400
4600
16100
8800
5900
16700
7900
4800
5000
5100
5900
5100
6800
4500
4200
7100
5400
4600
4600
5800
5000
6600
5300
5200
6400
5300
5300
4800
4900
4700
5200
5400
6400
7900
6000
9200
5800
6100
5700
5600
5800
19400
8600
7000
6900
5500
6000
8300
9800
10200
5800
6600
6200
6400
6900
5900
10700
6500
9200
6800
6200
20100
5400
5300
5200
5200
5700
8500
10200
21700
5500
5100
5400
5600
4900
12400
14100
4900
4900
4700
6100
4600
5400
4900
5000
4800
5600
4600
4500
6000
5100
5400
5200
5200
7500
5500
6100
7700
5600
5200
5400
7200
5100
7500
6000
8400
6200
5800
5900
6400
6000
8500
8500
6100
5800
8500
5800
8700
9400
9400
6300
15300
7000
7200
5600
6200
9400
6100
9400
5900
6100
20300
5300
4900
5300
5200
5000
4500
10100
9300
5500
5300
5100
5100
5200
12100
5200
4600
4800
4600
5900
4600
6200
4700
4800
4700
5900
4800
4600
6200
5400
4700
5100
5000
10100
5600
5300
13500
5500
5100
5400
6600
6000
6900
6000
8000
5800
6000
7900
5900
6100
5900
5800
5800
5500
5600
8300
8900
9600
9500
6400
6300
6300
6400
6200
6000
9100
6100
9300
6300
6200
20200
12100
5400
6100
5500
5300
5200
9900
9600
5300
4900
6000
5200
5100
11800
4900
4800
5000
4700
6300
4600
5900
5000
4800
4500
5700
5500
4900
6000
5300
5400
5200
5200
7300
5200
5400
7300
5200
5200
5300
7100
5300
7200
6000
9100
5900
6200
8300
12100
5700
5900
6100
5800
6100
5700
8500
7700
6200
10100
6300
5800
6100
6100
6100
9800
12600
6300
6400
7900
6100
20000
5500
5100
5300
5400
5100
5000
9500
9200
5400
5000
5500
6000
5100
12000
5600
4700
11100
4600
6400
4700
5600
4900
4600
4500
5500
4700
4700
15700
5600
5200
5000
5200
6900
5000
5100
6900
4900
5000
5300
6900
5100
6800
5800
8600
8100
5600
8200
6100
6000
5300
5500
5600
5700
5900
8100
7300
6400
9200
6000
6200
5900
6200
5900
15800
8300
5700
6200
6400
6300
19400
8700
10200
5100
5000
5100
5000
5200
5400
9000
5400
8800
5300
5500
14000
5400
5200
4300
4700
4900
4900
4700
6000
4800
5000
5000
4900
5900
6500
5400
6400
5600
5800
5400
5300
6200
5800
5200
5300
5400
5600
13600
9300
8200
6000
6200
6500
6100
5300
5600
5700
7800
6400
5600
6700
5700
8700
6400
6600
6100
6400
6500
6400
6500
6400
6100
9100
7100
6300
6300
20300
8500
5500
5400
5400
5200
5200
5000
4700
13200
5300
5200
5400
9200
11900
6100
5000
4900
7300
5400
4800
4800
4800
4800
4600
4600
4500
4800
6700
5300
6300
5300
5300
5300
5400
6300
5200
5200
6400
5300
5500
6800
9400
7200
6000
6000
6100
5800
5800
5700
5700
7500
6000
5800
6200
7900
8200
6700
6600
6200
6300
12700
6400
6200
6300
6300
10300
7100
8200
6400
19700
8100
5600
5100
5100
5000
4900
5100
4800
7900
5100
5000
5200
8500
11400
4900
4600
4900
4600
4800
4700
4400
4400
4700
4600
4700
4800
4900
6700
5100
5600
5300
5100
5100
7600
5100
6700
11500
5400
5200
5300
5200
9200
7400
6000
5600
5700
5500
6400
5900
6000
7200
5900
5500
4900
5200
7800
7500
5900
5800
6000
6700
6400
6400
6500
6600
8600
7000
6200
6600
19500
8000
5500
5500
5900
5000
5200
5100
4900
12400
4500
4500
4400
7600
13100
5000
4800
5000
4500
4200
4400
4400
4800
4200
4600
4400
5300
4900
6500
5400
5800
5200
5500
6100
5100
4900
6200
5200
5400
5200
5800
5400
6900
5800
7900
5900
5600
6200
6000
7800
6100
6300
5900
6000
5500
8900
9100
8000
6300
6900
17100
6400
6500
6600
7100
6700
9900
8200
6400
6500
19200
8600
5500
5400
5100
5100
6100
5500
6500
8300
5000
5700
6100
8800
15900
11500
5600
5100
5000
4800
4700
4600
4700
5000
4400
8600
5100
4600
6400
8200
5600
5100
5200
5400
5200
6400
6800
5600
5300
14300
5200
4600
6800
5800
7200
6500
5700
6100
5800
7700
5700
5700
5800
5700
5600
8300
10200
8700
6200
6100
6200
6600
9500
6100
6400
8300
7100
6400
6300
6500
19400
8100
5200
4900
5600
5200
5100
5000
13500
10500
5200
5000
4800
8700
16800
7500
5000
4900
4600
5000
5200
4900
5000
5000
5100
5000
5000
4500
6300
5400
5300
5200
5500
5300
5400
5300
7100
5500
5100
5400
5600
5400
7100
5800
7700
6100
5900
5900
5900
9300
5800
7900
7300
5600
5700
12800
14100
9000
7900
6400
6400
6100
7600
6100
6800
10800
6400
9200
5900
6000
21000
7400
5500
5000
5100
6800
6600
5000
5100
6900
15900
5600
5200
5000
