732300
38600
25700
22400
23700
30000
22600
20800
25500
25000
24600
22600
920400
34800
47800
34300
76400
38500
45200
48600
38500
41300
45600
35900
37300
44800
35500
36100
58600
43500
67000
39400
50200
48200
40800
75800
39700
44800
29700
31800
53100
36900
59200
31500
31100
29500
49300
25500
44800
26300
19000
29200
19900
50700
22500
18800
56400
23200
20800
23400
57000
23400
20400
22300
19200
45400
20100
21900
21800
18800
15500
14000
11000
11400
29800
14000
17700
11900
20800
12900
11000
10900
10300
10300
24800
25500
27500
15300
13400
14900
13300
12300
15600
12500
14700
14800
13100
12400
32900
16100
26100
23400
29500
19500
15100
35900
16300
15400
17600
14300
30300
15700
36900
19800
15700
15700
37500
17000
27200
18000
15200
14800
14300
32900
15800
15400
46000
30900
17500
17400
33200
18600
16800
22600
16200
32700
17900
18300
16700
15900
10200
10900
8800
8300
13800
10700
10000
8800
19700
10700
9400
9300
9300
9000
19700
13200
11300
10300
11600
29500
12800
11300
13600
10900
11500
10700
10700
27000
25500
20800
38700
22300
20200
22200
19700
48000
24200
20500
19800
20600
31200
20700
35800
22400
21700
20500
43600
23000
31700
27200
25600
24400
22300
33300
21600
20900
45500
27100
24400
31900
35600
24800
23900
23700
27900
44400
24400
26200
24600
23000
15200
17400
25400
13300
26000
18800
12900
12400
42100
18200
17900
13800
16100
13600
24000
19600
1010900
178600
34100
34500
20900
15900
16600
15600
17400
14700
16500
23000
22200
22900
28700
19500
17600
19700
17800
33200
23900
19400
18000
69700
20900
21900
34300
18300
20100
24700
30600
23300
27800
24900
18400
18700
23400
26200
19000
18200
33200
20300
18200
21100
31100
20600
20200
20000
19900
30300
23200
21800
22300
19600
9200
12000
7600
7500
12200
9300
8300
7800
17300
10600
9900
8600
8800
9300
17200
12300
54900
10100
9200
18200
9500
9600
9300
8200
7600
8900
8100
15700
20800
13000
17000
9100
8200
10700
8400
10200
8700
8300
8300
9000
9400
12000
12200
28300
28800
13400
25700
10600
10500
23900
13000
11100
11600
10100
19000
16600
27800
15400
11000
13600
20200
15300
10500
10500
10800
297400
15400
20300
11300
10800
6700
11200
5600
5300
9300
5800
5500
5500
18300
6500
5900
6000
6000
6100
10800
7400
6700
6000
7300
12400
7800
6700
7600
7200
6800
7100
7100
12300
9500
11600
15300
11200
7900
14700
169500
20300
10100
8100
6800
6900
6800
6200
10600
7700
76200
10300
8100
13100
7100
11600
7200
7300
6900
10300
11000
7100
12800
12800
7700
6500
13500
9900
11500
6600
6700
25900
7900
12200
7000
6800
37300
39500
16300
16500
16000
18400
17500
16000
17300
29300
18700
16400
23800
15200
23100
16600
15900
21500
16000
15200
13100
13600
12400
13300
14800
13800
12500
12100
14300
13000
30100
14400
13800
13200
13000
13100
12500
17700
11000
8100
9000
7900
11900
8500
12900
9200
15900
12300
9100
9000
8700
8500
8600
8800
9600
13200
142600
8000
14500
6400
5900
6100
5900
12500
5700
11700
6300
10800
11400
13500
15500
8400
6600
6600
7800
6400
6800
6900
7000
7000
9300
7200
7800
6800
9500
8100
7400
7600
8000
10600
7600
7900
13200
9500
10400
9100
8000
12200
11100
8400
7800
8100
8100
8100
7800
6600
6400
12100
7300
7100
9600
8000
10800
8000
13300
8000
12200
12600
8800
8700
8600
8500
8400
8700
8400
12800
136200
7500
43600
10600
6100
5600
11100
11100
5200
13200
5600
10000
21100
17300
19200
7400
6600
6600
7100
6800
7100
6700
10000
6600
7200
6900
7100
7100
12400
7300
12800
7800
8000
16900
7700
7400
11300
7800
9900
7900
15500
11200
13200
8500
8700
8200
8600
6800
19000
8300
8000
13100
8000
7600
7900
7800
12100
8100
12000
8800
11300
11800
8400
8500
8100
7900
9700
7900
8400
11200
46300
5800
13200
5500
5600
5500
11000
11900
5800
12000
5400
9400
10500
10600
13300
6800
7100
6700
7100
6700
6800
6800
6800
7000
6600
6600
6400
7200
7600
7000
7300
7700
7000
8600
7500
7600
8400
7900
8600
8300
8100
7100
9100
7900
11000
8000
8800
12000
12800
7400
7400
10100
10500
10200
7900
7800
11500
8100
11900
8100
12700
12000
8400
10000
8300
8500
8300
8300
8300
12000
47600
5800
16700
5500
5400
5300
4900
9800
5200
14900
5400
10500
9300
9800
9200
6700
6800
6600
6700
6800
6600
6300
6500
6400
6300
6600
6600
6500
8300
7200
7300
7500
7100
8900
7400
7100
9200
7100
9400
7600
8600
7100
9300
7100
7400
7200
7500
9500
8600
7300
7400
9300
13900
9500
7500
7100
10000
8100
9700
7700
7700
8700
8200
7700
8000
13500
8300
7900
7700
6900
35100
9800
13400
4900
4900
4900
4600
9600
4700
10600
5100
7900
21500
8900
9000
4800
4700
4500
4400
4200
5500
4300
4500
4000
4300
4300
4500
4300
5500
5000
4700
4900
5100
7100
5000
8400
6800
5000
6800
5200
7300
5000
6900
5400
5200
5500
7200
9400
5300
5300
5100
9300
7800
13800
5300
5400
7700
14700
5600
6100
6500
5900
5700
5700
5700
11800
6200
5500
5600
5000
47200
5200
16000
5500
10200
9500
5600
5200
5100
5400
5100
4800
8800
8300
48500
13500
5200
5000
6000
4700
7700
4600
4600
4700
4800
4700
4900
5000
13700
9900
7600
5200
14200
5100
4900
5300
4800
7400
7300
5100
6200
4800
9200
5400
5500
6600
5200
5300
5400
6500
6000
5400
5600
5400
6300
7700
11900
12900
5800
6000
19200
6400
5900
6200
7100
6100
7200
6700
6900
5700
40400
5700
4600
16500
9900
4600
6500
4700
9800
13500
8300
4600
4700
5300
17600
10400
4400
9000
4800
6200
4500
5800
4500
4300
4500
5000
4500
5600
7600
5100
8100
5200
5300
4900
13200
5100
4800
5100
7600
5000
5100
5100
8000
5000
5400
5500
5500
5300
5200
5400
5200
5400
5300
5200
5100
5400
8300
14100
5600
5600
5700
5900
5500
5600
5500
5900
5700
12500
5800
5600
36600
11100
59600
9500
6200
3500
3700
3500
11500
4100
4900
3300
2900
2700
6100
4000
2800
3500
2900
3500
3200
3300
2900
2800
2600
2900
2700
10800
5600
5300
20200
4100
3000
4000
4900
2900
3100
3000
3000
6000
2800
2900
5300
3300
3400
3300
3000
3100
3400
3200
3100
3000
3200
3500
3400
2900
5400
4900
3700
3300
3300
3200
3400
3200
3100
3200
3200
3400
3300
3100
19200
2600
2600
4600
4800
2700
2700
5700
4400
3900
4500
2800
4000
2900
4900
3100
2500
3400
2700
3000
2600
3700
2700
2500
2500
2600
2800
3000
5100
4300
3500
2900
2900
2800
4300
2800
2900
2900
2700
3000
2800
2700
4600
3100
4500
3100
3100
3300
3000
3100
3000
3100
4500
3000
3300
3100
12200
7800
3500
5200
3600
3200
3100
3200
3300
3100
3100
3100
3300
3300
16800
2500
3100
4500
3700
2400
2900
2700
4700
3700
4400
2600
2600
2500
5400
3100
2700
3000
2800
2900
2600
2900
2800
2600
2500
2700
2500
3200
9300
4500
3200
2900
4000
4400
5400
3300
3600
2900
2800
4000
2900
2800
4100
3200
4500
3000
3100
3200
3500
3100
3000
3000
4200
3000
3300
3100
4400
3300
3500
3300
3200
3200
3300
3200
3100
3200
3500
3100
3200
3600
17300
2400
2500
4300
6600
2500
2700
3200
4300
4800
4300
2500
2800
2500
4700
3500
2700
4000
2700
3500
2600
3300
2900
2700
2600
2700
2800
3800
4600
5500
3100
2900
2900
3100
4000
2900
3200
3000
2800
2900
2800
2900
3900
3600
4700
2900
3000
3000
6000
3000
2900
3100
5200
3200
3100
3200
4300
3300
3500
3300
3200
3200
3400
3200
3200
3200
3600
3200
3100
3400
15700
5000
2800
2600
2900
2900
3000
2700
2600
2500
2800
2400
3300
2500
6900
2900
2900
2900
5000
19300
3000
3200
2700
2800
3200
6400
3200
3200
4200
3300
2900
3400
4100
2800
2800
3800
2800
3200
2900
2900
2800
3000
6100
4500
3200
3100
4900
21900
4600
3200
3200
3400
3100
3700
3100
3200
5200
6500
3500
3300
3800
3400
3400
5000
3300
6100
3500
7800
3500
5100
18200
2900
3100
2800
4700
5100
3000
2900
2700
2700
2900
2900
2600
2900
4500
2900
2800
3100
2600
2700
2700
2700
4400
2700
2700
3600
2700
3500
3700
3200
2900
2800
4000
2900
2800
2900
2800
5800
2900
2800
2800
3000
5900
4200
3100
3000
4200
4100
4400
3100
2900
8300
3100
3000
3000
3200
4900
4800
4900
3500
3600
3200
4000
4900
3600
3500
3300
4800
3300
6300
20600
2900
2800
2700
4600
4600
2900
2700
2700
2800
2700
2700
2600
3000
4900
2800
2800
2700
2900
2600
2700
3200
3200
2600
2700
3000
2600
3100
3400
3100
3300
2900
3000
3900
3000
3000
2900
3200
3500
4000
3500
3400
5300
4300
3100
3200
6800
4100
4300
3100
3200
3100
3100
3100
3000
3200
5000
4800
3600
3200
3300
3200
3300
4900
3200
4100
3200
5200
3200
5000
17200
2800
2700
2600
4700
4800
2700
2800
2600
5300
2700
2700
2600
2700
4900
2900
2900
2800
3900
4200
2700
2900
6200
2800
2800
3600
2700
3200
3700
3000
3500
3300
3000
4100
3000
3000
3000
3100
3800
4100
3800
3900
4800
3300
3100
3300
4300
3400
3100
3100
3000
3400
3100
3000
3100
3200
7700
4800
3400
3400
3300
3300
3500
4800
3200
3300
3200
4800
3300
5500
16900
2800
2600
2900
4500
4500
2900
2700
2800
2800
2700
2600
2800
2600
5400
2800
3100
2800
2800
2700
2800
2800
3200
2700
2800
6200
2700
3200
3800
3000
3100
3100
3000
3900
3300
3000
2900
3000
4800
4100
3800
3900
4200
3300
3200
3100
4500
3100
3200
3100
2900
3100
3300
3100
3100
3300
6700
5000
3400
3300
4700
4900
9300
3400
3500
3300
3300
3500
3300
3200
16700
2800
3700
2900
4600
4500
2600
2700
2600
2900
2600
2600
2900
2800
6200
2800
4000
2900
2800
2800
2700
2600
3300
2700
3000
3400
2700
3600
3600
3200
3100
3000
3200
3700
3100
3200
2900
3000
3600
3800
3800
3400
4100
3200
3200
3300
4200
3500
3300
3200
3000
3400
3500
3000
3600
3400
5600
4700
3400
3400
4800
4800
4800
3300
4600
3500
3300
3300
6800
3500
15400
4800
2800
5600
3000
2600
3000
4700
2600
2700
2900
5100
2700
4500
6500
4500
3000
3700
3300
3100
2900
2800
3400
3000
2800
2800
3400
3000
3800
4500
3600
4900
3100
3200
3100
3000
4100
3500
3100
3100
3100
3400
4500
4300
3600
3300
3400
3400
7100
3100
3200
3200
3100
4400
3300
3200
8400
5100
3700
4600
6200
3500
4800
3500
3300
3400
4400
3500
3500
3400
19300
5400
5100
2900
2800
5200
3700
3000
5700
2800
2700
2800
2800
2800
6100
6300
2900
2900
3300
3800
2800
3300
3500
3000
2800
2800
6500
5800
4100
3700
3000
5000
2900
2600
2600
2600
3600
2700
2600
2600
2900
2700
4100
4300
2800
2800
2900
3000
3300
2700
2800
3100
2700
2800
2900
2800
6600
3300
3000
3000
7300
3300
3100
3000
3000
3200
3000
4700
3000
2900
18800
4600
4000
2500
2600
3900
2500
2400
4100
2400
2300
2400
2400
2500
5400
3000
2800
2600
3200
2500
2500
2800
3300
2400
2400
3100
3100
3000
3200
2900
2800
7300
3400
3000
2700
2700
3600
2600
2600
2600
3800
2600
4100
4200
2900
2800
2900
3000
3300
2800
9500
3900
2800
2800
2900
4200
6700
3700
3000
3300
4700
3400
3100
3000
3100
5900
3000
3000
3400
3000
16600
4200
4000
2600
3000
4000
2500
2400
4000
2400
2300
2400
2300
2300
5100
3300
2500
2400
2700
2600
2400
2800
2600
2500
2300
2300
2400
3100
3100
2600
3000
3600
3300
2600
2700
2700
3200
2700
5500
2600
3300
2900
4800
4000
2900
5700
2900
2900
3000
2900
3900
2800
2900
2800
2900
3200
6300
3100
3100
3300
4800
3000
3000
3000
3200
3700
3000
3000
3100
3000
18500
4200
3900
5300
2400
3900
2600
2300
4000
2300
2800
3200
2400
2600
4600
2600
2500
2600
3100
2500
2400
2900
2800
2500
2900
2500
2600
2800
3400
2800
3000
3400
3600
2600
2700
2700
3600
2800
2600
3000
3500
2700
4200
4100
2900
4200
2900
3000
3000
5800
4000
3000
2900
2800
2900
3100
4300
4600
3000
3000
3500
3100
3000
3000
3700
3200
3000
2900
3400
3100
15500
4100
3700
2400
2400
3900
2900
2300
3900
2500
2300
2400
2300
2300
4900
2800
5300
2900
3000
2500
2700
3000
3000
2600
3200
3200
2500
3500
3100
2600
3000
3700
3500
4000
3100
2700
3700
2800
2700
2800
3800
2700
3700
4200
2900
5900
2900
4400
2900
3100
4000
3100
3000
2900
2900
3100
4800
7800
3100
3100
3500
3200
3100
3900
3200
3100
2900
3000
3200
3200
18000
2700
2500
2500
4900
2400
2900
2400
2600
2400
2300
2400
2500
2300
7400
2900
2500
2700
4400
20600
10000
4600
4700
4200
6000
4700
4400
4000
6100
5600
4700
5600
5100
5100
5700
5200
5300
5800
7000
5500
12500
5800
7400
5100
5300
6700
6300
10700
5900
5300
4900
7100
5100
5000
4800
5400
10400
5700
8900
8900
5600
5400
7800
8400
5500
7800
5900
5500
7800
5500
44700
4800
4600
4900
4500
4400
4700
8100
3700
7900
10400
4300
4400
3900
7100
4100
6300
4400
4000
5100
4900
4900
5000
5100
4300
4100
4200
7500
6000
4900
5100
4400
6000
4500
4700
4700
4600
4700
6100
4700
7000
6100
11100
5100
5000
6600
4800
6700
5000
5000
4900
6500
5000
4700
4500
5000
10700
6200
9200
9700
6400
5100
8300
9100
5500
8400
5200
5400
7400
5700
33500
8400
4200
4400
4400
4200
4000
7700
4400
10100
9300
4100
4000
4100
6900
4400
5900
4400
4300
4600
4400
4000
3900
4300
4500
4100
4200
4200
6800
4600
4600
4700
5800
4500
4700
4500
4500
5100
5800
5400
5300
4500
6800
6600
6100
18900
4700
6800
5300
4900
5200
6700
4900
5100
4500
4800
11400
5400
9100
8700
5600
5500
7600
8400
5400
7900
8100
5400
8000
5500
34300
4900
4100
4300
4300
5000
4300
8000
4200
8800
9500
4200
3900
4200
7100
4600
4900
4500
4400
4800
4200
4400
4100
4100
4100
4000
4200
4200
6900
4900
4800
4500
6100
4700
5500
4800
4400
4500
6000
5700
4700
4800
6400
5100
5200
4800
5200
4800
5300
4800
5100
4900
12300
7300
8700
7400
10700
5700
8900
8700
5900
5400
7600
8300
5400
7500
5200
5000
7400
5400
33300
4800
4600
4400
6700
4500
4300
12400
4500
8000
10700
4400
4200
4400
6900
4500
6400
4300
4300
5300
4500
3900
4100
4300
4400
4200
4300
4100
7400
5100
4600
4300
7200
4700
7000
4700
4700
4600
6300
6100
4800
4900
6500
5100
5000
5000
5400
5000
4800
4700
9200
5000
7300
5000
8800
7500
7700
5100
4900
8000
5400
9800
5500
5400
5400
8600
5300
5100
5300
5500
32000
4600
4300
4700
4600
4300
4600
8200
4400
12100
10200
4400
4400
4400
7100
4700
5000
4400
4400
8200
4300
4000
4100
4600
4200
4200
4300
4200
6600
4900
4600
5000
6200
4800
4600
4600
4700
4800
5600
6000
4800
5100
6500
4800
5700
5300
4500
4800
4800
4900
4800
4800
6700
4800
9400
10900
7200
5300
5000
7200
5100
8000
5400
5500
5200
7700
5400
5100
5400
6300
33300
4700
9200
8600
7600
4700
7200
8500
4300
7400
4500
9000
7500
5300
14800
5200
5000
4300
4300
4200
4500
4300
5900
4500
4300
4500
4200
4200
6200
4600
4800
6000
5700
4900
4800
5900
6200
6100
4800
4700
7200
4800
7800
5200
5000
5800
5200
4900
5100
4800
4900
7100
5200
7000
5100
5300
11100
9700
7900
6000
5400
5400
5500
5400
5400
5400
5200
5600
5400
5300
34300
4400
4400
4700
7900
4300
4100
4000
4600
4500
4100
4400
4600
5200
8700
4500
4400
4200
4300
5000
4200
4300
4000
4300
4100
4800
4800
4300
6200
4800
4600
5700
5700
4800
4700
5900
5700
9900
4700
4800
6900
5000
7000
5200
5000
6300
5100
5000
5000
5000
5300
7000
5100
7400
4900
5200
12700
14600
8200
5600
5200
5200
5600
5000
5200
5300
5200
5600
5300
5200
19400
4200
4100
4300
11100
4200
3900
4100
4400
4100
3900
4000
4300
4100
8000
4700
4000
4000
4200
5300
4200
4000
4000
4400
4100
5000
7200
4200
5700
4700
4500
4500
4300
8600
4400
7800
11500
7100
7400
7000
7100
7300
8500
5100
4700
7300
4900
4900
4500
4700
4700
6800
4900
7000
4800
8800
9800
5400
7700
5100
5300
5100
5000
4800
4700
4800
4900
5200
5200
5000
18900
4300
4300
4500
7200
4200
4000
4000
4300
4200
3800
4100
4400
4000
9100
4500
4500
4100
4000
4900
4700
4100
4000
4000
3400
4500
4200
4000
15300
6500
4400
4400
8400
4100
6100
4300
6700
6000
4200
4700
4700
3900
5800
4400
4400
6500
6200
4500
4900
6100
6400
6700
4900
4500
7800
4900
10500
5600
7700
5300
5300
5500
6600
5100
5300
5300
6300
5300
5200
5400
20100
4200
5300
4300
8300
4000
3900
4000
4300
4200
4000
5300
4200
4200
8300
5500
4200
4100
3900
7300
4000
6500
4200
4100
4000
5500
4800
4200
6500
4200
4500
4600
4600
4700
4500
4300
7200
4500
4400
5400
5500
4400
10200
4900
5200
6900
6100
5600
4900
6000
6000
6900
5000
4600
7300
4600
6900
5300
4900
5400
5300
5000
5000
5600
5300
8100
5200
7800
5200
5300
18500
4600
4500
4200
7000
4400
3900
9000
6900
4100
3900
4300
4200
4100
7100
4500
3800
3800
4000
4500
4200
4000
4800
4100
3900
5400
4500
4000
5300
4400
4400
4300
4700
4300
4400
4400
5600
4600
4400
4300
4300
4100
5500
4800
4800
6500
6000
4800
4700
6100
5800
6700
4800
4800
7400
4900
16500
7400
5000
5200
5000
6400
5000
5000
5300
8400
5100
8600
8700
5500
20700
4000
8000
4200
5400
4900
4100
4000
5400
4000
3900
4100
5500
4100
12200
4800
4300
4300
4000
4500
4400
4200
4500
4400
4300
4300
4000
4300
19400
4900
4600
5500
4400
4200
4600
4500
4500
4700
4600
4700
4700
4500
10700
6200
6700
5200
4700
5700
6100
5100
5000
6200
5100
6000
6100
4900
9400
5900
5600
5500
5500
5700
5000
5200
5300
6500
7500
5500
5400
5200
17800
4300
4300
4200
4200
4000
4200
4600
4100
4100
4300
6300
4300
4000
8500
4400
4200
15000
4400
5100
3900
4300
4100
4000
3900
3900
4300
4000
6900
4700
4700
5100
4700
4300
4500
4300
4700
4700
7300
4700
4400
4400
6700
6200
4800
4800
4900
5700
5900
4800
4700
5900
5000
5600
6000
4700
8900
5200
5200
5200
5200
5300
5100
5400
5200
5100
5200
9300
5500
5100
17400
5300
4000
4000
4200
4900
4100
4300
4300
4000
4100
6400
4100
9800
8800
4500
4200
4400
4400
4200
4100
4400
4100
4200
4100
4100
4200
4200
5300
4700
4600
4600
4600
5500
4700
4700
5300
5200
5200
4600
4400
4500
9500
6300
5000
4800
4900
6300
5900
9500
6100
6000
5200
5800
5900
4500
9100
5400
5300
5100
5600
5400
5100
5200
5500
5200
5200
5200
5500
4800
17600
4500
4100
4000
4100
4300
4200
4200
4200
4400
4200
6300
4100
4000
8300
4500
4300
4200
4000
5100
4100
4100
4100
4300
4200
4100
4100
8200
5100
4400
7500
4200
4500
5700
4600
4600
5700
5700
4400
4400
4500
4600
7300
5300
4900
6500
4900
5000
4900
4900
5000
5200
4900
5000
4800
5100
8900
5500
5500
5300
5500
5900
5100
5100
5300
5300
5000
5500
5300
5400
17200
4400
8100
4100
4200
4200
4600
4300
4200
4100
4400
5900
4200
4000
7800
4200
4300
6900
4300
4200
4100
4200
4100
4200
4300
4000
4400
4000
4700
4200
4500
5500
4700
5900
4900
4500
5000
5600
13200
4600
4600
4600
7200
5400
5000
5900
5000
4700
4800
5000
5000
5200
4800
4800
4600
4900
6600
6700
5000
9300
4900
6600
6500
5600
5400
6400
5500
6300
6800
6100
17900
7000
4400
4600
4300
4100
4300
4600
4300
4300
4300
6300
4400
4100
6900
4200
4200
4400
4300
4100
3900
4000
4100
3800
4000
4000
4000
4200
5000
4500
4400
4800
4600
5200
4500
6800
5000
4900
8400
4300
4400
4500
7500
4800
4900
5400
4700
4700
4800
5400
4500
4900
4900
12700
4500
5200
6400
6500
5000
5000
5200
6100
9400
5300
5400
6200
5100
6500
6300
4900
18800
3900
4100
3900
3800
4000
4000
3800
3900
4000
8100
4000
4200
4000
10900
4800
9300
4300
4300
4300
4200
5600
4400
4200
4700
4500
4300
4300
6100
4800
4800
4600
5800
4700
5600
5300
4900
4700
5600
4700
4500
5200
6600
5200
4900
4700
5000
5000
4900
5000
4800
6100
5000
4800
5000
8400
7300
5300
5200
7000
6400
6800
5200
5300
5800
5400
5600
6600
18700
12300
17700
9200
9300
4500
6100
4300
5700
4700
4400
5400
5600
4200
4600
4300
8700
4300
4600
4300
4500
4200
3900
5800
4200
3900
4000
4600
4500
3900
5800
4800
4400
4700
5500
4600
5500
5000
4500
4400
5600
5700
4600
5400
11300
5900
5000
4800
4900
4900
5200
4900
5000
4900
5400
4900
5000
5100
6900
5500
5000
6800
6200
6400
5200
5100
5200
5000
5500
6600
5700
5100
16500
6000
6300
4300
5900
4200
5800
4500
4200
4200
10200
4400
4100
4600
8700
5300
4500
4300
4300
4200
4200
3900
4300
4400
4300
5200
4500
4200
5400
4700
4700
4400
6700
4500
4600
5800
4800
4500
5300
4600
4400
4900
6700
5000
4900
5000
4700
4900
5300
5300
5100
4900
4900
5100
5100
4900
7100
5300
5100
6800
6100
14600
9600
5000
5200
5200
5500
6400
5800
5900
17900
6000
6200
4300
6000
4400
5900
4600
4300
4200
6100
4200
4000
4700
8100
10600
4500
4300
4300
4100
4000
4300
4200
4200
4100
4400
3800
4100
5300
4500
4500
4500
4600
4400
4500
5500
4600
4500
5100
9900
4600
4700
6100
5000
4900
4900
5800
4800
6000
4900
5000
4900
5900
4900
5200
5700
7200
5300
5500
6700
5800
6600
5900
5200
5300
5100
5300
6900
5400
5300
16200
6000
6200
4200
6000
4400
9700
4200
4300
4100
5700
4100
5300
4600
7900
4500
4300
4400
4300
4200
4200
4100
4600
4200
4200
4800
4200
4000
5000
4600
4700
4500
4500
4500
4800
5500
4800
4900
5300
4600
4800
4600
6000
5000
5000
5000
6300
5000
6700
5100
4900
5300
6100
4900
5200
5700
11500
5500
5200
5300
5300
5400
5100
5200
5500
5600
4700
5200
5400
5500
16900
6100
6200
4400
6000
4200
6000
4700
4600
4200
5800
4200
4200
4400
7100
6900
4300
4200
4400
4100
4100
4400
4200
4200
4100
5900
4400
4300
8900
4900
4700
4700
4700
5000
4500
5900
4800
4600
6000
4600
4600
4500
6000
5100
5100
5000
6300
5100
6500
5100
5100
4800
6500
5000
4800
6400
6600
5400
5500
5200
5300
5600
5300
5400
5200
5500
5500
5100
5500
5500
16300
6700
4300
10200
4400
6200
4300
4200
4200
4200
4300
6300
4400
4000
13900
4800
4300
4300
3900
4400
4200
4300
4200
4200
5400
4500
5200
4500
6100
4600
4800
4700
4700
4700
4600
4900
6600
4100
7900
7300
4500
4600
6200
6700
5200
6200
4700
4700
4700
4800
4600
4500
4600
4500
4600
8700
4800
4500
4300
3900
3600
3400
3300
3400
3300
3200
3100
3600
3400
3300
12100
3000
2500
2400
3800
2500
2800
2500
3900
2500
3700
2800
2600
2800
7100
2900
2700
3100
2700
2700
2700
5700
2500
2700
2600
2500
2700
2800
3700
2700
2700
2700
2800
2700
2700
2800
3400
2700
2800
2800
2700
2900
4000
3700
3000
3800
3800
2800
3000
3000
2900
2800
2800
3100
2800
3400
4700
4000
4200
4100
3200
3200
3100
3300
3000
3100
3800
6100
14500
6100
9900
2500
2600
2400
3700
2400
2500
2600
3700
2400
3600
2600
2400
2400
7600
2800
2700
3200
2600
2700
2800
2600
2700
2800
2600
2500
2900
2700
3500
3100
2900
2800
2700
3100
2800
2800
2700
3100
2800
2900
2800
2800
3900
7100
3000
3800
2900
2900
2900
3100
2900
2900
2800
2800
3000
3400
5400
4000
4200
4200
3200
3200
3400
3200
3000
3100
3100
3800
3100
3100
9200
2600
2500
2600
3700
2400
2400
2400
3800
5300
3500
2700
2300
2400
7900
2800
2700
3100
2700
2700
3000
2700
2700
2800
2700
2500
2900
2700
3500
2900
2800
2800
3000
2900
4600
3200
3100
2800
2800
2700
3200
2900
3800
3000
3100
2900
3000
3200
3000
3000
4000
2900
3000
3300
3000
3000
4300
4200
7000
4200
3200
3200
3100
3400
3800
3200
3000
3800
3100
3100
9100
2500
2400
2600
3500
2600
2400
2500
3700
2400
3500
2500
8300
3700
7300
3100
2700
3100
2700
3000
3000
2600
2500
3000
2600
2500
3100
2700
3100
6400
2900
2900
2800
4800
2800
2800
2900
3000
2800
2800
2900
3000
3500
3200
3000
3400
4400
3000
3200
2900
4000
3000
3000
3000
3200
3000
4300
4200
3300
4200
3100
3000
3200
3500
3100
3000
3200
3900
3100
4200
8700
5700
2500
2400
4300
2400
2900
2400
3700
2400
3600
2600
2500
2700
6500
2800
4200
3200
2600
2700
3200
2800
2600
3100
2700
2800
3900
2900
3100
2900
3200
3000
2700
2900
2900
2800
2900
2900
2800
3100
2700
2800
3800
3000
2900
3100
2800
2900
3100
4000
3700
4000
3100
3000
2900
4200
5000
4200
4300
4200
4400
3100
3100
3100
4300
3100
3100
5400
3100
5100
9600
7300
5200
4000
2700
2800
2600
2600
2400
2800
2400
2400
2500
2700
