814800
35300
23400
25500
158400
34700
28000
27300
41500
47700
29000
29100
903800
42500
53100
26500
26900
39200
40900
50000
26900
45100
43900
38300
63200
151400
43900
32000
79400
103500
43400
34400
28700
34700
25000
30500
23800
26800
23600
81900
33600
24900
51700
30800
27000
26400
24200
19500
23200
21100
18100
23300
18200
40600
20500
23900
68000
28900
17500
46400
18800
17800
38000
21100
18800
17600
19000
18900
17200
19300
17200
13400
10500
11600
9300
11400
15600
20000
13500
13300
9800
9200
8700
14100
23000
15900
12300
20800
19100
14700
12300
24400
19600
32900
13500
12000
11200
11200
25700
35600
14500
15200
20400
15100
13400
15200
12500
13200
12800
27000
14400
13400
31000
16000
14500
13900
14600
14500
16300
18100
13400
14200
13000
29900
14800
15100
52300
29600
16600
31400
15400
14400
31100
21300
17000
42100
22700
19700
17600
16900
17600
18700
18700
13000
14900
12500
14600
25700
14900
10800
25000
8600
8500
13700
22800
14400
11000
11400
24600
25000
20000
14300
32200
28200
17700
17800
16400
18300
33900
40800
23800
21400
20200
22000
20300
22100
19200
19200
18100
42000
21300
17400
36500
19400
24300
20400
20700
18500
19000
22000
18600
20400
18900
57900
22100
20300
47200
27800
27200
40400
24300
31500
33600
23000
23200
23400
22500
21600
22600
31100
15600
19700
26200
14400
11300
11400
11900
26500
38500
15400
14400
13000
13000
13100
16300
16400
15900
21400
20800
22300
15800
14800
30000
18900
16500
16500
15900
15100
23700
18300
18600
27100
24000
21900
18300
36700
25300
24700
20100
24600
16900
17600
30000
18700
19400
31400
20000
18600
20000
22200
19300
22300
20400
30700
19500
21400
38100
23400
21300
32600
21400
21300
33100
22700
22500
22000
24300
21400
21800
24800
12700
15100
12400
10500
11200
9800
10400
13900
14500
11000
11800
11400
11100
11300
15300
14400
12100
12700
17000
20400
14200
14000
29200
18000
14900
14700
14100
14100
21200
16400
59700
21900
18800
20300
13500
22100
16700
16700
12700
11600
14300
12800
19700
22700
13100
11700
12100
12400
12600
15300
12700
12400
12000
22300
13100
12000
31800
14600
13300
33800
27100
17300
26700
15900
14600
14800
15900
14400
24700
14700
10800
13200
11800
9400
9200
51700
18500
22400
15900
6800
18600
22900
17500
7600
7000
9100
6600
18700
17500
14600
6700
5900
11100
10400
5800
5600
5300
5200
25800
15300
7400
15100
11200
12600
8300
15800
22300
9700
6300
5900
5700
5500
7500
11800
6000
5400
6400
5600
6100
7200
5600
5900
5600
15100
6900
5900
9700
6300
6200
13500
7500
6400
6600
8500
6300
20900
8000
14600
20600
42200
65700
22900
13200
13600
12700
13600
13200
13100
12800
55800
26600
21100
21500
29200
23400
24500
20200
19300
18900
19000
17300
39500
17400
13000
13500
13000
13300
19000
17800
20500
13900
13600
13000
25600
13200
13500
13100
9500
9000
6700
6200
7100
23700
16600
11100
11600
10900
18600
11700
11500
15600
12200
11800
11300
18000
11900
136200
24600
21800
15300
15400
14300
8500
6300
7900
7500
7100
7300
7100
7400
13200
11100
16600
13900
9600
8300
9000
9000
8900
9100
9000
8900
23300
12400
11500
14200
9400
9500
9800
9700
11900
9900
11500
10000
9900
10300
11100
15100
17700
17000
10500
10600
9900
14000
22200
15400
19300
11200
23900
12400
10800
11000
29200
18500
15400
10900
10900
17900
10900
18800
16200
10200
11300
10600
10800
10900
137700
39700
8500
7400
14100
6800
7600
6900
6600
6800
7100
6500
7400
26300
14000
7800
8900
9500
7600
7500
7200
7100
7600
7600
7300
7200
11100
9300
18900
8200
8000
13500
8300
9700
7900
14000
7700
7500
11400
7900
7500
10900
14000
13000
8500
8300
7600
12200
8100
8200
8300
7900
12100
7900
8100
8700
12000
13200
10200
15900
12500
13000
8800
8700
13200
8700
8700
8300
8500
8200
131200
12300
6300
6000
12700
5600
6000
5500
5600
5600
5300
5500
5200
5900
11000
7100
13100
11700
7200
7000
6900
6900
7600
7100
7000
6900
8500
8800
11800
7900
8600
7800
7500
10000
7700
7500
8100
7100
10000
9600
7600
17600
9700
13100
8100
7700
8100
8200
7900
8000
8100
8100
8000
8000
8500
16900
13900
12300
9400
8700
8500
13300
8800
10400
13300
8700
8300
8300
8700
9200
75500
17500
6900
3800
15500
3500
4400
3800
3500
3800
3500
3200
3500
3700
5700
3200
4100
3800
3000
3100
3500
3200
3100
3300
3200
3400
3900
4100
5400
3600
3700
3400
3100
4800
3300
3300
3400
3200
52500
9100
5800
11800
8300
11400
6400
6200
6200
6200
7600
5700
13600
6400
6100
6500
6100
11700
13600
25700
7200
6500
6400
10900
6600
6800
6500
6400
11500
6300
6400
6500
34300
10800
5600
5200
10900
5300
6000
5100
5600
6000
5900
5200
5300
12200
7100
22800
12000
5600
4600
4600
4600
4600
7400
4700
4900
4800
5300
5500
8500
5200
5200
5300
5100
7100
13900
5500
5100
5300
7700
5800
5300
7900
7200
10500
6000
5900
5500
5600
5800
5700
5100
5200
5700
6000
5700
8800
9500
25800
6200
5900
5800
10700
6000
6200
6800
6000
10600
6000
6000
8400
33200
9400
5300
4900
5900
10800
5500
5300
10100
5700
5000
5300
5000
5400
14700
7600
5000
6100
5100
5700
5800
5000
4700
5000
6100
4800
6000
4600
9800
5700
7200
5000
5600
5500
5100
7600
6600
6700
5200
7400
6700
5700
13400
31000
12200
6000
6000
6000
7600
6000
6000
6400
5400
8700
6400
7300
21800
6600
6500
7700
10200
6500
6200
6700
12000
6900
17300
6400
12400
6800
78100
8200
7700
5900
6000
6000
14900
5500
6300
5200
5200
5500
5400
10900
8600
15700
4700
4800
4900
4600
4400
4600
12100
4900
4600
5100
5900
4600
6900
5300
5400
5700
5600
5100
5300
7200
6900
5300
5200
7200
4900
5300
10500
14200
8200
5900
5500
5500
5500
5400
5600
6000
5700
8300
5400
5700
18900
6500
5900
6000
9500
6000
6300
6200
10400
6100
11200
6000
9400
6500
40300
5400
5500
5300
7700
12300
13000
5200
6300
5000
5200
5300
5100
12300
8100
4800
4800
4600
4500
4600
4900
4500
5600
4600
4500
4600
5300
4400
7200
5000
4900
6700
4800
6600
6500
4900
5200
5000
4800
4800
7300
4900
10300
7700
8900
5600
5500
10900
5500
5700
5400
6000
5300
8400
5800
5800
12800
6000
6000
5700
9500
6000
5900
6100
9200
6100
11300
5900
25200
6100
38200
5500
5400
5300
5000
5100
15700
5400
5200
5300
4900
5500
5300
9100
6400
4700
4500
4700
4300
4200
4400
5200
8700
4500
4400
4600
5600
4400
8200
5000
5000
6600
4600
6400
6200
4800
5000
4900
4700
4800
6600
4800
7000
5300
5300
5500
5200
5600
5400
7700
7600
5500
5700
13400
5300
5700
12800
7900
5600
5700
8600
6100
5300
5800
8700
5800
10200
5800
8800
5900
37000
5200
4600
5000
5300
4900
8500
4600
4500
4600
9800
4900
5200
8600
8200
4700
4600
4500
4600
4100
5300
4300
5800
4400
4400
4500
5700
4200
8000
4900
4600
7000
4600
7100
6400
4600
5200
4900
4400
6100
6500
4800
6700
5100
4900
5200
5000
5300
6100
7500
7700
5100
5600
64200
17500
6800
14000
10600
10000
8600
6800
6800
6500
7600
6200
6600
6600
10300
6200
6300
43900
5900
9600
5700
5300
5400
10600
5400
5600
5800
6200
5600
5700
18900
7500
4600
4400
4700
4300
4600
4400
4400
6000
4500
4600
13000
5800
5100
7900
5200
5200
6500
5100
6300
9400
5100
4900
5100
5600
5000
36900
6200
17900
6900
5600
5400
5400
5300
5400
8300
7800
5800
9200
8300
5400
5100
16100
15300
8800
6600
5900
5800
5700
7000
5600
5700
5700
9100
5900
6100
37900
5100
4700
4300
9100
5000
4700
4800
8500
4600
10500
4800
15700
4900
11700
5300
5000
4800
14200
4800
4400
4500
4800
4500
4700
4600
4800
4800
7000
6000
5200
5000
5900
5400
5000
5400
6100
5300
5800
6900
5500
5700
7800
5500
7400
5300
7800
5400
9300
5600
5300
5200
5100
6100
5000
5200
8700
5700
8000
5700
5600
6000
5800
6600
5800
5800
5500
30100
6200
5600
40100
5300
6500
5000
7900
4700
4700
4800
4700
4600
4400
4500
4000
3900
9600
10200
4900
4500
4400
4400
4600
4900
4800
4600
4700
4700
6000
4700
6900
5900
4800
5000
5200
4800
4900
5300
6200
5300
5200
6000
5100
5000
7200
13600
6900
5700
6900
5400
7000
5400
5300
5700
5200
13400
5300
5600
16700
5900
8000
5800
5700
8900
6700
5800
5600
5500
5300
7700
6400
5700
32300
4800
7200
4800
4800
5100
5400
4600
4500
7400
4300
4500
4600
4800
9600
4800
4700
4700
4500
4300
4700
4600
4800
4200
2900
2600
4000
3000
5300
5100
8300
4800
6300
5000
4700
4800
4800
4500
11200
4900
4800
4700
7600
5600
6800
5400
6900
6300
9900
5300
5300
5200
5200
5500
4700
4900
8100
5600
7700
5500
5700
5400
5400
5500
5500
5500
5400
10400
5400
5400
29800
4600
12400
4500
4400
4100
4600
4400
4300
4100
4300
4400
4400
4400
8400
11600
5400
4900
4500
4300
4800
4400
5000
4500
4500
4400
5600
4400
5600
4800
4600
4600
6300
8200
4800
5100
4800
4600
4600
4700
4800
4600
7000
6600
5100
5200
5200
4600
4900
5300
6500
5200
5200
6300
5000
5000
7800
5400
8400
5000
4900
5200
5900
5300
5400
5300
5300
7300
5100
11400
30400
4500
6900
4600
4600
4500
5300
4200
4600
4800
4200
4300
4400
4500
7100
5400
4400
4600
7600
4300
4300
4000
4400
4300
4000
4100
5100
4500
6000
4800
5600
4600
5700
4800
4700
4600
4500
4600
5000
4600
4800
4600
6400
6300
5200
5100
5000
4800
4800
5000
6800
5300
5100
6200
11300
5300
8600
5500
7500
5600
7200
5300
6900
5300
5300
5300
5200
5500
5400
5400
30700
4400
6500
4500
4400
4400
4200
4100
7300
4000
3500
10000
4300
4200
20600
4700
6400
4500
4700
4500
4300
4400
4400
4500
4800
4500
5200
5700
5700
5000
4900
4900
7000
7300
4800
4600
11300
4800
4700
4500
5000
5100
6200
6400
4900
5200
5000
5400
5000
5100
6800
4900
5100
6700
5000
4800
6800
5500
7200
5300
7000
5300
6900
5500
5400
5900
8400
17200
5400
5300
29900
4800
6600
4300
4300
4500
4600
5500
6400
4100
5300
6300
10900
4500
16500
13800
5600
5700
5900
4800
5100
5000
4900
4900
4800
6600
5100
4800
8400
5900
24300
7100
5400
6100
4300
5500
3500
2900
5400
2900
3000
3100
5900
4600
4100
3300
4100
3300
4200
3600
3500
3400
3100
3000
3000
3200
6300
3600
7400
3600
3300
3400
4700
3400
3400
3500
4600
3300
3200
3400
21500
3100
3600
5100
3000
5500
2700
2600
3600
5600
5300
5400
4600
4700
8000
6000
16500
57200
6800
9700
7500
6100
14200
7300
8000
13200
7200
7700
16400
20500
7900
7100
8500
7500
7000
7000
6600
8100
7100
6700
6800
6800
12900
9600
10200
11000
10700
7700
13300
7700
8600
7700
8400
8600
8500
8400
17500
10500
12800
10800
9600
10500
10100
9500
10100
8900
9200
20600
11200
11900
47000
11200
10200
13300
10700
15700
9900
8200
8300
19600
13800
11200
8200
8200
9400
4000
3900
4700
3800
3600
4200
3900
4000
3600
3600
3800
4500
3700
7200
5300
5400
5400
10500
14900
7200
2800
2800
3000
2700
11800
3000
2800
11000
4300
4700
3200
4100
3300
4700
3100
2900
3100
3100
2800
2800
3200
6200
4200
4400
3500
3100
3500
3200
3300
3200
3400
3300
3100
3000
3400
24800
2800
3000
6100
2900
4900
2700
3000
5300
4400
4300
4300
2700
2700
6700
2800
2500
6800
2600
2700
3200
2600
3300
3400
2400
2700
4100
2500
4300
3900
3100
3000
4200
3000
2700
2600
2700
2900
2700
3600
7900
2600
3900
2900
4300
3200
3000
4200
3000
2900
3500
2900
3000
3000
3000
3000
6000
10700
4700
3300
3300
3000
3000
3100
3300
3300
3700
3000
3300
3400
18400
3100
2500
4200
2800
4300
2700
6700
2600
4200
4300
4300
2500
2700
7000
2800
2600
2900
2800
2600
2800
2500
2500
2500
2500
2300
2900
2600
4500
2800
5000
3800
4900
4300
4300
4200
4400
4100
4100
5600
4300
4000
6000
4500
6800
5300
5000
6400
5000
5500
5700
5500
4700
11000
6900
5500
11700
7700
10800
5300
7500
5400
7400
5400
5600
5500
5200
5400
5100
5000
29000
4400
4200
7100
4500
7100
5700
4200
4400
7100
7100
7000
9400
4600
7800
4100
4300
5200
4300
4400
4800
4300
4000
4700
4100
4000
5100
5300
17600
4900
4800
4700
6200
4900
4800
4600
4900
5000
4700
6500
5900
4900
6900
5000
11100
5000
5000
7000
4700
4700
5500
4900
5000
5000
5300
4900
17100
10800
8700
6100
7400
5800
7900
7300
5500
18000
6000
5600
5300
5400
36200
4900
8000
4700
4400
4500
4400
4500
4800
4600
4300
4600
4400
4300
14600
5700
5600
4700
6300
5100
5400
4200
4300
4100
4100
4100
4500
5000
8000
4700
4700
13300
4700
4700
4700
6300
4500
4500
4600
4800
8300
4500
7400
5500
5000
5100
4800
5100
5100
4900
5200
4900
7300
4900
5000
5100
8200
5700
5400
5400
5300
5700
5400
5200
6000
5400
5700
5700
5500
5600
71500
10100
5200
5100
4900
7800
4500
4500
4900
4700
8100
4700
4600
4600
16100
6100
4500
4800
4400
4100
5100
4300
5400
5400
5000
4800
5200
3900
7800
5400
5700
3900
6500
5500
4700
7400
5000
5600
5100
5200
4900
5100
7900
5700
5700
5900
5500
5600
5300
6100
6200
6100
7900
6000
5900
5400
8800
5900
6200
6200
8600
6500
6100
6400
6100
5800
6000
6300
5800
5900
40200
5900
4800
5000
4400
4500
4400
4200
4400
4300
7100
4700
5000
4500
8600
5100
4400
4300
4500
4200
4700
4200
4900
5100
4300
4300
4600
4300
5500
4700
4700
4600
6200
6200
4800
4800
4800
4800
4800
4500
5300
6200
7200
6300
5100
5200
5300
5300
5500
5800
5100
5000
12900
5400
5100
5100
8900
6000
7900
5300
5800
5600
5700
5000
4900
5400
5300
5100
5000
5400
28300
4600
4300
4600
4400
4100
4900
4400
4400
4200
6700
4400
5000
4900
8200
4700
4100
4200
4300
4200
4500
4300
4700
4000
4100
4200
4100
3900
5300
7100
4800
4600
5700
5800
4400
4300
4600
10000
4700
4500
4800
6200
7800
5100
5900
5200
5100
5200
5100
6700
5200
5400
6300
5100
5800
5000
8400
5400
5900
5800
5800
5600
5500
5400
5600
6400
6500
6000
6100
6100
33400
4700
4400
4500
4500
4300
4200
4600
4300
4000
6700
4500
4400
4600
7900
4400
4100
4100
9700
4000
4400
3900
5000
4100
4300
4100
4100
4500
5200
4500
4400
4800
5900
5600
4400
4400
4400
4500
4700
4500
5100
5800
8700
4800
5000
5000
4900
5000
4700
6600
4800
5100
4900
4900
4900
5400
7400
5600
5500
5500
5300
6500
5600
5800
5300
5400
8000
5500
5200
5600
36900
4600
4400
4900
4300
4300
4200
4400
4300
4200
6700
4100
3900
4300
8200
4900
4300
4200
4300
4100
4500
4700
5000
4100
4200
4200
4300
4100
5300
4700
4700
5000
5700
5800
4700
4500
4500
4800
4500
4700
4800
6900
8300
5200
5200
5400
4900
4800
5000
6800
5600
5000
5200
5000
5000
4600
16100
17600
5600
5500
5500
6200
5200
5200
5400
5600
7800
5500
5400
6300
33900
4900
4700
4600
4400
4400
4200
4300
4700
4900
5100
4700
4600
4800
8000
5500
5400
4400
4400
4300
4800
4500
4200
4300
4900
5000
4300
4200
7600
4600
5000
6000
4900
4600
5000
4900
4600
4600
4700
4900
6000
4900
12500
5300
5300
5600
5200
6900
7200
7000
5200
5300
7000
5400
5200
5600
8600
5800
5600
7600
6100
5400
5300
8600
5500
5600
7600
5600
5600
5600
35400
7500
12600
5000
4500
4600
4600
4300
4000
4700
4700
4500
7700
5400
8700
4300
4300
3800
3300
15700
4700
4500
4600
4400
7000
4400
4500
8400
7600
5000
5100
6600
4800
4900
4600
4700
5100
5400
4800
5000
6700
6200
21200
5600
5200
5900
5700
7000
10800
7500
5500
22900
8700
5500
5100
4800
7800
4800
5000
7200
5200
3400
3500
6900
3500
3400
6000
3400
3500
3600
20900
4600
4700
3200
3200
3000
2700
2700
2800
3000
2800
2700
11400
3000
8200
2800
3200
2800
2600
2600
2700
2800
2500
2500
2500
2500
3500
3100
3400
3800
2900
2800
2900
2800
3600
3100
2800
2800
7200
5700
4700
3600
4400
4800
5200
4900
4900
18800
7500
8100
5700
5500
6600
5700
5500
5900
26200
6300
7600
8100
6000
5500
5400
9400
5600
6100
7500
5700
5500
5500
21600
7400
7500
4900
4400
4500
4500
4300
4100
4500
4800
4600
7200
4400
8000
4600
4900
4300
4000
4100
4000
4000
3900
6100
9500
3900
3900
4800
5600
5600
4800
4700
4400
4500
5900
4300
4300
5300
5700
5500
4600
4500
8100
5100
5300
6900
5200
5600
4900
4900
4800
5000
4900
5200
7100
5400
8800
5600
5600
8100
5500
5300
6400
8100
5400
5300
8600
5800
5500
6800
23700
8400
8500
4700
4400
4600
5900
4200
5400
4400
4300
4200
8100
5700
8100
4200
4800
4300
3900
4100
4200
9200
4100
3900
3900
4100
4400
4800
5000
6200
4500
4600
4500
4500
5400
4500
4800
4400
5700
5800
4500
4600
8500
4900
5900
7600
5200
5800
4900
5300
5200
4800
4900
5300
7000
5400
7400
5300
5300
5300
5600
9600
5500
12500
5400
5400
7800
5500
5500
5700
27800
18800
7600
5100
4600
4600
4500
4700
4400
4500
4500
4600
7500
4600
7000
4600
5100
4600
3800
4300
4300
4300
4700
4000
4200
4000
4000
5000
5200
5700
4800
4400
4500
4500
10900
4900
4500
4600
12300
7800
4900
4700
8500
5700
5400
7300
5500
5200
4800
5100
5500
8000
5000
5400
7100
5000
9200
5600
5100
5300
5500
7100
5300
7700
63500
7400
9200
6300
6100
7000
41200
11800
3900
6200
3500
3000
3200
5700
2900
2900
4900
2900
3100
3100
8700
2900
2700
3200
2600
2700
2500
2800
2500
3100
2800
2700
3000
2900
4000
2900
2900
3700
2800
2800
2800
2700
3700
2900
3500
3400
2900
2700
4400
3200
4100
4300
3000
3700
3000
3000
5400
4100
4100
4100
5000
5000
7700
3500
3500
3300
4400
3300
3300
3400
4400
4000
3100
3200
4300
3200
16600
6200
2800
2900
2700
3600
2800
2800
2500
3800
5300
2700
2700
2600
8300
2800
2600
2500
7200
2600
2600
3100
2800
2600
2500
2500
3200
2700
3800
3000
2700
3400
2900
2900
2800
2700
3300
3100
3900
3600
2900
2700
4400
3000
2900
4500
3000
3200
3000
2900
3000
4100
2900
4100
3800
4100
6300
3300
3600
3400
3300
3200
7200
3300
3300
3400
3300
3300
3200
3300
11700
3400
2700
2800
2600
2800
3200
2800
2500
2600
4200
2700
2800
2600
6100
2900
2700
2600
2600
2800
2700
3200
2800
2700
2700
2600
2600
2500
3600
3000
2800
3800
2800
3000
2700
2700
3000
4100
3100
2800
3500
7000
4300
3000
3000
4100
3000
3000
2900
3200
3000
4000
3000
3700
4000
4000
6100
3300
3200
3200
3400
3400
3300
3400
3200
3200
3200
3400
3200
3200
10500
2900
2800
2600
2500
2700
2600
2800
6600
2600
4200
2600
2600
2800
8100
2900
2600
2900
2700
2600
3200
3300
2600
2600
2500
2600
2600
2900
3400
3100
2800
3700
3000
3000
2800
2800
2700
4200
2900
2900
3700
3000
3800
3000
3100
4200
3200
3100
3000
2900
4200
3200
4400
4300
3100
4900
10200
3500
3300
3300
3300
3400
3200
3400
3200
3500
3100
3200
3200
3400
11200
2700
2800
2500
2500
2500
2800
2500
2600
2700
4200
2800
2600
2500
6600
3000
2500
2600
2500
2600
2700
2900
2800
2600
2500
2900
2600
2500
3300
2800
2700
3800
7300
3000
2700
4200
2700
3600
2900
2800
3500
2900
4300
3000
3000
3900
3000
3000
3000
2900
3700
3200
3700
3900
3600
2900
4800
3300
3200
4400
3200
3100
3100
3400
3200
4600
3300
4400
5000
4400
15300
2800
2700
2500
2700
2500
3200
2500
2700
2600
4100
2900
2500
3300
5400
2900
2800
2900
2600
2600
2600
3000
2800
2400
2600
2600
2600
2500
3200
2900
2900
3400
3000
2800
3000
2800
2800
3800
2900
2800
3600
2900
4400
3200
3000
4100
2900
3000
3100
3100
4200
3100
8100
4100
3100
3000
4900
3800
3300
4500
3300
3200
3100
3400
3200
4800
3200
4500
4500
4300
10900
2700
2600
2700
2900
2900
2600
2600
2600
2700
7300
2900
2500
2700
9400
3000
2700
2900
2700
2600
2600
2800
3500
3200
2700
7700
2700
2700
4100
3100
3800
3600
4000
3100
2800
3900
3700
3200
3000
2900
2900
3000
4500
3300
4600
3300
3300
4600
3100
3200
3400
4000
3200
3100
4500
3300
5000
3500
3400
3500
3400
4800
3600
3400
9100
3700
3400
5100
3300
3300
9500
2800
3000
2700
4700
2900
3000
4700
2700
2700
3000
3300
2800
2700
7400
2900
2700
4800
2800
2900
2700
3700
3000
3200
3200
2900
2700
3000
3800
3100
4200
3700
8200
3000
2800
3800
3900
3100
2900
2900
2900
2900
4400
3200
4500
3600
3100
4500
3100
3100
3200
3100
3200
2900
4700
3400
5000
3400
3200
3400
4000
4900
3400
3300
4800
4200
3300
5000
3200
3300
13500
2700
3100
2700
4500
2900
2900
4600
2700
2600
2800
2900
2700
2600
6900
3500
13900
8400
2800
2700
2800
4300
2700
3300
3400
2700
2700
3100
5200
3300
3000
2900
2800
3000
4600
3500
4000
3900
2800
3800
2900
7000
4500
3300
4500
3300
3100
4400
3100
3300
3100
3100
3200
3000
4300
3400
4600
3600
3500
3400
3800
4900
3400
3200
4600
3700
3300
5400
3200
3900
8900
2700
2900
2700
8700
2900
2900
4500
2700
2700
2800
2900
2600
2900
7400
2900
2800
3400
2700
2700
2600
2600
3000
3100
3100
2600
2700
2900
4300
3000
3000
3200
2900
3200
2800
3400
3900
5600
2900
3700
3100
3400
4000
3200
4300
4100
4300
3200
7500
4200
4400
3200
3300
3100
3100
3300
4500
3600
3300
3500
3300
5100
3300
3300
4800
3600
3200
5700
3200
3300
9200
2800
3000
2800
4600
2900
3000
4500
2700
2700
6900
3000
2600
3200
6500
2900
2800
3200
3000
2700
2800
2600
3100
3100
3200
2700
2800
2800
4500
3000
3000
3100
2900
2900
2800
2900
3700
3800
3100
3700
3100
2900
4000
3200
4600
4000
4300
3200
3300
4000
4300
3200
3300
3000
3100
3200
8400
3500
4900
3500
3900
5100
3500
3300
3400
3600
3500
3200
5100
3500
8700
2800
2900
3000
4500
3000
2900
4500
3000
2700
2800
2800
2700
2700
6800
2800
2700
3200
2900
2600
2600
2800
2600
7400
3000
3200
2800
2800
3900
3000
2900
2900
3200
4200
3900
2900
5200
3500
3100
3500
2800
3000
4000
3300
4000
4100
4300
4600
3100
4200
4400
3200
3200
3100
3100
3200
4500
3400
4800
3700
4600
9200
3300
3400
3700
3300
3300
3400
4700
3400
9100
3100
3000
2900
2700
4600
2700
4200
4500
3000
2900
4600
2600
2700
11300
3000
3000
2900
2900
3000
3400
3300
3000
2800
24500
24400
7300
7900
8400
6600
15300
6900
6100
6400
5700
5800
7300
5400
5800
4800
6800
6100
9500
7400
5900
5700
6000
5600
5000
5200
5500
5300
5400
7800
7200
5400
8000
5800
5800
5500
5900
8500
6000
5600
5800
8700
5900
13300
5600
8200
18900
5000
4600
9500
8100
4900
7800
5700
4800
7800
5100
8400
9000
4700
11400
5300
4900
4200
4000
4200
3900
3900
4000
4100
11200
5700
5000
4400
7200
5900
5900
5900
4800
5400
4700
4700
5500
4600
4800
4600
5400
4500
9100
5300
5500
5100
6300
5200
5100
5000
5500
5500
5000
7400
7000
5200
8000
5400
5600
5400
5300
14600
8400
5800
5400
8300
6200
6100
7400
8100
16600
4700
4300
8500
7500
4400
7900
4300
4600
8100
4600
8000
15100
4800
11300
4700
5700
4600
4600
4400
4400
4400
4400
4500
4500
5900
5600
4400
16000
4900
5000
11000
5200
5100
7200
6400
7300
4700
4700
7000
4800
4800
9400
5800
5800
7900
5300
5200
5500
5200
5300
5700
5500
7900
7700
11300
10800
5900
6300
5500
5600
8400
5900
5600
5600
9200
5600
6300
5500
8800
16500
5100
4500
7900
10600
4800
8000
4700
4700
13500
4800
7800
10800
4900
12000
5000
5700
4600
4200
4300
4200
4100
4500
4300
4300
4800
4800
4400
5400
4600
4900
5000
5000
4900
6400
6400
5100
5400
4800
6000
4700
4500
8200
7500
6900
6800
5900
6700
5300
5200
7300
5000
5200
5300
7100
5600
7800
5400
5700
5900
5800
8400
8400
5900
6900
8500
5600
6200
6000
8500
17100
5100
5100
8300
8900
10900
8300
4900
4600
8300
4900
8000
9700
4800
11400
6000
5400
4900
4200
4600
5100
4900
4400
4500
4100
5300
5000
4800
6100
5600
5200
5100
5200
4800
6800
5900
4900
5600
7100
6000
5300
5100
8300
13700
7800
8400
7600
6800
5500
5100
7000
5400
5300
5200
7800
6200
12000
7600
6900
6300
5600
5900
6200
6000
6400
6500
6800
10100
9300
6400
18600
7400
5100
9700
10400
6500
9200
6000
4700
9700
6600
10100
11700
6400
12700
5800
7200
4900
4900
5100
5000
4200
4500
5800
7300
6400
6500
6500
6700
5900
7400
5800
6000
6100
9500
14100
6200
5600
5900
7000
6000
5400
9800
10000
9100
8700
6400
8000
8300
6300
8100
5900
6000
5700
14600
6200
12500
6200
6200
6100
6300
6200
5900
6000
6100
6200
6000
10500
9000
5900
19800
5100
5000
4900
5100
8600
7000
5300
5000
9800
5300
11300
4900
9100
