775400
34900
24200
102200
24200
19200
18900
17800
21800
29900
21100
22200
922600
26100
44200
25300
42800
23400
35300
38500
26000
43900
31700
24800
36400
34100
35600
25300
70700
29200
27700
27600
30600
34100
29100
29400
29300
31100
59000
35300
55900
27000
50000
32900
60400
37400
29500
37500
31100
31800
30500
31100
28500
53400
31400
31000
54100
28400
25300
23000
20100
19600
21400
19800
19900
21600
21300
19900
21900
19400
15300
16600
11600
11700
11600
11200
14800
12900
14100
12600
20800
14900
11400
24800
21200
22500
25900
15400
25400
16600
14800
21600
15800
13800
23400
18300
20300
14500
51600
16100
14300
15300
31900
17800
15000
15800
14000
14000
31600
16000
26700
15600
41600
18700
30700
17400
15400
15600
14900
17500
15000
15600
14300
36200
24200
15800
34400
32600
17400
17400
16300
15800
15500
19000
17700
15800
16300
15400
15200
15300
11000
14400
10200
8700
8900
8700
8700
8900
11800
10400
9200
8500
10600
30400
20400
17800
16400
35800
18900
22800
16500
15100
22700
45400
18900
17000
16500
17900
54700
21600
33600
18800
16700
33400
18200
19600
18700
17000
44800
29800
33000
14800
27800
15300
42200
21400
19000
19000
19300
25400
19700
21000
24200
41500
20500
19600
35100
27400
22100
25900
21700
21600
19900
21300
23700
20800
21400
21700
20900
20600
12600
16900
24300
11800
12000
10800
11100
14600
38000
19000
14000
12800
13300
34100
18000
17200
36000
53900
18200
20000
16000
13500
15500
36600
20900
15100
18200
24700
23500
17100
32800
20100
26800
21500
17200
29100
30500
17000
28900
19100
25700
18600
35200
19700
39500
27700
20600
18700
17700
22600
18200
18500
19100
39200
21300
23800
38000
23700
14200
16800
15000
13900
18800
18800
19100
18800
27200
21000
20800
20400
11900
14500
7500
7200
8400
7200
7000
7200
9300
9900
18100
9900
10100
16100
16400
15300
13700
25800
15200
19400
15400
13600
15000
20100
13600
14500
13000
17200
20500
14000
24100
14700
21300
20700
13400
22600
15600
13000
20700
21200
23400
16700
35700
25800
25400
23100
17900
15600
15300
19200
14700
15500
28500
18700
28600
17400
41800
26800
21500
27900
19100
18500
17700
18400
17800
17500
18500
17600
17700
17600
10200
13300
12400
8100
8600
7800
7700
7600
12500
10100
10400
8200
21000
11200
13200
11900
9500
18600
12700
13400
10500
10000
12300
14700
64500
11400
8600
8300
18200
10000
21400
11400
14700
14600
8900
15900
8800
8500
12500
11800
8600
5700
18800
7200
6100
5800
5400
5500
5700
11100
10800
13000
19800
10700
17700
10400
15600
25100
22800
45300
14900
11900
10700
10600
9700
10900
10400
22700
11800
10800
59500
25400
25100
29700
23600
22400
68300
26500
19700
24200
23300
24000
24900
23800
21500
17700
17700
18600
25900
23900
22700
18600
18600
18200
27900
22900
10300
11000
18900
14000
24500
10400
10800
10300
11000
10200
9900
10100
11100
22400
12500
11400
13100
10600
17900
27500
38000
12000
35700
11800
11900
10600
33800
21000
12600
27000
144400
34800
10100
8300
7500
8500
7600
7400
7500
13700
7800
23300
19700
9500
15800
20700
11200
16800
10300
9100
13700
9100
8900
8800
8500
9200
14200
16100
11600
9900
9300
18000
15900
12700
9500
10600
9700
10000
16700
16000
9900
10800
23900
11300
11300
11300
11300
11500
13300
12100
11500
11600
13300
27000
12700
14700
34500
17900
16900
11600
11000
9600
48100
16800
12200
11700
14900
11100
11900
14800
135700
20300
9400
8200
8500
8100
7700
7500
7600
8100
7700
14200
15800
7700
19700
10400
9200
10500
9400
9400
10200
10100
8900
8700
8700
9000
10100
8800
21200
10700
11300
13400
9900
9200
11800
9500
9300
9500
14500
10700
12400
10800
13400
13200
10700
19100
10600
10200
10400
10200
10300
10700
10300
14100
10400
10500
14500
10500
15800
51500
10600
12900
17100
11500
11500
11100
14500
11600
14200
29000
91500
11400
10000
5200
5300
6500
5200
5200
5100
5400
5000
8300
8000
5200
9900
6500
5800
6700
5900
5800
6400
6600
33500
9600
4800
5200
5600
11300
11200
4300
4300
7900
4900
4100
6700
4600
4100
4100
5600
5100
5300
4300
5600
4500
4400
4800
7300
4700
4900
4500
4600
4300
6500
6900
4400
4600
6400
11200
5700
5800
5200
5100
16700
6900
4800
5000
7000
4800
4800
11600
73300
8300
4300
4600
5800
4400
3900
4200
4200
6700
4300
7000
6900
3900
6700
5200
3900
5100
4400
5700
4400
3900
3800
3900
3800
3900
5500
3800
6000
4200
4600
5600
4500
5200
5500
4100
4000
4200
10400
6200
7100
4100
5700
5400
4500
4700
6400
4700
4500
41200
11800
8000
13500
14700
7700
7500
10400
8200
8400
8000
7600
7900
7800
7500
7800
7700
7600
12600
8800
7900
128100
20900
7500
6700
6700
7200
6500
7000
6900
7200
8800
12600
11700
6800
8700
7000
6000
7200
5900
5700
8700
5900
5700
5800
5900
5900
7000
12900
9800
6700
6300
9200
6500
6100
9200
6300
6200
6400
9400
6500
8900
9200
9000
6700
11800
7100
10800
7600
6700
7300
7100
6700
10200
10400
6700
7100
10800
7800
8300
7300
7800
7500
7300
7500
7500
7400
7500
12800
7800
7900
44200
7000
6400
6300
7500
8900
11400
6900
6500
10900
12400
6700
9400
11800
27500
27200
5300
6100
4900
5000
4900
5000
6100
4900
5300
5100
4700
6100
10700
5600
5300
5200
10600
5500
5500
5200
5200
6600
5300
5300
5300
5300
8900
7000
10200
6100
7700
5600
7000
6100
5800
5800
5900
6800
5800
5700
9600
7500
6200
7200
32500
11000
6600
6000
7100
6300
6100
12400
6400
6500
41600
12100
5400
5200
7300
10400
12400
5200
5400
9300
11500
5100
5100
5000
11300
5000
4400
4900
5900
4500
4300
4900
4200
7000
4300
5800
4500
4200
11000
8200
5000
4900
6400
8300
4900
5600
4800
4800
7700
5000
4800
4900
8000
5300
10000
5300
8900
5200
5400
5100
6500
5200
5800
5000
5000
6100
12900
6100
5700
5800
8600
6300
6400
5800
5700
5900
6100
9400
6100
5800
34400
10100
5400
4800
4700
8800
8400
4700
5200
11100
8200
4600
5800
4800
6900
5200
4500
5700
5000
4900
5000
5000
4400
4500
4600
4400
4400
4300
10600
5100
7200
4900
5200
5000
5300
5200
6100
5100
5400
5200
5000
5100
7200
6000
9500
5300
10500
5400
5700
5200
5600
5600
5300
6400
5500
5700
8300
6100
5900
6100
8900
5800
6200
5900
6300
6400
6400
10500
6400
6400
37100
10500
5500
5800
5200
13300
9000
4900
5000
10900
10600
5200
5000
4900
7200
5500
4400
5300
5900
4700
4300
5600
5700
4600
4500
4900
4800
4800
6100
5300
5900
6500
5300
5300
5300
5600
5200
5300
5300
5300
5000
5200
10600
4400
6600
5000
22200
11400
4900
4800
4900
5600
4700
4700
5300
9800
23100
5800
5900
5900
11800
5700
5600
5300
5600
9100
5600
8600
5800
11200
55100
10900
4600
4500
4400
8500
7800
4300
4500
7600
7500
4500
4700
4400
7800
5700
4600
5500
5400
4700
5300
5300
4600
4600
9300
4400
4600
4600
6800
4800
4800
4800
4900
4600
5700
5100
5000
4700
9000
6600
4700
5000
14400
5400
5600
5700
7800
8600
5500
5300
5200
5400
5500
5200
5000
5200
8400
5900
9800
5800
5600
5600
5600
5500
6400
5500
5700
5100
4900
5300
36400
20100
4800
4300
4400
8300
7600
4400
5300
7300
7400
4300
4500
4500
14700
6100
4400
10300
5800
5500
4700
5800
4700
4100
4500
4200
4400
5000
6300
5000
4900
5000
4800
4900
4800
5200
4700
4700
4800
5200
5000
4800
10600
5500
6000
5200
12900
5200
5200
5300
5500
5400
5200
5400
5500
5300
8000
5700
11200
6000
6200
8600
7200
5400
5800
6200
5600
5500
5800
5500
33600
4600
4700
4600
11600
4900
4900
4600
4500
4800
4400
11900
6800
8400
12400
5300
4900
6000
4700
4600
9800
4800
4600
4700
4600
5500
4600
4800
6600
4900
4800
4800
5000
4900
4900
4800
5200
5300
7200
5300
5000
5200
10600
5400
5400
5200
5200
7300
7200
5400
7900
5200
5400
7800
5300
5300
8700
5500
5800
5800
8000
5600
5500
5600
6200
5800
5700
9900
8300
5900
40500
5000
4500
4600
4600
4400
4500
4700
4900
4600
8000
4600
7800
4700
8600
5800
4500
4500
4300
5100
4600
4200
4400
4800
4200
4800
4700
6200
6600
5000
4700
4800
7100
4900
4900
4500
5200
4900
6400
4900
4900
4600
7000
5300
5300
4700
4900
6800
6700
4900
5000
5200
5400
13000
5200
5200
8300
5400
5400
5600
8400
5600
6400
5100
4900
4900
5800
11100
8100
5500
35500
4900
4300
4800
4200
4200
4200
4600
4600
4400
8100
4400
7500
4600
17800
4600
4200
4300
4400
4900
4500
4400
4400
4300
4300
4500
4600
5100
11200
4600
4800
6100
4900
73700
12700
5900
4900
12200
6100
8500
5200
6700
8400
5600
6000
5600
14200
9300
7100
5100
5200
4700
5100
6700
5200
5100
8400
5200
5500
5600
7800
5400
5700
5900
5100
5900
5600
11300
8800
6000
32100
6500
4500
10500
4400
4100
4300
4200
4500
4500
8500
4200
8000
4600
8900
5000
4300
5300
4400
4300
4100
4700
4400
4500
4300
4400
4500
25800
8100
4800
5100
7900
4900
5000
5100
4800
4900
5000
5300
13000
5000
6100
7100
25000
5600
4900
5600
4900
5100
4900
5100
5000
7400
4900
4900
5200
12900
5400
5700
5500
7600
6100
5200
5400
5100
5700
5200
9100
9000
6100
31700
4500
4800
4100
4300
3800
4600
4100
3900
13500
21100
4600
7700
5000
8000
5600
4500
4200
4600
4400
4200
4300
4600
4800
4800
4600
5200
5800
6500
5000
5000
12300
4800
4800
10700
5100
4900
4800
5300
11300
5000
6200
6500
5200
4900
4900
5000
5700
6200
5000
4900
4300
7200
3300
3100
3200
5300
3300
3400
3500
3400
5000
5000
3500
3400
3200
3400
4700
3300
3700
24000
4400
4800
8000
4300
4300
4600
4300
4800
4300
13000
4500
8000
5100
7900
4600
6500
4800
5100
4400
4200
4300
4300
4600
3900
4300
4600
29300
4800
3200
3100
4100
3000
2800
2800
3200
2700
2800
2900
3900
3000
3500
4300
3400
3300
3200
4800
4900
5000
5500
5000
5500
6900
5100
4700
5000
6900
6800
5600
5400
5000
7500
13600
5700
5600
5700
5800
6800
8900
5400
28200
4500
4400
4300
7000
4100
4300
4200
4400
18500
4200
8800
6100
4500
13200
5300
4500
4400
63400
5000
3900
5300
3900
4700
4200
4600
9600
6900
18700
7700
7600
7500
8000
7800
8000
8100
7700
7800
12700
15400
7900
8200
15400
9100
13900
9800
9500
10200
9700
24600
13600
9100
13800
15700
9400
12000
18800
11100
11400
10600
11200
10800
11100
11600
10900
15700
11100
10800
14600
10800
40800
11400
16200
11700
11600
11400
11400
11400
11300
16500
11000
11700
11300
15300
27900
7600
6400
6000
7600
6300
7500
6000
6200
6100
16500
5100
5000
4900
23500
8700
5900
5500
5200
5300
5500
5300
6400
5400
5400
7200
5600
4900
11300
5800
8600
10900
5700
5800
6500
6100
5700
5700
8400
8000
6200
11600
12400
7100
6300
6300
6800
6400
6300
6200
6500
9800
6400
6000
9500
6500
39300
5800
5400
5700
5300
5300
6100
5100
5100
9000
5500
8300
5700
10000
10300
6700
4800
4800
6600
5100
5300
4700
6100
4900
4600
4700
4600
6100
6100
5600
6700
5500
7900
5500
8100
8100
5400
8100
5100
5100
5500
8400
15800
9000
10800
5400
5400
10900
6100
5300
5300
5600
7800
7900
5500
7500
12500
6000
6800
6200
5900
5700
5800
5500
5900
9100
5700
5400
17300
5900
33100
5400
4800
4700
4800
5000
4900
5100
5000
8500
4800
4500
8100
13000
10500
5900
4800
4400
5500
4600
5400
4400
5500
4600
4200
4400
4000
4300
5700
5300
6500
5300
9700
5700
6200
6700
5200
6800
4700
4600
4600
6700
10100
5500
5400
5700
5500
5300
4800
5200
5400
5500
5100
8200
5100
9900
11500
5800
5600
6000
5600
5900
5700
6000
5800
28200
7000
5600
8900
5900
36900
5600
4900
4400
4500
5000
5000
4600
4500
8300
4700
4500
4700
7200
10100
5400
7100
4700
5600
4700
10000
4400
4300
4100
4300
4200
4200
3900
5800
5000
5200
4500
6500
5000
4800
6000
4700
6500
5200
4600
4700
6200
8700
5300
5100
5700
5100
7900
5300
5100
5100
5400
6100
8700
5500
5300
11400
5700
7900
5500
5600
5500
9100
5700
6200
5300
8200
8200
5600
7700
31200
4700
5300
4800
4700
4600
4700
5300
4800
8200
4600
4200
4700
8000
13400
4900
5300
4400
5000
4000
4500
4200
4100
4000
3900
4000
4200
4500
6200
4700
4700
12000
6000
4700
4700
6200
4800
6300
4600
4900
4500
6100
9300
5500
5100
5300
5200
5800
5700
4900
5300
5400
5300
7600
5200
5100
21300
5600
8200
5700
5500
5900
5700
7400
5600
6000
8200
7900
6000
7900
39300
5100
4600
5000
5200
4800
5000
4700
4800
7900
4600
8300
10300
4500
12800
5100
4600
4500
5400
4800
4800
5100
4600
4600
4100
4000
4300
5200
7100
5000
5400
4700
5300
4700
4500
3400
4700
4900
4700
4900
6500
5100
6800
5300
5100
5100
5000
5000
7200
5000
7500
5300
5000
9300
5300
5200
9100
6000
5700
6100
5700
5800
10300
5600
6200
7400
6200
5500
5400
7500
33600
5000
4800
7000
6100
7200
7100
7000
185000
19200
27600
13800
6300
5200
13000
9800
4800
4400
4100
4200
4400
11800
4400
6000
5800
5400
4200
4400
6600
5100
5200
8600
4500
8600
4700
4400
4300
5100
5300
5000
5900
4700
6700
5200
5500
5200
4700
4900
6400
4700
6200
4600
4200
4900
4800
5000
8100
5400
3600
5000
3500
4400
4800
3600
3700
4900
3600
3600
3400
4800
26200
3000
3100
6500
3900
4400
11600
4300
2900
2800
4300
12400
3100
3700
9000
3100
4800
3100
2800
2800
2700
2700
3000
2600
3300
2800
2900
3100
3400
3200
3000
3100
3600
3100
3000
3000
2900
2800
3000
3100
3500
3500
4700
3900
3400
4700
3200
3300
8100
3400
4500
3300
3100
3200
3300
3500
5200
3500
3400
3700
3400
3400
4500
3700
3500
4500
5900
3200
5300
4500
17800
2800
2600
3800
17200
4500
4200
3900
2800
3000
2900
4900
2800
6100
11900
3400
3000
3200
3000
2800
2700
2900
2800
2900
3400
2800
2900
2800
3500
3200
3100
3000
3700
3100
2900
2900
5000
3200
2800
3200
2900
4500
4300
3500
3600
5200
3500
3200
3900
4800
3400
3100
3200
4200
4400
3300
5300
3600
3500
3700
3600
3500
4600
5400
3500
4400
3800
3500
3800
9700
26000
3600
3500
5200
4200
4400
3900
4400
3200
4200
3100
5900
4600
3600
10500
3200
3200
6900
2700
3600
2700
2400
2600
4300
3500
2700
2700
2500
3300
4800
3100
3100
5000
2900
2700
2800
2900
2700
2700
2800
2900
3500
6800
3100
3100
3500
3900
3100
3400
3200
4700
3100
3000
3100
4500
3100
4400
4600
4500
17400
3500
4300
5500
5200
9100
3700
3100
3300
4000
3200
16200
2900
2500
15900
3700
4200
4100
4200
2900
3100
2800
3700
2700
2700
7900
3000
4300
2900
2700
2700
2600
3700
2700
3600
3600
3400
2800
2700
5000
3200
3000
3200
6500
2900
3000
2800
2700
2700
3000
2700
2800
4500
3700
3100
3100
3100
3100
3300
3100
3000
3100
3300
3500
3100
4100
3100
4200
3400
3100
3400
3200
3800
8200
3400
5500
3300
13300
3600
4000
3400
21000
3100
3000
2800
3900
3800
4100
2800
3000
4300
2800
2800
2700
17000
9800
3100
3700
2700
3800
3100
3200
3100
2700
2600
2500
2700
2600
2700
5300
3500
3100
3100
3300
3600
3700
3400
6800
3000
3600
2900
2900
2800
4800
3600
3200
3400
4400
3200
3100
4400
3300
3100
4200
5400
3400
3100
7600
3700
3400
3400
4900
3700
4800
5100
5600
3900
7700
3500
4400
3500
17200
6200
3300
2900
5800
3100
2900
2700
18200
3200
3400
2900
2900
5100
9700
3300
3000
3100
3000
2900
3300
3700
3100
2700
2800
2800
3000
2700
8100
3900
3100
2900
5800
3600
4400
3500
5200
3100
3500
2800
3000
2800
4300
3100
3200
3700
4000
3100
3200
4200
3300
3000
4200
5300
3200
4800
8700
3600
3500
3400
4900
3400
4800
7600
3900
3500
4700
3500
3300
3200
16600
5700
2900
2700
5700
4100
9500
3000
5600
3100
3300
3000
2800
6900
8300
3100
3200
3200
2900
3400
3000
3500
3100
2900
2800
3600
2900
9500
3400
3000
3300
3100
3900
4200
4800
3900
3100
3300
3200
3200
3000
3500
4500
3400
3800
3600
4500
3400
11500
6400
3200
3500
4200
5500
3200
2900
8000
3400
3300
3600
7400
3400
5000
4800
3700
3800
4600
3300
3400
3300
13800
5800
3000
2700
5400
2900
3000
2500
5300
3300
2800
2700
3800
5300
8200
3000
2800
3600
3500
2600
2600
6500
3600
3500
2600
2700
2600
2500
3400
3000
2800
2700
3800
3600
3800
3400
3000
4300
3800
2900
2800
3000
3600
4100
3100
3400
3100
4000
4500
4100
4500
3200
3800
3200
3000
3100
6300
7000
3300
3700
4900
3400
5100
4800
3500
4800
5400
3300
3300
3000
10700
5800
2800
2800
5400
2800
2700
5400
5400
2600
2900
2700
2500
4500
7000
3000
2700
2700
2600
2500
2600
3300
2900
2500
2400
2600
2700
2700
3300
2900
3000
2800
3600
3800
3600
3700
3000
2800
2900
2800
2700
2800
4300
4700
4000
3900
2900
4300
7400
4200
4000
3300
3900
3400
3200
3100
4400
3600
3400
4200
4900
3300
3400
4900
3500
3300
18200
6400
3700
3600
10700
7600
3200
2800
9200
3200
2900
2700
6100
2900
3100
3000
2700
4800
7500
3100
2900
3100
2800
2800
3100
3700
3600
2800
2900
2800
2800
2700
3800
4400
2800
2800
4500
3700
3800
3400
3100
2800
2800
3000
3000
2800
4000
4100
4000
7100
3400
4200
4000
4100
4900
3100
4100
3000
3100
3000
4900
3800
3400
3300
4800
3200
3200
4900
3200
3300
5200
17600
3600
3700
12000
3300
2800
5800
4700
3000
5000
4900
3000
2900
6400
3100
3000
2700
9000
3200
3000
3800
3000
2800
2700
3600
3800
3300
3200
4100
2800
2700
4800
3300
3200
3200
4900
3200
3000
4100
3000
3100
5000
3300
3000
3700
6200
5000
4600
4500
3400
3300
3200
10000
3300
4500
3400
4800
4600
3400
5200
3600
3700
3500
3500
3700
5600
4200
4600
4300
3500
5300
3900
5300
12400
5600
3200
5300
3400
2800
2900
7400
3000
3200
4800
2800
2800
3000
8200
3200
3100
3700
3100
3100
2700
2800
2800
4300
2900
3600
2900
2800
4100
3200
3200
3000
5200
3200
2900
3200
2900
3000
4600
3400
2900
3600
4900
4400
3200
3500
3200
3200
3100
4300
3400
4500
3500
7700
4400
3600
5200
3500
3700
3600
4800
3800
5900
3800
3600
3500
3600
5100
3900
4900
11800
5800
3200
4600
3000
2900
3400
4700
3000
3100
11500
2800
2700
2900
8300
3300
3000
3600
3000
3000
2700
2900
3100
2900
2800
3200
3100
2600
3500
3200
3200
3100
3200
3100
3200
3800
3100
4100
3900
4000
3100
2900
6600
4600
3300
3300
3500
3200
3100
4700
3200
4400
3300
4600
4300
3800
8400
3600
3600
3800
3500
3700
5500
3500
3800
3500
3500
5100
3700
5000
13500
5800
2900
4700
4400
3000
2800
4600
2900
2900
4600
3000
2800
2900
7500
3400
3200
3500
3000
3100
3300
2900
3100
2800
2800
3500
3100
2700
3500
3400
3500
3200
3100
3200
3000
4000
3300
4000
4200
4000
3300
3000
4900
3500
3400
3400
4700
3400
3400
3400
3200
3200
4700
3400
3500
4400
6300
4500
3700
3700
3400
3500
8500
3400
3800
3500
3400
5100
3500
5100
12100
4700
3000
4600
3200
3000
2900
4600
2900
2900
4600
3000
2700
2800
7300
3300
3100
3300
3100
4100
4200
2800
2900
3100
2700
3300
2900
2900
3500
3100
3100
4100
3600
3000
3000
4200
3000
4000
3800
4200
3100
3000
4700
3400
3300
3400
4500
3600
3200
3400
3400
3600
4400
3600
3400
4200
4900
5100
3700
3700
3700
3900
4100
4900
3500
7200
3800
8500
5300
3600
11600
4800
2900
4600
2900
3000
3100
4600
2700
2800
4600
2900
2800
2900
7300
3500
3200
3900
2900
3100
2700
3000
2900
3000
2800
3500
4800
3000
3500
3200
3400
3100
4100
3300
6800
4100
3100
4400
4800
4300
3200
3100
5000
3600
3500
3300
4800
3400
3100
3500
3600
3500
4800
4100
3400
4600
6800
5700
3600
3700
3600
3800
3900
5000
3700
5200
3700
6000
8400
3600
10100
3100
2900
2900
3000
2900
6100
3100
3300
2900
3100
5700
3100
4800
10400
3300
3700
3200
3300
2900
2900
2900
3500
3000
3200
2900
3300
3300
5200
3200
3000
4100
3200
3900
3400
3100
3300
3800
3200
3500
3200
3100
4800
8200
3400
4000
4200
3700
3400
4800
3600
4400
4000
3400
3400
4500
5300
3900
4000
3600
7000
3900
3700
3900
3600
4000
3500
3800
3700
3500
10200
3100
4600
3100
5100
4600
4800
3000
7700
3100
3500
4600
4700
3000
7800
3300
3100
2900
3800
3100
3000
4300
2900
2800
3000
3000
2800
2900
4800
3400
3100
3800
3200
4200
3500
3000
3200
3000
3100
3000
3100
3500
4600
4400
3500
3300
3600
3200
3600
4300
3400
4400
3500
6500
3400
4600
5400
3700
3600
3800
5000
4300
3500
3600
3500
4600
3700
3800
3500
3600
9700
3200
4400
3100
4400
4500
4600
2900
4600
3000
2900
4400
4700
6500
8600
4100
3000
3100
3600
3000
2900
3000
2800
2700
2800
2900
3000
2800
3700
3200
4000
3300
4000
3200
3100
3800
4100
3400
3900
3200
3100
3800
5100
4800
3300
3500
3400
3200
3500
4500
3800
4400
3500
3300
3500
4200
5400
3700
3600
3500
8600
3600
3700
3800
3500
3600
3700
3500
3600
4300
11200
3000
4500
4500
4200
4700
4700
3600
4700
3000
3000
4500
4500
2900
8400
3200
3200
2800
3800
3100
3000
2800
3300
2700
2800
2900
2800
6000
3600
3300
4100
3300
3800
3400
3000
3200
4100
3200
3900
3300
3100
4200
5700
3500
3300
4600
3600
4600
3500
3300
3500
3400
3300
3500
3700
3300
5100
3600
3800
3600
5100
3600
3600
3900
3600
3600
3500
3700
3600
3500
13000
3100
4800
3000
4500
4500
4700
3000
6100
3100
3100
4700
4500
3400
7600
3100
3200
2800
3200
3000
2900
3100
2900
2700
2900
2900
2900
2800
3800
3200
3900
3600
8200
3300
3100
3100
3900
3100
3600
3200
6400
3600
5300
3400
3600
4300
3800
4400
3500
3600
3400
3400
3400
3600
3300
3300
5000
5100
3500
3700
3900
3500
3600
5000
3700
5100
3600
3900
3600
4800
9500
3100
4400
3500
7200
4400
4600
2900
4400
3000
2900
4500
4500
3000
7300
3300
3200
3600
3700
3200
3100
3000
2900
2800
2800
3100
3500
3000
3800
3300
4100
3800
4100
3300
3400
3300
4200
3400
4100
3400
3300
4100
25500
3800
3400
4800
3700
4900
4100
3500
3500
3300
3400
3600
3400
3400
4900
5100
4000
3600
3700
3500
3600
5200
3700
5100
3700
3800
3700
5100
9500
3300
3100
3000
5200
6400
3100
3000
3300
3000
2900
3200
3200
2800
11200
3300
3800
3800
3100
3000
4400
3600
3000
3000
3600
2900
2800
2900
5700
3300
3300
3300
3200
3200
3200
3200
3500
3600
4000
3300
3100
3200
6500
3500
3800
4200
3700
3400
3300
4600
4300
4400
3700
3400
3700
3400
8700
3800
4900
4000
4100
11600
3900
3800
3700
3800
3600
4800
3700
3600
11500
3400
3200
3000
3300
3100
3000
3200
3300
3100
3000
2900
3400
3000
8600
3300
3300
3600
2900
3200
2800
3100
3400
3400
3300
2900
2900
3200
4000
6700
3200
3100
3200
3400
3100
3000
3200
3100
4100
3300
3200
3600
4600
3400
3500
4300
3400
3900
3400
5900
4400
4100
3800
3400
3400
3400
5800
4200
4700
4500
3700
5100
3600
3900
3500
3800
4200
4200
4900
3700
14100
3200
3200
3000
2900
3100
3100
2900
2900
3300
3100
2900
3000
3000
8100
3200
3200
3400
3200
3300
2900
3000
3100
3300
3100
3100
2900
3100
9000
3300
3800
3300
3400
3500
3600
3300
3400
3300
3700
3800
3200
3200
4900
3400
3700
4200
3500
3400
3500
4000
7500
5900
3600
3400
3400
3600
5800
3700
4800
3700
3700
5000
3500
3600
3800
3900
3600
4400
3500
3600
11200
3600
3000
2900
2900
3100
2900
2900
2900
3100
2900
3000
3100
3100
7700
3300
3200
3700
3200
3000
3000
6200
3400
3000
3500
3000
2900
2900
4500
3400
4100
3300
3200
3100
3700
3300
3200
3300
4000
3300
3100
3200
4700
3600
3600
3500
3400
3600
3600
3300
3500
3400
4400
3500
3600
3500
5200
3700
4800
3800
5100
4600
3800
3600
3600
4400
3600
4300
3800
3500
11500
3100
3000
2900
3300
3000
2900
3000
3100
3000
3000
2900
3900
3200
7900
3200
3400
3500
3200
2900
3100
2900
3400
3500
3700
2800
3000
3100
4300
3400
3900
3300
3200
3200
3900
3200
3100
3500
3600
3500
3300
3100
7200
3500
3400
6200
3700
3400
3400
3200
3600
3600
4200
3700
3400
3400
5000
3800
3900
4700
3800
3600
3700
4700
5000
4800
3800
4200
3800
3700
11000
3000
3300
2800
2900
3400
3100
3000
2800
2900
4300
3000
3100
3200
8700
3200
3200
3500
4200
3000
2900
2900
3100
3200
3100
3100
3000
4100
4100
4300
3800
3400
4200
3400
3500
3200
3300
3300
3700
4200
3200
3100
5300
3500
3400
4400
3400
3500
3400
4800
3600
3400
5300
3800
3300
4400
5600
3700
3600
5500
3600
3700
4600
4500
5700
5500
3900
5800
3800
3700
11200
3100
5400
4500
3100
5300
3000
3000
4000
3100
3000
3200
6300
2900
