1093900
35500
21700
17700
22100
29200
24200
17500
19900
27300
19300
22600
874400
27300
43600
126100
36000
23600
31600
41700
25200
27300
40200
25500
23600
32100
25100
22600
43200
27600
28700
26100
26400
50800
27900
30100
27400
39000
50600
29600
25200
40400
59500
36300
30600
26800
27400
25500
25600
24900
43600
21900
44800
24600
23000
18000
37400
23800
19400
29200
26500
20200
17200
42700
19500
20500
19300
21200
19400
17000
18100
14500
11300
11100
9700
9600
15900
11600
13200
10600
9200
9000
9300
9700
20100
29300
17700
13100
11300
14300
11800
21600
12400
11600
11800
18800
12000
10900
28600
14300
12700
12800
30200
27200
15200
15200
13200
12900
23900
16600
15500
22500
43800
17900
14300
13600
14000
13900
13000
18000
28400
16600
32400
15300
13600
13500
29400
30200
15700
16500
14700
14100
13500
36600
19000
15500
14400
14000
13800
13700
9200
10200
8800
8200
7500
7400
8500
8200
12500
8400
7700
7900
8100
10600
18300
12900
10400
9700
9300
34400
16700
11200
12900
10300
9800
19000
11000
11000
26100
16900
17500
16500
15600
38800
21200
21300
18400
17100
34400
20300
16800
39400
43300
20900
19500
25400
18700
18400
21400
26700
44300
22900
36800
21100
19000
18100
33800
22800
21500
25100
23100
24600
20000
50900
24200
22100
21300
21000
21900
21100
12600
15100
21900
12000
11100
11000
11400
10100
35600
16800
13100
12100
12200
11500
26000
17300
16000
20500
15000
27100
22700
15100
15600
14500
13500
20300
20100
14400
22700
30100
27200
19200
20100
18800
16700
20900
19400
17100
16500
18700
16700
16700
33200
21300
19300
28400
20700
19300
18800
20800
31800
21200
31300
22200
19900
18900
28000
22200
19800
25400
20800
23400
20800
41700
22500
21100
25400
21600
20900
27800
13200
16300
12000
11100
11200
9900
10000
10000
13700
10100
10700
10700
9800
13200
20600
16300
13700
12400
12100
24100
18800
15200
14600
13400
13200
19000
14200
15400
17800
21700
23800
18700
15900
17800
63400
16400
12900
12200
11500
11300
11200
12700
19700
13600
11900
11600
12300
24000
13300
14600
13400
12000
24300
14000
13000
22600
23600
13300
11600
17900
15400
15100
14200
28400
14800
14400
13700
13600
13700
13600
8800
11700
8100
10100
7100
6000
6400
6000
9400
6300
6100
17000
6700
6700
12900
11500
6500
8000
8400
14300
12300
8900
9100
7800
7600
10800
7800
7500
9700
19600
15200
9400
9200
11500
8300
10900
8200
8700
8100
9200
9500
8500
11200
9700
8600
8800
8700
31600
10000
13200
9900
9000
17500
15900
10000
17800
24200
12200
9900
17300
11300
11000
10300
10500
20100
12500
19100
10500
10600
9800
37700
23700
30000
23400
22500
21500
32400
22600
43000
27300
29100
18200
17700
20800
16700
14100
17000
13300
13600
12900
14500
13000
15100
15200
13500
12900
12800
12500
14700
14800
13600
13400
12900
20800
13100
13400
13100
13400
13300
13600
12900
14000
15100
14000
13800
13700
14400
14600
14200
13600
14000
17400
16200
25000
15900
13800
125100
25900
9700
8900
7700
6900
8600
15700
20300
8800
20500
16700
9100
8200
25400
18300
16400
16500
18000
20200
16300
15800
15700
16200
16000
16200
16400
15600
18300
16500
21300
19900
17700
17100
17100
18600
21800
40400
17200
17700
18700
19400
25900
17000
17800
16500
17200
46000
19200
17500
17200
16900
17700
17300
16900
17600
20700
17500
10100
8800
8600
9200
9100
8800
8600
13400
8500
13600
9100
8900
131200
9400
8300
7900
7100
7400
7300
16400
11900
9100
19300
11800
7700
7200
12000
7000
7700
7000
8000
7000
7100
6800
6900
7000
6700
7300
9900
12200
12400
7000
8600
32000
13300
7300
10400
7400
7300
7400
7100
7600
7100
7500
9800
7900
7900
8300
7800
11000
8200
7700
7500
7700
7800
7600
7800
7500
14600
8100
10900
8200
8000
7800
7800
7600
8000
25300
8200
12400
10500
8100
121800
9700
8100
7700
7000
7500
8200
11800
11100
7500
13900
11100
7500
7900
10300
6600
6400
6500
7500
6400
6600
6500
8600
6400
6500
6600
7200
6700
7500
9900
7600
6800
7100
6800
9200
7300
7300
6900
7400
8900
7200
13300
8700
7900
10100
8600
8000
7700
7700
8000
12000
7500
8600
7800
7200
8500
10800
8300
8700
8400
7700
8100
8100
9400
7900
11300
7900
12400
119900
43100
119000
26000
6400
4700
3800
3600
3500
7200
5700
3600
7300
12000
3900
3600
10600
3700
3600
3500
3900
4100
3400
3400
3400
3200
3400
3700
3700
3800
4700
3800
4400
3600
3600
3600
5200
6100
3400
3200
3500
3400
3500
3600
4500
3600
5000
3900
3700
3600
4200
3700
5100
3700
3700
3600
3800
3700
4800
4100
3900
9500
3800
7400
7000
4000
3700
3700
3900
3900
3800
4000
31000
3600
4200
3100
3400
11600
10400
5200
5100
3300
6700
5400
3100
3100
8500
3600
6300
3600
4000
3200
3900
3200
3000
3100
2900
3300
3000
3200
3900
3300
3300
3300
3600
3300
4700
3400
3500
3300
5200
6800
3300
3300
4500
3600
5600
3700
3700
3800
3400
3500
5400
3700
3600
3700
3600
3500
5300
4400
9900
3800
3800
6500
4100
4800
3800
4000
3800
3900
3900
3800
19000
3100
3100
3200
3900
3200
3100
3500
3300
9700
3200
6700
3200
3300
41400
6100
5400
5200
5300
22400
9000
5300
4800
6500
5000
6700
5200
5100
21300
5900
8200
5700
8700
8200
7700
7800
5600
5400
5400
5400
5200
5300
12800
6100
6000
5700
9100
6300
6000
5900
5800
6100
5500
5600
6100
5400
15900
27800
10800
6400
5700
5700
9900
6300
6000
11400
12500
9400
6600
10400
39700
10500
5300
5500
10400
9700
5100
4800
9500
7400
5000
10800
13000
13300
7700
4800
5600
4500
4400
6200
5800
4800
4800
6700
4800
5200
7100
4700
11000
5300
7300
9300
8200
5500
7100
7800
5200
4900
6200
8000
5900
5100
13700
5600
7100
5000
9700
5600
5300
5500
6600
5800
5200
5200
6500
5500
10100
11300
5600
7000
5600
5600
10100
6100
5800
11600
10100
9900
6900
8800
36700
10600
6100
4800
9900
11700
5900
4600
14400
9100
5000
10200
104300
15700
7500
4700
4500
4600
4600
10700
9900
4800
6900
6200
4800
7100
8600
6200
6000
5600
5400
5100
4900
11600
7300
5300
4900
7300
4900
7000
5300
5000
11600
5800
6800
5600
8800
5600
5900
5600
5600
5700
10100
6000
5900
5600
9300
10200
6100
6200
6000
6200
9400
6000
5900
11000
10200
9900
6000
9100
37200
8400
9400
5400
9300
10100
5100
17300
10100
4900
5300
10400
11100
11300
6200
4500
4500
4600
4600
5900
8100
5200
4500
5300
4500
4400
5300
4400
6000
5500
5000
4900
4800
7800
6600
5300
4800
6500
5000
6500
4900
5100
9100
5500
11900
5600
8300
5300
15700
9600
5900
9800
5700
6000
6000
5700
10400
10000
6400
6600
6400
7200
10100
6000
6000
11200
9900
9100
6200
9200
35500
9300
4800
4800
10200
9100
5000
4500
8700
4900
4700
8900
10100
11000
5500
4600
4800
4300
4200
6200
6100
4500
4400
5700
4400
6400
6000
4500
5600
4800
5100
4600
5000
9100
11000
5000
4700
12300
4800
21400
5200
5200
10000
5500
8700
5200
8800
5400
8700
8500
5200
5600
5800
5400
5400
5300
15300
5800
7300
6800
10000
6300
5800
5600
6100
5800
5900
5400
8700
5300
33800
9100
6500
5100
9000
8900
4800
4800
8900
4400
4600
9700
11000
11200
6700
4600
4400
4400
4600
6100
6200
4600
4600
10000
6800
4700
6200
5000
5700
5000
5200
5000
4900
8900
7500
5100
5000
7800
4800
7400
4900
5100
10400
6500
9300
5900
9200
5700
9200
9100
5800
6000
6000
5500
7800
6000
17200
6000
5900
6400
10600
6400
6200
6000
6200
5800
6000
5800
6000
5800
34000
10700
5100
5900
4900
9600
10600
17300
5300
13300
10600
13500
3600
8900
28700
21600
5300
4800
5000
4800
5200
4800
4800
6400
5500
5200
4800
5200
7900
8600
5200
5600
5900
4900
5000
5200
7100
5000
5100
6000
6200
4800
57500
15600
12000
9400
9200
10200
10000
12700
12000
9000
9000
17700
9800
11400
15400
14400
11700
11600
10600
19400
10800
11100
11400
11200
10800
11200
11000
10400
65600
11500
10300
11000
10800
11000
10500
11100
10600
17000
5100
8700
5500
5100
15500
5500
4800
5000
4900
13000
5700
5300
5000
4900
5000
7100
4800
4900
10500
5700
5600
5800
5900
5300
5300
5500
7500
5800
5500
5000
5800
5400
17700
6000
5800
5900
5600
5600
5700
7700
7900
4500
4700
7300
4900
6200
7300
7200
6400
5200
5200
7800
6300
6000
6000
5300
5000
8100
5900
6700
41900
5500
4900
5200
5100
6600
4900
4900
4800
5200
4900
5300
5100
9600
8500
4700
4800
4900
5000
20000
12000
5500
5300
4800
4900
4900
5100
4700
5900
6800
5200
5100
5200
5300
5200
5100
5500
6500
5100
5100
5000
5300
8700
5500
5500
5800
5600
6100
8000
7900
6900
5600
5400
6900
5800
7100
7800
8200
5800
6100
6300
20300
18600
6500
6400
6400
6100
6700
6100
6600
39500
5300
4700
5000
4600
4600
4300
5000
4600
4700
4700
4900
4700
4900
7800
4800
4600
5300
4800
10000
5700
5500
4700
4600
5400
5100
4800
5000
8600
21600
5500
5100
5500
5300
6000
5200
5100
7000
5200
5100
5000
9200
7200
11300
5400
5500
6600
9900
5600
5800
8400
5900
5600
6300
5600
5600
8600
8500
6300
6600
9800
8500
6000
5700
5700
6000
6500
6000
5900
6000
36600
5000
4700
4700
4500
4900
4800
7400
4800
6000
5200
5300
4900
4700
12000
5400
4700
4900
4700
6200
5200
5400
4800
4700
4500
5300
4900
4800
6200
6800
5100
5100
5200
5600
5200
5200
5000
6600
5200
5200
5100
5200
6600
5700
5800
5500
5500
5900
5600
5500
7100
5300
5400
5400
5800
6100
10300
6200
5700
5900
5700
6100
6000
7800
7600
9600
7600
7900
5800
7600
41400
5100
5100
4700
4800
4800
4900
4700
4400
4700
4900
5300
4900
4900
7500
4700
6000
4700
4400
5600
4900
4800
4600
4800
4800
4300
4600
5800
5700
6200
5300
5100
5100
5400
5300
5900
4800
6700
5400
5700
4300
5200
7100
5800
9900
5600
5200
5700
5900
5500
7100
7800
5600
5500
5600
5600
9600
6000
6000
6500
5700
5800
6000
7900
7800
5900
5700
7600
6200
7400
33700
8000
4800
4700
4500
7200
4900
4900
4600
4800
4600
4800
4600
4900
11900
5500
5400
6100
9400
5200
6000
5100
5000
5000
5100
5100
5000
4900
9100
5400
6900
7000
10600
5600
5900
6600
5400
5600
5900
5100
5200
5300
8000
6400
5800
5700
5600
7700
5800
5900
5600
5800
5700
5700
7900
5800
8800
6400
6200
6200
6500
6000
6700
5900
6400
6100
6200
6000
7600
6300
34600
8800
6400
4800
11800
5200
8700
15800
5100
5200
6200
4900
7800
11200
8900
5300
6300
5100
4800
5700
11700
5100
5200
6400
5100
4800
4600
4800
10600
6200
7800
5200
5000
5300
5600
9400
6600
5300
6000
4900
5900
5300
8800
9100
5800
5700
5600
17300
7000
5600
6100
5900
6100
5900
8300
6000
8900
6500
6300
6400
6700
6100
6300
6500
6600
9000
6600
7200
6400
6200
37200
7600
5500
5200
5000
5200
5200
5300
5300
4700
4900
5200
5000
8000
8400
5900
5300
5000
4900
5000
9500
4600
5500
5900
5000
5100
5200
4600
7800
5500
5800
7400
5500
5800
7100
5900
6100
5500
5200
5100
5200
5400
7700
6100
5900
5700
5800
7600
6200
5500
5700
6000
5800
5700
7800
5600
8700
7300
5900
6100
6200
5800
6300
6200
6400
6200
6100
6000
6000
6000
34700
7800
5100
4900
5500
4700
5100
4300
5000
4700
4600
4800
5000
8100
8100
5200
5100
5100
5300
5100
5600
5100
5600
5500
5000
5200
5100
15300
7700
5300
7100
9600
6400
6200
6700
5900
10200
5600
6000
5400
5000
4800
9400
11200
10200
5200
5100
5700
4800
6600
5600
5400
5400
4900
5200
5100
8400
5700
5300
6000
5600
5500
5700
5700
6000
5300
6500
5500
5600
6000
35700
7900
4700
4400
4600
4600
5000
4400
4900
4500
4100
4300
9400
7500
8100
4800
4400
4600
4700
4500
4600
4500
4600
5100
4400
4500
4300
4500
7500
4800
5000
6700
4900
4700
6200
5000
5300
5200
4900
5100
5000
5000
8800
5400
6800
5500
5600
5200
5200
6800
5200
5200
5200
5400
5300
5500
7800
5800
6100
5900
5600
13400
5800
5600
6500
5600
5700
5500
7600
5600
34000
10800
4600
4500
4500
4600
5600
4400
4900
4700
4700
4600
4600
7400
7400
4700
4300
4200
4200
4400
4700
4200
5400
4800
4600
4400
4500
5200
7400
4900
5200
7000
4800
5000
6000
5100
5400
4800
4800
5000
4800
5100
9200
5300
7300
5300
5100
5300
5600
7000
5300
5200
5300
4800
5800
5800
18900
6300
5700
5800
5600
10800
5700
7500
6200
5900
6000
5900
8300
6000
35200
4700
4100
4700
4500
4200
4500
4600
4600
4700
8700
4600
4300
4200
11800
5000
4500
9500
4500
4900
5300
4600
4700
4300
4300
5800
4800
6000
6900
5300
4800
4800
6600
6100
5100
5000
5000
5200
5000
5200
5100
6500
10200
5600
7500
9700
5700
5400
6200
9100
5800
5400
5500
5500
7500
5200
11500
8900
9100
12400
6000
5900
8700
6200
6300
9000
9500
5900
6000
8500
36400
5100
5000
4900
5300
4800
5100
4600
4700
4900
4700
5200
9300
5000
8400
5500
4800
4800
4700
4600
4500
4500
4400
5200
4400
4600
5100
5400
11400
5900
5500
5900
7500
6600
4700
4800
4900
5200
5100
4800
4900
6400
9400
5300
7500
7400
5500
5300
5800
5400
6000
5200
5400
5500
7200
5500
10600
8300
8400
8000
6000
6000
8600
6000
5900
12500
9800
6200
6400
8800
36100
4800
7000
4700
5000
5000
4900
4800
4800
4700
4600
4400
8900
5900
8300
5600
4900
4500
4700
4500
4700
4600
4500
5100
4500
4600
5200
5300
6200
5300
5200
6200
5200
5100
5100
5400
5000
4800
5300
11300
5500
7000
9900
6300
7600
7400
5300
5400
5300
5600
5000
5600
5200
6200
7800
5500
11600
8800
11600
8500
6300
5800
8500
6000
5900
8400
8600
6400
6400
11800
35900
5200
4800
4800
4900
5000
5700
4600
5100
4500
4700
4800
8800
5300
8700
5700
4700
4900
4600
4800
4400
4700
4400
5200
4400
4400
5100
5600
5800
5000
4900
4900
4900
4800
4900
4900
5400
110200
14300
5800
3900
4800
5500
3700
13200
3700
5600
4900
3500
3700
3500
3400
4600
3800
3600
4600
7000
6000
6500
5800
4100
4000
5400
4000
4000
4700
4800
4100
3400
4700
20500
3300
3100
2900
6000
2900
3100
2900
2900
2800
2500
2900
4800
3200
7100
3900
2900
2800
3000
2800
2800
2700
2900
3800
2800
2900
3500
4100
3700
3200
7600
2900
3100
3000
3300
3300
3100
3000
3000
4300
3200
4800
4300
3200
3200
3200
4600
7900
3200
3100
3200
3400
3200
3200
3200
4600
7000
3700
5200
5200
3700
3900
3500
3400
3500
3400
3400
3800
5300
3500
18900
3000
2700
2900
3100
2600
2800
2900
2900
4800
2800
2600
7200
2600
6300
3300
2800
2900
3100
2600
2700
3100
2700
3000
2800
2700
3000
3200
3500
2900
3000
3000
3000
3000
3200
3000
3000
2800
2900
4000
3000
4300
4000
3200
3100
4700
4200
3900
3400
3200
3100
3000
3300
3100
3000
4100
5800
3600
4600
7600
3500
3900
3300
3300
3300
3500
3200
3500
4700
4000
19300
4900
4300
4300
2900
2800
4400
3100
2800
4300
4400
2800
2900
4200
8500
3900
3500
3100
2900
2900
2900
3600
2800
2800
2700
5800
2900
2800
4100
3100
3100
3000
3200
3800
3700
3200
3100
3700
3300
3900
3300
3100
4900
3400
3200
3700
3300
3600
3400
3200
3300
4500
3200
4600
3500
3300
6900
3800
3600
3600
3500
3600
3700
4900
3600
3600
3400
6300
3600
3700
26300
3000
2800
4400
2800
3100
4000
2800
4500
5200
4400
3000
3300
3300
7400
3200
3100
3200
3100
2900
2700
2800
2700
3100
2900
3300
2800
2900
3700
3300
3100
3000
3100
3900
3600
2900
3100
3800
3100
6500
3200
2900
4500
3500
3300
3500
3200
3300
3200
3400
3100
4400
3200
4100
3300
3200
6500
3500
3400
3600
3400
3400
3400
4900
3800
3500
3700
3500
3500
3800
17300
3000
2800
4300
2700
2700
6000
2800
4900
5600
4600
2700
2800
2800
10200
3400
3500
3400
4500
5900
2800
3000
2700
2900
3200
3300
4700
2900
3500
5900
3000
3100
3100
3200
3100
4000
3400
22100
7600
5600
5500
6900
8000
5800
5600
6000
6300
5900
5600
5500
11900
8700
5700
7900
5800
5800
11200
6300
6200
6100
6200
5900
6000
8500
6200
6100
6200
6700
6000
5900
37800
5000
4900
11000
5200
4800
4700
4600
7200
9200
7600
4900
5200
4900
13400
4900
5300
5400
4800
4700
4600
4600
4900
4800
4700
5300
4600
4600
5600
6400
4800
5000
5100
5200
5000
6600
5200
6800
5400
5500
5500
5500
6900
5800
5900
6300
6100
8200
7800
6200
5900
7100
6000
7100
5500
5800
14600
6300
10100
6400
5900
6300
6500
8400
6100
6200
6100
6500
6300
6300
35500
5200
4900
7700
4900
4900
4600
4800
7400
9600
7600
4800
4800
4700
8400
9100
5100
5200
4500
4800
4700
4700
4600
4700
4700
5300
4800
4600
6100
6700
5300
5000
5200
5200
5600
8900
5500
5900
5200
5200
5000
5200
7300
5700
6500
6100
5600
8800
7500
6200
5900
6900
5800
7200
6000
5900
8200
6200
6400
5900
6100
6100
10400
6200
6400
9200
6600
8900
6600
6300
34500
5100
5200
7500
4700
4700
4800
4900
7400
8600
7300
5000
4600
4900
8700
4900
5600
5400
4800
4800
4700
4700
5900
4700
5100
5500
4600
4600
6100
7100
9300
5300
7500
5100
5600
7000
5400
5200
5000
5300
5300
5200
7700
5600
5700
6000
5800
8100
7700
6000
6000
7100
5600
7200
5600
6000
10000
6000
5700
5900
6400
6200
5800
6700
6200
9000
6400
12100
6300
6400
43000
5100
4900
5200
5000
4600
4700
7700
5200
4900
4700
5000
4700
4500
22900
5500
5000
4700
6200
5900
5500
5800
5300
5000
5000
5000
6000
4800
7900
6500
5700
6500
5300
5200
5200
5300
7200
7300
7400
5600
5700
5300
8700
5900
7500
5900
5900
5900
6900
5700
5800
11600
7300
7400
6000
5800
12200
6300
6600
6400
6200
5800
6100
6400
8400
7200
6200
6200
5800
5800
21700
5500
4800
5000
4700
5100
4600
4800
4700
4700
5000
4700
4700
4700
9200
4900
4800
4500
4900
4700
4600
4400
5100
8900
5500
4800
4200
4700
6600
6300
5300
5100
5500
5000
5100
5500
5000
6600
9500
5200
5200
5400
8600
5800
5800
5300
5700
5500
5800
5600
5500
7700
7200
7500
5800
5800
12700
6300
5500
5700
6200
6000
5800
5800
7900
6000
10500
7100
6000
6100
23300
5500
4900
4900
4800
4900
5500
4700
4300
4500
4500
4700
4500
4600
9100
4900
4400
4400
7600
4400
4400
4200
4200
4400
5200
6800
4600
4600
5100
4300
4700
4300
4300
6000
5400
4600
6000
5200
4800
5200
5200
5100
7300
5700
5800
10200
5800
5500
5500
5400
5500
7300
7300
7300
5800
5500
12600
6100
6100
5900
6000
6600
6100
6000
8300
6000
6300
5900
5900
5700
25500
4900
4700
4900
5000
4700
4600
4500
5200
4700
4600
4900
4600
4600
9300
5500
4700
4700
4600
4400
5700
4500
4500
4500
5500
4900
4600
4500
5900
5200
4700
5100
4900
6300
6600
4900
6600
5100
4900
4700
5000
4800
6800
7400
5900
4900
5000
4700
5100
4700
6200
7500
7300
5700
5500
5500
14200
6200
6200
6100
5900
9900
6000
6000
8500
6200
5700
6200
6200
6000
23100
4800
4800
4700
4800
4600
4700
4700
5000
4600
5200
4900
4900
4900
8700
5600
5000
4600
4700
4500
4700
4700
4600
4400
5400
5300
4700
4700
6000
5000
13900
5700
5200
6300
6500
5200
6300
7500
5000
5300
5100
4900
11500
7300
5500
6000
5600
5500
5500
5300
5500
7500
7200
5500
5300
5600
8000
5800
5900
6300
6000
5800
5900
6200
6000
8300
7900
8500
6200
6000
22900
4900
5200
4900
4800
5200
4900
4900
4700
8800
4700
4800
4800
5000
8600
5100
4900
6500
4600
4500
4500
4600
4600
4300
5100
4900
5400
4500
5800
5200
5300
4900
5000
6200
11300
5100
6100
5300
4900
4600
5000
4800
7500
6400
5700
5900
5500
5400
5600
5600
6300
7100
7200
5800
5900
5700
8100
6800
6300
6100
6000
5800
5700
10100
5900
7800
9900
8000
6400
6200
24000
4900
4800
4800
4700
4900
4500
4600
7700
4900
5400
4700
4500
4700
11200
5000
5100
5200
5000
4800
4600
6200
5300
5600
5000
4800
5000
4600
6500
6600
5400
5300
5300
5300
5200
5200
6500
5200
5400
5300
5300
5700
13400
5700
5500
5800
6000
5700
7600
5800
7100
6400
5700
5800
5600
5800
8700
6200
6400
7900
6100
5800
8200
6400
6200
6300
6000
8400
6300
6200
22400
5300
5300
5000
4900
5000
5000
4700
5000
4900
4900
4700
7600
5200
8000
4900
9500
5300
4800
5500
4700
6800
4600
5000
4800
4700
4900
4700
6700
6200
5100
5400
5100
5100
5300
5300
6100
5300
5500
5400
5300
5300
9200
5500
5700
5600
5900
5900
7000
5800
7400
5600
6000
5500
5400
5600
8900
6600
6200
6200
7000
6300
8300
6300
6300
6700
6000
11900
6300
6100
20700
4900
4700
5100
4900
4800
4700
4700
5200
4800
4800
4800
7300
5200
8200
5800
5400
5100
5000
5100
4700
5400
6700
4800
4700
4900
4700
4700
6800
5800
5000
5500
5200
5600
5200
6700
5400
6400
5100
5000
5500
4900
9800
5800
9500
5700
5700
5800
7700
6300
7200
5800
5200
5900
6200
5700
8800
6100
6900
6000
7000
6300
8600
6100
6600
6600
6400
8500
8000
7000
21900
5200
4700
4600
4700
5400
4700
4800
4900
5200
4800
4900
7000
5100
8500
5400
5700
5100
4900
9500
4700
5300
5200
4800
4700
4700
4700
4700
5800
5500
5400
5500
5100
5200
5200
6600
5400
6800
5300
5100
5400
6200
7200
7300
5600
5900
5500
5700
6100
5700
7400
5700
5900
5500
5800
5600
8500
6300
6300
6100
6300
6400
8600
5900
6200
5800
6400
8400
10000
6400
21700
4700
4800
5000
4800
4900
4400
5100
4900
4800
5000
5000
22500
6000
8300
4900
5700
5100
4800
5500
5000
5400
4700
4900
4700
4800
4900
4700
6200
5500
7200
5300
5100
5300
5200
6200
5500
6200
5000
5300
5000
5500
6900
6800
5800
5800
5500
5000
10600
30100
9700
21600
5600
9900
8500
5800
21900
9700
9800
10600
8000
6100
7800
5900
7200
5800
6100
5900
5800
5900
19900
9700
4700
4400
4500
6700
4400
4000
4900
4800
4500
4300
6500
4700
7600
4900
5300
4600
4900
5500
4500
4900
9000
4700
4500
5300
4600
4900
5600
4900
5300
5000
5100
5200
4900
6500
5400
6400
5300
5000
5200
5400
6600
6800
7200
5400
5400
5300
5600
5500
7100
5400
5400
5600
5700
5500
11700
5800
5900
5800
6000
5600
7600
5800
7200
5900
5700
5800
5800
5800
21700
4400
4900
4400
4600
4400
6700
4600
4400
4400
4200
7000
4400
4400
10700
5500
5700
5000
4900
5000
5100
5100
5000
5400
6500
5400
4700
6100
6400
5600
5400
6300
5500
6500
5200
5400
6000
5100
5000
5300
5200
5400
7500
9300
5600
5800
5700
9800
5800
5700
7300
7000
6900
7200
5700
5300
12200
8600
6000
5700
6200
6200
6400
8100
6800
6400
6100
6600
6100
6100
19700
4900
4700
4700
4700
4500
4500
4400
8200
4600
7200
4600
4900
7000
8600
5700
5100
4800
4800
4600
6000
5200
4900
4600
5000
4600
5300
5500
6400
5400
5000
6100
5700
6500
5700
5400
5200
5200
5000
5200
5200
5000
7700
7100
5500
5600
6000
5600
5600
5800
7400
10900
6900
7300
5600
5500
11800
8500
6100
6100
6000
6000
6100
9800
5700
6000
6500
6500
7400
6200
19300
4600
4800
4600
4700
4500
4400
4700
4500
4500
7300
4500
8500
7000
8700
5500
5300
4700
5000
4500
5200
5000
4900
4700
4800
5500
5200
4900
6700
5300
5400
5000
5100
4700
5100
5300
5200
6200
6100
6200
4900
6500
7600
8600
5800
5500
6100
5500
5700
5500
7600
7200
6900
7500
6000
10000
12900
8300
6300
6300
6200
6000
6100
7800
6400
6300
6100
6500
5800
6200
19800
4700
4700
4800
4800
4800
4400
4600
4400
4500
6900
4900
4600
7000
10700
9400
4600
4700
4700
4800
5600
4800
5200
4800
4600
4500
5600
5300
5600
5300
5000
4800
5100
5400
5300
5100
5000
6500
6700
6200
5200
6400
7100
5400
5600
7000
6000
6900
6200
5200
5500
5300
5300
5100
5100
5500
15400
8200
5900
6100
6300
5900
6200
7600
7000
6100
7400
6300
6200
5800
18900
4800
4500
4300
4700
4700
4400
4800
4300
4400
7100
4700
5300
6800
8000
5600
4600
4600
4600
4600
5400
4600
5100
4700
8400
4800
5300
5000
5700
5100
4700
5300
4900
5000
5100
5400
5200
6100
6100
6200
5200
6300
6900
5600
5300
7500
5600
7200
5600
7300
5700
6100
5300
5600
5600
6000
8500
9100
13700
6200
5900
5900
5800
5600
8000
12200
7800
8300
5700
6200
18500
4900
4600
4600
5400
4400
4300
4500
4600
4300
7000
4400
5000
6600
7300
5600
4900
4300
4600
4800
5000
4600
4300
5000
4500
5100
5000
6900
5800
5000
4900
4900
8800
5000
5000
4900
5200
5600
6200
5700
5000
6100
6700
5300
5500
7000
5200
7000
7100
5500
5500
5600
5300
5600
5300
5400
7700
11200
6000
5800
5900
5600
6100
5800
7500
11300
127100
22400
4900
4300
33500
22200
5200
4600
4700
4900
4600
6900
5000
4700
4400
4400
4800
4500
