585500
107700
24200
20200
24700
32800
22400
18700
21800
30300
20700
19900
882300
32300
43300
26300
38700
22700
37100
59000
23600
24600
28800
24200
23400
45500
25100
23100
40800
52300
28000
33100
27600
34400
28500
30000
26900
36100
25100
54000
27900
34300
48400
32600
55200
55900
38400
32200
30000
30500
26000
33400
20800
20200
19000
17800
55500
25200
21200
21100
20800
26800
21400
18900
20600
20200
17900
19300
37100
17900
14200
20200
11200
10400
15200
11000
17000
12500
12200
11200
9700
9700
9800
15000
24000
16000
20500
17200
18900
29400
14300
12500
12200
14100
13100
26500
13200
14000
31500
26000
14600
12800
27900
16200
13000
13700
12500
14000
14100
27700
14700
13400
39400
16400
15600
38800
15800
14600
13300
18800
14500
15400
13500
35600
13400
13100
50900
30500
19900
15800
14200
14100
15200
27200
17800
16400
14800
14800
31500
15800
10100
21700
11000
9400
17900
9500
9600
8200
12400
8500
7800
8500
8700
56400
15200
20300
11200
10300
10400
32400
11500
10900
13000
9700
10500
9500
9900
11600
20000
24100
22700
17300
16500
18700
15800
18400
19100
17500
16400
50700
20200
18600
39000
20100
19300
42100
20900
19700
19300
23900
20700
20800
19000
24100
19700
20000
54700
24700
20900
22700
21200
23000
24100
24100
27100
23900
23300
22800
44400
24300
14200
28400
26900
13700
17900
12900
12800
11900
47700
17100
16800
13200
12200
18800
19100
29200
17500
25400
16800
26700
17300
15300
16600
15500
14900
13800
15100
16700
20700
17000
39200
18400
26600
33400
28900
25200
20800
17200
16500
29300
18200
17700
33600
21000
22500
36500
22000
20500
18200
22600
19700
18900
18700
19900
18900
18300
55600
25100
21700
22300
23800
21400
21500
20800
19700
20600
22400
22500
33500
23800
15200
19800
14000
12000
15100
11800
10600
11000
14600
11900
15100
12100
11000
13800
17000
19100
13800
12800
13900
22000
15700
14600
14200
12400
12300
13300
13000
16000
19500
14500
22400
16300
22700
31600
19000
18600
15700
16000
20200
26600
18000
17000
24200
31200
18000
16500
17500
17000
17100
19100
16100
16200
17700
25800
17800
61400
40900
15300
14800
16100
13200
14500
12800
14300
12600
12600
12900
14000
25400
15200
10900
19900
9800
8700
12300
10000
9400
8900
22900
9800
9200
9300
8900
11600
17600
16000
10100
9900
10100
17900
10100
9700
10600
9700
9700
10200
10500
10800
12800
12300
17500
14000
29700
23800
12600
13500
11200
11400
11100
19900
12100
11700
20500
20800
12100
10300
10100
9800
9900
12600
9800
10200
11300
20700
11800
10400
24100
13900
10400
31100
16000
14100
10600
13400
15000
11100
11500
10300
10300
10600
47300
25000
22200
32200
43400
23500
31900
23900
23400
26300
22800
21900
21800
21200
22800
21400
25800
25900
28300
23300
22100
33900
22800
13500
20900
20400
17100
15500
23900
20800
16000
14900
15600
14800
15300
15600
14500
15000
15600
16700
15200
15500
18500
18900
22700
30600
17900
19800
31200
33600
20400
20400
17600
17800
19200
21400
154200
30500
5800
10000
5700
4900
9000
4900
6000
5000
5500
7800
4500
4600
8800
6500
6000
5400
16200
5300
5300
5200
5200
5400
6900
5500
7900
5100
7200
5600
7600
5700
6900
5600
5400
6300
5700
5500
8500
8700
5600
5600
7600
6100
6000
5900
5800
5600
5900
5800
5700
6000
6000
6300
6900
12100
8000
6300
13100
7000
6300
6600
6200
6300
6300
6800
6200
7000
6600
6500
83000
9300
27600
12600
5900
5100
8500
4700
4600
4400
5100
4900
4500
4600
11500
8300
5600
5400
7300
5800
5500
5600
5500
5200
5100
7300
5400
5400
6400
6000
6400
7600
6000
5700
8700
5500
5800
5500
5400
5800
5600
5700
7000
6000
8800
5800
5800
5800
5800
6000
5700
5900
6000
7500
12100
6100
8500
6200
10900
6400
6100
5800
6000
6200
6200
5900
6300
6200
7200
6300
71600
29500
4600
9400
4800
6400
6400
5200
4700
4800
4600
4300
4400
4400
8100
5600
7500
23500
5800
5400
4700
4600
4600
7500
4800
4600
4700
4900
5500
5000
5100
5400
5600
5000
6200
5200
5300
5000
4800
5700
5000
4800
6300
5200
6500
5500
6400
5100
5300
637200
11100
5800
11500
6500
5200
5300
10600
5600
7300
5400
6400
6400
5600
6400
5400
5200
5200
5000
5500
6200
77100
5800
3700
6000
3500
3400
5800
3500
4500
8600
7200
3400
3500
3600
5100
4100
3200
3300
3700
3600
3000
3100
3000
3100
3000
3000
3000
3000
3700
3800
3800
3600
3300
3500
4600
5400
3300
3500
3500
3600
3600
3600
4200
3900
5400
3800
5500
3500
3700
4400
3600
3700
10600
5500
3500
3500
5000
4100
3700
3700
3700
3700
4200
3900
3700
3900
4100
3900
3700
3800
70700
5300
3300
5400
3200
3000
5000
3100
3300
3300
3200
3000
3300
3200
4600
4100
3000
3000
3600
3000
3900
2900
3000
2800
3000
3100
2800
2800
6700
3400
3400
3300
3500
4500
4300
3500
3300
3300
3200
3400
3200
3200
4000
3600
5200
3600
5400
3400
3300
3400
3500
3500
5800
5100
3600
3500
4900
4400
7300
4000
3700
4200
4100
3700
3900
4100
3800
3900
3900
4100
30900
16200
17000
4400
5900
3100
3300
3800
3600
3500
3400
3600
3300
3600
24900
4600
4000
3500
2900
2900
3000
3000
3000
3200
2900
3100
2900
2900
11900
3400
4500
3200
3300
3200
3300
3200
3300
3200
4600
3400
4800
3400
5000
5200
3700
5500
3800
3600
3700
3300
3700
3700
3600
4000
3700
3700
8200
4100
4200
6500
4000
3700
6100
19600
3800
3600
4100
4100
3700
3400
20500
5000
3400
2900
13600
3400
3300
3200
5400
3100
3400
3100
4900
3100
4200
2800
2900
2700
2900
2800
2800
2900
2700
6900
3000
6100
2900
2800
4000
3100
5600
3100
3000
3100
4000
3100
3000
3000
5600
3100
3000
3100
5600
6700
3400
5500
3500
3200
4100
3200
3500
3400
3400
4200
3400
3700
6000
4600
3600
5400
3800
3500
4600
3500
3500
3600
4400
3600
3500
3400
20800
2900
3000
3800
5000
4100
3000
4000
5200
5200
3100
3100
5400
3000
4100
3600
2700
2700
2700
2800
4200
3000
2700
3300
3700
3200
2700
2800
7200
5500
4100
3000
3900
3000
3100
3000
3000
3900
3000
3100
3000
2900
5100
5000
3300
5300
3400
3200
4000
3100
3900
3200
4200
3700
3500
3200
6300
3600
3600
6300
3800
3400
4400
3400
3500
3400
4300
3500
3400
3400
21100
2800
3300
2900
4900
3300
2800
2900
5000
3000
3000
3000
4700
4200
4100
3000
2600
2700
2600
2700
2800
4100
3300
3300
3000
3300
2800
2800
4500
4800
4100
3000
3100
3000
3000
3100
3000
3200
3000
3100
3000
2900
4200
3500
4600
3300
3400
3200
3300
3400
6400
3300
4600
3300
3300
3200
5800
3800
3500
5400
9800
3600
4000
3500
3500
3500
3600
3400
3400
3400
19900
2800
3000
2700
5400
3100
2700
3000
4700
3000
2900
5400
4600
2900
5400
3000
2700
2700
2600
2700
3100
2800
2700
3100
2800
5900
2700
2800
4200
4200
4100
3500
3000
3800
3000
2900
3000
3000
3200
4200
2900
2900
4200
3400
4600
3400
3300
3500
3200
3400
3400
3600
5000
3300
3900
3200
4500
5800
3500
5300
3600
3500
3400
3500
3600
3400
3900
3900
3600
3400
21000
2900
2900
2800
4800
3100
2900
3000
4700
2900
3000
2900
4600
3000
4400
3100
2700
2900
4100
2800
3000
2800
2700
3200
3000
3500
2800
3100
4400
4700
4500
6400
3000
2900
3000
3000
3200
3100
3300
3200
3100
2900
4200
3800
4600
3500
3200
3300
3200
6300
3300
3300
4900
3400
3400
3400
5200
5200
3600
5800
3800
3700
3400
3300
3800
3500
3800
3400
3900
3600
18100
3400
3000
6100
3000
3200
3000
2900
3200
3000
2900
2800
5700
2800
5900
4600
3000
3100
2900
3900
3800
6000
3000
2900
2900
2900
3100
3800
4300
3300
3200
3400
4300
3300
3400
3200
3200
3100
3400
3300
3100
4700
5300
3600
3400
3700
3400
3400
3300
3700
3300
4800
4000
5700
3400
3300
7500
4400
3700
6100
3600
5900
8400
3700
4100
3600
3800
3500
3700
3500
18900
4000
6000
3200
3600
3200
3400
3100
3200
3500
3000
3100
2900
3200
4800
3600
2900
3800
3000
3500
3700
2900
3000
3800
2800
3400
3100
3700
4200
3300
3200
3200
4500
3200
3100
3300
3000
3100
3200
6100
3200
4400
5000
3500
3300
3600
3700
3300
3400
3400
3300
3600
3200
5300
3300
3200
8100
3700
3800
5400
3700
5600
5800
3700
4700
3600
3700
3700
3600
3600
19000
3200
5900
6200
3100
3700
3100
3300
3100
3100
3300
3700
2900
3000
5100
2900
2900
3500
3200
3700
3400
2800
3000
3500
2800
3300
3000
3300
3900
13300
8500
3500
3300
4200
4400
3300
3200
3500
3100
3000
3200
4900
4900
3700
3700
3500
3400
4000
3600
3300
3400
3400
3500
5000
6300
3400
7300
3700
3700
5300
3600
5400
5300
3500
3700
3500
3600
4000
4000
3400
18900
3100
6400
3100
3200
3100
3200
2900
3300
3000
2800
3100
2800
3100
4800
2900
2800
3600
2900
3100
3200
2800
2700
3100
5500
3100
2800
3000
3700
4500
3200
3100
3100
4100
4000
3400
3100
3100
3000
3100
3200
4500
4700
3800
3300
3300
4900
3400
3300
4100
3200
3400
3400
3700
3200
5100
7100
3400
3600
5400
3500
5900
7900
3400
3500
3900
3400
3400
3400
3500
18500
3200
5100
2900
2900
3100
2900
2800
2900
3500
2900
4000
3000
2800
4800
3400
3400
3900
2900
3600
3500
3100
2900
3600
2800
3400
2800
3500
3600
4600
3200
3200
3100
4400
4600
3300
6000
3100
3000
3100
3500
4700
4300
3500
3300
3800
5100
3500
3300
3600
3300
3200
3300
3400
3300
5300
5400
3600
3600
3600
3500
3700
4000
3700
3500
3600
3400
5600
3600
3400
18200
3000
5200
3100
2900
2900
3000
2900
2800
3100
2900
2900
2700
2900
5400
2800
3900
3400
2900
3100
3200
3100
2800
3000
2800
3400
2800
3400
3700
4700
3300
3100
3000
4300
4000
3200
3200
20700
6800
3200
3300
13200
16800
4500
5300
6500
7600
3300
3100
3200
16200
3200
3400
3500
6200
4900
5700
3900
3500
3600
3700
3500
3400
3500
3600
3400
3300
6000
3300
3600
28100
2900
3000
5000
2700
5100
4900
2900
3100
2900
2900
2800
2800
2700
8700
3200
2900
3200
2800
2900
2900
3300
3400
2900
2800
2800
2800
5800
4100
3300
3200
4700
3000
3100
2900
4100
3100
2900
3800
3200
2900
3000
4700
3400
3300
3200
3000
3000
3200
3300
3100
3200
3100
3100
4800
4600
7400
3600
3400
3400
3500
6800
3500
3400
9100
3400
3200
3200
3400
3300
17000
2900
2700
5500
3200
2900
2700
4600
2900
4300
3000
2600
2700
4600
5400
3000
40800
4400
3700
6100
4000
4100
5900
4000
3800
4100
3800
3900
13600
11600
5400
6200
5100
5300
5200
6000
5000
5500
5200
5100
4800
4900
8200
6200
5900
6300
6000
7800
6800
7300
5900
6400
5900
6100
7700
6000
11700
7600
7200
7400
7400
8900
7200
7400
9400
7200
7300
7100
7600
7000
23700
7500
7700
7400
7700
7400
7800
9700
7800
9500
7300
8100
7300
9800
6200
4100
5800
3900
3900
3900
4300
3700
3800
3800
3900
5100
3800
3700
6900
5100
8200
5100
5000
5300
5200
5800
6000
5300
5000
5100
4800
5100
7700
6100
11700
3500
3500
3300
4200
3400
3200
3800
3400
3500
12600
3400
10500
4100
3600
3500
3600
5000
3800
3800
5600
3600
3600
3500
3800
3600
19500
3100
3900
3000
3000
3000
3700
4700
4100
4600
3100
8600
2800
7900
8100
3200
4000
2900
2800
2800
4300
2800
2900
2900
3400
5100
2800
2800
8800
3400
4600
3200
6500
3400
3200
4600
3700
4400
3200
3200
3000
3000
5000
3400
4100
4300
3400
4400
3200
4200
6500
3300
3300
3300
3900
3200
4900
3600
3500
3600
3500
4900
3600
3500
5600
3500
3900
3500
3400
3600
18000
3000
3200
2900
2900
2800
2900
4600
3000
4400
3000
2900
3000
4400
5500
3200
3300
2900
3000
2900
2900
2800
2900
3600
3000
2800
2900
2800
38400
6600
9100
5700
5400
5200
5200
6500
6200
5000
4900
5200
4900
4800
7300
5300
5500
7300
5400
6100
5200
7700
5900
5500
5500
9100
5400
5700
8200
6500
6200
5900
6000
5700
5400
5900
6300
6200
6500
5800
8300
5800
33800
5600
5100
10500
5200
4900
4700
9100
5400
7500
5000
5100
4700
7500
6500
4800
5800
4600
4600
4700
4500
4700
4700
4700
4600
4700
4600
5000
7500
5000
5500
5100
4900
5700
5300
6600
6400
5300
5000
5100
4800
4800
6700
5600
5800
7200
5600
5800
5300
7400
5600
5600
5500
9900
5600
5400
8400
5700
6000
5900
5400
5500
5700
7200
5400
5700
5700
5700
8600
5400
31700
5000
5000
4900
4900
8400
4700
24100
9800
4800
4700
4900
5000
8500
17800
7800
4500
4300
6200
13800
5500
4300
4700
4500
5300
4200
4600
4300
8100
4900
6100
4800
4900
4600
4800
4900
11000
4700
5100
4700
6700
4700
9300
5300
5400
5100
5100
7400
5100
7400
5200
7300
5400
7500
5200
5300
8500
5700
5700
5700
5900
5800
7900
6000
5900
10800
5500
6000
5600
5300
34100
4700
7900
4600
4600
8900
4700
4600
5000
4900
4400
8000
4600
7000
8600
4300
4400
5000
4500
4100
4300
4600
4400
4900
4400
142700
10600
4900
8800
4600
8400
7800
5800
4600
4600
4400
7400
5200
4500
3400
4100
3200
6300
3500
3400
3800
4200
4400
3200
4100
3300
4100
3100
4400
3200
3000
10300
3500
3300
3500
3200
3300
3300
3400
3400
6000
3200
3300
3400
3300
20300
2800
5300
2800
2600
2600
2800
2600
2600
2700
2900
4700
2600
2500
6900
3200
5000
10100
2600
2800
2600
2700
2600
2600
2700
2600
2500
2500
4100
2900
2800
3000
7100
2900
3000
3000
2700
2900
4500
2900
3200
3000
5600
3800
3000
3500
3100
4100
3100
4000
2900
4400
3100
4400
3100
3000
5100
3300
3100
3300
3300
3100
3100
3000
3300
5800
3400
3300
3200
3400
18800
5700
4400
3000
2700
2700
2700
2900
2600
2700
2500
4400
3100
2600
7400
2800
2800
3700
2800
2900
2600
2600
2600
2600
2700
2500
3100
2600
3400
3000
2800
3200
7000
3300
3000
2900
2700
3000
4500
2900
2800
3000
5200
3100
4600
3100
3000
3000
3600
3100
7200
3100
3600
3200
4500
3000
4900
3400
3200
4200
3400
3200
3100
3200
3400
5700
3300
3200
3200
4100
18300
2600
4300
2900
2800
2600
2600
2800
2400
2500
2500
4400
2800
2700
6900
2800
2900
3000
2600
2600
2700
2700
2600
2500
2500
2500
2700
2500
3100
3000
2800
2800
3500
3000
3000
2800
2700
2900
4100
3000
2800
2900
4600
3100
4100
3100
3000
3000
4600
3300
4000
3000
3400
3200
4100
3100
6000
3500
3300
3200
3300
5300
3200
4700
3300
4700
3300
12500
3400
6300
19700
3000
4600
2900
2600
2600
2700
2700
2400
2600
2500
4500
2700
2500
7500
2900
2700
3400
2800
2500
2600
3500
2800
2600
2500
2600
2900
2500
3100
3000
3000
2800
3600
3100
2900
2800
2700
2900
4000
2900
3000
3500
4800
3300
4100
3100
3000
3000
6000
3000
3900
3200
3100
3100
4200
3200
5700
3400
3300
3200
3200
6800
3500
4700
3500
4500
3600
4600
3500
3800
18700
3200
3000
4600
2700
2800
2500
2700
2500
5700
2700
2600
2700
2600
9200
3100
3600
2800
4200
6000
2600
2700
2700
2700
3400
4700
2600
2600
4000
2900
3300
3100
2900
2800
2800
2800
3000
3500
3000
4200
3300
2800
7700
4200
3300
3600
3000
4100
3900
4000
3200
3000
4300
3500
4300
3100
7300
3700
3500
3500
3400
3300
3300
3600
4500
6100
3300
3400
4800
3400
18700
2800
3200
2900
3200
4800
2700
3000
2700
3000
2700
4600
4900
2700
6800
2900
3500
3100
2700
2700
2800
2700
2600
3000
2700
2600
2500
2500
3700
2800
2900
2800
3100
2900
3000
2800
2800
3800
3000
2800
2900
2900
6700
3000
3100
3600
2900
4000
3800
4000
3000
2900
4300
3100
4200
3100
6300
3400
3200
3700
3700
3200
3300
3400
4800
3300
3500
3300
4800
3400
17400
2700
2700
2900
2700
4600
3000
2800
2800
2700
5600
4600
4600
2600
6800
2800
2900
3100
2700
2600
2600
2900
2600
2600
2900
2600
3300
2600
3200
2900
3100
2900
3500
3300
3000
2900
3000
3000
3600
3100
2800
3400
3900
3200
3100
3600
3000
4200
4000
3900
4500
2900
4500
3200
3800
3100
8900
3400
3200
3600
4000
3300
3600
3400
4700
3300
3400
3400
4700
3500
18100
2800
2600
2700
2800
4500
2900
2700
2900
2700
2800
4400
4400
2800
6900
3200
3700
3900
2900
2800
2800
2900
2500
2700
2900
2700
2600
2600
6500
2900
2900
2900
4400
3200
2900
3000
2900
3400
4100
3000
2800
2900
4000
3300
3400
3600
3100
3100
3200
3300
3100
4700
3200
3000
3200
3400
5900
3600
3300
3400
3400
4700
3300
3200
5000
3300
3200
3500
4500
3400
20100
3000
2700
2800
2600
4400
2600
2600
2700
3400
3000
4400
4600
2800
5500
2900
3200
3200
2700
2700
2600
2900
2600
2600
2600
2700
2500
2400
3200
3100
2900
2900
3900
3200
2900
3000
3000
3200
3600
2900
3000
2900
3900
3100
3100
3400
3200
3900
3100
3100
3000
4500
3200
3100
3400
3100
4700
3300
3400
3600
3300
4600
4400
5000
3300
3200
4600
3500
4800
5000
16800
2700
2900
2700
2600
7400
2700
2700
2600
2700
2600
4600
4800
2700
6000
2900
3200
3600
2800
2700
2700
3400
4100
2600
2700
2700
2600
2800
3100
3000
3000
2900
3800
3300
2900
2900
2900
2900
4000
4200
2900
3100
3800
3200
3100
3500
3000
3200
3300
3400
3000
4400
3200
3100
3400
6100
5200
3300
3500
3600
3400
4600
4700
5200
3300
3200
4800
3500
4600
3500
19100
3100
2700
2700
2800
2900
3200
2900
4400
2700
2800
2900
4600
4300
7900
3800
3000
2800
2800
2700
2600
2900
2700
2700
3200
3400
2700
2700
7000
3100
3700
4100
3100
3000
2800
3100
3000
3000
3000
3200
2900
3000
5400
3700
5300
3300
5000
3200
3200
4600
4200
4400
3300
3200
4400
3200
8500
3600
3700
6200
3600
3500
3400
6400
3700
4000
3500
6300
3500
3400
21200
3500
3100
3100
5100
2900
2800
2700
3200
3000
2900
2700
2700
4900
5600
3100
3900
2800
2800
2700
2900
2800
2700
2700
3000
3000
2700
2800
4100
3000
4000
3700
3100
2900
3000
3000
3000
2900
3400
2900
2900
3000
8700
3600
4200
3700
3000
3000
3100
4400
4200
4800
3200
3100
4200
3800
8000
3400
3500
6000
3400
3300
3500
6000
3400
3400
3300
3400
3200
3300
17300
3700
2900
3600
4900
2700
3300
2800
3000
3000
2900
2900
2700
4800
6700
2900
3500
2900
2800
2700
2900
2700
2600
2800
2700
2900
2700
2700
4200
4100
3300
3200
2900
2900
3000
3200
2900
2900
3700
3800
3000
2900
5700
3300
4700
3100
3000
3000
3100
4400
4400
4300
3300
3100
4200
6100
6600
5000
3600
6000
3400
3700
3400
5800
3500
3400
3500
3400
3300
3200
17900
3000
3100
2700
5100
3000
2700
3000
2800
2900
2900
2600
2700
4800
6900
3100
4600
3600
3000
2800
3400
2800
4200
2800
2700
2800
3600
2800
5300
4500
3200
3100
3000
3000
3000
4200
3000
2900
5400
4000
4000
3000
5000
4500
5500
4800
4900
3300
3200
3400
4200
3900
3200
3300
4200
3300
8600
3500
3500
6600
5900
4800
3300
9100
3800
3500
3300
3300
3300
3400
18600
3100
2700
2700
5100
2800
3000
2900
2900
3100
2800
2600
2700
4700
6300
2900
3300
3100
2700
2900
2800
2800
2900
2800
4200
2800
2900
2700
4300
4200
3100
3200
3600
3000
3000
3300
3000
3000
3900
6900
3200
2900
4700
3300
5000
4800
3400
3200
3100
3400
3200
3300
3100
3200
3100
3100
6400
3600
5200
3500
3300
3600
3400
5200
5000
5000
5200
3400
5100
3500
17600
3900
3300
2800
7500
3200
2700
2700
3000
3200
2800
2600
2800
4800
6300
3000
3300
2900
2700
2800
2900
2800
2800
2600
2700
2800
2700
2700
4000
4100
3100
3500
3000
3000
2800
2900
3300
2900
3700
3900
3000
2900
4600
3300
4700
4200
3400
3200
3400
3100
3300
3300
3200
3200
6100
3200
5900
3700
4700
3800
3300
3500
3300
4800
4900
5100
3500
3400
5200
3400
24200
3000
3000
5900
2900
3500
2900
6300
3100
2900
3000
2800
2900
2800
7800
3200
2900
3400
2900
3000
2700
2800
2800
2800
2800
2800
2700
2700
4200
3100
3500
3000
3000
5800
3100
2900
3200
3000
3600
3100
3100
2900
4300
3400
3200
4200
4100
4500
4200
3500
3300
3300
4600
3400
4100
3300
5300
3600
5100
5100
4900
3800
3500
3500
3700
3800
3500
3700
8600
3600
18000
4900
5600
3000
3000
3100
3000
3000
2900
3000
3100
2900
3000
4800
6700
3000
2900
2900
3200
2800
2800
4000
3100
4100
2800
3000
2800
3100
4000
4300
3200
2900
2900
3600
3100
2900
3200
2900
3900
3000
3000
3000
4200
3600
6400
5800
4300
4000
4300
3300
3500
3200
4100
3300
4200
3200
4800
3500
5000
4900
5000
4000
3600
3500
3600
3900
4000
3500
5400
3500
17200
4900
5600
3100
2800
2800
2900
5700
2900
2900
3000
3000
2700
4900
6500
4300
3100
3100
3300
2900
3000
2900
2800
2800
2800
3000
2900
3300
3600
3200
3100
3900
3300
3100
3500
3600
3200
3200
3000
3100
2900
3200
4500
3300
3200
4400
4000
4200
4400
3300
3500
3100
4000
3700
4000
3200
7800
3600
5100
4700
5700
3500
3400
3500
3600
3400
3700
3400
5100
4100
18800
4800
5600
2900
2700
3100
2900
3000
3100
2900
2800
2800
2800
4800
7200
3100
3000
2900
3800
2900
2800
2900
3000
2600
2700
2700
5800
4000
3800
3100
3200
4300
3100
3100
3100
3100
3100
3000
3000
3000
3300
3400
4100
3400
3200
4800
3500
4600
3500
3300
3300
3300
4600
3400
3900
3200
5100
3400
4900
4900
4900
3500
3500
3400
3600
3400
3400
3300
5100
3500
20300
4800
5700
3000
2900
2800
2800
3000
2800
2800
2800
2900
2700
5500
7100
3200
3200
2900
3400
2800
3100
2800
2900
2800
2600
2900
2900
3600
3700
3100
3000
4100
3200
3100
3000
3200
2900
3100
3000
3300
2900
3000
4000
3300
3300
3200
6100
4400
3500
3200
3400
3100
4500
3400
3200
3400
4400
3500
3800
5000
4800
4800
5200
3500
3800
3400
5200
3500
4900
3700
25100
4900
5600
2800
2600
3100
2900
2800
2800
3400
2800
3100
2700
4700
7000
2800
2900
2700
3400
2700
2800
2700
2700
2700
2600
3100
2700
3700
3400
3000
2900
4000
3000
3000
3200
3000
2900
3100
3000
3100
3000
3100
4000
3400
3200
3400
3200
4200
3500
3100
3300
3000
4400
3200
4600
3300
4300
3400
3300
4700
7800
4700
5100
3400
3500
3400
4700
3300
4900
3400
10400
3100
5500
4900
4600
3000
2800
3000
3200
2800
2800
2800
4700
3100
9200
3200
2900
3000
2900
3400
2900
3000
2800
2800
2700
2700
3000
2600
3700
6300
3000
2900
3000
2800
4000
3000
3600
3000
3000
2900
3000
3100
4300
3200
3300
3900
4100
3100
3200
3100
3400
4100
3400
3000
4100
3100
4900
5100
5400
3400
3500
3500
3500
3500
3500
3400
3500
4000
3500
3500
14500
3100
2800
2900
2900
2700
2900
4500
3000
3100
3000
6100
4600
4300
7100
3000
3000
2900
3000
2700
3400
2900
3500
2800
3100
2800
2900
2700
3600
3200
2900
2900
2900
2800
3800
2900
2900
3000
2900
2900
2900
2900
4300
3200
3400
4000
6900
3500
3200
3100
3400
4200
3300
3100
4000
3200
4800
5300
5500
3500
3400
3400
3400
3300
3300
3300
4200
3900
4400
3400
11400
2900
2800
2700
2900
2600
2800
4500
3000
2900
2800
7300
4600
4200
8800
3100
3000
2800
3300
2700
3300
2900
2600
2900
3000
2900
2700
2900
4400
3300
3100
3000
3000
3800
3100
3700
3000
3100
2900
3000
3100
2900
4000
3400
3100
4000
4300
3100
3400
3100
3200
4200
3500
3100
4400
3300
5300
7600
5400
3400
3400
3300
3500
3300
3300
3300
3700
3700
3600
3400
11100
2900
2800
2800
2900
2600
2900
4500
2900
2900
2800
4400
4400
4600
8000
3100
3000
3200
2900
2800
3500
3200
2700
2700
3300
5800
2700
2700
4400
3200
3000
3100
3000
4000
3200
3100
2900
3000
3100
3300
3000
3000
4300
3200
3400
3100
3300
3100
4700
3300
3200
3700
3300
3100
3200
3400
4900
4900
5200
3400
3300
3900
3500
3300
3300
3800
3600
3700
3400
6000
11000
2800
2800
2900
2900
2600
2800
4500
2800
2700
2800
4500
4800
4300
7000
3000
3000
3100
4500
2800
3500
3100
2700
2800
3100
3400
2800
2700
4300
3100
3100
3000
3300
3800
3100
3400
3000
2900
3000
3100
3000
3000
6600
3400
3200
3500
3500
3100
5000
3400
3200
3200
3100
3400
3300
3100
4500
3500
3600
4600
4700
3400
3700
3400
3400
5200
3500
4000
4600
3600
10400
3000
3000
2900
2700
3100
2800
4800
5500
2800
2800
4300
4400
4500
6400
3000
3300
3000
2900
2800
5000
3000
2700
2900
3600
2900
2800
2700
4700
3200
3000
2900
3100
4300
3100
3100
3200
3000
3000
3000
3300
3000
3700
3300
3200
3100
3200
3300
4500
3400
3200
3200
4000
3200
3300
3300
5600
3700
4600
5900
4800
4500
3400
3400
3400
6100
4500
4400
5900
3400
10600
7500
5900
2800
3000
3100
2900
2800
2900
2700
2900
3000
3100
2800
