913800
34800
24700
158800
25100
31500
20400
17800
21900
37200
20300
26000
879800
29900
44000
23900
25300
24600
23300
41000
26200
44100
48100
25800
22900
29700
23100
22400
43200
26200
25100
25900
44400
42500
40200
44300
39600
65500
47500
71500
46000
48300
89000
36800
26100
20300
18400
27300
22100
21500
21800
19300
55000
18700
21300
39200
42600
21200
18200
20600
17800
19000
18400
18600
18000
27200
17400
22100
17200
58400
13600
12400
10300
22100
12000
9800
14000
12100
12400
10800
9800
13200
11400
9500
19800
18400
11200
10400
11200
12700
11500
19900
26400
14900
13800
15300
11300
11400
30600
14100
13000
12100
40600
16000
14000
14100
12500
22400
14500
20800
32800
22200
52500
16100
14400
13900
12900
20500
14100
14700
12600
12300
34500
22200
13200
24600
30300
39000
16600
17700
13900
14100
13300
13200
13300
27600
19000
15900
14900
44600
10400
12900
9600
11400
9000
7800
7900
8200
11500
8200
7600
12100
9500
8500
11600
10500
9100
16100
10000
16600
9900
9800
12600
24400
14100
21900
14600
16900
34200
18500
18500
17400
17500
20400
17900
19500
17300
35500
17200
29100
23400
27000
59800
20700
20200
19300
18800
20000
19100
23300
20500
18000
28600
21200
19600
31700
46500
23900
22600
28700
21000
21800
20300
19800
21500
20200
21000
26200
21100
570200
22500
18900
28100
18800
12800
11500
12400
11800
35000
14600
13100
11900
11800
11600
15500
17600
13600
36800
16800
23900
14500
14300
14700
20200
13600
20100
14300
14000
18100
14800
16600
14400
15000
17000
25100
35300
26000
21200
16400
17400
16100
16400
44500
20500
20200
23400
18600
18100
19200
22800
19300
18800
40100
21600
20200
28000
30200
23400
21600
25600
21400
21200
20100
19600
20300
20700
21300
22700
21800
46900
14000
16000
12100
19100
13700
10200
9600
11000
13900
10600
11800
11000
10600
10800
13600
13300
16300
18900
13100
20300
13400
16300
13500
16200
12000
16900
12900
14500
18900
15500
15400
15200
16100
16000
16200
24700
22600
16500
15000
14400
14800
16100
21500
24700
56500
14000
13300
13700
24300
16300
12700
22600
12700
19800
20200
21000
33300
14300
12800
16500
13900
14300
13600
12500
12400
13000
13900
12800
13100
30700
11000
12900
9500
11000
8900
8300
8100
8800
11900
10100
9900
9100
8900
8400
10500
12100
8100
11100
7700
12800
7200
7800
7700
13500
8000
10500
7400
7600
9700
9400
8200
8000
8800
10600
8600
20200
13400
8600
8500
8500
8600
8500
11200
8700
9400
8600
9500
15800
9500
10800
8200
15500
9700
14800
16900
14600
29500
10200
10700
20200
9800
9100
10700
9900
9900
9300
21900
11400
10200
329700
28400
41900
18800
18200
12000
12700
17600
11800
12400
20500
17600
18400
19500
21700
19900
17800
17200
17600
17000
17500
23000
22500
24100
18100
18600
20900
21600
17800
22300
22200
18500
18000
18200
13600
9600
9600
10500
14600
9500
14600
15500
10500
19500
15500
10400
10500
13000
10100
15100
15100
11500
17400
12600
11400
16100
11000
132200
16300
15400
8500
17000
20700
8500
13800
7500
7400
7600
7300
8000
7200
12300
11500
8700
8200
8200
10400
8500
10500
8400
8700
8600
10300
11200
8700
11200
9100
8800
8600
9100
9900
12800
9200
14800
9300
8800
12100
12400
12100
13800
9300
13900
9000
10700
10100
11200
10400
9900
9200
8900
13300
13400
10100
18600
14600
9900
10200
19100
10000
14700
14500
10800
18400
10500
10400
15000
11000
131700
10100
19200
8100
15000
13500
7700
12600
7600
7300
7600
10600
7500
7300
10100
10600
8800
8400
8600
10500
8500
10400
9100
8400
8400
11200
10300
9500
11400
13500
19000
15800
10000
8800
12600
8700
8900
9000
8800
15900
8800
11800
12500
9500
9700
9300
9100
10000
10000
13200
12500
9200
9400
13900
13800
9400
19100
15000
9600
9800
11200
11500
15300
14700
10700
14600
9900
9900
15100
14800
132000
14300
40900
7300
12400
155300
9100
32800
5700
4700
10300
4200
5000
10600
15800
6300
4900
4300
4300
5200
4500
5100
4100
4200
4400
7900
5400
4300
5300
6500
4800
6600
4700
4200
5900
9700
5000
4300
4400
6300
4600
5900
6000
4700
4800
4600
4600
4600
6700
4700
6700
5300
4900
6900
7200
4700
9600
7400
5600
5100
5200
4700
7200
8600
5500
10600
5100
5200
7700
6000
79800
4000
7200
3500
6500
6100
4100
6700
3500
3900
3500
3300
3600
3400
7300
5700
4300
4100
4000
6400
4300
5400
4200
4200
4000
5300
5000
4000
8100
6700
5100
6600
4600
4300
6400
4500
4700
4400
4900
6400
4400
6100
6300
4800
4700
5200
4800
4700
6800
5100
6900
4700
6900
7100
7000
4900
6700
5300
5000
5000
7600
5000
4900
5000
5600
4900
35400
10200
8700
6100
35400
4200
7200
3500
6500
6400
3700
6600
3700
3700
3400
3500
4000
3300
6300
5200
4400
4100
4300
5000
4600
4900
5500
3900
4500
5300
5700
3900
5800
6100
5200
7400
4400
5300
5700
5600
4500
4400
4400
6900
5200
5700
6500
5300
5600
4700
4600
4900
9100
4700
7200
4600
4700
8000
7900
4900
8100
5600
5400
5700
4800
5200
4700
5800
5200
5200
5700
8000
9300
5100
24300
8000
4300
3400
3800
4000
6900
7000
3700
9600
3300
3300
7000
4200
21100
6400
18600
10500
3100
2900
3000
3700
3100
3300
2900
2800
2700
3400
4800
3300
3200
3200
3100
3300
3000
3300
4100
17400
3300
3300
3300
3100
4900
7300
5100
3400
3500
3300
3400
4800
3400
5200
3700
3400
3400
3400
5400
3800
3800
3600
3800
5400
3700
3700
4200
3800
4500
5500
3600
5200
19100
3100
3400
3100
3400
5200
6300
6800
3100
5400
3000
3300
2900
3000
5700
3200
2800
2900
2800
3500
2900
2900
2800
3000
2900
3100
2800
82300
14300
5600
5000
5200
4900
4800
5000
5100
9000
6700
4800
5200
4800
5100
7000
5000
10600
5200
5800
5000
5000
5500
5500
9700
5100
5300
5900
5400
21600
5700
5600
5400
5900
8200
9300
5900
5600
5700
5800
8000
5900
7900
37800
4700
5100
4900
4900
7900
5000
10000
5500
9100
4800
4800
4700
4500
6100
4300
4200
4100
3900
4000
4800
4400
4100
4700
4200
3800
9400
5300
5700
6100
4700
5600
4800
4600
4600
18500
4700
5900
5100
4600
4700
5700
22400
9100
7200
5300
6800
5500
5300
5400
5300
7200
5400
5800
5400
5200
8600
6000
6100
5800
5600
8300
5900
6000
6000
5700
5900
8500
5500
8100
40100
4900
5000
5000
5600
8200
5000
10000
4800
8100
4800
4700
4800
4700
6600
4400
4500
4200
4300
4200
4400
18100
4300
4400
7600
4200
4700
5300
5400
6100
4800
5700
5000
5300
4800
5900
4700
5900
5000
5000
4700
5700
6500
5600
10800
5200
5100
5300
9100
7700
10600
11600
5200
5600
5400
5200
10200
5900
5600
6200
5700
8200
5700
6000
5700
5700
5600
8100
5600
8100
42900
4800
5100
4800
5200
10400
5200
10100
4800
12600
4800
4600
4700
4800
5900
4500
4400
4600
4400
5000
5000
4500
4800
4700
4600
4300
4500
5700
5800
6500
5000
6100
4800
5600
4700
6000
4800
8100
5200
6400
4900
5800
6600
5300
5500
5500
5300
5200
5300
5500
7600
7900
5700
5400
5200
5400
7700
5900
14000
5700
5800
5700
8600
5700
5700
8700
6300
5900
6100
5600
44100
5300
5200
142700
6900
8400
5200
9700
5400
7900
4600
4800
4500
4800
7000
4500
4000
4200
4100
4300
4300
4300
5400
4300
4400
7700
5400
6300
5500
6000
23700
6200
8800
4600
5000
6400
4700
5900
4600
4900
4600
5900
7500
6200
5300
5300
5100
5100
5300
5000
7800
8500
5300
5100
4900
5100
7600
6000
8500
5700
5600
6100
5600
5900
5700
8500
5900
5700
5500
5500
36300
4400
4600
4400
4400
35300
4900
4700
4500
4700
5000
13000
9700
6300
5500
3100
2900
3000
2700
2700
3500
2900
3100
13300
11300
3200
2700
4800
15600
4100
3000
4900
5400
4800
4000
4700
3300
2800
3600
2800
5500
2800
4500
4600
3200
3900
3800
61000
10500
5900
5600
5300
5500
7200
10700
5200
9500
5900
8300
7800
5600
5600
5500
5500
6300
5500
5500
5500
5700
5400
46100
4700
7200
4600
4700
4300
4600
4400
7600
4600
5000
4500
4600
6700
16200
5400
4800
4600
4400
4700
4400
6000
4400
4400
4600
4700
4400
4500
11400
6100
4600
4800
6100
6100
5100
4800
4700
4400
5900
4800
5100
4800
7400
5300
5300
5100
5100
7300
5100
5000
5000
5000
5400
5100
5300
5200
8500
5500
8900
7300
5500
5700
6400
5400
5700
5500
5200
5400
5600
5500
37900
4900
11200
5300
4600
4300
4300
5600
7200
4300
4400
4300
4500
6800
11000
4800
4700
4400
4700
4700
4100
5300
4500
4300
4600
4600
4600
4700
5800
4900
5200
5000
4700
4700
7000
5100
4900
4800
6900
4900
4900
5300
7500
5300
5400
5100
5300
12400
5200
5000
5400
5000
5500
5300
5600
5000
12500
5900
7800
8000
5400
5700
5400
5800
5400
5500
5600
6300
6000
5400
36000
4400
6900
4500
4000
4500
4400
4400
6900
4300
4500
4400
4300
6900
7500
5300
4500
5200
4100
4400
4500
5400
4500
4200
4300
7000
4600
4100
5800
4500
4900
4700
5600
4800
10200
7300
4900
4400
8500
4700
4700
4700
13300
12700
5500
5200
6700
6400
5300
5500
4900
5000
6300
5600
5100
5000
7900
5500
7500
10800
5500
5800
5300
5200
5300
5600
5400
5100
5700
5500
39300
4900
7100
4900
4100
4400
4500
10200
6800
5500
4700
4500
4600
6800
6500
5300
4600
4500
4300
5400
4700
5200
4600
4500
4700
4400
4600
4500
5600
4900
4800
4800
4800
4700
5700
4800
4800
4600
5900
5400
4500
4800
6800
6700
4900
8900
6400
6600
5400
5300
5200
5000
6500
5200
5300
5000
8300
6200
10600
5600
5500
7800
5200
5500
5900
5600
5400
5200
5400
5200
37300
4700
7200
4500
4400
4400
4100
4500
6400
4400
4500
4500
4400
6600
6100
5000
6200
4600
4500
4400
4400
53100
7000
9400
6100
5800
5700
6700
800800
12600
5400
5200
5300
5100
14700
5300
10300
5000
6500
5000
4900
5000
9900
7300
5800
6800
7800
7500
5700
5500
5600
5700
7700
5600
5600
5700
8000
5700
5900
6500
6100
8400
6300
5900
6300
6100
7000
5900
5700
5700
33200
5300
8200
11100
5400
4800
10100
4700
4900
4900
4700
5600
4700
4800
11700
25000
5000
4700
4500
6100
4600
5400
4800
5000
4600
4500
5900
4800
7800
6200
6400
5400
5300
14400
5500
4900
5200
5000
6100
5100
4900
5300
8400
8200
8500
5800
7900
5600
6300
5500
6700
5400
5300
5200
5500
7600
16600
6000
5800
5900
6900
5900
5800
5800
10600
5600
5800
8100
6800
8200
35900
7400
5200
5200
17100
7900
5000
5400
4800
5300
7500
5100
7300
5300
8600
5000
4700
4500
5100
4700
4600
7700
4600
4500
4700
4400
4600
4700
6900
5900
5400
5200
5100
12900
5100
4800
4800
5300
6300
5000
6100
5100
6900
5400
7000
5500
6500
5300
6100
5300
5200
15400
5600
5500
5300
6900
11200
6000
5700
5800
5600
4900
5600
5900
5600
5700
6000
7600
5700
8000
36100
7600
5100
9300
4800
7700
5000
5000
5000
5200
7500
5000
7300
4900
8200
5000
4600
4700
4900
4800
5600
4700
4700
4400
4400
5000
4400
4800
5600
6200
5700
5000
4900
4900
4800
5800
4800
4800
5200
5000
5100
5000
7000
5200
6800
5500
6600
5300
7500
5300
5400
5400
5100
6100
5700
6400
13100
7800
6000
8500
5800
5700
6700
5600
6000
5800
7100
7400
7100
9100
45500
9000
5500
5200
4400
7900
6400
5100
5500
5400
8400
5100
11400
5300
9300
4900
4800
4700
5500
4600
4600
4700
4700
4100
4100
4200
4300
4200
5200
6400
5100
5000
5800
5000
4900
6200
5000
4800
5300
5400
8200
5500
7800
7600
5600
7000
5500
5800
5600
5600
5700
5900
6100
5700
5700
5800
12600
7200
6300
6100
5800
6400
10900
6300
6500
6100
7300
8000
6800
9100
40600
10100
5900
5100
5300
7900
4800
4900
4700
5000
7300
5100
7000
4700
9400
7400
4600
5000
6200
4600
4400
4800
4400
4400
4300
4500
4600
4600
5700
6200
9800
5000
4900
4900
4900
6800
4800
4800
4800
4800
4900
4900
6600
6700
5500
5300
5500
5400
5700
5600
5600
5500
5800
5300
5300
5700
8100
5700
7700
7000
7100
5900
5300
5600
6300
5700
5400
5900
6400
7600
38100
7600
9000
4700
4500
7300
6000
5500
5300
4700
6900
5000
6600
4700
8200
5100
4900
4300
5700
4900
4200
4400
4400
4300
4500
4200
4800
5400
6100
6400
5000
5000
5300
4500
5400
6500
4900
5100
4800
4600
5100
5500
6400
6900
5000
5100
5100
5300
5600
5700
9200
5500
5000
5400
5700
5000
8300
6100
10700
5900
7300
5900
5900
7400
5500
5500
5900
5900
5900
8100
33400
5100
5000
4600
4700
4600
4700
5000
5400
4900
4700
7200
4700
14700
20800
4900
4300
4200
4700
5900
6500
4700
4400
4900
4300
4600
4400
4100
6300
4800
4600
4800
4700
5000
6500
4900
6200
5200
4700
4900
5700
6100
6100
4500
5000
5200
6300
4700
5000
4800
4700
4900
6700
5300
5200
6900
11100
5700
5800
5900
9600
5400
5800
7900
9000
5500
5500
5500
7100
10400
37600
5400
7500
4800
7700
4700
7600
4600
4700
4500
5000
4700
7100
4800
9300
4600
4600
4300
4100
4300
4700
3800
3400
5200
4000
4600
4500
3400
3900
2900
2700
2800
4000
2700
3500
2800
3600
2700
2700
2700
2800
3300
8600
3000
3200
3300
4000
3200
3000
3000
2900
3200
3900
2900
6300
3800
6100
3400
3400
3300
3200
3200
3400
4600
4700
3200
3600
3100
5200
3200
18000
2900
4500
2700
4500
2700
4100
2900
2600
2600
3000
2600
4300
2700
7900
2900
2800
2700
2500
2800
4700
2500
2600
2800
2600
2800
2400
2500
3500
2900
2800
3100
2900
3800
3000
2600
2700
3700
2800
2800
3100
3000
4600
3600
2900
2900
4000
2900
2900
3300
2900
2900
4000
3000
2900
6600
6000
3300
3100
3200
3300
3200
5100
4700
4600
3200
3300
3100
4400
3400
23800
2800
4300
2800
4900
2700
4200
2600
2600
2800
2700
2500
4000
2800
7600
2800
2800
5900
2600
2600
3300
3200
2600
2400
2600
2900
3200
2500
3300
3200
2800
2700
2800
3900
2800
2700
3100
3400
2800
3000
2800
2700
3700
3000
3000
3000
3200
3100
4400
3000
4000
3100
3600
3000
2900
4100
5800
3500
3300
3600
3200
3000
3200
4500
7200
3300
3100
3200
6200
3300
22000
3800
4200
2700
4300
2700
4200
2600
2600
2600
2700
2700
5700
2700
7600
3100
2700
2800
2400
2700
3300
2600
2700
2400
2800
3000
2600
2500
3400
2900
3000
3100
2800
3700
5900
2700
2800
4100
2800
2900
3000
3000
3600
3200
3000
3100
3100
3100
4300
3300
4000
3100
3100
2900
3000
4300
4400
3200
3400
3300
4500
3800
3200
3200
3400
3200
4700
3200
3100
4600
16100
2800
6900
2800
4200
2900
4100
2600
2600
2500
2900
2600
4100
2600
7800
3000
2700
2800
2700
2500
3100
3000
2700
2400
2500
3000
2700
2500
3200
2900
3300
2900
3800
4200
2900
2700
2700
3600
2900
2700
2800
3200
3800
2900
3000
3100
3300
2900
7100
3100
4000
3000
3000
2900
3200
3900
4300
3600
3200
3300
4600
3700
3200
3400
3200
3200
4600
3300
3400
4800
19200
3000
2600
2700
3000
2500
2500
4300
4200
3000
2500
2500
7300
2700
7500
2900
3500
2700
2600
2600
2700
3000
2900
2900
2700
2700
2600
2600
3600
3600
3000
3900
3000
3300
3200
3100
2900
2900
2900
2800
2800
3000
6000
3100
3200
4300
3200
3600
3000
3300
3700
3200
4800
3400
3400
3000
5200
3400
3300
3400
3500
3200
3300
6000
3400
3300
3400
3700
3300
3300
16300
3100
2800
2700
2800
3200
2800
4300
2800
2800
4400
2700
2600
2500
7200
2900
2800
2600
2600
2600
2800
2700
2500
2600
2600
2600
2500
2500
3500
3200
3000
3100
2800
3100
2900
3300
3300
2800
2900
3100
2800
2800
4100
3000
3100
7200
3000
3800
3400
3000
3700
3300
4100
3300
3000
3000
4600
3400
3100
3100
3200
3100
3600
3200
3100
3200
3500
3300
3200
3400
15900
2700
2600
2600
2700
2700
2500
3900
2800
2800
2600
2600
3100
2600
6700
3100
2800
2700
2900
2600
2600
2800
2500
2900
2600
2700
3200
2600
6000
4400
2900
2900
2800
2900
2900
2900
3800
3600
3200
2800
2800
2800
4100
3200
3300
4200
3000
3800
3100
3000
4300
3100
4400
3100
2900
3000
4800
3100
3200
3200
3300
3300
3300
3100
3200
3400
3100
3300
3100
3300
16600
2700
2700
5600
2600
2700
2600
4000
2800
2700
2900
2700
2500
2900
8000
2900
2800
3000
2900
2600
2600
2900
2600
2700
2600
2700
2800
2600
3200
3000
3100
2900
3200
2800
3000
2900
3700
4400
2900
2800
2900
2900
3700
4200
3100
3500
3400
3800
4500
4000
3100
3400
3100
3100
3100
3100
4600
3200
3100
3300
3400
3400
3200
3000
3300
3200
3100
3400
3300
3300
17600
3400
2700
2600
2600
2700
2600
4000
2600
2700
2700
2700
2800
2600
6500
2800
3000
2600
2600
2500
2600
2700
2500
2600
2600
2600
5500
2600
3000
2900
2800
2800
2800
3200
3500
3400
3200
3200
3000
2800
2700
2800
3700
3600
3200
3500
2900
4000
3100
4000
3100
3600
3200
3100
3000
3000
4200
3200
3500
4100
3400
4100
3300
3400
4100
4900
4700
3300
3100
3400
18100
2600
2700
2700
2800
2700
2600
3900
2600
2800
2600
2600
2500
2600
5300
3000
2800
2600
2700
2800
2600
2700
3200
2600
2800
2600
2600
2500
3200
7100
2900
3000
2900
3000
2900
2900
3400
3300
2900
2800
2900
2900
3600
3900
3200
3700
3100
3700
3200
3700
3100
3200
3300
3300
3100
3000
7900
3300
3200
4200
3200
4200
3300
3400
4100
3700
4800
3300
3200
3200
15400
3000
2600
2700
2700
2800
2700
2600
2700
2900
3900
2800
2700
2800
6600
3200
3400
2900
2700
2600
2700
2800
2700
2700
3100
2800
2700
2700
3800
3000
3500
3200
3600
3100
3000
2900
3400
3500
3700
2900
2900
5100
5300
3300
6100
3300
3100
3200
4100
3300
3000
3100
4600
5700
5000
3000
5800
4500
3500
3500
3400
4400
4700
4400
3300
7000
3600
4400
5800
6100
18200
3800
3000
3100
2900
5900
2900
3100
2800
2600
4700
5600
2900
3000
5600
3300
2900
2800
2500
2700
2600
2800
2600
2900
2700
2700
2900
2600
3800
2900
3400
3200
3600
3100
2800
2800
3000
3400
4700
3000
2900
3800
4500
3100
4300
3200
3100
3100
3200
3400
3000
3000
3200
6800
4200
3000
4700
3400
3700
3400
3300
3900
5200
3500
3500
5400
3400
3400
4900
5500
17700
3400
3000
2800
2800
2900
3500
2800
2600
2900
4500
5300
2800
2600
6200
3500
2900
3100
2700
2700
2800
2900
4300
3200
2600
2900
2800
2700
3500
3100
3900
3300
3000
2800
2900
3300
3200
3000
4000
3100
3000
2900
4300
3400
4100
3400
3200
3200
3100
3100
3100
3100
3300
4200
4100
3100
5000
3400
3600
3600
3700
3300
7700
3500
3400
5600
3300
3400
5400
5100
16900
2800
2700
3100
2700
3300
2900
3100
2600
2700
4500
6100
2700
2700
6200
3400
2800
2900
2700
2800
3200
2600
2600
3500
2600
2700
2800
2700
3600
3000
6700
3000
2900
2800
3000
3000
2900
3000
3900
3200
3100
3000
3800
3200
4200
3300
4200
3200
3200
3300
3100
4300
4100
3200
3400
4100
5000
3400
3400
3400
3500
3300
4700
3600
5200
5400
3500
3500
12000
8100
12400
3000
2600
2800
2800
2600
2700
4200
2600
2800
4300
5200
2700
2600
5500
3400
2800
2800
2700
2800
2700
2700
2600
3300
2800
2700
2600
2600
3300
3000
3900
3400
3000
3000
2800
2900
2900
2900
3800
3100
2800
3000
4100
6000
4500
3400
4000
3400
3100
3000
3000
4300
4400
3200
3000
4300
4600
3400
4800
3700
3400
3400
3300
3600
3200
3700
3600
4500
4800
3500
10100
3000
2700
2700
2600
3100
2600
2700
2600
5500
4300
5200
2700
2800
5700
3100
2800
3700
4000
2700
2600
3000
2700
2800
2600
2700
2900
2600
3400
3200
3500
2900
2900
2800
2800
2900
2800
3000
3500
3000
3300
2800
4000
3200
3800
3400
3900
3300
3200
3100
3000
4000
3800
3400
3000
6700
4400
3300
5200
3400
4200
3300
3600
3400
4200
3700
3500
4800
5600
3400
9100
2800
2900
2700
2800
2600
4400
3000
3000
5600
3000
2700
4900
4900
7900
2800
2900
2700
2700
2700
3000
2900
2800
2600
2700
2600
6000
2700
3800
3000
2800
2800
2800
3800
2900
3000
3600
3500
3000
3200
2900
3400
4200
3400
4200
3400
3400
3100
3700
4200
4300
3700
3500
3800
3100
3200
4700
5300
4600
3600
3600
3600
3600
3500
3400
3500
4600
3400
9100
3500
10300
3000
3200
2800
2800
2800
2800
5700
4400
3000
2800
2800
2800
3000
7100
3100
2700
2800
3000
2700
2900
3600
2800
2600
2600
2800
2600
2600
3700
2800
2800
2700
2700
7200
3000
3000
3600
3400
3000
3200
2900
3300
4300
6000
4100
3100
3300
3000
3100
4100
4100
3300
3000
3200
3100
3300
4600
5400
4600
3600
3300
4000
3200
3200
3300
3700
4600
3400
4900
3300
9600
2800
4600
2900
2600
2600
2600
4400
7000
2900
2800
3600
2600
2600
7300
3700
2800
2900
2600
2700
2700
2700
2900
2600
2800
2600
2700
2800
3400
3000
2900
2900
3100
2900
3800
3900
3700
3000
3800
3000
3300
3600
4500
3200
4100
3100
3200
3000
3000
4200
4100
3000
3000
3000
3300
3000
4800
8100
4600
3500
3900
3300
3300
3300
3600
3200
4600
3300
4900
3700
9300
2900
2900
2900
2800
2700
2700
4400
4300
2700
3000
2800
2600
2900
7200
2900
2700
2800
2700
2800
2700
2700
2800
2900
2600
2800
2600
2700
3400
3100
2900
2900
6100
3000
3500
3100
3500
2900
3500
2900
2900
4100
3800
3300
3100
3100
3100
4200
3200
3200
4200
4200
3300
3100
3100
4200
4600
5600
4600
3500
3400
3300
3300
3300
3400
3300
4500
3300
4800
3300
12100
2700
2800
2700
2900
3200
2700
4400
4200
2700
2800
2700
2600
3400
6500
2800
2800
2700
2900
2700
2700
2700
2900
2600
4300
2700
2700
2700
3100
3100
3100
2800
3000
2800
3900
3000
3600
3200
4000
3100
3100
3400
3900
3100
3100
3300
3000
3900
6000
3200
4300
4000
3400
3100
3000
4500
4400
3500
4700
3400
3500
3600
3500
4800
5100
3300
3300
4100
3400
3400
9400
2700
2900
2900
2600
2800
2700
4500
4300
2900
2800
2800
2600
2600
6500
2800
2700
2900
2600
2600
2700
2800
2900
2600
2600
3300
2600
2800
3100
3000
2900
2900
2900
2800
6900
3000
3300
4400
3600
3000
2900
3600
3700
3300
3700
4200
3000
4400
3200
3100
4100
4100
3100
3300
3100
4100
4400
3400
4600
3500
3500
3200
3300
7700
5100
3400
3300
3500
3300
3400
8600
5200
4200
2900
2700
3200
2700
2700
2700
3000
4200
3000
4500
2800
8200
3200
3100
2600
2800
2700
2900
3100
2800
2600
2700
2700
3100
2700
3800
3100
3000
3100
4000
3200
3000
3000
7400
3100
2900
3000
3200
3500
4600
3400
3500
3400
3300
4300
3300
4100
3400
3400
3200
3200
3300
3900
4800
3500
3700
3800
3500
3500
4600
4000
3700
3500
3500
4100
3600
3400
10300
2800
4600
6800
3000
2800
4200
2700
4200
2800
4100
2900
3000
2800
6600
3100
3200
2900
2800
2800
3000
2900
2700
2700
2700
3000
2700
2900
4000
3000
3000
2900
3800
3100
3000
3100
3500
3000
2900
2900
2900
3600
4300
3400
3100
3100
3800
4300
3400
4100
3200
3300
3100
3200
3000
3200
4700
3700
3500
3300
3400
3600
4400
3600
3300
3300
3800
4100
4400
3300
10000
3700
2800
4200
2900
2800
4200
2700
4200
3100
4000
2900
2700
3000
7000
3200
2800
2700
2700
5800
2800
2700
2600
2700
3000
2700
2700
2700
4700
3600
3300
2900
3000
2800
3600
3600
3100
3200
3000
3000
3500
3100
4700
3200
3200
3100
3300
4100
3300
3900
3200
3600
3000
3100
3200
3400
5200
3400
3500
3900
3400
3400
4600
3500
3400
3300
3400
6500
3500
3500
10500
2700
2700
4000
2800
3000
4200
2800
4100
2800
4100
2800
2900
5300
7600
3200
2900
2900
2900
2800
3000
2800
2800
2900
2900
2700
2600
2800
4100
3600
3200
3000
3100
2900
3500
3500
3300
2900
2900
2900
6300
3000
4300
3200
3200
3200
4200
3300
3100
3400
4000
3500
3400
3200
3400
4200
4800
3500
3600
3300
3400
3300
4600
3400
4100
3400
3300
3900
3400
3200
10100
2700
3100
3900
2800
2700
6900
2800
4200
2700
4000
2800
3400
2900
6800
3100
2800
2800
2700
2800
2700
2700
3000
2700
2700
2700
2700
2900
4000
3900
3100
2900
2900
3100
3200
3300
3300
3000
2900
2900
3500
2900
4000
3200
3200
3700
4300
3300
3200
3400
3900
3200
3300
3200
3200
4200
7700
3600
3400
3400
3600
4400
3500
4500
3400
3400
3300
4100
3400
3500
9900
2900
2700
4000
3500
2700
4400
2700
4000
2700
4000
3000
2800
2800
6300
3300
2900
2900
4500
3000
2800
2700
2600
2700
5800
2800
2700
2800
4200
4200
3300
3000
3100
3100
3600
4100
3100
3000
3000
3000
4100
3000
4200
3300
3200
3400
4300
3300
3300
3400
4400
3300
6000
3400
3200
4400
4700
3500
3500
3700
3400
4800
3600
4700
3500
3400
3500
4000
3300
3500
8700
2900
3100
2900
2900
3100
4500
2900
2800
2800
2900
2800
2800
2900
