610000
35100
25200
22400
103400
28100
20300
21800
21400
31900
22200
21100
916400
27600
44200
33700
42200
23800
23000
43100
66000
40000
33900
24400
25100
43400
25200
24000
45700
31100
28300
27400
31600
33100
29300
29800
29600
29800
37700
29900
26600
27000
48700
80100
32000
33500
27000
28200
21800
19400
20400
20600
39000
48400
19200
35700
42700
20800
19200
20300
19700
19500
18900
55300
22200
19600
18100
18500
18100
17300
13600
12600
13000
10700
10100
9700
15100
14700
17700
12000
10500
10400
9500
10300
18400
20200
22900
18500
12300
23600
18000
13700
13900
12000
24500
17800
14200
12300
23800
14500
14900
12800
28800
17300
14800
15800
16600
13500
13200
12200
13600
13300
33800
34000
16200
14900
14200
14500
13600
19800
15800
24300
25300
25000
14900
25300
31600
29800
16000
16100
15100
14700
14400
34500
17100
20900
16000
15700
15100
15700
10300
11000
10200
8700
8400
8900
9000
8400
21100
10600
9400
10300
8900
10100
16000
11800
9600
9800
32100
17600
10700
14200
13600
10200
9900
9800
9100
10600
24500
12500
13200
13500
11700
14500
11600
14000
11700
10900
10900
12100
11200
11200
24800
40800
14500
13400
12900
18600
17600
20400
21200
21100
49900
38800
20100
37300
36200
23300
21900
26200
23900
22700
21900
44000
25600
22900
23000
22800
20900
23800
12600
14800
25500
12600
11200
10600
10700
11000
37900
14300
12400
12100
11000
15200
14700
15900
14400
20600
28100
18700
15000
13900
15400
13300
12900
17900
12100
12500
17100
21200
23600
19700
15300
48500
15100
38900
11200
11300
11200
15600
11700
11200
16400
23700
14600
19600
15100
13000
12000
13800
12700
16200
264200
20100
14200
24100
18900
18400
13500
14700
14200
14200
13500
26700
16000
17600
34400
19700
21700
17300
10400
12400
9200
7700
9500
7700
7000
7400
16100
9100
8500
8100
7200
7300
9800
8600
7800
6600
11900
10900
7200
7500
7900
6900
6800
8000
7300
8900
10100
15700
16200
10800
8700
14400
14300
11600
9300
8700
10300
14300
10500
10200
17000
16000
14000
13800
14500
14000
14600
17400
15600
15400
16000
15500
15300
16200
29000
18800
17800
21000
18200
18700
19200
30100
19900
19000
19200
19400
18500
18300
9700
11900
8700
8700
7600
7100
7000
7600
15200
20100
13600
9700
7900
8000
10700
8700
7100
6900
11100
9900
7300
6700
7300
7100
6700
11200
6500
6700
10000
15200
13700
9400
8400
15600
11300
11000
8300
8500
8400
12400
48500
7300
14100
6600
6100
5900
6000
7700
6100
7800
6900
5900
5700
6400
6100
5900
9300
19100
7700
12400
7600
7000
6100
13600
10100
10400
21500
24800
14900
20200
42900
24900
30800
26500
27700
23900
143700
31400
27200
33800
28400
30000
51500
31200
26300
24300
29700
40600
33700
21400
15500
31600
18200
19600
17200
34100
26700
20400
21300
24800
15800
15600
17200
15700
14100
15400
34700
17900
32900
40500
13300
13500
15200
11800
11100
10100
10700
11000
21900
11900
11100
20000
25600
11600
11500
11200
156900
12400
21300
9900
31000
9100
9100
6900
7700
8300
7500
7700
7800
8000
32300
11000
12200
20100
9700
12200
9300
9800
9400
9400
13600
10600
9100
10700
12000
10400
15800
13000
15400
13000
21800
10900
10400
10300
9900
15100
15100
13500
17100
9700
8400
11500
12100
9800
10200
10300
23300
10800
10500
20200
10500
9900
14500
11100
10600
10700
10600
11700
26800
11400
9900
21800
44600
11500
13100
11200
144600
39900
20700
8100
24400
8800
7600
6300
6200
6100
5700
6700
6200
6000
14300
8100
7400
12200
10200
11000
7400
7200
7200
7100
11000
7600
7600
8200
8600
9100
20500
9100
13400
7800
7900
8800
7600
8400
8100
8200
7700
13000
11000
8900
8700
8400
9000
8400
8600
8400
17400
9300
8500
16700
8100
6200
16000
9000
8500
8900
9000
9100
43100
10100
9800
14500
15500
10100
9500
9600
131900
8900
12800
8000
14200
6600
8800
6500
6500
6400
5800
5900
5900
6100
10500
7400
7300
9300
7300
9000
7200
7300
7300
7500
8500
7600
7300
8000
9200
7900
19800
8200
10600
7900
8400
8600
8200
9200
7900
7800
16300
7700
9600
4300
6700
14100
9800
6000
5700
5700
5700
6200
5800
9100
8700
6200
9400
6800
7600
6800
6500
6200
10800
8300
6700
10800
11400
6700
6300
9500
124400
7600
26600
7200
21800
6100
6500
5400
5900
6300
5600
5800
5800
6700
7800
5500
5200
6900
5600
16900
5200
5200
4900
4600
6400
5300
5000
5200
6600
5800
9100
5400
8200
5400
5900
5200
5500
5600
5700
5500
5500
8100
7400
6000
9100
6600
9900
6000
6500
6900
6300
6300
6100
19400
9300
6600
9000
7000
6700
6500
6600
6500
6800
6500
10800
6100
6400
10800
6600
6200
141700
14300
14900
6000
20500
5900
5900
5500
5800
5600
8300
8900
5500
5400
11900
5300
4700
8800
4900
11500
6000
4800
4800
4900
5900
4800
4800
5100
5800
5300
7900
5200
7600
7500
5300
5300
5800
5500
5300
5600
5100
7700
13000
6000
21900
6300
8600
6100
6300
6000
5900
6000
5700
8600
9800
6000
8000
6000
11900
6400
6900
9400
6000
11200
11300
6500
6000
9900
6900
6300
44200
3800
3100
3500
6700
21100
17800
8400
5100
9500
11500
5100
5000
5900
10100
5100
4900
11400
5300
4700
4700
4500
6500
6000
4800
5100
4700
4800
7600
5300
5000
5300
5300
5100
5000
5200
7900
5700
5700
5600
5500
5100
8900
11100
5800
6000
11400
9400
5800
5400
5300
5900
9300
5700
6900
8100
11100
6600
12400
6500
7600
11700
7900
6500
12000
6800
6200
9000
10400
6300
45600
6100
5700
11800
6500
5000
7000
5100
5200
5500
6500
5300
5800
5600
8300
4700
4700
4900
7200
5100
6100
5000
5900
4700
5800
5500
6900
5800
8600
5400
5100
6000
5300
5400
5600
8400
7700
5300
5700
6700
5500
5300
9000
10800
5600
5700
10400
10600
5800
8800
5800
5600
9700
5800
7000
8400
10700
6800
11300
18500
6200
28900
7700
8300
12300
7200
5900
10200
6600
5500
48700
5000
4700
9300
4900
4700
5200
4700
4500
12000
5000
4900
4700
4600
14000
4600
4600
4600
6700
4700
6000
4600
4400
4500
5600
8000
5200
5500
6500
5200
5200
7300
5100
5000
10300
4800
11700
7100
5100
5400
5100
5200
8200
9300
5400
5400
13100
8100
5600
12800
5400
5700
8300
6000
5300
7700
9000
6000
12400
5800
5800
9700
5600
5900
8800
5800
5700
6100
6000
6000
34800
9400
4800
9500
4700
4800
5000
4700
4800
4700
4500
4700
4800
4900
13000
5300
4800
14000
6500
4800
6000
4500
5400
4700
6000
4600
6500
6100
6700
5100
5000
7900
5100
4900
5100
4900
7500
8500
5100
5500
4800
5000
11800
5800
5600
5400
5400
5300
5500
9500
10200
5600
5700
5200
5800
5200
10300
6200
17900
6000
5900
9100
5800
5700
9100
5700
5200
6100
5600
5800
43500
5100
4700
9200
4900
4700
5300
4400
4700
4500
4500
4400
4900
4600
6900
4600
9100
4800
5300
4500
11400
4600
4400
4600
5500
4500
5200
5700
5900
4900
5100
7200
5100
5300
5800
5000
7300
10400
5300
6800
4800
8200
6900
6400
5500
5300
5300
5000
5400
5100
8200
5100
5200
5100
5300
5100
7600
10000
5600
5900
10300
13200
5500
5600
5400
9300
9100
5900
6000
10000
33500
4400
4700
8900
13000
4400
5500
4700
4500
4600
5400
4300
4400
4800
6700
5200
4400
4800
5200
4400
5000
4600
4400
4600
5000
4500
5300
5700
5900
5500
4900
6500
6200
4900
4700
4700
11200
6900
5000
5300
5000
5100
6800
5600
6300
5200
5200
5300
5500
5500
8000
5300
5400
5300
5300
5200
7800
9600
5800
5900
9300
9000
5300
5400
5700
5800
8400
5800
5600
8600
35500
5200
8700
4800
4800
8600
5000
4800
11400
4600
4900
4800
4600
4700
56900
15600
7800
6000
7500
7300
6300
7400
6100
6000
6400
6000
6100
6400
10900
8300
8400
7400
7500
10300
7600
8200
7700
8700
7800
8100
10300
7400
11900
10000
9200
12300
12500
9200
14200
9400
12500
9200
9100
10100
12000
10100
14100
11200
14800
10900
11700
10800
14300
11000
11400
11400
10500
11900
11100
11200
40800
12000
11200
17000
20900
16100
11200
11500
11600
11200
14900
11300
12300
11600
31700
8800
13800
4900
5200
5700
5700
5200
5000
4600
4800
5100
4900
5300
12400
8100
5600
5400
5400
9900
5500
5300
5600
5300
5200
5300
7200
5400
7800
6100
5800
5700
10500
6000
5800
6600
8300
5600
5600
5700
8200
5900
9200
6200
9500
6200
6100
6100
15600
6300
6300
6800
6200
6200
6200
6800
42300
5000
5200
8900
10800
9000
5500
5100
5400
5100
5500
5100
4900
5200
8000
5000
6500
4900
4800
5400
5200
5200
9600
7100
4400
4100
4500
4000
10300
4600
6000
4900
5900
10000
4600
4500
4300
4500
4700
4400
4700
4500
7600
5300
5200
4600
7500
6200
5100
5300
7600
5100
5200
12000
7600
5600
8800
5800
8500
5300
5400
5500
8800
5500
5300
5400
5600
6500
6200
5800
35300
6200
4500
28500
13800
8100
4800
4700
4800
4500
4500
4700
4400
4500
7800
4200
18600
5100
4400
4800
5700
4400
4300
3900
4200
4400
4200
3900
7500
4400
6400
4500
6300
5900
4700
4900
4700
4700
4800
4400
4700
4500
7800
10900
5400
5400
5100
7200
5200
5000
5000
9400
5100
5100
10300
6000
8000
5600
7500
5900
5700
5500
8000
6500
5600
5800
5700
5600
5600
6000
31600
4400
4600
8400
9500
6900
4500
4700
5100
10900
4500
4700
4400
4200
7200
5200
4900
4200
4100
9500
4600
4600
3900
4100
4300
3900
4200
4000
6900
4500
6200
4700
8600
6000
7300
5000
4600
4700
4900
4000
4700
4700
6700
5500
5200
5400
5300
7300
5100
5100
5200
5100
5100
5000
6900
5000
8400
5400
5700
5600
7800
5500
5500
5200
7800
5300
9800
5300
7900
5200
32600
4600
4500
7500
9000
7700
4700
4500
4500
4400
4700
4400
4400
4400
6900
4300
7200
4500
4200
4700
4700
4200
4100
3900
4400
4000
4300
4000
7900
4600
6400
4700
5800
6200
4600
4600
9800
4700
4500
4500
4700
4400
7000
5000
5100
5100
5400
7000
5100
5100
5100
5100
5200
4900
7200
5900
7500
5900
5400
5700
8200
5300
5500
5300
7900
5600
5300
5400
8000
5500
32000
8000
7000
4300
4500
8700
7200
5300
4500
4400
4500
4300
4400
4700
12200
4700
5800
4700
5200
4300
4500
4700
4200
4000
4200
4300
4600
4300
6600
5100
4900
6400
4300
4900
4900
4500
4700
4400
6000
4800
6700
4900
7000
5300
7000
10400
5200
5100
5000
5000
5500
5100
5100
5200
5900
4900
15700
5600
5900
5500
7500
7800
9400
8200
5500
5400
8300
5800
5600
7800
32400
5600
4900
4700
5000
4800
4500
8500
7900
5000
4900
7700
4400
139100
12100
4600
3000
3400
6300
3000
2600
3000
2800
2700
3000
2400
2500
3700
3900
3900
3000
4600
2900
2700
2700
3700
2900
2700
2700
2700
3600
2900
6900
3300
5200
7000
3200
3000
4200
5400
3200
2900
2900
2900
3000
2800
8900
3400
3300
3100
6800
7500
9100
5000
3200
3300
4600
3400
3200
5100
29900
3400
2700
2800
2600
2900
2700
4800
4300
2800
2800
4600
2700
2700
6500
3300
2600
2900
2700
2500
2500
2800
2600
2700
2800
2500
2600
2800
3200
2800
6900
3100
3500
2800
3000
2800
2800
2600
3000
2900
2700
2800
4100
3100
4100
4200
3300
3100
3600
2900
3300
2900
2800
2900
2800
3100
5800
3500
3700
3100
4500
4300
8700
4500
3200
3200
4600
3300
3200
4300
18100
2800
2500
2900
2600
2500
2800
4300
4300
2700
2500
4300
2900
6500
7600
3000
2800
2900
2600
3100
2800
2800
2600
2500
3000
2500
2500
2500
3300
2800
6900
2900
4100
2900
2900
2800
4500
2600
2800
2800
2800
2800
3900
3000
3000
4200
3100
2900
2900
3200
3200
3000
2900
3100
4300
3300
5800
3400
3200
3100
4500
4300
5100
4500
3200
3100
5300
3200
3200
7600
17900
2700
2500
2700
2500
2600
2700
4300
4200
2700
2400
4300
2700
2700
6600
3600
2600
3400
2900
2500
2500
3000
2800
2600
3100
2800
2600
2600
3300
2800
4400
3000
4000
2900
6100
2900
2800
2900
2900
2800
2800
2700
3900
3000
3000
4400
2900
3000
2800
3700
3100
3000
2900
3400
4500
3200
4400
3300
5900
5000
3400
3400
3200
3300
4000
3200
3200
3200
3400
3200
16500
2600
2700
2700
2700
2600
2500
5200
4300
2900
2400
4300
2500
2900
6300
3800
2700
3200
2500
2500
2500
3400
2700
2600
3000
2500
2500
3200
3300
2900
4200
2900
3800
2800
3000
2700
3000
2800
2900
2800
3000
2900
4400
3100
3000
4200
3100
3000
6100
3100
3000
2900
2900
2900
4000
3300
4700
3200
4500
4600
3400
3100
3300
4700
3400
3200
3100
3300
3200
3300
17400
2600
2800
2500
4300
3900
6500
4200
2900
2500
7800
2500
2800
3900
8000
2700
3600
2800
2500
2600
3100
3600
2700
3000
2600
2700
3500
2500
4200
5900
3100
3800
3700
4000
2900
2900
2700
3000
3600
2900
3000
2700
4600
4400
3300
3200
3300
3300
2900
3200
3200
2900
2900
3000
2900
3000
5200
7900
3600
4000
3100
3200
3400
3500
4900
3500
4800
3400
5100
3300
17400
3100
6500
2800
2700
3100
2900
4500
2800
2800
2900
3600
3100
2700
6400
2900
2600
2600
3500
3100
2700
2800
2600
3000
5400
3500
3100
2500
3800
3900
2800
3600
3700
4300
2900
2800
2800
2800
3800
3000
2700
2900
4400
4100
4900
3100
2900
3200
2900
3100
2800
3300
3200
3000
2900
3000
5300
4900
3300
3300
3400
3400
3300
4300
4700
3400
7400
3400
4900
3300
17500
2700
4900
3900
2700
2700
2600
5700
2800
2700
2500
3000
2700
2600
6200
2900
2600
2700
3500
3200
2500
2700
2800
3200
2600
2400
2700
2500
3200
3200
3900
2900
3100
2700
6700
3700
2800
3900
3100
3100
3800
3000
4700
5000
3200
3100
2900
3000
3200
3100
2900
3000
2900
3100
2900
3000
4900
4800
3300
3200
3300
4700
3200
3400
4700
3700
4700
3400
5000
3400
19100
2900
5000
2500
2700
2800
2600
4400
2800
2800
2600
2500
2900
2500
6200
2800
2700
2600
2800
2800
2700
2500
2400
2700
2600
2600
2400
2500
3100
3000
3300
2900
3000
2800
3800
3900
2800
3600
2800
2800
3200
3300
3700
4100
3100
7000
4100
4000
3100
3200
3000
3000
4100
3700
3200
3100
5200
4700
3500
3500
3200
3200
3500
3200
4700
3300
5500
3300
5200
5100
20300
3200
5300
3800
2700
5500
2600
4500
2700
2800
2600
2900
2700
3200
5900
3000
2600
2700
3100
3100
2600
2600
2500
2900
2800
2500
2400
2800
3300
3000
3800
3100
2800
2800
3700
3600
3100
3600
2900
2900
3500
2900
3900
4400
3000
4300
4600
7100
3300
3100
3000
3200
4100
3200
3100
3100
4700
4700
3400
3300
3300
3600
3800
3400
3400
3300
3200
3200
3700
3300
18100
2900
5000
2900
2600
2600
2800
5000
2600
2700
2600
2900
2600
6200
9100
2700
2500
2600
3000
3100
2500
3100
2600
3000
2600
2500
2500
2700
3000
3000
3700
2900
2800
2900
3700
3600
3200
3400
3000
3000
3800
3400
4000
4200
3100
4200
4300
4200
3300
3100
2900
3300
4200
3100
3100
3000
4600
7700
3500
3500
3300
4000
3100
3400
3700
4200
3500
3200
3100
4200
16700
4600
3800
2800
2900
2500
2800
2800
4400
2800
4300
2700
5000
2600
7300
3100
3400
2700
2600
2600
2900
2900
2700
2600
2500
2500
2700
2500
3400
3000
2900
2800
6800
3000
2800
2700
2800
2700
2900
2900
3300
3000
4300
3300
3000
3400
3000
3000
3000
3200
3100
3000
3000
3200
3500
3200
4900
3300
3400
3400
4200
4800
3400
3300
3400
3300
3200
4800
3400
3300
19100
2800
4000
2800
2600
2600
3000
2600
6300
2700
2600
3000
4900
2700
6400
2800
2600
2800
2600
2500
3200
3700
2600
2500
2700
2900
2600
2600
3600
3000
2900
2900
3600
2800
2700
2700
2900
2700
2700
2800
3400
3300
4800
3800
3000
3700
3000
3100
3000
3000
3000
3000
3200
3000
2900
3800
4500
3600
3200
3300
4200
4200
6000
3200
3400
3300
3200
3300
3100
3200
17400
2700
3700
2500
2800
2900
2600
2600
3900
2600
2500
4100
3800
2900
6000
2900
2600
3200
2600
2600
2400
3200
2800
2500
2600
3000
2900
3100
3200
3100
3200
2900
2900
2900
3100
3000
2900
2800
2800
2800
2900
2800
4000
3600
3100
3400
3000
3000
3000
2900
3300
3000
3000
3000
3000
3200
4600
3300
3300
3400
4200
4400
3300
3200
3200
3400
3200
3300
3100
3100
18100
2900
3600
2700
2700
2600
2800
2600
3700
2600
2600
2600
3700
2600
6100
2900
2900
2800
2600
2600
2400
5500
2700
2600
2700
3000
2900
2500
3300
3000
3100
2800
2700
2800
2800
3200
2700
2900
3400
2800
3100
2800
3700
3100
3100
3400
4200
3200
3100
3000
3200
3000
3000
3100
3700
3100
4400
3200
3400
3200
4000
4200
3600
3300
3300
3100
3200
3200
3300
3200
17700
2900
3700
2700
2500
2500
3000
2500
4000
2700
2500
2600
3900
2600
6700
2900
2600
2900
2800
2600
2500
2700
2700
2800
2700
3000
2600
2900
3200
2900
2900
3000
2900
2800
2900
3100
2800
2800
2800
2800
3000
2700
6600
3200
3200
3500
4400
3200
4800
3000
3300
3000
3100
3000
4000
3100
4400
3200
3500
3300
3300
3400
3300
3400
3500
3300
3300
3900
3300
3300
17100
2700
3800
2600
2600
2800
2700
2600
3800
2600
2700
2600
3600
2900
6700
3100
2700
6000
2600
2700
2600
2900
3300
2700
2800
3400
2800
2700
3400
3100
3000
3500
2900
3100
3000
2900
2900
3200
3100
2800
2800
3000
3600
3100
3400
3800
4600
3200
3000
3000
3000
3200
3000
3100
4200
3200
4700
3700
3300
4000
3300
3300
3300
3500
3300
5000
3500
3500
3200
3300
17900
3000
2700
2700
4500
4200
2800
2600
2900
2700
2600
2700
3100
2600
7300
4300
3300
3000
2800
2700
2800
2700
2900
2600
2600
2800
2700
2800
3700
3300
3000
3400
3800
3100
5500
3000
2800
4300
2900
3900
2900
3800
4500
4500
5600
3400
3200
3100
3300
3300
3100
4400
3900
3100
3100
5000
5700
5700
4500
3400
10100
3500
5600
3900
4100
3900
4400
6000
3400
5900
14000
3000
2800
5600
3900
2800
2700
2700
5200
2800
2600
2800
3500
3100
6700
2600
6000
3900
2800
2700
2900
2700
2500
2900
2600
3100
3000
2800
3900
2900
2900
2700
2800
2800
3700
2800
2700
3700
3200
3700
2900
3500
4600
4100
4200
3100
3000
3000
3100
2900
3000
2900
3300
3000
3000
4200
4800
4600
3300
6000
3300
3200
4600
3200
3300
3500
3200
4900
3100
4900
10000
3500
2500
4500
2700
4100
2700
3300
4500
2900
2500
2600
2600
2900
6200
2800
3400
3100
2700
3300
2900
2500
2800
3000
2800
3000
3000
2900
3400
7500
3800
3300
2900
2800
2800
3100
2900
2900
2700
2900
3000
2900
4500
4300
4600
3400
3100
3100
4200
3300
4800
3000
3100
3200
3000
4200
5100
4700
3500
3300
3300
3600
4800
3400
3100
3200
3400
4700
3400
4300
12500
2800
2800
4800
2700
2700
2800
2700
4400
2800
2600
2700
2600
2900
6600
2800
3200
3200
2700
2600
3300
2600
2900
3000
2600
3200
3100
3100
3500
4000
4000
2900
2800
2900
2900
2900
2800
2900
3000
2900
2800
2800
3900
3200
5900
3100
3100
3100
4400
3100
3200
4100
3200
4100
3200
4000
4900
4800
3300
3100
3200
3200
4500
3500
3200
3100
7600
4900
3200
4600
9700
2700
4100
5000
2900
2600
2700
5300
4500
2700
2700
2700
2600
2800
6000
3300
3500
3200
3100
2700
2600
2700
2900
3000
2600
2900
3600
2700
3600
3800
3900
3000
3400
3100
2900
2700
2800
2800
3000
2800
2900
2800
4600
3400
2900
3000
3100
3200
4100
3300
3000
4300
3100
7200
3100
4900
4500
4700
5000
3400
3500
3400
3500
3200
3400
3200
3500
3100
3300
4800
9600
2600
2600
4500
2800
2700
2900
2900
4800
2700
2600
2600
2700
2800
6000
2700
5000
3100
2800
2700
2800
2600
2600
2900
2900
2900
4100
3200
3200
4100
3500
3700
3100
2900
2800
2900
2800
3000
2700
3100
2900
3100
3700
3900
3100
3000
3200
3300
4300
3300
3000
4000
3100
4000
3300
3900
4600
4500
4600
3600
3200
3300
3600
6000
3400
3200
3300
3500
3200
5400
9100
4400
2900
2900
2700
2700
4400
3000
2900
2700
2700
4500
2800
4300
8500
3100
3400
3000
3000
2800
2800
2800
2600
2800
2700
2800
2700
2700
4400
3200
3400
3600
3000
3100
2800
2900
2900
2900
3000
2800
2900
2800
7400
3900
4000
3700
3300
3200
3200
4000
3300
3000
4600
4100
3400
3100
4900
3600
3600
3400
3300
3400
3600
3300
3700
3300
3300
3500
3300
3300
9400
2900
2800
2700
2800
2800
2800
2600
4200
3100
3000
2700
2600
2700
6900
2900
2700
2700
5900
2800
2900
4000
2900
2600
2900
2600
2600
2900
4300
3000
2900
3700
3000
2800
2800
2800
2800
2800
2900
2900
3000
2800
4300
3100
4200
3100
3200
3000
3200
4000
3100
3000
3900
4400
3100
3000
5100
3500
3200
3400
3400
3900
3300
3200
3400
3900
3400
3400
3500
6200
9300
2700
2800
2700
2900
2700
2800
2700
4200
2800
2700
2500
2900
2700
6600
3500
2900
2800
3300
2800
3300
2700
2700
2600
3200
2700
2600
3200
3400
3000
3900
3100
3100
3000
2800
3400
2900
2800
3600
4600
3000
3000
4500
3100
4300
3300
3300
3000
3400
6800
3200
3100
4000
4000
3200
3200
4700
3400
3500
3300
3700
3300
3400
3200
3500
3200
3200
3400
3200
3500
9500
2800
2700
2700
2700
2700
2800
2600
4000
3000
2700
2600
2500
2700
6500
3000
2700
2800
3600
2700
7300
3100
2700
2600
3400
2900
2700
3200
6500
3000
4500
3100
3100
3000
3100
2900
3000
3000
3300
2900
3000
3300
5100
3100
3200
4200
3300
3000
3000
3200
3100
3100
3400
3200
3100
3100
4700
3600
3300
3400
3300
3500
3300
3300
3400
3400
3200
3200
3200
3500
9000
3000
2800
2700
14500
5600
11600
5000
8900
5300
4900
4600
5000
4800
11400
9200
4400
4700
4800
4400
4700
4700
4400
4300
4800
4900
4500
4600
5900
5100
6300
4900
5200
5000
4800
4900
5000
5300
4800
4800
5000
4900
7900
5500
5500
7000
5400
5200
5400
5200
5800
5500
5500
5300
5600
5000
7800
5600
7700
5900
14200
5700
5900
7500
6200
5700
7600
7500
5900
5800
19700
5200
4600
5200
4800
5000
4800
4600
7300
5000
4600
4800
4600
4600
7400
4700
4100
4900
5200
4700
5100
4700
4500
4100
4700
4100
5400
4800
5900
4900
6100
5200
4900
4800
5100
4700
4700
4700
4700
4800
4900
4700
12800
6300
5400
6900
5800
6000
5200
5200
8100
5300
5300
5200
5100
5200
7500
5500
8400
5700
5700
5600
5900
7300
6000
5600
7700
7700
5900
5800
18800
4900
4900
4900
4800
5200
4700
4700
4700
4700
4400
5100
5200
4700
10400
5100
4600
4600
4900
9100
4700
4800
4700
4900
4700
4500
4600
4500
9000
6500
5100
5100
5600
6500
5900
5200
6900
8700
5000
5200
7300
5300
8000
5800
5900
6100
5400
5300
5500
7500
7400
5700
9000
5700
5400
7400
11200
6200
5900
6100
6500
5900
6000
5800
10000
5800
6100
6700
6000
6000
19100
5100
8100
8400
7800
8200
5000
5200
5200
4800
7600
4800
4700
5200
8000
4900
4500
4800
4800
4800
4600
4400
4500
5900
4700
4500
4800
4600
6200
6300
5000
5000
5000
6200
5000
5100
6400
5100
5000
5400
7100
5300
7600
5700
5600
5700
5500
6700
5500
25000
7400
5600
13000
5600
5400
7000
10800
6400
6100
6000
6000
5800
5800
6400
5800
5700
6600
6700
7300
5800
24900
5000
7500
6500
6900
6900
5000
5100
5000
5100
6900
4800
4900
4900
7700
4600
4800
5900
4500
5200
4600
4400
4400
5300
5400
4600
5100
4500
12700
5300
4800
4700
5000
5000
5000
5300
5100
4900
4800
4800
5100
4900
11600
5600
5800
5800
5300
5400
5500
7300
6800
5400
7400
5400
5300
6300
10300
7200
6000
5900
5900
6000
5700
5700
6000
6300
6000
6500
6000
5800
19700
5300
7300
7100
10500
6800
5300
5000
5100
5100
6700
5000
4700
4800
7300
7200
4500
5200
4700
5000
4500
4500
4600
5500
4900
5300
5200
4300
5800
4900
4900
4900
5100
4800
4700
5100
5000
4700
4800
4900
5000
4900
7200
9400
5500
5500
5100
6900
5400
5100
6700
5200
5100
9200
7900
5100
10300
5900
5700
5800
5500
5700
5600
6000
7900
6600
5800
6900
5600
5600
18300
5100
7200
6600
6800
6500
4700
5000
4700
4500
6900
4400
9100
4700
8300
4500
4400
5200
4300
4500
4400
4500
4000
4500
4700
4500
4400
4100
5600
4800
4900
4600
5100
4700
4600
4700
4600
4900
4800
4600
5000
4800
6200
6300
5000
5600
5100
8300
5300
5100
6400
5600
5000
5300
7300
7400
8600
5900
5600
5600
5600
6100
5800
12100
7400
5900
8100
6500
5500
7500
18200
5100
6700
6700
7100
7600
4700
4700
4800
4700
6700
4600
4500
4600
8100
4600
4500
5200
5100
7800
4600
4400
4500
4900
5100
4300
5100
4800
5900
5400
5300
5400
5300
5300
5200
5500
5400
5400
5100
5400
5500
5300
7200
7700
5800
5700
5800
7400
5500
5600
7100
5400
5400
6100
12500
22500
10500
6200
6000
6400
5900
6200
6100
9000
8200
5900
12200
6700
6100
8100
22000
5500
5800
5000
4900
5000
4500
4500
4600
3700
3800
4900
5200
22700
