638800
141800
32400
26300
26900
89600
38800
25200
29400
75400
33700
28800
28500
23400
51600
26700
29100
34900
25000
37600
27900
25300
30600
25300
26300
41200
25600
29500
47300
27400
27000
26400
25300
31300
28300
33600
27600
28700
26600
28400
45700
37800
46900
28900
30500
25800
25300
25700
26000
20000
18100
21400
21900
17300
20700
17600
68500
23700
17700
30400
17500
38700
42200
19600
18700
20800
17300
17200
18200
19600
12900
26700
20400
13700
12700
11400
879600
27500
16900
13200
9400
10200
8700
9000
24800
18700
11400
19600
12400
13600
10900
10500
11000
11500
13700
15000
11000
10500
30000
13900
15200
11900
33000
17500
13100
14500
12800
12500
13200
12000
25200
15700
29500
15900
13700
13000
13700
13300
13200
15700
14600
13600
12900
14000
13600
13600
37100
40000
16700
15600
14300
28300
23600
15700
14900
14200
21900
20900
21700
15800
10400
17800
11200
9100
8700
10400
9300
13700
17200
9700
13900
9800
8200
9000
13500
21300
11500
10300
13600
19500
11200
10400
12600
10600
9500
18300
14200
15000
25800
18100
22300
20000
18900
28300
24200
22100
18600
17800
18100
19200
34400
20800
36000
21700
23100
19900
23100
18500
18900
22400
20900
19700
18900
21200
20700
18200
44300
24700
22100
28900
20800
40000
38300
23800
23800
22200
21600
20600
22600
22700
14800
24000
25600
13900
12200
12300
13700
16600
17000
12100
14400
12000
11200
11500
16500
28000
16000
14600
14400
28500
17600
15500
14700
23400
14000
18900
14800
13800
20700
15500
20600
29100
17800
18600
15900
24200
17300
18200
17300
16600
17700
17800
34400
21300
20900
59500
17700
15900
14300
17000
16500
13400
12900
14100
15500
15000
44000
16500
16000
15700
13900
29500
29800
16600
15400
15100
15000
14300
14500
15800
21000
15500
7500
7400
6500
5700
6600
7600
11800
7100
6700
7000
6600
6600
9000
20600
9100
8000
8300
20100
9900
11000
12300
8300
6800
7700
7800
9000
16600
8100
13000
45200
10900
11900
8900
10000
11800
9000
8900
8300
8500
10000
13700
14700
10300
9000
9200
9500
8700
11800
10300
9900
10100
9600
35800
11300
24400
15700
11900
13800
10600
23000
22500
11800
14300
11500
10500
10500
10600
11400
7300
50800
9100
7000
6100
5800
6500
18500
11500
7100
6700
6800
6300
6800
7600
17800
7400
6500
6600
55200
12500
8300
9300
5000
4600
5000
4600
4700
6500
12600
6600
14900
6400
8900
5200
6500
5000
5300
5300
5300
5300
5300
7500
6300
5900
5400
5500
5600
6200
7600
5900
5900
5900
5600
13600
6100
12200
6300
6000
11900
7000
6100
6000
15700
10600
9800
10300
7900
6400
9700
39800
27000
24600
22700
22900
22100
67300
41200
25800
39700
27000
24800
26500
24600
26400
24200
24000
30500
23500
29900
26500
29600
25300
48400
16400
17700
15200
15700
27400
20500
27700
15500
26300
25900
15900
15400
15000
29400
29500
26100
17400
16000
19800
34600
29400
18200
18400
17600
16600
31100
18000
17400
15800
28200
11400
7500
282600
22300
47300
12200
8200
8700
12500
6900
21200
27200
21100
7900
7500
6600
20700
12300
9400
15300
9300
13100
8400
8300
8500
8000
8300
15700
11500
9400
12100
12900
9000
8800
9000
14800
9800
14600
10300
9200
9600
9400
9500
8900
24700
9300
14600
9200
23600
10100
9500
9100
11800
15200
9500
14700
10000
8900
13500
23100
18800
10300
10300
11500
9300
19700
10200
9800
9600
20700
9700
11400
129200
8800
23300
7500
7400
6600
8300
12900
17600
520100
24900
8400
6800
6800
11600
11400
8200
9800
34500
9500
7400
7100
7300
7300
7500
7400
8400
7200
15100
11800
9000
8200
8200
8100
8100
22800
7800
18200
16100
12100
15100
7900
16700
8600
13500
8300
28600
13000
7500
5500
4800
9100
5200
8300
4800
5600
7400
10200
11800
13500
5500
5800
5100
10700
10700
4200
4200
14200
6600
4200
67400
3600
12500
4500
3900
3500
3300
3800
13000
18100
12900
3800
3300
3200
7000
48900
4700
6400
9000
4400
4300
4100
4500
7800
5200
4300
4400
4800
13400
14600
6400
6100
5400
5400
8300
35000
5100
7700
13600
5400
7800
4900
8600
6300
6200
6200
6200
11800
6100
13700
6000
5900
6400
5900
5900
6100
12000
12600
12700
7200
7500
7300
7200
13600
7400
7100
7300
12600
7000
7700
77500
7700
15900
7700
7800
7400
7600
7600
14200
24300
11800
8700
3400
3300
10300
8500
4500
6900
4900
4000
4300
4300
4100
11900
6700
3200
3100
3000
12400
3300
4400
3400
3300
2900
3000
7700
3100
6500
6900
3900
5800
3300
18400
5400
5600
5500
5300
11600
6200
12300
5900
5800
5800
11500
5900
6000
21000
5400
13200
6100
17200
7100
6900
6400
5900
14000
6500
14400
6100
6200
123300
7100
22500
6200
6200
5600
5300
5700
114900
12600
18400
6000
6100
4900
6900
6900
97800
26500
13000
9700
21200
3000
3000
2900
3300
2900
3000
3100
3900
3300
3300
3400
3300
3100
3300
5000
3200
4700
5800
3500
5000
3100
4800
3800
3500
3400
3600
5200
4200
5200
3700
4000
3600
3900
3500
3500
12600
5800
7900
3800
6700
3900
3600
3700
4100
5400
5200
5800
3700
7300
67900
6500
6000
3400
4900
3600
3200
7800
3300
3600
3200
10400
3200
3200
5600
5100
3900
3200
3000
4000
3000
4900
18600
11300
3000
2800
2700
2800
5800
5400
4000
3100
3000
4100
2800
2900
3100
5100
3100
3000
5100
3200
5500
3400
3200
3500
5300
3200
4200
4700
3200
4400
4800
5700
3300
4400
5900
3700
3900
4600
4100
6900
3600
3600
7100
3600
3500
3800
7200
3600
28800
3500
4400
7400
3200
3000
5000
6500
3100
3900
3000
2800
6800
3800
5400
3000
2800
4600
2800
3100
2800
3200
3700
2900
2900
5400
4700
3900
5200
5000
5300
3200
3200
3200
4000
3100
3300
4300
4100
3100
4300
4100
8700
3600
3300
3600
3900
3300
3500
7600
6300
3400
5000
5000
3300
3400
5300
3600
3700
3400
3500
6000
3700
3500
6100
3600
3700
3500
5600
4100
19900
3300
2900
5900
3100
2900
6300
5700
3100
3200
4400
3100
5700
2900
5100
3300
2700
3500
2700
3400
3200
2700
2700
4000
3100
2900
3500
3700
3500
4400
4200
3200
3000
3200
3000
3100
3200
5800
3000
3200
3000
2900
4600
3300
3400
3400
3500
3100
3500
4600
3300
3400
5200
8300
3300
3600
5000
3500
3700
3700
3800
6100
3500
3600
6200
3400
3400
3700
5700
3400
18700
3400
3100
6200
2900
2900
3500
5700
3000
3100
2900
2900
6100
2900
5400
3000
2700
3600
2800
2600
2800
2700
2800
2600
2900
2800
3500
3400
3900
5400
4200
3500
3100
3100
3100
3200
3200
4000
3200
3000
3100
3000
4500
5000
4500
3400
3300
3400
3200
3300
3300
4800
3300
3300
4800
3400
5500
3700
3600
3500
3500
9200
3600
3400
5900
3500
3400
3600
5800
3400
19000
3300
3000
6000
3000
2800
3100
5500
3300
2800
3000
3400
5900
2900
6900
2900
2900
3500
2700
2700
3400
2700
2600
2600
2700
3300
3400
3500
6400
3900
4100
3200
3000
3400
3000
3100
3200
4200
3000
3700
3200
3100
4500
9100
4900
3300
3500
4600
3200
3200
3600
4700
3200
3400
5200
3500
4800
3600
3700
4000
3700
3600
3500
5400
4800
3600
6100
8700
3600
4000
20000
3300
3300
5600
2900
3100
3600
5200
3300
2900
3100
2900
5500
2800
4600
3100
2800
3500
3000
2800
2900
2700
2600
3000
2800
2800
3300
4000
3400
4500
4100
3200
3000
4700
3200
3500
3600
4000
5900
3000
3000
3100
4600
5800
5000
3400
3300
3300
3100
3500
3800
5100
3300
3300
4900
3200
4900
3900
4200
7500
5100
3700
3400
5500
3800
3500
5700
6100
3400
3600
22900
3000
3100
3000
3200
6700
3600
3400
6300
3200
2900
3300
5300
3200
7200
3400
7700
3100
3200
3000
3600
3500
3000
2800
3600
2900
3000
3200
4000
3500
7200
3300
3400
4200
3100
5500
4100
3100
3300
4000
3500
3400
5100
3700
3500
8600
6200
3600
3500
3500
3800
3600
3700
3700
3800
5000
6500
4400
3900
3800
3900
4000
5500
4100
4200
3800
3800
6200
3900
6500
19200
6000
3300
3400
3200
3500
3600
3200
3300
3400
3400
3200
3000
8600
7800
3700
3200
3800
3200
3000
2800
2900
3100
2900
2800
2900
3700
2900
3900
3000
4200
3200
3200
4000
3100
4800
4000
3200
3000
4100
3300
3100
4600
3500
3500
5100
1132400
8200
6100
5700
8400
5700
5600
5800
5800
9800
14900
7000
6200
6200
5600
5100
16000
6000
5500
6400
5900
15500
6600
10200
34300
9300
5600
4800
4700
5200
5400
4700
5000
5000
4800
4800
4600
9000
9200
4900
4700
8100
4900
4400
4200
4700
4500
4600
4500
4700
5700
4400
10600
5500
7400
4800
5200
5100
8100
7100
4900
4900
5300
5200
5000
5100
7700
6000
7000
8100
8100
6200
5300
5600
5500
5300
5400
5400
5400
8000
8300
6500
6300
6000
6000
6300
6200
6200
6400
6100
8800
11300
134900
28400
35700
9500
5300
4800
4800
4600
6600
5000
4900
4600
4600
4900
5700
8700
7900
4800
4400
6300
4600
4600
4500
4800
4700
4600
4600
4700
5500
4200
5500
5400
12100
6000
5200
5100
7400
6900
6800
5000
5000
4900
4900
5000
6800
10500
8200
5800
5400
8100
5500
9400
7700
5400
5300
8000
5500
5300
9000
6200
6200
5700
5900
5900
6100
5800
5800
5800
6300
9600
5900
10600
35700
9000
5100
5000
5800
4600
4800
7200
4700
5400
4700
6100
4700
8800
6900
4500
4600
5200
5000
4400
4300
4400
4400
4300
4400
4600
4700
4400
6500
5100
6700
4800
4900
4900
6600
6400
4900
5300
5000
5300
4900
5000
6600
5400
7200
5400
5500
7300
5500
8800
6600
5600
5000
8400
5300
9300
8000
6500
6000
8300
10100
6300
6000
8700
6000
5900
5900
5900
6100
9200
34700
9100
4900
4900
5100
4900
4800
5100
4700
4900
4600
5000
4800
9600
7200
5000
5400
4900
5300
4600
4400
4500
4300
4400
4400
8300
4900
4600
5600
4900
6100
5000
4900
4900
6600
6300
4800
5000
4900
4900
5000
5100
7100
5500
7300
5100
5500
10100
5600
8400
7500
5700
6200
7600
5300
5500
8000
6100
5900
9200
9100
5600
6000
5900
5900
5900
10000
6100
5900
8900
32400
5400
4900
5200
4700
4900
4800
5000
5100
6700
4800
10200
5000
10700
9600
5700
4800
5100
6200
5000
4900
12000
5300
4200
4200
4500
4600
4400
6500
5300
6200
5700
7400
5300
5100
5400
6500
4500
4800
3900
3300
3000
4900
3900
3300
5000
3200
4400
6300
3400
3300
6300
3300
4300
5500
3300
10900
3800
5900
3600
3700
7100
3600
4400
3600
8500
8100
3600
6500
3600
21400
4200
3000
3100
3400
5400
3000
3000
4200
3000
3000
3400
9900
5400
6300
3800
3100
3200
2800
2900
2900
3600
5200
2900
2800
2700
2800
2800
4000
3300
3200
3300
4400
3000
3000
3300
3900
3000
3000
3300
3000
3500
4500
3300
3300
3500
3600
4200
3400
3200
3300
4500
3300
4200
3500
3200
10000
3700
5000
3500
3500
5900
3500
3700
3900
5500
5400
3600
4900
3600
20300
3300
2900
2900
2800
3100
2900
3100
3200
2900
2900
2800
6100
5100
5900
3500
2900
3100
2800
2800
2800
3400
2900
2700
2700
2700
2800
5800
3600
3200
3400
3100
4300
3200
3100
3100
4100
3200
3100
3200
4500
3300
4800
3300
3300
3500
3300
4500
3600
3200
4000
4100
3200
4400
3300
3200
6300
3700
4900
3600
3700
8600
3700
3600
3400
6100
5700
3600
4600
3500
19300
3000
3100
2900
4500
3500
3200
2800
2900
3600
2800
2800
5700
5000
6800
3600
3000
3000
3100
3400
2900
3300
2900
3000
2700
2700
2800
2800
3700
3200
11000
4800
11500
5700
3300
3100
4200
3200
3200
3100
3400
3100
4200
3300
3500
3300
5000
3800
3300
3600
4900
5000
4500
3400
3500
3200
6500
3600
5100
4000
3700
5900
3500
3400
3400
5800
5300
3600
4600
3500
21500
2900
3200
2800
2700
2800
3100
2900
2900
2900
2900
3000
5600
4900
6800
5600
3000
3300
2900
2900
2900
3900
3000
2900
2800
3000
3000
2900
3700
3300
3600
3200
4300
3400
3100
3200
4700
3200
3100
3100
3300
3200
4300
3400
3400
3300
7500
3300
3800
3400
5300
3500
3400
3500
3600
3300
4800
3600
3800
3600
3600
5400
3500
3500
4200
6800
3600
5300
4200
3600
18300
3000
2900
3100
2900
2900
2900
3100
2900
2800
3100
2700
5600
7800
6800
3700
3000
3000
2900
2800
3000
3300
3000
2900
2900
2800
2800
3200
3700
3200
3900
3100
3900
3200
3700
3200
3900
3400
3100
3100
3100
3200
4100
3500
3500
3400
4700
3400
3300
3300
4600
3500
3400
3600
3300
3200
4800
3700
3600
3700
3500
5000
3500
4100
3500
7600
3500
4900
3500
3800
18800
3300
5000
2900
3000
5800
3000
2900
2900
7000
5900
2900
4300
2900
11500
8500
5000
4900
5100
6100
6700
5000
5600
4900
6500
6800
5200
5000
6600
5600
5400
5600
5800
5800
5300
5300
9600
5300
5100
5500
4600
5300
11200
6000
5800
5800
5700
5900
6000
6200
5600
5800
5600
6000
8300
5900
8600
6400
6200
6500
6200
9100
6000
6300
6500
9200
6500
9600
6400
8900
38900
6000
5900
9100
5200
9800
5400
5200
5300
7800
8600
4000
3800
3800
8800
4400
5600
4500
5700
5200
5100
4700
4600
5400
5800
5300
6100
4800
7300
5400
5600
5800
5300
5300
5500
5500
5600
5400
5600
5600
5700
5700
9700
5800
5700
5400
5300
5800
5500
5700
5500
5600
8900
5600
8000
5800
13100
6400
6100
6200
6000
9000
6100
6200
6100
11100
6200
8900
6200
6300
39000
5500
5200
7800
5700
5100
5100
5600
5500
5400
9800
5300
4600
6700
7300
4700
4300
4300
5000
4700
4500
4500
4700
5100
5300
4900
5300
4700
6400
10100
5400
5800
5800
8700
7400
6000
5300
5200
6400
6900
5000
5400
9600
5800
5800
5500
5600
5800
5700
5400
5400
5700
6200
5900
7600
5800
9000
6200
5600
6500
6000
9300
6000
6100
5400
7300
7300
8100
6200
6100
42000
5600
5200
8500
5300
5200
5500
5300
5300
5300
8700
5200
5600
8300
7800
4800
4200
4400
5400
4900
4600
3400
3700
3400
9600
6400
3400
2600
3700
3300
3000
2900
3100
2800
3900
3100
2800
2800
4200
4000
2900
3000
4700
3300
3000
3600
3100
3000
3000
3100
7400
3000
3100
3100
3300
3000
4900
3400
3600
3400
3300
4900
3300
3300
3500
4900
3500
4800
3500
3200
28200
3600
2800
4600
2700
3000
2700
2800
3000
11200
5400
2600
2700
2600
6300
2800
2900
2700
3200
3100
6100
4700
2600
5000
2700
2500
3200
2800
3500
3000
3000
2800
2900
3000
4100
2900
2800
3100
3900
4100
2800
2800
4500
3200
3100
3000
3000
3400
4000
3100
3200
3000
3200
3000
3000
3600
6100
3400
3600
3400
3300
3300
3500
3300
3400
3400
3300
3400
8100
3700
20100
2800
2500
4500
2600
2600
2600
2900
2600
2900
4700
2700
2700
2700
6200
2800
3000
2700
3200
3100
3100
3100
2600
3300
2600
2500
3500
2700
3400
3000
2700
2800
2900
2900
4000
2900
2800
3000
4000
4100
2800
4700
6700
3500
3000
3200
3000
3200
3600
3100
3100
3200
3200
2900
2900
3200
6600
3500
3300
3200
3200
3900
3200
3800
3200
3400
4700
4800
9300
7700
27700
3700
2800
2700
4000
4900
2700
2700
3400
4900
2700
5100
5700
2700
11700
3800
3400
2700
2900
2600
2600
2600
2700
2900
3200
2800
2600
2700
4700
3100
2900
2900
3000
2800
3900
2800
2900
3000
3600
2900
2800
3100
4300
3100
3300
3700
3100
3300
3300
3100
3100
3000
3300
3200
3100
3200
6800
3300
4600
3500
3300
3400
3200
3100
3300
6100
4600
3300
3700
3300
21100
2900
3500
2900
3200
2800
4600
3000
5600
2800
2800
4300
3000
2800
6200
3100
3300
2800
2700
2600
2600
2800
2600
2600
3600
3200
2700
2900
4600
2900
3000
2800
2900
2800
3800
2800
3000
2800
3800
2900
2800
2900
6800
3300
3000
3400
3100
3000
3200
3100
3100
3200
3000
3200
2900
3000
6200
3200
5200
3200
3200
3300
3400
3100
3200
3300
4800
3200
3300
3600
19400
2900
2700
2900
2600
2700
5400
4100
5400
5400
2700
2700
2700
2800
6400
2900
3500
3200
2800
2600
2600
2700
2800
2700
3100
3300
2700
2600
4800
3800
3100
3000
3300
2900
2900
3000
3000
2900
3900
3000
2800
2800
4300
3100
3300
3500
3100
3000
3100
3100
3100
3000
3000
3400
3000
3200
6000
3300
7200
3300
3200
3200
3300
3100
3200
3200
4700
3300
3300
3800
19700
2800
2700
2800
3100
2600
4400
2700
5300
2900
2600
2700
2700
2600
5900
2700
3000
2700
2800
2600
2600
2600
2500
2800
2800
2700
2700
2600
3300
4100
3100
2800
2800
2800
2800
2800
2900
2900
6400
2900
2900
2800
4800
3300
3200
3900
3100
3100
4500
3100
3000
3100
4200
3000
3000
3000
6500
3600
4600
3400
3200
3300
3200
3800
3300
3300
4600
3300
3300
3300
21900
2900
2800
2700
2800
2600
4400
2800
5000
2700
2900
2700
2700
2700
6400
2900
3300
2800
2900
2700
2700
2600
2600
2900
3100
3100
2900
2700
3300
4000
3000
3000
3000
2800
3100
2900
2900
3100
3700
3000
3500
3000
5200
3200
5800
3500
3100
3100
4500
3100
3200
3000
4300
3100
3200
3100
4900
3500
3300
3500
3500
3300
4600
3700
3300
3300
3200
3500
3300
3400
20000
2900
2700
2700
2600
2700
4300
2900
5100
2800
2600
3100
2700
2500
5400
5600
3400
2700
2700
2900
2600
2600
3100
2600
3400
3400
2700
2800
3300
4100
3000
2900
3000
3100
2900
2900
4100
4100
4400
3000
3000
3000
5200
3200
3300
3500
3100
3100
4600
3700
3100
3100
4600
3100
4000
4000
6500
4300
4500
121700
9100
6500
8600
5000
7300
6100
5900
6700
6900
4200
25200
3700
5200
3700
3200
3100
7100
2800
6400
2700
4600
2900
2900
2700
8100
3600
2800
2700
2700
2700
2600
3500
2700
2700
2600
2800
2900
2600
3800
2900
2900
2900
2900
2900
3100
2800
2900
3000
2900
3800
2900
2900
4400
3800
3900
4200
6200
4100
3300
3800
5000
3100
3100
3100
4800
3300
5800
3600
3500
4400
3500
6400
3500
6200
3800
3500
3300
5400
3500
3300
26200
2900
5200
2900
4000
3000
5100
2800
2800
5200
3100
2800
3600
2800
7200
2900
3700
2800
3500
2700
2700
2700
3600
3200
3100
2800
6000
2800
3700
3100
2900
2900
2800
2800
2900
3000
2700
2900
3300
3800
2800
2900
4200
3100
3000
4300
3300
3900
3300
3900
3200
3200
3100
3100
4100
3200
6500
3500
3400
3600
3400
5000
3500
4600
3400
3500
3300
5500
3400
3400
18500
3300
7300
2800
2900
2900
4100
2900
2800
4400
2900
2700
3000
2700
6900
2900
2900
3000
2900
2700
2700
2700
3100
2700
3100
2800
2900
3000
3400
3000
3100
3200
3000
3000
3000
3800
2900
2900
2900
3300
2900
3000
4400
3200
3000
4100
3300
3800
3800
4500
3300
3200
3200
3500
3800
3500
7500
3600
3500
3500
3400
6900
3600
4500
3500
3400
3300
4700
3400
3600
18000
2900
4300
3000
2900
3000
4100
2900
2800
4700
3300
2700
2700
3000
8300
3400
2900
2900
2700
2700
2800
2900
2700
2600
3400
3000
2700
2700
3400
4000
3100
3000
3000
2900
5900
3800
2900
3100
3100
3000
2900
3000
3900
3100
3400
3200
3100
3100
3200
3100
3100
3200
3400
4800
3200
3300
4800
3400
3400
3300
3500
4900
3400
4300
3700
3300
3400
4700
3600
3200
29200
3200
4300
2800
2700
2700
4300
5800
2800
4500
2800
2600
2700
2800
7700
3000
3200
2800
2900
2900
2700
2700
2900
3300
3600
2800
3200
2900
3500
4400
3400
3600
3100
2900
2900
4400
2900
2900
3000
2900
2900
2900
4600
3600
3800
3400
3200
3200
3200
3900
3300
3300
3100
4400
3200
3300
4700
3900
3400
4700
3600
4800
3500
7600
3500
3400
3400
3600
5100
3400
17100
2800
4300
2900
2800
4900
4900
2700
2900
4300
2800
2700
2600
2700
6400
3000
3000
2800
3000
2800
2700
2800
2700
2900
3400
2800
2700
2900
4100
3100
3300
3100
3000
2900
3400
3800
2900
3700
2900
3200
3000
3000
6700
3100
3100
3200
3300
3100
3200
3100
3900
3600
3100
5300
3400
3200
4600
3500
3600
4700
3400
4800
3500
4600
3500
3200
3600
3500
4500
3600
17600
3000
2900
2700
2800
5100
3000
4500
3100
2800
2600
4600
2900
2700
8800
4400
2900
3000
2900
2900
6500
3300
2800
2800
2900
2900
2800
2800
5100
3400
3900
4700
3100
3200
3100
3200
4200
3200
3100
3300
3100
3000
6000
3500
4000
3400
4600
5000
4800
3300
3300
3500
3200
3400
3200
4800
5200
3700
3500
5700
3900
3700
8700
3600
3800
3500
3600
4600
4200
3700
18500
3200
3600
3100
5000
3300
3100
3000
5000
3100
5000
3100
2800
2900
6900
3000
3700
3000
2800
2900
2800
3400
2800
2800
3000
3700
3500
3600
4800
3300
4200
3900
3100
6000
3100
3000
4000
3200
3000
3100
3200
3300
6400
3300
3500
3300
4600
3200
4500
3400
3300
3200
3300
3600
3900
4700
5500
3500
3300
5200
3700
3500
5400
3500
3400
4000
4100
3600
3500
3600
17600
2900
5700
2900
5100
3000
3100
2800
5500
3100
5200
3000
3000
2900
7700
3700
3000
3400
13800
2900
3000
2700
2900
2800
2800
3900
3500
3600
3600
4300
3100
3000
3000
3300
4000
4700
3100
2900
3000
3200
3000
3500
6400
3400
3500
3100
7400
3200
4800
3200
3200
3300
3100
3100
3100
6100
5400
3500
3300
5100
3800
3400
5100
4000
3300
3400
3300
3600
3400
3400
12800
3000
2800
3000
5100
2900
2900
2800
4800
3000
7600
2800
2600
2800
7200
3000
4000
2800
2800
2600
2700
2700
2800
2800
2600
3700
3600
3400
3600
4100
3000
3100
3200
3400
4100
4000
3300
3100
2800
3400
2900
3500
5300
3300
4700
4800
3200
3200
3300
3300
4300
3400
3000
3200
3100
3400
7500
3300
3500
5000
3500
3400
7000
3400
3300
3500
3300
3600
3400
3500
10100
3000
3300
2800
4900
2900
3100
2700
4900
3500
4800
2800
3000
2800
7000
2800
2900
2800
3100
2600
2600
2800
2700
2600
2600
3200
3300
3100
6500
4000
3100
3000
2800
3000
4000
3800
3000
3000
2900
3000
2800
3000
5200
3300
4500
4500
3300
3000
3500
21500
12100
3400
3100
3100
3100
6500
17700
3600
5700
3500
6900
5300
6700
6000
5000
4600
4400
5000
3300
12900
15800
2800
2900
3100
4700
2700
4800
2500
9100
3100
4700
2700
2600
2900
7100
2800
3500
2800
2800
2600
3000
2700
2700
2600
2600
3500
4700
3200
4000
4900
2900
3200
2900
2900
4200
3700
3000
3000
2800
3900
3000
2900
8600
3300
5200
4400
3300
2900
3300
3100
4800
3100
3200
3100
3100
3200
6600
3400
3600
3300
5000
3300
5000
3300
3400
3400
3300
4800
3500
5000
9700
2700
2600
5300
5900
3300
5600
3200
2700
2800
2700
2800
2600
2700
11100
3000
2800
2800
2600
2900
3500
3500
2800
2900
4300
2800
2700
2700
4400
3100
3000
2900
4000
2900
3400
3100
3000
3000
2900
3000
2900
2900
4300
3100
4300
4400
4000
6600
4100
3400
3200
3100
3000
3200
3200
3100
5100
3400
3500
5000
3400
3400
3400
5000
3500
3400
3400
4300
4500
4200
9700
3000
2700
2600
3100
5400
3100
2700
2700
4400
2700
5100
2800
2600
7700
2900
3000
2800
6000
6300
3300
2800
2600
2900
2800
2800
2700
2700
3900
4500
3300
2900
4100
3200
2900
3000
2900
3000
3000
3900
2900
3000
4300
3700
4400
4300
4500
4800
4100
3200
3100
3100
3100
3300
3100
3100
4900
3400
3300
4900
3200
3300
3300
5100
3400
6000
3800
3900
4200
3300
9300
2600
2700
2500
2700
4600
2700
2600
2600
5200
2600
4300
2600
2400
7200
2900
3200
2700
3100
3700
3400
2800
2600
2700
2800
2800
2700
2600
4700
3100
3300
4000
2900
3000
3700
4300
4500
3000
5800
3000
2900
3000
4300
3100
4100
4300
4000
4700
4000
3600
3200
3000
3000
3300
3200
3000
4700
3400
3200
4900
3200
3300
3300
4800
3500
3200
3300
3700
3700
3200
9800
2600
2700
2600
5200
4400
2700
2500
2500
4400
2800
4200
2600
2500
7600
3200
3000
2700
3500
3700
3500
3000
3000
2700
2900
2900
2900
2700
4700
3200
3000
2900
3200
3100
4000
4400
3000
3100
3000
3000
3000
3200
3800
3500
3100
3700
5100
3300
3100
6100
3100
3200
3100
3300
3000
3100
4700
3500
4000
5300
3400
3400
3300
4800
3600
3200
3200
4000
3400
3200
9800
2600
2800
2500
2600
4700
2600
2800
2600
4300
2700
4300
3000
2500
7000
5600
3000
2700
3100
3400
3300
2800
2700
2900
2700
3000
2700
2700
4400
2900
3100
2900
2800
2900
3800
3800
3100
3000
2800
3000
2900
3100
3800
3400
3200
3500
4500
3100
3100
3400
3000
3100
4600
3300
3100
3100
4500
3400
4800
5000
4800
4800
7500
3400
3500
3300
3300
4400
3400
3200
9400
2600
2700
2500
2600
4400
2700
2500
2600
4500
2800
4200
2700
2500
6400
3200
2800
2800
3200
3500
3400
2800
2600
3000
2700
2800
2800
3000
4200
3200
3000
2900
2900
3000
6500
4600
3100
3000
2900
2900
3100
3000
4100
3200
3100
3000
4500
3100
3200
3300
3100
3100
3300
3200
3100
3100
4600
3400
4800
4700
8500
5300
4800
3300
3300
3300
3500
3800
3300
3500
9100
2600
2900
4600
2700
2700
2700
4700
3500
2600
2600
3100
2700
2600
