755800
10100
9300
5200
4100
4400
4500
9600
4400
4400
8000
6100
7600
5000
4400
6100
5200
4200
7000
3900
3700
4300
3900
4300
5300
8100
5300
4000
5800
4200
4300
4200
3900
6000
4700
4000
6100
4300
3700
4400
4100
4000
5100
4400
3800
3600
5500
4500
4100
4100
4000
7400
4100
4100
10100
5600
4000
4200
3800
3800
3700
4000
4700
6500
6400
4200
4200
3800
3700
6000
4200
3900
5700
7000
3900
10700
5100
4200
4000
3700
3800
4200
5700
3900
3900
57100
7600
6500
4100
4000
5900
4700
3900
3800
9400
6700
4600
4700
3900
3800
6100
4100
12400
4600
4600
6000
4400
3800
10400
6400
9100
4400
4000
3900
4400
3700
3600
4500
3600
3600
3400
3600
5000
3900
3500
4200
4100
48200
4500
4000
3600
3600
3500
3900
4000
3300
2900
3300
8300
12500
11800
3600
4000
3900
4800
4100
3700
3900
3600
4100
3700
3600
3600
3500
3800
7700
6400
5500
4800
3000
3000
3800
3100
3400
3300
3100
3600
3100
3000
3000
4000
3300
3000
3100
3300
3200
3500
3000
2900
3100
4100
3900
3300
3000
3100
2900
3200
3200
3000
3400
2900
3000
3200
3300
3400
3200
3200
3000
3400
3400
3200
3500
3000
3500
3800
3000
3000
3000
3000
3400
3100
3000
3100
3100
3700
3000
16000
5400
13000
5000
4000
3700
3500
3400
3600
3400
3900
3700
3400
8800
4300
3400
3300
3800
4200
3600
3300
3200
3200
3100
3900
3600
3100
3200
3500
3400
3300
6900
3300
3300
3500
3100
3900
3300
3400
6400
4600
5500
3200
3200
3500
3300
4000
3100
3300
3200
3200
3300
3900
3200
3600
3100
3100
3500
4000
3300
3600
3200
3500
3300
3500
3200
3700
3400
4600
3200
3500
3200
3400
2400
2500
2500
2600
2400
3300
2400
2300
2400
2800
2500
2500
2400
2500
2600
2600
2400
2500
2500
2300
2400
2700
2400
2300
2500
2500
2400
2700
2500
2400
2500
2500
2500
3300
2400
15800
9300
3400
3300
8800
2700
2600
2500
2600
2500
2700
2500
2500
2500
2800
2600
2700
7100
3200
4000
2600
3300
2700
2500
2600
2800
2500
2400
2800
2600
2600
2500
2600
2500
2500
2500
2700
2300
2500
2500
2400
2400
2600
2800
2500
2500
2500
2400
2600
2400
2500
6000
2600
2500
3100
2900
2600
2500
2400
6500
2800
2500
2500
2400
2400
2500
2700
2400
2600
2400
2700
4900
26200
4100
2600
2100
2400
2300
2200
2100
2000
2000
2000
2000
2200
11000
3900
2000
1900
1700
2400
1900
2000
1900
1900
1700
5400
1900
1900
1900
1900
1900
2900
1800
1900
1900
29100
20100
46600
5900
700
600
700
700
700
12300
800
700
600
600
600
1200
600
600
600
600
1000
5000
900
1100
1200
700
700
600
700
600
700
600
600
700
700
700
600
600
1100
700
700
700
600
600
800
600
700
600
600
700
900
700
600
700
700
1100
8400
1100
700
600
800
700
600
700
600
600
1200
600
600
600
700
700
800
600
700
700
700
600
800
600
600
700
1100
1000
1100
1100
1000
1000
1000
1000
1300
1000
1200
1100
1300
1000
6600
1200
1200
1100
1000
1000
1300
1100
1000
1100
1100
1000
1100
1000
6700
3000
800
700
900
600
600
600
700
4000
1000
600
900
700
700
600
600
600
1100
600
600
600
600
1200
700
700
700
1100
700
600
800
700
600
700
700
600
900
600
700
700
600
600
900
1000
900
1100
600
600
700
800
700
700
600
600
800
800
700
700
700
700
700
800
700
5200
900
700
700
700
900
700
600
600
700
600
800
600
700
600
700
600
800
1100
600
700
600
600
600
900
700
600
700
600
600
600
700
600
700
700
800
1200
700
700
600
600
600
700
600
600
15000
1100
800
700
700
600
600
600
700
600
600
800
600
600
600
700
600
600
700
700
600
600
700
600
600
500
600
600
600
500
600
600
600
600
800
600
600
600
600
600
800
600
600
500
600
900
5700
800
600
600
600
700
900
600
700
600
600
600
900
600
600
600
600
600
500
700
1200
2200
700
600
600
700
700
600
600
600
600
600
600
600
600
700
600
800
600
600
600
600
600
700
700
500
600
700
600
800
600
500
600
600
600
900
600
500
600
500
500
1300
2000
900
600
700
600
800
600
600
600
600
700
800
700
600
700
600
600
700
700
700
600
600
600
600
600
600
500
600
600
600
600
600
600
600
600
500
700
700
600
600
900
600
600
600
600
600
700
700
600
600
600
700
800
600
700
600
600
600
800
600
600
600
600
600
1200
700
600
600
800
600
600
900
700
600
600
600
600
500
600
600
700
600
600
600
600
600
600
600
600
600
700
1000
600
600
1500
600
600
500
600
600
700
600
700
800
700
700
600
600
3600
1500
1100
900
900
1000
900
900
1000
900
5900
900
900
1000
900
900
1000
900
1100
900
900
1100
900
1000
900
900
900
1100
1000
900
900
900
900
1300
900
1000
1200
900
1000
1100
900
1000
900
900
900
900
900
900
900
900
1100
900
900
1000
1600
1000
1200
800
900
900
900
900
1100
900
900
900
900
1000
1100
900
1000
1000
1400
1100
1200
1000
1100
1000
1000
1000
1200
1000
1000
1000
1000
800
1000
1000
1000
1100
1200
1200
1100
1000
900
1100
1000
1200
1000
1000
1000
1000
1100
6600
1000
1000
1000
1100
4200
1600
1300
1200
1100
7900
1200
6800
1100
1200
1300
1000
2000
1300
1100
1000
1100
1200
1300
1300
1100
1100
1100
1100
1000
1200
1100
1100
1000
1000
1100
1200
1000
1000
900
1100
1100
1300
1100
1000
1000
1100
1300
1000
1100
1100
1100
1000
1300
1100
1000
1700
1000
1200
1300
1000
1000
1000
1000
1100
1000
1000
1000
1100
1000
1200
1000
1100
1000
1000
1000
900
1600
900
800
900
900
900
900
1000
900
1000
1200
1000
900
900
1000
900
1200
900
1000
900
900
900
900
900
1000
1000
1000
900
6300
900
900
1000
900
1000
900
900
