785700
9100
6200
5000
6900
4900
3900
3900
8800
4200
8000
5900
4500
4400
4100
9700
4500
3900
7300
4400
4200
4700
4100
3900
3900
8200
5100
3900
6800
4300
3900
3900
4200
5900
4400
4000
7200
4100
4000
7400
4200
4200
4300
4900
4000
4200
5700
4000
4200
4000
5200
8000
4400
4000
7400
4100
4800
4200
3900
3600
3800
3800
3700
4600
6600
4300
4300
4000
3600
6000
4100
4000
7200
10100
4100
11400
5600
4000
4800
3800
4400
4200
5800
4000
4200
7400
6200
6500
4300
4700
6200
4400
4400
4000
9500
5600
4700
4000
3900
4200
5900
7100
12000
5000
4500
8800
4500
4200
10400
6000
4200
4500
3500
4100
5600
3500
5900
4300
3200
3300
3200
3100
3100
3700
4500
3300
3900
18600
3900
3500
3700
3400
4100
3300
3200
3200
3600
3400
5600
4400
3800
3400
3400
3200
4100
3500
3800
3600
3300
3700
3300
3500
3400
3200
3900
3400
3300
3100
14400
3700
6400
3300
4600
3700
3500
3900
3400
4000
3300
3400
4000
3600
3400
3600
3500
3700
4200
3300
3400
3400
3500
4300
4000
4200
3900
3500
3700
3600
4200
3900
3200
3400
3200
4100
4600
6600
4100
4000
4100
4100
3800
3400
3800
4100
4100
3900
3300
5100
3700
5600
3400
3200
3300
3200
9700
3300
9500
3400
3600
2400
2100
2400
2400
2300
2200
2100
2700
2300
2300
2800
2700
2200
2400
2200
2700
2300
2300
2300
2600
2200
2200
2200
2200
2200
2600
2300
2200
2200
2300
2100
2300
2100
2800
2500
2100
6200
3000
4000
2700
5000
3900
3200
3800
3100
3000
8900
3100
3100
3000
3300
3200
3400
3000
3100
3300
3100
3400
3700
3100
2900
2800
3000
4400
3100
2900
2800
2900
4000
3100
3200
3100
3300
3100
4000
3000
2900
2700
2900
2800
3500
7000
5800
5100
3000
2900
2900
3300
3000
3100
5900
4900
2900
3100
3100
2900
2900
3100
3000
3200
2900
3000
3000
3100
3100
33400
5600
2600
2800
2200
2500
2100
2200
2200
2100
2100
2300
2400
2200
2100
2100
2200
2300
2300
8400
2200
2000
2400
2000
2100
2100
2100
2100
2300
2100
2000
5000
2600
2100
2300
2000
2400
2200
2100
2100
2500
2200
3800
2200
2000
2200
2100
2100
2200
3600
2100
2100
2200
2100
2600
2500
2100
2600
2400
2500
2300
2300
2200
2400
2100
2300
2100
2300
2000
2200
2100
2400
2100
2200
2100
2100
2200
2300
2300
2000
2000
2100
1900
2100
2500
2000
2000
2100
2000
2100
2700
2300
2000
2000
2000
16500
2500
1900
2300
2000
1900
2000
2400
2000
2200
2400
2200
5400
21400
17900
1900
1600
13100
2000
1600
1700
1700
1600
1700
1900
1600
1600
1700
1600
2300
1900
1900
8200
1700
1700
1600
2100
1700
1600
1700
1700
1700
8400
1700
1600
1700
2100
2000
1800
2000
1700
1700
1700
1700
1700
1700
2400
1700
1700
1900
1700
1800
1600
1600
1800
1900
1700
1900
1700
1700
1800
2000
1700
1700
1600
1800
1600
2000
1700
1800
1600
1600
1700
1900
1600
1900
1700
1700
1700
2000
1500
1700
1600
1700
1700
2000
1700
1700
1700
1700
1700
1900
1700
1800
1700
1700
1700
1800
1600
2800
1600
1600
1600
1600
1700
1700
1600
1700
1700
2200
1700
6600
25100
1000
600
700
900
1700
700
700
5100
800
600
700
1700
1200
700
700
700
900
1600
700
700
600
600
600
1000
700
1900
700
600
600
1600
1000
700
600
600
600
1600
700
600
600
600
600
1700
800
2000
700
600
700
600
700
700
600
1100
900
600
5800
1300
600
600
500
600
900
1200
900
700
600
600
600
900
700
700
700
600
600
600
600
600
600
700
800
1100
800
600
600
700
700
600
700
600
1200
700
700
800
600
600
800
600
600
1100
700
600
700
600
700
1000
1000
600
3200
900
700
900
700
700
1000
700
600
800
700
700
700
600
600
600
700
600
900
700
800
600
700
700
600
600
800
600
600
600
600
900
800
600
600
600
1000
700
800
600
600
700
600
600
600
700
600
600
700
700
700
600
600
600
700
700
700
700
600
600
700
600
5300
1000
1300
1200
900
2200
900
1000
1000
900
1000
1900
2800
1400
1500
900
1100
1200
900
1000
1100
1100
900
1200
1100
1300
1000
1400
1300
1600
1300
1200
1800
900
900
1600
900
1000
1000
1000
1000
11000
900
800
700
700
3700
2000
1200
1300
1200
1500
1300
1400
1700
1200
1300
1200
1200
1700
4000
1100
1300
1200
1500
1400
1200
1200
1100
1000
1200
1400
1200
1300
1300
1300
1300
1200
1100
1100
1200
1000
1500
1200
1200
1100
1200
1300
1200
1200
1300
1100
1100
1400
1200
1100
1100
1000
1000
1300
1200
1100
900
1300
1100
1200
1100
1100
1200
1300
2700
1200
1100
1200
1200
1400
1200
1600
1400
1200
1200
1400
1100
1100
1100
1200
1200
1400
1200
1200
1100
1100
1200
1400
1200
1200
1400
1100
1200
1100
1100
1100
1200
1200
1200
1100
1300
2000
1200
1400
1300
1200
1200
1300
4200
1500
1100
1100
1300
1000
1000
1100
1100
1100
1300
1000
1100
1100
1100
1200
1300
1100
1800
1200
3000
1100
1300
1100
1100
1000
1100
1200
1000
1100
1200
1100
1200
1200
1100
1400
1500
1100
1000
1100
1000
1200
1100
1200
1300
1200
1100
1100
1300
1100
1100
1100
1100
1100
1300
1300
1100
1400
1200
1100
1100
1300
1000
1100
1200
1200
1000
1200
1100
1100
1100
1100
1200
1000
1100
1200
1100
1100
1100
1100
1200
1100
1000
1400
6400
1200
1200
1200
1100
1100
1300
1100
1100
1100
1100
1100
1000
1200
1100
1100
1100
1300
1000
1100
1100
1100
1100
1300
3600
900
700
700
1200
2100
700
700
600
600
1300
900
800
700
700
700
700
900
1200
600
700
700
5000
800
700
600
700
700
900
700
700
700
700
600
700
700
1000
600
1200
900
700
700
700
700
600
800
700
600
600
600
900
600
700
600
900
600
800
700
600
600
700
600
800
600
700
700
600
600
800
700
600
700
1000
700
800
600
700
600
700
700
900
600
600
600
600
600
800
700
600
600
900
900
600
600
600
600
600
800
700
700
700
600
600
800
600
700
600
600
