1077200
12300
8200
6300
5400
9100
5300
5300
11600
5500
8600
5400
6800
5700
5500
11000
7000
5500
9400
5300
4900
5800
4800
5800
6700
11100
5800
5300
8600
6500
6000
6100
6200
8300
5500
5800
10900
5800
6500
5800
6100
5200
7400
7200
5800
5600
8200
5700
6000
5800
5900
12000
5700
4700
7500
5100
5200
158400
13900
5900
5200
4600
4800
13000
11000
7300
4700
4200
4200
7100
4700
4400
7000
59900
22600
6600
15000
12400
9400
6900
8300
7000
9700
6800
6200
12300
8200
10000
7000
6900
11000
6700
6700
9400
15900
8400
8200
6300
5900
6200
9500
12200
9700
4200
3600
4900
3500
5800
8700
6400
6700
4000
3700
3400
3600
4100
3700
3500
3500
3400
3400
3400
3300
3400
3400
4100
3900
11600
3600
3500
3700
3300
4000
3300
3400
3300
5500
3400
3500
3300
3300
3400
3300
3400
3700
4000
3400
3300
3400
3400
3400
3400
3300
3200
3500
3800
3300
4000
4600
4000
3400
7600
3700
3800
3900
3400
3300
3600
4000
3800
4300
3700
3300
3500
3100
3200
3600
4500
4700
4200
3900
4100
3600
3400
3300
3900
3300
19600
6600
7600
4300
5500
7500
6700
3800
3400
3300
3400
3900
4000
3400
3300
5200
3900
4600
3900
3300
5700
3300
3400
3400
4000
3400
3600
3400
3500
6600
3400
6700
2700
2200
3300
2300
2200
2400
2400
2500
2400
2200
2300
2300
2200
2400
2200
2500
5500
2300
2200
2600
2300
2200
2100
2300
2300
2500
2400
2300
2100
2500
2300
2300
2300
2400
2200
2300
3800
2300
3400
2300
2200
3500
2200
2800
2400
2400
3200
2400
2200
2300
2200
2400
2300
2300
2200
2000
2200
2400
2500
2600
2400
2200
2300
2300
2400
2300
3300
2300
2500
2400
2300
2100
2300
2200
2300
2200
2400
2800
2300
2300
2200
2300
2500
2400
2300
2200
2200
2300
2300
2300
2300
2300
2200
2400
2400
2500
2100
2400
2200
5000
2200
2300
2200
2200
2200
20600
5800
3000
2500
2600
2500
2300
2500
2600
2400
2300
2400
2500
7500
2400
2400
2400
622900
19100
975000
23100
2800
13600
2400
2400
2100
2000
2000
2400
2900
2400
2000
2000
2100
2000
2000
2400
2000
2000
2100
2100
2200
2200
2100
2000
2400
2000
2200
2000
2000
2100
2000
1900
1900
2200
2100
13100
2000
2000
486900
4200
2600
1700
1500
1600
4900
1600
1500
1500
1500
1700
1500
1700
1500
1800
1500
1500
1500
1500
1500
1500
1500
1400
1700
1600
1700
1400
1800
1600
1600
1800
1700
1500
1500
1500
1600
1500
1700
1600
1500
1600
1600
5700
1600
1500
1500
1500
1500
20800
1700
4900
1600
1300
1200
1400
1200
1300
1500
1200
1300
1300
2100
1300
1200
1200
1400
1600
1300
1300
1300
1300
1400
1200
1400
1700
1300
1300
1400
1400
1200
1300
1400
1300
1500
1400
1200
1200
2000
1400
1200
1300
1300
1300
1400
1400
1200
1300
1200
1300
1500
1300
1300
1300
1300
1500
1300
1300
1400
1300
1200
1500
1300
1200
1300
1300
1300
1500
1300
1300
1300
1300
1400
1300
1300
1200
1200
70500
3800
1800
1300
3000
2000
1300
1500
1100
1600
1200
1400
1300
1600
1400
1200
1200
1200
1200
1400
1200
1200
1200
1200
1500
1400
1200
1200
1200
1200
4100
18800
1500
700
600
900
700
600
700
3700
1000
700
700
800
700
700
700
700
800
700
700
900
700
700
900
600
700
1200
2000
700
700
1200
700
600
700
600
800
1200
700
700
700
700
600
900
700
1000
700
700
600
600
900
700
600
700
700
700
800
700
700
600
600
700
800
900
900
700
700
700
700
700
800
700
800
700
700
700
700
600
600
700
600
1300
700
3400
700
700
700
700
800
700
700
700
700
700
800
700
700
700
700
1000
600
900
700
700
600
600
600
800
1800
700
700
900
700
700
600
700
700
1100
700
700
600
600
700
600
800
600
700
700
600
1000
700
700
700
700
700
900
600
700
600
700
600
800
700
700
700
700
700
900
700
600
700
600
600
900
700
700
700
700
700
800
700
600
700
600
900
600
700
700
600
600
700
800
700
700
700
700
800
1200
700
700
700
700
900
700
700
700
1100
800
800
700
700
600
700
700
800
700
800
800
700
900
600
600
1100
600
700
900
700
600
600
700
700
600
800
900
700
600
1600
800
1000
600
600
600
600
600
1000
800
700
700
700
700
800
700
800
700
900
600
700
600
700
700
1000
3500
700
700
700
600
600
800
700
600
700
700
800
700
700
700
800
700
800
600
800
600
700
700
700
700
600
600
700
600
900
700
600
700
600
900
700
700
600
700
700
800
600
700
600
700
800
1000
800
700
900
700
900
700
700
600
700
700
600
700
600
700
700
600
700
1000
800
700
700
800
700
700
700
700
600
800
600
700
700
700
600
600
700
600
3200
900
700
700
1100
800
700
900
700
700
800
700
600
800
700
700
700
700
900
600
600
700
800
700
800
700
600
700
700
800
600
700
700
700
600
600
900
600
700
600
600
700
700
800
800
700
700
700
700
700
900
600
800
600
1100
700
800
700
900
600
800
700
600
900
700
700
700
600
700
800
600
700
900
700
800
1000
1100
1000
1000
900
1000
700
600
1100
700
600
800
700
700
600
900
600
800
600
700
600
600
700
900
600
600
700
600
800
700
700
600
600
1900
1400
1200
1100
1600
2400
1200
1000
1500
1000
1600
1200
1200
1100
1100
1200
1300
1200
1400
1200
1300
1000
1200
1000
1000
1200
1200
8000
4200
1300
900
1000
1400
1200
1100
1000
1900
1100
1200
1000
1100
1200
1200
1300
900
1100
1100
1200
1100
1700
1300
1200
1000
1200
1100
900
1200
1100
1200
1200
1300
1200
1200
1200
1000
1200
1200
1100
1000
1100
1100
1200
1300
1600
1300
1200
1100
1300
1100
1200
1500
1300
1200
1300
900
1200
1200
1100
1000
1300
1200
1300
1100
1200
1100
1300
1100
1100
1000
1100
1300
1100
1200
1100
1000
1100
1100
1200
