751800
9100
6200
4900
4400
8800
4300
6500
8800
4700
7100
5400
4500
4200
4900
9700
4600
4100
7000
4500
3700
4400
4000
3800
4100
8200
6100
4200
5700
5300
3900
3900
4000
5500
4900
4100
6300
4000
3800
4400
3900
3600
4100
4400
4100
4000
5900
4000
4800
4300
4800
7800
4500
3900
6600
3800
4000
4400
3900
3900
4000
4800
3800
4100
6100
4300
4100
4000
3700
6100
4300
4100
6600
60500
6800
10500
10700
4500
4500
4000
4400
4200
5900
3900
4100
8500
5400
5900
4300
4800
6500
5100
4900
4400
9700
4900
4200
4000
3900
4100
9200
4500
12500
4900
5200
6800
4500
4000
8900
10700
4600
3900
3500
4200
3700
3300
3400
4200
3300
3400
3500
3300
3400
3300
3500
3600
4300
10300
3900
3500
3700
3300
3300
2800
3200
8900
3900
3500
3300
3400
3100
3200
3300
3200
4900
3900
7800
3500
3300
3400
3500
3100
4200
3700
3500
4600
4400
3400
3600
4600
4300
4300
4300
4000
3500
3700
3600
3400
3200
3100
4600
4300
4000
3600
3700
3500
4300
3600
3300
3500
4200
4700
4000
3400
6800
3900
3500
3600
3500
3800
3300
3700
3400
7800
3400
3200
3500
3500
3400
4700
3600
3600
4000
3500
4200
3300
3100
3100
3200
3700
3300
3200
3400
3300
4200
3600
8500
467800
17800
4200
3500
2800
2800
3200
2900
2800
10200
4900
3900
3300
2900
4300
3100
2900
3200
4400
2900
3200
3100
2900
2900
3000
2900
2800
2900
3000
2800
3000
2800
2900
2700
2800
3100
2900
3000
53000
5800
5900
3300
4600
2800
3500
3700
3300
2900
3100
2700
2800
2800
2700
3000
3200
2700
2800
2700
2700
2600
2600
2800
2900
2600
2700
2800
4100
2600
2700
2700
2500
3100
2800
2700
2800
2700
3800
2900
2900
2700
2700
2700
3000
8900
2800
2700
2700
2600
2700
3200
2800
2800
7000
3000
2800
3000
2900
2900
2800
2900
2800
3700
2900
2700
2800
2600
2800
10900
6400
3900
3100
3000
21600
4700
2800
3000
2600
2600
2600
3700
2800
2700
2600
2800
2600
7100
2800
2700
2600
2900
2600
2700
2700
2500
2600
5100
2900
2500
2700
2600
2900
2600
2900
3100
2700
2600
3700
2700
3000
2600
2600
2900
2700
3400
2700
2700
2700
2800
2600
2600
2700
3000
2800
2500
2700
7400
2400
2500
2500
2300
2200
2300
2200
2300
2600
2200
2500
2500
2400
2500
2700
2300
2300
2300
2300
2500
2600
2400
2300
2200
2300
2300
2300
2300
3000
2400
2300
2700
2500
2300
2300
2300
2300
2500
2500
4600
2400
2300
2300
2700
2400
2300
2300
5800
2400
11500
3100
1600
1600
1500
1600
1400
2200
1500
1600
1600
1500
1500
1700
1500
2100
1600
1600
1900
8100
1700
1500
1500
1500
1600
1700
1700
1600
1500
1400
3100
1800
1900
1600
1500
1500
1900
1700
1600
1500
1500
2000
1500
1600
1500
1500
1600
1700
1500
1800
1500
1500
1500
1500
2300
1700
1600
1600
1600
2200
1600
1800
2300
1500
1500
1600
1600
1600
1500
1500
1500
1500
1600
1600
1600
1500
1500
1500
1500
1600
1600
1500
1500
1600
1800
1400
1500
1500
1400
1500
1800
1500
1500
1500
1600
1500
2100
1500
1600
1400
1600
1500
1500
1700
1500
1600
1600
1800
10000
51800
1600
1200
12600
1200
3900
1200
1100
4200
1100
1000
3000
1100
1100
1100
1100
1100
2300
1200
1200
1100
1200
1100
1200
1100
1100
2600
1200
1200
1900
1200
1100
1200
1100
1100
2200
1300
1000
1000
1200
1100
2300
1100
1100
2600
1000
1100
1400
2200
1200
1100
1100
1100
1100
2300
1100
1200
1100
5400
1200
2100
1100
2500
1400
1100
1100
1100
1100
2000
1100
1100
1400
1100
1200
1100
1200
1100
1100
1100
2300
1400
1100
1100
1100
1100
1100
1100
1100
1100
1200
1100
1100
1100
1100
1000
1100
1100
1100
2000
1100
1100
1100
1100
1200
1000
1300
900
3900
1400
1500
1100
1200
1100
1100
1300
1200
1200
1100
1200
1200
1400
1200
1200
1200
1400
1200
1100
1100
1100
1100
1200
1300
1200
1200
1200
1100
1200
6300
1100
1100
1100
1100
1100
1300
1200
1200
1200
1100
1300
1100
1200
1100
1100
1200
1400
1200
1200
1200
1200
1400
1300
1100
1200
1100
1200
1900
1400
1100
1200
1200
1200
1100
1100
1100
1200
1100
1100
2100
1300
1200
1100
1100
1100
1100
1400
1100
1200
1200
1000
1200
1300
1200
1100
1200
1200
1200
1400
1300
1300
1200
1200
1200
1400
1100
1200
1200
1200
1200
1600
1200
1100
1300
1200
1100
1700
2700
1400
700
900
900
700
600
600
800
600
2000
800
600
700
700
700
700
700
900
600
700
1500
700
600
600
700
700
1500
700
700
700
600
600
800
700
600
1100
700
1500
700
700
600
700
600
1500
800
700
600
700
700
1400
700
700
700
700
700
1600
700
700
700
600
700
600
1500
700
900
700
600
700
700
700
1400
800
700
700
700
700
700
1500
700
600
600
700
600
700
600
700
700
600
1600
800
1000
1300
700
700
3600
700
600
600
700
700
1000
700
700
700
700
700
700
8000
2900
1100
700
600
800
600
1000
800
600
700
900
700
700
600
600
600
600
800
700
700
600
700
700
700
600
600
700
800
600
600
700
600
600
900
600
1100
600
600
600
5200
700
700
600
600
600
900
1000
700
600
600
900
700
700
1200
700
600
800
600
700
1100
1500
1200
1600
600
900
600
600
700
600
600
600
900
600
900
700
600
1100
1000
6200
1000
600
600
1600
600
700
900
600
600
800
700
900
600
700
600
700
700
900
700
600
600
600
700
800
600
600
600
600
2000
700
700
700
600
9400
700
700
700
600
600
600
700
600
600
1200
800
600
1000
900
600
600
700
700
600
600
600
900
700
700
600
600
600
900
600
600
1000
600
700
900
700
600
600
600
1100
600
1100
700
600
600
800
600
600
600
1600
900
700
700
600
700
600
700
700
700
600
700
700
600
600
600
600
700
1100
700
700
600
600
600
800
600
600
700
600
600
3900
700
700
600
700
1200
1000
500
600
600
700
700
600
600
700
600
600
600
600
600
600
600
600
900
