789600
9100
6000
5000
4400
7200
4400
4300
12500
5700
7100
4100
4100
4000
3700
10700
4600
4500
7700
3900
3900
4500
3700
3700
4200
7800
6200
4600
7100
4500
4200
4000
4200
6200
4100
3800
7100
4800
4000
4300
4000
3700
4400
4700
4100
4100
6800
3900
4100
4100
4000
8900
4100
3900
7400
4200
4100
4100
4000
3700
4100
3700
3800
4100
6900
3900
4300
5600
4200
6500
4000
4500
7200
9400
4800
4400
5500
3900
3800
3800
4300
3800
7200
4500
4100
7500
6400
6900
5100
4000
7000
4300
4300
4000
29400
10300
6900
5200
6400
5000
6900
4400
16000
6000
4600
7600
5100
4200
11600
6700
4700
3800
3400
3600
4200
2900
2700
5400
38600
6200
4400
4100
3100
14800
5900
3800
3800
48100
6700
4300
6700
2900
5200
2700
2800
2700
2900
5700
2900
2800
2600
2600
10100
4900
4100
3600
2900
3500
2700
2700
3100
2700
2700
7400
3800
3100
2500
2600
3000
2600
2400
2400
2800
2600
2700
3000
2500
2400
2500
2600
3000
2900
2500
2600
2400
2700
2500
2500
2700
2900
2800
3300
2500
2500
2500
2400
2900
12600
5900
6700
4600
3800
10900
5700
3500
3400
3300
3400
4100
4000
4300
4700
3600
3600
5500
5800
3900
3900
3500
4100
3400
3400
3300
3400
3300
3500
10400
4800
3800
3500
3100
3200
3000
3000
3000
2900
3000
3000
3200
3100
3200
3100
3100
3300
3800
3000
3100
3200
3300
3000
2900
2900
2900
3200
2900
3100
3300
3000
3000
3100
3000
2900
3400
3000
2900
5900
3100
5200
3400
3000
2900
2900
4000
3200
2800
3500
3000
2900
3200
2900
3200
3100
3200
3100
3200
3100
2900
3200
3000
2900
3500
3200
4700
3000
2900
2900
3400
4100
3300
3300
2800
3400
3500
5000
3300
4000
3400
3300
3400
3200
3000
3000
3100
3100
3700
3400
3300
3100
2900
3200
3000
2900
3100
3200
3000
3100
3000
7200
3100
2900
3000
3400
3000
5000
29500
6100
3200
2700
2600
2700
2700
5500
3000
2700
2700
2800
2500
2600
2400
2500
2600
8400
3000
4200
2500
2400
2700
2800
2400
2700
2600
3400
3000
2600
2600
2800
2700
2600
2800
2800
2800
2700
2500
2500
2400
2500
2900
2700
2500
2600
2600
2700
2600
2500
2300
2500
2400
2500
2700
2500
2700
2700
2500
5800
2800
2400
2800
2600
2500
2600
2500
2300
2700
2500
2500
2600
2600
2700
2600
2500
2400
2600
2700
2600
2500
2600
2700
5000
2500
10400
3500
3000
2600
2600
2700
2600
2600
2500
2500
2600
2600
2500
2500
2500
4000
2700
2600
2600
2500
2600
2700
2500
56400
2000
1200
1100
1100
12700
1400
1100
1000
1500
1200
1200
1200
1200
1200
1300
1900
1300
1400
1200
1200
1100
1200
1200
1200
1200
1100
1100
900
1100
1200
1100
1000
800
900
2100
1300
1000
1000
1700
1100
1200
1100
1100
1100
1000
1000
1200
1200
1200
1200
1000
1200
1200
1300
1000
1000
1000
1100
1400
1200
1100
1400
1100
1100
1400
1200
1100
1100
1100
1300
1400
1200
1000
1100
1000
1400
1500
1200
1200
1500
1100
1100
1500
1200
1100
1200
1200
1200
1400
1300
1200
1200
1200
1200
1500
1300
1200
1300
1300
1100
1100
1100
1100
1200
1200
8300
1100
4800
1700
700
700
700
600
600
700
600
4100
700
600
600
600
900
600
600
800
700
800
700
600
600
900
600
1100
900
1100
700
700
900
600
700
600
600
700
1000
700
700
600
600
700
700
600
600
1100
900
600
600
900
600
600
600
600
700
5500
700
700
600
600
600
900
600
1200
900
700
700
700
700
1100
700
700
600
600
700
700
700
700
600
600
700
4700
900
600
700
600
600
700
800
700
800
1400
700
700
800
600
700
600
600
1100
600
800
700
600
600
700
600
800
3300
1100
800
800
800
800
1000
1000
700
800
700
800
800
800
700
800
800
900
900
700
700
800
700
1000
700
700
800
700
1500
700
600
600
500
600
600
800
600
600
600
700
5600
700
600
600
600
600
600
600
600
700
700
600
600
600
700
600
500
600
600
800
600
600
600
600
600
700
600
600
600
600
700
1200
700
600
600
600
800
600
600
600
800
600
800
500
600
600
700
600
800
600
600
600
700
600
1100
700
600
600
600
600
800
600
600
600
600
600
800
600
2000
800
700
600
600
800
900
800
800
1000
1400
600
600
700
700
600
600
800
700
600
600
600
600
800
1000
1400
600
700
700
800
600
600
600
600
600
800
700
800
600
700
800
600
600
700
700
600
800
600
600
600
700
600
5100
600
700
600
600
600
600
600
600
700
600
500
600
600
600
700
800
600
700
900
800
600
1200
700
600
600
1100
800
600
600
600
700
600
700
600
1000
700
600
800
900
600
600
600
700
800
600
700
800
1000
1100
800
600
600
600
600
600
2100
1000
600
600
700
800
600
800
700
600
600
600
600
600
600
600
800
700
900
700
600
800
600
600
900
1000
1100
1400
600
600
700
700
600
2900
700
700
1000
1000
700
700
700
700
1300
700
600
600
600
800
700
700
700
700
700
1000
900
700
700
600
700
1000
700
600
700
700
9500
600
600
600
600
600
600
600
1000
600
600
900
600
600
600
800
600
900
700
800
700
600
700
900
600
600
700
700
600
800
600
600
600
600
600
800
600
600
600
600
600
600
600
700
14600
3700
1000
700
700
2000
800
700
600
600
700
700
700
600
800
600
700
700
1100
1500
800
600
600
600
600
800
600
600
600
600
600
800
700
600
700
600
4600
1500
1100
1100
1100
4100
1100
1600
1200
1200
800
800
800
700
600
700
700
700
1700
700
700
600
700
700
600
700
600
900
600
900
600
600
600
600
700
900
1000
700
600
700
700
600
700
700
600
600
700
700
700
700
600
700
800
600
1200
700
600
600
1000
600
600
600
600
700
700
700
600
600
700
800
700
600
