745900
10400
6300
5100
4300
4600
4000
4800
8400
4200
8600
5900
4000
4000
4100
9500
4900
4200
6900
4200
3700
4600
3900
5000
4100
8300
5800
4200
6700
4000
4600
4200
4100
5800
4800
4100
9200
4000
4000
4200
4700
3800
4100
4600
4600
4300
6300
3800
4800
4600
4200
7600
4200
4300
6700
4100
4100
4200
3800
4200
3900
3700
3700
4100
6200
3900
3800
3800
3800
6000
4000
4100
7400
10700
4500
3900
5100
4300
4900
4200
4600
3900
6000
4100
4000
7300
6500
5900
5000
4500
6400
4300
3900
3900
9300
6200
4900
6500
4900
4300
6800
4700
12200
4800
4900
6300
4900
4300
14300
6700
5000
4600
4800
4000
3800
3900
3900
5000
5400
4200
4300
4100
3800
10900
3800
4500
4400
12900
7000
4700
4200
5800
4700
4500
4200
3900
4400
4400
3900
4200
3900
3900
3900
3800
4800
5700
4500
4100
3900
5400
7500
4200
3900
3900
4400
6000
5900
4700
4500
4800
5100
4100
4700
4900
4800
5100
4200
4100
3500
3900
4800
4000
3800
3700
3500
3400
4300
4200
3800
3800
4500
4300
5900
6900
5200
5000
4400
4300
4200
4700
5700
4500
4900
8300
4700
4400
3900
3900
4000
5000
3800
3900
4800
3700
4600
3800
4000
3500
4100
3600
3700
9800
3700
5800
4100
3500
11000
3900
3100
2500
2500
2100
2100
2700
2200
2400
2500
2700
2800
2900
2700
3100
3100
3400
3300
3300
2800
2800
2800
2900
2700
2800
2700
2900
2800
2800
2800
2700
2800
2800
2900
2900
3100
3100
2900
6100
3100
4200
3000
3200
2900
2900
3600
4000
3100
3100
2900
3500
2800
6400
3100
3100
2900
3800
2800
2800
2600
3000
2900
2700
2800
3400
4700
3200
3000
3100
3000
2900
3600
10000
3000
3000
3400
4300
3000
3200
2900
3300
3300
2800
2800
3300
2800
2700
3300
3200
3200
3100
2900
2900
2900
2800
3300
3100
2900
2900
3100
3100
3000
3100
2800
4900
2900
3000
26300
4200
2000
1900
1600
1700
1800
1900
1800
1600
1600
1700
1600
2000
3300
1700
1900
1600
2100
1700
1700
1700
1700
1600
2000
1600
1700
1700
1600
1700
3900
1700
1700
2200
1900
3100
2000
1700
1800
4500
1800
2800
1700
1700
2900
1700
3700
1700
1500
1700
2900
1600
1600
1600
2000
1900
2900
1700
1800
1700
1800
3000
1700
1700
2100
1800
1700
2800
1900
1600
1600
1700
1700
1700
1700
1600
1600
1700
1600
1800
1700
1600
1600
1600
2800
1700
1700
1800
1700
1700
3500
1700
1700
1800
1700
1700
3000
1700
1600
12700
2100
1700
1600
1800
1700
1700
1700
2900
11000
15400
2000
1400
1600
1300
10900
1400
1300
1300
1600
1300
1400
1400
1800
1400
1500
1300
1500
4300
1500
1400
2800
1400
1400
1400
1600
1300
1400
1400
1300
1300
1300
1400
1300
1300
1800
1400
1400
1400
1600
1400
1300
1300
1300
1300
1500
1300
1300
1300
1300
1300
1400
1800
1500
1400
1300
1500
1600
1300
1300
1300
2000
1500
1300
1400
1400
1300
1400
1500
1300
1300
1400
1300
1400
5900
1400
1300
1400
1400
1300
1500
1300
1400
1300
1300
1300
1500
1400
1300
1400
1400
1300
1400
1400
1400
1700
1400
1300
1300
1300
1400
1300
1400
1300
1300
1300
1300
8600
36800
1600
1100
1300
1100
1000
1100
1100
4200
1100
1000
1100
1100
1100
1100
1100
1100
1300
1000
1000
1100
1100
1100
1200
1200
1200
9800
1200
1200
1200
1100
1200
1100
1200
1100
1300
1200
1000
2400
1200
1000
1100
1300
1200
10700
1300
1300
4900
1100
1400
1200
1100
1200
1200
1100
1000
1000
47900
1800
800
800
700
1400
2100
900
900
800
1000
700
800
700
900
800
1000
700
700
600
700
600
800
1100
600
700
600
700
600
600
700
600
700
700
800
700
600
700
600
700
800
900
700
600
600
600
700
600
600
600
1500
700
900
700
900
700
700
700
700
700
700
600
700
700
600
600
800
600
700
600
600
500
800
600
600
700
700
600
600
600
600
700
700
700
700
700
800
700
600
600
900
700
700
600
600
600
600
600
700
600
700
600
900
700
700
700
700
600
600
600
600
600
600
700
800
700
1400
700
700
700
5000
700
700
600
700
700
800
600
600
600
600
600
800
600
600
700
600
600
700
600
700
600
700
700
600
600
600
600
600
600
500
1000
700
700
600
700
1200
800
24300
3700
1600
1200
1000
1400
1400
1100
1100
1100
1200
1400
1000
1300
1300
1100
1200
1200
1300
1100
2400
1000
1200
1100
1000
1100
1100
1000
1400
8800
2700
2100
1900
2400
1900
1800
3200
2100
2000
2600
1900
1800
1700
1800
1700
2500
1800
2200
1900
1800
1800
2200
1800
1900
900
700
600
600
600
700
600
600
700
600
700
600
600
800
600
600
600
1000
800
600
600
600
500
600
600
800
600
600
600
600
700
600
500
500
600
800
800
600
500
700
600
800
600
600
1300
600
800
600
600
600
500
600
900
600
3200
1400
1400
1100
1200
1000
1100
1300
1100
1100
1100
1300
1100
1200
1100
1100
1100
1100
1300
1300
1100
1100
1000
1100
1100
1100
1100
1200
1100
1100
1300
1000
1100
1000
1100
1000
1500
1100
1100
1100
1100
1100
1000
1100
1000
1100
1000
1100
1100
1100
1100
1000
1100
1300
1400
1100
1100
1100
1000
1200
1100
1100
1200
5200
1100
1500
1100
1300
1200
1000
1200
1300
1200
1100
1100
1000
1100
1200
1100
1100
1200
1200
1100
1300
1100
1200
1100
1200
1100
1200
1100
1100
1100
1100
1100
1200
1100
1100
1100
1100
1000
1300
1100
1100
1000
1100
1000
1200
3800
1700
1200
1100
1100
17500
1400
1200
1000
1300
1900
1000
1100
1100
1100
1300
1000
1000
1300
1000
1100
1100
1200
1000
1200
1100
1300
1000
1000
1000
1100
1100
1200
1100
1000
1100
1400
1100
1200
1000
1100
1100
1000
1100
1200
1000
1100
1000
1200
1000
2200
1200
1100
1000
1400
1300
1100
1000
1100
1100
1100
1200
1100
1100
1000
1200
1000
1300
1000
800
1100
1000
1800
1100
1000
1000
1000
1000
1300
900
1100
1200
1100
1000
1000
1100
1000
1100
1000
1300
1400
1100
1100
1100
7600
1000
1100
1000
1100
1000
1300
1100
1100
1100
1000
900
1300
1000
