1099700
12200
7900
6800
5800
9100
6100
5400
12600
5400
9500
5600
5100
5500
5200
10500
6000
4800
9700
5200
5400
5800
4800
5100
5500
11000
5300
5600
8400
6400
6100
5800
6200
8600
9400
6000
8700
6500
5300
5300
5600
5200
6700
6800
5200
5900
9000
6500
6300
5700
5900
12100
5500
9800
9200
6300
4800
4700
6700
4500
4800
5500
4300
8500
9000
5800
5100
6700
6200
9900
6400
6200
9800
13000
6400
5700
11500
6000
5500
5100
5500
5400
7600
5500
5300
9000
7100
9300
6900
6800
8700
6500
5300
5200
14300
7000
5900
6300
6500
6900
9000
6900
19000
11900
7400
9500
7300
5800
8900
4100
3100
2600
3200
3100
2700
2500
2500
3000
2700
2700
2500
2400
2700
2500
2700
2500
2700
7000
2600
6800
2500
2600
2500
2500
2500
2700
2400
2600
2500
2500
2600
2600
2400
2500
3100
2700
2700
2700
2400
2400
2400
2600
2700
2400
2400
2400
2800
3000
3000
2600
2600
2400
2600
2800
2400
2600
2500
2700
2800
2600
3100
2700
2500
2700
2400
2500
2400
2600
2600
2600
2500
4300
3100
2700
2500
3300
2600
2500
2600
3000
2500
2400
2600
3100
2400
2700
2400
2300
2400
2600
2600
2400
2300
2400
3100
4000
2700
3000
3100
3400
2400
2500
2600
2300
2300
2400
12100
4400
3400
3100
2700
2700
2700
2800
2700
2700
2700
2700
2700
2700
10300
4900
3700
3300
4000
3000
2800
2800
2900
3200
784000
28100
4500
3300
2600
2600
2800
16200
2600
2500
3100
2500
3000
2500
2500
23400
4200
4800
10500
2800
2700
2600
3400
2800
2700
3200
2700
2600
2500
2800
2900
2900
2700
2600
2600
2400
2800
2500
2500
2500
2700
2600
2700
2700
2600
2600
2500
3200
3000
2400
2700
2500
2500
2800
2700
2600
2600
2700
2700
3200
2700
2600
2600
2600
2600
5300
2600
2400
2500
7300
2700
2800
2500
2600
2500
3000
5700
2900
2600
2600
2800
2400
2900
2500
24700
7500
4100
1700
1400
1400
1400
1500
1400
1400
1400
1400
1300
1600
1400
1400
1500
1500
1700
1600
1400
1400
1400
1400
1500
1600
1400
1500
1400
1400
1500
1500
1500
1400
1400
1600
1600
1700
1400
1500
1500
1400
1400
1400
1300
1500
1400
1400
1400
1400
1400
1300
1500
1600
1600
1400
1400
1400
1500
1400
2100
2500
1500
2200
1500
1500
1400
1400
1500
1400
1400
1300
1600
1400
1300
1800
2000
1700
1500
1400
1500
1600
1400
1500
1400
1400
1400
1600
1400
1500
1600
1400
1500
1500
1500
1400
1400
1400
1400
1400
1300
1400
1300
1400
1700
1400
1400
1400
4400
1900
8600
1500
1500
1600
1400
1500
2600
1600
1500
1500
1400
1400
1500
1500
2100
1400
1700
3300
1500
1400
1500
1400
1500
1800
1500
1500
1400
1500
1500
1700
1400
1500
1400
1400
1500
1700
1500
1400
1500
1800
1600
1700
1400
1500
1500
1500
1500
1600
1500
1500
1400
1400
1900
1400
1400
1300
1500
1500
1500
1600
2200
1500
1400
1500
1300
1500
1500
1400
1300
1500
1500
1500
2900
3000
1600
1300
1800
1300
1400
1400
1400
1400
1500
1400
1400
1300
1400
1400
1600
3100
1500
1400
1400
1400
7200
1500
1400
1900
1300
1300
1500
1300
1400
1300
1500
1400
5700
26800
1200
800
700
700
700
600
700
3500
1400
700
700
600
600
700
5000
800
700
700
700
600
900
600
700
1100
700
1100
700
800
600
600
700
600
600
3200
700
700
700
700
600
900
600
600
700
1100
600
800
800
600
700
600
700
600
900
700
600
700
600
600
900
700
700
1000
900
700
700
800
600
700
600
700
700
700
700
600
600
700
900
700
600
1200
600
700
700
800
600
600
600
600
700
5200
700
600
600
700
600
700
700
1000
700
700
700
700
800
700
700
700
4000
1700
1500
1200
1200
1100
1400
1100
1100
1100
1100
1100
1300
1000
1000
1100
1100
1100
1200
1100
1200
1100
1100
1300
1100
1100
1200
1100
1100
1300
1200
1200
1100
1200
1900
1100
1200
1200
1200
1200
1200
1100
1200
1100
1100
1100
1300
1100
1100
1300
1200
1100
1400
1100
1200
1100
1200
1100
1200
1100
1100
1100
1200
1200
1300
1100
1100
1200
1200
2000
1400
1200
1200
1100
1200
1200
1300
1200
1100
1100
1100
1200
1400
1100
1100
1100
1200
1200
7300
1200
1200
1200
1100
1200
2000
1200
4300
1100
1100
1000
1300
1100
1000
1000
900
1100
1200
1300
2900
900
1200
700
700
600
600
700
1500
700
700
600
600
600
600
600
700
800
800
900
700
700
700
600
600
900
700
700
600
700
800
700
700
800
700
600
5500
700
1100
1500
800
700
600
700
600
600
600
700
700
700
600
700
600
800
800
600
700
700
600
800
700
600
600
600
700
900
700
600
1700
700
800
1000
700
700
700
800
600
600
700
700
700
1100
600
600
600
700
600
600
600
700
800
700
800
600
600
700
600
600
800
600
600
700
600
700
1400
700
700
600
1800
700
600
600
600
700
600
700
800
800
600
600
600
800
700
800
700
700
1000
700
600
700
700
700
700
600
800
1800
1000
1400
700
600
900
700
700
700
900
600
1000
700
700
700
600
700
800
800
700
700
900
700
800
700
700
700
800
600
700
600
700
700
700
900
700
600
700
700
600
5600
700
700
600
700
800
900
600
700
700
700
700
600
700
700
600
800
800
800
700
600
600
700
900
1000
600
600
700
600
900
600
700
600
600
700
700
700
600
600
600
800
1700
1000
700
700
700
2000
800
1000
700
600
700
600
700
1300
700
600
700
700
1100
600
700
600
600
600
5200
800
600
700
700
600
600
700
600
700
700
800
900
600
700
1200
1000
1600
800
700
800
600
700
900
700
600
700
700
600
600
1500
800
600
700
600
700
700
600
600
600
900
700
700
600
700
700
700
700
900
700
2100
900
800
700
700
700
700
900
600
700
700
700
700
700
700
600
700
700
900
600
700
600
600
600
800
700
600
600
700
700
800
700
700
700
