734500
8800
6500
5000
4200
4800
4200
9200
8000
5100
7200
4200
5900
5100
4000
6100
4000
3800
9300
4300
3800
5700
4000
4100
3900
8600
5300
4700
6500
4000
4000
4300
3700
5600
3800
3800
6700
4100
3700
4700
3900
4000
4400
4600
4100
4100
6100
4500
4100
4000
4200
7700
4400
3900
9600
4800
4100
4300
4100
3800
4100
3700
4000
4000
6000
4100
4000
3700
3800
8400
4800
3900
5800
7100
9200
4700
5200
4200
5000
4000
4300
3800
6300
4300
3900
165800
12200
11100
5000
4700
6800
4600
4200
4100
10800
5000
4100
4200
4600
3800
5800
4500
12300
4600
4300
6700
4700
4200
9200
10000
4600
4000
3600
3700
4300
3800
3700
4500
3600
4000
3500
3400
3500
3400
3400
3700
3700
12100
5000
3800
4300
3800
3500
3600
3500
3500
3400
3600
3400
3500
3500
3800
3700
3600
3700
4800
4300
3700
3700
3700
3600
3600
3700
3400
4300
4300
3200
4400
3600
3300
3100
2900
3400
4600
3200
4400
3500
3300
8700
3500
4200
4000
4500
3800
4000
5500
4200
4000
4400
3800
6900
6100
4700
4100
3900
3700
3700
3700
3800
4000
3600
3800
4200
6400
3700
3800
3500
3300
3500
4000
3400
4200
3900
3600
4500
4200
3400
3600
3400
3400
4000
3700
3500
5900
3800
3600
8200
4300
4100
2600
2400
2500
2600
2400
2500
2500
2600
4200
3700
2600
2900
2600
2800
3600
3600
2700
2400
3900
2800
2600
2400
2500
2400
2500
2600
2300
2400
2400
2700
2500
2700
2500
2800
2600
2700
4400
4900
3100
2500
2900
2400
2400
2900
2400
2700
2600
2400
2600
2300
2400
2800
5700
2500
2600
2400
2300
2600
2800
2400
2500
2400
3000
3200
2700
2300
2400
2400
2500
4100
2600
2300
2200
2300
33900
6500
3000
2400
2900
2500
4700
2300
2500
2300
2300
2200
2300
2500
2200
2300
6700
2300
2700
3100
2300
2500
2100
2100
3700
2200
2400
2300
2300
2300
2600
11100
4400
2600
2400
3000
2300
1900
2000
1900
1900
1900
2100
1800
2000
1900
2100
2000
3200
1900
2900
2000
2000
1800
2300
1800
2100
2000
1800
1900
1800
1800
1800
2000
1900
1900
1900
2000
1900
1900
1800
2100
1800
2400
2000
2000
1900
1900
1800
1900
5300
2200
1900
1900
1900
2500
2600
2000
2000
2000
4300
2100
1900
2000
1800
1800
1900
2000
1800
1800
1900
1900
2100
2400
1900
2100
1800
1800
1900
2000
1900
1800
2000
2100
2000
1900
6600
2600
2200
2000
2200
2100
2100
2000
1900
1900
2200
2000
8900
2400
1900
1800
4000
2000
1900
2100
2000
2200
2100
42100
2000
13700
1900
1100
1100
1000
1200
1000
1000
1100
1000
1100
1200
1000
1100
1500
1100
1300
1000
1000
1000
1000
900
1100
1000
1000
1000
1100
1000
1400
1100
1000
1000
900
900
4300
1200
1000
1000
1000
1000
1000
900
1000
1100
1700
1100
1100
1000
1100
1000
900
900
1300
1000
1000
900
900
1000
1200
1100
1000
900
1000
1100
1200
1000
900
900
1000
1000
1300
1000
900
1000
1100
1200
1200
1000
1000
1000
1000
900
1300
900
1000
1000
1000
1000
1300
1000
1700
1000
1000
900
1200
900
1000
900
1000
1000
1200
1000
1000
1000
900
900
16400
1000
1000
800
600
900
600
600
600
3500
700
700
700
900
700
700
600
600
700
800
700
600
600
600
700
900
700
1600
700
600
700
700
800
600
600
600
700
600
800
600
600
700
700
600
800
1100
700
700
700
600
600
3500
700
700
700
700
600
900
600
600
600
600
600
1000
900
700
700
700
700
700
800
600
600
600
700
600
800
600
700
700
700
1100
700
800
600
700
700
600
700
600
600
600
600
700
900
700
700
600
600
1400
700
800
600
600
700
700
600
600
3000
900
700
700
700
600
700
600
700
600
700
800
700
700
600
600
600
700
800
700
700
600
600
600
600
600
600
600
600
700
600
600
700
700
700
700
1000
600
600
600
900
600
700
600
700
600
800
700
600
700
600
600
800
600
800
700
600
600
700
900
700
700
600
600
600
900
600
600
600
1100
600
800
800
600
700
700
600
700
600
600
600
600
800
700
800
700
700
700
3700
700
700
700
700
600
700
700
500
600
1100
700
600
600
700
600
700
700
700
600
1400
1000
700
800
700
600
600
800
800
700
700
700
700
800
600
600
600
600
700
900
900
700
700
700
700
1000
700
600
600
700
600
800
700
700
600
600
700
800
700
600
700
600
600
800
600
600
700
700
600
700
700
600
600
700
900
700
700
700
600
600
2100
700
600
600
700
700
1600
700
700
700
1600
1000
800
700
700
700
1500
700
600
700
600
600
1400
600
600
700
600
1200
800
700
800
600
700
1500
1000
1600
600
600
600
1500
700
700
600
600
4000
1600
700
600
1600
1000
900
700
800
1000
700
4100
900
800
1400
800
900
800
900
800
800
800
2300
600
700
600
700
700
900
900
700
600
700
700
1000
600
700
600
600
700
800
700
700
700
600
800
700
600
600
600
600
800
700
700
600
600
600
900
1200
700
600
700
700
800
600
600
700
600
600
900
600
700
700
700
700
600
800
700
700
500
600
600
700
700
600
600
800
800
700
600
800
700
900
600
700
700
600
700
800
700
600
600
600
700
3500
700
700
800
800
600
800
600
1800
700
700
700
800
1800
900
600
600
600
700
700
800
600
1200
600
700
600
1000
700
700
600
600
3700
700
700
700
700
600
1000
700
600
700
700
600
600
1100
700
700
600
900
1000
1300
700
600
600
800
700
600
600
700
700
800
600
900
600
600
900
700
700
600
600
600
800
700
600
700
700
600
900
600
700
800
700
600
700
700
600
600
600
600
600
600
700
600
600
800
700
700
700
700
700
800
1000
700
700
600
700
900
600
600
700
900
700
800
600
700
600
