700200
9200
6300
5000
4400
4800
6300
9300
4300
4200
6800
4300
6300
4100
4200
6000
4000
3900
7200
4200
3700
4300
3700
4800
3900
8200
4400
4000
6100
7100
4100
4500
3800
6500
4400
4200
6200
3800
3700
4600
4100
3600
4200
6000
4500
4300
6200
4200
4200
5600
4500
26000
4700
5000
8900
4300
4000
4200
3900
4500
4500
3900
6800
5800
6000
3700
3700
3600
3800
6100
4300
4100
5800
3700
8700
4500
7000
4600
3600
3400
3600
3600
6200
3900
3900
4000
4100
5500
3700
6700
6400
4800
4700
9100
4100
3800
3600
3400
3400
6800
7300
6400
11200
3900
3600
5500
4700
3900
19500
9800
7300
6800
6200
5500
5200
4800
5200
4900
5200
5200
5200
3900
3500
3500
4000
3900
4600
13400
4600
3900
3600
3800
3900
3800
3600
4700
7500
4400
4600
5000
4600
4700
4300
4100
5000
4800
4500
4400
4000
6900
4100
4000
4000
4000
4400
4200
3900
3700
4200
4800
3900
3400
3800
4400
4000
4200
3700
8800
4200
3800
4500
4500
3700
3700
3600
4700
3700
3600
3900
3600
3700
6000
4700
4600
4100
3700
3500
3700
3900
4400
3800
3600
3300
6700
3500
3900
3700
4100
4000
4200
3700
4400
3500
3700
5100
3800
3700
4800
4000
4100
3600
3600
3600
3500
3700
3700
8700
13700
3800
3200
2900
3200
2900
2900
3000
3400
3600
3400
3000
3000
2800
3000
3200
3200
8100
3100
2900
2900
3000
2900
2600
2900
3000
2800
2900
2900
3000
2800
3200
2900
2900
4600
3400
2900
3400
5000
2900
4400
2800
4100
3100
2800
3800
2900
2900
3600
3200
2800
3200
2700
3400
3200
2800
2800
2900
3000
2900
3800
3100
3000
2900
2700
4300
2900
2900
2900
2800
3000
3700
2900
4900
3000
2900
3800
3300
2900
2900
2800
2800
2900
3100
3000
2800
3000
2700
2800
3300
2800
3000
2900
2900
3100
2700
2900
2700
2700
3100
2800
3000
3000
3000
2900
2900
2900
20100
7900
2200
2000
2100
1800
2100
1800
2100
2700
2100
1900
2000
1700
1900
1700
1900
5400
2100
23100
5300
3400
2900
2900
2400
4400
2700
2700
3000
2400
2800
3000
2500
2500
2600
3000
3100
2400
2700
2400
2500
2900
2600
2700
2700
2500
2200
2000
2300
2400
2100
2100
2400
2200
3200
2800
2900
2200
2100
6900
2200
2800
2300
2300
2500
2400
2500
2600
2600
2500
2400
2500
7100
2700
2400
2800
2500
2400
2600
2500
2400
2300
2500
2500
2600
10100
3300
2800
2500
2400
5300
2500
2400
3100
2000
2500
6300
2500
2500
2400
2600
2500
5200
2600
2400
2400
2500
2600
49700
4500
1000
1000
700
700
11500
900
800
1000
1200
700
700
700
700
1000
700
700
1000
700
800
900
700
700
700
800
1600
1000
700
700
800
700
700
700
700
700
900
700
900
700
1300
800
700
700
900
700
700
700
700
700
700
700
700
2400
900
700
900
700
700
700
700
800
1000
700
700
700
700
700
700
2500
700
800
800
800
800
800
800
700
700
700
800
1000
800
800
700
700
700
900
700
700
800
2100
1300
800
600
600
600
700
900
700
700
600
600
600
800
600
600
600
2100
800
1300
700
700
600
700
700
600
4800
800
600
600
700
800
700
600
600
700
800
600
600
600
600
600
800
600
1100
600
600
600
600
600
600
600
600
1200
600
800
600
600
600
600
600
900
1000
600
600
600
700
600
800
700
600
700
700
500
900
600
600
700
700
600
1000
800
600
600
600
700
600
600
600
700
600
600
600
700
600
600
600
600
900
700
3700
700
600
600
600
600
1200
700
600
700
600
700
600
600
600
600
1000
600
600
600
600
600
600
1000
900
4900
1000
700
800
700
700
900
600
700
600
700
600
800
600
700
600
600
600
900
700
600
600
600
600
700
600
600
600
1100
700
700
600
600
600
600
800
700
700
600
600
600
800
800
600
600
600
600
700
600
600
600
600
600
700
700
700
600
600
600
600
800
600
600
1300
600
700
600
600
1900
700
700
600
800
700
600
600
500
800
900
600
600
600
600
600
700
600
600
600
600
800
800
600
1200
700
600
3800
700
700
600
600
600
700
600
600
600
600
700
600
1500
1000
700
900
700
900
700
600
600
700
600
600
600
700
700
600
600
700
800
600
700
700
700
700
600
500
600
700
700
600
600
600
600
800
600
700
700
700
700
700
700
700
700
700
600
1000
700
600
600
600
800
600
600
700
800
900
800
700
600
700
700
600
600
600
600
700
600
600
600
600
600
1000
900
700
600
600
600
900
600
600
600
600
600
700
600
700
700
600
800
600
1300
700
700
800
900
600
600
600
600
800
600
700
700
1300
2000
700
700
600
1400
800
700
700
700
3600
800
600
700
600
700
700
700
700
600
600
900
600
900
700
600
700
800
600
600
700
700
700
600
600
600
600
600
800
600
600
1200
700
700
600
700
700
700
600
700
600
700
600
600
600
800
600
600
600
1100
600
900
600
600
600
600
600
800
600
600
600
600
600
800
600
700
600
900
600
800
600
600
600
600
600
800
600
800
600
700
600
700
600
600
600
700
800
700
700
700
600
600
3500
700
700
600
600
600
600
600
600
600
600
2700
1000
700
700
800
1700
900
900
700
700
600
1200
800
700
600
600
600
600
800
700
700
700
600
800
700
600
600
600
600
900
600
600
600
700
700
900
900
600
600
700
1100
3700
700
700
700
700
600
1000
700
600
700
600
800
600
1000
600
600
600
900
600
600
600
600
600
700
600
600
600
600
800
700
600
800
600
600
1100
600
600
700
700
600
900
700
600
700
700
600
800
700
700
800
600
600
700
700
600
700
700
700
700
600
700
700
700
800
700
600
600
