836800
32800
28500
24200
27900
19200
31100
24700
20300
23200
22200
21900
22300
21900
24500
35500
41100
24700
61100
29700
28000
26900
27300
46000
29600
37100
30000
44400
31500
27600
38000
59600
41900
48500
48100
27100
92500
36700
28800
27600
34600
29300
30400
28900
64600
41100
32400
27300
27000
30300
48700
22900
918400
24300
72600
27100
18800
72600
18300
41900
19500
17300
17300
16600
16100
50600
19500
17300
17700
16300
18100
39900
49700
31300
20300
18900
20300
19100
19200
20000
19100
38500
21000
19500
20200
18800
20000
18400
18400
18000
13600
13000
19900
14900
17500
12600
19300
14000
16600
12700
14100
10400
32500
12700
12200
12600
16600
12100
33500
14700
13600
13500
13600
26100
21000
13900
13300
46000
18900
14300
13800
25200
19300
20800
18200
14400
22200
39400
17600
15600
14700
15100
15800
17900
29300
16200
16500
17100
15100
16300
22500
15500
15300
14500
30800
19300
17500
29200
17600
24500
18200
16600
19000
57200
18600
24300
15700
15500
17000
15300
15900
22700
35300
25800
20800
18000
17500
17700
18000
19800
33800
27200
19700
18300
24600
17900
18000
17500
26500
26900
15000
13700
19600
13900
27200
14700
20300
14300
22700
14400
14100
14400
13000
14200
30300
20100
21700
16500
28200
19000
29100
18900
19100
17700
28500
18100
18300
25200
15900
17100
18600
29000
24800
32800
29100
18000
36100
21200
32000
19600
20400
42600
26600
21600
34300
20900
25500
27900
20900
23600
30600
21100
20900
19200
41700
26300
24700
42300
24000
40100
24800
23300
23700
22900
22600
36700
22900
23000
23300
25000
23600
58600
41800
33100
27800
36500
27000
27600
26700
26800
26100
62400
27700
30500
30900
27400
26400
25500
24500
24200
13300
12000
15400
11900
18600
14700
19400
13400
12900
14700
11700
11500
11700
12300
13200
15700
14000
11900
22800
16100
15900
12800
21400
12600
15900
13400
13600
14000
12200
13200
12500
17800
15100
23800
21400
15100
26500
20400
15600
15400
14500
20400
16700
16200
15500
20300
15200
14100
14800
22600
20300
24500
19800
15900
37700
23300
19400
28100
21600
26200
21900
19300
19600
18600
20100
27100
20800
19300
19000
17700
20600
29200
39200
29500
22900
22800
33200
23000
22400
21600
57700
24900
16400
14700
17600
15400
14700
16200
13100
13200
19700
7000
8900
6800
12300
6500
9400
7100
8600
7800
9600
7100
6700
7300
6600
14200
9800
7900
17400
11100
8600
11200
9400
8900
11800
6800
8900
7600
7600
7900
8600
16000
9700
18500
15700
8600
14000
13300
8900
9400
8800
15000
10300
11000
10400
32800
9900
9200
9200
21900
15600
18800
14200
10500
13700
13400
11100
12400
11600
10900
10900
10600
24800
11400
11500
11000
9800
10300
19300
16400
12300
11500
18200
19800
13300
13000
12400
12600
13000
17000
12500
20400
13400
12600
14300
12500
13100
12800
13400
18300
6900
6000
7800
6100
11400
7400
7800
6100
7300
6200
6200
6200
6100
6500
10800
9200
8300
6900
10800
7900
7000
7400
12700
7300
11300
7300
9500
7400
7400
7500
7700
11400
8000
12600
20700
8400
12800
9300
9400
10900
8400
13500
13400
8600
8900
12900
8700
9100
11100
15100
12800
14700
15500
13600
14400
12300
15300
10700
10200
12500
11000
12500
17800
13800
10700
9000
10300
10200
16700
18700
10700
10200
20400
21400
11500
20900
11500
18100
12400
12900
12300
11700
11300
24100
12200
11800
11500
12300
11800
18500
49700
63800
27100
29100
61300
27900
25100
25300
27200
26000
27300
24800
18400
17000
19500
20500
20100
46000
20900
22900
17800
24300
17600
20600
21100
17800
17800
19600
17900
19500
32000
18700
18000
19500
21200
18000
20800
23400
20700
18700
22100
34400
23000
17300
22700
19200
17000
16700
23200
17600
21800
17400
38200
18300
28100
21100
24700
19100
18200
25300
20300
19200
40500
18100
18200
17100
18300
16700
32400
22800
19600
19600
226200
11000
11500
12700
6900
7700
7900
13900
11800
7200
7100
7300
7300
13300
7900
55900
16500
22400
31400
62000
23700
19500
14100
13400
13700
13700
14500
14200
14200
28200
16700
39100
29500
17300
17400
14200
31200
26900
18700
18400
16500
20200
20500
17000
47000
27200
16300
22200
19700
16500
16000
19200
16700
16000
21400
29600
43600
17500
21600
17400
17800
17100
23200
17500
17300
17100
27200
40000
25500
18200
17300
18600
22500
29600
24500
19000
18000
47100
19400
18300
25000
19200
19000
18500
18200
18500
26900
37400
41500
19900
215000
18300
11400
30700
11300
13400
16600
16200
20900
11700
10500
31300
10800
21200
11300
11500
10200
10900
23400
41100
15000
12400
11800
12000
12100
12000
40400
9900
9800
12700
11100
9900
12300
13900
11400
10800
13800
16500
26300
13500
14400
28500
10700
11100
13800
12300
11700
12000
12000
12100
20900
12100
11200
10900
17800
34600
23700
9200
11900
6300
6600
7400
9300
6300
6000
5900
18600
7400
10800
6700
6000
6100
13700
8700
13000
7000
7700
14300
7100
7100
12800
6800
7100
8100
6900
6800
13400
12000
7000
7200
54800
7000
5600
10400
8800
5700
5700
6300
17700
5900
5400
5800
5700
15100
5600
5700
5400
7200
11000
7000
5100
5300
5000
5200
5100
5000
5400
5000
4900
4700
9800
5000
6500
6200
6100
4900
6600
8400
6300
5700
7300
25400
5900
5500
8300
5600
5500
5500
13800
5500
7800
5700
5600
5500
8800
15100
6000
6100
5800
10100
9500
6000
11500
10400
7400
9500
9100
6100
6200
8900
5700
5800
11700
7400
26900
7900
7500
12800
7300
7200
11900
7700
6900
6800
6300
6700
11400
7100
7100
7000
51700
6000
5700
9900
6200
5600
9100
6000
12000
5600
5800
5800
5800
14300
5700
6100
5600
6100
13700
6600
5300
5400
5300
5200
5300
5200
6100
22500
5200
5100
5200
5400
7900
6300
11900
5300
7300
8200
6100
6600
8400
9200
6000
6200
8600
6100
5700
5800
6100
6000
8700
5900
6100
6000
8200
11800
9200
6400
6300
10200
10000
6300
6200
9700
6200
9400
9700
6300
6200
13900
6700
6200
10100
12000
13100
7100
10900
7200
7200
7900
12000
7000
27100
4500
41900
4200
9300
5500
5500
11300
37900
7800
3100
6100
2900
3400
4600
5100
10800
4600
4600
4900
5400
14000
5500
4700
4300
5300
18300
6300
5200
4700
4800
4700
4600
4800
4500
5500
4600
4400
4400
4100
4300
8400
6300
4800
6900
7200
13200
11100
7400
7400
5300
5200
7100
5300
5200
5900
5200
5200
7200
5100
5200
5100
7400
9900
5500
6600
6000
10000
12100
9400
5400
12700
3900
8600
8700
3800
3800
5500
3700
3600
12300
6100
5500
4000
5600
4000
3900
3800
6300
5900
5900
6000
11400
6600
9900
6600
6000
6000
43300
5600
8400
5400
4800
11600
3300
3400
6900
4100
2900
2900
3100
3100
5800
3200
2900
2900
38400
5600
5100
4800
4900
6100
4900
5200
5500
5500
5500
6800
4900
4800
4800
4800
4900
5600
15000
5800
7100
8700
6900
7800
5600
7100
5500
5100
5900
5300
5400
7300
7100
6000
5400
5500
8900
6200
5700
5800
6200
6700
5900
6000
6100
6700
7000
8800
6000
6000
6200
5800
5800
6000
9900
6400
7100
15500
6300
6400
6500
5600
6000
9100
6400
10800
6800
6600
6300
7600
6800
9800
48600
8000
5300
5200
5300
4900
8800
5200
5000
5400
5300
5700
5300
5200
14700
10200
5400
5300
7700
5200
5000
4900
5100
4800
5100
5100
6400
5100
5500
5800
4900
4700
5100
4900
5100
5000
9200
5500
11000
5800
6800
8100
5600
6800
5500
5700
7300
5900
4900
5600
5300
4700
5300
5100
12000
6000
10800
5700
6000
6500
6000
5600
5800
6300
6200
9400
6900
5800
6000
6000
5300
5700
7200
3900
3900
5800
3700
3700
3700
4000
3900
5800
3900
6800
3800
4000
3700
3800
3800
5500
30000
5100
3100
3200
3000
3100
4900
2900
3000
5300
3000
3200
3000
2900
5400
5600
2900
3000
6800
3300
3300
3000
3200
2900
3000
3100
4200
3100
3400
3100
2900
2900
6300
3000
3200
3100
5100
3500
3400
3200
3800
5300
3300
3300
4400
4500
3200
4400
3300
3200
3200
3600
3300
4300
5600
3700
3800
3400
3700
3500
3700
3600
3500
3700
3700
4900
3500
3400
3500
3700
3400
3600
9300
3900
3700
5600
4400
3600
3600
3800
3800
5800
3800
6300
3800
3900
4200
4300
3800
5900
23500
5000
2900
3000
3000
3100
4700
2900
3500
3000
2800
6000
3200
3000
5700
5400
2800
2900
6700
3200
3100
2900
2900
2800
3100
3000
3300
4500
3500
2900
2900
2900
3100
3400
3100
2900
4500
3400
3200
3400
3200
4400
3100
3200
3700
3900
3300
4100
3700
3200
3100
3400
3200
3700
5900
3500
7500
3600
4600
5600
3600
4700
3500
3500
4500
3500
5400
3800
5800
3600
3600
3600
6100
3900
4400
5700
4200
3600
3600
3900
3800
5400
3900
6400
3800
4000
3600
3900
3900
7900
25000
4700
2900
2900
3000
2800
4800
2800
2800
2800
2800
3400
2900
2800
4700
5300
2800
2900
7300
3200
3000
2800
3100
2900
2900
2900
3900
3100
3100
3100
2900
3500
3000
2800
4500
3000
5400
3400
3200
3200
4200
4400
4200
3200
3900
5200
3200
4900
3400
3200
4700
3800
3400
5300
8900
5400
5700
3500
5500
7000
4500
4700
4500
3500
5400
3700
3600
4500
5100
6600
3700
3600
5900
3800
3700
3800
4700
3700
4000
3800
3800
3900
4100
16700
3800
3600
4000
3700
3800
4100
25600
4500
2900
2900
3000
2800
5200
3000
2800
2800
4200
3000
2900
2800
4800
5200
2800
3000
6300
3100
3200
3500
3000
9900
3200
2900
3800
3100
3500
3000
2900
2800
3200
2800
2900
3500
4400
3400
3400
3200
3200
4600
3200
3200
4100
3800
3500
3800
3500
3300
3200
3300
3300
4100
9100
3500
4900
3500
4700
6400
3500
4600
3500
3600
4400
3700
3600
3400
5200
3600
3700
3600
5600
4000
3700
3800
4100
3800
3700
4000
3700
4500
4000
5100
3900
3800
6700
3800
3600
4000
21100
3200
2900
5100
3200
4100
2900
3000
3000
4600
3300
9300
3100
3100
3100
3000
3000
4800
13900
10200
5600
3500
3700
5400
3300
3000
3000
3500
3000
3500
3300
3000
3200
3400
3200
3000
4500
3500
3400
3600
3200
3400
4400
3500
3300
4000
4200
4000
4000
3300
4000
3300
4500
3900
6600
3700
4000
3900
3600
4300
4000
3600
8200
3700
3600
4800
4800
3500
3700
3600
4800
3900
6100
4200
5200
3900
3900
4200
3900
3900
3900
3900
3900
3800
3900
3700
3800
3800
4000
4000
22900
4800
3300
7200
3000
4700
5800
3200
4300
3200
3100
3300
3000
4400
4400
3100
3100
4800
7000
3400
3100
3200
3400
3100
3100
3100
3200
3400
3000
3000
3100
3200
3000
4700
3100
3200
4400
3500
3400
3200
3200
6200
4400
3300
3300
4100
4000
4100
4400
3200
3800
3400
4200
4200
6200
5300
3600
3800
3400
3500
3500
3500
4800
3600
3500
4600
4700
3500
3600
4300
3900
3500
8700
3800
5200
4100
3700
3800
3700
3800
3700
3600
4100
3800
3800
4000
3800
3700
3700
4600
22100
4400
3000
4300
2900
4400
4600
2800
4400
3500
2900
3000
6000
4400
4400
3000
3000
4300
7000
3500
3100
3200
3300
3700
3100
3100
3000
3100
3000
3700
3200
2900
3400
3800
3000
3200
4700
4300
3700
4200
4200
3400
3800
3300
3400
4600
3400
3400
4700
3300
7000
3600
3400
3300
8900
3800
3500
3600
3600
3500
3400
3300
5200
3700
3700
4700
4700
3600
4000
3600
3600
3700
6200
4000
6700
3800
3700
8300
3900
3800
3600
3900
3700
3800
3900
3700
3800
3700
3900
3800
22700
4400
3200
4300
3000
4700
4500
3100
4200
3100
3000
3200
3000
4200
4300
3200
2900
4300
6700
3300
3100
3100
3400
3300
3100
3000
3000
4400
3300
3000
3000
3000
3200
3600
3000
3000
7000
4300
3400
4300
3800
3400
3700
3700
3400
3300
3200
3300
4100
3300
4000
3400
3300
3300
4500
3600
3700
3600
3500
3700
4700
3600
6400
4700
4500
4500
4800
4900
4600
3500
5300
4800
6100
4100
5100
4200
3800
3900
3900
3800
4400
3800
4000
3800
3800
4200
3800
3800
3800
4000
29000
4400
3100
4300
3100
4600
4600
2900
4800
3000
2900
3000
3800
4200
4300
3200
2900
4100
5600
3100
3200
3100
3000
3100
3000
3400
3000
3000
3000
3100
3100
3100
3000
3400
3100
6100
4400
3900
3400
4000
3600
3400
3700
3200
3300
3500
3300
3300
4200
3400
4900
3800
3400
3300
4800
3500
3600
3400
3600
3500
4600
3800
3500
4600
4800
4300
4700
4100
4400
3500
6100
4800
9400
4000
3800
4000
4300
3900
3800
3700
5800
4500
3800
5100
5100
3700
3700
4000
3800
3800
21700
4800
3000
4200
3000
4500
6900
3000
4200
3100
3100
3000
3000
4500
4200
3000
3800
4400
6800
4100
3400
3200
3200
3200
4100
3400
3100
3700
3900
3200
3200
3000
3000
4000
3200
3000
4700
4400
3400
4500
4600
4100
6500
3400
3300
3400
3800
3400
4100
3500
3900
3900
3400
4000
5100
3800
4000
3600
3500
3700
4700
4000
3500
4800
4800
5200
4700
3600
4700
3600
5700
4800
9800
4300
3900
4500
4100
3800
3900
4000
5500
3800
4000
5800
5300
3800
4000
3800
3800
4000
22500
3300
4800
3500
3000
3000
3100
3000
3200
3100
3000
2900
5900
3100
3100
3200
3100
3100
9400
3500
3500
3300
3300
3900
4000
3300
3200
3500
3500
3700
3300
3200
3200
3200
3100
3100
4900
3400
4300
4600
3400
3400
3400
3900
3600
4000
3400
3600
3300
3500
3300
3300
4200
10400
7900
9600
5900
4800
5200
4700
3700
3700
3500
3900
3600
3700
3600
3800
3600
3600
3500
3700
6500
4000
4100
4000
3900
4100
5000
5400
4000
5200
4000
5000
5600
4000
3900
3800
6500
3900
24400
3400
3300
3500
3400
3100
4500
3300
3200
3200
3000
3200
3300
3100
3000
5000
3200
3000
7100
3600
3500
3200
3800
3300
3300
3200
3200
3800
3200
6900
5300
4000
2900
2700
2700
2800
4300
3500
5500
4300
2900
3100
3000
3700
3000
3800
3100
4500
3100
3000
6100
3200
3500
3200
7200
3300
3200
3300
4200
4200
3200
3900
3500
3400
3200
3300
3500
3200
3200
3200
3200
3200
5200
3700
3500
3500
3500
3700
4700
4500
3700
4700
3900
4700
4800
3500
3600
6200
4500
3500
21800
2800
2800
3100
2700
2800
4100
2900
2600
2800
2600
3000
2800
2700
2900
3300
2600
2600
7100
3300
3800
3200
4500
2900
2800
2800
2800
3300
3100
2900
3100
3300
2900
3200
2800
2800
4400
3000
3100
3100
3200
3900
3800
3400
2900
4200
3200
3900
3400
3100
3000
3200
3100
3300
4700
3200
3200
3200
4200
4000
3400
3300
3300
3200
3200
3400
3300
3200
3200
3400
3200
3200
5300
3500
3500
3500
3600
3400
4600
4700
3600
4700
3300
7200
4700
3500
3700
3400
4700
3500
20400
3200
3300
2800
2600
2700
4500
2800
2600
2700
2900
2700
2600
2700
2600
2900
2700
2700
6600
3000
3300
2800
3100
2900
3100
2700
2800
3100
4200
3000
2600
2700
2800
2600
2900
2700
3400
6400
3100
3000
3100
4100
3100
3300
2900
4200
3200
3800
3100
3300
3300
3000
3000
3000
5100
3300
4500
4600
3200
3400
3300
4100
3400
4300
3400
4000
3300
3200
3400
3500
4500
3400
5500
3500
3800
3500
3400
3500
4500
7200
3600
4600
3700
4500
4500
4000
3600
3300
4500
3600
24000
2800
2600
2700
3100
2700
4100
2600
2800
2600
2600
2700
2900
2700
2600
3000
2600
2600
7100
3200
4000
2800
3400
4200
2900
5400
3100
3400
2800
5200
2800
2700
3000
3600
2900
2700
4400
3100
3100
3100
3100
3900
3100
4500
3000
4800
3900
3900
3200
3100
3000
3900
3100
3000
5300
3300
5300
5700
3600
3300
3300
4700
4300
4300
4900
4700
40300
5700
18200
5600
10700
5700
9500
5200
5200
5800
8100
7200
6300
6200
6000
6600
6800
5700
6300
5900
6000
6200
5500
9400
27700
3100
3000
3200
2900
3100
4600
3200
2900
2900
2800
3200
3400
3800
3100
4300
3000
2800
7100
3200
3400
3100
3500
3100
3000
3100
3100
3400
3100
3400
3000
3200
3100
3000
2900
2900
3800
3300
3300
3500
3300
4100
3500
3400
3200
4000
3400
3900
3600
3300
3200
4000
3200
3500
4700
3700
4600
5800
3600
4000
3500
7700
4000
6100
3800
3700
3400
3500
3800
3200
4000
3500
5100
4000
3600
3600
4700
4900
4200
3600
3900
3800
3600
5300
3600
3600
3400
3500
3500
3700
25800
3000
2600
2700
2600
2800
4800
4400
2700
4000
2800
3900
7100
2800
2700
2600
4200
2800
9900
3300
3000
3100
2800
3500
3000
2900
2900
2800
3100
2800
3100
3000
2900
3000
2800
2800
4500
3200
3200
3100
3200
6100
3100
3100
3100
3300
3100
3100
3200
3100
3200
3000
3100
3600
4800
3900
3300
3400
3400
4000
3400
3400
3400
3300
3600
3400
4100
3500
3400
3300
3400
5100
5200
4800
4300
3600
4800
3600
3700
4400
3900
3600
4000
3700
3600
3800
3500
3400
3900
3500
24200
2900
3000
3000
4200
3000
3800
3000
2900
2600
4000
2800
2700
3000
2700
2700
4000
2700
7400
3100
3000
2700
2800
3100
3400
2900
2900
3700
2800
3200
2900
3100
3000
2900
2800
2900
4200
3200
5900
3100
3100
3100
3100
3300
3000
3000
3100
3100
3300
3100
3000
3000
3100
3800
4600
3300
3100
3600
3300
3300
3200
3300
3500
3500
3300
3800
4200
3200
3300
3400
3300
4300
5400
4300
3900
3700
4500
3600
3500
4400
3500
3500
3600
3900
3600
3500
4000
3400
3700
3500
25300
2800
3000
2800
3000
3100
4000
2900
2800
2600
3800
2800
2600
2700
3900
3800
4600
2700
8000
3500
3000
3000
2800
3000
3100
2900
3200
2900
3000
3100
3100
2900
2900
2700
2900
3000
4200
3400
3100
3100
3000
3800
3100
3000
3100
3100
3000
7300
3900
3200
3400
3100
3000
3100
7800
3400
3300
3400
3400
3300
3200
3300
3300
3400
3800
3400
4200
3300
3500
3300
3300
4300
5300
5100
3700
3600
4500
3800
3500
4500
3500
3500
4100
3700
3700
3600
3500
3600
3600
3500
21300
2800
2700
2900
2900
2800
4000
2700
2600
5400
3900
2800
2600
2700
2700
2600
4000
2900
7700
3100
3200
2900
2800
2900
3600
2900
2800
2900
3100
3300
2900
2800
2700
3000
2900
3800
4700
3200
3600
3200
3200
3600
3100
3300
3000
3100
3100
3100
3400
3100
3200
3000
3100
3200
4100
3500
3700
3300
3400
3700
3400
3700
3300
3500
3600
3400
3500
3300
6200
3400
3400
4300
5200
4500
3600
3500
4600
3600
3700
4300
3700
3500
4200
3600
3400
3800
3500
3400
3500
3500
20800
2800
2900
2700
2800
2700
4300
2900
2800
2500
3800
2700
2600
2800
2700
2600
3900
2700
9800
3100
2900
2800
2700
3200
3300
3300
2900
3000
3000
3200
2900
2900
3500
2900
2800
3000
4100
3500
3100
3100
3200
3700
3200
3100
3100
3200
3100
3200
3200
3200
3300
3200
3100
3100
4200
3500
3400
3400
3300
3400
3600
3400
3300
3300
3600
3400
3400
3800
3300
3300
3400
4700
6400
3600
3400
6800
3600
3700
3500
3700
3800
3700
3600
3500
4700
3800
3500
3500
3600
4900
20400
2800
2800
2800
3000
2800
3900
2800
2800
2600
3800
2900
2700
2700
2800
2600
3800
3000
5700
3200
3000
3100
2900
3000
3300
3300
4100
2900
2900
3500
2800
3000
2900
2800
5700
2900
4300
3300
3100
3200
3300
3600
3500
3200
3100
3800
3200
3100
3900
3100
3100
3100
3100
3200
4000
3500
3500
3500
3400
3600
3400
3500
3300
3600
3400
3300
3500
5000
3300
3300
3400
4200
4900
3600
3700
3600
3600
3700
3700
3700
3600
3700
3600
3800
4700
3500
3500
3800
3500
4600
20200
3900
3400
2800
4000
2900
2700
3900
3700
3500
2800
2700
3200
2800
2700
2600
3000
2700
16700
3400
2900
3400
2900
3100
2800
2900
2900
2900
3000
2800
2800
2800
2900
3000
2700
2800
4600
3300
3800
6400
3100
3100
3100
3000
2900
3100
3000
3000
3000
3100
3200
3700
3100
3800
6400
3500
3400
3600
3300
4200
3500
3300
4600
3500
4300
3400
3300
4300
3400
3200
3500
3600
5400
4000
4500
4000
3700
3600
3700
3900
4100
3500
4500
4900
3600
3700
3600
6400
3700
3600
15100
2900
4300
2900
4000
4100
4000
3000
2700
2700
2900
3100
2700
3900
3000
2800
2800
2700
7500
3300
2900
2900
3000
2800
3100
3000
2800
2800
2800
2800
2900
2700
3000
2700
2700
3000
4000
3300
3800
3700
3100
6200
3000
3000
3400
3100
3300
3000
3000
3100
3100
3900
3200
3900
5000
3300
3200
3900
3200
4200
3300
3500
3200
3300
4500
3800
3200
4200
3200
3800
3200
3600
5100
3700
4800
3500
3600
3600
3600
3500
3600
3700
4300
4500
3700
3400
3500
3500
3600
6600
13100
2800
4100
2800
3900
3900
3800
2700
2800
2700
2800
2700
2800
3900
2900
2700
2600
2800
7500
3300
3000
3000
3100
2900
3300
2900
3000
2800
2800
2900
3400
3000
3300
2800
2900
3000
3600
3200
3300
3800
4300
6100
3200
3200
3200
3300
3300
3100
3100
3200
3200
3100
3500
3100
4600
3500
3300
3300
3300
4200
3300
3300
3300
3500
3900
3400
3400
4000
3500
3300
3200
3400
5300
3600
4500
3600
3500
3500
3700
4000
3600
3500
4500
5500
3600
3500
3700
3500
4100
3500
14600
2800
4000
2800
3900
3900
3700
2800
2700
3300
2700
2700
2700
4000
3000
2900
2600
2700
6900
3400
3000
3500
3100
3000
3200
3000
2700
2800
3000
3300
2900
2700
3400
2900
2900
2900
3800
3200
3200
4000
3300
3200
3000
6500
3200
3300
3200
3100
3100
3200
3200
3100
3300
3300
4800
3400
4300
3500
3400
3400
3300
3300
3400
3300
3300
3400
3700
3400
3400
4400
3500
4400
5100
3700
4500
3600
3500
3500
3500
3700
3500
3500
4400
4500
3500
3400
3500
3700
3600
3400
15300
2800
4100
3000
3900
3900
3700
2700
2600
2600
2800
2700
2600
3800
2900
2700
2700
2600
6900
3200
3300
3000
3000
2800
3500
2900
2800
2800
2800
3300
2800
2700
3300
3100
2800
2900
3800
3100
3100
3800
3200
3700
3200
3000
6100
3200
3000
3100
3200
3200
3200
3000
3100
3200
4000
3500
4100
3600
3400
3400
3300
3400
3600
3300
3400
3300
3500
3400
3500
5900
3600
4400
5100
3600
3500
3700
3500
4600
3500
3600
3500
3800
4500
3700
3600
4700
4700
3700
3800
3600
13800
2800
4000
2800
4000
3900
3700
2900
2700
3200
2800
2800
2800
3700
2900
2700
2600
2800
6400
3200
3000
3700
3100
2800
3500
3000
2700
2900
2900
3000
2800
2700
3200
3000
3100
2800
3700
3100
3300
3900
3300
3100
3100
6200
3200
3300
3100
3100
3400
3100
3100
3100
3200
3100
4400
3400
4400
3500
3300
3400
3400
3300
3300
3400
3600
3300
3300
3300
3600
4200
3700
4200
4800
3700
4200
3600
3600
4600
3700
3600
3600
4200
4600
3800
3500
4700
3500
3600
3500
3800
11600
3000
4000
2800
2700
2800
3000
2600
2700
2900
4000
3900
2900
2700
2800
2700
2800
2900
9500
3400
4000
3600
3000
3400
3600
3400
3000
6000
3200
8000
3000
3200
3400
3200
3000
3100
4300
3500
3300
3400
3500
3300
5200
3400
3400
3200
3200
4300
3400
4100
3800
7400
3500
4000
5200
3800
3600
3400
3800
3500
3400
3600
3700
3300
4700
3500
3500
5000
6000
3700
3400
4600
6700
4900
3900
3800
3900
4900
3700
3800
3700
7000
4000
3800
3700
4700
3700
5900
4000
3800
14100
6100
4100
4000
6400
3900
3700
3000
7500
3000
4600
2900
3100
4400
4300
2900
3000
2900
8300
3700
3200
3200
4000
5100
3300
3600
3000
3200
3000
2900
3800
3000
3000
2900
3000
3700
5100
3400
3400
3500
3200
3100
3200
3500
3200
3100
4200
4200
3300
7000
3600
4900
3300
4100
4900
3600
3400
3600
3500
3300
3400
3800
3400
3400
4700
3600
3700
5500
4400
3400
3600
3400
8700
3900
3800
3800
3900
3600
3500
3800
3500
5000
4300
3700
6500
3700
3600
5000
3700
3800
12300
4300
4400
2900
5300
2900
2900
4700
4400
3000
4300
3100
2800
4100
4000
3100
2700
2800
10500
3500
3200
3000
3000
3200
3100
3500
3200
2900
3000
2800
3600
3100
2900
3000
2900
4200
3600
3600
4000
3300
3300
4000
4000
4000
3300
3200
3400
4100
3200
3300
3900
3300
3500
3200
5100
3600
3700
3500
3400
3400
4000
3500
3500
3400
4500
6400
3500
5000
10000
7200
3500
3400
10000
3900
3800
3700
3700
3900
3800
3500
3500
6500
3700
3900
3600
4200
3600
4900
3900
3600
11500
4300
4300
2900
8100
2900
3100
2800
4300
2900
4400
3000
3000
4100
4200
2800
2700
2800
8300
3500
3100
3200
3200
3100
3100
3600
3600
3000
3000
2900
3900
2900
3000
3500
3000
3200
3900
3500
3800
3600
3500
3900
6800
4000
3400
3300
3300
4100
3300
3200
3900
3400
3400
3200
4300
3600
3500
3700
3500
3900
3500
3700
3400
3400
3500
6100
3800
5200
3500
4600
3500
4800
5300
3900
3800
3800
3700
6400
3600
3600
3800
5000
3800
4000
3600
3800
3600
4900
3600
3600
12100
4400
4300
2800
5300
2900
2800
2800
4600
2700
4300
2900
3000
6800
4100
2800
2800
2800
8000
3400
3400
3100
2900
3000
3200
3500
2900
3000
3000
3000
3300
3000
2900
3100
2900
3300
3900
3200
3900
3400
3200
4000
3700
7100
3300
3200
3500
3800
3300
4800
3800
3400
3400
3200
4300
3600
3500
3700
3400
3500
3600
3500
3500
3400
3600
4400
3600
5200
4000
4600
3500
4500
4900
3800
4000
3600
3700
3800
3500
3800
3700
6600
5000
3900
3600
5000
4800
3700
3900
3700
10700
4200
4000
3000
5200
3000
2800
3100
4200
2800
4300
3100
2800
4200
6700
3000
2700
2800
8200
3700
3300
3300
3100
3100
3200
3800
2900
3100
3200
3200
3500
2900
3100
3000
3100
3700
3700
3300
4200
3300
3300
4100
4200
4900
3400
3300
3800
4100
3400
3100
4600
3300
3400
3300
4300
6600
3600
3700
3600
3400
3500
3400
3800
3500
3600
5200
3700
5400
3600
4600
3500
4800
5000
4000
3700
3700
3900
3700
3700
3900
3700
3600
5200
3900
3800
5000
7500
3900
4000
3800
11300
3200
3000
3100
3000
2900
2900
2900
2900
4600
3000
2900
3500
3000
2800
4900
4300
3000
10400
3600
3300
3200
3200
3200
3300
3600
6300
3500
3100
4600
3200
3000
3100
3000
3300
3400
4100
3600
3300
3500
3300
3400
3500
3400
3300
3300
4100
3400
4100
3400
3200
4400
3400
4100
5000
7700
3600
3500
3500
3900
4400
3800
4500
3600
4300
3600
3600
3500
3600
4500
3800
3500
8300
4000
4000
3900
5600
4100
3800
3900
5400
4000
3900
3700
4000
3800
3800
3600
4400
5800
11800
3400
2900
3100
4400
2900
3100
3400
4900
3600
3000
4800
3000
7300
3000
3200
3100
3100
9000
3700
3500
3500
3200
2900
3100
3100
3600
3200
3100
3000
3400
3000
3100
3000
3700
3100
4200
3300
3300
3400
3500
3400
3400
3300
3300
3400
3700
3500
4400
3400
3200
3400
3200
4600
4700
3600
3600
3500
3700
3600
4600
3600
7300
3500
4300
3600
3600
3500
3500
4400
3600
3600
5200
4000
3800
3900
4800
3900
4000
3700
5000
3700
3800
3800
3900
3700
3700
3800
3700
5500
11800
3100
3100
3000
4300
2800
5800
3000
4200
3100
3000
4500
2900
4200
2900
3000
3000
3100
8400
3700
3800
3300
3300
3500
3300
3600
3400
3000
3300
3000
3100
3000
3200
3000
3400
3000
5000
3600
3400
3200
3200
3300
3400
4500
3600
3800
3300
3600
3400
3300
3200
3200
6400
3400
4700
3600
3800
3500
3400
3500
5100
3600
5100
6200
6100
3600
3500
3600
3400
4400
3600
3500
5500
3900
4900
4000
4800
4200
3900
4300
5000
3900
4000
3700
4400
4300
3900
3700
4200
5400
14600
3200
2800
3000
4200
3600
3600
3500
4800
4100
3400
5400
3600
5000
3600
3500
3500
3600
9300
4700
4300
4100
4100
3800
4300
3200
3800
3200
3100
3100
3000
3300
3000
3000
3400
3000
7900
3600
3500
3300
3400
3400
3300
4100
3300
4100
3200
3300
3400
3200
3500
3200
3400
3600
4500
3900
3500
3600
3600
3900
3600
3700
4200
3800
4500
3900
4600
3700
3400
3600
3800
4600
6100
3800
4000
3900
4900
3900
3800
6600
4900
3700
3800
3700
4000
3800
3700
4300
4000
5500
12100
3000
2800
3100
4100
2800
2900
4300
4100
2800
2900
4700
2900
4100
3200
2900
2800
3000
8600
3800
3500
6100
3300
3100
3500
3200
3600
3100
3100
3000
3200
3000
3000
2900
3600
3000
5100
3500
3300
3600
3400
3300
3400
4100
3500
4400
3800
3400
3500
3600
3400
3200
3300
3500
4500
4000
3800
3700
3600
3800
3600
3600
3700
3800
4400
3900
4300
3900
3400
3600
3500
4500
7900
4000
3900
3900
4000
3900
5000
3800
5300
3800
5600
4000
3900
3700
3700
4900
4200
3700
10800
3000
3400
3300
4100
2900
2900
2900
4100
3000
2800
7500
2900
4200
3100
2900
3000
3200
7900
3500
3700
3200
3100
3000
3200
3300
3500
3200
3100
3200
3300
3100
3100
3200
3500
3000
4500
3400
3600
3300
3200
3300
3400
4000
3300
4600
3400
3300
3600
3200
3300
3300
3600
3400
6100
3700
3600
3600
3700
3700
3600
6500
3700
3500
4600
3900
4600
3700
3500
3900
4000
4700
5300
4100
4000
3800
3700
3900
5200
4100
5000
3800
4900
3800
4100
3700
3800
5100
4000
3900
11100
3300
3000
3100
7400
3200
2900
3100
4300
2900
3000
3200
3000
3100
3100
2900
3000
5200
10200
3700
3600
3900
3900
3300
3700
3300
3300
3200
3200
3200
3400
3200
3400
3600
4500
3700
7300
3500
3500
3600
4100
3600
3600
3500
3400
4400
4300
3500
3500
4100
4500
3400
3400
3700
6000
4400
3800
5100
3800
3700
3900
3700
3600
3500
3900
3600
3600
4800
3600
4700
3800
4100
5800
6600
5000
4100
4000
4900
4300
6200
4200
4800
4100
4000
4400
4700
3800
4300
4800
4100
13400
3200
4100
3400
3100
6900
6400
3300
3400
4200
3200
5600
3200
3300
4200
3000
3600
7400
9700
3600
3500
3900
3600
3400
3100
3700
3900
3300
3200
3300
3100
3200
3300
3000
3200
3300
4500
3400
3400
3400
4300
3500
3600
3500
3300
4200
3300
3400
3300
4300
4300
3400
3300
3500
6200
4000
3700
7900
3700
3700
3700
3600
3500
3500
3800
3500
3600
4700
3500
4700
3700
3900
5400
5300
4600
4000
4100
3800
4500
5300
4000
3900
4100
3800
4000
4100
3800
4000
3900
3800
11800
3000
6200
3100
3000
4500
4800
9700
3200
3100
3200
5000
2900
3000
3600
2900
2900
19300
9600
8900
3500
3700
3900
3400
5300
6300
4400
5000
6000
5600
3200
3100
3400
3400
3300
3100
4600
3600
3500
4200
4400
3600
3900
6800
3600
4800
3500
3700
3700
3400
3700
3400
3500
3400
6800
3900
4600
4300
3900
3600
4200
3700
3700
3600
3700
3500
3800
4100
3800
4200
3900
3700
5500
4800
4100
4000
4100
3800
4100
4900
3900
3900
6800
4000
3900
3800
4100
4100
3900
4000
11400
3200
3100
62800
5200
6700
14400
6100
4300
4600
4900
19400
3500
5000
6900
3300
6500
4900
10400
5900
4400
5500
5500
4500
3200
3800
3500
3300
4100
3600
3100
3300
3200
6800
3200
3200
4300
3600
3500
4100
4000
3500
3800
3800
3500
3500
3300
3700
3600
3400
3700
3500
3400
3400
4700
3700
3700
3600
4400
3700
3700
3700
3700
4500
3700
3700
3800
4200
4600
3600
3900
3800
8400
4700
4200
4000
3800
4000
3800
6500
5500
3900
4100
3800
4000
3800
4900
4000
3800
4300
12000
3200
3400
3300
3000
4000
4200
3200
3100
3300
2900
4300
3000
3100
3400
3000
2900
4200
10000
7100
3400
3600
3700
3300
3200
3500
3600
3200
3200
3500
3200
3200
3200
3100
3400
3300
4300
3500
3500
4000
3800
3400
3900
3600
3700
3400
3400
3400
3800
3400
3600
3400
3600
3600
6500
3900
3800
3700
4200
3900
3700
3500
3600
4300
4400
3800
3700
7000
4400
3900
3600
3600
6100
3900
4100
4600
4100
3800
3900
4100
3800
3800
3900
3900
3800
4800
3800
4700
4000
4000
11000
3100
3100
3100
3000
3900
4000
3100
3200
5900
3100
4200
2900
3000
3200
3100
2900
3900
9400
3800
3300
3500
3700
3300
3300
4200
14600
3400
3100
3500
3200
3300
3200
3300
3300
3200
10000
3700
3600
4900
3800
3700
3800
3800
3500
3400
3400
3800
3600
3600
3700
3500
3400
3500
4500
6800
3800
3600
4800
3800
3700
4000
3700
4500
3700
3800
3500
4500
4400
3800
3700
4000
6100
4100
4000
4800
3900
4100
4000
4000
4100
3800
4100
3800
4200
4600
3900
4800
4000
4000
14900
4100
3100
3300
3000
3100
3800
5400
3100
3000
3100
2900
3200
3400
2900
3100
3000
3000
