660900
28100
26800
31600
41400
31000
28800
59400
25900
25100
21100
145900
36000
22400
23000
25000
30700
34000
58900
29900
26400
46800
45300
26700
39600
34100
31500
26100
29300
29700
30900
29200
42200
28000
35700
25800
50400
66600
28700
52600
55700
38000
28900
27500
27900
30300
31600
27400
62000
22000
38100
23000
19200
19200
40700
23500
20200
63200
22800
19800
19400
45800
42900
27200
18200
48400
22700
18100
18400
21600
17100
108900
72700
41600
37600
30500
33500
30900
56800
29300
31600
29600
25600
28500
29700
32700
32800
29800
30300
29300
44700
17600
22900
15600
18800
17000
19200
13600
16900
15900
15100
24700
25100
17000
16100
24900
19800
17300
54400
20900
18500
25400
30700
21700
38700
38100
923400
22100
13300
12400
11400
13600
18400
19800
17200
11900
24700
43700
15700
21500
19600
14200
14100
14500
13800
12600
13000
14600
19800
15200
19500
15000
13800
13600
37800
19000
23500
17000
16500
14700
15000
29600
25200
18000
16000
28800
17500
17100
17500
15900
15100
24200
40700
30600
25300
24200
24200
23300
35700
25300
26700
26600
27000
26900
24800
26400
30300
31500
36800
28200
23900
15600
20400
21400
16100
14300
13100
12600
12700
12400
12300
12800
12500
13500
13200
14700
19200
15400
23200
18400
28800
17200
17200
15500
66000
13500
13100
12000
11300
25700
20900
187200
39500
54300
29100
55000
57000
33300
17300
53600
21400
11100
10800
10000
9500
8700
16000
9000
27700
12000
24200
10200
10000
8800
24800
11800
9600
9300
10500
9200
9500
17000
27400
13000
13400
20000
10400
9900
10400
9600
9500
17000
28000
12900
10900
11800
10100
9800
21100
10800
10000
18100
10200
10100
17800
10800
12000
10400
10400
10500
13500
43800
12300
11800
9500
7800
10000
7300
7100
8200
7600
7800
7700
7500
8300
8600
10800
8700
11100
8800
8700
8300
9200
8900
8400
8200
8900
9200
8300
23700
12900
11200
9800
9300
9300
9000
15800
11400
12400
13400
17200
8400
10900
8100
8200
7900
7500
8000
7400
9200
11200
8700
7800
10200
19400
8700
8500
7600
9900
7400
7500
19000
14000
9200
8400
14900
19100
8000
7600
7600
7600
17000
18000
15600
8400
8200
8000
8500
12600
8500
7900
9400
8200
10000
9100
8300
10300
8300
8100
9300
8200
5200
7100
4900
5800
5000
4700
4900
4900
5300
4600
4800
5800
4800
4900
5700
8100
5000
7600
5700
5800
5300
5900
6200
5400
5300
5800
5500
5500
11100
9500
7900
6200
5800
10500
5700
11900
6600
6600
10900
11900
7100
11200
7600
6900
6600
7600
6600
6700
11300
12200
8000
7600
7200
12400
16300
7300
30400
15400
8200
7700
7600
7400
7100
7100
7600
13500
7300
20500
10200
8100
8700
16900
10400
8700
8100
8400
8600
21300
9000
7900
8400
8100
8600
9500
9900
9400
8900
8200
10400
19000
5200
5800
5600
6100
5500
4900
4700
4500
5200
6800
4700
4800
4500
4800
5900
6300
4900
7500
5200
5300
5700
5700
5400
6000
5500
5500
5400
5300
12700
7600
7200
6100
5700
5700
6700
10400
6400
6600
8000
8300
6500
7700
6400
6100
8600
6000
9500
9500
7100
8500
6100
7700
6400
12000
10400
10300
11200
9300
6900
7500
7800
7900
9100
6900
7000
9900
11500
9700
8800
7000
8200
10400
11400
7400
7500
9600
7400
7700
11400
11900
9300
8000
11500
7900
7700
8200
8300
8100
11700
30300
22800
20100
19500
21200
24100
20400
19500
19600
20400
20100
22100
19900
19800
20300
21900
20400
24000
21500
23700
21900
22900
22400
20300
20900
20300
20300
20400
22000
20500
22400
20600
20600
25400
491600
1507300
49100
132500
44700
24300
19800
58700
25000
22600
22600
18900
19700
18100
23000
18000
18800
18300
35600
18600
29300
19500
17900
18900
20300
40200
18600
18800
32100
25200
18800
19100
17400
18400
18600
27000
19800
19400
257600
29100
17900
19900
31700
12400
24000
13400
21500
12800
12700
12200
18700
19600
12400
31100
39700
13400
36200
17600
15100
47500
20500
21400
15300
14700
17000
16000
15700
17400
16800
34900
21900
17900
18800
17800
42300
35400
19500
21600
22000
22800
18800
25900
39500
19200
25000
21400
18600
26700
20600
23600
16800
23500
33700
23900
53500
17300
16600
16700
17200
17000
18200
14900
16900
16900
23300
38600
18600
17600
18100
17500
30300
20900
17600
18900
18000
45300
17800
15400
18700
18000
18600
18400
18000
18000
19000
41700
18500
18300
64700
13700
36100
10700
17200
10300
15500
10100
17900
11500
10800
26800
17100
24500
10400
10400
17100
10800
31300
16100
15200
13200
15400
15900
13700
16600
31900
12800
12400
13300
12700
13100
17900
12800
14800
14500
14700
15900
13900
14200
12700
29100
14800
31300
14200
13000
14300
14700
14000
17300
13800
33200
13800
14200
18500
32100
20500
26400
16800
14400
10900
8300
8700
8300
15400
7500
22000
7200
7300
7100
7100
7300
10200
8600
7500
7600
26800
13700
7900
7600
7500
7700
7900
8000
7800
7600
20400
27400
9200
8200
33000
6600
5500
5500
10700
5300
9600
6700
9100
16900
5600
6900
14800
12100
5700
5900
9100
6900
13000
7400
5500
5200
6800
5500
5300
15200
6500
5300
5100
5100
6000
5400
5900
9100
9700
9900
13300
10800
10600
11500
24800
14500
10500
10000
9500
9500
6100
6500
6000
7200
6200
7500
7200
6300
19300
11000
7700
8300
9200
7400
6700
6600
6500
8500
8300
7800
14400
7000
9600
10300
6800
10400
11300
8100
8800
7500
7400
23100
7500
7700
7600
7700
7800
7700
7700
7700
7900
21700
8000
8400
28400
5700
5500
13000
9600
3200
6200
3200
5700
3300
3500
3300
5800
6400
3200
8100
5600
3200
5800
3200
3500
2900
3400
4100
3100
2900
3600
3000
2900
2800
2700
3100
3400
3000
3600
3300
4200
3400
3200
3800
3500
4500
3600
3200
3200
3200
3300
3600
3200
3300
3800
4500
3400
3300
4700
11600
4800
9700
5200
3600
4500
4200
3600
3600
5300
3700
3600
3600
3800
5400
3500
5600
5800
4200
6900
4000
3800
3700
4000
4000
4000
3800
4000
4100
4000
3800
4000
3800
3800
4200
26600
3200
3200
3100
6500
2900
6100
3100
5500
4800
3300
3000
5700
6200
3600
3100
5300
3500
6200
3500
4000
3500
4000
4000
3100
3000
4500
3000
2900
2800
7000
2900
3700
3100
3900
3600
4000
3700
3200
3100
3300
5200
3500
3100
3200
3300
13600
4800
3200
3200
3600
5600
3300
3300
4800
6900
3700
5400
5300
3600
3700
3700
3600
3500
5800
3600
7800
3700
3700
5900
3500
5900
5800
4200
7700
3800
3700
3900
3900
3900
4200
4300
3700
4000
4000
3700
4100
4000
3700
4200
25000
3600
2900
3300
3200
6800
4400
7200
2900
3400
3900
3300
3200
3200
3100
6000
3500
3300
12300
5500
4900
5500
5200
5300
8900
15900
4500
4900
5100
5100
7200
5300
5000
5400
6700
5600
17000
7800
6000
6300
5800
5600
5500
5700
5700
13000
5700
5800
5600
7300
6100
5900
5900
4900
11400
6300
6300
6400
5900
7400
6400
5900
16700
6600
7400
7000
6400
6500
6800
7100
7200
6900
16100
15700
7900
7300
7900
7500
7600
7300
7300
31600
7000
6900
7000
7000
6800
6900
6900
9500
55600
6400
6300
6400
6100
6600
11700
4700
4100
4600
5300
5400
8900
5100
5300
6200
5500
5300
9800
6100
5400
5000
8900
8300
5700
5000
5900
5300
6100
6600
5000
5100
5500
5800
5100
4900
8200
7500
5800
5700
6400
5600
5700
6000
5400
5300
5200
5500
5100
12000
5400
5200
5200
3800
6900
4000
3700
3700
3500
4200
4000
3400
3600
3500
4000
3700
3600
3700
3800
3600
4000
3600
7100
8200
6200
6400
5500
5100
3800
3900
4200
22300
4000
4000
4100
3800
3800
3900
4100
8900
28500
3500
3300
3300
3000
3300
4900
3100
3100
3100
3300
3200
4900
3200
3300
3400
10500
3000
6700
3500
3200
3000
3500
4600
3300
2900
4200
3100
3100
3600
2900
2900
3000
2800
3100
2900
4000
3500
3200
3400
3800
4300
3300
5000
3400
3400
3300
3500
9500
4700
3400
3500
4500
3500
6100
4000
3600
3600
3500
3500
3800
3400
3500
3500
3700
3600
3500
3600
4500
3600
3600
3500
6000
7900
3900
3700
3800
4200
3800
3800
3700
5200
4300
4100
3700
3900
3700
4000
3800
6500
27000
3100
3000
3200
3200
3100
5100
3000
3000
3200
2900
3100
4900
2900
3200
3100
3200
3100
7200
3800
3100
3000
3500
3000
3300
2900
3500
3000
3200
3200
3000
2900
2800
3000
3000
3000
4100
3300
3200
3300
3700
3200
3200
5200
3300
3400
3300
3500
4400
3400
7600
3300
4400
3500
5000
4800
3900
3600
3800
3500
3800
3600
3600
3700
3800
3600
3600
3600
3900
5600
4300
3800
5700
5600
3800
3800
4000
3900
3900
3800
3900
5100
4000
3700
12000
4100
3800
4100
4000
5500
26700
3200
3000
3100
3000
3100
4800
3200
3000
3200
2900
3700
5300
3000
3000
3100
3300
2900
6800
4000
3100
3000
3500
3200
3500
2800
3800
3100
3200
3800
3000
3700
3100
2900
3100
2900
4100
3300
3300
3400
3400
3500
3300
5200
3300
3400
3300
3500
4400
7700
3400
3800
4500
3400
4900
5200
3800
5000
3900
3700
3700
3700
3900
3700
3600
5200
3900
3500
3600
3700
5700
3700
7400
3900
3900
3900
4900
3800
4000
3800
3800
3800
4100
3900
3800
3900
4000
3900
3900
4700
22000
7900
3300
3600
3000
4900
5500
3000
3100
3000
3200
3100
5100
3100
3000
3300
3300
3000
6000
3600
3100
3000
3700
3500
3400
3000
3500
3100
3200
3600
3000
2900
2900
3100
2900
3500
4000
3300
3300
3500
3700
3600
3400
4900
3400
3500
3400
4800
4300
3600
3300
3200
8800
3900
4700
5100
3500
3500
3700
3700
3700
3600
3600
3800
3700
3700
3500
3700
3700
5100
3700
3800
7400
3900
3800
3900
3900
3800
3800
3700
4300
3800
3900
3800
4000
3800
4200
3800
4800
4500
21200
5200
3000
3300
3000
7400
3100
3000
3200
5200
3000
2900
3000
3200
3000
3300
3100
5200
9100
3500
3200
3700
3300
3300
3700
3500
3400
3200
3200
5100
4700
3300
3100
3700
4000
4400
4800
4900
3700
3500
3600
3500
5200
3500
5900
3500
3500
3500
3800
3400
6400
3400
3400
6500
6400
6800
3800
7200
5400
6500
3600
6600
3900
4000
5000
3900
6500
3900
3600
5200
3700
6500
10200
4200
4200
11600
4300
6300
6200
4200
6100
7100
6200
6600
4900
4100
4200
3900
4300
4300
22400
4000
3500
3400
3700
3800
3600
3400
3500
3600
4600
3900
3200
11300
3500
3300
3700
3100
6500
3200
4000
3500
3200
3700
5000
3100
3500
3300
3700
3700
3300
3600
3900
3500
3200
3500
5100
3700
3400
3600
3500
3700
3600
3700
4700
3600
3500
3500
104300
9300
6300
4300
3800
5000
13000
7300
4300
4800
5800
4200
4100
6100
4700
4200
3900
4200
5300
4000
3900
3900
3800
5300
6600
4500
4400
10300
4300
6200
6300
4500
6400
12200
6400
6400
4200
4200
4500
4400
4500
4600
24400
3700
3600
3700
3500
3500
3600
3400
3700
4500
3500
3600
3400
6200
3800
3400
3500
3700
7200
3300
3800
3500
3300
3700
3800
3300
3600
3300
8300
4200
3400
3800
3700
4200
3300
3300
5500
3500
3700
3600
3500
3800
4000
3500
3600
3700
3600
3500
5100
5400
3400
3900
4800
4900
5900
5300
4100
3800
5500
4000
3800
5500
3900
4000
4000
4000
9600
3900
4000
3800
3900
5400
7100
4200
4200
6200
4300
6600
6100
4200
6300
6500
6000
6400
8300
4400
4200
4200
4500
4200
24100
4200
4200
3500
3700
3300
3400
3600
3900
3700
3200
3600
3400
7300
3600
3300
3600
3200
6800
3600
4200
3400
5000
4200
4600
3200
4100
3200
3900
3700
3300
3900
3900
8600
3300
3200
4600
3900
3700
3700
3500
3700
3900
3700
3700
3900
3700
3600
6000
5900
3800
3700
5000
4800
5200
3900
3900
3800
4100
3900
4000
4700
5300
4000
4100
3900
4100
3700
5700
3800
4300
6000
10300
4300
4200
6200
4100
6100
6000
4200
6300
6200
6100
6800
4100
4000
4300
4000
4100
4200
23300
3500
3600
3500
3400
3300
3300
3400
3300
3700
3200
3400
3300
6500
3800
3600
3400
3400
6400
3300
4200
3300
3400
4300
3900
3100
4100
3200
3900
3900
3400
4200
4000
4500
3300
3100
4500
3600
3600
3800
3400
3700
3800
3400
3700
3500
4100
7800
5700
3900
3500
3400
7200
5200
5000
4000
4100
3800
3800
3800
3900
3700
5700
3800
4000
3800
3800
4500
6100
4100
3800
5900
5800
6400
4100
5400
11100
4500
4400
6400
4100
4700
4300
4400
6800
4100
3900
4000
3900
7000
23200
4000
3400
3700
3300
3400
3800
3300
3200
4200
3300
3300
3100
6200
3500
4000
3300
3200
11300
3600
3800
3300
3600
3500
4500
3300
3600
3100
3400
3600
3300
3300
3700
3400
3900
3200
4200
3600
3400
3600
3600
3500
3800
3500
3300
3700
3500
3500
4900
3500
3400
3900
4700
4800
5100
4000
4000
3700
3800
3700
3800
3600
5600
3800
4300
8300
3900
3800
5400
3700
3900
5300
5800
6000
4100
4400
6200
4100
4400
5800
3900
4200
4000
4000
5800
4200
5300
4500
3900
5900
21300
3500
3300
10300
3500
14500
5600
3300
5800
5400
5500
5700
3400
3500
3300
3100
3400
3200
9800
3700
3300
3600
3300
3400
3400
3200
3400
3300
3300
3400
3300
8500
3400
3600
3300
3300
4900
3700
4700
4500
3700
4400
3700
3600
3600
3500
3700
3500
3500
4400
3800
3900
4000
5100
5700
4900
4000
4100
3900
5200
6000
4400
4200
5300
3900
4200
5100
4200
4000
4000
3800
4000
7000
4300
8300
4200
4200
6100
4200
4300
4200
4100
5800
4200
4200
4400
4100
4100
4200
4300
26400
3600
3500
3500
3500
3300
3600
3400
3400
3100
3200
5500
3500
3200
3300
4500
5600
5400
7300
3900
3700
8100
3300
3400
3200
3300
3400
3700
3200
3300
3300
3400
3600
3300
3300
3700
4800
3700
4300
4600
3500
4400
3600
3500
4700
4000
3500
3800
3500
4400
3900
3600
3500
4600
5500
3900
3900
3900
3700
5500
5200
3900
3700
5000
4000
3900
4900
4000
3700
3700
3700
8600
6300
4200
4200
4000
4000
5900
4100
4200
4300
4100
6000
4100
5600
4100
4600
4000
4400
4100
24200
3900
3500
3400
3700
3200
3200
3200
3400
3200
3200
5300
3600
3300
3300
3400
5400
9800
7900
4200
4700
3300
3500
3600
3500
3300
3300
3300
3200
3500
3200
3100
4100
3500
3300
3100
5300
3700
3900
3600
3500
3600
3800
3700
4000
3400
3700
4000
3500
5100
3600
3600
3700
3400
5300
3900
3800
4100
3700
4800
5500
3900
4000
4800
9900
3900
5200
3700
3800
4000
3900
3900
5700
4500
4100
4000
4000
5700
4300
4000
4400
4200
5800
4300
4400
3900
4000
4300
4100
4100
23600
3400
3400
3700
3300
3200
3200
3600
3200
3200
3200
9400
3300
3200
3300
3500
7500
5400
8100
4400
3800
3300
3500
3500
3300
3300
3300
3200
3300
3200
3300
3100
3800
3300
3300
3100
5300
3600
4600
3600
3600
3500
4000
3500
3500
4000
3600
3600
3400
4900
3500
3700
3600
3700
4800
4700
5100
5000
8400
5300
3900
3700
3900
3800
3800
4600
3800
5100
3800
3800
3800
5300
5600
4400
4100
4000
4000
5700
4400
4100
4200
4100
5800
4300
4000
4500
4000
4300
4300
4000
25000
3400
3400
3800
3200
3200
3800
7500
3300
3400
3300
9800
3400
3200
4100
3300
5100
6600
7600
4000
4300
3200
3600
3300
3400
3200
3300
3200
3100
4700
3300
3000
3600
3400
3500
3100
5000
3700
3600
3600
3600
3500
3500
3600
3600
3500
3400
3700
5100
4600
3600
3600
3500
3500
5200
3700
15400
5400
4000
5200
4000
3900
3800
3700
4000
3900
3800
5000
3800
3900
3800
5900
6100
4100
4400
4200
4100
5900
6900
4200
4400
5500
4100
4200
5900
4100
5500
4200
4400
4100
27800
3800
3600
3300
3200
3200
3500
3200
3300
3100
3500
5200
3500
3100
3400
8800
8200
5500
6400
4100
3500
3000
3400
3100
2900
2800
2900
3100
2700
2900
2900
2900
3600
2900
2800
2700
4500
3600
3300
3200
3200
3400
3300
3200
3200
3300
3200
3300
3700
8500
3200
3200
3500
3200
4600
3500
4800
4700
3500
4900
3500
3500
3600
3400
3600
3700
3500
4800
3600
3500
3700
4700
5300
4000
3800
3800
4000
5200
5500
3800
3600
5500
3700
3900
9400
3800
3700
3600
3800
3900
23900
3300
3000
2900
3200
5000
3000
2900
3200
3000
5000
3100
3000
2900
3100
3400
3100
3000
11200
3300
3900
3000
3100
3000
2900
3500
3200
3000
3000
3000
3000
3100
3000
2900
3000
2900
4400
3400
3300
4000
3300
3400
3100
3300
3200
3300
3500
3100
3100
3600
4300
3300
3200
3200
5100
5200
3700
5600
3500
3500
3500
3700
3700
3500
3400
3600
3500
3700
3500
3500
3700
3400
9400
5100
5000
5100
3700
4000
4000
5000
6000
5000
4000
4000
4200
3800
3900
3800
3700
6100
23900
3200
6400
3200
4200
3300
3100
3200
9300
3400
3000
3100
3000
3200
2900
3000
3000
4700
8100
3200
3200
3000
3200
3300
3100
3000
3100
3200
3000
2900
3300
3200
2800
2900
3000
3000
5700
3300
3400
19000
3500
3300
3400
5700
6100
3200
3300
4400
4400
5100
9000
5200
3200
3100
15700
5200
3400
3900
3500
3500
3400
3400
3400
3500
3200
3400
3400
3500
3700
3400
3300
3300
10100
4000
4500
4100
3600
3800
3800
3700
5100
4000
3800
3800
3800
3500
4100
3500
3500
5100
28300
3900
4800
2900
3200
2900
2800
2800
4400
2900
3000
2900
2800
2900
6900
2800
3400
4700
17500
3800
3300
3000
2800
3700
2900
2800
3000
3200
2900
2900
3900
3100
2900
2900
2900
2900
3900
3900
4400
3300
3300
3100
3300
3300
3100
3000
3000
3100
3100
3100
3100
3300
3200
3100
4900
4800
3400
3500
3600
3300
3300
3300
3400
3500
3200
3200
3300
3300
3400
3300
3300
3300
10600
4300
4600
3800
3500
3600
3700
3600
4800
3900
3600
3700
3700
3600
3800
3500
4000
5300
21000
3000
4500
2900
3400
2900
2800
2700
4300
2800
3000
2800
2800
2700
2900
2800
2700
4400
11200
3100
3100
2900
2900
3400
2900
3400
3000
3100
3100
2800
3200
2800
3000
2800
2900
4400
3900
3200
3900
3400
3200
3200
3100
3300
3100
3100
3100
3200
3300
3100
3200
3200
3200
3400
4800
3400
3400
4500
3600
3500
3400
3800
3500
3400
3500
3400
4100
3400
4600
3400
3400
3400
6500
3700
9600
3900
4900
3600
4300
3700
5000
3800
4500
3700
3600
3700
3800
3500
3600
5000
21200
3900
4600
2800
2800
3000
2800
2800
4200
2900
3000
2800
2800
3400
2900
2800
2800
4300
8100
3200
3100
3000
3100
3600
2900
7600
3000
2900
3000
2900
3800
3000
2900
2900
3100
2900
3700
3400
4400
3500
4900
3600
3100
3200
3200
3100
3200
3100
3300
3200
3100
3200
3400
3100
4500
3400
3400
4800
3500
3400
3400
3400
3400
3500
3700
3400
3300
3400
4800
3500
3500
3600
5100
5700
3800
8300
3800
3700
3600
3600
3800
3600
3500
3600
3700
3600
3800
3700
3800
3500
20900
2900
4400
2900
2700
3000
2800
2800
4300
3400
2900
2800
2800
2700
2900
2700
2600
4300
7000
3100
3000
2900
3100
3400
2900
3000
3100
3000
3000
3000
3600
4900
3100
2900
2800
7600
3600
3200
4300
3200
3200
3300
3300
3200
3700
3300
3100
3100
3100
3000
3300
3100
3200
3100
4200
3400
3600
4200
3800
3400
3300
3400
3600
3300
3300
3300
3300
3700
5000
3600
3300
8300
6900
5500
4500
3700
3600
3700
3700
3600
3600
3600
3700
3600
3800
3600
4000
3700
3500
3500
21300
3300
4300
2800
3100
3200
2900
2800
4400
2900
3000
2700
2800
2700
2900
2600
2600
6500
9100
3900
3400
3400
3000
3500
3100
3200
3000
3100
3700
3700
3100
3100
3000
3100
7300
3100
4500
4100
5800
4100
3300
4100
3400
4200
3200
3300
3300
3500
4100
3300
3500
3900
4000
4500
5400
4000
3800
3700
3600
5300
3700
7400
3500
5500
3600
5100
3600
3500
3700
3600
3500
3600
10100
4100
4000
3900
5400
3900
4100
6400
4000
3700
4100
3900
3800
3800
4000
6100
4000
3800
20700
3300
3100
3100
3500
2800
3000
3300
2900
3000
3100
3100
2900
3000
3000
5300
3000
3000
11200
3200
3500
4100
3800
3000
2900
3000
3600
3600
3100
3500
3200
3000
2900
3000
3400
3300
4400
4200
4100
4200
3300
4300
3200
4200
3100
3300
3200
3300
4000
3200
4900
4500
98800
8000
9400
5400
5400
6200
5500
10900
8500
23600
7400
8500
3900
5100
6100
10500
4000
4000
5300
5900
10000
6100
20700
11400
6900
7400
6900
11600
7000
6500
10200
6900
6500
6400
7000
11200
7400
6900
45100
5700
5100
5100
5600
5000
5000
13700
5100
5000
5200
5400
4900
5100
5100
9800
5100
5200
11400
5500
5200
5300
4900
5000
5100
5100
7800
5100
5100
6900
5200
4800
5100
4900
6600
5500
7100
8400
5700
5600
7500
8200
5900
5700
5800
5900
6100
7600
9000
5800
5900
5800
6100
5900
15700
6700
6300
5800
5900
9400
7300
13300
5900
9000
6000
8700
6100
5900
6100
6500
5900
6000
10500
7100
6400
6300
6300
6700
6800
11400
6900
6400
6900
6900
6500
6100
6700
10600
7600
6400
50500
5800
5100
5100
5500
4800
5000
4900
5400
5700
5200
5300
4900
5100
4400
26100
5300
5400
11300
5300
5000
5200
5000
5400
5100
4900
5800
5100
5100
6700
5200
4900
4800
5100
6700
4900
6800
7300
5700
5500
5800
7000
6100
5700
5500
5700
5800
12900
8000
5700
5600
5800
5600
5800
8300
8000
8300
7900
5800
7100
6100
7600
5700
5900
6200
6000
8000
5900
6000
6200
7700
18300
11300
6400
6600
6900
6600
6500
7000
15300
6800
6700
6800
6800
6500
6300
7000
9400
6800
6700
44700
6200
5300
5200
5400
4800
5400
5100
5400
5000
5200
5500
5100
5800
4900
8600
5100
5200
10600
5600
5300
5200
6000
5200
5000
4700
5500
5100
5000
5400
4800
4800
4900
4800
5400
5700
12400
6700
5400
5200
5200
7000
5300
5300
5400
5500
5300
6700
5800
5300
7900
5600
5300
5300
7200
7300
7600
7600
6500
7700
6100
8400
6300
6200
6200
5900
7900
6000
6900
5800
9400
8400
9700
12300
6500
6300
6600
9200
6500
11400
6500
9400
6700
8600
6400
6500
6400
6900
6500
6600
43300
6100
7400
5300
5600
4900
5300
5400
5500
5100
5200
5200
4900
5200
5000
8500
5200
5300
15100
5700
5100
5300
5000
5300
4900
4900
5800
5200
5200
5600
5100
5200
5400
5200
5500
5100
6900
6800
5800
5500
5400
6700
5400
6200
5200
5300
5700
6400
5500
5500
5600
5500
5500
7900
7600
7200
7500
7100
6100
7200
6200
7100
5800
6000
5900
5700
7500
6100
11700
14900
7300
8600
9200
6400
6400
6800
7000
9300
6600
12000
7100
8400
5700
9500
6600
6300
6700
6500
6300
7200
40700
5700
5100
5100
4900
7800
4800
8800
11100
4900
5100
5000
6200
5000
5000
9000
5200
5000
13500
5500
5300
8900
5400
5000
5200
5200
5500
5100
4900
6100
5300
5000
5300
6100
5200
5000
7400
7200
6100
5600
5400
6100
5700
5700
5300
5700
6600
13500
6100
8300
5800
6100
7300
6500
8500
6100
5800
5800
8100
6200
6200
6200
5800
5900
5900
7900
8200
7200
5400
6400
6000
5900
10100
7100
6400
6600
7700
6300
6400
6300
6300
6100
8200
6500
6500
6500
6300
6800
6100
6300
45000
5400
5000
7400
4700
4800
5000
4900
4700
4800
7100
4800
5100
9400
5100
5300
4900
4700
9600
6000
5100
5600
5300
4400
4800
6100
5100
4900
4900
4900
4900
6000
5000
4900
6100
5700
7800
7200
5800
6300
6100
6100
5700
5800
5700
5700
7200
13300
6100
6000
8000
5700
7000
6800
9600
6600
6200
5900
6100
6600
6200
6000
6400
5700
5200
6800
16300
6400
5400
5500
5900
5400
9100
6700
6300
6700
6700
6300
5900
6000
6400
5900
8400
6200
6300
6200
6700
6900
6700
6100
29700
5300
4800
4900
4800
4900
5000
4700
4900
4900
7800
4800
5000
9900
5000
4800
4700
5000
10500
5300
4800
5200
4900
4800
5000
7600
5200
4600
4900
5100
5200
5800
4900
5000
5600
5000
6800
5400
5400
7200
5700
5600
5600
5500
6600
5600
5600
6900
5600
11900
5500
6700
5700
5300
11400
6000
6100
5800
6000
5900
5700
6200
6000
6000
6000
7900
8100
6800
5800
5900
6200
6100
11100
6600
6600
6400
6400
6400
6400
6200
6500
6200
8600
6500
7200
6300
6600
6700
6600
6900
25300
6500
4900
5100
5000
6200
4900
5000
4800
8500
15800
5200
5300
10000
6100
4900
5000
5200
11500
6200
5000
4800
6200
4700
4800
5500
7600
5100
4800
4800
5000
6900
5000
5000
6800
5200
6400
6800
6000
6600
7200
5600
5500
5400
5400
6600
5300
7900
5700
5500
5400
13000
5600
5600
7900
8100
6200
8600
6200
6800
5800
6000
7100
5900
6000
8300
6200
6800
6000
6000
7700
6000
9500
6700
6200
6300
6700
6100
6500
6500
6700
6400
8900
6700
6400
6300
6700
6500
6900
7000
28900
5400
4900
5000
4900
5200
5100
4800
4700
4900
7300
4800
4700
7900
5000
5600
5000
4900
10300
5300
5200
5200
5000
5200
5000
5400
5100
5200
4500
4900
4900
5500
4900
5000
5200
4800
7400
5400
5400
6600
5500
5400
5700
5600
5600
5700
6900
6600
6800
5400
5800
7900
5500
5100
8900
9000
6400
6000
6000
7300
5900
6000
6000
9700
6200
7500
7300
7500
5700
7000
7300
7100
10300
6200
6200
11400
6200
6300
6900
6300
6000
6300
6100
8300
8800
6700
6700
6300
6400
6400
23900
5100
5100
6100
5000
4800
5100
4700
4700
4800
7800
5100
4900
8300
4800
5400
4900
4800
8900
5500
4900
4800
4800
4900
4900
5400
4700
5100
5600
4600
5600
5700
10900
4900
5400
4900
6200
5300
6000
7200
5400
5300
5400
5500
5400
5300
5400
16000
5700
5500
5700
8900
5300
5500
7700
8000
6200
5600
6100
6100
5900
5700
5600
5800
5700
7400
5800
8800
5600
5600
8700
6100
8900
6300
12800
6300
6300
6300
6500
6400
6400
6300
6600
8800
8700
6300
6300
6300
6500
6400
23700
5500
4900
5000
5300
5000
5000
5100
5400
4900
7500
4600
5000
4800
5100
5000
5000
5000
14000
11800
6400
5400
6100
5500
5300
5300
5300
6200
5300
5100
5100
5100
6000
5300
5200
5200
7800
6000
5500
5500
6500
5700
5900
5300
5500
5500
8000
7100
6000
5800
5600
8700
6000
5500
10800
6100
8100
6400
8200
8300
6000
7900
5900
6400
6100
5900
6400
11700
5700
5900
8200
6200
10200
9400
6600
6700
6600
6500
6600
9300
9100
9200
9600
6700
7100
6600
6600
9100
6800
6900
23200
5700
5700
14100
5600
5700
8100
8500
5400
7600
5400
5100
5500
5100
5100
5300
6200
5400
9700
6000
6000
5300
5200
5300
6200
5100
4800
5100
5200
5200
8200
5200
5200
5000
5400
6000
7400
5700
5300
5700
5700
5700
5700
5800
6000
5500
6900
7200
5600
5600
5700
6800
6100
5700
10500
6300
7900
6200
8000
6400
6000
7900
6100
6000
6300
6100
5900
6100
5900
6200
7500
6000
9100
9100
6900
6500
6600
6500
6700
9900
9000
13900
9000
6800
6600
6600
6500
8900
7000
6900
24200
5700
5200
8400
5600
5300
8100
8500
5300
5300
5600
5200
5700
5500
5200
5100
5200
5200
10400
5500
4900
5300
5000
6000
11500
5300
5100
5200
5100
5000
5900
5400
5100
5200
5000
5700
7900
6000
6600
5700
6400
5400
5800
6000
5700
5500
5300
5600
5300
5400
7300
5600
5300
5300
10300
6300
8500
6300
7900
6900
5900
7400
6200
6500
6100
6000
6100
5900
5700
6100
13200
6300
9900
8800
6700
6600
7000
6500
6500
8700
8700
8300
8700
6700
6400
6600
6300
8700
7300
6500
24000
7900
5200
8400
5300
10700
8500
8600
5700
5400
5200
5000
5200
5200
5300
5200
5000
5300
10800
5900
4600
4300
4500
11400
11800
7400
5100
4600
5600
5400
5500
4800
4800
4900
4900
6600
8100
6000
6900
6000
7300
5200
6000
5400
9600
5500
5600
5100
5800
5400
13400
5700
5200
5300
7700
5900
5700
5700
5900
6000
5900
6200
5400
5900
8400
8200
6100
5900
5900
15400
6700
5900
9200
8900
6700
6600
6300
6800
6600
9000
8900
8600
15600
6600
6700
6800
7900
9200
9200
6600
23500
5400
5300
8400
5200
4900
14400
11500
6500
7100
4900
4700
5400
5100
4900
4900
5200
5100
10600
5600
4900
5100
5200
5200
6300
5000
12600
5000
4900
4800
6300
5000
4800
4900
4800
6000
7800
5500
6900
5700
10700
5900
5700
5400
5500
5500
5600
5500
5300
5300
8500
5500
5500
5700
11800
10200
9300
10200
11000
6000
6000
6200
5600
8400
20400
8100
16700
5700
5800
8500
6800
5700
11700
6400
9400
6500
8900
6200
6000
9100
6200
9900
6300
6400
6200
6500
6300
6300
8900
6600
24400
5500
5600
8400
7500
5600
15800
9100
5400
5400
5200
5100
5400
5200
5300
5300
5100
5400
9500
5300
5000
5200
4900
5100
25500
5300
8400
5000
5100
5200
5500
5100
5100
5200
4900
5800
7600
5500
6400
6600
6600
5500
5600
5200
5600
5500
5500
5500
5600
5500
6600
5600
5300
5200
15000
6000
6300
5800
5900
5900
6200
5800
5800
5800
7800
7800
5800
5800
6000
7800
6500
5900
10500
9100
8500
6800
8700
6600
7000
8500
6300
6700
6500
6300
6700
6300
6400
6500
8600
12700
22400
9000
5400
5000
5300
4900
6200
7900
7700
7200
7600
5500
4800
4700
5200
7400
5800
5100
27000
8100
5100
5400
6800
5500
5700
5100
5200
5100
5000
5000
5300
5100
5100
5000
5200
4800
10300
5500
5800
5500
5800
5400
5400
5500
5400
5100
5500
6200
5500
6700
5700
5700
5600
6500
9100
7600
7500
7300
7700
5900
7300
5700
5700
6100
5800
12100
7100
6200
6000
6100
19400
14700
9700
7800
9600
7000
8900
6700
8400
6500
6200
8400
6100
6600
7100
14300
5700
15500
6700
6300
26300
5300
5500
5100
4700
12300
5000
4500
5200
5000
4900
5400
5200
4600
8200
7700
5500
5200
13000
5700
5100
4800
4900
5000
6200
4800
5100
5300
4800
4800
4700
5000
5000
5900
4900
5000
6800
5700
5400
5500
5600
5700
5800
5600
5900
5700
5500
5300
5200
8300
5500
12300
5900
6800
9500
7800
7400
7900
8200
5900
7300
6000
5800
5800
6100
6300
7500
6300
6400
6100
7300
6000
9600
6800
6700
6800
8600
6500
6500
6500
6500
9100
6800
6400
7000
18800
7100
7300
7100
6700
26900
5800
8600
5400
5200
8000
5500
5200
5500
5200
5200
5100
8700
5000
8500
7700
5200
5900
15300
6000
6700
5100
5100
4800
6200
5200
4900
5100
11200
5300
5200
4900
4900
6000
6000
5200
7100
5500
5800
5800
7000
6500
6800
5300
5400
5300
5600
5600
6500
5500
5800
5900
5900
8700
10200
7600
10100
6900
7500
6500
8400
6400
6200
6300
5900
5900
7600
6400
6500
6200
13800
6200
9300
6700
6600
6600
8900
6800
6700
6400
6600
10500
6900
7000
7100
8900
6800
6200
6000
6200
29700
6000
5300
6500
5400
7000
5000
14900
5500
5200
11900
5400
5500
5500
8100
8300
5600
8500
14000
7400
5400
5400
5300
4800
6200
5100
4700
5700
5100
5200
5100
5300
4900
6100
5500
4900
6500
5600
8600
5800
7400
7000
7000
5600
5500
5900
5600
5800
6800
6800
5800
5800
5300
8100
8500
6200
6100
7200
7000
6000
6000
7400
6100
5900
7800
6000
6000
9400
6200
7600
6000
9600
12100
6600
6500
7800
9800
6700
10000
6600
7800
10100
6500
6800
8000
13800
7500
6900
14200
6900
25800
5400
5200
5400
5100
7500
5100
5100
5200
4900
5500
5200
5800
5400
8100
7500
5100
5400
25000
6800
5300
5400
5200
7900
6100
5500
5400
7900
4900
7600
5100
6200
5000
5400
5100
4700
11700
5300
5200
5500
6500
6400
6500
5700
6000
5400
5200
5600
6300
5400
5700
5600
5500
5500
7700
6200
6000
5800
5700
6100
6000
5700
6100
5800
6700
5800
5900
7500
6000
5700
5700
7500
21000
9000
20600
6900
8500
6600
8900
7100
9100
6800
6600
8700
8200
6500
6400
6400
9500
6700
25500
5400
5300
5600
5200
7900
5300
5700
5700
5400
5300
5100
5400
5100
13700
10600
5000
5400
12100
5600
5200
5200
5200
5100
5900
4900
6300
4800
4700
5200
5000
4900
4700
5900
11300
5200
7400
5800
5400
5800
6800
6900
6400
5800
5900
8200
5400
5900
6500
5500
5400
5400
5600
5700
6900
6300
6200
5900
5900
6700
6900
6800
12900
6600
6700
7000
8400
8500
9400
6100
6000
7600
10900
8500
7800
7400
9400
7300
9300
7300
7400
7600
7200
7300
9300
7500
7500
7600
9200
7600
32700
6400
5900
6000
8500
6000
5800
5900
6100
8800
5700
6000
5800
7600
6000
6000
5700
5400
