910900
38800
30100
36900
46700
31300
32300
41800
32100
34900
31500
31700
32700
43700
158000
35400
30300
25100
48800
28100
43200
30400
28000
45400
25700
33700
28600
26700
26600
45100
36900
28900
24500
24400
47500
37500
58700
30000
30200
27000
28600
55400
28400
27600
48800
20200
18100
17500
16700
18800
39700
22200
910000
29700
42400
26300
21600
17300
17800
19500
17900
16700
16500
18500
44900
39400
18200
16900
38200
18800
17300
16900
57400
24300
72000
23000
26800
18700
17800
17200
18800
60200
20100
18800
38000
20700
44200
19700
18500
17500
11300
9800
17700
10900
16300
10800
10500
9000
10800
9800
9300
9000
26100
11900
20200
16900
10600
10800
28500
12600
23400
13600
12900
23500
12800
13000
12000
12700
12100
17100
12900
14500
12300
13000
17500
18000
21700
38900
17200
15000
14000
27300
15200
14900
22200
14900
14000
15300
13400
14800
23600
15900
14700
13800
31700
17100
15600
22400
15300
14200
14500
16000
18200
14500
23800
24700
15100
15100
22800
21800
22500
22100
67200
29600
54500
30900
26300
25600
25800
25800
27400
50800
28700
26700
37900
25300
40800
48200
25800
25600
18600
11500
24200
12800
13600
11600
10700
11300
11500
10900
10900
10400
11300
13400
16300
14000
19100
12100
15100
44300
36000
18100
17800
14800
22200
10500
9700
12700
9200
9900
9600
10300
18500
14400
11200
10300
16300
12300
12200
12000
11800
32700
15100
13900
18600
13000
12200
11900
12700
14000
18500
13200
12200
12100
18400
15700
15000
13700
14600
13700
14100
13500
13700
14600
22000
47000
13500
14400
18100
13700
12700
13000
24600
17300
24500
16600
15300
13800
15800
18200
14300
21500
14700
14700
20700
14100
20400
13700
13600
15300
7100
5900
10100
6600
6500
5700
5500
5300
5600
5300
5500
5300
5300
5800
7800
7600
6000
5700
8800
7500
7800
7000
8000
7000
7100
7400
7300
7500
7200
7700
7200
8700
11900
12700
11000
10400
14500
14400
23300
12200
10100
13400
9500
11200
9100
9200
9500
12800
10200
10400
9700
10000
27000
22600
26600
20700
19500
19700
21500
18700
19800
17700
17900
18700
69100
72900
15300
13600
22800
14300
12700
12800
36100
16500
32000
14200
13900
12600
12700
12200
12600
24500
13200
12900
28100
13400
35300
18100
13200
12700
21500
7000
18000
7200
8200
6900
6500
6600
6800
6400
6900
6400
6700
7800
10200
10400
8000
6800
8500
13100
5900
4800
5600
10900
5000
5500
5500
9100
5800
5100
5200
9900
32900
11000
5800
5100
11200
5600
9300
6000
5700
16000
8900
10300
10000
9900
9500
13400
8700
22100
10000
10400
13700
14600
15200
13200
11400
30800
16200
18100
14800
11500
23000
11800
10300
10500
10700
11000
18200
16200
16300
14100
29100
16700
22400
13100
13500
20000
13300
12500
13000
20300
13200
15500
19800
15700
20000
13600
18100
16900
7900
6700
11600
11000
8200
6200
12000
5800
6500
9600
6500
6400
11000
6300
10100
8400
6600
6900
8100
7400
7700
7400
8300
7700
8200
8000
7700
7700
7600
8300
7600
9000
15400
13300
8600
9000
12000
32100
12900
8400
7800
11900
7800
8200
8100
8100
8300
12300
10400
9800
8000
8300
11800
17300
15900
10800
10700
9900
9500
14200
10500
12400
15900
16600
10400
10000
9700
9600
15000
11100
10900
42400
19300
16600
10200
11900
12200
10800
11000
10200
10600
11600
17000
17300
9900
15300
15800
12300
10600
12500
32900
27600
18400
36200
16800
19000
32600
22500
23400
23600
23300
23500
23000
23000
28200
24400
23200
48100
25400
26400
26300
22800
23000
23100
22900
23000
23400
25000
24500
44300
25100
23400
23100
25200
23600
24400
28100
29000
23700
27000
35100
24500
23700
26700
24300
26800
24100
27000
24700
24900
26600
33300
27500
24900
27800
25500
25000
25100
25200
24800
30300
17900
25600
20800
14700
13900
13500
15100
17800
13500
13800
34100
208600
23400
32700
17400
28900
16700
15100
12400
15900
21800
13000
12300
12300
13000
32700
11800
12300
13200
46600
16400
13700
12300
18400
12500
12400
12300
12800
13200
12200
14400
27900
19700
13600
12700
12700
13900
17300
19000
16400
14500
14500
14400
14000
27600
19600
14200
39400
16000
15900
20200
14300
14700
14600
15200
19200
37300
15700
18700
15500
15600
15200
18500
15800
15700
14800
25500
29900
15900
16000
15700
19000
15400
22300
35100
15600
16800
16200
32000
24400
17000
16700
36400
17200
16300
16900
16800
21900
34700
17500
17200
184800
10900
14700
10300
23600
10600
6900
9200
10600
17700
24200
10100
10300
10200
10600
10300
10300
10300
32600
20100
12500
8600
10700
11500
12400
28400
12400
12400
12700
14400
12600
12200
12100
12500
13200
12200
14100
16500
15100
14500
13400
19200
10600
7700
7800
7900
8100
8000
8800
8100
7800
16600
8100
10600
11300
13200
15600
11800
8500
9400
8800
11200
8600
9000
8300
11800
8700
8900
9100
9000
12000
9200
21600
10100
9500
10000
9500
10700
21100
9500
9500
13700
13100
12500
9500
9800
15100
9300
13400
9300
61200
6600
11900
7000
18700
7000
5800
5800
5500
14100
6600
5500
5900
6600
5800
5600
5900
6600
13800
9300
8400
8800
7700
7700
8400
7600
8500
7800
7600
9200
10400
8100
7700
8900
7500
7600
10200
10300
11800
8200
8100
9500
8700
9100
8100
9300
8100
8100
9000
8200
8200
10200
9200
10100
11500
13500
12800
8900
8600
9800
8900
8900
9000
10200
13300
13500
12800
9200
10400
14000
10300
9200
15300
9900
9500
10300
9900
9400
20700
9700
19800
12000
7200
7200
6700
6900
11600
6700
7300
7100
46300
5900
11200
6000
13200
5900
5500
5700
5200
13400
5800
5700
5800
5600
6000
5900
5600
5700
10200
6200
5800
4900
4700
5000
4800
4600
4600
4700
5200
5800
4600
4500
5600
5000
5100
5100
6500
7500
7000
6200
5600
5000
20000
5300
5400
5600
5100
5300
5500
5800
5200
7700
4700
4400
32200
62200
19500
11100
10900
12000
14000
11200
10600
11100
18800
21500
15400
11000
11300
14300
10700
11600
26800
18200
13500
18500
13600
12500
13700
30900
13500
16000
12900
23100
12400
15400
12900
13000
19800
15100
51100
13500
45500
13600
21600
10200
9100
9400
14100
19500
6100
5700
5500
5800
6400
5800
6100
5500
16500
5800
5200
5300
5000
5200
5800
8700
5100
5100
5000
6800
5200
5200
5200
5300
5700
5300
12900
7700
7800
6200
6300
5900
6200
5600
5600
5600
5700
6200
5700
5700
5700
7300
5600
7400
8200
9000
9100
8000
6000
6400
6600
6300
6600
6300
8800
8900
8300
6200
5900
8400
6400
6000
9500
11900
6600
10500
6600
9500
6400
15900
6900
7000
6600
10000
6500
6800
6900
6800
10100
14700
49500
5900
6200
5900
5700
5300
12100
5600
5500
9400
6000
5400
5200
5400
10800
5700
5300
5400
11700
5900
5400
5000
6300
5200
5100
5400
5100
5500
5600
6100
6300
5200
5400
8100
5300
5600
7400
7800
6000
5700
5900
5800
6500
5800
5900
5900
5800
5800
5800
8800
5500
5900
5900
5600
11600
8500
6100
6300
6800
6500
6200
6600
6400
6500
8400
6400
13500
6800
7100
6600
7600
6600
10200
6700
7000
7000
7100
7000
11800
7100
7100
9600
7000
7300
6900
8300
6800
7600
6700
7000
44900
5800
6400
6000
6300
5600
8400
5500
6100
5700
5600
5700
6000
5600
5600
15100
5500
5500
9100
5700
5100
5200
5300
5400
5000
5200
6300
5200
5000
5100
5400
5200
5100
5900
5400
5100
7100
7000
5500
5600
5500
5700
7000
5800
6100
5800
5800
6300
5600
6400
5700
5900
5600
5800
9300
8300
6100
6100
6300
6900
6300
6100
6000
7000
11400
7700
9200
10800
6100
6500
6300
6300
10400
7000
6900
6700
6900
7000
11600
7200
6900
9400
7200
7100
7200
6700
7000
7100
6900
6900
45200
5900
5600
5800
5800
5200
5200
5000
5800
5500
5400
5600
5800
5600
5400
15100
6500
5500
8900
5400
5000
4900
4800
5300
5000
4900
6300
5400
5200
5100
6500
5200
5100
6400
5400
5300
8900
5800
5600
6100
8900
5400
5900
5700
5600
5600
5600
5700
7100
5700
5700
5800
5300
5700
9000
7900
6200
6600
6100
6200
6300
6300
6300
6300
12800
6500
8200
6600
6400
6300
6300
7200
10300
6900
6700
6700
7000
9600
11400
6900
7100
9800
7000
6900
6800
7200
7100
7900
7000
7600
42700
5900
6000
8300
5500
5200
5500
5400
6900
5700
5300
6000
5500
5500
5300
14800
5700
5600
9700
6200
5100
5500
4900
4600
4400
5700
6400
5400
5600
5200
5000
4600
5200
6500
4900
5300
8500
5700
5800
5900
7500
5900
6000
5900
5600
5700
6100
5800
7700
6200
6000
5700
5800
6100
7600
8900
6700
6300
6000
6300
8400
6200
6300
7400
6400
6300
6600
13100
6400
6300
6500
6200
10100
7100
7300
6800
7000
7400
10200
6900
6900
9600
7100
7000
7000
6900
7100
6800
6900
6900
47300
6000
6000
5500
5600
6100
5800
5200
5300
5600
6200
6300
5700
5700
5600
10500
9600
5600
9300
5400
5400
5300
5300
5300
5100
5300
6100
5000
5500
5300
5200
5700
5200
6100
5100
5100
7700
6000
5800
5800
6900
6000
5600
5700
5300
5700
5900
6300
7300
5700
6300
6100
5500
7900
7600
8200
6300
6500
6000
6500
8600
6300
7000
6800
6400
6500
5700
8200
5700
6600
10700
6100
9500
9600
6900
7000
7300
6700
7200
7200
6300
6700
10000
7000
10100
7400
6800
6800
6600
7300
45400
6300
14000
6000
6200
5600
5600
5600
5600
5800
5900
5700
6100
6000
5500
11500
5600
5500
8400
9500
5200
6000
4700
5600
5300
5100
5800
4900
5500
5800
5600
4900
5100
5700
5000
5700
7800
5900
5700
5300
6800
6500
5700
5800
6100
6200
6000
5900
7200
5900
5500
5600
6500
5800
8600
8700
6500
6800
6300
5300
7300
6400
6000
6000
6200
6200
5900
11000
5800
5700
6100
6100
13100
9300
6500
6700
6200
6300
6500
8900
6500
7500
9600
6500
9900
6600
6600
6700
6700
6900
41300
5400
5400
5300
5300
5700
10800
6200
5700
8700
5500
6000
5700
5200
5600
5400
5400
5300
28000
8400
4700
4800
6700
4800
4600
4900
4700
4600
4800
4800
4800
4800
4700
5100
6000
4500
7200
6700
5300
5300
6700
5500
7100
6700
5600
5500
5400
5100
5000
5300
5500
5200
6900
5600
8200
5800
5800
6000
5800
11500
5500
7800
5900
9500
5900
5900
5800
9600
6000
7200
5900
6100
14800
6400
6400
6100
7300
6200
6200
6000
7300
9400
6800
6300
6300
10600
18400
6300
11600
6200
43700
10000
6100
14000
5400
5100
5500
5200
9500
10900
8800
5000
8600
8400
4800
5600
8800
6000
9400
4900
4400
4400
4400
4500
4500
4600
5800
4500
4700
5100
4700
4500
6500
4700
4300
5300
6400
6900
5400
5100
11700
5500
7100
6600
5300
5000
5400
5200
11700
5300
5100
5400
6700
5300
8400
5700
6600
6100
6000
5800
5700
5800
5900
7900
6200
5900
6000
8100
16700
4700
4400
3600
19300
4100
4100
4300
4600
4100
4100
3900
13200
37000
7300
6900
6700
9400
6800
6800
11000
9300
44400
10400
5800
8700
5600
5200
6300
4700
8600
10200
8600
5200
8300
8700
5200
11300
8700
5700
10000
4900
4700
4300
4300
5000
4600
4600
6000
4800
4800
6700
4800
4300
5300
4700
4700
5900
6500
5100
5700
5100
7400
5200
5400
4800
5400
4900
5200
5100
5200
9000
5300
5400
7200
5200
8600
6100
5500
5800
5800
6000
5700
5800
6300
12200
6100
6200
5900
7800
7000
5900
5900
5700
9800
6400
6700
6400
6300
7000
6100
6700
6500
8800
6800
6300
6500
9000
6400
6600
10300
6800
45800
9100
5600
8400
5100
8100
5400
5100
9200
10400
8500
5000
8600
8300
5400
5600
8100
5100
9000
5300
4800
4700
4500
4900
4600
4500
5500
5000
4700
5300
4600
4800
5400
4700
4700
5300
6100
5500
5300
4900
6800
5200
5600
6400
5400
5500
5600
5400
5300
5500
5600
5600
7000
5400
7400
8000
6100
6000
7900
6100
10800
7800
6100
6200
6300
6200
6000
6700
6100
5800
7600
6100
9800
7400
6600
6600
11300
6700
6700
6500
6800
8900
8100
6900
6900
8800
6600
6700
10200
6600
41500
8800
5800
8600
5400
7800
5600
5100
8300
10100
8000
5200
13500
11000
5200
5700
8000
5300
9000
5200
5300
5700
4800
5200
5200
4400
5700
4800
4700
5500
4800
4900
5700
4900
5200
5700
6200
5400
5300
5400
7200
5300
5500
5300
5400
5300
5700
5500
6300
5200
5200
5500
7200
5500
8000
8100
10300
6200
8300
6400
7900
7500
6400
5800
6000
6400
6300
6100
5900
8500
8200
6100
9600
6600
6300
6600
7300
6500
6400
6900
6300
10000
6600
6600
6500
9400
6700
6600
6800
6400
51800
13100
5400
8500
5500
5100
5500
5300
8900
10200
8400
5500
9400
8900
5100
5600
8500
5500
9100
5100
5100
4600
8000
5100
6200
4600
7200
5200
5000
6700
4900
4800
10200
5400
5100
6500
6400
5800
5800
5400
8200
5600
5900
5400
5400
5500
5500
5500
5500
5600
5600
5600
9500
5400
8500
8800
5900
6300
8500
5900
8700
8400
6100
5700
6300
5700
5900
6200
6200
5900
12800
5800
8800
6700
6500
7400
9600
6500
6200
7000
6100
10000
7100
6700
6500
10000
6600
6900
7200
6600
41900
5200
5400
4800
5400
6000
5000
5000
5700
8900
5200
5100
5100
12900
5200
5400
12200
5500
12800
5500
5200
4900
5100
5000
7600
4800
4900
4900
4800
5300
5400
4900
4900
5500
4900
5000
7300
5300
6500
5700
7700
5400
5300
5100
5700
5200
5500
6400
5600
6500
5500
5300
6700
5600
8800
6600
7800
6600
6100
6300
6100
6600
8600
6600
6400
6000
6200
6000
6500
5600
7300
5700
10000
8400
6100
6200
6300
6500
6500
9700
6600
8900
6500
7500
7900
7700
10200
10600
9300
7400
45500
7600
10500
5800
4800
5300
8800
5900
4600
8700
7400
5200
5500
5200
9000
5100
5500
5000
8400
4900
4700
4700
4700
5800
5400
5300
4600
5000
4700
4800
5000
4900
4900
4700
4700
4900
11100
5800
5400
5500
6700
5300
5700
5400
5500
6000
5500
7000
5400
6700
5500
5500
11100
6500
10400
7100
7900
6500
7200
6800
6700
7700
8600
7000
7800
6300
7300
6700
6100
7000
8700
7100
11300
10700
8000
7000
6700
6900
7000
6800
7200
9600
8000
9000
7300
7300
9000
9000
6800
6600
46600
5600
5200
5500
5300
5400
9000
5200
5500
8300
8400
5300
5400
5600
8600
5500
4800
5500
9500
5300
4800
4700
4700
5600
5000
5000
4700
4800
4600
4800
5400
4800
4600
5000
4800
4800
7000
5400
5600
5300
5300
5900
7400
8200
5400
5300
9700
5600
6800
5500
5200
7000
5800
6100
8100
6000
7400
5800
6300
5900
5700
5900
7900
7700
6700
6400
6300
6200
6100
6600
8700
6300
10800
9800
7200
7300
8200
6400
6900
7100
6800
8900
7100
6900
6700
7500
9700
12900
7000
7000
43900
5500
5800
5300
5600
5200
8100
5100
5800
8500
8200
5300
5200
5500
8800
5100
5700
5200
9400
5200
5100
4800
5200
5700
5000
4600
5000
5500
4900
5100
5000
5200
5200
4900
5200
5100
6600
5400
6000
5600
9900
5700
6900
5800
5900
6600
6000
6300
6800
5600
5600
6900
7900
5700
7700
6000
6400
6000
8400
6500
6600
6800
6600
6700
6500
8800
6200
8000
6400
6000
8600
6200
10000
8700
6700
7000
6900
7000
7100
6900
6500
9300
6800
11200
7100
7700
9300
9200
6700
6800
49000
6300
5400
5400
5400
7900
8500
5200
5300
8200
8400
6100
5700
5600
8600
5200
5000
4900
9400
5400
5800
4900
5100
5900
4800
5000
4800
5000
5000
6500
4900
5100
5300
5000
5100
5300
6500
6000
5800
6100
5800
5500
7100
5900
5900
6600
5800
6100
7200
5700
5800
6900
14900
6100
8300
6300
6700
5900
10500
6300
6300
6200
6400
6400
6200
8200
5900
8600
6200
5900
7900
6400
9800
7000
8700
6900
7000
10600
6800
7100
9500
7000
6900
6700
6800
6500
7100
6800
9200
6800
24800
5200
5400
5100
5300
5000
8000
5200
5000
7800
8100
5200
5300
5000
8100
5700
7200
5000
9400
5400
5400
5100
5000
6000
8600
5100
5100
6600
4900
5700
5100
11400
5400
4900
5300
5200
6500
5800
5300
5100
5500
5400
7100
5500
5500
5600
5800
6600
6900
5300
5400
6800
5200
5500
8100
6000
6200
6200
8200
5800
5100
5300
6300
5800
5800
7900
6100
12600
11800
4400
6400
12000
15500
8600
22900
10800
6200
6500
20500
6500
9100
6200
6600
6500
5900
6100
6400
6800
9800
6800
23300
9000
5300
5100
4900
5900
5000
4900
5300
8900
5100
5000
4900
5100
8300
8200
5200
10200
27600
10800
4900
5200
4800
4800
5000
11200
5100
4800
4800
4900
4800
5500
5000
5600
5000
5700
7200
5500
5400
5500
5200
6500
5700
5300
6400
10700
5600
5200
6900
5400
5300
5400
5300
6200
9100
12200
5900
6200
6000
7800
7500
14100
10400
8000
7800
8500
5900
5700
5900
5900
5800
5400
9800
6300
6400
8800
9100
15300
6700
6500
6500
9700
6700
6500
6300
7300
6700
6400
6500
6800
24200
4800
5000
5300
9800
5100
8600
5200
4900
4800
10000
5900
4800
5000
6100
5200
9600
5000
16800
5900
5100
5100
6100
4700
5900
6200
5000
5600
4600
4800
6700
4800
5700
5900
4800
4900
8000
5400
5200
6500
5400
6800
6400
5300
6700
7700
5500
5400
8000
5300
5300
6300
5400
5300
9200
11900
5600
5700
5900
7700
8700
9300
7900
7900
6100
5800
6200
5800
5900
6000
5900
5800
10200
6400
6400
9300
15800
10500
6500
6300
6300
9000
6900
6200
6100
10100
7300
6300
6300
6700
23900
4900
5100
5300
8500
4900
8800
4900
4800
4700
8300
4300
4200
5200
5000
5100
9100
4900
9700
5100
4800
5900
5300
4900
5900
4900
4900
7100
4700
4800
5800
4800
6200
4700
8800
4900
6300
5600
5400
5800
5300
5100
5300
6800
5600
5400
5300
5100
5500
6400
5500
6900
5200
6800
9100
8100
5800
5800
6500
7700
8200
9200
8200
7900
6900
5900
6300
5800
6200
5900
6100
6000
13300
7100
6400
9400
11200
10500
6800
6100
6400
9200
6800
6200
6300
6600
6900
6500
6200
6500
23400
5000
4900
4800
8100
4700
8500
5000
5200
4800
12400
5000
4900
5100
5100
5200
9000
4800
9500
5200
4800
5100
4900
4900
6600
5000
5100
4500
4800
5000
6100
4800
6100
5000
4800
6300
8300
5800
5900
6900
5400
5400
5500
7200
4900
5200
5800
5100
4600
7200
5700
7300
5300
7500
11200
6100
6200
5900
5200
8500
6200
6000
8500
8400
6200
5900
8100
5800
5800
6000
5900
6200
9800
6700
7400
9300
10000
10500
6900
6600
6500
9600
9300
6700
6300
6700
10000
6500
6500
6200
24600
5100
5100
4800
8300
5900
8700
5100
4700
4800
8600
4700
4900
5200
5100
4900
8500
5200
9100
5300
4900
5100
4900
5000
5800
5400
4900
5000
4700
4800
6200
5200
5700
4700
4700
12600
10700
7800
5800
5400
5300
5300
5500
8900
5400
5400
5300
5300
5400
7100
5400
7100
5200
6900
7600
5700
5800
5900
6300
8000
6300
5900
8000
8200
6200
5900
8100
6200
6200
6100
5800
5800
9300
12600
6300
5600
6700
9100
8900
11700
9900
9500
6600
6800
6600
6500
6600
6500
8100
6400
23700
5500
5200
5000
8600
5700
9100
5300
4900
5100
12600
4600
5100
4900
5000
4900
9100
4800
9400
4900
4800
4800
4700
4600
6000
5300
4800
4900
5000
4700
5500
4700
5900
5000
5000
5000
5900
5600
5300
5700
5300
5400
5100
6900
5900
5400
5500
5300
6000
6800
5400
9100
5300
6700
7700
6200
5900
11800
6000
12100
6000
6000
8000
7900
6100
5600
8000
5900
5500
5900
5800
5700
8400
9000
6000
6300
6400
8600
9200
10800
9100
9000
6300
6600
6300
6400
6600
6400
6300
11100
22100
4900
5000
10300
9000
10000
6400
4400
4400
8900
5300
4900
4400
5000
4600
4700
5000
4500
16800
5700
5300
6700
6100
5400
10000
5700
5900
6200
5100
5000
5100
6000
5200
5000
5200
6200
7000
5500
5700
5600
5800
5600
5600
5900
6000
5300
5600
5500
5700
5600
5600
5500
7700
5800
8500
7100
6400
8200
6000
8400
6100
6200
6100
6100
8300
6100
8700
6200
10300
6400
5800
6400
16300
6400
9000
8900
6800
6800
6600
6600
7200
7300
6400
6700
7100
9600
7300
7000
8800
6800
23200
5200
5200
23300
5300
4800
5100
5000
5600
5100
5200
9100
5000
4700
5100
4900
5100
5300
14100
6100
5400
5400
4900
5800
5400
5000
6200
6200
5000
6100
4800
5300
5100
4900
4700
5200
7800
5700
5500
6200
5700
5600
5600
5800
5400
5700
5600
5400
7100
5600
5800
5900
7000
5900
7900
6200
6200
8400
9600
7600
6700
6100
6000
5900
7900
6700
7700
6400
5800
5800
6000
6100
11700
6700
10800
8700
7000
6700
6400
6500
6900
6500
6400
6700
6600
8600
6600
6600
7000
6400
32600
5100
5000
8200
14700
4800
5300
4700
4900
4900
6400
8200
5400
5200
5300
5100
5300
5500
11400
5600
5100
5500
5200
5700
5000
5100
5800
5600
4800
5700
6100
4900
4900
5200
4900
4800
6400
5400
5200
7000
7800
5600
6400
6400
6000
6600
5400
5300
5800
10500
5600
5600
7400
6300
8100
6300
6300
7700
5700
7700
5400
5600
5900
6300
8300
6300
7900
6000
5800
6100
6100
5900
11800
6600
9100
9400
7500
6500
6800
7400
6400
6500
10800
6400
6600
8800
7000
6200
7300
6600
22600
5200
5100
13200
5000
5000
4800
4700
5000
5700
5100
5000
5100
4400
4900
5000
5200
4900
10500
4900
5000
4800
4800
5700
4500
4700
5800
5500
5000
6200
4900
4800
4800
5100
4800
4600
10600
5600
5400
6700
6700
5500
6300
6700
6000
6700
5400
5500
5400
6600
5800
5300
5100
6700
7500
6100
5800
8100
6500
5800
6000
6100
6000
5800
5700
5700
6500
6100
5800
6100
12600
5900
15100
6700
8700
8900
6500
6800
6300
6300
6100
6700
6000
6200
6900
8600
6500
6400
6600
6900
23400
4700
5100
8100
5000
4800
4900
5000
4700
5100
5100
4900
4800
4500
4900
6600
5100
5000
9800
5100
5000
5000
8700
9400
5000
4700
5100
5700
5000
5600
5000
4700
6800
4500
4600
5200
6800
5400
5000
6600
6700
6100
6600
6200
6600
6200
5500
5200
5200
6400
5200
5400
5600
6300
7200
5900
5900
5800
9900
6000
5800
6000
6200
5400
6000
5900
9700
6000
5900
5600
7900
6300
8400
6400
6200
8600
6300
8900
6200
6200
6200
6400
8400
6400
8700
6600
6200
6500
6300
6500
23000
5500
5000
8200
4900
8200
5000
4300
5000
6100
5000
4800
4900
4500
4800
4700
5400
4700
8000
4900
5000
4700
4500
4800
4800
5000
5000
6800
5000
5100
4700
4900
5200
4900
4600
5600
6100
5200
5000
6100
6300
5200
6300
5900
6100
6200
5000
5200
5200
6300
5100
5400
5400
5600
7000
5600
9500
5500
5800
5800
5800
6000
5600
5800
5600
5400
6100
6300
5800
5800
7500
6000
8100
6000
7100
8400
6200
11000
6300
6100
7700
6400
8700
6300
8400
6600
6200
6200
6300
6300
28500
4900
7500
7100
5000
4700
4700
5100
4500
4700
4600
4900
4700
7200
4900
4800
5000
4400
16200
8200
4600
4900
4800
4700
4800
4600
5000
4500
5400
5600
4900
4600
4700
4800
4600
4600
11600
5400
5000
5100
7000
5800
5600
5200
5500
5500
5100
5500
5200
6800
6700
5200
5400
6200
8100
5400
5300
6000
5700
5800
5700
5700
5500
5600
5700
7100
7100
6200
5600
6900
5700
5700
8400
7900
6400
6400
6200
6200
6100
6400
6100
5900
6000
6500
10000
8900
7500
6300
6100
7900
22200
7100
4800
4900
4900
4700
4700
5000
4900
4600
4900
4600
5000
4700
6800
7100
4800
4900
10200
5100
4700
4600
5700
4600
4600
4600
4300
4800
4900
4800
4500
4900
4700
4700
4600
4700
7800
5300
9200
5600
5200
5100
5300
5100
4800
5200
6800
5400
5900
5500
5600
5300
5300
5400
8200
6600
5900
11800
5500
5600
5900
5800
5500
5600
6100
7300
6700
6700
6000
7200
5600
6400
9000
7400
6400
6000
6200
6100
6300
6000
6300
6300
7200
6200
6200
10400
8700
6100
5900
5900
24200
8200
4700
5900
4700
4700
4700
6100
6900
4800
4900
5800
4800
14100
7900
8100
4700
6100
10100
4900
4700
5600
4600
4700
4700
5000
4800
4900
4500
4600
4400
4500
6100
4800
4600
4500
7100
5000
5000
5100
6200
4900
5000
5100
5200
5100
6100
6300
5200
5000
5000
5100
5400
5200
8400
6200
5900
5600
5800
5700
6500
7600
5600
5600
6200
6900
6900
6200
5600
7200
5500
5700
8400
7800
6500
6200
6400
6500
6000
6000
6400
6400
6300
6100
6000
8100
11500
6400
6200
6300
20900
6900
4900
4600
4700
4500
4900
4800
4700
4600
5000
4500
5100
4700
6700
7400
6700
4800
11600
5000
4600
4900
4900
4500
4700
4700
10600
4600
4400
4700
4500
4900
5100
5500
5000
4500
5900
5400
5200
5200
5100
5300
5400
5600
5100
5100
10100
6300
5600
5000
5200
5100
5700
5400
8400
5800
5900
5700
5900
6800
6300
5700
6100
5700
5700
6200
5600
6200
5900
5800
5600
5700
8500
7800
6500
6200
6200
6300
6000
6200
6000
6200
6100
6400
6200
8400
8100
6200
6000
10200
23200
6900
5100
4600
4600
4500
4600
4800
4600
4400
4600
4500
4700
4800
6700
7000
4800
4900
9700
4900
4900
4600
4900
4400
4700
4800
4400
4700
4700
14900
13600
5000
4400
4800
4800
4600
5900
5500
5000
5100
5100
5000
5300
5500
5300
5000
10400
9300
6100
5100
5100
5100
6100
5200
9100
5500
5400
7200
5500
5600
5900
6800
5800
5700
5500
6800
5800
7200
6400
7300
5600
5500
11600
6900
6400
10400
6000
5900
6300
6400
5800
6000
6200
8000
7400
6100
5900
8800
6200
6300
22000
8000
4900
4800
4900
4600
4600
4900
4800
5300
4800
4800
5000
4800
7100
6900
4600
4800
8700
5100
4800
4600
4600
4500
4500
4700
4500
8400
4600
4700
4600
4700
5100
4800
4600
4500
6100
5100
5000
7000
5300
5000
5100
5600
5100
5200
6000
6000
5500
5400
5000
5300
5200
5100
8300
5500
5800
5800
5500
5500
6000
5500
5400
5600
5500
6100
5600
6000
6000
5500
5900
5500
9100
6100
6100
6000
5800
5900
7700
9500
6000
5900
6300
7700
7800
6100
5900
8600
6100
7700
20900
6900
4900
4800
4700
4700
4500
4400
4800
4500
4400
4400
5300
6800
6500
4800
4700
4200
15500
5600
4900
5200
8800
7900
5000
4700
5100
5700
4900
4900
5200
5400
4900
5100
5000
4900
6600
5500
6300
6200
5600
5400
6200
5400
5200
5400
5500
5800
7100
5500
5500
21600
7100
5700
9100
6000
5700
6000
5800
5800
5700
5700
6000
5800
5900
5800
7300
6000
5900
5800
5500
5900
13300
6400
6500
8100
7500
6600
6200
8100
6400
6200
6400
6200
6400
6600
6500
6300
6100
6200
22600
5100
5300
6400
4600
5000
7100
5200
4900
5000
8700
7200
4900
5000
4700
10500
4900
5000
9200
5000
4800
4900
4900
4700
5400
4800
5400
5000
5000
5000
5100
5000
4600
5100
4900
5600
6800
5400
6600
6300
5500
5300
5500
5400
5300
5500
5300
5600
5700
5200
5300
5800
6600
6400
11000
5900
6100
6300
6000
5900
5800
5700
5900
5600
6100
6300
7400
6000
9600
6000
5600
5900
8800
6300
6700
8200
6200
6400
6000
8300
6200
6400
6700
6700
6100
6200
6400
6200
6100
6100
22700
5200
5200
4600
5000
5200
7800
5100
5000
5000
9000
8600
5100
9200
5200
6900
4900
4700
9400
5000
4800
5100
5200
10000
5900
5800
5600
5000
4700
4800
4700
4700
4600
5400
5100
5400
6400
5700
5300
5200
5300
5400
5500
6000
5400
6900
5300
5500
5300
6500
6100
5400
5500
5300
9000
6000
5500
5900
5700
5900
6800
6200
7600
6100
5900
5600
12100
6000
6000
5900
5800
5800
8600
6400
6200
8100
6700
6300
6300
8000
6200
6400
6400
6300
7400
6600
6500
6200
6300
6400
21100
5200
4900
4700
4700
5200
7000
4900
4900
4900
8800
10700
4800
5300
4800
7200
4800
5100
10400
5900
5100
4800
5100
4600
5300
4700
5300
4600
4800
4700
5000
4600
4500
4500
4900
5300
6100
6000
5600
5700
5200
5400
5200
5200
5700
6600
5300
5500
5200
6200
5200
5500
5200
5400
7200
6000
7300
6700
6200
5700
5800
5700
10600
6000
5600
5700
6100
5800
5800
5700
7300
5800
8600
6400
6400
8100
6400
6400
6200
8300
6600
6400
6500
6300
6600
6500
6800
6800
6500
6400
21800
5100
5000
4700
4700
5000
7100
5200
5000
4800
12700
7000
5000
5000
5000
6900
4700
4800
9500
5200
5100
4900
5200
4900
5600
6800
5600
4700
5000
4600
4900
5000
4800
4600
4900
5400
6800
5700
5500
5600
5300
5500
5100
5200
5200
6600
5300
5500
5300
6100
5400
5300
5200
5000
6900
6000
7500
10800
6000
6000
5700
5800
5800
5800
5600
5800
5900
5600
5900
6000
7800
6000
10200
6200
6700
6500
7900
6600
6600
6100
6200
6300
6200
6200
8600
6500
7000
6200
6300
6600
22500
5100
6100
5000
5100
4900
7100
5000
5000
4800
12900
7200
5000
5200
4800
7000
4900
5000
8600
5100
5100
5000
4600
4700
5700
5200
5300
4800
5200
5200
4800
4900
4700
5100
5300
5300
6400
5500
5500
5700
5800
5500
5600
5400
5500
6400
5400
5200
5500
6600
5400
5700
5400
5300
11300
5900
7500
7000
6400
6000
5800
6100
5800
5900
5900
6000
5900
5800
5500
5800
8400
5900
9900
6800
6300
6500
6300
6400
6200
6200
6800
6300
6200
8300
8200
6300
6300
6300
6600
6400
21200
5300
5100
10800
5200
4900
4900
7600
4900
4600
4700
5000
4700
5000
5100
4800
4800
4900
12400
5500
5800
5500
5700
5400
5200
5500
5100
4900
5700
5700
5000
5000
5100
7200
5100
4800
7200
6100
6800
10700
5500
6700
5500
5800
5700
6700
7800
5800
5500
5400
7000
5700
5600
5900
10000
7800
7800
6400
7800
6300
6200
6300
6500
6200
6300
6100
6400
6300
6300
7700
6400
6500
9000
10300
6500
6600
6700
8400
6900
9000
6800
6300
6600
8700
6800
6600
6900
6700
6500
7300
23200
5500
5000
5100
4800
7900
7700
5500
7400
7800
4900
8800
5200
5400
5400
7300
6200
5600
9800
5400
6200
5600
5100
4800
4900
4800
5500
4800
5000
5200
5300
5100
5000
5200
4800
5100
7100
6000
6400
6800
5400
6600
5600
5800
5500
7100
6700
5600
5400
5800
6700
5700
5900
5800
13700
8100
7900
6200
7600
6600
5900
6200
6200
6300
6300
6100
6500
6100
5900
7900
6200
6200
9100
7000
6500
6600
8800
6700
7400
8800
6700
7800
6500
9000
6800
6500
6500
10500
7800
7700
23200
5600
5200
5100
4900
8200
7200
5400
7000
7800
4800
5100
5200
5400
5300
7700
5400
5200
9800
5500
6200
5500
5100
5100
5300
5200
5900
9000
5200
5300
5500
6000
5100
5000
5100
5500
6400
5800
7200
5900
7600
5600
5900
5700
5700
5600
7000
6900
5600
5800
5900
6700
5700
5600
10200
8100
8900
6300
7800
6200
6000
6000
6200
6200
6100
10100
6200
6000
6100
8000
29600
20500
10700
7100
6800
7200
6900
7300
7100
10300
7000
7000
39000
22100
7800
4400
4700
4400
4500
4200
16100
3400
3400
5200
3000
5200
10300
3800
4500
4500
3000
3400
3300
3500
3200
4600
3400
3400
10500
3400
4000
3600
3300
3400
3400
3000
3600
3300
4200
3100
3100
3400
3000
3100
2900
3200
4200
3400
8600
3800
4300
3500
3400
3500
3600
3300
5700
4000
3400
3500
3400
4900
3500
3300
5600
4700
5500
4600
4600
5400
4000
3700
3600
4600
5500
4800
3700
3700
5300
3700
4700
3700
7100
4100
4100
5300
4300
3900
3900
8500
4100
4100
3900
5200
4000
4000
4800
4000
3900
4000
12900
3000
3000
3200
2800
4500
4400
3400
4300
4400
3000
3200
3200
3100
3300
7200
3400
3200
10300
3500
3800
3400
3200
3000
3100
3200
3400
3100
3000
3200
3100
3200
3100
3200
2900
3100
4000
3400
3900
3900
4000
3700
3400
3300
3400
3300
4200
4000
3500
3400
3300
4100
3400
3300
4600
3800
4300
4500
3700
4300
6800
3800
3500
4600
5200
3700
3700
3800
4500
3900
3700
3700
6600
5100
5300
4000
5300
4100
3900
3800
3900
4000
4100
3700
3800
4000
4100
4900
4000
4100
15300
3100
3100
3100
2900
4400
4400
3300
4300
4200
3100
2900
3200
3300
2900
4300
3200
3100
10900
3400
3800
3500
3100
3300
3200
2900
4100
3200
3000
3000
3100
3200
3100
3100
3000
6300
3900
3500
4300
4300
4400
3600
3700
3300
3500
3400
4200
4200
3400
4000
3500
4400
5500
3800
4700
3700
4800
4700
3700
4600
3600
3600
3800
4600
5000
3700
3700
3600
4700
6400
3800
5600
6700
5500
5100
3900
5600
4000
3900
3800
3900
4100
3800
3800
4100
4000
4000
5000
4100
3900
11400
3100
3200
3100
3000
3200
3500
7300
3300
2900
2900
4900
3000
3100
3100
3000
3200
2900
