695400
30000
26800
25500
38300
113200
26200
35700
24600
26000
21800
24100
26400
23400
25000
28000
30200
26000
48500
29500
30700
29800
48600
30200
27400
33600
28000
30200
36300
28900
32300
49600
56800
39300
53400
29300
59600
38400
31200
57600
29900
29200
28300
20100
21000
19600
46600
21100
19700
24900
20100
22000
18800
20200
57600
46300
27500
22500
19700
20100
18900
21900
18500
20400
23200
20000
18400
18400
20900
18100
19600
17700
56600
24600
20100
22000
23100
19400
23300
18800
44400
21500
19200
19300
20000
43500
42900
20700
20200
19500
38100
13800
11400
10400
16200
11100
19400
28100
18900
11800
15100
14400
20100
11000
10000
12500
13800
9800
27400
13400
11900
11300
28200
19400
12000
11500
11200
13600
11500
11400
11200
29700
28300
14700
28600
14400
30700
26200
14900
29800
15300
13400
13600
13000
13800
13000
34600
16400
14300
14500
13100
13500
13400
13600
45700
18800
17000
17100
15200
14900
14500
15300
15000
14400
15900
15000
19800
15200
20100
17100
15500
15000
35100
19400
17200
18800
16800
17100
16400
17600
35900
19100
18100
18100
17100
29800
40700
19300
19200
18400
15100
9900
8800
8100
10700
8800
14800
13000
13000
9900
11800
9700
8400
8700
8200
10000
9300
8600
18300
10900
17900
11000
11100
18600
13600
16400
11300
10700
10100
10400
12700
13900
10700
12000
12500
10800
34700
28200
15300
20000
15200
14500
14400
15100
17600
13500
19700
14700
13400
15300
14000
13800
12900
13700
26700
17400
16300
15400
14600
15600
14600
15100
15000
19700
16300
16600
15300
15900
15400
14900
15200
15700
27700
19400
17300
18100
16600
17500
16900
17000
25800
18400
17100
17200
19200
24800
24200
47500
12900
12000
23100
46700
8800
7200
9200
7300
10600
8700
11700
13700
9000
7700
7500
7300
7700
9000
12100
7200
16200
8200
9300
8300
11600
12600
12700
11500
7400
7200
8700
7500
7400
9800
8000
8100
8100
7800
9600
8300
8800
8000
13500
8200
7900
7900
8100
10300
8100
8100
8300
13700
13500
9700
12700
9400
15200
11400
9900
9500
15100
9200
9200
9500
9800
9600
9900
9600
19400
11100
10300
11100
12500
8300
11700
9900
8000
7900
8300
12700
8300
10100
16000
8800
8800
8300
34700
16300
19200
8700
8100
9700
6800
11800
4500
4100
6300
7900
6900
6000
5600
4800
5200
4500
9700
4300
4800
6000
4800
4500
5500
4800
5000
4700
5200
9500
5200
7800
7700
5000
5000
5200
5200
6900
5900
5600
5600
7300
7500
5700
5600
5800
10600
6400
6200
7400
6200
6600
5900
6500
5700
15600
11900
6900
10400
6900
11600
8500
6800
16500
6600
6700
7300
6400
6900
21000
14000
7800
9000
6700
6600
9400
6900
7100
11200
9900
10000
9200
7400
8800
9700
17000
23600
12000
8100
7800
8200
14400
15900
12100
11200
15900
31600
6600
6300
5900
9300
5600
8500
14800
17200
6700
7500
6400
6500
5800
6600
10500
7300
7100
10100
8200
12000
8200
7700
10800
9500
10900
7200
8700
5500
5300
5200
7000
5900
5600
5500
5500
7500
5900
5700
5800
8800
5900
5700
5700
6200
6800
6100
6300
5900
12200
8900
6100
8900
6700
16600
8200
7200
9300
6600
6400
6900
6500
6400
6500
9300
6900
7100
6600
6400
7300
7500
6800
11600
11900
7600
10000
7200
7600
7400
7300
7000
7300
8200
7400
7300
9200
7400
8200
7600
7900
59900
22700
28000
20000
19100
18800
20700
20500
19700
20700
20000
18900
19500
19800
19100
19600
19700
117600
40600
27300
19800
20000
21800
21000
19900
20800
19900
19800
20200
19400
19800
22000
19600
21700
16500
19300
13600
14500
11500
10600
38500
12100
10900
10600
10700
13400
11000
10900
13400
11000
14500
21300
11700
11000
14200
12500
12400
11500
23300
16600
14400
31400
14700
13100
12600
14800
14700
12400
13200
11900
15700
18800
116700
11100
31700
7700
7200
11900
7600
7400
7700
7800
7200
8300
7500
17200
7700
16700
7900
8700
17900
11900
26300
7900
8100
7600
7600
11700
12900
8300
7500
17100
7700
8300
8300
7700
7900
8500
10100
9000
9900
8800
11300
17300
11500
25500
10000
9100
8700
8800
9000
10700
9100
10700
10600
10800
11100
18600
14100
9300
9600
9200
9400
9200
9900
16600
9400
9600
21900
11100
12900
9700
9700
9600
12500
11100
10100
10200
22600
13400
12700
12500
14000
28600
10000
10700
20700
10200
21400
20700
18200
10700
116900
6200
6900
6500
6200
9900
6300
6200
6500
14400
6600
6900
6500
6400
6400
6500
7200
6700
11300
7800
7300
7300
7100
7100
7100
15900
8300
7300
7300
7200
7300
7200
7200
9000
7300
7700
8700
7800
13900
7900
18000
8000
9400
9600
11800
9300
9900
8200
10000
8200
8200
8200
8200
10100
27600
12000
9200
9000
9200
9200
9100
8900
9500
11800
8900
19000
11200
9100
12400
9200
9500
9300
17900
9600
9400
17200
12800
13200
12400
12700
12400
9800
9500
10000
12300
18600
9900
9900
12500
10100
41600
6400
6300
6300
6100
11800
6300
6200
16700
6400
6100
7600
6600
6300
7200
6500
6700
7400
9400
8900
8600
7700
8300
14900
7100
9100
8800
7200
7000
7100
8400
7400
7300
7100
7300
8900
9200
7700
10400
16700
7800
7700
10400
10900
10300
9900
12600
8000
9500
8000
7800
8100
18000
9600
10800
9700
8300
8200
11600
8600
9700
11400
8600
8600
10700
21700
8700
12000
8700
11900
10300
11700
14300
11100
9500
9700
25300
15600
13100
13400
13400
9900
9700
10000
17500
14900
25700
22700
22600
19400
57800
6700
6600
6700
6300
11300
6300
12000
8600
17300
6500
6400
6900
6400
6200
6700
6700
6300
11600
6100
5900
5700
5600
5700
5800
16800
7500
6400
5900
5800
6000
5800
5800
5800
5800
11600
6800
6700
19100
6700
17100
6500
8300
9200
8200
8000
8000
6400
6800
6600
7000
6700
6700
9900
16900
7400
7100
6900
9400
7200
7500
9300
7900
7400
7200
7600
15800
10900
7500
14300
10000
10000
9800
8000
7900
7900
12900
7900
18200
11500
8100
11000
8200
8200
11100
8400
11300
8400
8300
19200
31200
6000
6200
6600
5900
14500
6100
6100
6300
6200
6000
6500
6200
6200
15500
6400
6500
6500
16900
7100
3800
3400
3500
3000
3000
3600
3700
3100
3000
3200
3100
3200
3600
3000
3000
3200
4000
3400
4500
3500
3500
3400
4500
4600
4400
4500
4400
3500
3800
3400
3500
3600
4000
8700
5200
4100
3900
3700
5600
3900
3800
5600
12900
4900
3700
4100
4200
5600
4000
5400
5800
5600
5800
4500
4500
4200
4400
4300
24200
10300
15500
24200
5500
4500
8400
13900
13000
4500
34200
18100
48400
10600
9500
10400
15400
14500
13600
13100
15400
9800
10200
10200
13300
10200
10100
9800
13900
15400
25500
7600
3600
9200
3900
3300
3800
3200
3700
3700
3700
3400
3500
3200
3200
3200
3300
3900
7300
26500
4700
3700
3800
3500
3700
3800
4400
4500
4400
3600
3800
5700
3600
4200
3700
3500
5600
5700
4800
4000
3900
10500
4200
4200
5500
4100
4000
4000
4000
4200
4000
3800
3900
4300
6200
4400
5000
4200
6300
14900
11200
5300
4600
4100
4100
6900
4400
4700
4400
4300
4700
4400
35600
18100
4700
3400
9100
3300
3300
3500
3500
3500
4000
3400
3300
5700
3500
3400
6500
3400
13700
3700
3200
3400
3300
3400
3200
3300
3200
3100
3500
3300
3200
3300
3300
3300
3300
3600
7600
4500
4600
3600
3500
3400
6800
3800
4400
4500
4400
3500
3600
4400
3600
3500
8400
3500
5900
3900
4600
3900
3900
6300
4100
4800
5300
4100
3900
3800
3900
3900
4000
3900
3900
3900
6500
4100
4400
5500
23000
6200
7100
4200
4400
4400
4200
10500
4600
4100
4400
4100
4000
4100
24600
4400
3500
3800
3500
3600
3400
3200
3700
3500
3400
3300
3500
5700
3400
3100
6500
3400
7300
3600
3600
3500
3200
3300
3500
3200
3200
3000
3500
3300
3200
3200
3300
3300
3100
3300
4600
3600
3600
9400
3600
3500
5300
3700
3600
4900
4500
3600
3700
3600
3500
3500
4600
4800
5600
4100
3900
4100
4000
6300
4000
3900
5500
3900
4200
4000
4100
3700
4600
3800
3900
3800
6800
4200
4300
4300
6300
10200
6600
4300
4100
4400
4200
5800
4100
4100
4200
4300
4100
4200
23300
3500
4100
3300
3400
3500
3300
3200
3300
3800
3300
3100
3400
5300
3400
3200
5700
3600
7000
3500
3300
3700
3200
3700
3200
3200
3700
3100
3100
7700
4500
3200
3300
3200
3400
3300
4300
3800
3600
4300
3600
3900
3600
3600
3600
4200
4100
3600
3700
3600
3600
3700
4200
5200
5000
5100
5200
3900
3900
3900
3800
4200
4900
5100
5000
3900
3900
5200
3900
3800
4700
3800
10800
5800
4300
4000
6100
5900
7100
4300
4300
4100
4100
5800
4400
4300
4200
4000
4200
4100
23100
3400
3300
3500
3200
3200
4000
3400
3400
3400
3600
3600
3300
5300
3700
3300
5400
3300
6500
3600
3300
3400
3400
3400
3200
3200
3100
3100
3800
3100
3400
3800
3200
3300
3400
3300
4800
4000
4100
4400
3600
3800
3700
3600
3600
5000
4400
3800
3600
3500
3500
4100
4500
4600
4800
5700
5500
3900
4000
4100
4000
3800
5100
5200
5100
8400
3800
5500
3900
3800
3800
4100
5500
4300
4600
4000
4800
7000
4200
4200
5900
4200
4400
4200
4100
4000
4300
4300
4100
4600
23900
3500
3600
3300
3300
3200
3200
3500
3300
3300
4700
3900
3300
9800
3400
4400
5500
3400
5500
3400
3300
3400
3200
3200
3300
3400
3200
3100
3500
3200
3200
3300
3600
3200
3200
3700
4000
3800
3700
4400
3500
3500
3500
3500
3700
4100
4300
3700
3500
4100
3600
3700
4000
4500
4800
5200
5200
3800
3900
4000
3800
4100
9500
5400
5100
3900
4000
5300
4100
3900
3800
3800
6100
4200
4400
4200
4500
6500
4900
4200
5800
4500
4200
4200
4200
4300
4200
4100
4500
4300
23700
3700
3700
3200
5300
9800
6300
3400
3500
3200
3300
6000
3500
3500
3300
3300
3500
3200
12400
3700
3400
3500
3400
4400
3400
3500
4300
4800
3700
3400
3500
3300
4500
5100
3400
3400
6000
3800
3500
5700
4600
3700
6900
9400
4000
6400
3700
4900
3600
4500
3700
4300
3700
4000
5700
5000
4100
6100
6300
4000
5500
6000
4100
6000
5400
4000
4300
4000
3900
4100
4000
4000
6500
4400
4300
4600
4500
4400
4500
4700
4400
4400
6300
4600
4200
10900
4600
4600
4600
4400
24100
3600
3700
3800
3500
6400
3700
5800
5500
6700
3800
3400
3700
3600
5800
3800
3900
3600
8000
3600
3500
3300
4000
3400
3300
3300
3300
4700
4500
3400
3200
8600
5000
4100
3600
3800
5600
4100
3500
3700
4700
3700
5200
3600
3600
4500
3600
4700
3700
3500
3800
4700
3700
3700
5400
4300
4300
4000
3900
4000
5400
5400
4000
5700
5300
4000
4000
4200
3900
3900
3900
4500
11100
4300
5100
4200
4400
4500
4300
4400
4200
4600
4400
4200
4200
6600
11000
4200
4300
4500
22600
3700
3300
3500
3700
5600
3500
5900
5300
7200
3400
3500
3700
4800
11300
3600
3600
3500
7800
4000
3500
3400
4200
3600
3400
3400
3300
3200
3900
3500
3400
4300
3900
3400
3500
3300
4600
3900
3700
3900
3700
3600
3900
3800
5200
4000
3600
3700
3900
3800
3600
3600
3700
3900
5500
4000
3900
4100
4000
3900
5200
5000
9000
5700
5800
4300
4000
3800
4100
4100
4200
3800
6100
4400
4200
4500
4300
5200
4300
4200
4400
4300
4300
5700
4400
6100
4400
4100
4400
4700
24300
3500
3400
3500
8200
5500
3600
5100
5200
6500
3600
3500
3600
3500
5600
3600
3500
3500
8000
4100
3700
3400
4000
3700
3300
3300
3500
3400
4200
3400
3200
4100
4000
3400
3400
3300
4200
4100
4300
3900
4200
3700
4100
3900
4700
3700
4000
3800
4000
4000
3900
3600
3700
3600
5200
4000
4100
4000
6000
4000
5500
7200
4000
5300
7300
6100
4000
4000
4100
5400
4100
4200
6500
4800
4300
4200
4600
4400
4700
4700
4200
10300
4300
4400
4800
10400
4300
4200
4600
4200
23900
3600
3600
4100
3400
6000
3600
5200
5600
6400
3400
3500
3600
3700
5500
3900
3500
3500
7300
3500
3500
3200
3700
3600
3100
3200
3400
3200
3800
3500
3200
3500
8000
3400
3300
3300
4400
3600
3600
3800
3500
3500
4000
3600
6300
3700
3600
3800
4300
3800
3500
3600
3700
4400
4700
4200
3800
3900
5200
3900
5300
3900
4000
5000
3800
5500
4000
3800
4000
5500
4000
4400
6300
4300
4200
4400
4200
4300
10200
5800
4400
6600
6000
4500
4200
4300
4300
4500
4200
4100
25500
3600
3600
3500
3500
5600
3800
5200
5200
8000
3400
3400
3300
3900
9600
3500
3500
3700
7600
3600
3700
3600
4200
6700
5100
3400
3500
3400
4500
3500
3300
4200
4000
3500
3500
3300
4100
4100
3600
5000
3900
3900
3700
4100
4700
4100
3800
4100
4400
3900
3600
3800
3800
3600
4800
4500
3800
3900
5600
4000
5700
3800
3900
10400
4000
5800
4100
3900
4700
5500
4200
4200
6000
4400
4400
5700
4400
4300
6000
6100
4500
6700
6300
4300
4600
4600
4300
4300
4400
4200
23000
3500
3500
7800
3600
5600
3800
3600
3700
3500
3600
3400
3300
6300
3600
3600
3700
3400
11000
3800
3500
3600
3600
3800
3400
4800
3500
3500
3800
3600
13300
5800
4100
3100
3200
3100
4600
3400
3300
3700
3400
3400
3300
3300
3200
3600
3400
3400
3400
3500
3600
3300
4300
8400
10200
3900
4800
4100
3700
4100
3800
3600
4800
3800
4600
4600
5700
3800
3700
3700
4600
4800
6800
4500
5600
6100
5900
4100
4200
4200
4900
4000
5600
4200
4100
5800
10000
5600
5600
4300
22400
3700
3400
5600
3400
3400
3500
3100
3400
3100
3700
3500
3100
5200
3300
3400
3300
3200
7900
3600
3100
3100
3400
3300
3200
3200
3100
3200
4100
3100
3200
3300
3200
3000
3200
3500
8900
4100
3400
3600
3300
3400
3200
3200
3400
3400
3400
3300
3400
3600
3400
3300
4400
3600
10000
3800
6000
4300
3600
3800
3700
3600
4900
3700
4800
4600
5400
3800
3600
3800
4600
4700
6200
4300
5600
5400
8600
4300
4300
4200
4200
3900
5400
4000
4000
5700
5600
5500
5600
4100
23500
3400
6700
5300
3500
3200
3300
3300
3400
3000
3300
3500
3100
5400
3200
3300
3100
3100
12400
3700
3500
3100
3400
3200
3200
3100
2900
3300
3000
3000
3600
3200
3200
3000
3100
3000
4100
4000
3400
3400
10600
4300
3600
3700
3500
4700
3600
7100
5300
3500
3400
3400
3400
3500
6400
4200
4800
3900
4000
3900
4000
3600
5000
4000
4900
4600
4800
4100
3800
4000
4500
12000
6200
4400
5800
5800
4400
4300
4300
4800
4200
4200
5800
4300
4200
5600
5700
6300
6300
4200
25600
3600
3600
5400
3600
3500
3500
8500
3400
3200
3500
3600
3200
5300
3400
3300
3500
3300
9100
4400
3500
5500
3300
4200
3400
3300
3100
3400
3100
3200
3200
3400
3200
3000
3200
3200
4100
3600
3600
3600
3500
3500
3600
3600
3300
3900
3800
3600
5200
3500
3500
3500
3900
3400
4900
3800
3700
8400
3800
3800
3800
3900
3600
3800
3800
4500
4400
3900
3700
3800
5800
4200
6200
4200
5600
5600
4200
4100
4200
4400
4100
4100
5600
4300
4200
6300
5900
5600
5600
4200
29500
3600
3300
5400
3500
3400
3400
3200
3700
3100
3600
3400
3100
5300
3400
5300
3600
3300
8000
4300
4500
3300
3500
4100
3400
3100
3300
3400
3200
4200
3300
3200
3400
2900
3100
3000
4200
3500
3400
3600
3500
4000
3400
3700
3400
3900
3500
8300
4900
3700
3400
3400
3500
3600
4700
3900
3800
3900
3900
3900
3700
4000
3600
3900
3800
3600
3800
4000
3800
3700
5400
3800
7500
4200
5600
4400
4000
4000
4100
4100
7400
4100
5800
5700
10100
4100
4200
4200
5600
6500
23600
3400
3200
5300
3500
3300
3300
3700
3300
3600
3200
3500
3300
5200
3400
3100
3200
3200
7000
3800
3300
3300
3200
3500
3300
3300
3000
3100
3600
3100
3400
3200
3100
3000
3000
7400
3900
3400
3700
3400
7100
3300
3400
3600
3400
3500
3500
3600
4400
3400
3600
3400
3400
3300
5000
3700
3600
3900
3700
3700
3600
3700
3800
3700
3700
3700
3900
3800
3800
3800
5100
3700
6800
4100
5700
4000
4000
4000
4100
4100
5300
4000
5500
9900
5300
4100
3900
4200
5100
5500
28500
3400
5400
5100
3600
3300
3300
3400
3400
3100
4900
3200
3400
5100
5100
5000
5300
3200
8700
3600
3500
3400
3200
3100
3800
3300
3100
3200
3100
3100
3400
3700
3200
3200
3300
3100
5600
3800
3500
3600
3600
4200
3600
3600
3600
3800
3400
3500
8300
3600
4200
3600
3500
3700
5300
5000
4100
3900
3700
3800
3800
5300
3900
3800
4000
4700
4000
5100
4800
3900
4100
4400
6100
4400
6000
4100
4000
4300
4300
6100
4200
4200
5700
4200
4200
4200
4100
4100
4000
5700
27400
3400
4900
3400
3400
4700
3300
6400
6400
3400
3200
3300
3500
3100
4400
6100
3600
3300
7000
5100
3300
3300
3900
4400
3200
3200
3200
4900
3300
3200
3100
3000
7900
3100
3200
3100
5100
3800
3400
3600
3400
4300
3500
3300
3400
3500
3600
3500
3400
3400
3400
3700
3500
3400
5100
5000
3700
5300
3700
3900
3700
4500
4000
3700
3800
4800
3800
5000
4700
4000
3800
3700
6200
4100
4000
4000
4100
4000
4000
10300
4100
4200
5900
4400
4000
4000
4200
4400
4000
5600
22500
3300
3200
3200
3700
3300
3200
5400
5200
3400
3100
3100
3400
3300
3200
4900
3200
3400
7300
4500
3300
3900
3400
3100
3300
3100
3400
3700
3200
3100
7600
3100
3100
3100
3100
3400
3900
3500
5200
3800
3700
3500
4400
3600
3500
3500
3400
3300
3500
4200
3400
3500
3500
3400
5900
4800
3900
4000
4000
3700
4200
4700
3900
3700
3800
4800
3900
5000
4900
3800
4800
5200
8800
6700
6200
6500
6000
6100
6000
14900
6300
4000
5500
4200
4200
4000
4300
4100
4000
5900
23200
3300
3500
3200
3400
3500
3500
5100
4900
3200
3200
3400
3400
3200
3200
5100
3400
5000
8100
4200
3300
3300
3400
3500
3300
3200
3300
8700
3200
3200
3100
3400
3200
3800
3200
4200
4200
4000
3800
3900
3600
3500
4800
3500
3500
3600
3700
3400
3600
4800
3500
3700
3400
3700
6100
4000
3900
3900
3700
5100
3800
3700
4100
4100
4500
3800
3600
3900
3900
3800
3700
3900
6100
4000
4300
4000
4000
4200
8600
6000
4100
4000
6000
4100
4300
3900
4000
4000
4000
5900
26400
5800
5800
5300
5500
5600
5400
8500
8400
5300
5300
5200
5700
5200
6200
8300
5600
5400
11500
6200
5500
5500
6000
5500
4400
3300
3200
8300
3500
3100
3100
3200
3000
3100
3100
3100
4200
3600
3600
3900
3500
3500
4500
3600
3500
3600
3700
3700
3600
4200
3700
3600
3500
3600
6000
4000
3900
3900
3900
4700
4000
3700
3900
3900
3800
3900
3700
3900
4400
4100
3700
3700
5400
5600
4200
4300
4000
4000
4100
11100
4100
4300
4200
5400
4200
5600
5900
4400
4100
4300
27900
3400
3300
3300
3400
3500
3300
5200
4900
3500
3100
3200
3400
3300
3200
4900
3200
3700
7900
3900
3200
3500
3400
3100
3200
3400
3200
3700
3300
3900
3200
3200
3200
3100
3100
3300
3800
3500
3700
3600
3600
3800
4500
4000
3500
3600
3500
3500
3500
4500
3500
3500
3500
3700
5900
4000
3800
4000
3600
4800
3800
3700
3900
3800
3800
3800
3700
3700
3900
3800
3700
3600
6100
5400
4400
4100
4000
4000
8900
5300
4400
4100
4200
5400
4100
5600
5800
4200
4300
4000
21900
3400
3200
3200
3400
3300
3200
6400
5100
4700
7400
4200
6100
4500
4900
4500
5100
7400
12700
3600
3400
3300
4100
3400
3300
3200
3600
3500
3900
3300
3200
3200
3400
3700
3300
3400
5000
3800
3800
3700
4400
3700
4600
3500
4800
3600
3700
3600
3600
4800
3700
3800
3700
3800
5500
6200
4300
4200
5600
4200
4000
4600
4500
4300
4000
4000
3900
4200
5100
4500
4200
4400
6500
4300
4300
4300
4700
4500
4400
4200
4100
4400
4300
4200
6700
4200
4400
6000
5000
6500
35000
9900
8100
9100
5600
5300
7800
5200
7700
5200
5300
6700
5200
5300
7800
7100
5000
7700
14600
3700
3500
3400
3300
3500
3300
3300
3800
5400
3400
3300
3400
3300
4000
3300
3200
3200
4600
3900
3700
3800
3500
3600
4500
3500
4700
3500
3700
3600
3700
4300
3600
3800
3500
4200
5500
4100
4100
4000
9400
3900
3900
3900
4000
4100
3800
4000
3700
4000
5600
4100
3900
3800
6300
4300
4100
4100
4400
4200
4300
4300
4400
4100
4100
4200
6800
4200
4300
6000
4100
4200
22200
5400
5300
9500
3400
3300
5100
4600
6100
3600
3300
3400
3200
3300
11900
3400
3200
5000
9300
3600
3300
3400
3400
3600
3200
3900
4400
3500
3400
3400
3300
3800
4100
3200
3200
3300
4700
3600
3700
4400
5500
3700
3900
3500
4300
3900
4500
3600
3500
3700
3800
4500
3800
3600
5500
4000
4100
3900
5300
4000
3900
3900
4100
3900
3900
3900
3800
4200
4900
4100
3900
3900
6300
4100
4100
4100
4600
4100
4300
6500
4400
4200
4100
4400
7200
4200
4300
5900
4200
4100
22600
9100
5500
5000
3400
3500
5000
3400
4900
3900
3300
3500
3200
3400
5100
3400
3300
5200
9400
3600
3500
3400
3500
3600
3300
3300
3700
3400
3300
3800
3200
3300
3900
3200
3200
3200
4400
3700
3600
3600
4600
3600
3900
8800
4200
3600
4600
3500
3500
3500
3900
4300
3600
4000
5500
4000
3900
4000
4200
3900
4900
4100
5600
4400
4000
5300
4100
5500
4100
4200
4000
4200
6500
4300
4200
4300
4500
4300
4400
4400
4500
4300
4200
4200
6800
4300
4500
10300
4300
4500
27700
5900
5600
5400
3600
3400
5300
3600
5500
3600
3400
3500
3400
3500
5300
3600
3400
5200
10000
4000
3700
3500
3500
3500
3300
3500
4300
3500
3800
3300
3300
9500
4000
3400
3600
3400
5000
4300
3900
4000
4500
3800
4000
3600
4400
4100
4400
3800
3700
3800
4000
4700
4100
3900
5400
4200
4100
4400
4400
4400
5500
4100
5700
4300
4400
16300
4700
5600
4500
4300
4100
4200
6400
4700
4500
4900
6400
9300
4500
4600
4400
4500
4400
4400
4700
4300
5900
5000
4500
5600
17100
5400
6000
5300
3500
3600
5300
3700
5300
3700
3600
3900
4900
3600
5500
3600
3400
5300
13300
3900
3600
3600
3900
3500
3500
3800
4600
3400
3500
3500
3400
3400
4400
3700
3500
3600
4600
4000
3900
4100
5200
3900
4000
3800
5400
4100
4800
3900
3800
3900
4000
5200
3900
4000
5500
4500
4300
4400
4200
4400
5800
4200
6300
6400
4300
4400
9500
6200
4500
4400
5000
4600
6300
5000
5000
4800
6700
4800
4700
10500
4700
4600
4900
6400
4800
4600
6600
5000
4900
4600
16000
3800
3800
4100
3800
3800
4200
3800
3700
3900
3700
3600
13200
3900
4200
6400
3800
3600
13100
4700
4500
4300
4200
5400
7500
4800
4100
4000
5500
4700
5200
4100
4100
4100
4000
4200
7700
4800
5100
4500
4400
4600
4700
4500
11500
4500
5300
4500
4700
5900
4600
5700
4800
5900
8600
7100
5300
5200
5500
7100
5200
4800
5000
5000
4900
4900
5200
5500
7300
5100
7300
7200
8200
5600
10400
5000
7200
8500
8900
5400
5700
5400
5400
6000
8700
5600
5400
5500
5300
8000
16900
4800
4400
4100
4800
4200
4300
4500
5200
4200
4300
4700
4200
4300
4500
4300
5400
4500
11300
4700
4300
4200
4200
5000
4300
4100
4600
5000
4200
4100
5100
4800
4300
4800
4600
4700
7900
4700
4600
4900
4500
4500
4500
4600
5900
5000
5800
4500
4600
7500
4900
6100
4700
6300
7300
8200
5300
4900
5000
13100
5000
5000
4900
4900
5100
4800
5000
5600
6800
5000
7100
5200
9000
5300
5100
5200
5200
5300
9400
5400
5200
5500
5300
5200
7600
5600
5200
5600
5300
13500
16600
4400
4600
4100
5100
4900
5000
4900
6000
5100
4900
5000
5100
4900
4900
5200
5300
4900
13200
4800
4500
4600
4200
5000
4700
4100
4800
5200
4100
4600
5200
4900
4200
4900
4800
5100
5600
5100
4800
4500
4700
8700
4600
5900
4600
4500
7700
4500
7800
4600
6200
4600
4600
4600
8500
8400
5900
5000
5200
8100
4900
4700
6100
4900
4900
4900
6200
6700
8100
4900
8200
6600
13500
5600
5200
5100
5600
5300
8400
5500
5200
5300
5300
5500
7700
5300
7100
5700
5200
7800
16500
4600
4500
4200
4700
4200
4100
4500
5600
4300
4700
4800
4300
4600
4900
4300
10200
4400
13100
5000
4500
4300
4200
5600
4400
4100
5800
5000
5100
4300
7200
7700
4700
4800
5000
5200
5700
5400
4900
4800
5800
6300
4900
4500
4600
4600
6500
6300
6300
4700
4900
4600
4700
4700
8400
5300
5100
5100
4900
10700
5000
6900
6800
5600
5200
5000
4900
7800
6400
7200
5100
7200
8100
5200
5400
5100
5300
5300
8700
5400
5600
5600
5400
5200
8000
5600
6000
5300
10700
7900
17500
4400
4600
4300
4500
4400
4100
4200
4400
4000
4100
4500
4000
4300
4600
4200
4500
4300
11700
4600
4400
4800
4100
4700
4300
4400
4500
4900
4400
4300
4600
28400
4500
5100
5400
4700
16500
14800
4900
10500
4800
6300
4600
6600
6400
7300
9100
7400
9000
7300
6600
6700
6300
6800
13500
7300
5300
5100
5600
5100
4900
5100
6700
11300
7400
5400
5300
8200
5000
7100
5300
7100
8000
7600
5600
5800
5400
7700
5500
5300
6300
4900
5400
4900
5100
5300
7300
5000
7600
5200
22000
4400
4300
4200
4300
3800
4000
4000
4000
4000
3900
4100
4000
3900
3800
4100
4100
3800
11400
4400
4300
3900
4000
4400
4000
3800
3900
4300
4000
3900
4000
4400
4000
4000
4300
4000
5100
4300
4400
4800
4600
5600
4400
4400
4100
4100
11000
4700
5700
4300
4300
4300
4600
4200
7800
4700
4600
4600
4700
4600
4500
4500
6200
4900
4500
5300
4700
8800
4600
6500
4600
6600
15300
7300
5300
4900
6000
14400
5300
4700
4800
5300
4800
4800
4900
5000
7700
5100
7000
5000
15800
4100
3700
3800
3800
3900
8600
4000
3700
3900
4000
3700
8300
4900
3800
4600
4000
12800
15400
5700
4200
4100
4000
4200
4700
4000
4100
4000
4000
3800
4000
4400
4000
4700
4100
4300
5900
4600
4300
4400
4300
5300
4200
4500
5400
5600
4500
5500
4400
4300
4200
7900
4200
4200
6500
12700
4700
4800
4600
4600
4700
4900
4500
4500
4700
4700
4600
6200
4600
6200
10100
4600
7500
5600
4800
5100
4900
4900
5100
5500
5000
4800
6800
5300
5000
4800
4900
5000
4800
5100
14600
4300
4000
4700
4100
10500
6100
3900
3700
3800
3700
5800
4100
3700
3500
4000
4100
3800
11000
4800
7000
4100
4400
4000
3700
3900
4100
3900
5600
3800
4700
4300
3600
3800
4800
3800
5600
4300
4100
4200
4200
5000
4200
4100
5000
4900
4100
5200
4800
4100
9200
4000
4000
4100
6400
6000
4600
4300
4500
4500
4600
4400
4300
4400
4600
5100
4400
5800
4400
5800
4500
4700
6600
5000
4700
4600
4600
4900
4700
4900
4700
4700
6600
4800
4900
5700
4800
4700
4800
5000
18800
3700
3700
3900
3500
3600
5600
3900
3600
3600
5200
5800
3600
3900
3700
3600
3700
3600
10800
20800
5100
4200
4300
4600
3900
3700
3800
3900
3800
3900
4400
4700
3800
3800
4200
4100
4900
5700
4300
4100
4300
4100
10300
5000
4100
4800
4400
4000
4100
4100
4400
5100
4200
4000
6100
6000
6600
4400
4600
4300
4400
4300
4800
5000
4500
4400
4600
5600
4500
8700
4300
4200
6600
4500
4500
6300
4500
4400
4500
4700
5300
4400
6300
4600
9500
4600
4500
4400
5000
4700
14000
3500
3700
3600
3400
3700
5200
3500
3500
3800
3400
5200
3500
4100
3300
3500
3700
3600
10500
4600
4000
4000
4100
4200
3600
3800
3800
3900
3700
3700
4100
4400
3700
3700
4300
3600
4700
11200
4100
4300
4000
4000
5100
4100
3900
4000
4200
4000
4000
4200
4200
5000
4100
4500
5700
4500
4300
4300
5100
5400
4100
4300
5600
5500
4300
5400
4300
4300
4500
4200
4200
4300
6800
4600
4700
4500
4400
4500
9500
4700
4600
4500
6000
4900
4600
4500
4800
5200
4600
4600
14100
3700
3500
3500
3700
3400
5200
3500
3700
3600
3400
5000
3800
3400
3400
3600
3500
3500
11100
4400
4000
3900
4400
3800
3700
3800
3800
3900
3500
3700
4000
9400
3600
3700
5500
5200
4500
5100
4000
4000
4100
4000
4600
4500
3900
4200
3900
4200
4000
4100
3900
5000
4600
3900
5600
4700
4200
4200
4300
5200
4200
4500
5100
5400
4200
5300
4400
4300
4100
4200
4100
4500
6100
11000
4500
4300
4500
4400
4500
4500
4300
4400
4500
4600
4500
6100
4500
5900
5200
4400
13700
3400
3500
3700
3300
3300
5300
3600
3300
3500
3500
5000
3400
3600
3300
3400
3500
3600
8800
4100
9000
4100
4000
3700
3900
3600
3700
3700
3600
3800
3900
4000
3500
3600
3900
3600
4800
5000
3900
3900
3700
4000
4800
4000
4000
3900
3900
3800
4300
4000
3900
5000
4100
3800
5200
4300
4400
4100
4200
5200
4200
4200
5200
5300
4100
5200
4800
9100
4100
4200
4100
4500
5900
6300
4500
4400
4500
4500
4500
4600
4300
4500
4600
4400
4500
6000
4500
5800
4700
4400
14100
3500
3400
3600
3400
3300
3600
3300
3400
3600
4900
3400
3500
8000
3400
3300
3500
3500
23200
5400
4200
5100
3900
4100
3700
4200
3800
3800
3900
4100
3900
3900
3800
3600
4400
4100
6200
4300
4400
3900
5000
4700
5200
4000
4300
4000
3800
4000
4300
5000
5100
4100
4700
10400
6500
4500
5600
5500
4400
4500
4400
4300
4300
4500
5600
4200
4300
4400
21200
4500
4400
4400
7200
4900
4700
4600
4600
6200
4600
4900
4500
4400
5800
4600
4600
4600
4400
4600
9500
5200
17300
3700
3800
12700
3500
3500
3500
5100
3500
3600
4100
5400
3400
3700
3500
6400
5100
3700
12800
4900
3900
4200
4000
4200
3500
4300
3700
3800
3700
4700
3700
3600
3700
8700
5600
3700
5600
4200
4200
3900
4800
4200
3900
3800
3900
4000
3800
3800
4000
5000
4900
4000
3800
4100
5900
6100
5100
5200
4100
3900
4200
4100
4000
4100
5000
4200
4000
4000
5400
4100
4100
4000
10800
4700
4400
5100
4300
5800
4900
4400
4300
4400
5700
4300
4400
4500
4300
4300
4400
4500
13900
3700
3500
4900
3300
3300
3400
4900
3200
3300
3700
4700
3300
3400
7800
3400
4800
3200
10300
4100
3600
4300
3500
3700
3600
6100
3500
3600
3800
3500
3500
3500
3800
3400
3500
3500
4700
3900
3800
5000
3900
3900
3700
4400
5700
3800
4000
4800
3800
5200
4000
4400
4600
4300
5900
4000
10000
5400
4100
4000
4600
4600
4500
3900
5300
4000
4000
4300
5100
4200
4100
4000
6600
4300
4400
4600
4300
5700
4500
4300
4200
4200
5700
4500
4300
4100
4400
4300
4400
4300
16100
3500
3400
6000
4600
3400
3300
7100
3400
3400
3300
6600
3300
3300
4500
3300
7300
3300
13400
4900
3800
6800
3600
4400
3500
5300
3600
3700
4700
3500
3400
3500
3500
4700
3600
3600
5700
4200
4000
6200
3900
3900
8500
4500
4100
3900
4000
4700
3900
4600
11900
10900
8400
4500
5400
5100
4400
4400
5200
4200
4400
4000
4000
4100
4000
4300
4100
5500
5600
4500
3900
4100
6400
4500
4300
4400
4200
10700
4300
4400
4200
4300
6300
4600
4400
4200
4300
4500
4300
4400
13300
3500
3300
4900
3500
3300
3200
4900
3500
3300
3300
4600
3400
3300
3200
3500
4800
3300
10600
9800
3700
3800
3900
3600
3400
3900
4100
3500
3600
3600
3700
5500
4300
4100
3800
7600
7600
4200
4000
10100
4100
3700
3800
7700
4000
3900
4100
4500
3800
4300
3900
3600
4600
4900
5100
4200
4100
4200
5600
4300
5000
4100
4100
4200
4000
4000
8700
5200
5300
4500
4000
4100
6000
4300
5800
5700
4400
4300
4300
4400
4300
4400
5800
4200
4300
4500
5400
4400
4400
4400
13300
3500
3400
4900
3600
7900
3400
4700
3400
3600
3400
6300
3400
3500
4300
3700
4900
3200
10500
4600
3600
4000
4100
3700
3300
3800
5700
3800
3500
3400
3600
3500
3600
3400
4600
3400
4300
4100
3800
4700
4600
3700
3700
4500
3800
3900
3800
4900
8500
11000
3900
3700
4500
4300
5500
4100
4000
4000
5200
4000
4400
4100
4000
3800
4000
3900
4000
5300
5200
4100
4100
5700
5500
4400
5600
6000
5700
4300
4300
4300
4200
4200
5800
4200
4200
4200
5200
4700
4300
4300
13400
3600
3600
3200
3800
6100
4500
3900
4400
3800
39800
5700
4200
3800
4100
4200
4000
4200
