674200
29800
32300
30200
38200
28400
26500
34500
39700
42700
29300
28300
30500
46700
33800
25700
28900
31600
54600
26400
26400
32100
27000
44400
25600
34000
26800
25500
26300
28700
36300
28700
26100
44000
27900
36800
47800
28800
27500
61800
35200
28200
28800
26300
33200
26000
46000
26800
21800
19300
16900
23400
897400
25800
40000
65800
21200
18800
18000
18400
17600
18000
17300
17800
18100
18600
18300
18200
20600
22700
26600
16600
39100
31100
19700
17600
23200
45800
19500
35900
20000
18500
19600
18700
17900
19600
18200
18100
38500
20100
13000
11600
14900
10400
13200
28500
13300
13100
30900
12800
9900
9800
30800
12700
11200
11400
10600
10400
27000
12600
11900
16200
15300
30800
16500
15200
12900
12300
14000
12200
11700
13000
11800
26000
12900
12400
19900
30900
15100
29300
15100
14300
20600
15100
13300
12200
25700
15300
12800
14700
12900
13900
18900
12800
23300
30300
23600
21800
21300
20100
20400
20700
22400
22300
21800
27200
26300
22400
25200
23800
23000
20600
46300
28100
29900
23800
23400
47400
24900
60200
26900
24000
24600
23300
22800
23900
22300
24000
69500
24900
16800
10900
13300
10100
11900
17800
22600
12800
11200
10900
10000
10100
10200
11300
10900
12700
12700
12300
33800
17500
36700
16600
19700
14100
15100
13400
24200
22000
15100
14000
13400
15400
12900
13300
13000
13200
28400
18200
18000
36300
19100
53900
21700
20100
18900
18400
35700
28100
20100
21200
20400
18900
21000
19100
27200
41000
25300
20700
21700
19600
19200
19100
20100
20000
19200
22800
20700
22300
22500
21500
20400
20300
31400
26600
23300
24900
22900
47200
25800
42100
24800
23700
23200
24000
26100
24200
22500
25600
43200
27400
13100
11500
11400
55800
13600
17400
10700
10600
9700
10000
9100
9100
9300
10400
12600
12300
10200
10300
37900
15200
19100
11300
11900
10700
9900
10000
18800
17800
11400
11700
10100
11800
10400
9800
10100
10200
12600
12900
15800
11400
10500
24400
18100
13500
12400
21600
11600
19300
11300
13200
12600
26800
13300
13700
22500
34000
16700
14700
15500
13800
13900
12500
12500
12200
12800
21700
13400
11700
12600
15500
11300
10600
18600
14500
12400
11700
12000
38600
14200
42000
13900
12600
16400
11800
12200
12300
12700
12800
28500
14400
8100
6000
6100
8400
7100
9500
6200
6700
6200
6300
6100
6200
6300
10200
6200
7800
6900
6800
17600
9500
11300
10600
8400
8400
7300
6100
12700
13200
8700
8100
7400
8100
7300
7600
7600
7700
9800
7900
8200
9000
8200
35000
12200
505400
23900
11200
8600
9100
8400
198500
18500
25300
32900
16100
18700
181500
17700
35000
11600
10600
9100
10200
9300
372800
28100
10500
8800
9000
9000
183100
25600
19100
24300
16700
12500
10300
15500
22900
11000
53200
30000
16100
10900
10500
13700
11900
10900
10700
20700
15000
9700
5300
4700
5700
6500
30700
4800
7100
4200
4700
4100
4200
4600
4500
5300
4800
4600
4500
19800
5300
9100
5100
7000
5200
5800
4900
9000
8300
5500
4800
6100
5300
5300
5400
5600
6600
7800
5900
23600
6900
6000
13100
6400
7400
11800
6500
8800
7400
6900
7300
6800
13600
6600
7000
10600
7600
8600
25800
7900
9100
7500
9500
8300
7900
16700
8200
7700
7900
8300
7800
8000
8000
12300
35900
12800
8700
9200
8800
8200
8400
8500
8600
8800
8900
8800
20200
10700
13700
9000
8800
34900
100900
33300
48900
50200
19200
22700
19800
17800
16700
16400
16100
20900
16500
16900
17900
16300
34000
13700
9000
8400
8400
8100
8000
11500
8100
8000
8000
8900
8000
15300
17900
8200
12400
8200
8400
10600
9600
8900
13000
8600
19000
8900
8500
13900
9700
10200
14800
8900
8800
9000
8600
26700
9000
11600
9400
9100
14800
9200
11500
9300
12300
25100
13600
9500
9500
13000
9600
9700
9300
9500
9500
117800
6200
6000
12800
7500
14400
14800
6400
6200
6200
13900
6200
15900
7100
7000
19100
6300
6200
11900
7300
7300
8900
6700
13000
6800
6800
6800
6800
6900
6700
6800
18800
29100
8200
7100
7300
8800
8500
7700
7700
7700
7700
12000
7800
17000
8000
8400
8100
8000
9500
8100
9300
8300
8300
9900
8900
22500
11500
8800
25200
8400
8400
17800
8600
8200
10600
8400
19900
8400
11500
10500
8600
10700
9100
9100
11200
9200
20800
9000
8900
11700
9200
8800
9000
9100
9100
9100
17900
9400
9300
88800
5600
5400
8900
6300
10300
14500
5800
5900
5700
9400
13200
9700
6500
6300
5900
6100
6000
11800
7200
6400
7300
6500
7100
6500
6900
13300
6500
6500
6400
6800
6500
7300
7400
6800
6900
7800
7300
7200
9500
7100
14500
8700
8800
7100
7200
7200
7300
7600
7300
7500
12200
7300
8900
9700
15200
16000
10200
5300
5600
5200
4800
7100
5100
4900
8000
5000
5000
4900
5000
6800
5900
7000
5400
5300
7600
5200
5700
5200
5200
8000
5300
5200
5100
5300
7900
5300
5100
5200
5500
29400
3600
3300
6000
3500
6900
6700
3500
3300
3200
6800
3500
8100
3500
3300
3200
3300
3400
8000
4900
4500
5400
4200
5600
4400
7000
4200
4100
4100
4300
4300
4700
5000
5100
4400
4100
5400
4600
4900
6300
4700
6000
6800
6200
4600
4500
4500
5300
4500
4500
4700
6000
4500
6700
6300
5400
5000
5000
4900
5100
7100
5100
4900
4900
5500
5400
4900
8600
8100
8700
5100
6000
8200
6400
5300
8800
5500
6400
5300
5200
8700
5600
6100
5300
5500
5400
6400
5500
5200
5800
29900
3400
3200
6600
3600
7900
8200
3400
3400
3200
6600
4100
8600
4200
3300
3300
4200
3400
7200
5400
4300
6200
4200
5000
4300
5200
4500
5600
4100
4200
5100
4200
4900
4900
5100
4300
5100
6100
4500
7500
4700
4600
6700
5700
4600
5600
4500
4500
4700
4600
4800
6100
5400
5800
7000
6100
4900
4900
5400
6000
6600
5700
4900
5000
4900
8000
4900
7200
5000
7300
5200
4900
6700
5200
5600
7400
5300
5200
5300
9100
7900
5600
5200
9700
5400
5600
5300
5300
8000
6100
24500
3300
3200
6200
6200
6800
6800
3600
3400
3200
6000
3400
7400
3700
3700
3200
3300
3300
7000
5300
4400
8100
4200
6900
5800
4400
4300
4200
4200
4200
4100
4500
5200
10000
3700
3000
4100
3500
3800
4700
3500
6900
5400
5100
3600
3400
3500
3800
3400
3400
3800
4800
3500
4900
4800
3900
4300
3800
3800
3700
6200
3700
3600
5200
3800
3700
3700
5700
4000
5500
4200
3700
5500
4400
4200
6600
7100
4000
4300
4300
7400
4100
4100
6500
4400
4100
4100
4100
6800
4100
23900
3600
3500
6800
3300
3400
3500
3200
6400
3400
3300
3300
3400
3100
3200
3300
3100
3400
469700
17200
5400
5100
4800
5000
5000
4800
5300
5100
27500
5000
5200
5000
4900
5100
4800
5100
7800
5500
5100
7500
5300
5400
7100
5500
8700
5600
5400
7000
5600
7400
7500
5400
17200
5300
99900
6700
7300
9800
5900
5900
10700
5800
9000
7600
6800
5900
5600
5800
13000
6800
5900
6100
54700
707600
19200
9000
7700
7000
6600
6600
6900
6800
36100
7000
6400
6500
6600
7300
6400
6200
65500
9400
5400
5600
5300
4900
17400
5000
22400
4900
5300
5100
5900
8300
7600
5400
8500
5100
18000
5200
4600
4700
4700
5400
5000
4800
4700
5000
4700
22300
5800
6100
4800
4900
5200
4900
10500
5700
5200
7000
6500
5400
6800
5600
23100
5600
5200
17200
5800
5600
7200
5700
6900
5700
15600
6300
6200
6600
6900
7200
6400
6400
9200
6100
6000
6800
6100
6000
17200
6300
6000
6000
12700
6800
6800
6300
9700
6700
6600
6500
7300
6500
9500
6700
6800
6500
6100
6500
6500
6300
43300
13600
16400
6000
5300
5100
5400
4800
10300
5500
5600
5000
5200
8700
18900
5100
9000
5500
9100
5100
5100
4800
4900
6300
5700
4900
4900
5500
5000
5100
8900
6100
4700
5100
5100
4800
6900
5500
5700
5500
7100
5600
5700
5400
11200
5900
8000
6400
5800
5600
5400
5400
5600
5400
8700
6300
6100
6200
6600
6300
6100
6100
5700
5800
6100
5800
5100
6000
9600
6500
6500
6100
14800
6300
6500
7300
6300
6600
6400
6200
7000
10100
9400
6700
6200
6600
6400
6600
6200
7000
48600
10800
5500
5900
5400
5000
5700
5500
10600
5100
5000
5200
5600
8800
8500
5500
9000
5700
8900
5000
5000
4800
5000
5000
5400
4900
4900
4900
4700
5200
4800
5200
4900
5100
4700
4600
6300
5400
5300
8400
5300
10000
5200
5200
5100
5500
7600
4000
5800
6500
6600
5600
5500
5700
8000
6900
6000
7700
5900
5800
7900
5900
6200
5800
5900
7300
6100
5800
7200
6200
7300
6000
12400
7400
6600
6800
7100
7700
7200
6600
6500
6700
9300
6500
6600
6800
6400
6800
6500
6200
42300
8200
5300
5300
5300
6000
5200
5200
9300
5600
5400
5900
5800
8300
8300
5400
8100
5300
7800
5600
5300
5300
5400
6000
6300
4500
4200
5000
4800
4600
5000
7300
4700
4900
4900
8800
6100
5500
5600
5500
5500
5300
5600
5300
5200
5300
7400
7900
5400
6000
6300
5900
5200
5400
7700
6100
5800
7800
6200
6200
7900
6100
5900
5900
5900
7600
6000
6100
7800
6200
8500
6400
8800
6600
6500
6700
7400
6300
6600
6500
6600
6500
6400
10600
6300
6500
10500
7700
7900
7600
47900
9700
17500
5600
5400
5500
5200
5100
9800
4800
5400
5100
5700
8200
8100
5300
8500
5200
7800
5300
5600
4800
5000
7000
6600
10100
4500
5000
5300
4900
4900
7100
5100
4800
5500
5500
6800
5600
5400
5700
5200
5300
5400
5600
5400
5600
8100
5600
5500
5900
7500
5400
5400
5700
7700
5800
5700
8300
6000
6000
8500
6500
6300
5600
6600
10900
6600
6200
8100
6100
7900
5600
9000
6500
6700
6600
6600
6800
6200
6500
6900
7700
6700
6300
6900
6600
10300
6600
6600
6800
43100
5700
5300
5700
5400
5400
5300
5500
5200
5400
10000
5800
5200
5500
5500
5600
6200
5200
15100
6100
6600
5300
5100
6100
5100
5000
5800
5200
4900
5000
5200
4900
6500
6000
5200
5900
11100
6000
8000
5900
6000
5900
10400
6200
5900
6100
5900
6000
6200
5800
5500
5400
5900
7700
9300
6200
6300
6500
13200
6300
8800
6400
6100
6000
8900
6500
6400
6500
5900
6800
6400
6900
10100
11900
11500
7900
7000
10600
9900
6600
10300
6800
6800
7100
7500
9900
7100
9700
7000
6800
44600
6000
5500
7000
5500
5600
14100
7300
6000
5800
7000
5300
11700
8400
5700
5700
12500
8800
11300
5200
7800
6400
4700
8300
5000
5100
5000
4800
7900
4900
5600
5700
6000
6000
5200
5700
12400
11000
8000
5800
6000
5700
7400
6000
6000
5900
5600
5600
11400
5800
6100
5700
8800
8900
9900
5800
6100
6700
9000
6700
8300
6400
6400
6100
8800
6300
6300
6600
6400
6400
6400
8700
10300
11900
15500
7100
7900
9800
9800
6700
10000
7100
6700
7700
7100
10000
7000
10400
6900
7500
41500
5800
5800
5700
6600
5600
10200
5900
5800
6000
5600
5500
10300
5500
9800
5800
10700
5600
10300
5200
6200
6000
5100
5200
5400
5200
5100
4900
5100
519800
18900
4800
4200
2900
3300
2900
6600
3800
4800
3600
3500
4600
3500
4100
4400
3500
3000
3100
3000
3700
4000
3300
3000
5500
5400
7900
11400
3800
4700
8200
4700
3700
3300
3400
5000
3500
3500
4400
3500
3400
3500
3600
6300
6800
6600
3900
3700
5600
5400
3600
5500
3800
3800
3700
3800
8500
4000
5400
3700
3600
25700
3400
3200
3000
3000
3200
5300
3200
3300
3000
2900
2900
5800
3100
3000
3300
5700
2900
7200
3000
3600
3600
3000
2800
2800
2800
2900
2600
2700
2700
2800
5600
2800
2700
2700
2700
5000
3500
4000
3300
3300
4100
4000
3200
4000
3100
3600
3100
3200
3200
3000
3200
3000
4100
6300
3600
4500
3500
3400
3300
4600
3400
3300
3600
3500
3400
3400
3600
3300
3300
3500
4700
8600
6500
6900
3800
3700
5400
5300
3700
5400
3900
3600
3700
4300
5400
3900
5600
3600
3700
23200
3300
2900
3300
2800
3200
5300
3100
5700
2900
2800
3400
5400
2900
2900
3300
5500
2900
8100
3000
3800
4000
2900
3100
2900
2900
2700
2700
3000
2900
2700
2800
2800
2800
2900
2700
5100
3300
4600
3200
3300
4200
3500
3000
4600
3100
3500
3000
3800
3100
5900
3300
3000
5000
6500
3600
4900
3600
3400
3400
5000
3500
3900
3400
3400
3600
3400
3400
3400
3700
3400
5000
5400
4000
3700
5900
6000
4000
5700
3600
3700
4400
8500
3900
3900
4000
3700
3700
4000
3800
24000
3000
3000
3000
2700
2900
5800
3000
3200
3100
2800
2700
5700
3000
2900
3200
5400
2800
7900
3200
3700
3500
3200
3000
3800
2800
2900
2800
2700
2800
2700
2700
5900
2700
2600
2800
4600
3100
4200
3100
3000
4100
3400
3200
3900
3100
3000
3000
3200
3300
3000
3300
3400
4300
6200
3500
4600
3500
3400
3400
6000
3500
3300
3600
3300
3400
7200
3900
3300
3400
3500
4900
5300
6700
3600
4200
5400
3900
6100
4000
3600
3600
7100
4000
3600
3700
4400
7400
3800
3700
21200
6500
6800
3300
2900
5300
5000
3100
8700
3200
2900
3100
2900
5400
3000
5300
2900
3300
10700
3200
3200
3100
2900
3800
2900
3000
2800
3000
2900
3800
2900
3000
2900
3500
2900
2900
4400
4100
4000
3300
4300
4000
3400
3300
3100
3200
3700
3300
3100
3200
7900
3500
3400
4400
6600
4000
3600
3700
3600
3400
3600
3400
3700
3500
3600
3300
4800
3500
3700
4600
3500
4800
8200
6800
4100
5400
3900
4000
3700
3900
3900
3600
3800
4200
3700
3800
3600
3900
3700
3900
25100
5100
4900
3400
3100
3000
2800
3300
2900
3000
2900
3000
3100
5100
3200
3100
2900
5800
7500
3000
3400
4300
2900
2800
2900
2800
3200
3300
3400
3200
3000
3400
2900
2900
3100
2800
4400
4400
4200
3100
3500
3900
6000
3200
3000
3200
3900
3500
3600
3300
4000
3200
3000
3000
10500
3500
3600
3400
3300
3400
3300
4100
5000
3300
4100
3500
4500
3600
3300
4500
3600
4600
7800
5400
3800
5400
3700
5500
3900
3600
4000
3500
6500
3600
3700
3600
3700
3600
3600
3700
22300
5000
5100
3200
3000
2900
3000
2900
2900
2900
3000
2900
2800
5200
3200
3100
2900
5100
7300
3400
3000
2900
3000
2900
3100
2900
2900
2900
3700
3000
2800
3700
3000
3200
3000
3800
7100
3300
3300
3300
3100
3300
3200
3400
3000
3000
3100
4300
3200
3300
3400
4100
4700
3400
5900
3600
3400
3400
3400
3300
3600
3400
3500
3400
3600
3300
5300
3400
3400
4900
3400
4800
7100
5400
3700
8500
3700
4000
3600
3600
5500
3800
3700
3600
3900
3800
3600
3700
3700
3900
21600
5400
5100
3100
2900
3000
2900
2900
2900
3200
2900
2800
2800
5200
3000
2800
2800
4800
7400
3400
3100
3000
2900
3200
2800
3000
2800
2900
6600
2900
2800
3700
2900
2800
3000
2800
3800
3200
3400
3200
3100
3100
3100
3600
3200
3400
3400
4300
3300
3200
3300
4100
3300
3400
4300
4800
4900
3400
3400
4600
3500
3600
3400
3400
4700
3900
3500
3400
4600
3500
4100
3400
9900
5500
3800
5300
3900
3800
3600
3700
3900
3700
3600
3500
3800
4100
3600
3700
4100
3700
22400
5000
5000
3100
3100
2900
2700
3000
3000
3200
2900
2900
3100
5300
3000
2800
3000
4500
9800
3100
3400
2900
3300
2800
2800
2800
2800
3000
3300
4000
2800
3600
2800
2900
3000
3100
3600
3200
3400
3000
3200
3200
3300
3300
3300
3500
3200
4200
3200
3000
3100
4200
3200
3100
4500
4700
4700
3600
3400
4600
3600
3400
3600
3400
4600
3300
3300
3400
4800
3500
3400
6600
7200
3800
3700
3700
4000
3800
3700
3800
4000
3700
3800
3800
5400
3900
3700
5200
3700
5700
21400
5200
5000
4700
3000
2900
3400
3100
2900
2800
2800
3500
3000
7700
3000
3500
3400
4900
6400
4300
3000
3200
3000
2900
2900
2900
3100
2900
3500
3000
2800
3500
2800
3100
2800
2900
3600
3300
3100
3000
3100
3400
3300
3200
3100
3000
3300
4100
3400
3000
3100
4100
3400
3200
4300
4700
4600
3600
3600
5100
3400
3500
3400
3500
4500
3600
3600
3500
4600
3500
3400
3400
6700
4000
3700
3600
3600
4400
3600
3800
3800
4100
3700
3700
5400
3700
3800
5300
3700
5600
26200
5400
3100
7800
3200
3200
2800
2800
2900
2800
4200
2800
3100
2900
2800
3000
4200
3100
8600
3300
3000
3600
3200
3100
3100
3100
2900
3100
4000
3100
3400
6700
3000
3000
2800
3100
4200
3600
3300
3200
3200
5200
3500
3300
3200
3300
3100
3200
3200
3500
4400
4100
3900
3400
5900
5900
4700
5100
4600
4700
3700
3400
3600
4800
3500
3400
3700
3400
3500
3600
3400
3800
5800
4000
4100
3900
8700
5700
3800
4100
3900
5500
4500
3900
4000
5500
3800
3800
3900
3900
22900
6300
3500
3000
3100
3300
5900
8000
3400
3000
5000
3000
5100
3400
3200
3200
5100
3100
7100
3200
3300
4500
3100
3000
2900
3000
3800
3500
3000
3000
2900
3000
3500
4600
3200
3000
4400
3200
3200
3400
3200
3200
3200
3100
3300
3200
3100
3200
3100
3400
4200
3300
3500
3300
6200
3700
6000
5600
6000
5400
3600
3500
4600
4400
4500
3600
3500
3400
3400
4600
3500
3500
7200
3800
4000
3900
6900
6400
4800
3900
3700
6600
3900
4700
3800
7200
3800
3800
4000
6500
24600
6100
3000
3000
3100
4200
6200
5100
3600
3100
5400
3100
4900
3100
3100
3300
5500
2900
7400
3100
3300
3100
3000
2900
3000
3200
3000
3400
3000
3000
3400
2900
3200
3600
3300
3000
6700
3400
3200
3600
3200
3400
3300
3500
4200
3500
4000
3300
4100
4100
3500
3200
3100
3200
5200
3700
4800
4900
4600
4400
4000
3500
3500
5200
3500
3400
3400
3700
3500
3500
3500
3500
6000
4400
4000
3900
5500
8400
4300
3900
3700
7200
4000
5200
3800
5300
3600
3900
3800
3800
25000
6100
3200
2900
2900
3000
5900
5600
3100
3200
5700
2900
5200
3100
3500
3000
7600
3100
7000
3100
3000
3000
3200
3000
3000
2900
3100
3800
3000
2900
3000
3100
3600
3800
3200
4300
4000
3400
3700
3400
3400
3100
3600
3300
3700
3400
4300
5300
4400
4500
3300
3300
3500
3300
5300
3600
3600
3800
3600
3500
3600
3800
3500
3600
5100
3900
3500
3400
7900
3600
3700
3800
6000
4100
3800
4000
5800
5500
3900
4000
3700
5500
4300
3900
3800
5500
4400
4600
3900
3900
21900
5800
3100
2900
3300
3700
5800
7800
3200
3000
5000
2900
5100
3000
3000
3200
5000
3000
6300
3100
3000
3300
2900
2900
3000
3500
3200
3600
3000
3000
3000
3000
3500
3800
3100
3100
3900
3400
3300
3500
3200
3200
3300
3300
3300
3300
4800
4700
4500
4400
3300
6200
3200
3300
4600
3700
3600
3700
3500
3500
3700
3600
3500
3600
3500
3600
3400
3800
5200
3600
3900
3800
5900
3800
5600
5500
5400
5500
3900
3900
3700
5300
3900
3800
4000
3900
3800
3800
3700
4100
24700
5700
3200
2900
3200
3000
5900
5200
3600
3100
5000
3100
5100
3000
3000
3300
4900
3000
6400
3300
4400
4400
3100
3400
3000
3300
2900
4000
4700
3000
2900
3100
4200
3700
3200
3000
3900
3300
3700
3300
3400
3300
3500
3200
3300
3300
4700
3900
4300
4600
3300
3400
3200
3200
4600
3800
3900
3600
3500
3700
3800
3600
3500
3400
3600
3400
3500
3500
5400
4300
3600
3600
5100
4100
5800
8300
5500
5700
4000
3900
3800
5500
4000
3900
3800
4000
3700
3800
4000
3900
22000
3300
3100
3100
5900
5500
3100
3200
3100
5200
3100
3200
4300
5300
3000
5800
3100
3100
11100
3400
3300
3800
3200
4400
4000
3300
3300
3100
3200
3100
3400
3000
3100
3900
3400
3200
4700
3500
6400
3400
3300
3600
3700
3400
3500
3500
3500
3300
3300
3300
3300
3600
3400
3300
5200
4000
4400
8000
3700
3600
3700
3900
3600
3600
3700
5200
3800
3900
3700
5200
3800
3800
6300
4100
4400
6200
4900
4200
4000
4500
4200
4600
6200
4000
4000
4100
4100
3800
3900
4100
24700
3600
3400
3100
3400
3400
3100
5900
3200
3100
3300
7200
3200
5700
5200
3400
3300
3800
8800
3900
3500
3100
3100
3100
3700
3500
3500
3600
3100
3200
3200
3200
3400
3000
3700
3100
4700
3400
4600
3500
3300
3200
3500
3500
3300
3400
3600
3300
3300
3200
3300
3300
3400
3300
7600
3700
3700
5600
3600
3600
3500
3900
3500
3600
3600
5800
3800
4100
3700
5200
3700
3500
5700
3900
4000
5800
4100
3800
4000
3900
4100
4200
5700
4000
3900
4000
3900
3800
3900
4200
24800
3100
3200
3100
3400
3200
3100
3100
3100
3000
3000
9500
3000
5200
6600
3600
3200
3100
7200
4000
3400
3100
3100
2900
3500
3400
3400
3400
3100
3200
3700
2900
3400
7100
3400
3100
4100
3600
3900
4200
4500
4700
4600
3700
3500
3400
3300
6300
3500
3300
3600
4500
3400
3300
5300
3800
3800
5400
3600
3800
3800
3700
3500
3600
3800
5200
4000
3600
3600
5100
3900
3500
5700
4100
4200
5800
3900
3800
5400
4700
3900
4100
6000
4000
4200
4100
4000
4400
6700
4000
22400
3300
3200
3300
3300
3400
3200
3300
3400
3700
3300
5300
2900
5400
4900
3400
3200
3200
8600
4000
3300
3200
3400
3100
3900
3800
3700
3500
3100
3900
3200
3000
3400
3300
3700
3100
4200
3500
3400
6400
3500
4800
4900
3800
3500
3500
3500
3600
3400
3400
3400
4500
3500
3600
5200
3800
5500
3700
3600
3700
3700
3700
3700
3800
3700
3600
4100
3800
3500
3700
3700
3900
5700
4200
4000
5700
3900
3900
3900
3900
3900
4100
8400
4200
3900
3800
3900
4100
4000
3900
22600
3300
3500
3100
3100
3200
3200
3000
3100
3100
3300
5100
3000
5500
4900
3300
3900
3200
7300
3700
3300
3200
3200
3100
3400
3500
3600
3400
3100
3400
3000
3000
3400
5600
3800
3100
4200
3500
3300
3600
4100
5800
4700
3500
3600
3400
3500
3300
3600
3300
3200
4500
3400
3200
4700
3900
5000
3800
3600
3600
3600
4000
3700
3600
3700
5000
3800
3500
3700
3900
3700
3800
5500
4000
4100
5900
3900
6600
4200
3900
3800
4100
4000
6000
4100
4100
4100
5800
4000
3800
21400
3500
3200
3100
3100
3400
2900
3000
4000
3300
3200
5200
3100
5200
5300
3200
3200
3100
6800
3700
3300
3300
3100
3000
3800
6400
3600
3700
3200
3200
3200
2900
3600
3100
3400
3300
3800
3600
3500
3500
3400
4800
4900
4100
3300
3300
3500
3500
3400
3500
3500
4400
3600
3300
4700
3700
5700
3600
3900
3700
3700
5300
4100
3700
4200
3700
3700
3600
3700
3900
3600
3600
8800
4200
4600
6000
3900
4100
3800
3900
3900
4300
4000
8100
4000
4000
3800
5800
4400
3800
23500
3300
3400
6700
3300
3100
3900
3200
3200
3200
5900
3100
3200
3400
3100
3000
3200
6100
12400
3800
3900
3100
3300
3200
3600
3200
3300
3200
3100
3300
3200
3200
3200
3100
3200
3100
4900
3500
4200
3700
3300
3400
4600
4200
3300
3500
4300
3500
3400
3500
4000
4200
3700
4200
5500
8400
5300
4000
3800
3900
3700
3600
3600
4000
3900
3600
3700
4400
3700
8700
5500
3800
6100
4100
4300
3900
4100
4100
4100
3900
4300
5800
4000
4000
6000
4300
6000
4300
9800
4000
22000
3400
3500
3400
3200
3100
3200
3300
3400
3600
3200
3200
3400
3200
3300
3300
3400
5600
7500
3400
3300
4000
3500
3300
3300
3100
3100
3000
3100
3200
3400
10900
3300
3000
3100
2900
4500
3400
4200
3200
3300
3200
4300
4100
6300
3600
5100
3300
3500
3200
3700
4300
3500
4000
5400
4800
5300
3900
3600
3700
3600
3600
3600
3500
3600
3500
3700
5400
3600
5200
5200
3700
6800
3900
4100
4000
3800
3900
4000
4000
4000
8500
4400
4000
6400
4100
5800
4000
5800
3900
14800
3600
3100
3100
3100
3200
9100
3100
3500
3200
3200
5200
5900
3100
3100
4600
4100
7700
13800
4500
3200
4400
4200
3200
3300
3300
3200
3000
3200
2900
4000
4100
3200
3100
3200
3000
5600
3800
3500
3300
3900
3500
3200
3400
5000
3400
3400
3200
3600
3400
3400
3300
3500
3300
5100
5100
5000
4000
3600
4000
3700
3800
3800
3600
3800
3500
3600
4100
3900
5000
5000
5100
6600
3900
4900
3900
3900
4700
4200
3800
3900
6400
4700
4100
8500
4200
6500
3800
6500
4800
14600
3300
3400
4000
3100
3000
2900
3900
3300
3200
3900
3200
3200
3300
4000
3100
3000
8600
9300
8000
3200
3500
3900
3200
3400
3100
3500
2900
3100
3100
3600
3700
3200
3600
3100
2900
5000
5400
3700
3400
3400
3500
3200
3300
3500
3400
3300
3200
3300
3600
3200
3200
3300
3200
4500
3800
4800
3700
3500
3900
5300
5000
3600
3700
8000
3700
3600
4300
3500
4900
3600
5000
5800
3800
3900
3800
4000
3900
3900
3800
4000
5900
3900
3800
5800
4000
5600
4100
5700
4500
13500
4400
5900
3200
3400
2900
3300
3000
3200
3300
3000
3100
3100
3200
3000
3200
3300
5400
9000
3800
3200
3300
3600
3200
3100
3100
3100
2900
3200
2800
3700
3900
3100
3000
3000
3100
5000
3500
3500
3300
3500
3300
3200
3600
3300
3500
3300
3400
4300
3400
3500
3500
4200
3300
5400
3800
5800
3600
3600
3600
5700
5800
3600
3700
5600
3600
4600
4800
4000
5900
3800
6000
9200
5800
6200
4100
3800
3900
3900
3700
3900
4100
3800
3800
3900
4200
3900
5700
5800
3800
12700
3400
3100
3200
3200
3000
3000
3200
3400
3200
3000
3300
3100
3100
3000
3300
3000
5300
10300
3400
3200
4000
3600
3200
3400
3000
3000
3200
3000
2900
3600
3800
3100
3000
3100
2900
4700
3700
3500
3400
3400
3500
3200
3900
3400
3200
3700
3300
3400
3500
3600
3400
3300
3300
4600
5300
4800
3500
3600
3700
4600
4800
3500
3600
4800
3900
3700
4000
3400
7700
3700
4700
5800
5700
5800
4100
4000
4400
3800
3800
4000
3700
3800
3800
4100
3800
3900
5600
5600
4100
12100
3200
3400
3100
3100
3300
3100
3000
3400
5200
3200
3500
8100
3300
5100
3400
5000
3200
10400
3600
3300
77300
7200
6500
6300
8200
6500
4700
4200
4600
5300
4300
4200
3700
3500
3500
5900
4500
4000
3800
3700
5700
5300
3900
3900
3800
3600
6400
8800
4500
7100
6500
5100
3900
6500
8700
4200
4300
4200
3900
4200
4700
5200
4000
4000
4300
6800
3600
5400
3900
3800
3900
8000
4000
4200
4200
4700
4000
4200
6100
4000
4400
4000
5800
4400
4100
4100
9100
4100
4200
13500
3600
3700
6000
3400
3400
5400
3500
3300
3100
3600
3300
3300
3800
3100
3200
3300
5700
8800
3500
3200
3600
3200
3100
3200
3400
3200
3000
11400
3600
3800
16200
4300
3600
3500
6500
4900
3900
3700
3700
3700
4800
5400
3900
3900
3600
3700
3600
3600
3900
3700
6900
4800
4100
5300
3900
3900
3700
3700
3900
3700
4200
3700
3900
5300
3900
4000
3900
5200
4000
3600
3900
7900
4100
3900
4000
7000
4000
4000
5600
3900
4100
4100
6200
4000
3800
4100
6300
4100
3900
14700
3500
3600
5300
3300
3400
6100
3400
3300
3400
3300
3200
3500
3400
3300
3300
3500
5600
9800
7200
3300
3200
3000
4400
3800
3200
3100
3100
4200
3100
3900
4100
4300
3200
3100
3100
4200
3500
3500
4900
3600
4700
4600
4300
3600
3500
3500
3400
3700
3400
4700
3800
3600
3400
5500
3900
3700
3700
4000
3700
3700
3800
4100
4300
3800
4100
3800
3600
9700
3900
3700
4200
7800
4100
4000
4200
4100
3900
4100
5600
4100
4000
3900
6000
4600
4300
3900
5700
5500
18300
23300
3300
4000
11000
3500
3200
5400
3200
6000
3000
3300
3300
3200
3200
3300
3000
3300
6100
16300
4000
3200
3300
3400
3100
3100
3100
3000
3000
3700
3100
3500
3700
3500
3100
3100
3100
5700
3400
3600
11100
3700
4200
12000
3600
3900
3800
3800
3600
3600
3700
4600
3800
3700
14500
5400
3900
4000
3900
5800
5000
5900
4100
4600
3800
3800
4000
4200
4000
4000
5600
5500
3900
10700
4200
4000
3900
3900
4000
3800
5600
3900
3800
4100
6200
5600
6100
3900
10100
6300
3900
15800
3100
3400
5300
3100
3000
5500
3000
2900
2800
3200
2900
3000
3300
3000
3100
3300
5500
10100
3600
3500
3200
3000
3100
3100
3300
3100
3000
4000
3000
3600
3800
3700
3200
3200
3100
4400
3600
3400
4500
3600
4500
7800
3500
3400
3600
3300
3300
3300
3500
4300
3600
3400
3400
4700
3700
3900
3600
3600
5100
5900
3800
3600
3800
3500
3700
3600
3900
3800
5300
5200
3700
5800
6200
4000
3900
4200
3900
3800
4100
3900
3900
3800
6900
4100
4100
5900
4200
3800
4000
12400
3300
3700
5800
3600
3700
6000
3700
4000
3400
3700
3600
4000
3700
3500
3700
3600
5300
9700
3700
3200
3300
3100
3500
3000
3200
3100
3000
4000
3200
3600
6600
3800
3300
3100
3000
4000
3400
3400
17200
3600
4700
4700
3600
3800
3600
3700
3700
4100
3700
4600
3800
3600
3500
5300
3900
4300
3900
3900
9500
5700
3700
3500
3800
3500
3600
3600
4000
3700
5200
5800
3600
8400
4100
4000
3800
4100
3900
3800
3900
4200
3800
3900
3900
3900
3800
5800
3800
4000
4000
13600
3200
3100
3300
3100
4100
3700
5000
3000
3000
3100
5200
2900
3000
3000
8100
3200
3200
12500
3800
4400
4300
3300
5200
3400
3300
5200
3400
3200
3200
3300
3500
3200
3200
3200
3200
5000
3600
3400
3500
3700
4400
3400
3700
3500
5500
3500
3500
3300
3700
3500
3500
3500
4800
8600
4100
3900
3800
5300
3700
3900
3900
3700
3600
3900
3500
4000
4800
4000
3700
3800
3700
6100
4200
4300
4000
5800
5700
4100
6100
4100
5400
4100
4100
5000
18000
5900
4400
3900
6600
13000
5300
5100
3400
3300
3200
3900
4700
3200
4800
3400
3200
3100
4900
3200
3800
3400
3300
10100
4300
3600
4100
3600
3200
3600
3300
3300
3100
3400
3300
3400
3300
6700
3200
3200
4100
5100
3700
3500
3400
3600
4200
3700
3300
3400
4700
3400
3400
3400
3800
3400
3500
3500
4400
5200
4000
3700
3800
4800
5300
3900
3600
3600
3500
3900
3600
3600
3500
3900
3600
3700
3800
5700
4000
6800
3800
5400
5300
4600
5200
4200
5300
4000
4000
4100
5300
4100
4100
3900
4200
11500
4700
4800
3200
3200
3000
3200
5100
3400
7700
3100
3100
3100
4700
3100
3100
3300
3200
9700
3900
3500
3900
3500
3400
3500
3200
3300
3300
3500
3200
3200
3400
3800
4800
3300
3600
5200
3500
4300
4100
3600
3700
4100
3700
4300
3500
3500
3600
3500
3400
3600
3500
3500
3400
8000
5600
3600
3700
4800
4000
4000
3700
3700
3800
3600
3700
3700
3800
3700
3600
3800
3900
5800
4200
3800
3800
5200
5100
4000
5100
4200
5200
3900
4000
4100
5400
4100
4000
6700
4100
11900
4600
4600
3800
3100
3000
3100
4700
3100
4600
3100
3200
3000
4600
3300
3000
3200
3200
8900
3800
3400
3900
3600
3300
3400
3300
3300
3700
3300
3400
3100
3300
3300
4800
3200
3600
5800
3600
4400
5100
3700
3400
4300
3700
4100
4400
3500
3400
3400
4400
3500
3300
3500
4400
5600
3800
3700
3600
4600
6000
3700
3700
3700
5700
3800
4800
3700
3900
5000
3700
3600
5700
10700
4000
4000
3800
5300
5100
4100
5400
3900
5200
3800
4100
4000
5300
4500
4000
4100
3900
11600
4600
4700
3300
3000
2900
3300
4600
3000
7400
3300
3000
3200
4500
3200
3000
3200
3300
9200
4400
3600
3800
3900
3300
3300
3200
3200
3100
3200
3200
3300
3400
3700
3400
3200
4000
5000
3700
4900
4300
3800
3600
3500
3800
6000
3500
3700
3400
3300
6400
3500
3400
3400
3500
4900
3900
3800
3900
4000
5400
3700
3700
4000
5200
4300
3700
3900
3800
3800
3700
3700
5200
5600
4000
4100
4000
5600
4100
4000
4000
3900
4100
4000
3900
4100
3900
4000
4000
4200
4000
11900
4700
4900
3100
3100
3200
3200
4600
3000
4700
3100
3100
3000
4700
3000
3000
3300
3300
7800
4400
3500
3800
3900
3400
3400
3300
4400
3100
3300
6300
3400
3300
4100
3200
3200
3800
5100
3500
5300
4300
3800
3500
3500
3700
4100
3600
3600
3600
3400
3900
3600
3600
4000
3500
4700
3800
3800
4000
3800
5400
8500
3800
3900
17000
4000
4000
4100
4100
4000
4000
7200
5500
6000
4200
4400
4200
5900
4300
9700
4000
3800
4000
3800
3800
4100
5100
4000
3800
4100
3900
11300
3100
3200
3200
4700
5400
3300
5000
3100
7600
3200
3200
3500
4800
3200
3300
3300
3000
