886700
30500
119100
37100
31900
22000
21300
29200
26300
25600
22500
33600
37100
36000
26800
28100
33700
43900
58000
32000
28600
27900
30200
31700
27800
35100
50200
34300
32900
49000
37300
34100
38400
30100
29200
28400
54300
33200
30000
30800
38200
67100
37400
33800
30500
26700
20500
47600
21000
33200
25100
21800
889500
37300
49600
21300
20100
17700
18200
46800
19900
18100
17300
21900
38600
22000
44100
19600
19500
39600
19300
19500
39400
24200
20700
22000
22500
44100
20500
19600
20200
18800
18900
18700
19800
19700
22100
19300
43800
20500
12700
16700
11200
12100
15700
13200
14800
11600
14400
10500
9900
10300
36100
12700
11400
12000
18800
11600
31900
14900
13400
13000
12900
17800
13000
13700
23400
15400
13400
21300
14100
13900
13100
13300
12500
19500
26500
28200
15200
14400
14100
24000
16700
15500
14600
14000
14100
26800
17000
15200
18300
14800
14700
14200
34300
17800
17500
16200
16400
31600
16900
15700
15500
15600
24400
23500
35600
23900
24300
36900
25900
26200
61400
29300
27700
27100
27000
41100
29900
26500
29200
26100
25700
26000
25900
26000
26400
27000
59700
28600
13900
18300
11700
11800
14100
11700
14900
12500
11200
11700
12100
12300
16100
13100
11400
12700
16100
13800
18900
16700
90700
33500
29800
16200
17800
14900
15200
18000
15500
23400
17300
17600
15700
16800
16100
22400
26000
20700
19100
20400
19700
52700
23500
26900
20900
20700
21200
39200
24000
23500
20200
21000
19900
21000
37900
26400
24400
22200
24100
34200
23600
22300
23700
22600
32300
30300
32200
24700
23800
35200
23700
24600
35100
27100
25600
26600
24700
38700
27300
25800
25200
25300
27700
26700
26200
29100
26300
25800
50900
58200
21100
16800
12200
10900
13100
10900
14300
11500
12600
10400
10700
10500
13400
10500
11500
12100
13500
11600
19600
11700
19900
18200
13200
13400
11600
10800
11800
10900
11400
17000
12000
13000
12000
11800
11500
18900
16200
14100
12600
11800
12000
12000
18200
13500
20000
10800
10200
22500
10000
11300
9900
10300
9400
9400
15200
12700
12200
11000
18400
22900
23300
18700
12800
12600
23200
13500
21700
18700
11900
21200
12600
13100
17700
13600
11100
11600
12500
35300
12900
17600
12100
11700
12600
14800
14900
13200
13200
12700
26200
14200
7300
14400
7800
6300
8700
6300
10000
7600
6300
6600
7000
6400
10400
7400
6800
8300
10100
6900
8100
9000
14600
14000
8500
9100
7600
7300
7300
7500
8200
16200
8300
9300
7900
8500
7800
14500
15300
10900
8600
12800
8700
9300
8800
9800
19500
9800
10000
36600
10400
16400
11900
10000
9200
10000
12700
30800
10200
12000
9900
16800
11300
31100
10900
27200
10500
20900
10300
9900
9600
13100
10200
8900
22900
13300
11400
11000
11300
17900
14700
12500
11600
11000
11300
13400
11800
11600
11800
11600
18900
15600
6400
8000
5400
5100
7100
5100
6500
5400
5000
5300
5500
5500
7400
5600
5400
7000
7100
6000
7400
6400
9800
9000
6900
6800
7500
6500
6300
6600
7400
9400
7200
8100
7000
6300
7100
9700
11400
9200
8000
8200
7800
7600
8000
7900
11800
8300
8100
12700
8900
9000
8700
8200
8700
8900
11800
10300
9400
8900
9100
14700
9200
11300
9900
10400
9500
15600
18100
9600
9400
9600
9500
11400
18100
15100
10200
10000
10500
16300
15600
10100
10300
10800
15600
10900
16400
10600
10500
16600
10700
10700
38300
47300
26900
26700
26600
24300
36400
31200
25500
26500
26400
27200
26800
25900
26600
30200
28100
83500
30100
42100
27700
28800
29100
29100
29100
28100
28500
33100
33300
45300
29200
33600
28700
31500
29300
29100
20400
19200
17800
22500
18200
37800
20100
16700
17600
17800
18000
24600
21800
23200
17100
18700
41200
18600
23200
21200
25300
19300
24500
21100
18900
18800
32500
23900
25300
19100
31200
19000
18000
18600
16800
18700
213800
14200
23900
23300
15900
21000
12100
23900
20500
12300
13200
20100
12100
12900
12800
31800
54500
8500
12100
10300
57200
45200
39100
39200
39100
48100
43500
17400
12400
17700
12300
36200
28600
22200
14800
20500
18000
17000
15600
14800
15600
15200
20800
20500
39000
19700
18200
14800
14600
19400
15300
15400
15400
15200
19200
17100
32300
16300
16300
16200
16000
15200
16400
19700
15700
35700
18100
35600
16900
9900
13100
10300
11700
14800
12700
9300
12700
23100
9400
9200
9100
11900
12200
9600
11800
9700
9400
27600
9500
9600
42300
6000
10800
9400
8100
10800
6100
14200
10200
6700
13000
9400
6000
6200
6500
9000
6100
6500
11500
7700
6800
6500
6700
6800
6800
7600
16700
7600
6800
7700
6900
6900
6700
7800
7100
6900
8100
7700
7400
8300
7300
15300
9500
9700
7600
10500
7400
9000
7800
7700
7600
7600
9300
9800
10500
16900
8900
8400
8500
8800
8700
9200
10400
8800
8700
10800
21100
8800
8600
8700
11500
9400
11100
9300
11600
9100
21000
9300
9000
10300
9100
13900
12900
9300
21000
16100
22400
9300
9200
9600
31900
7700
9800
9400
8900
10700
5800
10800
10100
20200
9800
16500
11000
10100
10800
17100
10600
10900
16000
14400
11200
11100
8600
6700
7600
18000
7300
8200
6600
7400
8800
7600
6900
8200
6700
6700
10700
7400
8100
8500
14300
7400
10100
7400
7300
7300
8200
9100
7700
8400
7400
7500
9900
9400
21200
9400
8000
7900
8900
7900
7900
7900
8900
11300
14400
8300
16900
11200
15200
9000
8200
8200
11600
9500
11100
9200
12100
16000
9000
9300
9000
11200
12100
9100
11100
9200
9300
20300
9100
9500
30100
5800
12000
8100
7600
9700
5900
9500
8700
5900
6000
18400
5800
5700
6000
8900
6000
6100
11000
7400
6800
7000
6700
6600
7400
7500
16500
7600
6600
10300
6900
14100
6800
7900
9200
6800
8200
7200
7300
8000
7200
24500
7800
6100
113300
7000
6000
8000
6200
6700
6200
6200
7600
7800
8000
19500
7200
6600
7300
9100
6900
6700
6800
21400
8900
6900
8800
24100
7000
7000
10600
7400
10600
7600
7200
9000
7600
7400
7400
23900
8000
7400
7700
14800
10400
7500
7600
7900
10200
8400
37700
5600
9600
8100
7200
11900
5800
11800
9200
5800
5600
8500
5900
5600
6200
22400
5800
6000
16300
6600
4500
4100
3200
3000
3500
4200
3900
4100
3100
4300
3200
3600
3000
4600
3000
3000
4100
3300
3600
3500
3300
3900
5400
3600
3500
3300
3200
5500
3300
3500
3300
3300
5300
5300
5000
3800
4500
3600
3600
3900
3600
3700
3600
6900
5900
4700
5300
41700
18900
7800
4700
6400
24100
5300
3800
4000
4100
5400
4000
4100
4900
5000
3900
7200
6800
3800
4000
3700
6700
3900
25800
3400
6500
3300
11100
4100
3000
3000
3000
9600
6500
3500
21400
4200
3300
3000
2800
3200
12400
5800
5700
79100
8000
9600
6800
9100
7100
7100
8400
7000
9400
8700
7400
6300
6800
6900
23600
12800
9700
9700
10300
16100
17300
10200
10500
9800
10100
10400
10700
12100
9800
12600
9300
9300
25700
11600
12200
11600
11500
11600
11600
17400
16100
15200
12000
11500
11900
17100
12000
11600
11600
14700
19500
14200
14700
19500
19600
14900
12800
12200
22000
7000
6600
7300
7300
6800
6900
20100
6900
7100
55400
9000
8000
6200
5700
6400
5700
5700
5500
8200
5700
5900
13100
15200
6300
5500
5900
5600
22000
6000
5700
5200
5000
5500
4800
5900
5000
6000
5100
4900
5200
6000
7100
5300
5300
5100
8000
8200
5400
5600
6000
6200
12000
5700
5400
5700
5400
6500
5800
5800
5800
7700
5800
6200
10700
6500
6500
6900
6900
8200
6800
11000
9000
9000
6400
7700
6200
14700
7300
6400
6300
6600
11200
7000
6900
10500
6800
6900
6900
7200
7000
6800
6700
8100
7200
7200
6900
10400
5600
7100
57600
12700
6100
5600
5600
5800
9300
5800
5900
10700
5700
5700
10400
12700
6300
6200
7000
6000
10200
5500
5800
4900
5100
5200
4800
5800
4900
6000
5400
5200
5100
5500
5400
4800
4300
3200
4500
3700
3500
4800
4500
3500
3700
5000
3700
3400
3300
3500
4600
4700
3400
3300
3500
7400
5500
3700
3700
4000
3800
3600
3700
6000
5300
5200
3800
3800
3800
5800
3900
3900
3700
3700
6200
4900
4000
5900
3900
3900
4000
4200
3900
3900
3900
4200
4000
4200
4200
9200
4100
4500
25200
3600
3300
3100
3400
3300
3300
3300
4200
3400
3300
3700
5600
5500
3200
3300
3200
3400
7200
3200
3700
3000
3100
3400
2900
3800
3000
3600
3500
3000
3000
3800
4100
3100
3200
3100
4100
6500
3500
4800
3500
3300
3500
4700
3500
3400
3400
3400
4600
4800
3300
3500
4200
4100
5100
5100
3900
3700
3800
4200
5300
3700
3800
3700
3800
3800
4100
3700
4100
5700
3900
3700
6300
4600
6800
5900
4100
4000
3900
4100
3900
3900
4100
3900
3900
4000
4200
6000
3800
4100
23500
3500
3100
3000
3300
3100
3100
3100
3300
3000
3100
3900
5400
5300
3100
3200
3300
3100
6400
3200
3400
3100
6300
3000
3000
3400
3300
3400
3200
3000
3000
3700
3600
3800
3100
3000
4100
3500
3400
4600
3600
3300
5600
4300
3700
3300
3300
3400
4400
4500
3700
3800
3500
3300
5300
4900
4000
3700
3700
3800
5100
3700
3800
3600
3700
3900
3600
5100
3700
8000
3800
3900
5400
4000
4000
3900
4500
3900
4200
6800
6000
5600
4100
3900
4100
6700
4300
4000
3900
4200
24200
3300
3500
3500
3200
3200
3200
3300
3000
3100
6000
3400
5500
5500
3300
3200
3200
3400
5300
3100
3800
3200
3200
3500
3100
3700
2900
3300
3500
3000
3000
3300
3500
3100
3500
3400
4200
3400
3600
4500
3300
3500
3500
5000
4900
3400
3200
3500
4700
4600
3400
3300
3500
3500
6400
6000
3900
3900
3900
4800
5300
4600
3700
4100
3600
4800
3600
3900
3800
5300
4800
3700
6800
4900
4100
4000
4100
5100
4000
7800
6700
7000
4900
4100
4400
8200
4200
3800
4100
4100
22600
3400
3300
5700
3400
3100
3400
3400
3100
3200
3400
3100
3200
3300
3200
5400
3200
3600
13600
5700
5700
5400
5300
5400
6800
5300
5900
5600
7700
6000
5400
5200
9400
5800
5300
4900
7800
7800
6100
5900
6000
5900
6400
5300
5300
5600
6000
5300
5500
5000
5700
5500
5700
5600
8900
4900
7700
6600
8300
6900
6800
9500
6400
6400
6600
6400
6400
8800
6700
6300
8700
6500
10100
7500
6900
7700
9800
12000
7000
7000
6900
6800
9800
7100
6900
9800
6300
6400
6700
6700
46000
6000
6100
5700
5900
6200
6500
6000
5900
6100
6200
5600
5700
10100
6400
6000
6000
6000
9700
6300
5600
5400
6500
5500
5800
5200
5100
6500
5300
5400
5200
5800
6500
5300
4800
5100
7900
13200
5900
5800
5800
5900
5900
6100
5700
5800
7300
5700
6600
6400
6300
6000
6000
5900
8400
6300
8100
6300
6500
6500
6300
6700
9200
7000
6300
6400
6300
9000
6500
6600
8400
6500
9800
7900
7300
7300
10800
7300
9400
7400
5700
5100
5500
6500
11100
9000
6800
6500
6600
7900
47900
7000
6000
5700
5700
6500
5900
6000
5800
5900
5800
5700
6300
9600
6300
5700
5700
5600
9500
5200
4900
5300
6200
5400
5300
5300
5100
5800
5200
6100
5000
5200
5100
5000
5000
5400
7400
6000
6200
5900
5700
6200
7900
11600
6200
5700
7500
7000
5800
5600
4400
5500
5100
6000
9000
5800
8700
6400
6600
6500
6500
9400
6500
5800
6600
5900
4700
8100
6200
6100
7900
6400
10700
6800
6900
6800
9000
6800
7100
7100
12400
7200
7000
7600
7000
9700
7000
6900
6900
6900
45900
5500
5500
5600
5300
7400
5900
5500
5300
5900
5500
5500
5600
12500
5900
6000
5700
5500
9100
9900
5200
5300
6700
5300
5900
5000
4900
6000
5000
5300
5100
5100
5500
5300
5500
5300
7200
6500
6000
5800
5800
11700
9700
5800
5900
5700
7900
7700
6200
5800
5900
5800
6000
5600
7900
8900
6200
6200
6300
7000
9600
6400
6500
6900
8600
6300
5500
5800
6400
6900
3800
3900
6100
11300
6200
4200
5800
4300
4100
4200
4100
4100
4100
4000
4900
9500
4600
4300
4100
4100
26000
3400
3300
3200
3200
3300
3400
3200
3200
3200
3200
3900
3200
5000
3200
3200
3500
3200
6800
3700
3400
3500
3600
3300
3700
3100
3100
3700
3300
3000
3000
3200
3300
3100
3000
3000
4500
3600
3500
3600
3600
3500
4600
3500
3600
6600
4300
4400
4100
3500
3400
3500
3400
3500
5100
5700
3900
3900
3700
3900
3800
3700
3700
4000
4800
4000
3800
3800
3800
4100
3700
3700
5300
5000
5200
4800
12000
6700
4000
3900
3600
4300
3800
3900
3500
5500
4300
3800
5300
3800
28100
3500
3100
2900
2800
3100
2900
2900
2800
3600
2900
2800
2900
4700
3200
2900
2900
2800
6800
3100
2900
2900
3300
2900
4100
2700
2700
3500
2800
2700
2700
3000
2800
3100
2700
2800
4000
3100
3100
3500
3100
3100
4300
3200
3200
3200
3900
4000
3100
3000
3100
6400
4000
3200
4500
4700
3600
3400
3300
3400
3600
3500
3300
3300
4400
3500
3600
3400
3300
3400
3600
3500
5200
3800
5000
4300
4000
3900
3600
3600
3800
3800
5400
3700
3900
6900
4000
3700
6300
3800
24600
12800
3800
5000
7600
3200
3000
3100
3300
3000
3000
2800
3200
4500
3600
2900
2900
3200
16900
5000
4200
6900
4200
7800
4500
4800
8200
4900
5000
4000
4700
3600
4900
4400
4400
4700
8000
4300
4700
5300
5000
5100
4800
5000
6300
7800
3200
3100
4600
3400
3300
3200
3600
3100
5200
4000
3800
6500
4100
3500
3400
3500
5200
3700
5200
3600
3700
3600
3700
3500
4900
3500
9100
3900
3800
4300
5600
5600
8700
3800
4100
4100
3800
6000
4100
6500
5600
4100
5500
4000
28200
3400
3600
3400
3400
5700
3200
3100
3200
3600
3300
3000
5600
3200
3300
3500
2900
5900
8100
3300
3300
3400
3300
3200
3500
3100
3100
3100
3000
3000
2900
3200
2900
3100
2900
2900
5400
3600
3100
3200
3100
3400
3700
3200
4300
3100
3200
3200
4200
4900
3200
3800
3400
3200
5000
3900
3400
4900
3700
3500
3300
3800
6700
3600
4800
3500
3600
3600
3700
3900
4700
3700
9400
4000
3900
3800
5500
5500
5500
3800
3900
3900
4300
5500
4200
3800
5500
3900
5400
3900
24700
3200
3100
3100
3100
5900
3200
3100
3200
3000
2900
3000
5300
3200
3100
4400
3000
5400
9000
3500
3500
3600
3300
3300
3600
3100
2900
6900
3000
3000
2900
3600
2800
3100
2900
3300
4200
3200
3400
4200
3300
3200
3300
3200
3100
3400
3100
3200
3100
3300
3100
3200
6100
3100
5100
4000
4100
5200
3500
3500
3400
3500
4600
3800
5200
3700
3600
3500
3600
3700
4600
3500
7500
4000
4300
3800
5900
5600
8200
3800
4000
3800
3700
5400
3900
3900
5400
3800
5500
3900
23300
3800
3000
3100
3200
5700
2900
3000
3300
3200
2900
3300
5400
3100
3400
3000
2900
8500
7600
3400
3400
3400
3300
3600
3300
3000
3200
3300
3100
3000
3100
3300
2800
2800
3200
2900
4100
3400
3200
4600
3100
3200
3400
3200
3200
3700
3400
3200
3200
3300
3500
4700
4500
3400
6200
3900
3500
3600
3700
3600
3800
3500
5100
3500
3600
7000
5500
3700
3500
3400
4200
3500
7400
3900
4000
3900
5900
5600
5600
3800
4000
3800
3700
5500
4200
4400
5600
3900
5300
3800
24200
6100
3100
3100
3200
5700
3000
3000
3000
3100
2900
3000
5600
3100
3500
4300
3000
5500
7100
3300
4400
3700
4000
3800
5500
3100
3000
3800
2900
4200
3100
7400
2800
2800
3100
2800
3900
3500
3300
7600
3100
3200
3600
3200
4300
4100
3500
3300
3200
3400
3300
3200
5200
3200
6200
3600
3900
3800
3900
3600
3500
3700
5000
3500
3600
3600
5400
3500
3600
3600
3700
3800
7100
4100
4000
5500
3900
4000
3700
6500
6100
4200
5900
3800
4000
4000
4000
4100
7700
3900
25100
3500
3000
4000
3300
5900
3000
3000
3200
3000
3000
3100
5500
3100
3600
3200
2900
5300
9800
3300
3500
3500
3600
3300
3900
3100
3000
3400
3000
3100
2900
3500
2900
2900
3600
3100
3700
3200
3400
4300
3400
3300
3300
3200
3400
3300
3100
3200
3400
3400
3100
3200
4400
3200
5900
3500
3600
3700
3500
3500
3600
3800
4700
3700
3400
3400
7700
3700
3400
3700
3600
3400
5400
4000
3700
5400
3700
4200
4000
3700
5600
4000
5600
4000
8600
3900
3800
3900
5900
3900
26100
3200
3100
3600
5300
7900
5600
5100
4800
4700
4900
9000
5500
5200
7800
4700
8400
4000
10400
4400
3600
3200
4000
3900
3200
3100
3000
2900
3900
3000
3600
3100
3100
3100
3000
3100
6000
4400
4500
3400
4200
3400
3300
5100
3300
3400
5100
3200
3300
3300
3300
4400
4200
5500
6700
4000
4600
3700
3800
3700
4600
3700
5900
3800
3700
6500
5200
4100
3700
3600
3600
3800
6300
4200
4100
4100
4000
4200
3900
3900
5600
6200
4100
4200
4500
5800
4000
3900
4300
4100
28500
3500
3500
3200
3200
4500
4100
6100
3200
3100
4400
3300
3100
4100
3000
3200
3200
4000
7900
3500
3200
3200
3100
3000
3000
3400
4500
3200
3400
4200
3100
3400
3100
4200
2900
3400
6000
4400
4200
3400
4100
3200
3400
5100
3400
3300
5000
3300
3200
3300
3300
3500
4000
4300
5100
3500
3700
3600
3600
3800
3700
3500
5200
3600
3600
3700
4800
3800
3500
3700
3500
3800
5900
4200
3900
3900
3900
4300
3800
3900
5600
6100
3700
4100
3800
6200
4000
3900
6600
3900
23300
3400
3400
3100
3100
3000
3200
5400
3000
4200
3400
3100
3200
3300
3000
3100
4200
3300
8600
3400
3600
3500
3100
2900
3100
4100
3200
3800
4100
3700
3100
3600
2900
3300
2900
3600
4200
3400
3500
3800
4600
6300
3600
3400
3200
3400
3200
3400
3300
3300
3300
3400
3700
3500
5600
5000
3700
3600
3600
3600
3800
3500
5100
4200
3600
3900
4800
3800
3400
3500
3500
3900
5800
4700
3900
3800
3700
4100
3800
3800
5500
6000
3800
7100
4000
5600
4000
3900
4200
3800
23700
3300
3300
3100
3300
3100
3200
5300
3000
3000
3400
3200
3000
3000
3000
3300
3100
3400
9200
3400
4300
3300
3400
2900
3100
3600
3300
3300
4900
3600
3100
4000
3100
2900
3000
4200
4100
3400
4100
6600
4800
3300
3400
3800
3200
3500
3500
3300
3300
3600
3500
3300
3300
3400
5900
3700
5000
3700
3600
3700
3700
4800
3700
3600
5000
3500
3700
3800
3600
3600
5000
4900
5800
4100
3900
3900
3900
4200
3800
3800
8100
6200
4200
4100
4100
5900
4900
3900
4200
3900
23700
3400
3200
3000
3100
3600
3100
5300
2900
3100
4300
4100
3100
3100
3200
3100
3100
3300
8100
3700
3500
3200
4300
3200
3300
5400
3100
3500
3700
3600
4200
6400
4500
3000
3000
3500
3900
3400
3700
3400
4400
3300
3400
4900
3500
3200
3200
3300
3300
3300
3300
3300
3500
3300
5800
3900
5000
3800
3600
3600
3600
4800
3800
3800
4800
3800
3600
3600
3500
4200
4800
5100
9000
4000
4100
4000
4100
3900
3800
4000
5800
4000
4000
3900
6200
4200
3900
4000
4200
4000
28900
3200
3000
3100
3100
3000
3200
5100
3000
3000
4500
3900
3100
3100
3200
3200
3200
3200
6700
3200
3100
3200
3200
3300
3100
3700
2900
6200
3300
3300
3100
3300
3000
3100
3200
3400
3900
3400
3400
3400
4400
3300
3600
3400
3800
3300
3300
3700
3600
3400
3300
3400
3600
3400
5700
3900
4700
5200
3600
3600
3800
4800
3700
4100
4900
3600
3900
3800
3600
3600
4800
4800
8200
3800
3900
3900
4000
4300
3900
3900
5600
3900
4100
4000
6600
4000
3800
4100
3800
3800
23300
3500
3600
3200
3200
3100
3300
3200
5000
5500
3000
3400
3100
5700
3500
3100
3100
3200
9400
3400
3200
3200
3300
3400
3600
3200
3500
3300
3500
3200
3000
3400
3100
3100
3500
3300
4600
3700
3500
3500
3400
3400
3600
3500
3500
3400
3700
3400
3300
3400
4500
3400
4000
4400
6500
4900
4000
4000
4800
6700
3700
5000
3700
3700
3600
5100
5000
4800
3900
3700
5000
4000
7800
4300
4200
4200
4700
5700
5900
4600
4100
4400
4200
5500
4200
5700
4100
4200
6000
4000
28400
5600
3500
3200
5300
3400
3600
3300
3100
3400
5500
3200
5600
3600
3500
4300
3500
3100
6900
3300
3500
3100
3200
3300
3200
3300
3000
3300
3200
4100
3200
3200
3100
3200
3200
3700
4600
3300
4300
3400
3400
3400
6300
3400
3300
3400
3400
3600
3500
3300
4600
3500
3300
4400
6200
4900
3800
4300
4800
4200
4000
4600
3900
3700
3600
6400
4800
4900
4300
3600
5100
3800
7800
4200
4000
4000
3900
8300
6000
4000
4100
4100
4300
3900
4000
4100
4200
4100
5900
4100
23600
6300
3300
3200
5000
3200
3400
3300
3100
3100
5400
3200
5800
3500
3300
3200
6000
3200
7500
3800
3400
3300
3400
3000
3000
3100
3200
3200
3100
3500
3800
3100
3100
3100
3100
3800
4800
3500
3400
3900
4400
3600
4200
5700
4100
3300
4200
3500
3300
3400
3500
3400
4000
3700
6100
5300
4100
3900
4700
3800
3900
4700
3900
3700
3700
7900
4900
4700
3900
4200
5700
3800
9000
4300
4300
4000
4000
5700
6100
4400
4000
5000
4300
4000
4000
3800
4100
4700
6100
4100
24500
8200
3200
3200
4900
3300
3300
3100
3200
3800
5800
3300
5600
3400
3300
3200
3400
3100
7700
3400
3300
3200
3200
3200
3300
3100
3100
3200
3300
4400
3100
3200
3200
3100
3100
4100
5400
3600
3400
3300
3700
3400
5000
3500
7500
3400
4600
3500
3500
3500
3600
3500
4800
3600
5200
3700
3700
4000
3800
3700
3700
3900
3800
3600
4000
3700
4200
3700
5300
3700
3800
5400
7900
4100
4200
4100
4000
5600
5900
6900
4100
4100
4300
3900
4000
3900
4200
4000
5900
4000
25000
5900
3200
3200
4900
3200
3100
3200
3200
3100
5400
3100
5400
4200
3500
3200
3200
3300
7100
3300
3200
3300
3100
3100
3200
3200
6200
3300
3200
3700
3400
3100
3100
3100
3200
3700
4800
3600
3400
3700
4100
3500
4400
3600
4100
3700
4300
3400
3600
3400
3400
3500
4400
3600
5000
3700
3800
4000
3800
3800
3900
3600
3800
3800
4300
5000
3900
3600
7000
3700
3800
5100
10900
5600
4100
3900
5500
4100
4200
5300
4200
4300
4000
5500
5500
5500
4300
4100
5600
4200
23800
5400
3500
3300
5200
3200
3300
6000
3600
3200
5700
3500
5400
3300
3500
3200
3400
3300
6800
3200
3300
3200
3500
3100
3100
3100
3100
3400
3200
3800
3000
3400
3100
3100
3200
6800
4800
3600
3700
3400
3600
3400
4300
3600
4200
3400
4400
3500
3400
3700
3500
3500
4800
3700
7500
3800
3800
3900
3700
3800
3700
3700
3700
3700
3600
3600
3900
3600
5100
3600
4400
5500
7200
5700
4500
4200
5700
4000
4000
5500
4000
4100
3900
5600
5600
5800
4000
4000
8400
4500
25800
3500
3300
3300
3600
5400
5400
3500
3600
3500
3200
3500
12900
4400
3500
3500
5700
3400
12900
3500
3100
3000
3300
3200
3000
3100
2900
3400
3000
3100
3000
3800
3100
3000
3800
3100
4900
4300
3600
3300
3300
3700
3300
3300
3200
4100
3400
3200
3300
3200
4000
3800
3400
4000
5200
3800
3800
3800
3600
4700
5100
3600
3600
3700
3700
4200
3700
5200
7600
4500
3800
3500
5900
4300
4000
5900
4100
4000
4000
3800
3900
3900
4100
3800
4000
3800
4200
5500
4400
5600
15200
3300
3200
3300
3200
3300
3000
3100
5000
3200
3500
4400
3300
3400
3200
3000
5800
5900
8100
3400
3000
4400
3100
3100
3400
3100
4000
3100
3100
3300
3900
3100
3100
3100
3000
4000
5800
4000
3400
4100
3400
3400
3300
3400
4200
3900
4400
3300
4200
3300
3800
3800
4400
3700
5800
4500
3700
3600
3600
5700
5400
3900
3600
3500
6500
3700
3500
6400
4900
3700
3600
3500
6400
3900
3900
5400
4200
4600
4100
3800
3900
4100
4400
3700
3800
3900
3800
6100
3900
5800
12700
3200
3400
3100
3000
3200
3200
3000
7800
3200
3200
3100
3100
3500
3500
3000
4900
5100
8600
3600
3100
2900
3100
3200
3900
3100
3100
3300
3100
3800
3000
3200
3100
3000
3000
3700
3900
3400
3700
3300
3400
3500
3500
3400
3500
3300
3600
3400
3400
4500
3500
3300
3500
3700
5000
3900
3700
3600
6700
5000
4700
5100
3800
3500
3600
3500
3700
5400
4800
8300
3700
3800
5900
4100
3800
5700
3900
3900
3900
4100
3800
4000
3700
4000
3900
3900
3800
5500
4200
5200
14400
6000
3100
3100
3300
3200
3000
3100
4900
3300
3100
3100
3000
3200
3200
3000
5000
5200
8200
3500
3100
3100
3200
3200
3600
3500
3500
3200
3000
3700
3000
3000
3600
3800
3300
3100
3900
3800
3600
3300
3500
4600
3800
3300
3200
3500
3400
3400
3200
4500
3500
3600
6200
3600
5500
4900
3700
3600
3800
4200
3600
3700
3500
4800
3700
3700
3600
4000
3900
4500
3800
4800
6000
3900
3900
5300
4000
4000
3800
3800
3900
4000
3700
3800
3900
4300
3900
5900
4000
9000
12500
3200
3000
3300
3100
3200
3300
3400
17700
3200
3200
3400
4300
3300
3500
2900
4800
4600
7500
3700
3200
3000
3000
3100
3700
3200
3000
3100
3200
3400
3100
3200
3200
3100
2900
3100
4100
3300
3400
3300
3400
3400
3300
3600
4200
3500
3400
3300
4300
4100
3600
4300
3400
3500
6000
5400
3800
4700
3700
3700
3700
3600
4900
4400
5100
3600
3600
5400
5400
4400
6800
4400
5500
3900
4000
3900
4000
5000
5200
5300
4100
3900
3900
5500
3900
5600
5100
4100
3800
4300
12800
3200
3100
3200
3300
3200
3100
3100
4900
3400
3300
3200
3300
3200
3100
3100
7300
4800
8000
3500
3000
3000
3400
3100
3600
3200
3200
3200
3100
3400
3200
3000
3100
3100
3200
3000
3800
3700
3600
3400
3400
4800
3500
3900
3300
3300
3700
3300
3300
4300
3500
3400
3400
3600
5200
4500
4600
3800
3900
3700
3800
3800
5100
4700
3800
3500
3700
7100
3700
4500
3800
4500
5700
4000
3900
4100
4200
5100
5400
3900
3900
4100
3900
3800
3800
5000
5100
4000
4000
3900
11700
3400
3400
4500
3500
3100
3700
3000
6000
3200
3100
3500
3400
3300
3100
4800
3700
4800
11900
3800
3700
3300
3300
3800
3700
3700
3800
4100
3300
3100
3200
3500
3200
3300
3300
3100
5500
3800
3700
3500
3600
3400
4600
3800
8000
5100
3600
3700
4400
3800
4100
5000
3500
3400
5700
5300
4100
3900
4100
4400
3900
3700
3800
5000
5000
3900
5200
3800
3900
3800
5200
3900
6600
5800
4200
4300
7500
5700
4300
4500
4100
5700
4200
4200
4200
4100
4200
4200
5600
4000
12900
6600
3400
3800
5700
3800
3200
8100
3600
3300
3500
3500
8200
3300
3500
5100
3700
6600
9400
3700
3400
4500
4600
3200
3300
3300
3100
3300
4100
3200
3000
3700
3100
3500
3300
3200
5400
3600
3900
3500
3400
3400
4300
3600
4400
3500
3400
3400
4300
3700
4100
6700
3500
3900
5600
5300
3900
3600
3900
3800
3800
3700
3700
4900
5000
3900
5000
3700
3700
3800
4800
4100
6300
5700
4100
4200
4000
5500
4400
4300
4100
8500
5400
4200
4200
4300
4100
4200
5600
4000
12700
6300
3500
3400
5100
3600
3200
3300
4100
3200
3300
3500
5000
3200
3500
5000
3400
7800
9100
4000
3500
3700
3400
3800
4000
3300
3100
3200
3700
3100
3100
3700
3100
3500
3400
3300
5100
3700
3700
3900
3500
4300
4600
4900
25500
4100
3800
3300
3500
6100
3800
3700
3500
3400
13200
4900
7000
4100
3900
4300
4000
3500
4000
5600
5000
3800
4900
3700
3800
3700
4900
3800
6400
5500
4000
4300
5000
5400
4100
4300
3900
5500
3800
4000
4500
3900
4200
3800
8400
3900
12400
6100
3300
28600
25400
6600
4800
5100
5400
4500
5000
6700
10300
6200
5200
14100
4600
8100
20000
5600
5500
6400
3800
3700
11200
3900
4100
3700
4400
3500
3300
8000
3300
3500
3200
3100
5300
3700
3500
3900
3400
4400
4600
4400
4100
3600
3500
3300
3400
4300
3300
4300
3400
10700
6600
4000
4000
3900
3700
3700
4900
4700
5100
7400
3800
3600
5100
4000
4700
3800
3700
3700
6400
5400
3900
4000
4000
5300
4100
3900
3900
5500
4000
3800
4000
3800
4100
4500
5600
3900
15500
9200
3300
4500
4900
3100
2900
3400
3100
3000
3200
2900
4700
3700
3100
4900
3400
4700
9500
3500
3300
3600
3300
3800
4700
4700
5200
4500
6100
5100
5000
5900
5000
5600
5100
5500
9000
5800
5800
5600
5600
6000
7600
4400
4100
3600
3500
3500
3500
4400
3400
3500
3600
3400
6600
3700
3600
3600
3900
3500
4800
3800
4900
3800
3900
3600
4900
3800
4800
3700
6500
3700
5700
5600
4100
3900
4100
4200
3900
3800
4000
5400
5400
4000
5400
3800
3700
3900
5300
4200
12900
6200
3600
3100
7800
3200
2900
3400
3000
3000
3200
3000
4800
3400
3100
4700
4700
4800
9000
3800
3200
3600
3600
3100
3000
3100
3200
3400
3600
3100
3400
3600
3100
3700
3200
3200
4800
3500
4200
4500
3500
7400
4300
4400
4300
3400
3400
3600
3800
4200
3500
3600
3500
3600
7100
4100
3700
3700
3700
3900
4800
3800
4900
3700
3800
3900
5100
3900
4800
3700
4500
3600
5600
8400
4300
3800
4000
4100
3900
3900
4200
7400
5400
4000
5500
4300
3800
4000
5300
4200
11800
4900
3100
3300
3100
4900
3200
3200
5900
5000
3100
3100
3100
3100
3100
3200
5100
3000
12900
3500
3700
3300
3200
3300
3100
3500
3300
3200
3700
3200
3500
3300
3500
3200
3800
3300
5000
4500
4300
4100
3600
6700
3600
3500
3500
4300
3500
3500
4300
3700
3500
4200
3500
3400
6000
4000
3800
3900
4100
3800
3800
3700
3900
3800
4800
3800
3600
3900
3700
3800
3700
3900
5900
5300
4300
5000
4200
4000
4100
4500
3900
4000
6300
4000
5500
4000
4000
3900
5900
5000
26000
4400
3200
3400
3100
4000
3300
3000
4100
3200
3500
3100
4000
3100
3200
4400
3100
3100
9800
5200
3500
3400
4100
3300
3500
3500
3100
4000
3500
3300
5800
3100
3200
3300
4800
3600
7700
4400
3900
4200
3700
3400
3400
3700
3400
3400
3400
3500
4000
3600
3600
3900
3700
3400
5600
3900
3900
3700
5000
3800
3800
3700
3600
4000
4400
4000
3700
3700
3600
4200
3700
3600
5900
5000
4000
7900
4100
4100
4500
4000
3900
4100
5000
4000
3900
3900
4100
3900
5100
4100
16200
3100
3000
3300
3000
3000
3200
2900
3100
3000
3300
3000
3000
3200
3400
3000
3000
3300
10300
4200
3800
3300
3300
3200
3600
3400
3100
3300
6700
3300
3400
3400
3200
3300
3200
3800
4300
3800
3500
3500
3600
3400
5200
3600
3600
3300
4300
3600
4200
3700
3400
3500
5000
3400
5500
4400
3700
4000
3700
3800
4100
3900
3600
3800
4700
3800
3600
3800
3600
3700
4000
3800
8500
5000
4100
5100
4100
3900
4000
4100
3800
4000
4900
3900
4200
3800
3900
4100
4900
4200
13700
3300
3000
3800
3000
3000
3100
2900
3400
3100
3100
3200
3000
3000
3200
3300
3000
3100
9800
7400
3500
3400
3300
3200
3300
3200
3100
4000
3600
3300
3200
3300
3200
3100
3200
3600
4100
3600
3500
3500
3400
3400
3600
3500
3300
3400
4100
3400
4300
5100
3500
3500
4500
3600
4700
4600
13500
10400
3900
3600
3500
3600
3600
3700
3800
3900
7700
4100
3700
4700
3800
3600
5800
5400
3900
5100
4000
4100
3900
4100
4300
4000
5100
3900
3900
4100
4500
3800
5000
4100
13100
3100
3000
3300
3000
3000
3300
2900
3100
5800
3100
3000
2900
3100
3000
3100
3000
3100
9800
4100
5000
3300
3200
3100
3300
3300
3100
3300
3800
3300
3300
3200
3200
3200
3100
3600
4000
3700
3500
3400
3400
3700
3300
3500
3500
3600
4200
3700
4200
3600
3500
3500
4800
3500
4900
4700
7600
4700
3800
3600
3800
8200
3700
3700
4500
3700
5000
3900
3700
4700
3800
3900
5400
4000
4200
4000
4200
4200
4200
4100
4100
4200
5300
4000
3900
4100
4000
3900
4300
3900
17900
3100
3000
3100
3200
3000
3000
3100
3000
3000
3000
3200
3100
3000
3400
3000
3000
3100
7900
3800
3300
3700
3200
3100
3300
3300
4600
3300
3500
3300
3300
3100
3300
3300
3400
3500
4000
3400
3800
3400
3400
3400
3400
3500
3400
3700
3900
3500
4100
3700
3500
3500
4500
3500
8000
4500
4600
4600
3800
3600
3800
4600
3700
3900
5000
3800
5300
3700
3700
4600
3800
3600
5400
3900
3800
4100
4000
4000
4100
3900
3900
4000
5000
4100
3800
3900
3900
4000
3900
4000
11200
7100
3200
4600
3100
3700
3100
3300
3000
3100
4300
3300
3200
2900
3200
3000
4400
3100
