866000
31200
31000
35900
31800
31100
20600
22700
24200
34600
24300
21500
21100
22300
22800
28200
55300
43000
63700
33500
29000
27500
54700
51800
29500
37400
28700
25600
27400
29300
30800
29300
30700
30500
29100
31000
76200
38900
56000
29400
35400
28100
30300
32300
39500
28200
27100
26700
28000
30300
50300
21900
18700
17600
52200
30000
25400
59600
20900
57100
20800
21100
17100
17500
16100
18600
16900
16100
16600
20200
19300
44200
46900
24400
22600
19600
45200
20600
39100
20800
19400
18200
17800
21300
39300
21600
19700
19100
18500
19400
15000
11500
26500
16800
13800
10900
19200
18600
13000
29100
17400
15800
18700
18500
12000
13100
10500
11900
38300
15300
13800
13500
30800
21600
14400
14100
13500
12000
25700
13200
14800
13900
15300
12800
12500
12200
43800
37200
27100
16300
14400
14800
14000
14300
14900
18200
13300
14700
13500
16600
23700
14900
16200
21500
25400
16700
16100
28400
16800
26900
17200
16700
15500
16200
14800
15600
14400
18500
16100
16500
18200
25200
34900
23100
16900
16500
28800
16700
24300
16100
17300
21500
16700
16800
29100
17300
16300
16700
24100
19800
13700
11900
16700
11900
13900
11000
16000
15400
157600
24200
12400
10500
9500
12100
10600
13100
10300
9500
19100
13400
22300
17900
13500
18700
16400
11600
11500
15000
11900
18800
10900
12000
11800
11800
40000
14000
23700
14700
17000
13700
13500
38500
16600
15200
17100
13700
14300
19300
19100
15600
17800
14500
15000
14700
29100
19700
18100
31400
18500
19300
16700
15800
15000
22700
16200
16200
15300
15400
15500
15600
16700
20000
29400
20200
17700
19500
21900
18300
22100
17600
17700
17000
17100
18000
25700
18700
17400
17300
18800
17500
10700
9400
50300
10400
9900
7300
8600
8000
11500
8100
7800
6900
6600
8200
10600
8900
7200
7400
18100
10800
8300
10100
8700
9100
7900
7500
8400
9800
8100
12200
7700
10100
9400
8600
14400
12200
17900
10400
8600
8800
11200
11300
9200
8700
8400
8500
8700
10300
8400
14400
9300
10300
8900
8500
20800
11000
9600
13100
11000
13000
10200
9600
9400
9500
9700
9400
9300
9300
9900
9300
10200
25500
18900
10900
9000
8700
12300
9100
16700
8300
8400
8800
9200
8400
12400
9600
8400
10000
8400
8500
5700
11400
6500
5300
7100
4600
6600
8900
9000
6100
5400
4600
7300
6300
4800
6300
4800
5300
10700
9200
5300
8000
6200
8200
5600
5100
7800
8900
5600
5400
5200
7600
10700
6300
7600
7700
14000
6800
6200
6800
10400
22700
7200
8600
6600
6300
6800
6600
6300
10900
7100
6700
6200
7100
10800
8000
11100
7500
7200
6500
6600
7700
7300
6700
6500
6500
7400
6900
15300
9300
7200
9300
10900
9900
7700
8300
14400
8000
11200
8400
8600
7700
7800
8200
11200
8800
8000
8300
8000
10400
5400
4600
5900
4400
6800
4800
6000
5900
4400
5500
5500
4400
4400
10400
4700
6100
4900
5200
7300
5500
5000
9000
5800
7400
5800
5100
5500
7000
5700
5200
5900
6500
5600
6000
7200
7900
8700
6300
6100
6600
8900
9300
6600
6600
55500
38100
12000
6200
6800
8500
6900
5700
5500
5900
18300
9800
10700
6400
5900
6700
6000
6200
6000
6100
6000
6300
6200
6000
9600
6300
6300
6100
10600
8800
6700
11000
6700
10600
6900
6500
6400
7100
6900
6900
6500
6900
7400
7300
7200
10600
33600
21300
18600
18200
19200
18500
30600
19000
17700
18000
18000
17600
18400
17800
17800
20900
17900
47900
19600
18900
18400
18200
18300
19000
9700
9700
11300
11100
11400
14700
24100
10000
9600
9600
11900
10200
12700
12700
11600
10200
12700
20400
12400
12400
10500
12600
11000
12000
10600
10700
10500
10400
21200
10600
13300
11700
13400
12800
13100
11200
10900
13200
19900
11000
11500
11100
11400
11000
19800
11200
11200
13900
120900
10700
9300
7600
7700
7800
11000
8500
7500
7400
7400
11400
17100
8200
8600
17300
7600
7700
32400
9800
9000
7600
7800
8200
7600
7500
8000
7700
7500
7900
7600
34400
23800
10800
8100
7200
15800
9600
8000
7800
8300
8000
8300
8200
20300
10000
8400
8100
8600
8200
8200
8300
8300
8600
10000
9500
18500
8500
10900
8600
10400
10300
9300
10400
9000
12700
22700
20300
8700
8500
8500
8900
10600
9800
17900
9200
9400
21800
13700
11400
9500
9000
10700
13300
15400
14400
19000
28800
16400
20600
153300
16400
8400
8000
9900
10800
11700
9500
8000
9100
7700
22500
9300
6400
6500
6200
6600
6600
12600
10500
7300
6800
6700
7600
6800
7000
14500
6800
6700
6800
6700
7000
6800
7400
7900
6900
8000
7700
7200
7500
9800
13900
8900
9500
7500
8000
7700
7400
9400
8000
7500
7700
7500
7800
10100
16100
8400
8500
10300
8600
10200
10200
8500
10200
8700
10100
18300
8800
15600
8700
8900
10900
14000
10700
18900
9200
18300
8900
10100
12500
9100
9200
10600
10300
9400
9400
24800
10400
9200
12500
41400
6200
6600
5900
5600
6700
6000
5700
5700
15000
6000
8800
10000
7800
6400
7100
5900
6000
11000
7900
8500
6700
6700
8500
6700
15200
7000
7700
8500
8300
10600
7100
7000
7600
8900
6800
9100
16100
7800
8800
17100
7300
9900
8000
8500
7400
7500
8100
8600
7600
7500
7500
7500
8800
16700
8100
8000
9000
8000
9600
8200
11300
9600
10800
9600
8400
14800
8400
8300
8200
8400
8100
13000
11200
15600
9300
9100
16200
8900
11000
9000
9200
9100
9600
9300
9300
12200
21100
10200
11900
31700
5800
5400
5500
5700
5600
6000
5600
7300
5700
5800
16000
7900
5900
6100
5800
6700
6100
11300
11300
7300
8000
6900
7500
6800
6900
7000
13200
6600
6800
6800
6800
6700
7500
7800
6900
8100
7200
7400
7700
8600
7400
14400
7400
7300
7600
7700
7400
9000
7700
8200
11200
8100
11400
13500
22000
8100
9400
8300
8400
9000
8400
9700
9800
8000
9900
8500
8100
17300
13200
8600
8500
10400
9200
8600
8600
10400
8800
11600
19900
8700
10900
8900
10500
11200
10100
9000
9000
8800
15900
36200
5900
5500
5500
5900
5600
5600
5500
5700
5700
5700
8100
12600
6900
7800
12900
5800
6000
9400
5800
5800
6400
5300
6200
5400
5300
5500
5500
6600
5600
5600
14200
5800
6400
6000
5600
7300
6100
6200
6000
6900
6300
6900
6100
6200
6100
21100
7900
3700
3600
3400
3200
3200
3600
4400
4000
9100
3600
3900
3800
3600
3800
5100
9400
3600
3500
3800
3800
3600
3400
3700
3800
5400
3900
4200
5100
5900
3800
6000
5500
4000
5500
4000
6000
4000
4100
4100
3800
3900
12700
27500
3500
5600
3400
3000
3000
3000
9100
3200
3200
3100
3500
3200
3100
6700
3200
3100
5600
17200
4100
3600
4600
3300
3000
3500
3200
3100
3300
4200
3200
3200
3400
3100
3100
3100
3100
4700
3500
5400
3400
3700
3600
3400
3600
3200
3300
8100
3500
3400
12000
13100
3800
3500
4700
6000
5400
5200
3800
3900
3700
3500
3700
4000
3900
4100
5500
3600
3700
3600
3900
3700
3700
5900
4200
4100
4000
4100
4000
7900
4100
4300
6200
5900
6600
8300
5600
5800
4800
4100
4200
27000
7900
3600
3400
3400
3300
6300
3300
3300
3600
3400
3300
3100
3400
3900
3300
3300
3200
6400
3900
3300
3500
3100
3600
5700
3200
3100
3400
3200
3200
7600
3100
3300
3500
3300
3000
4800
3500
4500
3500
3300
3300
3500
3500
3300
3300
3900
3600
3400
3400
3300
3200
3400
6200
5500
5200
5100
3700
3600
4100
3700
3700
3800
3700
3700
5900
3700
3900
3900
3600
3700
3800
5600
4000
4200
3900
3800
3900
10200
4100
4000
6200
7400
11700
6400
8900
6200
6100
3900
4100
27200
5900
3200
3600
3100
3400
5900
3100
4400
3900
3400
3600
3300
3000
3100
3600
3100
3500
7500
3800
3200
3800
3200
4000
3100
3300
3000
3200
3400
3000
3100
3200
3700
3500
3000
3000
4300
3600
3700
4600
3900
3600
3400
3200
3400
3700
3400
3400
3500
3500
3500
3400
3400
3400
5600
5200
5300
3800
8200
3700
3500
3700
4000
3600
3700
5300
3700
3900
3800
3800
3600
3700
6200
4100
3900
3900
3900
3900
5800
3800
3900
6100
5900
5800
4200
5800
5700
5500
3900
4500
45500
21200
5700
5400
6600
3200
6000
3000
3800
3500
3400
3900
2900
3100
3100
3100
3500
2900
18900
4300
3400
5100
3500
3600
3100
3100
3300
3100
3100
3400
3000
2900
3700
4200
3000
2900
8300
3600
3400
5500
3900
3300
3400
3300
3300
7600
3400
3400
3400
3600
3300
3300
3200
3700
5200
3900
5300
6500
3700
3600
3500
3800
3400
3500
3700
3700
3500
3500
4800
3700
3600
5600
9500
4500
4100
3900
3600
3700
6200
4000
3700
6400
6200
5800
4100
9900
5800
3900
3800
4300
24600
5700
3100
3200
3400
2900
5400
3000
3200
3200
3000
3700
3000
2900
3200
2900
3100
2900
12500
4400
3200
3800
3400
3900
3300
2900
3200
3200
7300
3200
3200
3500
4000
3700
3100
3200
6000
3700
3400
7700
3500
3300
3300
3400
3300
4000
3300
3500
3400
3200
19000
4800
3300
3500
6200
3700
5500
3600
4000
3600
3600
3600
3400
3500
3400
3700
3600
3600
3600
4100
3400
6100
5400
10100
6000
3900
4500
3700
3700
3800
4000
3800
3800
6700
3700
3900
3800
4000
3700
3800
30300
6200
3300
3000
3000
2900
5800
3000
3000
3200
2900
2900
3000
2900
2900
2900
7000
2900
6600
5100
3700
3600
3400
4000
3200
2800
3200
3000
2900
3300
3000
2900
3500
4600
3100
4600
4200
3400
3300
4700
3400
3400
3200
3200
3100
4600
3400
3800
3300
3600
3300
3200
3200
3100
4400
3700
4900
3700
3500
3500
3500
3600
3300
3400
3400
3600
3400
4500
3500
7600
3600
5100
5200
5600
5500
3900
3700
3800
3600
3800
3800
4500
3700
6100
3700
3700
4000
3600
3800
4100
20100
2900
3200
2800
2700
2900
5200
2800
2800
5900
9200
4900
3100
5200
5000
3000
2800
3100
9500
6300
3300
4400
3300
3900
5100
3200
3200
3200
3100
4200
3200
3100
3600
5400
3300
3800
5900
3400
3600
3500
4600
3300
6800
8000
3400
3300
3400
4800
4800
3400
3400
3300
4700
3400
7100
3700
6300
3600
5800
5500
3800
3800
4000
3500
3500
3600
3800
4400
3800
3700
3800
5200
6500
7000
4200
3800
3900
4100
8200
6300
4100
6500
3800
4000
3900
4000
3900
4100
3800
6500
23100
3200
3400
6500
7500
3200
5500
5600
3400
3400
3100
5600
10400
3100
3200
3200
6400
5400
7000
3900
3200
4000
3200
3200
3200
3200
3200
3300
3100
3100
3100
4100
3800
3200
3200
4200
4600
3400
3300
3500
3600
3300
5600
3700
4900
5000
4300
7100
7100
14500
5400
4600
13100
5600
10600
5700
9000
6000
17100
8400
6200
6000
8100
9400
5100
5400
5800
6500
4200
3900
4200
7000
18500
7900
4300
4200
4200
5500
5000
6500
4300
7000
3900
3900
11700
3900
3800
3700
4000
6700
23900
3200
3100
7200
5800
3000
5800
5700
3000
3100
3000
5700
6200
3200
3000
3000
5500
10100
6900
3300
3200
3900
3200
3000
3300
3000
3100
3100
3100
3900
3100
3700
3100
3300
3100
4300
4400
4800
3400
3400
3400
5200
5000
3300
3700
3400
3400
3300
3600
3200
3200
4600
3500
4600
6700
3600
10300
3500
5200
5100
3800
3500
3500
3400
3600
3400
3400
4200
3900
3500
3600
5100
6300
6700
4000
5500
3900
4000
3800
6000
3800
6200
3900
3700
3800
3800
8300
3800
3700
6800
23000
3300
2900
8100
5700
3100
5600
5400
3200
3000
3000
5800
6100
3100
3000
3200
5400
9600
9700
3400
3400
4300
3600
3100
3000
3000
3500
3000
3100
3200
2900
4100
3100
3000
3000
3700
4100
5200
3600
3600
3400
5100
5500
3300
3400
3600
3300
3300
3400
3500
3300
4400
3700
4400
4900
3700
3600
3700
3600
3900
10800
3600
3600
3700
3600
5500
5300
3600
3600
3600
5800
3700
5900
9200
4200
3800
3900
4100
3700
6200
3800
6200
3800
5200
3900
3800
3900
3800
4800
5800
27200
3400
3200
6100
5600
3100
5600
5300
3400
2900
3000
6100
5800
3000
2900
3200
5300
5100
6100
3600
3300
3600
3200
3100
3000
3100
3000
8200
3100
3200
3100
3900
3200
3100
3200
3800
3900
4800
3500
3300
3600
4900
5400
3400
3500
3300
3400
3200
3800
3300
3300
4700
3400
4600
4800
3600
3500
3800
3500
3600
6300
3900
4300
3600
3600
5200
5200
3700
8300
3600
5400
3600
7400
4000
8000
4700
5900
6200
3900
4000
4100
3700
3700
4000
4300
3900
3800
4100
3800
6400
21900
3100
3000
6100
10100
3300
5400
5300
3300
2900
3100
5600
5900
2900
2900
3000
5700
5200
6700
3600
3300
4100
3600
3100
4100
3200
3500
3100
3100
3200
3100
4100
3100
3200
3200
5100
8900
5200
3500
5000
3400
5900
5600
3800
3400
3300
3800
3700
13700
3600
3800
6800
4600
5100
5300
4200
3800
4000
4100
3800
7400
3800
4000
3900
3900
6000
5900
4000
4200
3900
10800
3900
9200
4200
6700
4800
6500
6800
4400
4100
21400
4500
4100
4000
4200
4200
4200
4300
4000
6900
24000
7100
3700
3200
3600
11100
3100
6300
3400
6400
3000
3200
3000
3100
3300
3000
4700
8100
10200
3400
3400
3200
5000
4200
4000
3300
3700
3900
3700
3800
3300
3200
3100
3200
3400
3200
4800
3600
3500
3500
3300
3500
3300
4400
3600
3600
3500
3400
3600
3200
3400
3800
4100
3700
6100
4000
3700
3700
3500
5300
3600
3700
3700
3800
3600
3700
5600
5000
3700
3500
3900
3700
6200
4100
4000
4100
4200
4100
3800
4000
3900
5600
4100
4500
3900
4200
3900
4000
4000
5800
21000
5500
3300
3300
3200
3200
3200
3100
3300
5100
4600
3100
3200
3000
3100
2900
5500
3000
11700
5700
4200
3000
2900
3500
3100
2900
3000
2900
3100
2700
2800
2800
4000
2900
2800
3000
4200
3300
7700
3100
2900
2900
2900
4200
3100
3500
3200
3000
3000
3000
3100
3300
3900
4400
8900
4400
5400
3400
3200
6000
3300
3900
3200
3400
3400
3300
5300
4700
3400
3300
3300
3400
5500
3600
3500
3600
3600
3500
3500
3800
3500
5200
3600
4000
8000
3700
3600
3400
3800
6600
21500
4500
2800
2600
2500
2600
2700
2500
2700
4700
2800
2700
2600
2700
2900
2600
4900
2900
7500
3000
2800
2800
2900
3400
3000
2800
3000
2800
2700
2800
2700
2800
3800
3000
2800
3200
3700
3200
3200
3000
7400
3100
3900
3100
3600
4200
3700
4500
3100
3000
3000
3000
3000
3100
6000
3300
3300
3300
3200
5600
3400
3400
3200
3300
3200
3500
7500
4400
3400
3300
3300
3300
5500
3400
3400
3400
3700
3500
3400
4700
3700
9000
3500
3400
3400
3700
3500
4000
3600
5300
20600
5500
2700
3000
2500
2700
2600
2700
2600
4700
2700
3000
2600
2600
2500
2800
4800
2700
8000
3300
2900
2900
2800
3600
2900
2900
2900
3000
2800
2900
2800
2800
3800
2800
2900
2900
7800
3100
3200
3200
3100
3100
4200
3200
4100
4500
4200
4100
3400
3100
3000
3100
3200
3200
4800
3400
3300
3600
3300
3300
3200
4900
3400
3600
3400
3700
3200
3400
3200
3200
3800
3600
5200
3600
3400
3500
3500
3700
3500
3500
3600
9100
3500
3800
3500
4200
3500
3600
3500
5100
21700
4500
2600
2700
2700
2600
2600
2600
2800
4400
2700
2700
2600
2800
2600
2600
4800
2800
7300
3000
3300
3200
2900
3300
2900
2700
3100
2900
2800
3700
2800
3000
3300
2900
2800
7200
3500
3100
3400
3100
3100
3000
4000
3100
3800
4700
4000
3900
3200
3100
3100
3100
3100
3300
4100
3400
3300
3800
4700
3500
4500
4700
3300
3400
3300
3400
3300
3200
3300
3400
3200
3300
7000
3700
3800
3500
3500
5400
3600
3500
7700
3600
3500
3700
6300
5200
3600
3400
3500
3800
20400
4600
2700
2700
2500
2900
2600
2600
2600
4900
2900
2800
2600
2900
2700
3300
4800
2600
6300
3000
2800
3000
2900
3500
2900
2800
3100
3300
2800
2800
2800
7000
3400
2900
2700
3200
3400
3000
3300
3700
3000
3200
4200
3200
4000
4700
4000
4000
3400
4300
3200
3100
3200
3100
4400
3300
3200
3400
3400
3400
3200
4600
3300
3800
3400
3300
3300
3200
3500
3100
3200
3300
6400
3800
3500
3500
3500
9800
3800
3700
3500
3600
3700
3500
6100
5200
3500
3800
3500
3700
20900
2800
2800
3400
3000
2700
2700
3000
2700
4700
2700
2900
2800
2800
2900
3000
2800
4800
21700
3500
4500
3200
8000
3000
4200
3100
2900
2900
2900
3100
4500
2900
2900
2900
3800
2800
6300
3300
4200
3200
3300
5100
3200
3300
3100
4300
3900
3200
5100
3400
3100
7600
3300
3200
6200
3700
3600
3400
3600
3500
3500
3400
6500
4700
4500
3900
3400
3400
3600
3600
3700
3500
6500
3900
3800
3700
5200
5100
3600
5000
3500
3500
3900
3800
3600
5000
12400
3700
3800
3800
28300
3100
3100
3300
2900
3000
3000
2900
2700
2800
2800
2900
2800
2800
3000
2900
4800
2900
7200
18700
3500
3500
3800
7400
3000
3000
3600
2900
3600
4000
3000
2800
2900
3000
3700
2900
5300
3400
3100
4800
3400
4100
3200
3500
3200
3200
4100
3100
3800
3500
3200
3300
3300
3300
5000
3500
3600
3500
3300
3400
3400
3500
4500
4600
4500
3400
3300
3600
3500
3300
3500
7500
5700
4000
3600
3600
5300
5200
3500
4900
3700
3500
3700
3600
3700
5400
5200
3500
3500
3800
23400
3000
2900
2800
2700
2900
2700
2900
2800
2800
2700
2900
2900
2600
2900
3000
5200
2700
7600
3700
3000
3600
3300
3000
3100
3000
2900
2800
2800
3000
3000
2800
3000
2900
3700
2900
4500
3400
4300
3100
4500
3200
3400
3300
3300
3400
3200
3200
4200
3200
3200
3200
3200
3200
5500
3400
3500
3300
3300
3300
8000
3300
4700
5000
4300
3500
3300
3300
3400
3500
3500
3300
5700
4200
3800
3500
4900
4800
3800
4900
3500
3400
3600
3700
3500
4800
5000
3600
3500
3900
31300
3000
2800
3000
2700
2700
2700
2900
2600
2700
3000
3200
2800
2700
3000
2700
4500
3200
7100
3400
3000
3300
3300
3200
2900
2800
3300
3000
3100
2900
2900
2800
2800
3000
3300
4000
4600
3300
4500
3100
5700
3100
3300
3200
3400
3200
3100
3200
9000
3200
4200
4500
4100
4400
8000
5200
4900
7900
5100
6000
5700
4900
6900
4700
6400
5400
7300
6100
5500
5800
5700
6000
10500
6200
8200
5900
7600
7800
6100
7600
5600
5800
7100
5800
5700
13600
7700
6100
6300
6600
35400
4200
3900
4100
3600
5600
4300
4900
6000
6300
4500
3900
4300
3800
3800
4300
6100
3800
8400
3900
3100
3700
3400
3100
3000
2900
2900
2900
2800
3000
3000
2900
2800
3500
8500
2900
4800
3300
4300
3200
6500
3300
3200
3200
3400
3200
3300
3300
4500
3300
3300
3300
3100
3300
5600
3600
3400
3600
3500
4600
3600
3700
3600
3500
4500
3400
4600
3600
3500
3700
3500
3400
5700
8000
3600
3700
3800
3700
3700
3700
5300
5000
5200
3700
3600
3900
3700
3500
3700
3800
22900
2900
2900
3000
2700
2800
2600
3100
2700
2800
2900
2700
2800
2600
3000
2700
4500
2700
7000
3400
3100
3600
4400
3100
3300
2900
3000
2900
2800
3000
3000
2700
3000
2900
3500
2900
4400
3200
4000
3200
3900
3200
3500
3200
3600
3100
3300
3600
3900
3400
3200
3200
3100
3400
5300
3500
3700
3400
3400
4800
3500
3400
3600
3400
4300
3400
8300
3500
3400
3300
3600
3300
5000
3700
3700
3600
3500
3500
3800
3600
5000
4800
5100
3600
3700
3600
3700
3500
4000
3600
19600
3000
2700
2800
4500
4300
2800
4200
6700
2800
2800
4200
3000
4700
4500
2900
3000
3000
9400
3300
3300
3100
3000
3300
3100
3100
3000
3000
2900
3000
2900
2900
2900
4600
3100
3900
4800
3300
3400
3200
3200
3300
3200
3600
3200
3200
3300
4300
3200
3300
3300
3200
3200
3300
9200
5000
3600
4600
3600
3500
4300
4300
4400
4300
3500
4400
3500
4400
3700
4400
4300
3900
6000
4200
3900
4100
5300
4000
4100
6000
4100
3800
4100
3700
9100
4600
5700
3900
4000
3800
22800
5000
4000
3000
3700
4800
3500
2900
3100
3200
2800
3000
3200
3000
3000
3200
3200
3000
7600
3500
3200
3000
3000
3000
3200
3100
3000
3300
3000
3500
3200
3900
3100
3100
2900
3200
4600
3200
3200
3400
3200
3200
3100
3400
3200
3100
3300
4100
3200
3200
3200
3200
3300
3100
4800
4600
3500
4700
3600
3500
4300
4200
4300
4700
3500
4400
3300
4500
3600
4400
4200
3700
9900
3900
3800
3700
5300
3900
4200
5100
3900
3900
3800
4000
5200
3900
5000
5100
4000
3600
22400
4700
2800
2800
2900
4400
3100
2800
3400
6900
2900
2900
2900
3000
2800
3000
3100
2800
8200
3600
3400
3100
2900
3000
3100
3300
2900
3100
3000
3400
3600
3400
3000
3100
3000
3300
4100
3500
3400
3300
4300
3200
3300
3300
3400
3300
3200
3300
3100
3300
3100
3300
3200
4300
4600
4500
3500
4300
3500
3400
4200
4100
17600
4400
3500
4400
3500
4300
3500
4100
5900
3500
5900
3900
3900
3800
5000
3800
3900
5500
4100
3800
3800
4100
4900
3800
4900
4400
3700
4100
27300
4500
2900
2900
2900
4400
3100
2800
2900
3500
3000
3100
3100
3200
2900
3000
3400
3100
7700
4200
3300
3300
3100
3100
3200
3100
3000
3700
3200
4400
3600
3200
3100
3100
3000
4100
4100
3500
3400
3400
7400
3500
3400
3600
3300
4300
3300
3500
3200
3300
3300
3500
3300
4500
5000
3500
3600
3700
3500
3600
3400
3900
3600
3500
3800
4800
4000
3600
3600
3500
3500
3500
13900
3800
3800
3600
5300
3700
3600
5200
7700
3700
3700
3600
4900
3600
4900
3600
3600
3700
17400
4600
2900
3800
3600
4400
2800
2800
2700
2800
2900
2700
2700
2800
3100
2700
2700
2800
7400
4100
3400
3100
2900
3000
3100
7700
3100
3400
3100
3700
9700
3000
3000
2900
4300
4500
5300
17500
6900
5800
8600
5900
5800
5500
5700
5600
5700
5100
5400
5500
5700
5500
5500
10800
7300
5900
5800
5900
5900
5800
5800
6100
5900
5600
5800
8100
5500
5500
5700
5400
5800
7000
8700
15800
6400
8500
6400
6100
8300
8000
8300
8200
6100
7700
6200
8100
6500
8100
7900
6300
28600
8000
5000
4800
4900
12800
5300
5000
5500
5100
5100
4600
5600
4900
7200
4800
4900
5000
8100
5600
5200
4800
4400
4700
4800
5000
4700
5200
4700
5700
5000
4600
5100
4900
4800
5200
6500
5300
5500
5400
5200
5500
5400
5400
5400
5400
5200
5400
5200
5100
5200
5100
5400
6700
7100
5700
5700
5400
5300
5500
10300
6200
5800
5400
6100
9400
6100
5700
6000
5900
5900
5800
8500
9400
7000
8000
6300
6500
8200
8100
8100
7900
6500
7700
6200
7700
6400
8000
8000
6100
26800
5300
4800
4900
7600
4800
4900
7500
4700
4600
4900
4900
7600
5000
7600
4600
4800
4700
20600
8700
5600
5300
12100
5500
5300
5400
5400
5100
5300
5800
5300
4900
5100
5700
5300
5400
8300
5700
5200
6100
5500
5500
5700
5700
7500
5800
5900
5600
7000
5900
6300
5400
5600
5700
7800
5900
6000
9700
6200
6300
7300
6300
7500
6500
6200
5900
5600
9000
21600
5900
6000
7200
9900
9800
6800
9500
6700
6600
6500
7700
6500
6200
6600
7700
6400
6800
6300
8800
7300
9900
25400
5100
8400
6200
5000
4900
10200
5100
4900
5100
5300
4900
5000
5200
5100
4800
8700
5300
9400
5200
5100
6000
5000
5000
5900
5800
5200
5500
4600
4900
5700
4900
4800
6300
5100
5000
6900
7000
5700
5700
5800
5500
5600
5700
7100
5900
7400
5700
6900
5700
6400
5700
6200
7900
13700
6100
6100
7600
7000
6300
8100
6000
7900
6500
6500
6500
6300
7000
8500
6200
6300
6200
16200
9000
6700
8700
6800
6800
7100
7000
6600
6700
7900
6800
6700
6900
6800
13800
6700
8900
23000
5200
8000
5300
5200
5100
5500
5300
5200
5400
77500
7800
4100
3400
3700
3300
7300
3700
10000
5000
5000
5000
4400
4200
5200
5000
24900
14600
5700
5300
5900
5400
5100
5700
5300
4900
16000
5400
5400
8400
7300
6100
5900
5800
5600
5600
5400
6400
5500
5600
5600
7000
5400
5400
8700
6500
6000
7700
6200
8500
8000
6600
8100
6100
6500
6500
6200
6500
8600
8000
7000
6700
17800
9100
7000
9400
7300
6700
7400
7100
7100
6900
7000
6700
6800
7200
7400
9400
6600
9500
24700
5800
8600
5700
5400
5600
5300
5700
5600
5600
5300
5600
5300
5500
5500
5400
17100
5500
12100
5800
5400
5200
5500
5300
6000
6300
6000
5900
5400
5300
5800
5400
5300
6800
5400
5200
8100
5600
5700
5700
7400
6000
6600
14600
6000
5900
6200
7500
6000
6500
5600
7500
5900
5900
12300
6600
6300
6500
6600
6100
6500
6100
15800
5900
6300
6300
8500
7300
6500
6400
6700
6500
9600
9300
7400
9400
7100
6800
7000
7100
7100
6700
7300
6800
7200
7100
6400
9300
7100
10800
32000
6100
8400
5900
5700
5500
5100
5800
5300
8400
5200
5800
5400
5100
5500
7400
9400
6100
11200
6000
5700
5500
5100
5300
6200
5800
5300
5900
4700
4800
5700
5200
5000
5600
5700
4800
11000
5800
5200
5700
14600
5400
5500
5800
5800
6700
5600
7600
5300
5200
5500
15300
5500
5500
8800
7300
5800
5700
7000
5800
5800
5800
9400
5800
6800
5300
8900
8000
13900
5600
6000
5600
8200
6300
6300
8400
6400
6000
8100
6300
8600
6700
6500
6300
5900
6400
9400
5500
6100
6400
21500
16300
7500
5500
8500
5100
5200
5100
5000
5100
11400
5100
4500
4900
4800
5000
8600
6600
13300
17500
5500
12000
32100
28600
13800
11000
9500
10900
9100
8800
9700
9800
9200
10100
9100
9300
14400
10400
9900
10100
12600
10500
10700
16400
9900
6100
3200
4200
3300
3600
3300
3900
3700
3300
4900
3800
3500
9800
3600
3700
3700
3900
4700
3600
3500
3400
4700
4600
3700
3600
3700
3800
5500
4100
3900
4900
4300
4000
4900
3900
5200
4100
3900
3900
3900
3800
6000
6100
3900
4100
18300
4900
3200
4600
8700
3200
3100
2900
3200
2900
3000
3600
2900
3200
2900
5000
2800
4700
11900
4400
3300
3300
3100
4000
3800
3300
3200
3100
3400
3800
8400
3500
3200
7800
3400
3400
4600
4300
3700
3500
3400
3400
3600
3500
4100
3600
3400
3500
3400
4300
3300
5300
5900
3500
6600
4500
3800
3700
4700
3800
4800
3800
4000
3600
3700
3800
3700
3700
3700
3700
4800
3900
9900
4200
4200
7000
4700
4000
3900
4100
4000
3900
3900
3900
5300
4000
5300
5300
5100
4100
13000
4600
3100
3000
3200
3600
4600
3300
9200
3400
3200
4500
3100
3200
3100
4500
4500
3100
9600
3600
3500
3200
3200
4200
3300
3200
3200
3200
3200
3000
3100
3100
3400
3200
3100
3200
4300
4100
3700
3400
3600
3400
3400
3200
4300
3300
3300
3400
3500
4000
3400
8200
4400
4000
6000
3600
3700
3600
4800
3600
4600
3700
3700
3500
3600
4500
3500
3700
3500
3800
4400
3900
5400
4100
3800
5300
3800
3800
3900
3800
4000
4100
3800
5200
5100
4000
9100
5200
5200
4300
12300
4500
3000
3200
2900
2900
4500
3000
4400
3500
3500
4400
3500
3000
2900
4300
8600
3000
9700
4000
3400
3300
3100
4400
3800
3300
3500
3200
3200
3100
3000
3300
3100
3200
3000
3300
4000
4400
3400
3500
3400
3700
4200
4000
3500
3400
3900
3700
3400
4000
3600
3900
4000
3300
5800
3800
3900
3800
4600
3800
9400
3700
3700
4200
3800
3700
3600
3700
3700
3700
4700
3800
5800
4000
3900
5200
4000
4000
3800
3900
4100
3800
3800
3800
5700
4100
5000
5300
5800
4300
12400
8400
3400
3100
3000
3200
4300
3000
4900
3300
3100
4600
3200
3000
3100
4400
4500
3000
9800
3600
5100
3300
3200
3700
3300
3200
3300
3100
3000
3000
3300
3100
3100
3400
3000
3100
4100
8700
3700
3500
3500
3600
4000
3400
3700
3200
3900
3700
3400
3900
3900
4000
4100
3600
4500
4700
3800
3600
3900
3500
3600
4100
4600
3600
3700
3700
3600
4700
3600
4600
4800
4100
5500
4000
4000
9700
4100
3900
3900
3900
3900
3900
3800
4000
5100
4000
5000
5600
5200
4100
11700
4600
2900
3000
3200
2900
5700
3100
4500
3200
2900
9000
3100
3000
3000
4300
4400
3100
8400
4000
3400
3500
3200
3700
3500
3200
3200
3200
3100
3300
3000
3300
3100
3300
3000
3100
4600
4000
3500
3600
3400
3500
5200
3500
3300
3300
4200
3400
3400
4100
3700
4400
4000
7700
4600
4500
4100
3700
3500
3600
3800
3500
4700
3700
3600
3800
3600
4600
3600
4600
4600
3500
6300
3900
4000
3800
5000
3800
5100
4100
3800
3900
4000
3900
3700
8100
4000
3800
5100
4000
11300
4400
3500
3000
3000
2900
4300
3000
4400
3100
3300
5100
3000
3200
2900
4200
4400
3200
8400
3400
7500
3100
3000
3900
4900
3100
3100
3700
3100
3000
2900
3100
3100
3000
3000
3000
4100
4300
3500
3400
3700
3500
4400
3400
3600
3400
4600
3700
3400
4000
3700
4100
4100
3200
4600
4800
3700
3800
3600
3500
3600
3800
4500
3700
3600
3800
8000
4600
3700
6700
6500
3700
6300
4000
3900
4100
5100
3800
6900
4100
3900
4100
4000
3900
3700
3900
3800
3900
5100
5500
10900
3300
3100
10200
4000
3600
3600
3600
3600
3500
3700
3500
5300
4300
5600
5600
5600
3700
14800
4600
3600
3800
3500
3400
3400
3300
3300
3200
3200
3200
3900
3300
5100
4200
3300
3200
6400
5500
3600
3600
3500
5500
3500
4600
3600
4200
3500
4500
4300
4400
3500
5000
3600
4600
6200
4000
5000
4800
6400
5000
3900
3800
5900
3900
4700
3800
3800
8100
3800
3700
4900
4000
5800
5300
4300
4100
4000
6100
4000
4000
5100
4200
5400
5300
4600
4100
4100
4000
4000
4000
11800
3300
3000
3500
3500
4800
10000
3500
3400
3200
4600
3400
3200
3400
4500
5900
4900
4900
12100
4700
4600
5100
4500
7400
4300
5300
5600
4100
6700
5200
3800
3600
3300
3200
4400
4200
5700
9700
3700
4200
3600
4200
3700
3400
3500
3300
3700
6200
5200
3600
3500
3300
3500
3500
5100
3800
3900
4900
4900
3800
4700
3900
5000
4100
3600
3600
3700
3800
3700
4100
3900
3600
5600
9800
4100
4000
4100
4000
4500
3800
5200
4000
5500
5500
3900
4300
3900
4000
3900
4100
12300
3400
3300
3300
3100
4900
4600
3300
3300
3500
4700
3200
7600
3200
3900
4800
4600
4500
11400
4200
3500
4000
3300
3600
3600
3600
3400
3200
3300
3300
3500
3600
3300
3300
3800
3100
4500
4300
3600
3500
3700
3700
3500
3600
3600
3700
3500
3600
4400
3500
8900
3600
3600
3500
7000
4700
3700
4800
4800
3800
6000
4000
4700
4100
3600
3600
3900
3700
3600
3600
5100
3900
7100
5200
4100
3900
4100
4000
3800
4100
6400
4100
9700
5200
4400
4200
3900
3900
4200
3800
12300
3200
3200
3200
3000
4800
4600
3300
3400
3700
5100
3400
3200
3200
3000
5000
4700
9900
12200
4000
3600
3900
4900
3600
5300
5200
5300
4400
3300
4200
3500
3700
3300
3100
3800
3700
6600
6600
5700
5300
5300
4800
5100
4700
5500
5500
18700
6700
17600
11800
8400
10200
9300
20700
11300
9000
15000
6800
7000
12300
4200
4300
4400
3900
4200
3900
5600
4000
4100
4100
4100
4100
6800
5600
4300
4500
4200
4300
4300
4100
5400
4300
5800
5500
4100
4100
4600
4000
4000
3800
17400
3300
3000
3300
3200
4600
4500
3300
3500
3000
4700
3500
3000
3400
3300
4500
4500
4600
10500
3500
3500
3800
3500
3800
3400
3600
8300
3200
3200
3100
3700
3500
3200
3300
3700
3200
4500
4600
3600
3500
3700
3500
3500
4400
3500
3500
3400
3600
4200
3700
4300
3800
3400
3500
5800
4800
3800
3900
3800
4900
3900
3700
3900
3600
4200
8900
4900
4000
3700
3700
4100
3700
5400
4400
4000
5600
5300
4200
3900
4000
5300
4200
3900
3800
4200
5600
3900
4200
3900
3900
11400
3300
3000
3200
3600
9100
4500
3400
3200
2900
4700
3200
3100
3300
3000
4500
4500
4700
11800
3900
3500
3900
4800
4700
3500
4000
17200
3600
3900
3300
3700
3800
3300
3300
3700
3300
8900
4600
4200
3500
3600
3500
3900
3700
3600
3400
3500
3700
4200
3900
4400
3700
3500
5200
6100
4900
4200
4300
3800
5000
4200
3900
3800
8000
4100
3700
5100
3800
3800
3700
3700
3800
5400
4100
4200
5600
5600
4100
4100
4100
5400
4300
3900
3900
4200
3900
4100
4000
4100
3800
11300
4700
3600
3200
3900
4900
3700
3600
10400
3800
8200
5700
3900
3900
3600
4600
3400
3000
