659100
31000
44100
34900
167200
23800
31000
28100
20200
33400
25300
21600
22400
25200
23400
30700
32300
38100
49800
31800
54200
43700
29500
74400
36400
48000
36200
40100
40000
34300
63200
38400
38600
36500
38600
36600
79500
68800
29300
27100
75100
35400
91500
51900
48800
74700
25500
44400
24600
48000
86400
29800
36400
21600
113000
29700
32400
21600
18500
17400
20200
16700
17800
20300
22400
22500
18400
19600
20400
17500
20600
16200
85300
24500
19800
17600
19300
17700
39600
21000
18500
17900
39300
26200
18000
18700
18800
17100
17400
18400
17700
10600
10200
9500
23300
11400
15600
9300
10100
17100
16200
19300
21700
16600
11600
13100
9500
9200
25700
13500
25700
22600
13400
26400
12500
12500
11500
34100
13900
11900
22800
14000
11900
11900
13200
11200
24200
49500
16200
15000
29200
14400
32000
15200
13400
18300
12700
24900
13800
14500
23200
15500
15700
13200
41800
18200
16100
17000
15400
14900
16000
14600
22600
15500
14500
14700
14500
14000
15000
14400
14600
14700
45800
19600
16800
16700
23200
20100
74300
29300
28600
31800
47000
29700
28600
26600
27700
24600
39800
28300
15700
12900
12500
12200
23400
14000
12800
15200
11900
140200
16300
12900
13500
12600
9700
12300
11000
9500
14100
11800
19700
13100
17200
15700
17600
11400
10600
15500
12400
10700
10700
19100
10500
11100
10300
10300
21000
23300
14200
13700
22100
14300
19700
14600
24600
13200
13700
18600
14400
14400
18500
14500
12900
14200
32200
17000
15200
15000
14100
15100
14300
13700
15600
14300
14800
19600
14800
14100
14400
14100
16100
14200
35500
20600
17500
17100
16200
15700
24800
17000
16600
16400
24400
18300
20700
17500
17700
16300
16100
17800
10100
8400
8400
7800
13500
9800
8400
45500
10200
10600
10600
9200
11200
13900
7200
9500
6900
7200
15700
11000
7500
7100
13100
7800
13800
7300
11000
12300
8300
7200
9100
9500
7300
7800
8700
7400
11000
11000
15500
14600
8200
16800
8700
8400
7700
8400
8000
8000
14300
9900
8300
13100
8200
8500
26700
10800
9000
10100
9400
8600
8600
9100
9100
10400
9700
11700
8200
7100
7400
7400
7200
7400
24500
9800
8300
13800
8900
7500
16500
7800
7600
8200
16200
12700
8700
7800
8400
7900
9000
8100
6100
10500
5100
4400
22000
6000
4900
4600
4500
11500
6600
5900
6400
6100
4900
6300
4800
4700
13300
5300
5400
9500
16100
6800
15000
5600
5200
10500
6100
5400
5300
7900
5400
5900
5700
5200
9800
5900
12300
14500
5900
12800
6600
7000
6400
6200
6200
5900
10500
10200
7200
25000
9200
6500
10800
15700
7300
6700
16200
7300
12800
7600
6500
7300
6400
13900
7000
6600
12400
9500
6900
7300
52000
10000
8600
7700
7600
7300
13800
9300
7600
8000
11000
8400
7700
7600
8100
8100
7700
12800
5800
5300
4600
4300
7900
5100
4300
4200
4100
6600
5500
5300
5800
5400
4700
6000
5200
4700
6300
6400
5100
5800
11400
5000
7500
5200
5600
7200
5600
5600
6100
6800
5500
5600
5500
5200
8700
6100
8700
9500
5800
9400
5700
5700
5800
6400
5900
7300
226000
25300
23300
24800
11700
11200
15100
16200
8300
6400
19000
6600
9300
12500
6900
8200
6600
10200
6200
6200
9500
7100
6400
6200
15000
11900
7000
7000
6600
7200
6600
7400
8100
8600
6900
7100
6800
6900
6900
7400
7000
6900
26800
22400
20000
18600
18800
21100
18800
18300
17800
18600
19600
18300
18200
19000
19000
22300
18400
19300
29200
19400
20400
18800
19100
18800
21600
18600
19700
18900
18600
18900
18500
19100
19000
21300
20000
20700
25500
20500
20100
19100
19900
19600
22200
19300
20400
19200
20100
21600
19700
19400
19000
10700
13900
13200
13500
11700
14600
14000
11800
10900
14100
11100
15300
11400
14500
20500
11300
12300
16000
11600
11600
11700
112600
10800
29900
7700
11000
7300
10900
7300
7300
7900
7100
7000
7800
7100
7300
33500
7700
7300
14700
9600
9900
8600
7800
8000
9200
7700
7900
9700
8900
8500
7900
19500
7700
8000
8000
9000
11900
9200
10200
8700
8600
8700
11100
29100
22000
8300
8300
8200
8400
8700
8500
8300
8500
10500
10500
9500
17600
9200
9400
8900
11800
11400
9500
9000
9200
11700
9000
23800
9400
9200
16300
12100
22700
12400
23500
13200
10300
23700
13700
10200
13000
12200
13200
9900
10000
10200
14400
19100
10000
10200
110200
10100
7500
7500
14800
6400
9700
6200
6200
6200
13900
6600
6100
6900
7000
6300
7100
6600
13400
73800
17500
11600
10000
10900
14900
9100
32600
12300
8000
7700
11000
10200
11300
17400
13200
12900
9600
11400
10300
8500
8300
23000
22900
8000
8100
8000
8700
12100
8100
12600
9200
10500
8100
7900
12500
19600
9700
9000
8800
8900
13400
10000
9200
9100
20700
13100
26700
13200
8900
9200
13100
13400
13400
10300
13400
13900
20600
9400
13500
9800
13200
10000
13900
9600
9400
9500
27200
9800
9600
10900
43500
6400
6500
7400
11100
8600
31200
10400
6300
15000
6000
5800
6900
5900
6200
7200
6400
14300
13400
8500
15100
6700
6600
7500
7500
14200
6900
8100
6700
6600
7000
6800
6900
6800
6900
12600
7700
8900
8900
7400
14300
8400
7600
7300
7400
7700
7900
9100
7400
9500
8700
8600
7500
7700
20100
8400
13400
8000
8000
8300
9900
7900
9900
7900
9000
8000
16800
8400
8200
8500
8300
10000
15700
11600
12000
11700
9300
15900
11200
9300
11800
9200
11300
9200
9400
9300
14100
19800
9400
9500
31200
5900
5600
5600
9000
6000
13300
5800
6500
5900
5600
13900
5700
5700
6000
5800
6100
6300
10100
8400
7800
6600
6500
6500
7900
6800
15100
6600
7000
6700
6700
6700
6900
6900
7300
6900
8100
9200
8400
9000
7500
16500
7300
7400
7300
7300
7500
7500
8100
8900
9200
12900
7500
7600
11000
16300
10000
8300
8000
8100
12300
8100
10500
8100
8300
7900
8000
14300
8400
8000
8600
10700
10000
9200
9000
8800
8600
8400
13500
17200
9700
9000
8700
15200
8800
8700
8900
8600
11500
11400
35900
5500
5700
5700
9100
5500
13400
9100
5900
5800
5700
6100
5600
5800
6200
18000
6300
5900
9100
6700
5900
6600
5300
5200
10100
5400
5200
5400
5500
5500
5900
11900
5500
5500
6800
5600
6200
7500
7000
5800
5800
6900
5900
5800
6000
5900
12600
6000
6000
6900
11700
7200
6200
6100
9300
7000
8000
6600
6600
16500
7900
6800
8000
6700
15400
8300
8200
6900
6800
6700
6800
23000
8700
8000
7100
7100
7400
7000
10300
7600
7200
7200
7600
20600
7500
7400
7400
7500
10200
9400
29100
5500
9400
8200
5100
5400
19400
5200
7800
32600
53000
18800
10100
13000
42500
22200
10200
10100
27500
6600
7100
6600
26300
6500
6500
6300
6200
6300
7200
6300
6500
6700
6500
14300
6500
6500
8500
6800
6900
6800
31800
7200
11600
7000
18200
13600
8200
7000
6900
9400
7300
7000
7000
7000
19900
7700
7300
7400
8900
9000
7700
7400
7700
175600
34600
22300
102000
8300
5000
4000
4200
3600
27000
4500
4000
6100
7700
4400
5800
4400
4500
6100
4000
4200
3900
4000
4600
4200
4100
5600
27400
3400
3500
3300
5100
3200
2900
3300
3400
3100
3000
3600
5300
3200
5200
3200
3000
4600
8400
3200
3200
3600
3200
3300
3700
3400
3200
3100
3300
3300
3600
3600
3400
3300
3500
3100
5100
3500
3600
3900
4400
6400
4000
9000
4800
3500
3700
3500
3400
4300
3600
7300
6400
3700
6200
4600
4600
3800
9000
9100
6600
3700
3900
3800
3800
3600
3600
3800
3800
4000
4100
3800
8300
4200
4000
10000
4000
4000
5800
4100
4000
4200
4100
6400
3600
3700
3900
3800
3700
5700
23800
3800
3300
3300
4800
2800
2700
2800
3100
2800
2600
2800
4900
3100
5400
2900
3200
2800
12400
3200
3000
3000
3100
3100
5300
2900
3200
2900
3100
3100
3500
3500
3900
2900
3500
2900
8800
3400
3400
3700
3300
3300
3500
3300
3500
3200
3300
4800
3700
3400
3300
3200
3400
3200
5000
3700
3500
3600
5600
4900
3600
3400
3800
3600
3500
3500
3500
3600
3600
3600
4000
3500
10200
3800
3600
5200
3800
3900
4800
3900
3800
3800
3700
7900
3600
3700
3600
3900
3800
6300
21800
3100
2700
2800
4700
2900
2600
2700
2900
2900
2800
2800
4900
2900
4600
3000
2800
2800
23900
3500
3000
3100
3100
2900
3700
3000
2900
2900
2900
2800
3500
3200
4100
3000
5200
2900
3800
7700
3200
3400
3300
3500
3400
3200
3100
3100
3300
3200
3500
3300
3500
3600
3400
3600
4600
3300
3400
3600
4600
3600
5000
3700
5300
3400
3500
3600
3300
4400
4100
3400
3400
3400
6700
3800
3600
5000
3700
3600
5100
3700
3800
3700
3700
3600
7500
3700
3600
3700
3700
5200
21400
3100
2700
5300
4600
2800
2900
2700
3000
2700
2700
3400
4600
2900
4800
2900
2900
2900
7100
3200
3300
3200
3000
3000
36500
4900
4300
4300
4500
7000
5400
6000
4800
4200
5100
4200
18700
12700
6100
6200
6200
5700
5900
6400
5700
6000
5900
6000
5800
6100
6200
6200
5600
6100
8700
7300
7400
7100
9600
7200
7000
7600
9700
7900
7700
7300
7100
9500
7800
7500
7500
7200
10500
8700
8700
9900
11800
13000
9100
8900
9000
9100
8800
8900
13000
8900
9000
9900
10000
8600
28900
9300
9000
9000
11900
10100
9000
9300
8800
8900
8900
9700
11300
9100
11600
9700
9400
9500
8800
5300
4400
5600
4600
4700
4900
4400
4200
4100
4500
4400
5100
4900
4300
4200
5400
13800
10900
6700
3600
3600
3500
3700
3400
4000
3200
3200
3500
3300
3400
3400
3400
3200
3600
3300
4600
3700
3700
3600
13200
3800
3800
3700
6200
3900
3700
3700
4800
4900
4100
4100
3700
3600
5300
4100
3900
4300
7200
5600
4200
3900
4000
7100
4100
3900
4100
3900
4100
8600
4100
4000
28700
3700
3200
5100
3600
3200
4900
3400
3400
3300
3400
3100
3200
3200
3100
3200
3200
5200
18500
4100
3700
5200
3500
3200
3400
3300
4800
3200
3300
3100
3100
9200
3200
3100
3100
3100
13400
3600
4900
4500
3400
3500
4800
3400
4400
3400
3500
3500
4100
3400
3700
3500
4700
3400
5500
3900
4000
4000
3700
5200
3800
3800
5500
3700
5400
4400
4900
3900
3700
6000
4100
5200
10300
4400
4200
4100
4000
4100
4100
6200
4100
4300
4200
8000
4200
4200
4300
4200
4100
7700
23300
3500
3400
3400
3200
3500
6600
6100
7700
3300
5400
7900
3500
5500
3400
3600
3500
3300
7700
3800
3300
7500
3300
3400
4000
3400
3100
3400
3000
3200
3500
3100
3200
3100
3400
3300
4400
3600
4900
6000
3300
3500
4600
3500
4500
3300
3900
4300
6500
3400
3400
3300
3800
3400
5400
3800
4400
3600
3800
9900
3800
3800
5300
3800
3900
3700
5200
4100
3800
5300
3800
5200
6500
4100
4200
4100
4100
4000
4000
6300
4000
4700
4000
6300
4300
4000
4500
4300
4200
6200
22200
8300
3400
3200
3100
3400
5400
5800
5500
3400
5500
3800
3500
6600
3200
3500
3200
3200
8600
3400
3300
3800
3300
3200
3800
3300
3500
3300
3200
3200
3800
3100
3100
3700
3900
3200
5600
3500
4700
3700
3500
3600
3700
3400
3700
3500
3600
3500
3700
3400
3400
3500
3600
3400
5100
3900
4000
3700
3900
5300
3800
4400
5200
4100
4000
3700
5300
3600
3900
5300
4100
7000
6800
5200
8400
4100
3900
4000
4300
6000
4000
3900
4300
5800
4200
3900
4000
4200
4000
6200
24400
3300
3600
3200
3200
3300
5400
5500
6600
3200
5300
3200
3400
9800
3300
3300
3400
3200
7000
3700
3400
3900
3300
3400
3700
3300
3100
3400
3100
3300
3800
3100
3100
3000
4000
3700
5300
3600
4800
3500
3600
3600
3700
3600
3600
3400
3500
3400
4000
3500
3300
3300
3600
3400
4700
3700
5700
6400
3800
3600
9400
3600
5200
3800
3800
3800
4100
4200
3700
3600
3800
3800
6100
4100
5700
4100
3900
4300
5600
6100
4100
4100
4200
6200
4200
4100
4000
4400
3900
6100
24400
3900
3400
3200
3200
3200
5200
5700
5200
3200
5200
3100
3600
5900
3200
3400
3500
3200
6200
3600
3200
4100
3200
3100
3700
3200
3200
3100
3300
3300
3700
3100
3300
3000
3600
3100
5000
3700
4500
3600
3400
3500
3900
3400
3300
3400
8100
3400
3800
3500
3700
3700
3500
3600
4700
3800
7000
5000
3700
3800
4900
3900
4800
3900
3700
4100
4700
3500
155000
12600
10500
4800
12100
4700
6400
8300
4600
7700
4900
4600
6400
4700
4500
4500
6500
4800
12000
6800
4700
6400
29100
3600
3800
3400
3200
3400
6800
6700
5500
3400
5300
3300
3800
5900
3600
3800
3600
3300
6400
3600
3300
3900
3300
3300
5300
3400
7600
3200
3100
3300
4100
3200
3200
3200
4500
3200
5600
3500
4800
3700
5600
3800
4400
3700
3300
3900
3600
3600
3500
3500
3300
3300
3600
3300
5400
6100
5900
5800
3800
3600
5500
3800
5700
4700
4000
3700
3800
3500
4400
3700
3800
3600
9900
4100
4100
4700
4500
5900
4100
4000
6100
4100
4000
3900
5800
4200
4000
5700
4000
6200
23000
3600
3500
4100
3400
3300
3500
6600
3600
3700
3600
9700
3700
3400
3700
3600
3300
12800
13900
4000
3500
3100
3000
4700
3100
3000
2800
2900
2900
2900
3700
3000
2900
2800
3100
2900
4500
3700
4100
4300
3500
3200
3400
4100
3200
3300
3200
3300
3100
3200
3300
3300
3200
8400
5000
3600
3500
3400
4900
3600
3600
5000
3700
3500
3600
3500
4900
3700
4700
3700
3500
3500
6300
4000
3800
5600
3700
4100
4500
3900
3900
4000
3700
5400
5700
3900
5700
5600
7800
7400
23800
5200
3400
3300
5200
3000
3100
3400
3100
3000
3000
3300
5500
3200
3100
2900
5600
2900
7000
3700
2900
2900
2700
3100
2900
2800
3000
3100
3400
2900
3300
3200
3300
2900
3300
7500
4800
3200
4000
4200
3300
3100
3300
4100
3500
3300
3200
4700
3200
3100
3300
3100
3200
4000
5500
3900
3500
3300
4800
3600
3700
4700
3500
3300
3800
3400
5400
3400
4600
3400
5000
3500
5900
3900
3700
9500
3800
4000
5000
3700
3800
3800
3900
5400
5500
3900
3700
5600
3900
5600
22900
5200
3000
3000
5300
3100
3000
3200
3400
3000
3000
3200
5400
3000
7100
2900
5300
3000
7400
3400
2900
2900
3000
2900
2900
2900
2900
3600
3800
2800
3600
2900
3500
4900
3200
3500
3900
4500
3500
3200
3200
3200
3400
3100
3600
3200
3100
3200
5700
3500
3200
3300
3200
3300
4800
3500
3400
3400
4600
3800
3500
8700
3700
3400
3500
3500
4700
3700
4600
3600
3400
3700
5700
3800
3700
5300
3800
4000
4000
3700
3800
3900
3700
5400
5400
4100
4200
6000
3900
6000
21700
9600
2900
3200
5500
2900
3000
3300
3500
3000
3000
3000
5500
3000
3200
3000
5000
3500
26600
9400
3100
2800
3100
3000
3000
3100
2800
4700
3800
2900
3600
3200
3500
3100
2900
3400
4100
4100
3500
3100
3300
3300
3500
3200
3200
3700
7900
3400
4300
3400
3300
3200
3200
3400
4700
3500
5000
5000
3700
3400
4800
5400
3400
3700
4000
4000
3400
3500
3600
3500
3500
4900
5600
3800
3800
5500
3800
4000
3800
3700
3700
3900
3800
5300
9300
5900
3800
5500
3900
10500
22300
5200
3000
3100
5100
2800
3000
3300
2900
2900
3100
3200
5300
3000
3000
2800
5300
2800
6100
3100
3600
2800
3100
3000
2900
2900
7100
2900
3600
3900
3700
3000
3500
2900
2800
3400
3900
4500
3800
3200
3300
3400
3300
3100
3100
3500
3200
6300
4500
3100
3200
3200
3400
3200
4600
3600
4900
5200
3600
3400
4100
5300
3700
3400
3500
3500
3600
3500
3400
3400
3600
4700
5700
3900
3700
3900
5600
3900
4000
6100
4000
3800
3900
3800
5500
3800
6900
5500
4800
4000
21200
5100
3300
3200
5100
3700
3000
3100
2900
3000
3000
7300
5300
3300
3100
2900
24200
17100
8500
4800
4200
4200
4600
28000
8500
5000
5100
5200
7900
9200
6900
58700
10700
5000
3400
9900
8400
8300
6600
6200
6000
6200
6200
5800
6100
5900
6000
5700
8600
6500
5800
6000
5600
6000
8600
6500
18900
9000
6900
6500
6500
10100
6500
6700
6600
6400
6400
6900
6700
6800
6500
9200
11100
7400
7500
7400
11800
7700
7500
10800
7200
6900
8500
7200
10900
7300
18200
7000
7000
7000
56700
7200
6400
10000
5500
5500
5500
5500
5400
5000
5200
9300
9500
5400
5300
9600
5600
9500
16700
5700
8400
6300
5400
6500
6200
5400
5000
6200
6200
5200
6400
5000
5300
5300
5300
4300
8100
7100
6400
5600
5500
8700
5700
5800
8500
6700
6600
7100
7500
8500
9200
9000
6300
5900
10200
10100
11900
6300
6200
6100
6500
6200
8800
6300
6500
6200
8700
6300
6900
6500
10000
9500
14200
7100
6900
7000
7000
6600
8700
7100
6500
6700
11800
7000
6700
6900
7000
10300
6600
10200
52700
10400
5600
5600
5500
8400
5700
5900
6000
5300
5400
5500
5400
5500
5600
9800
5800
5800
14400
6200
5500
6300
4900
12600
5700
5900
5500
9500
5300
4900
4800
5100
5100
4800
4900
5600
7600
5500
5600
5600
5300
7300
5500
5500
7200
5500
5500
5600
5500
8400
9900
7400
5900
5500
8000
9700
6700
7100
7000
6800
6700
6900
8400
6700
6200
7600
9400
6500
16500
6200
8800
8500
16600
6400
6300
6400
6700
6400
6900
6500
7300
6700
10600
6900
6400
6900
6600
12000
6900
11200
48000
10300
11400
5800
5600
5800
5500
5500
5600
5300
5300
6000
5500
5300
5600
10700
6500
5400
13000
5400
5000
9100
4900
6100
5500
5000
5000
5000
4900
4900
4800
5500
4800
5100
4800
5900
6800
5100
7700
7400
5700
5300
7900
5600
5600
5400
7600
5700
11300
5700
5600
5500
5800
5600
9900
9300
6200
7000
6300
6100
6100
6100
9300
6700
6600
6200
9100
6400
6500
6800
9300
11700
15000
8400
6900
7100
6900
6700
7000
7500
7300
6900
10700
12800
7300
6500
7100
10500
7200
10900
73700
12300
6500
6300
5900
6600
6200
6100
6600
5500
10000
5500
6200
6200
5600
10200
5200
16100
12300
6300
5700
6600
5400
6400
11900
5700
5700
5700
5400
5500
6400
5300
5400
5500
5200
8900
8100
6300
8500
8400
6000
6200
8100
6100
5900
6400
8600
6200
7200
6100
6000
8800
6100
17700
8600
6600
6700
6800
7000
10100
9600
6800
10200
8300
9600
7000
6900
9700
16000
9500
7100
7200
14900
7800
7100
7100
7400
7100
7800
7400
7000
7200
13000
7800
7400
7400
7900
11200
8600
10800
52300
12300
10600
4200
3600
5600
5600
3600
5100
3700
3400
3300
4000
3600
3300
6500
3800
4300
11900
3900
3400
4400
4500
3900
3300
3500
3400
3300
3300
3200
3500
3200
3100
3200
3200
3700
4600
3500
4800
4800
3600
3900
4700
3600
3700
3400
4800
3600
3700
3500
8600
3400
3900
3500
5300
4800
4000
3900
3800
5600
4000
4000
5300
3900
3800
3700
4600
5400
5600
5300
3800
4100
5900
6600
4400
4500
4200
4200
4400
4100
6200
4200
6000
4400
10300
4200
4400
4400
6200
6300
28200
5700
3700
3500
3300
3400
3400
3400
3500
3600
3500
3200
3500
3200
3300
5700
3500
3200
9200
3800
3300
3800
3400
3700
3100
3200
8000
3300
3200
3200
3100
3200
3100
3200
3200
3800
4100
3600
5000
5500
4100
3600
5100
3600
3400
3700
4500
3500
3800
5400
3700
3400
3800
3500
5100
3900
4900
4400
3900
5500
3800
3800
6900
4000
3900
3800
3800
5300
5800
5200
4000
3900
5700
6100
4500
4400
4100
4300
4000
4000
5900
4200
4200
4100
6000
4100
4300
4100
6100
6400
28200
3600
3400
3500
3400
3300
3500
3300
3800
7800
5500
3600
3300
4200
3400
5700
3400
5400
11700
3800
3600
3400
3400
3500
3300
3800
3300
3300
3300
3200
3300
3200
3200
3300
3200
4500
5100
4600
3800
3800
3700
3900
3800
4600
4400
3600
8500
4400
3600
3700
3700
3600
4700
4300
5500
4100
4200
3900
3900
7100
4100
4000
4400
4000
4000
4000
4000
4300
6200
4000
4500
3900
8300
4400
5000
4200
4600
4300
4300
4400
6000
4500
6100
4300
4300
4100
8500
4300
4200
4200
23700
4400
3600
7200
3500
5400
3500
3300
3500
4100
3200
3300
3500
3400
5400
5500
3600
3300
9700
3600
4100
3200
3100
3300
3800
3200
3100
3300
3700
3300
3300
3400
3600
3600
3400
4700
9200
4800
3700
3600
3500
3800
3700
4400
4700
3800
3500
4700
3600
4300
4100
3900
4400
3600
5700
3900
3900
3700
4000
5100
4100
3900
3900
3800
4300
4000
3900
4400
5400
3900
4000
4000
7700
4300
4200
4100
4300
8700
4200
4100
5900
4100
6300
4200
4400
4100
4100
4200
4400
4200
22700
3400
3400
6800
3300
5600
3300
3100
3300
3500
3200
3400
3300
3600
5600
6700
3500
3400
9700
3800
8100
3400
3900
3400
4300
3300
3800
3400
4300
3200
3300
4900
3400
3900
3600
3300
4400
4000
3700
3600
4900
3900
3700
3600
3600
3800
3500
3500
3500
3800
3700
3700
3500
5300
5300
4000
4100
3900
3800
5400
4000
4000
4100
3900
3900
3800
4100
3800
5500
3900
3900
3900
12500
4200
4200
4200
4300
4200
4200
4900
19000
4700
6600
4200
4400
4100
6100
4300
4200
4200
15700
3800
3400
6700
11200
5300
3300
3300
3500
3900
3200
3300
3200
3300
10000
5600
3400
3100
9400
3800
3300
3300
3300
3200
3900
3200
3100
3600
3800
3800
3200
3700
3200
3800
3200
3400
4200
3600
3700
3600
3400
3400
3600
3600
3400
3500
3500
3600
3400
3300
3500
3600
3500
4600
5400
5100
3900
3800
4000
4200
3800
5100
9600
3800
3800
7800
3900
3700
3900
3700
5100
3900
7800
4200
4300
4200
4200
4200
4400
4000
5700
4000
5800
4100
4200
4100
4200
4000
4300
5400
16300
3300
3400
6500
3300
9300
3600
3200
3200
3200
3200
3400
3100
3500
5300
5400
3300
3000
9300
3600
3500
3600
3100
3900
3900
3300
3000
3300
3700
3300
3200
3600
3200
4400
3200
3100
4400
3600
3500
3900
3500
3400
3400
4000
3600
3500
3500
3600
3600
3500
3500
3500
3600
4700
9500
5400
3900
3700
4000
3800
4000
5100
5300
4100
3700
5100
3900
3800
3900
3800
5100
3900
5600
4100
4300
4000
4100
5700
4500
4300
4200
4000
4300
4100
4100
4700
6700
4300
4100
4600
18000
3600
3400
6200
3400
5200
3200
3200
3300
3200
3200
3100
3300
3300
5500
6600
3500
3300
7900
4100
3400
4700
3300
3200
4200
3300
3000
3500
3900
3200
3200
3900
3300
3800
3200
3100
4200
3600
3500
3400
7900
3600
3400
3600
3600
3400
3700
3400
3500
3700
3500
3500
3500
4900
4900
5300
3800
3800
3900
3800
3800
5100
5300
3800
3700
5300
4000
3900
4400
3800
5200
3900
5600
4400
4100
4100
4100
5900
4300
4200
4100
8300
4100
4300
4100
4200
6700
4100
4100
4300
14700
4100
3400
3200
3400
4300
3900
3900
8000
3900
6300
3700
4000
3900
3900
3800
3800
3900
11300
4000
3700
3500
3400
3500
4400
4200
3400
5100
3300
4100
3600
3400
3400
3900
4200
3400
5100
3900
4000
5200
5100
3800
5200
4200
3800
3800
4100
4800
3700
5600
3900
3800
4000
4100
5900
4400
5700
4200
4200
4300
4400
4300
7700
5300
4300
5700
4300
5700
5400
7100
4100
4200
12600
4500
4500
4500
5700
4700
4400
4700
4700
7700
4500
4400
5600
4500
4600
7600
4500
7600
20500
6200
4100
6200
4000
4500
3700
3500
5400
3600
3800
3800
4300
3500
4000
6000
3800
3400
9200
3900
3700
3600
3400
3600
4000
3500
3700
3400
3700
4300
3500
4000
3500
4400
4200
3600
5000
4100
4000
5000
5100
3900
9600
3800
4000
4100
4900
5000
3600
4700
4500
3700
3700
3700
5900
4100
6100
3800
4300
4000
3900
4100
5700
4100
4000
4100
4100
4700
4000
5700
3900
4200
9200
4100
4400
4200
4800
4600
9200
6000
4300
6000
4300
4400
4300
4300
4300
6500
4400
6300
13000
5800
3600
6100
3600
3700
3800
3400
3400
3400
3600
3700
3500
3500
3600
5700
3500
3400
9100
3700
8100
3700
3400
3500
4300
3300
3300
3300
3600
4200
3600
4200
3400
4100
4300
3600
4600
3700
3700
4000
4000
3600
5300
4800
3700
3700
3700
3700
3600
3700
4000
5000
5800
4400
6000
4000
4000
4600
5500
4000
4000
4200
5700
4200
4000
4100
9300
4600
5700
6200
4300
4100
8300
4400
4400
4300
4200
4600
4200
4900
4200
6400
4500
4100
4300
4500
4400
6400
4300
6400
13300
6400
9300
6700
3700
3700
3500
3300
3400
3400
3500
3300
3600
3400
3700
5800
5300
3400
9500
3700
3700
3600
3400
3500
4100
4400
3700
3400
3700
3900
3500
3800
3600
3900
3800
5600
4500
4000
3900
3700
3700
3700
5000
5400
3900
3700
5300
5000
3800
3600
3900
11700
5100
3900
5300
4400
4000
5600
5400
4100
5900
3900
8400
4200
4100
5700
5700
6400
4900
4200
4300
4100
8500
4200
4400
20100
4800
4400
11800
4300
4200
19700
6200
6100
6700
5500
6300
10100
6100
7100
20800
6300
5200
6000
3700
3400
4000
4200
3900
3000
3300
3200
3100
3100
3500
10800
3400
3100
18500
3800
3400
3200
3300
3800
3800
3600
9400
3300
3200
4100
3800
3800
3200
4200
3700
3300
4300
3700
3700
3700
3600
3600
5300
4900
3700
3400
3400
3600
3800
3700
3400
5100
5000
3500
9500
4000
3900
5600
5700
3800
5600
4000
4400
3800
3800
5500
4000
6100
3900
5800
3700
3900
5700
4100
4300
4000
3900
4300
4100
4600
7000
4700
4200
4400
4400
4200
4100
10700
4100
4300
13200
5400
3400
5800
3300
3200
3300
3000
3100
3000
3300
3000
3100
3100
3400
5500
3300
3100
9900
3600
3800
3800
3300
3300
3900
3500
3100
3200
3300
4100
4200
4300
3500
3800
3700
8300
4700
3600
3700
3500
3600
3500
4900
4800
6200
3600
3500
3700
3500
3900
3400
4600
4600
3500
4900
3700
3900
5500
5200
3900
5500
3800
4000
5500
4000
5500
3800
5800
3900
3700
3700
3700
15100
4100
4100
4100
3900
3900
4200
4100
6000
4000
3900
4300
4700
3900
4200
6500
3900
4100
14700
3200
4100
3100
3100
3500
3000
3300
3000
5400
3300
3000
3800
3000
3700
10000
3300
5300
13200
3700
4400
3600
4000
3400
3500
3700
4700
3600
3500
3400
3800
3600
3700
3700
3700
3700
5100
3800
3700
4800
4400
3600
3600
3700
4900
3700
3700
3800
3600
3600
3600
5300
3700
3700
14200
6600
4700
4100
4200
4300
4000
4100
18400
4000
4000
4100
3900
3800
5200
4000
4600
4300
6500
4500
4500
4300
4200
4300
4600
4100
4400
4300
4300
4200
6000
4500
4200
4400
6100
4300
17800
5200
3400
3300
6800
5700
3800
4100
3900
3800
5600
4400
3900
3700
3900
4300
3300
5000
11000
3800
3500
3500
3800
3400
3400
3500
3700
3400
3300
3400
3500
3600
3400
3300
4700
4200
5100
3800
8500
4500
3800
3800
3500
3700
4600
3700
4100
3600
3800
3600
3500
3700
3800
3600
7000
5100
4000
3800
3800
3900
4200
3900
5100
4000
3900
4500
4100
3700
4900
4000
3800
3900
6300
4100
4500
4000
4000
4000
4200
4000
4200
8400
4300
4100
6500
4300
4200
4300
76300
7200
20300
6300
3900
3700
6000
4900
3500
3300
4100
3300
5100
3700
3700
3100
3300
3300
4900
5200
10900
3900
3500
3400
3400
4000
11500
3400
3300
3400
3500
3600
3600
3400
3300
3400
4000
3800
4900
3800
4500
3700
4300
3600
3700
4600
4400
4200
3700
3800
5800
3900
3600
3900
4300
4500
7000
5100
4300
4100
4200
3900
4300
4000
5200
4800
4800
3900
4200
3900
10400
4100
3800
4100
6500
4200
4700
4200
4200
4100
5100
4200
4400
4100
4600
4200
5800
4400
4500
4500
4900
4000
19000
5200
3300
3300
5500
4700
3300
3200
3400
3200
9800
3500
3500
3000
3300
3100
3400
5000
11700
4400
4600
3300
3700
3500
3600
3400
3600
3400
3700
3700
3600
3600
3400
3600
4000
3900
4600
3600
6700
4300
4900
4600
3800
4900
4500
5000
3800
3800
4500
4400
3600
3400
4700
4900
5600
10700
4200
5300
5100
3800
3800
3800
5300
3900
3600
3800
3600
3700
3900
4700
5400
3700
6300
3900
4200
4500
3900
3700
5400
4000
4000
3900
5100
3900
5600
4000
3700
4800
4000
12300
14800
4800
9100
3100
6900
5600
4000
3100
3000
3100
4400
3300
3100
3100
3100
3100
3300
4700
11700
4600
3500
3400
3500
4000
3200
3300
3400
3300
4100
3000
3200
3900
3300
3100
3600
3700
3900
3400
4400
5000
4200
3400
3500
4100
4100
5200
3700
8200
4000
3400
3800
3400
4000
4300
5000
3700
3700
4900
3800
3900
3600
3800
4800
3600
3600
3700
3600
3600
3600
4100
3600
3500
7200
5500
4300
4000
3900
4000
4100
3900
5400
4100
4000
4100
4000
3900
10000
4000
4100
4000
14200
4500
3100
3200
4900
4900
3000
3000
3000
2900
5900
3400
3000
2900
3100
2900
3000
4500
11400
4000
3500
3200
3500
3300
3300
5200
3500
4500
5300
4400
3300
9300
3300
3800
4500
5600
4800
3700
4500
3800
4300
3500
4100
5900
6300
4400
3800
3800
4800
4200
3600
3400
4300
4100
5000
5400
4100
4900
3800
3700
3700
3800
5200
3700
4500
3700
3800
3500
3800
3800
3900
3700
12300
5900
4200
4000
4100
4300
4400
4100
7200
4300
5100
4200
4000
4100
5500
4300
3800
4300
11800
3500
3200
3000
3500
3000
2900
3200
3200
3100
3500
3100
5000
7800
3400
3300
3300
2900
20400
4900
3800
5100
4100
3500
3300
4100
4000
3400
3300
3500
3300
3200
4000
3600
3900
4200
5200
4700
4400
4200
3600
3700
4400
3700
3600
3800
3500
3600
3400
8400
3600
4900
3500
4600
5800
50600
11000
7200
7600
17500
20600
4600
3900
3800
4600
3800
3800
3700
4000
5300
5100
3900
6700
5600
5700
4000
4500
5600
4000
6000
4100
4300
3900
4000
4600
4200
5600
4000
4200
5200
14800
3400
3200
8900
3300
3300
4900
3100
3200
9100
4400
3100
3400
3200
4400
3200
5700
6900
13200
4400
9200
3300
3200
3900
3600
3300
4000
3800
3800
4400
3400
3300
3700
3300
4000
3200
5300
4500
3600
3500
3500
3900
4100
3600
3400
3400
3400
3600
3500
3500
3400
4600
3400
4300
5800
3800
3700
3800
3600
3700
10300
3800
3800
3700
3600
3700
4000
3600
3700
5000
5000
3700
5900
6000
4300
3800
3900
5700
4000
4000
4000
4200
3800
4700
4300
4000
4200
4200
3900
4100
11800
7500
3200
4800
3200
3000
3100
3200
6700
6000
3200
3100
4100
3200
3000
3300
4900
4900
11800
3800
3800
3300
3400
3700
3600
3500
3600
3900
3600
3200
3200
3300
3600
3500
4000
3400
10200
4700
3600
3700
4400
3800
3400
5000
3500
3500
3500
3600
4300
3700
5000
3500
3600
3600
5600
4000
4000
3800
3900
3900
5900
3800
3700
3900
3700
3700
3800
3800
3600
5000
6600
4000
10200
5500
4000
4200
3900
5500
4100
4000
3900
4800
4500
4000
4000
4200
4000
4000
4100
4200
12500
3300
3300
4900
3400
3200
3200
3200
3400
7800
8900
3300
3300
3400
3100
3000
4900
4800
10600
4500
3900
3500
3400
3800
3300
3400
3600
3600
3800
3300
3200
3200
3700
3300
3600
3400
5100
4400
4000
3500
4500
3700
3500
4500
3500
3600
3500
3600
3400
8000
4400
3600
3400
3500
4900
5300
3800
3900
3700
3900
4900
3900
3900
3800
3600
3900
3700
3600
3900
4900
3800
5000
6000
5500
3900
3900
4100
5300
4100
4100
9500
4000
3900
4100
3900
3900
4100
4200
3900
3900
12300
3200
3000
4800
3100
3100
3300
3000
3100
7300
3500
3300
3200
3200
3100
3400
4600
4900
11700
4100
3700
7700
3400
3500
3400
3300
3400
3700
3500
3300
3200
3400
3400
3300
3600
3300
5100
4600
3700
3500
4800
4000
3500
4700
3500
3800
3400
3600
3800
3500
4400
3500
3500
3600
5500
6200
4000
3800
4300
3800
4600
8300
3800
3700
3700
3800
3700
3800
3800
4900
3700
5000
5600
4100
4000
4000
4100
4000
5900
3900
4000
4100
3800
4000
4100
3800
3900
5700
5600
4100
12600
3100
7500
4700
3000
3200
3200
3000
3300
5700
3300
3100
3100
3200
2900
3000
4900
5500
9600
4200
3800
3400
3600
3700
3400
3300
5200
3700
3900
3300
3700
3600
3700
3500
3900
5000
9700
4700
3900
3600
4600
3800
3600
4300
3900
3600
4100
3800
13200
3800
4600
3600
3600
3600
5600
5100
4000
3700
3900
3800
5000
3700
3900
3800
4200
4800
3800
3700
4000
5100
3900
9400
7500
4400
4000
4000
5100
4300
6100
4000
4300
4000
3900
4000
4100
3900
4500
5700
6300
4200
11800
5300
3400
3200
3500
6800
4500
8300
3300
3300
4100
3100
3300
3100
3200
3300
3200
3200
