1088900
13600
8600
7000
6300
6700
5400
5100
11000
6000
8800
5200
6400
5400
5500
10800
9200
5300
6000
4700
5200
6000
5200
5300
5700
10900
8300
5600
5200
5400
5300
9900
9600
5600
5500
5000
7800
5300
5300
5200
5600
5200
9800
6700
5600
6200
6500
9400
10000
5900
5400
8400
7100
5600
6200
4900
5200
5800
15300
5100
4900
4600
4300
6700
8600
4700
4500
5500
5200
5200
5700
5400
5600
15100
16300
8000
8400
6600
8600
9000
10900
5700
5900
5100
5600
10700
6300
5400
5800
5000
8300
6500
6100
5500
30700
16700
10600
6900
4300
4300
3600
7700
3800
3800
3600
3400
3400
3800
3300
4300
3400
3900
3900
4000
3300
3300
3500
3600
3400
4000
3900
3700
3500
3200
3300
4200
3600
11000
3800
3500
3300
3600
3300
3100
3400
3600
3300
3200
3300
4900
3800
4200
3700
7700
3500
3700
4500
3400
5500
3200
16100
3900
149900
47800
24300
6700
4000
13100
3200
3700
4100
3400
3600
2800
3000
2800
2900
3300
3300
2900
3800
3200
3000
3200
3100
2900
3200
4100
3000
2800
3700
2900
2900
4200
3400
3100
3000
2800
3500
3500
2900
2900
7100
3500
2800
2600
5600
2400
2400
3000
3200
2500
2300
2300
6500
3000
2900
3900
8400
3400
3100
3200
3400
3200
3200
3300
6100
3400
4200
3200
3400
3200
3100
3000
4200
3300
3100
3200
3000
3100
3300
2900
3400
3200
3100
3100
3100
3300
3100
3100
3000
3100
3300
3100
3000
3000
3200
4200
2900
3100
2900
3000
3200
3000
3100
6000
3600
4000
3300
3300
3300
3000
3100
3100
3000
3000
2700
3400
2900
23700
3300
2600
2600
2500
2400
2500
10600
2800
2700
2500
2500
2600
2400
2400
2500
3400
2500
2600
18100
3200
2700
1900
1800
1600
1600
1500
4200
2200
2200
3300
2200
2200
2300
2500
2400
2200
6200
2200
2500
2400
2200
2200
2300
2200
2300
2600
2200
2300
2300
3500
2300
2200
2200
2300
2200
2200
2100
2200
2700
2400
2300
2400
2400
2200
2200
2300
5500
2400
2200
2200
2200
4400
2400
2300
2300
2300
2300
2300
2300
2000
2100
2300
2400
2200
2400
2300
8500
2400
2300
2300
2100
2200
2300
2400
2300
2200
2200
2200
2500
2300
2200
2300
2200
2300
2300
2300
2300
2200
2400
2300
2200
2200
2400
5300
35100
1300
800
11500
900
800
700
700
700
700
3600
900
800
700
700
800
1000
1000
700
700
800
800
1000
700
800
800
700
5800
800
800
4100
3300
1200
2000
800
800
700
1500
900
1100
700
800
800
700
700
900
800
800
800
700
800
800
800
900
800
900
900
800
700
800
700
800
800
1000
900
1600
1200
900
800
900
800
800
700
800
1000
700
800
800
700
800
1100
900
800
900
800
800
1000
800
700
800
800
800
800
800
800
2900
3400
900
700
700
900
800
700
700
700
1300
1200
800
700
700
800
900
800
600
600
700
900
700
600
700
700
700
900
700
600
600
600
700
1000
800
600
600
700
700
8600
700
700
700
600
600
900
700
700
600
700
700
1000
700
700
700
700
700
900
1000
1400
800
700
700
600
800
700
700
800
700
600
700
600
800
700
700
700
700
700
700
700
700
1300
700
700
800
600
700
1100
800
700
700
700
700
900
700
700
2300
2200
1800
800
600
700
700
900
700
600
700
700
600
700
800
600
700
800
1400
700
800
700
600
700
800
700
700
600
600
600
600
600
700
700
700
600
700
700
700
700
700
700
600
600
600
700
700
900
600
800
700
600
700
900
700
600
700
700
600
900
700
700
600
600
700
5700
700
700
800
600
900
700
700
600
600
700
900
600
700
700
700
700
900
700
800
700
700
600
900
700
600
700
700
600
600
600
700
4300
4400
1200
600
600
700
600
600
800
600
600
600
600
600
900
600
800
700
600
600
900
600
600
600
500
600
800
600
700
600
600
700
700
600
600
600
600
600
600
700
600
500
600
600
900
600
700
700
600
1500
700
700
600
600
600
600
600
600
600
600
600
1000
800
700
1200
700
700
800
700
700
600
600
600
600
5300
700
600
600
1000
700
800
700
700
600
600
1500
700
600
700
600
600
900
600
700
700
800
1300
900
800
700
600
700
600
700
800
700
800
600
600
600
600
600
700
600
1900
900
600
600
700
600
700
900
700
700
700
600
600
600
1200
600
600
600
800
700
600
600
1300
700
800
600
700
600
600
600
1100
700
600
600
600
600
800
600
700
700
600
1100
700
700
700
600
800
600
700
800
800
600
5200
700
1300
700
700
700
800
600
600
600
700
600
900
600
600
600
700
600
900
600
700
600
700
600
800
600
2700
700
600
800
600
800
600
700
600
700
700
900
700
900
700
600
1000
900
800
700
800
800
800
900
700
5000
600
600
600
900
2100
700
1000
800
700
900
700
600
600
700
700
800
700
700
700
600
800
2100
1100
600
500
700
800
600
600
600
700
500
5300
700
600
700
700
700
1300
600
700
600
600
600
800
600
600
600
600
700
600
600
600
600
700
800
600
700
700
800
1100
900
600
700
700
700
700
900
600
600
