965000
8500
5700
4500
3900
4200
3600
9500
7400
4300
12600
6400
7900
5800
7600
10100
9600
7100
7800
6500
6400
6400
5900
6300
5700
12100
9100
5600
5000
5700
5300
9200
9000
6400
6100
5400
5500
5500
4700
5900
7400
5600
9500
7400
5800
5100
6300
26900
19100
8000
6600
9500
7600
6400
32300
10200
5500
5700
6800
4400
4000
3800
8300
12400
8600
4100
4100
4600
3900
3700
3500
3700
3600
3700
5900
8400
7900
6000
4200
6000
5800
4200
3500
3300
3300
3400
4500
3700
3600
3300
5300
3700
3300
4400
3700
5400
8900
5600
4100
3900
3500
3400
4500
3700
3300
6400
7400
3900
3800
4200
3500
3400
4100
3400
3400
4000
3500
6000
3700
3500
3300
3800
3400
3400
3400
4000
4200
11900
5100
3900
4200
4300
3700
3600
3600
3200
3900
3300
71000
5800
5000
5600
4300
3800
4500
3700
3700
3700
3600
3700
3900
6100
7000
5000
3900
4600
5400
4500
3800
3900
4900
3900
7300
3900
3600
3300
4400
3600
4300
4000
4500
4400
4200
4700
3900
3700
4600
4600
3900
3900
3600
3600
5800
4700
4100
3900
3600
3700
5600
4600
4400
3800
13700
6900
4000
3700
3300
3900
3200
3400
3300
3700
3400
4400
5400
3200
3200
3500
3300
3000
3300
3500
3400
6800
3300
3000
3600
3100
3200
3300
3200
3200
3100
3400
3300
3000
3200
4400
3000
4300
3200
3200
3000
3000
3300
3200
3100
3200
3100
3200
3200
3100
3200
3100
3100
3100
3000
3000
2900
3300
3000
2900
3100
3000
3200
6000
3700
9100
3300
3300
3100
3100
3100
3200
9700
2900
2900
3000
3000
3300
3000
3000
3100
3000
3100
3600
3100
3000
3100
3000
2900
3200
3100
6300
2900
2700
2700
2900
28400
2800
2200
1800
1600
1700
5700
2100
2900
2300
2300
3800
2700
2600
2300
2300
2500
2300
6500
2400
2500
2300
2200
2400
3000
2300
2500
2500
5600
3200
2500
2900
5000
2700
2500
2500
2500
2400
2400
2500
2900
2500
2500
2700
2500
2500
2400
2800
2500
2700
2500
2400
2600
3600
2300
2500
2400
2300
2600
2500
2300
2400
2300
2400
2500
2400
2600
2300
2300
2300
2600
2600
2500
2400
2200
2300
2200
2400
2400
2700
2500
2400
2400
2400
2400
2900
2500
2400
2400
2300
2400
2900
2300
2500
2500
9200
10800
5200
1700
1800
1300
1300
1300
2100
1800
1600
1300
1400
1300
1300
1200
1200
1300
1200
1300
1200
1200
1100
1200
1300
1500
1500
1700
1300
1200
1300
4200
1400
1400
1200
1300
1300
1300
1300
1300
1300
1300
1300
1300
1800
1700
1200
1300
1400
1400
1300
1200
1300
1300
1500
1200
1300
1300
1300
1300
1500
1400
1400
1200
5000
2000
2000
1900
1700
1800
2000
1800
2100
1800
1600
1800
1900
1800
2000
1700
1800
1900
1800
1900
2100
1900
1800
1700
1700
2700
1500
1800
1800
1800
1900
1900
1900
21100
1700
1200
1300
12100
1800
1200
1100
1400
1100
1100
1200
1000
1100
1100
1000
1300
1000
1000
1000
1200
1100
1100
1200
1200
1000
1200
1100
1200
1100
1000
21300
3200
2100
1700
1900
1700
1600
2000
1600
1700
1700
1700
1800
2000
1800
1700
1700
1800
1800
1700
1700
1700
1800
2100
1600
1800
1800
1600
1700
1800
1900
1700
1700
1800
1700
1700
1900
1800
1700
1800
1800
1800
1700
2000
1700
1800
1800
1700
1700
1800
1800
1700
1700
1900
1700
1600
1600
1600
1600
1700
4300
1600
1700
1700
1700
25500
1100
700
700
1600
700
700
600
700
700
1500
700
900
700
700
600
1400
700
600
700
600
600
3700
700
600
700
600
600
1200
700
600
700
700
700
1000
700
700
600
700
600
800
600
600
700
600
600
800
600
700
700
700
700
700
600
700
700
700
700
700
700
600
700
600
900
700
600
700
600
600
900
600
600
800
700
700
600
600
600
600
700
1000
700
600
600
700
600
600
600
700
900
700
900
700
600
700
600
5000
1300
1700
1200
1000
1200
1400
1100
1100
1200
1100
1100
1400
1100
1200
1300
1400
1200
1100
1800
1100
1100
1200
1200
1200
1200
1200
1100
1100
1300
1100
1300
1100
1100
1300
1200
900
1100
1100
1100
1200
5700
1200
1800
1100
1100
1400
1100
1300
1000
1000
1000
1300
1100
1100
1100
1100
1200
1400
1200
1200
1200
1000
1200
1200
1100
1200
1100
1100
1300
1100
1200
1100
1200
1100
1300
1200
1100
1100
1200
1200
1300
1300
1800
1100
1100
1100
1500
1100
1100
1100
1100
1000
1400
1100
1200
3800
1700
1200
1200
1100
1100
1500
1100
1300
1100
1100
1100
1100
1100
1100
1100
1800
1100
1400
1100
1100
1100
1200
1200
1200
1100
1100
1100
1300
1600
1100
1100
1600
1200
1400
1200
1200
1100
1200
1200
3800
1200
1100
1100
1200
1100
1300
1200
1300
1200
1200
1300
1200
1200
1000
900
1300
1000
1000
1000
900
1000
1400
1200
1600
1100
1200
1200
1400
1200
1200
1100
1200
1100
1200
1100
1200
1100
1100
1300
1300
1100
1100
1100
1200
1300
1100
1100
1200
1100
2400
1200
1200
1200
1100
1200
2800
1700
1200
1000
1100
1400
1100
1000
1000
1000
1100
1200
1200
1300
1000
1000
1200
1100
1200
1500
1300
1000
1000
1200
1100
1400
1000
1000
1200
1100
900
1400
1300
1100
1100
1400
900
1100
1000
1000
1200
1200
1100
1000
1100
1000
1100
1000
1500
1200
1000
900
1200
1200
1400
1100
1100
1100
1200
1100
1200
1100
1200
1000
1400
2100
1300
1100
1100
1100
1100
4900
1000
1100
1100
1100
1200
1100
1000
1100
1100
900
1000
1500
1200
1000
1100
1200
1000
1200
1100
1100
1200
900
1000
1400
