1098100
12300
8100
8500
6100
7400
5300
4900
10700
5600
8600
5500
4900
4600
5300
10400
8400
6200
6100
5200
5300
23100
10900
5800
5300
10200
9300
4100
5200
4200
3500
6600
6400
4200
3800
3500
4200
3700
4200
4400
4700
3600
5800
4600
3800
3700
4100
6300
7100
4100
4500
5200
4100
4600
3900
3800
3700
3800
6200
3800
3500
4000
3800
7200
8900
3800
3800
3600
4700
4000
3500
3800
3700
9000
11600
4200
5100
6300
4600
6100
6300
3800
3700
3700
3600
5700
4500
4000
3900
3800
6600
4200
3700
3900
8500
8900
10100
5600
4200
3800
3600
3700
3500
4000
3600
6300
3600
7400
4300
4800
4100
4500
4600
3900
4400
3700
3700
3400
3700
4500
3900
3900
3500
3800
3600
4200
3600
12800
4500
4000
3700
3600
3700
4000
4000
4100
4200
6600
3500
4300
4100
4400
3700
6900
4000
3900
3500
3400
3400
3700
3500
3400
6000
4500
4500
3800
3400
4400
3700
3900
4300
4000
3800
3400
4300
4800
3700
3600
3500
3500
4300
4100
3500
4500
3500
4300
5000
3900
3600
3300
6900
5200
832200
8500
5600
4200
4900
9600
8000
4400
3200
2800
10300
4200
3100
2800
2700
2500
2400
2900
2500
3000
2500
2500
3800
4400
2700
2700
2700
2600
2500
2500
2400
2800
2400
5400
2500
2400
2600
2700
2500
2500
2400
2400
2600
2700
2600
2500
2400
2400
2700
2800
2400
2400
2400
2500
2400
2600
2700
2500
2700
2500
4100
3000
2200
2500
4100
2900
2400
2200
2300
2300
2400
2600
2400
3900
2600
2800
2600
2300
2400
2300
2300
2300
2500
2200
2300
2400
2500
2300
2800
2300
2900
2300
2300
2200
5500
2500
2300
2200
2300
2300
3300
2300
2300
2200
2200
2200
34300
4300
2900
2900
2400
129200
37400
3200
2700
2400
2200
394900
9600
2600
2000
2000
6800
2200
1900
2000
1900
2000
2200
2700
2200
2100
8800
3800
2800
5500
2100
576100
4800
3300
2500
8100
2100
2000
1800
1800
2100
1900
2300
1900
1900
1900
2000
1900
2200
2100
1900
2100
1800
3700
1900
1800
1900
2000
1900
1900
1900
1900
2000
2500
2200
2000
2000
1900
2200
2200
1900
1800
5000
2000
1900
1900
1900
1800
1900
1900
2300
1900
1900
2000
1800
1800
1800
2000
1900
2100
1900
1900
2100
2000
2000
26500
13100
15100
1500
1400
1300
1300
1300
1500
1200
1300
1200
1300
1200
1400
1200
1300
1300
1200
1200
1500
1200
1300
1300
9700
1300
1700
1200
1200
1200
1400
1200
1300
1400
1300
1200
1300
1400
1200
1200
1100
1200
1300
1300
1300
1300
1200
1200
1100
1300
1200
1200
1200
1200
1200
1900
1200
1200
1300
1200
1400
2600
1400
1300
1300
1400
1300
1400
1300
1300
1300
1400
1500
1300
1300
1300
1200
1200
5300
1500
1300
1500
1400
1500
1400
1400
1300
1300
1300
1500
1200
1300
1400
1300
1300
1300
1400
6400
1700
1500
2000
1300
1900
1400
1200
1300
5300
1400
1200
1300
1400
3600
1700
1500
1300
1400
1300
1500
1300
1400
1400
1300
1400
1600
1400
1300
1500
1400
21900
2700
1900
1700
1400
1400
1400
1900
1500
1400
1400
1400
1300
1600
1600
1400
1400
1900
1700
1500
1400
1300
1400
1400
1500
1400
1400
1300
1300
1400
1600
1400
1400
1500
1700
1300
1600
1300
1500
1400
1300
1400
1300
1600
1400
1600
1500
1400
1700
1700
1300
1500
1500
1600
1800
1500
1500
1400
1600
1600
1400
1400
1500
1500
1300
18200
1100
800
1000
800
700
800
900
600
600
600
2300
700
3500
700
700
800
700
600
1100
700
700
700
600
700
800
600
700
600
700
600
700
700
600
700
600
700
600
700
600
700
700
800
600
700
600
700
700
900
600
700
1100
900
700
600
700
600
600
600
600
800
600
700
800
700
800
600
1100
700
600
700
800
700
700
600
600
700
700
700
700
700
800
700
800
700
700
700
700
700
1100
700
600
700
600
700
900
1700
800
700
700
700
700
700
800
600
700
600
600
600
600
800
800
700
700
700
1000
900
700
700
700
600
700
800
700
600
600
700
700
3700
800
800
700
600
700
800
700
700
1300
700
700
700
600
700
600
700
800
700
600
700
600
600
900
700
800
700
600
600
900
600
600
800
700
700
1000
600
600
700
600
700
800
600
600
600
600
600
700
800
700
1200
700
700
800
600
600
600
700
600
800
600
600
700
600
4700
3400
1000
800
1000
800
800
800
900
700
900
700
700
800
800
800
900
900
1000
800
900
900
800
1300
900
800
800
900
700
700
700
600
900
900
900
700
600
700
700
900
700
600
700
600
600
700
600
600
800
600
900
700
700
700
700
600
600
600
700
600
600
800
600
700
700
600
1000
900
700
700
600
700
600
4000
700
700
600
700
600
900
700
700
700
700
800
700
700
700
700
700
1200
800
600
1300
700
700
2600
900
700
1000
700
600
700
600
700
700
600
600
600
600
1000
600
1000
700
800
700
700
700
600
600
700
800
600
600
600
600
700
900
1200
600
700
700
700
700
700
700
600
600
700
600
600
700
600
600
1500
600
700
600
600
600
800
600
700
700
600
700
800
800
700
600
900
1900
800
700
500
700
700
900
600
700
700
600
700
900
600
700
800
600
900
900
600
600
700
600
900
600
700
700
700
600
600
600
