1091100
12800
8200
6900
5800
6000
5400
5700
11900
8800
9100
5700
5000
5200
5200
10800
9900
8200
5900
5000
5000
6700
5400
5000
5400
11500
9100
5800
14200
7100
5100
7700
6900
5200
4100
4000
4300
3600
3600
3800
4200
3700
6000
5100
4100
4200
4100
6100
6700
4100
4500
5200
4200
3600
4000
3700
4400
4100
5600
4200
4000
4800
3600
8900
8000
4600
4000
3700
4500
3700
3900
3800
3900
9200
6800
4400
5200
4000
3700
5300
6900
3800
3600
3600
3400
5900
4800
3800
5000
3900
5900
5000
4100
3700
8500
9400
10700
6200
5300
5300
5100
4700
4900
4400
4400
4700
4500
4900
4600
23200
6400
5500
5300
4900
4600
4000
4100
3900
3700
4700
4400
4000
3800
3900
3700
4600
3800
12400
4500
3800
5200
4500
3700
3900
3800
3700
3600
3900
3600
4000
3800
5000
8900
3800
5100
4000
4000
3700
3700
5000
4000
4700
8600
4300
3900
4800
3800
5100
4200
4100
10900
4700
3700
3800
4600
3800
4300
3900
3600
4400
4900
4800
4000
4300
3600
3600
4400
4300
4500
3800
7800
5100
4000
3600
3700
4200
3700
3800
4700
4400
3700
3700
7300
3800
9600
2800
2800
2800
2400
2500
2600
2500
2400
3200
3600
2500
2600
2500
2500
2600
2800
3300
2900
2600
2400
2300
2600
5300
2500
2500
2600
2500
2400
2500
2500
2500
2800
2500
2600
2400
2600
2600
2700
2400
2400
2500
2500
2400
2600
2600
4200
3200
2600
2500
2300
3300
2600
2600
2500
2400
2500
2500
2600
2600
2400
4100
4700
3000
2600
5300
2400
2300
2500
2400
2400
2700
2400
2500
2300
2300
2600
2400
2600
2400
2500
2300
2500
2200
3600
2500
2400
2400
3400
2700
2400
24800
11000
4900
16200
4300
3400
3400
2900
2900
5300
2900
2900
2700
2800
4100
2800
2800
2600
3200
3600
2900
2900
2900
2900
2700
3200
2900
3000
3000
2800
2800
8500
2900
2800
3500
3000
4300
2900
2800
2700
2900
2700
2900
2800
2800
2700
2800
2900
2800
2800
2800
2900
2700
2800
3200
2800
5100
2800
3000
2800
3100
2700
2800
2800
2700
2600
2900
2800
2800
2800
2700
2700
2900
2800
3000
2700
2900
2800
3200
2600
2900
2800
2700
3100
2800
3600
2700
7400
2400
2500
2400
2400
3000
5500
2400
2400
2400
11700
9100
25100
2200
1500
1400
1900
1500
1400
1500
5000
1900
2000
1900
1700
1800
2100
2000
2300
1900
2000
2100
2000
2100
2400
2100
2000
2300
2000
2000
2100
2200
2000
2100
2000
2200
1800
2000
2100
2000
2100
2300
1900
2300
1900
1900
1900
1900
4500
2100
2100
2000
2000
2300
2100
2800
2000
2000
2000
2000
2000
2000
2000
1900
2000
3700
2800
1900
2000
2000
2100
2200
2100
1800
1900
1900
2300
2200
1600
1700
1900
1800
3200
2300
2000
1800
1800
1800
1900
2100
1800
3000
5600
2000
2000
2200
1900
2000
6600
18700
12300
1400
1200
1300
1100
1400
1100
1100
1100
1100
1200
1300
1100
1100
1200
1300
1200
1300
1100
1100
1100
1100
1200
1400
1100
1100
1100
1100
1300
4400
1700
1900
1700
1600
1800
1700
1800
1700
1900
1700
1700
1800
1600
2000
1700
1700
2100
1700
1800
1600
1700
1700
1900
1800
1700
1700
1800
1700
6100
2100
1700
1900
1800
1600
1700
1700
1500
1700
1700
1800
1700
1700
1700
1800
1600
1700
1700
1800
1700
1800
1700
1800
1700
2000
1800
1700
1700
1700
1700
2000
1700
1700
1700
1700
4400
20000
900
1000
800
700
600
900
700
700
800
700
600
800
2000
700
800
800
900
700
600
700
700
700
800
700
700
1100
1300
700
800
600
1000
700
700
700
800
600
700
700
700
700
800
700
600
500
600
600
1300
700
1200
600
700
600
800
700
700
600
600
600
800
700
600
600
700
700
600
700
700
700
600
700
800
1100
1800
600
900
900
600
700
700
600
600
900
600
600
600
600
600
800
900
600
600
600
600
700
3900
1800
1600
1200
1200
1200
1200
1200
1300
1100
1200
1100
1200
1100
1100
1100
1300
1100
1400
1500
1100
1200
1100
1100
1100
1100
1100
1200
1100
1100
1100
1100
1300
1100
1100
1100
1200
1100
1100
1100
1200
1300
1200
1900
1200
1200
1200
1500
1200
1200
1100
1200
1200
1200
1200
1200
1200
1200
1100
1100
1100
1100
1200
1200
1500
1200
1200
1200
1800
1100
1200
1200
1000
1000
1200
1100
1100
1100
1100
1000
1400
1000
5200
1100
1100
1100
1000
1100
1400
1100
1200
1800
1100
1000
1200
1000
1800
900
600
3400
700
700
700
600
600
800
700
600
700
600
600
800
800
600
600
600
600
600
900
600
600
600
600
700
700
600
600
600
800
600
600
600
800
600
1100
600
700
600
600
600
800
700
600
600
800
800
600
700
700
900
700
700
700
700
700
600
800
700
600
600
800
900
600
700
600
700
700
800
600
700
700
700
700
900
600
600
800
800
700
600
700
700
700
600
600
600
700
700
700
600
700
600
4600
3200
1500
700
800
600
700
600
600
600
1300
700
600
700
600
800
1100
600
600
700
600
700
900
600
600
600
600
600
600
600
600
600
1000
800
600
600
600
600
700
800
700
500
600
600
700
800
600
700
1300
600
600
700
600
600
600
600
900
700
600
600
700
600
800
600
800
700
600
3800
700
700
700
600
600
800
600
900
700
600
700
500
800
700
600
900
800
600
700
600
700
600
900
700
900
1000
1400
1000
