1466100
14700
10700
7700
7600
7500
5900
13200
6200
6300
9800
6300
30400
15700
9300
13200
12500
7200
23700
12300
6500
6500
5800
6100
4400
14700
10400
6200
8100
7500
5400
8900
10500
7200
5200
5900
6600
6600
5900
5300
6800
4500
14400
7600
5500
5900
7000
9200
10000
6600
7600
8300
7800
5100
8300
6400
4700
5800
6800
5100
4300
4100
7300
9100
7700
6000
5000
4300
4500
4000
4000
5200
5300
22000
22900
7900
16900
6300
5600
10200
9600
6400
6200
6100
5200
9600
8200
5600
5400
5700
9500
5300
7100
6800
5600
8200
16400
7200
5100
4600
4300
5400
4300
4400
3900
5400
4900
8500
4500
4900
4200
3800
5300
4800
4100
3700
4900
4100
4300
4000
4300
4100
4200
4000
4100
4500
4900
33200
6000
4800
4400
3900
4000
4000
4000
4200
4100
4500
4100
5200
4500
5200
4500
7900
5400
6100
5100
4600
4600
4500
4100
5700
5200
5300
4700
5500
7500
4700
4200
4800
4900
4100
4200
4100
8400
4500
5600
5600
4800
4300
5700
5300
4500
4900
4100
4100
4400
4700
4000
5400
5000
4900
4700
5000
6000
5800
5100
4700
5000
6300
4800
6000
18200
5000
3600
2700
2500
2500
2600
3400
2600
2500
2500
2300
10000
3200
3100
3200
4400
8400
3300
3600
3500
3600
3400
3300
3400
3600
3100
3200
3400
3200
3200
3600
4800
3600
8900
3700
3400
3400
3300
3000
3200
3200
3700
3300
3100
3000
4600
3300
3900
3900
3400
3400
3200
3100
3400
3100
3300
3200
3500
3200
3200
3000
3100
6200
4100
4100
3300
3100
3500
3200
12400
3400
2900
3000
3600
2900
3100
3300
3200
26400
4900
3600
3000
2900
2700
3500
2500
2900
2600
2400
2500
4500
2500
2800
2600
2500
37300
5000
3100
3200
2900
2300
8500
2600
2500
2900
2800
4100
2500
2400
2300
2600
3000
2600
8500
2500
2400
2400
2500
2500
2600
2400
2600
3300
2300
2400
2500
4000
6400
2600
2500
2500
2300
2500
2700
2600
2900
2400
2600
2400
2500
2400
2700
3200
3400
2700
2500
2600
2600
4600
2500
2700
2400
2400
2500
2600
2500
2600
2400
2600
3100
2500
2600
2900
2600
2500
2400
2600
2300
2600
2300
2500
2500
2500
2500
2700
2900
2600
2500
2400
2400
2400
2600
2500
2500
2300
2300
2400
2500
2700
3000
5700
45800
2400
1500
16300
1500
10000
1700
1300
1300
1400
1400
1300
9500
1200
1300
1300
1700
1300
1500
1400
1600
1300
1300
4500
1600
1200
1200
1300
1200
1200
1500
1300
1500
1400
1200
1400
1400
1300
1400
1300
1300
1300
1300
1400
1300
1300
1200
1600
1600
1300
1200
1200
1200
1200
1200
1200
2100
1200
1500
1200
1200
1300
1200
1100
1600
2800
2000
1100
1100
1100
1300
1000
1100
1000
1100
1100
1300
1100
1900
1100
1600
1300
1000
1100
1000
1100
1100
1200
1000
1100
1200
1000
1100
1200
1100
1100
5900
1400
1300
1600
1200
1200
1200
1300
1300
1300
1100
1200
1200
1300
1000
1700
1300
1300
1300
1200
1000
1200
1200
1000
1000
1100
1000
1000
1200
1200
1100
1100
2200
1300
1200
1400
1100
1300
2600
1400
1200
1200
1200
1100
1200
1200
1100
1200
1500
1000
1400
1300
1100
1000
1200
1300
1500
1200
1200
1100
1200
1200
1500
1200
1200
1200
1000
1100
1200
1200
1500
1200
1000
1300
1700
1600
1000
1100
1300
1200
1400
1200
1100
1100
1200
1300
1000
1300
1000
1000
900
1000
1300
1200
1100
1100
6100
2000
1600
1200
1200
1200
1700
1200
1100
1300
1100
1100
1100
1200
1200
1400
1600
1300
1200
1000
1100
1300
1000
1200
900
1100
1100
1100
1100
1200
1100
1100
1800
1000
2300
1200
1200
1100
1300
1000
1200
1300
1100
1100
1500
1000
1000
1200
1500
1100
1100
1200
1000
1000
1100
1000
5500
1100
1100
1100
1200
1100
1300
1100
1200
4600
1200
1000
1100
1000
1100
1100
1100
900
900
1000
1000
1000
1000
1200
1500
1100
1100
1000
1000
1200
1000
1000
1100
1200
1100
1400
1000
1100
1100
1100
5600
2100
1300
1200
1600
1200
1300
1100
1200
1200
1400
1100
1200
1200
1100
1500
1700
1600
1100
1100
1200
1200
1400
1200
1100
1100
1100
1200
1300
1100
1200
1200
1300
1500
1400
1200
1100
1100
1100
1100
1400
1100
1200
1200
1200
1100
1100
1000
2100
1000
900
1200
1300
1200
1200
1200
1200
1100
1400
1200
2100
1200
1100
1200
1600
1300
1300
1100
1200
1200
1400
1200
1100
1100
1200
1100
1400
1000
1200
1200
1400
1200
1400
1100
1100
1200
1200
1400
1300
1200
1200
1200
1200
6700
1300
1200
3900
900
1100
700
800
700
700
800
700
600
800
700
700
700
700
900
800
700
700
700
700
900
700
600
600
700
700
900
700
600
700
700
1100
700
700
700
700
700
800
700
900
700
700
700
900
700
700
1200
900
700
700
700
600
700
700
1700
1500
700
600
600
1700
700
700
700
1900
1000
2400
900
600
700
800
700
1700
800
600
700
700
700
700
600
1000
700
600
1700
700
700
600
600
700
1600
700
600
600
600
1600
700
6300
3400
700
800
1000
1200
800
800
800
1000
700
700
600
1000
1100
2700
1400
1200
1100
1200
1000
1100
900
1200
1100
1200
1000
1100
1300
1200
1100
1300
1200
800
800
1100
1100
900
900
700
700
700
700
4300
700
700
600
600
1100
800
800
600
800
700
700
1000
600
700
700
700
700
800
600
600
900
700
800
700
700
600
1200
800
700
700
700
600
600
600
800
700
1000
800
700
600
700
600
700
600
700
700
900
600
600
700
600
700
