730800
9100
7700
5000
4400
4500
3800
4300
8700
4200
7900
5400
4000
4000
4000
11900
6800
4300
5300
3800
4100
4400
3800
3800
4100
8200
8200
4200
3900
4200
4100
6300
6300
4100
3800
3700
3900
3700
4400
3800
4000
3900
7500
4900
4000
4100
3700
7200
6800
4300
3900
5500
4200
4100
4500
4300
4300
4100
6000
3900
3900
3900
3900
6000
6600
4100
3700
3700
3900
3800
4000
3700
4500
9900
6600
4700
5500
4200
4500
6200
8200
4100
3700
3700
3800
7600
5700
4400
4400
3800
6000
4600
3900
3700
9300
9300
9800
5300
4200
3200
4200
3600
3400
3400
3100
5900
3400
7400
3600
3700
3400
6100
10200
3400
3200
3600
3400
3200
3400
3200
3300
3200
3200
3200
3600
3500
3200
9600
3800
3600
3300
3300
3200
3200
4300
3600
3700
3400
3300
3200
3600
3600
3200
5500
4900
4000
3500
3500
3300
3200
3200
3700
6100
3400
3300
3300
3200
4300
3600
3600
4500
4600
4300
3500
3500
3300
3700
3500
4600
3800
4500
3800
3500
3700
3200
3200
3200
3400
4200
3300
3600
5100
4200
3600
4100
4100
3400
3300
4300
4100
3500
3800
8400
15300
4500
4400
3500
3200
2900
3000
3600
3000
3100
3100
8800
3400
3000
3100
3500
3900
3300
3200
3100
2800
2900
3000
3000
7400
3100
3000
2900
2900
3100
3600
3300
3100
3400
3000
3000
3500
2800
2800
2900
3000
3400
3400
3000
3100
3000
3400
3300
3300
3100
3100
3800
5000
3200
3100
2900
3400
3300
2900
3000
2900
2900
5400
3900
4000
3300
3000
2900
2900
3300
25500
3000
2600
2500
2400
2600
2500
2400
2400
2800
2600
2600
2400
2300
2400
2500
2400
10500
2700
2600
2500
2400
4100
2900
2500
20700
3600
3200
2500
2400
2400
2300
2200
7700
2500
2300
3500
2200
2300
2300
2300
2500
2500
6800
2300
2600
2300
2200
2600
2300
2400
2100
2300
2200
2300
2300
2300
2200
2200
2600
2400
2700
2500
2300
2200
3300
2300
2300
2500
2300
2300
2200
2400
2400
2100
2200
2200
2200
4000
2300
2300
2300
2300
2200
2600
2400
2400
2200
3500
2400
2500
2100
2300
2300
2200
2200
2600
2300
2200
2200
2200
2400
2400
2200
2300
2400
2300
2300
2300
2300
2200
2200
2400
2400
2300
2300
2400
2200
2400
2300
8700
43700
10800
2300
1400
17900
2100
1300
1300
1700
1300
1300
1200
7500
1400
1900
1300
1600
4700
1300
1300
1600
1200
1300
5100
1300
1700
1500
1400
1300
1200
1200
1300
1700
1300
1400
1300
1300
1400
1400
1300
1300
1300
1300
1300
1300
1400
1300
1300
1400
9300
1400
1300
1300
1300
1300
1200
1300
1400
1300
1300
1900
1200
1300
1300
2100
1400
1500
1600
1400
1500
1400
1400
1100
1300
1600
1200
1300
3100
1400
800
1100
700
600
700
600
800
700
600
700
600
1400
900
600
600
600
600
1300
1000
800
600
600
600
700
600
700
600
700
600
1000
800
800
600
600
700
600
800
700
500
600
600
600
800
600
600
700
600
600
900
800
800
700
600
800
700
900
700
700
700
600
700
3600
600
600
700
700
900
1000
700
700
600
600
800
700
700
600
700
700
900
700
600
700
800
600
700
600
600
600
700
800
1100
1600
700
600
600
600
700
900
700
700
600
700
600
900
600
700
600
2100
700
600
1000
700
600
1300
700
700
600
600
800
700
600
600
600
600
800
600
600
600
600
700
700
600
700
600
600
600
600
600
1100
800
600
700
700
600
600
800
600
900
700
600
600
800
700
900
700
600
700
700
600
800
700
800
600
700
700
900
700
700
700
700
600
1000
600
600
600
600
4900
900
600
600
600
600
900
600
700
600
600
600
800
700
700
600
600
700
900
700
600
600
700
600
800
700
900
700
600
600
700
700
600
3800
1200
1000
1100
1100
6800
1400
1100
1100
1100
1100
1300
1100
1100
1100
1200
1200
1100
1100
1400
1100
1000
1100
1300
1100
1100
1000
1100
1100
1200
1000
1100
1100
1100
1200
1100
1000
1100
1000
4100
1100
1000
1800
1000
1100
1000
1200
1100
1100
900
1100
1000
1200
1000
1000
900
1000
1000
1200
1000
1000
1000
1300
1100
1400
1100
1000
1800
1100
1100
1300
1100
1100
1200
1100
1000
1300
1100
1100
1100
1100
1100
1300
1100
1100
1000
1100
1100
1300
1100
1100
1100
1000
1100
1200
1000
7400
4500
1200
1200
1100
1100
1200
1000
1200
1000
1100
1100
1300
1200
1200
1200
1400
1100
6700
1200
1100
1200
1100
1000
1300
1100
1200
1100
1100
1100
1100
1100
1500
1100
1100
1100
1100
1000
1000
1100
1100
1200
1100
1100
1100
1100
1100
1600
1700
1100
1200
1100
1000
1300
900
900
1100
1300
1100
1200
1100
1000
1200
1300
1200
1200
1200
1200
1100
1300
1200
1700
1100
1000
1100
1000
1100
1100
1200
1100
1400
1100
1200
1100
1100
1100
1000
1100
1100
1500
1100
1200
1000
1100
1100
1100
14800
900
900
700
600
500
600
1400
600
600
500
800
700
800
600
500
900
600
800
700
600
600
600
700
800
600
700
700
600
700
800
600
1500
600
600
700
5400
700
600
500
600
600
800
600
600
600
700
500
900
600
600
600
600
800
500
600
500
600
600
1100
600
600
600
600
700
600
600
500
600
500
800
500
600
500
600
600
800
600
600
700
800
600
800
600
600
600
600
700
900
700
600
600
700
800
600
600
