773800
8700
7300
4800
4100
4500
3800
3600
8200
5300
7200
4300
3900
4100
4100
8600
7000
4000
4500
3800
3600
4300
3800
4900
4200
8100
8200
4100
4600
4300
4000
6200
9000
4000
3700
3600
4000
3600
3800
3900
3800
3500
6300
4700
4300
4400
4000
6100
6200
3700
4400
5900
4400
3800
3900
3600
3900
4200
5700
3800
3800
3700
3500
5900
6100
3800
3700
4100
3800
3800
3700
3800
3700
8900
6700
4300
7500
5600
4100
6000
6200
3900
3700
3700
4500
7200
7100
4100
4200
3800
5700
3900
4000
3500
11000
9100
11700
5500
4000
3500
3600
3600
8600
3700
3400
3300
3500
3400
8300
21600
6700
4900
4400
3700
3400
17600
4800
4100
3800
3700
3800
3500
3400
3400
3200
4200
3700
14200
11500
5300
3600
3500
4400
3100
3900
2800
2700
3200
26400
8400
4600
3700
3700
3600
3700
3200
3100
15100
4800
3500
3000
4600
3100
21000
3500
14700
5000
12200
3200
3300
4400
3100
4400
2900
2900
3000
3000
3400
4400
3200
3800
3700
3100
3100
3100
3000
3100
3000
3300
3900
7200
2900
3000
3200
3000
2900
3200
3100
8100
3300
3100
3200
6500
3100
2400
2700
2200
2300
2200
2100
2600
2800
2600
2800
4300
3800
2800
2500
3000
2700
3100
2900
6000
2800
2600
4700
3100
2800
2900
2700
2700
2700
2700
3100
3100
2700
2600
2700
3000
2900
2800
2600
2600
2600
2700
2500
3100
3800
3100
3000
3100
2900
8300
3100
2700
2900
3000
2900
2800
4700
2900
2900
3200
3300
2800
5100
3200
4400
3200
2800
2800
3000
2800
3200
2900
3100
2800
2900
2800
3200
2900
2700
3000
6300
2800
3000
2700
2700
2800
2700
2800
3000
2700
2600
2800
2700
2700
3100
38800
4000
2700
2500
2100
2200
2000
2000
2000
2600
2000
1900
2000
2000
2000
2200
2000
1900
2200
1900
2200
2000
1900
1900
1900
1900
2100
1900
1900
1800
8000
3000
13800
1900
1800
1600
1500
1700
2000
1500
1600
1400
1400
1900
1500
1700
1500
1500
1600
1600
1600
1800
1400
2800
1500
1600
1500
2100
1500
3700
1400
1400
1400
1900
1600
1600
1700
1500
1400
1400
1400
1600
2300
1500
1500
1400
1500
1600
1800
1500
1800
1400
1500
1400
1400
1400
1700
1400
1400
1400
1400
1400
1600
1500
1500
3600
22600
3300
1200
1100
1200
900
1100
800
800
1000
800
800
1000
800
900
900
1100
800
900
800
800
800
800
800
1100
900
800
900
900
900
1000
800
1000
900
800
1000
900
900
800
900
700
800
1100
900
800
800
800
800
800
800
800
800
800
900
1100
800
800
800
800
900
800
800
1200
900
1000
1500
1200
900
800
800
900
800
1000
800
800
800
800
800
800
700
900
900
800
1000
700
800
800
800
800
1100
900
1700
900
900
900
5000
6400
19800
1400
13000
1400
1400
1200
1200
1200
1100
1300
1400
1000
1000
1000
1200
1500
1200
1200
1200
1200
1100
1200
1200
1200
1100
1100
1200
1300
1200
1300
1100
1400
1200
1900
1300
1200
1100
1100
1200
1200
1200
1100
4300
1300
1200
1000
1200
1200
1200
1200
1400
1300
1100
21600
1300
1200
6000
1100
1200
1200
1100
1200
1400
1200
1300
1300
1200
1200
1500
1500
1300
1300
1200
1300
1200
1400
1200
1200
1300
1400
1200
1500
1300
1000
900
1200
1300
1300
1200
1200
1200
1200
1300
1500
1100
3500
1400
1600
1200
1100
1000
1000
1100
1100
1100
1500
1200
1100
1100
1300
1100
1100
1100
1100
1000
1200
1000
900
1200
1000
1100
5200
1100
1000
1000
1000
900
1400
1100
1300
1000
1200
1200
1400
1100
1100
1000
1000
1400
1300
1200
1000
1000
1200
1100
1000
1100
1200
1000
1100
1200
1100
1000
900
1000
1000
1200
1100
1200
1100
1000
1100
1200
1100
1000
1100
1000
1200
1400
1100
1000
1000
1100
1000
1300
1200
1100
1100
1100
1000
1100
1100
1000
1100
1200
1300
1200
1100
1100
1100
1000
3100
1400
1400
1200
1200
1200
1100
1100
1100
1100
1200
1200
1200
1000
1100
1200
1500
1000
1100
1400
1000
1100
1300
1100
1100
1200
1000
1100
2100
1100
1100
1100
1200
1100
5100
1100
1100
1100
1100
1200
1200
1100
1200
1100
1100
1400
1100
1100
1100
2000
1100
1400
1100
1000
1100
1200
1100
1200
1200
1200
1100
1100
1300
1200
1200
1100
1000
1000
1000
1100
1100
1000
1100
1200
1200
1600
1000
1000
1100
1100
1200
1000
1100
1000
1000
1000
1100
1300
1100
1200
1000
1100
1100
1400
1200
1300
5800
3700
1300
1400
1300
1200
1200
1300
1300
1400
1200
1100
1200
1100
1600
1000
1300
1200
1100
1000
1400
1200
1500
1200
1100
1100
1300
1100
1100
1100
1100
1400
1500
1100
1100
1100
1200
1400
1100
1200
1100
1100
1100
5000
1200
1200
1000
1200
1300
1400
1100
1200
1200
1200
1400
1200
1100
1200
1200
1300
1000
1000
1000
1100
1300
1300
1100
1000
1100
1000
1100
1300
1100
1100
1200
1900
1100
1200
1100
1100
1200
1100
1300
1100
1100
1100
1000
1000
1300
1100
1000
1100
1000
1000
1300
1100
10400
3600
17100
2300
1100
1800
1500
1200
1100
1400
1200
2800
1100
1100
1100
1400
1600
1100
1100
1000
1100
1100
1200
1100
1200
1000
1300
1000
1100
1000
1100
1100
1900
1100
1100
1100
1100
8100
1100
1000
1100
1000
1000
1300
1100
1100
1200
1000
1500
5200
1100
1100
1000
1100
1100
1200
1100
900
1100
1100
1000
1100
1100
1100
1200
1100
1200
1000
1100
1000
1000
1100
1300
1100
1000
1000
1100
1000
1000
1600
1200
1000
1000
1600
1100
1100
1000
1000
1000
1200
1000
1100
1100
1000
1100
1300
