754500
9300
5900
4700
4000
4500
4600
4000
8200
4100
8800
4700
4600
4000
4400
7800
6600
4100
5400
3700
3800
4400
4000
3600
3900
8300
6000
4600
3700
4200
3900
6300
6500
4100
3700
3700
4500
3800
3700
4500
5300
4200
6200
4600
4400
3800
3700
6600
7300
4100
3800
5800
4100
3700
4100
3600
3800
4000
5700
4400
3800
4200
3900
5800
6400
3700
3800
4100
4100
4400
3700
4500
3800
86100
13200
5600
10200
5500
5500
6200
6500
3800
3600
3700
3900
9400
6600
4300
4000
3600
5600
4300
3700
3600
9800
9400
7700
4000
3200
3300
3000
3000
2900
3400
3100
3100
2900
3000
3100
6300
3100
2900
3800
2900
3100
2900
2900
3000
4500
3000
3100
2700
2800
2800
2900
3400
3000
26700
8600
5400
5200
4400
5200
3900
3900
6300
10800
4300
3900
10400
3900
4500
3500
10100
3900
3500
3700
3700
3500
6100
3700
3400
4100
4400
3500
3500
3400
4900
3700
3700
3600
3500
4500
3700
3400
3400
4100
3900
4200
3500
4400
5100
4000
4500
3500
4500
3800
4100
4100
3800
3500
3600
4500
5300
4300
3700
3500
3700
4000
4100
3300
3400
7700
4600
3700
3100
2900
2800
3800
2800
3800
2700
3300
3300
377700
26600
4100
3600
2600
4100
2400
2300
2200
2400
2300
2300
2400
2300
2300
2400
643000
16000
3200
2300
2400
6700
2800
2000
1700
1600
1500
1500
1600
2600
1600
1700
1500
1500
1500
2600
1600
1500
1600
1500
2500
1600
1500
1500
2500
1600
1700
1500
1600
1500
2500
3700
1700
2500
1600
1500
2500
1500
1600
1600
1500
1500
2400
1600
1600
1600
1600
1600
5500
1600
1500
1500
1500
1500
1900
1500
1500
1400
1500
1500
1600
2900
1600
1700
22600
2800
1700
1600
1600
1700
7000
1900
1700
1700
1700
1700
1600
2000
1700
1700
1700
1600
1800
1800
1600
1700
1800
1700
1600
1500
1800
1700
1800
1700
1700
3500
1800
1700
1700
1600
1900
1600
1800
1500
1800
1600
1700
1800
1800
1900
1700
1600
2100
1800
1800
1700
1700
1600
1800
1600
1500
1600
1600
1600
1600
1700
1700
1700
1900
1700
1700
1700
4600
1700
1600
1700
2000
1800
1700
1600
1700
1600
1800
1700
1800
1800
1700
1700
1700
1700
2000
1800
1700
1800
1600
1600
1600
2000
1700
2200
6200
18200
1600
1600
1400
1400
1500
1400
13000
1600
1500
1400
1400
1400
1300
1600
1600
1400
1600
1400
1400
1700
1400
1400
1500
1800
1300
1400
1200
1400
1300
6200
2200
1300
1400
1400
1400
1600
1300
1400
1400
1400
1500
1500
1400
1700
1400
1500
1500
1400
1400
1600
1500
1500
1500
1500
1500
1500
1300
1400
4700
1500
1900
2200
1700
1300
1300
1500
1700
1400
1400
1400
1400
1500
2600
1500
1500
1300
1400
1500
1800
1400
1300
1300
1400
1400
1500
1400
2300
1400
1400
1400
1400
1300
1500
1300
6100
13000
1100
1000
700
700
700
600
600
600
700
1000
1600
900
700
700
800
600
900
600
600
600
600
600
900
3600
700
600
600
600
700
600
900
600
700
700
800
600
600
700
700
600
700
600
600
700
600
600
700
600
600
600
700
900
700
700
600
600
600
600
700
700
700
600
700
900
2000
700
600
600
700
600
700
600
700
600
600
600
800
600
800
600
600
600
800
700
600
700
700
600
800
700
600
600
600
700
1700
800
800
700
900
700
600
600
700
700
900
600
600
600
700
900
800
700
700
600
700
700
700
600
600
600
600
3600
600
700
600
600
1100
700
600
700
700
600
600
1400
1100
700
700
600
700
800
700
600
700
700
900
700
600
600
600
600
600
600
600
600
600
600
800
600
700
600
600
600
800
600
600
600
600
600
700
600
1200
700
600
700
800
600
700
600
600
800
600
600
600
900
600
900
700
700
600
600
1100
800
600
600
800
700
600
900
700
600
600
600
600
3600
700
700
700
700
700
1300
700
700
600
600
600
700
700
700
600
600
800
600
600
700
600
600
800
600
700
700
600
700
1500
600
700
600
700
600
700
700
600
600
600
800
600
800
600
700
600
800
600
700
600
800
700
600
700
1200
600
600
700
700
700
600
600
600
800
600
600
600
700
600
600
900
600
600
700
700
700
600
600
600
700
600
800
700
4100
2500
1000
600
700
700
700
600
800
700
600
600
600
600
800
600
800
700
600
600
900
700
700
600
600
600
700
700
700
600
700
800
1100
700
600
600
600
600
600
600
600
1500
700
700
700
600
700
600
1100
1000
600
700
600
600
900
600
700
700
800
600
600
600
600
600
3800
700
600
700
600
600
1100
700
700
600
600
700
800
700
600
600
700
800
600
600
600
600
700
900
600
600
600
700
800
600
700
600
11200
800
600
600
600
500
1500
1100
1200
700
700
600
800
600
600
600
1300
700
700
600
600
600
600
600
900
600
600
600
700
700
900
600
900
600
600
600
600
600
600
600
600
800
600
700
600
600
500
700
800
600
600
700
600
600
700
600
600
600
3700
700
600
700
600
600
1200
600
600
600
600
600
800
600
600
600
600
600
800
600
600
600
700
800
600
600
700
700
600
800
600
500
600
800
600
900
600
600
