746500
9900
6100
4700
4100
4400
4300
4300
8400
4600
10400
4700
4300
4100
4700
9800
6800
4400
4800
4300
3800
4400
3600
3700
4000
8400
8300
4300
3900
4100
3800
6300
6500
4100
3800
4000
4300
4000
4100
3700
4300
3900
7300
5200
3900
4600
3900
5900
7000
4700
3800
5300
4100
3800
3800
3900
3800
4000
6100
4100
4200
3800
3700
5700
6700
4200
3900
3900
3900
3700
3700
4700
4300
10100
7600
9800
7200
6000
5100
6200
6500
4000
3800
4400
3900
7400
6400
4200
4000
4100
6000
4300
3700
3900
9300
8100
9100
5600
4400
3900
5700
6500
4500
3700
3600
3500
3400
3500
3700
4500
3700
4200
7900
3700
3500
3700
3400
3600
3600
3700
5000
3700
3600
3600
3400
4000
3500
12400
4400
3800
3600
4100
3400
3700
3700
3500
3400
3600
3400
3700
3400
4400
4100
4300
3900
3600
3600
3400
3900
3300
3700
3500
3800
4300
4000
3600
3300
4600
8500
3600
4300
3400
3500
3700
3300
6200
3700
5400
3900
3400
4500
4000
3400
4100
4400
3600
3800
3800
4100
3600
3700
3600
3500
3400
3700
3500
3500
3400
3800
4300
3400
3800
10600
3600
3300
2500
2700
2300
10900
2400
2400
2200
3100
2300
4800
2500
2300
2300
2700
4300
2600
2700
2200
2500
2500
3300
2300
2400
2400
5100
2500
2400
2300
2300
2500
3600
2800
2200
2300
2300
2400
3200
2300
2300
2400
2200
2400
3300
2300
2400
2500
2300
2200
3300
2200
2300
2300
3200
2500
2300
2400
2200
2400
2200
2300
3900
2400
2900
3300
2400
2400
2300
2400
2400
3100
2300
2200
2500
2300
2300
4600
2900
2400
2200
2200
2200
2400
2300
2400
2300
2200
3400
2400
2300
2400
20500
2300
2700
12700
3000
2000
1800
1800
1800
1900
1700
4800
2200
2200
3800
2500
2300
2200
4400
2400
2300
6700
2100
2100
2800
2200
2200
2400
2400
2400
2100
2200
2200
2400
3500
2300
2500
2200
2400
2200
2200
2700
2400
2200
2600
2500
2300
2400
2200
2400
2500
2400
3000
2400
2200
2300
4700
2400
2400
2400
2300
2700
2400
2400
2500
2500
2600
2500
2100
2300
2500
2200
2200
2600
2200
2300
2400
2300
2200
2400
2500
2500
2400
2500
2200
2300
2200
2500
2500
2300
2200
2300
2300
2500
2300
2000
2100
2300
6000
42600
1400
11800
1700
800
700
700
800
900
3700
1100
1200
1100
1200
1400
1100
1500
1200
1200
1300
1400
1300
1200
1300
1300
3600
1400
1200
1200
1300
1300
1200
1400
1200
1300
1100
1300
1400
1200
1100
1300
1200
1100
1400
1200
1300
1200
1200
1300
6000
1300
1300
1200
1300
1200
1400
1200
1200
1400
1300
1300
1300
1900
1300
1500
1300
1300
1200
1100
1300
1100
900
24300
2500
1300
1200
1500
1200
1100
3100
1100
3600
1100
1000
1500
1100
1000
1900
1100
1100
1100
1000
1200
1000
1000
1100
3900
1200
1100
1600
1100
900
1100
1200
1100
1100
1100
1100
1100
1000
1700
1200
1300
1100
1100
1300
5000
1100
1000
1000
1000
1000
1300
1000
1200
1100
1200
1200
1600
1300
10900
1200
1200
1400
1100
1100
1000
1100
1000
1300
3900
1000
1100
1100
1500
1100
1100
1100
1200
1100
1400
1000
1100
1000
1000
1000
1200
1000
1000
1100
1000
1000
1100
1100
1000
1000
1000
1100
1100
1000
1000
1100
1100
1000
1400
1100
1200
1200
1100
1100
1300
1400
1100
1500
1100
1100
1300
1100
1100
1100
1100
1100
2800
800
700
900
600
600
600
600
600
700
900
1200
700
600
600
900
1000
700
700
600
600
600
600
600
600
600
600
600
600
900
700
600
1000
600
600
600
600
600
700
700
600
600
600
600
900
600
600
600
700
600
1000
700
700
600
600
600
1000
700
700
600
700
600
800
600
800
700
600
600
800
600
600
600
600
600
800
600
600
600
600
600
900
600
600
3300
700
700
600
600
700
900
700
600
900
600
700
600
11600
3000
900
700
900
600
600
700
600
600
800
700
700
600
600
900
800
700
600
800
600
900
600
600
600
600
600
800
600
600
600
600
800
1000
700
700
700
600
600
800
1200
700
700
600
700
800
600
700
800
1000
700
700
800
700
600
1100
800
600
600
600
600
700
800
700
600
1200
700
700
800
600
600
600
600
600
3800
700
700
600
700
700
900
600
600
600
700
700
800
700
600
600
600
600
900
600
600
700
1700
900
800
700
700
700
600
900
600
700
600
700
600
3500
700
600
900
700
900
600
600
600
500
600
800
700
600
600
500
600
700
600
900
700
700
1300
600
600
600
700
600
600
600
600
600
600
900
600
800
600
1200
700
1000
600
600
700
800
600
600
600
700
600
900
600
1000
600
600
800
700
600
600
600
800
600
700
600
700
700
600
800
700
600
600
600
600
700
700
600
2300
700
700
600
700
600
700
600
5900
700
700
600
700
600
600
600
600
600
600
600
600
900
600
2000
800
600
600
800
500
600
600
600
700
800
600
600
700
900
600
700
1000
700
700
700
800
600
600
600
700
600
700
700
600
600
600
600
700
600
600
600
600
900
500
600
700
600
600
700
600
600
600
600
1300
800
600
600
600
600
900
600
500
700
600
600
600
600
600
600
900
800
700
700
700
600
2300
700
600
600
600
600
1600
700
600
700
