745500
10500
6000
5000
4100
5000
3900
4000
8700
4200
6000
5400
4700
4300
4400
9400
7300
4100
4700
4300
3800
4200
3600
3600
4600
8500
8000
4600
5300
4400
4200
6000
6500
4100
3600
3700
4900
3800
3700
4200
3700
3800
6000
5000
4100
4800
3900
6200
6800
4500
5100
5600
4000
3800
3800
4000
4000
4300
6200
3900
4000
4200
4000
5800
6300
3800
4300
4100
4200
4100
4100
3900
4000
9900
6400
10300
8500
5200
4800
6100
6600
4000
4700
3900
3900
7800
6600
4400
4100
4300
6100
4600
3900
3900
9700
8900
8700
5900
4400
4000
6400
3800
3500
3600
3300
4500
3900
3600
3300
3900
2800
7200
3900
3700
3300
3300
3700
3900
3400
3500
3300
3100
3300
3200
3200
3800
3200
12800
3900
3400
3600
3300
3200
3200
3300
3400
3200
3200
3000
3200
3700
4000
3100
5600
3300
3200
3300
3300
3100
3200
3100
3200
6000
4300
4200
3500
3200
4200
3400
3600
3600
3900
4000
3300
3400
3900
3400
8600
5800
3300
4300
4300
3300
3400
3400
3300
5500
3200
3200
3300
3800
3300
3400
6800
3600
3400
4200
3700
4800
4000
3500
3400
10100
3600
2600
3200
2200
2300
2300
2600
2800
3100
2300
2300
4900
2500
3200
2300
4200
2700
3100
2500
3200
2800
2300
2300
2400
2400
3100
2300
2300
2400
5400
2600
2900
2600
2400
2300
2300
2300
3300
2300
2300
2500
2400
2200
3100
2300
2500
2300
2400
2400
2300
2300
2400
3200
2200
2400
2300
2300
2300
3100
2200
2500
2300
3900
2400
2900
2400
2300
2300
2300
2300
2300
2300
2400
2300
2300
2300
2300
2500
2300
2800
2400
2500
2300
2300
2300
2400
2300
2200
2200
3300
2300
2400
2300
2500
2200
34300
3900
3300
2500
2500
3700
2300
2200
2200
2200
2500
3600
2400
2200
2200
2200
2400
2200
6700
2300
2200
2400
2200
2400
2200
2200
2200
2400
2200
2200
2100
2700
2300
2100
2100
2200
2100
2700
5400
2500
2300
2300
2200
2300
2200
2500
2200
2100
2400
2400
2200
2400
2200
25000
3600
5000
7000
3100
2400
2300
2500
2300
2500
2800
2500
2400
2200
2400
2600
2300
2200
2400
2500
2400
2700
2400
2500
2300
2300
2500
2400
2600
2300
2500
2300
2200
2300
2200
2400
2100
2300
2400
2400
2600
2800
8900
23900
2000
1500
2100
1600
1400
1500
1400
1400
1200
1400
1500
1400
1600
1500
6100
1700
1500
1600
1300
1300
1600
1500
1300
1400
1700
1400
1600
1300
1300
1300
1500
1400
1700
1400
1300
1500
4400
1400
1700
1500
1400
1400
1400
1500
1600
1300
1400
1400
1500
1400
1400
1400
1300
1300
1300
1500
1300
2100
1600
1400
1500
1700
2800
1500
1400
1400
1200
1500
1400
1400
1200
1300
1200
1800
1200
1400
1200
1400
1300
1500
1300
1500
1400
2200
1700
1400
1300
1300
1500
1500
1700
1400
1400
26500
1600
8300
19900
1500
1000
1300
1000
12700
1200
1100
1100
1400
1200
1100
1000
1000
1300
1400
1100
1100
1100
1100
1000
1300
1100
1400
1100
1200
1200
1400
1100
1100
1100
1400
1100
1400
1100
1200
1100
1100
1100
5500
1000
1100
1100
1200
1100
1300
1100
1200
1200
1100
1100
1200
1000
1000
1100
1100
1000
1200
1100
1100
1100
1200
1100
1300
1100
1000
1100
1200
1000
1100
1300
1000
1000
1100
1100
1100
1200
1200
1000
1200
1200
1400
1200
1100
1100
1100
1100
1300
1000
1100
900
1100
1000
1300
1100
17100
4200
700
500
500
1100
600
600
500
600
600
600
600
600
500
600
700
600
600
500
500
700
700
600
500
600
600
500
1200
600
500
600
700
600
500
500
600
500
500
500
800
500
500
600
600
500
500
700
600
600
500
700
600
500
600
500
500
500
500
600
600
500
600
500
600
600
600
600
600
700
600
600
500
500
600
700
600
600
600
600
600
4100
700
600
600
500
500
700
600
500
600
700
700
600
500
500
8000
800
900
800
600
600
600
500
500
600
500
600
500
600
800
600
600
600
500
500
900
500
500
600
500
600
800
600
500
600
500
700
700
500
500
600
500
700
600
500
500
500
600
1100
600
500
600
600
3400
600
600
500
500
500
800
500
500
500
600
500
800
500
600
600
600
500
800
500
600
600
600
500
800
500
600
600
500
500
700
600
600
600
600
1100
500
500
500
600
600
500
700
700
500
600
600
600
1500
4100
900
700
13200
1300
900
1100
900
700
900
800
1100
1100
900
1100
1200
1100
1000
1100
1000
1100
900
900
1000
1400
1100
1100
1100
1100
1100
1100
1500
1200
1100
1000
1300
1100
1100
1100
1000
1100
1200
1100
1200
1100
1100
800
1100
600
600
600
600
500
800
600
600
600
600
600
600
600
600
600
800
600
600
500
700
600
700
500
600
600
500
600
800
600
600
600
800
900
700
2100
700
600
600
3900
700
600
600
600
600
800
600
600
4500
700
900
700
600
600
700
1000
800
700
600
600
800
600
700
600
800
600
900
600
600
600
500
500
800
600
600
600
600
600
600
500
900
500
500
800
500
600
600
600
600
700
600
600
500
600
500
800
800
600
600
600
600
800
600
600
700
600
600
700
600
500
500
600
700
800
600
500
600
500
600
700
700
600
600
600
700
600
600
600
700
600
600
600
600
600
700
800
600
600
500
600
600
3800
700
600
