881000
8700
5600
4700
4300
4500
4100
3800
7900
3900
7300
3900
3600
3600
3600
7300
6000
3700
4400
3400
3400
5000
4300
4000
4300
8000
5800
4200
3800
3800
4200
5500
6100
3600
3500
3400
3700
4300
3900
4000
3800
4400
6700
4500
3500
4500
3800
6000
6500
4000
3900
5000
3900
3800
4100
3400
3900
4100
5600
3900
4000
4300
3800
5800
6200
3700
3600
3500
4100
3900
3800
3600
3700
8600
5800
7500
5400
3800
4800
6300
6200
3900
3900
4200
3600
7200
6800
4300
4300
3800
5700
4300
4000
3700
9000
6200
9600
5100
3700
5500
3300
2900
2500
4300
6800
3100
3300
3300
3200
3400
3500
3300
3700
3500
3300
3200
3400
3100
3200
3200
3000
3100
3300
2900
3000
3700
3300
15100
3900
3100
3600
3100
3200
3300
3200
3100
3200
3100
3000
5100
3700
4000
3200
9900
3800
3200
3500
3100
3800
3400
3000
2600
3300
3100
2900
3000
5000
3800
3200
3100
3900
3300
3000
3300
3100
3300
3300
3100
3800
3300
4300
3800
3200
4900
3800
3600
3500
3300
3000
3900
6800
4300
3500
3700
3100
3500
3200
3600
5800
3200
3100
3300
11400
4800
3900
3300
3100
3500
2800
2900
3000
3700
2800
2800
376300
42600
8200
4300
3600
3000
3300
2200
470200
16300
3600
3300
2300
2300
2400
2200
2000
2100
2000
881900
28200
3500
2300
2200
2100
14300
2200
2100
2000
2000
2000
2200
2000
1900
2000
1900
2200
2100
2000
2300
1900
1900
1900
1900
1900
2000
2000
2000
1900
2100
2100
6000
2200
3500
2100
2000
1900
2100
2200
3900
1900
2000
2000
2200
2400
2000
2100
2000
2200
2000
7100
2000
1900
2000
2000
1900
2300
2100
1900
2000
2000
1900
2100
1800
18600
2100
1400
1700
1500
1500
1300
1400
1300
1900
1400
1400
1400
1500
1400
1400
1400
1400
1400
1500
6000
1400
1400
1400
1400
1400
1500
1500
1400
1300
1300
1500
244800
5700
2000
1400
1300
1400
1600
1500
1300
1200
1300
1300
1500
1300
1400
1300
1400
1400
1600
1300
1200
1400
1400
1400
1500
1300
1300
1400
1500
1300
1400
1300
1500
1400
1300
1400
1500
1300
1400
1300
1400
1400
1500
1300
1400
1300
1300
1300
1400
1400
1600
1400
1300
1300
1300
1400
1600
1400
1400
1400
1400
1100
1300
2200
5600
2400
1400
1500
1600
1700
1700
1400
1400
1400
1400
1600
1500
1300
1400
1300
1800
1500
1400
1400
1400
1400
1500
1600
1500
1700
1500
1400
1500
1700
1500
6600
1700
1500
1400
1600
1400
1400
1500
1500
1500
1500
1500
1500
1500
1500
1900
1400
1800
1400
1500
1400
1400
1400
1400
1400
1500
1700
1400
1400
1500
1300
1300
2300
1600
1300
1300
1400
1400
1700
1400
1400
1300
1300
2600
1600
1300
1400
1200
1300
1500
1400
1300
1400
1300
1400
1400
1400
1600
2300
1400
1400
1400
1400
1300
4900
5000
12200
1300
1600
1100
1000
1100
1400
1200
1400
1200
1100
1100
1100
1100
1300
1200
1100
1200
1100
1000
1300
1100
1100
1000
1100
1000
1100
1300
1100
1000
1100
1200
1200
900
1100
1100
1100
1100
1400
1100
7700
1500
1100
1100
1400
1100
1100
1100
1100
1100
1300
1200
1100
1100
1100
1100
1300
1100
1100
1100
1400
1100
1300
1200
1100
1100
1100
16800
1000
1100
1100
1100
1100
1100
1100
1100
1200
1100
1200
1100
1400
1100
1000
1000
1100
1000
1300
1100
1100
1100
1100
1200
1300
1100
1100
21500
3500
1300
1300
1100
1100
1100
1100
1100
1100
1100
1000
1200
1000
1000
1000
1400
1000
1100
1100
1100
1000
1300
1100
1100
1100
1100
1000
1300
1000
1400
1000
1100
1100
1100
1000
1100
900
1100
1000
1200
1100
1000
1000
1100
1300
1100
1100
1200
1100
1000
1000
1000
1000
4200
1100
1300
1100
1100
1000
1000
1000
1200
1000
1100
1000
1100
1100
1000
900
1100
1000
1100
1200
1100
1100
1100
1100
1000
1300
1200
1100
1000
1100
1100
1300
1100
1100
1000
1100
1100
6300
1200
1100
1000
900
11400
1100
800
700
700
700
600
600
800
600
600
600
600
700
600
800
700
600
600
600
800
600
600
600
500
600
600
600
600
600
600
700
900
800
600
600
600
600
800
600
500
600
1200
600
800
600
600
700
700
600
800
700
600
600
600
600
800
600
600
600
600
600
3900
700
700
600
600
700
1400
600
600
700
600
800
600
600
600
600
600
800
700
600
600
700
600
800
600
700
600
500
600
800
600
600
600
700
4000
6400
1200
1500
1100
1000
1200
1600
1100
1000
1100
1100
1100
1000
1100
1100
1400
1100
1300
1100
1100
1200
1100
1100
1300
1100
1100
1100
1100
1300
1200
1200
1500
1100
1100
1300
1200
1000
1100
1100
1100
1300
1100
1100
1000
4700
1400
1500
1500
1100
1200
1100
1100
1100
1100
1000
1100
1300
1100
1100
1000
1100
1000
1300
1500
1100
1100
1100
1100
1100
1100
1100
1000
1100
1200
1100
1100
1100
1000
1200
1700
1100
1100
1000
1100
1100
5700
1200
1000
1100
1000
1300
1100
1100
1000
1000
3000
2300
1200
1200
1300
1100
1100
1400
1100
1200
1100
1100
1100
5200
1100
1100
1400
1100
1000
1100
1100
1000
1100
1100
1300
1100
1000
1000
1100
1100
1200
1200
1400
1100
1100
1300
1100
1000
1100
1400
1100
1300
1000
1000
1100
1100
1100
1400
1200
1100
1200
1100
1200
1200
1000
1000
1000
1100
1300
1100
1200
1100
1100
1100
1700
1100
1000
1100
1100
1100
1100
1100
1100
1100
1000
1100
1000
1000
1100
1100
1200
1300
1100
1000
1000
1100
1000
1200
1100
1000
1000
1100
900
1300
1000
900
