1081800
13500
8000
7600
6000
5900
5100
5300
11400
6200
8400
5400
5000
5300
5100
10600
8700
5300
6100
4900
5500
5800
5100
5800
5800
11400
8900
5700
6000
5700
5500
11600
9500
6100
5800
5400
5700
5300
5700
5700
6300
7500
10100
7500
5700
6500
6100
10600
10300
6200
5300
8000
6100
10500
5600
5000
4900
4700
14200
5300
5700
4500
4800
11800
8800
5500
5300
5400
5500
5700
6000
6200
6200
17100
9700
11000
8300
6100
5600
9000
10300
6400
6600
5800
5900
8200
6200
5200
5400
5900
8400
6100
6000
5100
33600
15900
9700
6200
4600
4100
3600
3700
7400
3700
3400
3800
4500
4300
3600
4200
4100
8800
4100
3600
4200
3700
3500
3500
3400
3600
3600
3400
3700
3600
3400
4400
3500
12500
4500
3900
3800
3600
3700
4300
4800
5100
4300
4100
3800
3700
3900
4200
3700
6100
4100
3800
4200
3500
3300
3700
3300
3300
5900
3700
3700
4700
3700
4800
3500
1745400
23100
6400
5100
3900
3900
3300
3400
5600
3400
3300
4000
3700
3300
3800
3100
3400
3400
3200
3500
3400
8400
3200
3400
3800
13400
5200
4000
2800
3600
3100
3200
2800
8500
4800
3600
3200
3000
2800
2700
2800
3500
2800
2600
2800
66800
30300
4500
3200
2800
2600
2400
3200
2400
249500
12800
3400
2700
2200
2000
2000
2900
2200
2200
2000
5800
2200
4000
2200
2200
3400
3100
3000
3200
2400
2000
2200
2200
2100
2200
2200
2200
2300
2000
2100
2200
2300
2200
2400
2100
2100
2200
2200
2300
7300
2200
4800
2300
5100
6900
2600
2200
2100
2600
2600
2400
2500
2200
2100
2100
2300
2200
2500
2300
2400
2100
2100
2300
2100
2100
2100
2300
2100
2400
2300
2200
3800
2400
2100
11900
3100
2400
1900
1900
1900
1900
1900
1900
1900
1900
2200
1900
1900
1900
1900
2000
2100
1900
1900
1900
1900
1800
8600
2000
1800
1900
1800
1800
249000
5200
853500
3900
2600
2400
1800
1900
1700
1700
36700
14300
2100
1800
1600
2000
1800
1700
1600
1700
1600
1600
1700
1600
33500
10800
23600
2100
2100
1500
1400
1500
1400
1300
1500
1500
1300
1400
1400
1500
1400
1400
1300
1400
1300
6400
1400
1300
1300
1300
1300
1400
1400
1600
1300
1300
1400
1300
1300
1600
1300
1300
1400
1300
1400
1500
642200
26200
3200
900
700
600
600
800
600
600
500
600
600
800
600
600
600
600
500
600
500
500
600
600
500
600
600
600
600
600
500
600
600
600
600
500
600
600
600
500
600
500
500
800
600
700
600
600
600
700
600
500
500
500
600
500
600
600
500
600
600
800
600
600
600
700
1200
600
600
600
600
600
500
600
600
600
600
600
700
6900
600
600
600
600
800
600
600
500
500
600
800
1000
700
600
500
500
700
1600
700
600
600
600
700
600
600
700
600
600
900
600
500
600
600
700
800
700
600
600
600
600
800
600
600
600
600
600
700
700
600
600
600
700
3500
700
600
600
500
600
900
600
600
500
500
600
700
600
500
600
500
800
600
600
500
600
500
800
600
500
600
500
600
800
600
600
600
600
600
600
700
500
600
600
700
600
800
500
600
700
600
600
600
500
500
500
500
600
600
600
600
600
600
600
500
1100
700
700
600
600
1000
600
600
600
700
600
800
600
500
600
500
600
700
600
600
600
500
800
500
600
600
500
600
800
600
600
600
700
600
800
500
600
600
600
500
700
700
600
600
500
600
600
600
700
700
600
800
500
600
600
500
600
1000
600
600
500
600
500
800
700
600
600
600
500
900
600
500
500
500
700
500
600
500
500
900
800
600
600
600
600
500
3700
700
600
600
600
600
800
600
600
600
4900
2900
1800
700
600
600
700
600
600
600
600
600
600
600
800
700
600
600
600
600
700
500
600
500
600
600
700
500
600
600
600
700
800
600
700
600
600
600
800
700
600
600
600
600
600
600
800
1000
700
700
800
600
600
600
500
600
700
600
600
500
500
500
700
600
700
600
600
600
800
600
600
600
1000
600
1000
600
500
500
500
500
3500
700
600
600
600
600
600
600
500
600
600
800
500
600
600
600
6800
800
600
600
500
700
500
600
500
500
500
1100
600
600
600
600
1100
600
600
600
500
500
800
600
500
600
600
500
800
600
600
600
800
600
900
600
500
600
600
600
500
600
600
600
600
800
600
500
700
600
500
700
600
600
500
500
800
600
500
600
500
500
800
500
600
600
600
700
600
600
1700
600
600
700
600
600
600
600
600
700
700
600
600
500
600
600
1300
700
700
600
600
500
500
500
500
500
1200
600
500
600
600
800
500
500
500
600
500
900
600
1200
600
600
800
700
700
600
600
600
800
600
500
500
600
600
700
600
500
500
700
600
600
600
500
600
600
700
600
500
600
600
600
3300
600
600
900
600
600
1000
500
600
500
500
500
800
600
500
500
600
500
700
600
600
600
600
700
500
600
600
600
500
600
600
600
600
500
500
800
600
500
600
600
500
700
500
500
500
500
700
500
500
600
500
