1518000
30000
27800
24300
22600
148700
31300
33100
32500
29400
29100
29100
32000
27500
30900
36700
56100
64600
83900
40300
35000
33900
39400
53400
55500
62200
65200
34900
36700
32700
34900
36600
83200
49300
41700
131000
91300
42700
46700
33700
56100
34500
28800
41600
42900
26300
28300
42800
56100
32000
30900
31900
26700
79100
27400
22400
17900
18400
18900
16900
17700
16600
15800
45700
49600
26800
17500
18200
17200
49200
20700
17500
16900
19200
18200
16600
40500
19000
17300
17800
21200
10800
9400
9500
10000
9900
11100
9200
9100
10300
9800
12100
11000
15500
13200
13600
24400
14300
25900
13400
12800
12400
32700
33200
21300
19900
19800
13400
12200
11800
13600
11500
27200
17300
14400
23900
25400
15000
24300
16800
28900
14800
13500
20200
20200
14200
13800
41900
28800
21900
15800
22400
21500
39400
22300
26100
22700
25700
20500
29200
22800
23000
24000
45800
40900
26000
24900
25200
24600
47400
26100
26300
25400
36200
28700
24200
40100
26400
30700
25800
27300
13300
26400
12700
11500
8600
10500
7900
7900
7600
10400
7800
7300
13200
23600
11200
27700
16000
11000
9900
9100
14700
10800
12600
18500
13600
12500
17200
13100
12500
13200
17300
30800
24400
18500
27900
29600
18400
25700
20500
25100
19200
43000
28500
28500
19100
28500
25600
33100
23200
22500
25500
20700
32400
19500
21900
24300
23700
22600
21200
20400
21300
20200
51700
36800
23700
22100
31500
23300
35700
23700
22700
22300
29600
24200
24000
31200
24300
22900
22900
16000
12400
16300
11200
12700
15100
14900
12400
11700
12600
12200
12100
10800
15500
14800
17300
20000
17900
15100
14800
14400
20600
16700
16100
14600
15100
14100
13900
16500
15300
18500
15000
20600
21600
24600
18200
17000
16900
15600
21100
63900
21000
23800
13400
14600
14600
13300
12900
27300
16500
16600
14900
14200
20700
14800
14200
13600
15600
13800
15500
15100
15500
14600
21400
21700
20000
15400
17100
14700
20700
16300
13700
16100
16200
12600
16700
20100
12700
12100
12200
10900
8100
5800
5900
6100
6000
9100
6300
6300
6400
6500
6400
9000
10400
17400
9600
9100
10700
8700
7700
7200
11000
9100
7600
7900
7600
7600
7500
7300
7600
7800
8100
11200
11100
12900
13700
10500
9800
8700
12500
12100
21300
19500
10300
9900
11300
12000
9000
15200
12600
9600
13300
17000
10300
12800
10700
14800
13000
10500
14500
15600
10200
9900
16300
17600
15900
11700
12300
15700
18700
11600
14100
21800
14300
11800
11300
18300
12500
10500
12500
8500
6800
6300
5800
6500
5900
8900
6400
5400
11300
7000
6400
5900
7500
7800
9700
8200
11600
8200
7200
7500
9700
8000
8500
7000
7000
7100
7400
12300
13100
8000
7900
9800
11500
11600
7800
8000
8300
7900
11000
10900
11400
16500
8400
8800
8600
8700
8900
14100
15700
9500
14400
16500
10100
13700
10100
14100
11800
9700
13600
17000
10600
9900
13600
19200
10300
41000
11600
11700
17900
10800
10500
10600
13100
11100
16800
10400
11000
11100
18700
52300
26300
22800
19700
23500
20200
20300
18900
19000
19400
18500
21400
19900
19300
19700
21200
24500
20800
19900
23400
26200
28400
20500
20200
24600
22100
23200
21600
15600
10800
10800
15700
14800
12400
16200
11200
17200
11400
15000
11200
14100
18000
18800
14900
11500
11200
10400
11300
15800
17300
11600
11800
18100
18000
11900
12100
18000
13300
11500
17800
13300
16300
11700
11400
160300
15200
9200
8600
21100
8800
9000
27500
8200
8100
8000
8400
29300
15300
14300
13000
14400
8900
9700
10200
8900
10000
30400
9800
8300
9000
10600
8600
8000
8700
8200
8200
11000
9300
8800
41800
9900
11200
17100
9600
12300
10300
12300
10000
9800
36100
17000
29600
19200
14400
18300
13300
16800
15000
14200
9900
10100
14800
22800
13500
10100
13200
9800
9400
14000
15100
10700
10700
28300
10600
10300
10600
10100
10200
10200
16200
10800
15000
9700
9600
149300
30900
9400
28500
16800
11500
6400
5800
5700
6300
6500
7100
12900
12600
11600
7000
14700
8000
7500
8700
7700
9600
7800
7500
7500
8700
7400
7200
7300
7800
7400
7900
11100
8200
8500
7800
10200
7900
8300
7600
8100
7800
7500
11200
8100
7700
7500
9800
15200
8700
11900
8600
11300
8500
12300
8400
9100
12300
12800
12100
8800
8800
8400
9000
13000
13300
9800
9800
15500
9500
11600
9700
10300
9300
9800
14100
18600
18900
13600
10200
139300
12200
6200
5800
14200
5900
6100
5500
5800
5400
5600
5900
11200
11000
8500
5200
14700
7400
7400
9100
7400
9100
7400
7500
7300
8600
7300
7200
7700
7700
9400
7300
9100
9400
7700
7800
11500
8100
7900
9000
7800
7900
7700
11400
8500
9200
8100
11000
10100
9700
8300
8700
9700
8500
8600
8400
12700
9000
17200
10700
8500
8300
12600
10700
12100
12400
9100
10700
14700
9300
19000
10500
9800
9000
10200
13700
9100
15800
8800
8600
96400
15600
8300
5300
15000
5700
5200
5100
6000
7000
5200
7100
11200
11600
10900
6000
10200
5000
5000
5900
6100
6000
6000
4800
6100
6400
4800
6100
5700
6200
5100
5000
10400
5500
5500
5200
8600
5400
5500
5500
5200
5300
5200
7700
5400
5700
5800
7200
8500
5900
5800
5800
6100
5900
6000
5800
8700
5900
8800
5400
6000
5900
6300
8700
8700
10200
11300
7000
21200
6400
10000
6700
6800
11900
15900
19200
13300
6900
6400
7200
41500
10700
6000
5400
14500
5800
5300
5300
5300
5100
4600
5700
10600
14800
9300
5500
8700
5100
4700
15400
4900
8900
4900
4700
4900
8800
4600
4700
5000
5000
4800
4800
10900
5200
5300
5000
15000
5300
5400
5500
5000
5300
5100
13700
5500
5300
5500
8400
7400
5700
5800
5800
5600
5600
5800
5700
9300
13100
13100
6000
5600
6000
6200
9100
8400
6400
11900
7900
11900
6200
9900
6700
7000
11800
37000
10700
6100
6200
6400
6600
39500
10000
9600
5400
11100
5700
5300
5100
5400
5700
5300
32700
5700
9600
5600
5100
11300
5300
5200
4800
7100
6600
4900
5000
4900
4900
5100
4800
7400
6500
4800
8800
7100
8500
6400
5600
5500
5300
5800
5500
5200
5200
5600
9200
5200
6700
5600
5300
7900
6500
5700
7800
6300
8600
5700
7300
5800
7500
5600
8400
5600
5500
5500
6300
8700
6200
6300
6300
8600
8600
6400
6300
12000
6200
8300
8600
6300
13400
6500
6600
42900
5400
5300
8900
5500
5400
5300
5100
5400
5200
5200
5500
5500
5100
8700
5400
7200
4700
4700
4700
5400
4500
4600
5200
4900
5400
4800
4600
5400
4600
5200
4700
6900
6500
6100
5500
5200
5800
5200
5300
9600
5300
5100
5100
5300
6900
5300
5200
7500
5500
5500
7600
5400
8300
5400
7200
5600
7300
5700
5500
5900
5400
5400
5400
8500
6000
6000
6200
8300
8200
6000
6200
8400
5700
8600
12000
6000
9700
6000
6000
37300
5400
4900
8200
4600
5000
4800
4700
5000
5200
5100
4800
6700
4800
8200
4900
7800
4700
4400
4600
5200
5000
5400
4300
5500
5500
4400
4200
5000
4500
5300
5100
5900
5100
5100
5100
5100
6400
8500
5000
4900
5000
4700
4900
4800
4900
5200
6200
7200
5400
5400
7200
6000
8400
5600
8100
5400
7000
5500
5400
5500
5600
5500
5600
8900
6400
6100
6000
8400
8500
8300
6500
8500
9600
8700
12400
6200
9500
6000
6200
39500
5300
5300
9200
5300
5300
5400
5200
5500
5700
6200
20100
5400
5600
9200
5400
9100
5000
4900
5000
6500
5100
4900
4500
4300
5700
4700
4500
5300
5000
5300
4700
6200
5300
5200
9500
5000
9200
5400
5300
5200
5900
5800
5400
5400
6200
5500
7300
7200
8500
7800
5800
5800
5800
5500
5700
5400
4700
4100
5000
19000
20200
5100
13700
23000
8400
8500
8600
8800
7700
10000
5700
8000
5700
8600
8900
5500
9100
5900
5600
41900
5000
4800
8800
4800
5100
4600
4600
6500
4900
4700
5200
5000
4800
9100
5000
223300
6800
4700
5200
6500
4800
4500
5000
4500
6100
10400
4500
9500
4700
6200
4800
6800
5200
5300
5100
5000
7200
5200
6700
5000
4900
5000
5500
5100
5200
4600
7200
7200
7900
8700
5800
6100
5500
5500
5500
5500
5600
5200
5600
5500
8300
5600
5400
8200
5900
5700
14800
5900
10000
5700
9800
7100
8600
6300
5700
6000
5700
6400
5400
42800
5100
4500
8200
4800
4800
4200
4500
5000
4900
4700
4700
4600
4700
7800
4700
7800
5100
4500
4500
5200
4600
4400
4500
4500
9100
4400
4700
5000
4400
5400
4400
6200
4900
4900
4800
5100
6200
4800
5300
6200
5500
4800
4700
5000
5000
4900
6800
7500
6900
6900
5500
5700
5300
5100
5600
5200
8700
8000
5300
5400
6900
5500
5200
213100
6900
6100
9500
5900
20200
6900
8100
6000
7700
5800
5800
5800
5600
5700
5800
42300
5000
4800
4600
7800
7500
4800
4700
7500
5500
7300
7400
4700
9300
4300
4600
35200
15700
4600
4200
5100
4000
3800
3900
3900
3800
3800
4800
4000
4500
4000
4100
6100
5700
4400
5100
4200
4200
4500
4400
4400
4100
4300
4700
4400
4200
7800
6000
7400
5600
4700
4800
4800
4700
4800
5000
4900
5200
4800
4700
7100
4800
4800
5800
7700
5100
5200
5300
5100
5000
5100
10400
4900
5200
8000
5000
5100
5100
5600
5200
33900
4400
4300
4000
3900
6500
4200
4000
4200
6400
4300
4200
4000
4600
4100
3800
7300
4600
4000
3900
4300
4000
3700
4100
3500
7800
4000
3800
3900
4100
13200
11000
15600
7000
4900
4600
4100
4300
7400
4600
4400
3900
4100
5900
4500
4200
4200
6700
19500
4900
4700
5900
4800
4700
4900
9700
4900
4900
4900
6400
7000
5000
6200
4900
8900
6500
5200
5000
5000
4900
8200
5100
5100
5100
8500
5200
6100
6400
6500
5200
35000
4000
4000
3900
4100
11000
6100
3900
4200
6700
7300
4400
4100
4200
4200
4900
8100
4900
4200
4200
4500
4100
3800
4800
18500
4700
3900
4500
4000
4600
4800
4000
5300
6200
4800
4700
4800
4400
11900
4600
4500
4300
4400
4300
4500
4700
4300
5300
6800
4900
4900
4900
4900
4700
5000
4900
5100
5100
10400
4800
6600
4900
4700
4800
7900
5300
5200
4900
5300
5300
5500
5300
5200
5200
7100
5300
6200
5200
5700
5200
34100
4200
4100
4100
4100
6800
4300
4000
4100
6400
4300
4200
3800
4100
4100
3800
7900
4600
4400
4000
4200
4000
3800
8500
4500
4600
4900
4900
4100
4400
4500
3500
5400
5500
4300
5300
4900
5100
5300
6300
4500
4500
4800
4700
4900
4800
4600
4500
6800
6400
4700
4900
4700
4800
4700
4600
7600
5000
4900
4800
5100
5000
5100
6500
7900
5400
5600
5300
5200
5000
5300
5200
5100
5200
11500
4900
5500
5200
5500
5200
32900
4300
4400
4000
4500
7100
4600
4200
4700
5900
4200
4100
3900
4400
4000
3900
20500
5100
4300
4100
10500
4600
4000
4600
4000
4600
3900
3800
4100
5300
4300
4500
5300
5600
7200
4300
4400
4400
4500
5400
4900
5300
4900
4900
9100
4600
4500
4500
6200
6700
7000
4800
5100
4900
4900
4900
6000
5000
5300
5400
5100
5200
4900
6800
7300
5100
5100
5100
5400
5300
5600
5600
5300
5400
5500
4800
7100
5100
5200
5100
34500
13100
4600
3900
4400
7200
9300
4600
4600
7000
4200
4600
6400
4400
4200
4400
12200
4200
5800
2800
3100
2800
2600
3200
2800
3000
2600
2800
2700
3300
3900
2700
4100
4700
5800
2900
2700
3100
2800
2800
2700
2700
2900
2700
2600
2700
2900
2800
4000
4100
8400
3200
3000
2900
3100
3100
2800
2800
3100
3000
3100
2900
3200
4200
4900
3400
3300
3200
3200
3100
3200
3200
3200
3400
3100
3000
4700
3300
3700
3100
20500
2700
2500
2600
2400
3000
2500
2600
2300
2400
4400
2300
2700
2400
2400
2500
7400
3100
2800
2600
2600
3600
3000
2700
2500
3300
3000
3200
2800
2600
2700
2600
4000
3000
3600
3000
3700
3200
2900
3800
3200
3000
2900
2800
3000
2800
2800
2800
4600
3100
3000
4600
3100
3100
3000
4900
3200
3300
3000
4900
3100
3000
2900
5500
8200
3500
3400
4900
3400
3600
3400
3200
3100
3400
4600
3400
5300
4700
4700
4400
19600
2800
2800
2700
2600
4400
2800
2600
5200
2600
2600
2500
2700
7000
2900
2400
6700
3200
2900
2600
2600
2600
2700
2400
3200
2800
3100
3200
2900
3400
2600
3100
3900
3100
2800
2800
3800
2900
2900
3800
2900
2700
2800
3000
2700
2700
2800
2900
4500
3100
3700
4600
3000
3000
3200
4000
3300
3100
2900
3000
5700
2900
2900
2900
5100
3300
3200
5700
3600
3700
3200
3100
3400
4600
5300
3200
4600
4600
5200
4500
19600
2900
2600
2700
2700
4300
2500
2400
4400
5400
2400
2400
2700
4100
2500
3100
6500
2800
2800
2700
2500
2500
2600
2500
3200
2700
2800
3000
2800
3100
2600
2800
3600
3000
2900
2800
3000
3600
3700
2900
2700
3800
3400
3800
2900
2900
2800
3200
4200
3200
3100
4400
3100
3100
2900
6800
4900
3300
3000
3500
3000
2900
3600
3100
5000
3200
3300
4400
3500
3200
3200
3200
3400
3200
4600
3200
4600
4700
4900
4600
21800
2600
2500
2500
2700
4300
2600
2400
7100
2600
2400
2500
2700
4300
2400
2400
6800
2900
2700
2700
2600
2900
2500
2500
3000
2900
2600
3000
2600
3200
2600
2900
3500
2900
2800
3000
2800
3600
3700
3000
2800
3700
3500
3900
2800
2900
3000
2800
4000
3100
3100
3200
4100
6100
3600
4300
3100
3200
3100
3300
3000
2900
3600
3900
4700
3200
3300
4600
3300
3100
3300
3200
3200
3300
4600
3300
4400
4500
4600
4600
25300
2700
2600
2700
2500
7000
2600
2600
4300
3800
2500
2700
2600
4300
2400
2600
6600
2900
2900
3000
2600
2700
2600
2500
3900
2700
2900
3400
2800
4400
2700
3200
3500
2900
2900
2900
2900
4000
3800
2900
2800
3700
3800
4300
2900
2900
3500
6100
4000
3100
3100
3100
5400
3400
3100
4600
3200
3000
3300
3100
3000
3100
3000
2900
4800
3500
3300
5200
3300
3200
3500
5300
3300
3400
3300
3300
3200
3300
3300
3100
20700
2700
5300
2600
2500
4300
3100
2500
4400
2500
2600
2500
2500
4100
2500
2600
5500
3500
2800
3000
4000
2700
2500
2600
3300
2700
2700
3300
2800
3000
2800
3000
3300
3100
2700
3100
3500
3600
3800
2800
2800
3700
3600
3900
2900
2900
2800
5700
3900
3100
3000
3300
4500
3100
3300
4400
3500
4300
3100
3300
3100
3000
3000
3200
4500
3300
3200
4700
3600
3200
3300
4800
3300
3500
3200
3400
3200
3500
3200
3200
19300
2700
2800
4200
2600
2500
2600
2700
2500
2500
4100
2800
4200
4200
4600
4300
7800
2900
2900
3600
3100
2800
2600
2800
2800
3700
3300
2900
3300
3000
3300
2900
8900
3400
2900
3000
2900
3900
3000
3000
3000
6100
3200
2800
2900
2800
3900
3000
4700
3300
4000
3300
3300
3100
3100
3300
4100
5000
3100
4300
4700
4500
4200
3400
5300
5200
3800
3700
3500
3900
3600
5100
3500
3800
8200
3800
5000
3300
3300
3400
18600
4900
2800
2900
3000
5100
2700
2500
2900
5600
2900
2700
2700
3500
2900
2800
6400
3300
3500
3300
3200
3000
2800
2800
2900
2800
2700
3000
2700
5300
2700
2700
4600
3500
2900
2800
2800
4000
3000
3000
2900
3000
2800
2800
2900
2800
3900
2900
5500
3300
4200
3100
3300
3100
3100
3100
4300
4700
3600
4300
4400
4400
4100
3400
5300
7800
3500
3400
3300
3800
3400
3600
3300
3200
6600
3700
4900
3300
3200
3300
19200
4800
2700
2800
3100
4500
2700
2500
2800
5200
2700
2800
2600
2700
5400
2900
6500
7800
3400
3200
3100
3000
3600
3000
2900
2600
2600
3000
2900
2700
2600
2700
3700
2900
2900
4000
3000
3000
2900
3100
3000
2900
2900
3100
3000
3000
3900
3000
4500
3100
4200
3100
3300
3100
3100
3300
4200
4700
3100
5500
7100
4400
4000
3100
5300
5000
3500
3500
3600
3800
3500
3500
3400
3200
5300
4000
6000
3300
3900
3300
18600
4600
2700
2800
2600
7700
2800
2500
2800
5200
2700
2700
2600
2700
2700
2600
6100
3800
3600
3700
2900
3700
3100
2900
2700
2700
3000
3500
2800
2700
2900
2700
3500
3300
3100
4200
3200
3000
3200
3000
3000
2900
3200
3100
3000
3000
4300
3100
8400
3300
3200
3300
3000
4600
3300
3200
3300
3300
3100
3300
3200
3200
4700
3200
5200
4900
3400
3400
4000
3800
3300
3300
3400
3200
5400
3400
4700
3700
3300
3300
22600
4700
3000
2800
2600
4500
2900
2600
2700
5300
2700
2700
2600
2700
2600
2800
5500
3300
3600
3100
2900
3200
2800
2900
2800
2900
2700
3100
2600
2900
2700
2600
3600
3000
2900
3900
3100
3000
3000
3100
3000
3400
3000
4500
3100
3000
4900
3000
6100
4300
3100
3100
3100
5400
3200
4200
3200
3000
3200
3900
3400
3500
5200
3200
5500
3400
5600
4800
3400
4800
3400
4300
4700
7000
3800
6000
6000
5800
5700
3500
20700
5400
3700
2700
2500
6600
2800
2500
2700
6900
2600
3600
2700
2600
5700
2700
5600
3300
3600
3200
2800
3300
2900
2800
2900
2700
2700
3000
2600
2700
2600
2600
3400
2900
2900
3900
3000
3400
3000
3200
3000
2800
2900
3300
3000
2900
3900
3000
5500
3500
3000
3000
3600
4300
3200
3300
3100
3000
3000
3300
3200
3100
4500
3200
7700
3500
6900
3500
3400
3900
3300
3500
4800
5500
3300
4900
5100
5600
4900
3500
18700
6800
3100
2700
2500
4200
3100
2600
2700
5500
5400
2700
4800
2600
3000
2900
8100
3000
3400
3400
3100
3200
2800
2800
3300
2700
3000
3100
2900
3100
2800
2800
5100
3100
2900
3100
2900
4100
3200
2900
3200
7300
4900
4000
3600
3000
3000
5400
9100
3300
3200
3300
6100
3200
3200
3200
4600
3300
3500
3200
3200
3100
3300
3200
4800
5000
3600
10300
4700
3500
3300
3700
3400
3400
3300
3600
3300
3200
4800
3400
12700
2700
4500
2800
2800
2500
2700
6600
3100
2500
2500
2700
5700
2600
2500
4200
7000
3000
3000
3400
2800
2700
2500
2800
3000
2800
2700
2500
3500
3700
2800
2600
4700
2900
2900
3300
2900
4000
3200
3200
3100
2800
2800
3800
2900
2800
2900
2800
4400
3100
4500
3000
3400
3100
3100
3100
4500
3100
3300
3100
3100
2900
3000
5900
4300
4800
3300
3400
3200
3200
3300
3300
3500
3300
3200
3200
3400
3200
4600
3200
13700
2800
5100
2600
2600
2400
2600
4800
2700
2500
2900
4200
2900
2600
2600
4000
6600
3200
2900
3100
2600
5600
2700
2700
2700
3100
2800
2500
3200
2600
2800
2600
3300
2900
3700
3800
3000
3000
3000
3000
3400
2800
3600
3500
3100
3600
2900
3000
4100
3100
3100
3000
3300
3000
3000
3100
5900
3100
7300
3200
3100
3100
3200
3100
4500
4600
3300
6200
3300
3300
3300
3500
3300
3400
3300
3400
3300
3200
4800
3200
10300
2600
4400
2500
2600
2500
2600
4700
2700
2500
2400
2600
2700
2600
2900
4100
6300
2900
3000
3000
2700
2800
2600
2600
2700
2600
2600
2700
2900
2700
2700
2800
3300
2900
6400
3500
3200
3000
2800
2900
3600
2800
3200
3500
3100
3600
2900
2700
4800
3400
3200
3000
3000
4200
3200
3300
3100
3100
3000
4100
3000
3000
3900
3100
5900
4700
3300
3300
3200
3300
3200
3400
3300
3300
3100
3400
3200
3100
7700
3300
10000
3000
4300
2800
2500
2500
2500
5000
2600
2500
2500
2500
2600
2500
2500
4100
6500
4200
3000
3000
2800
2700
2600
2700
2700
2600
2600
2500
3000
2600
2800
2600
3400
3100
3600
3800
3000
3000
2900
3200
3500
2900
6400
3500
3100
3500
2900
2800
6400
3300
3100
3300
4100
4400
3300
3000
3600
4100
3000
4600
3600
3200
3100
3300
8200
3900
3300
3500
3300
3300
3300
3400
4600
3400
4000
3300
3600
3300
3200
3200
10200
2500
6800
2700
2400
2400
2600
4700
2500
2500
2600
2700
2500
2500
2600
4000
7500
2900
2900
3200
2800
2600
2500
2700
2700
2700
2600
2500
3100
2800
2600
3000
3500
2900
3600
3900
3700
2900
3100
2900
3600
3000
3300
3700
2900
3500
3000
2900
7800
4400
3300
3100
3100
4400
3200
3300
3100
3100
3000
4200
3100
3200
3600
3100
5300
3500
3700
3400
3300
3500
3400
3300
4900
3400
3300
4700
3400
3500
3300
3300
9300
4800
2600
3200
2700
2600
2500
2600
5400
2600
2400
2500
2700
2400
4300
2600
8300
2800
3000
3400
2800
2700
3000
3100
2800
4400
2800
2900
3000
2700
2600
2800
4600
3400
3500
3000
3000
3000
2900
3500
3100
3000
3100
3700
2900
3000
2900
3000
4200
3500
4100
3500
3300
4600
4500
7100
3300
3400
3200
3900
3300
3400
4200
3400
4800
5000
3600
3800
3600
3400
3400
3800
3400
3500
4900
3600
3600
3300
3400
4900
10600
2900
2800
3000
7600
2800
2800
2800
7200
3200
5500
2700
2800
2700
2600
2700
7200
3300
3000
2900
3000
2600
2700
4200
2800
2700
2700
2700
2700
2800
2800
2900
4400
3100
3800
3100
3000
3100
2900
3500
2900
3000
2900
3500
3100
2800
2900
2900
4000
3100
3900
3700
3400
4100
4400
7100
3200
3700
3400
3200
3200
3100
4200
3200
5000
4900
3300
3400
3600
3300
3300
3500
3500
3400
4700
3500
3300
4000
3400
4800
10000
2600
2500
2800
4300
3100
3100
3100
8300
3100
5000
3200
3100
3300
3100
3100
8100
3900
3400
3400
3200
3400
5400
4100
2600
2900
2800
2700
2600
2600
2700
3000
3300
3100
3800
3700
3200
2900
3900
3600
3100
2900
4000
3600
3100
3300
2900
3000
5800
3300
4600
3300
3400
4000
4600
7200
3300
3200
3400
3200
4300
3200
4200
3200
4800
4900
3400
3300
3400
3500
3300
3400
3700
3400
4900
3800
3200
3600
3300
16400
10000
2700
2700
2700
4100
2700
2500
2600
4200
5600
4400
2600
2600
2700
2600
2600
7200
3100
3000
2900
2700
2800
2700
2600
2700
2700
2800
2600
2700
2700
2700
3000
3300
3600
3800
3700
3200
3100
4100
3400
3000
3200
2900
3400
3000
3100
2900
3000
5200
3300
4200
3400
3300
3300
3500
4200
6200
3200
3300
4200
3200
3200
3400
3300
4500
4600
3500
4100
3500
24800
4100
3500
3500
3700
4500
3800
3400
7200
3400
4700
10600
2900
2700
2600
4100
2700
2700
2600
6000
2600
6700
2900
2500
2600
2800
2600
6600
3300
3000
2900
2700
2700
2700
3900
2800
2700
2700
2700
2900
2700
2700
2800
3500
3000
3400
3800
3000
3000
3900
3400
3300
3000
2900
3400
3200
3000
2900
2900
5000
3400
4200
3400
3300
3300
3400
3900
3200
3500
3900
6900
3200
3100
3200
3300
4300
3300
4500
3500
3600
4300
5100
4500
3700
3400
3400
4900
3400
3400
7000
3500
9900
2900
2600
2700
4000
2700
2900
2600
4100
2700
7300
3800
2600
2700
3100
2500
7500
3200
2900
3000
2900
2700
2700
2700
2700
2800
2800
2700
2800
2800
2600
2700
3300
3000
3400
3900
3200
2900
3800
3400
2900
3100
2800
3400
3200
3000
2900
3000
5700
3500
4100
3300
3200
3200
3300
3800
3400
3400
3200
6900
3300
3200
3300
3300
4300
3500
4500
3400
3500
6300
5200
4200
3500
3500
3500
3700
3500
3500
4500
4000
9400
4100
2800
10600
3000
2700
2600
2900
2500
2600
4100
2800
2600
2600
2900
4600
9800
4000
3000
3300
3000
2900
2800
2900
2900
2900
2900
2900
3000
2900
3100
2800
3900
3100
3100
3100
3100
3800
3200
3800
3200
3000
3300
3100
4000
3100
3700
3800
4400
3400
3200
6300
3200
4300
3400
3700
3400
3200
3200
4400
3300
3300
3400
3300
5000
3700
3700
3500
3600
3700
4700
5600
4200
3500
3500
3600
3400
3400
5200
4700
10700
3000
2900
4100
2900
2700
3800
2800
4900
2600
3600
2600
4800
2900
4800
5200
8400
2900
4200
3100
3000
4700
3200
2800
2700
4000
3000
2800
2900
2700
4000
3100
4700
3200
3100
4000
3000
3600
4200
3600
3100
4100
10300
3200
8800
5100
9900
4100
4500
3200
3400
3300
3100
4300
3400
4000
3200
3200
3200
4100
3200
3500
3300
3300
5400
4400
3700
3400
3700
3400
4600
4500
3500
3400
3600
3500
3400
3400
4600
7300
10200
2900
2900
2700
2800
2900
2700
2800
3900
2800
2700
2500
4400
3100
4200
4300
8400
4500
3400
3200
3200
3100
3200
3100
2800
3000
3100
2800
2700
2700
3300
2800
3600
7100
3100
4000
3100
3100
3200
3000
3200
3000
3300
3100
3000
3200
3300
3000
4200
3300
3700
3400
3100
4200
3300
4000
3200
3200
4600
5000
3200
3400
3200
3300
5300
3600
3500
3600
3500
3400
4400
7100
3500
3400
3900
3400
3300
3300
4700
4600
11100
2900
2700
2600
2800
2900
2600
2700
3900
2700
2600
2600
4100
2700
4100
4100
7900
3100
3200
2900
2900
3200
3100
2800
5700
3000
2900
2700
3200
2800
3200
2800
3700
4000
3100
3700
3700
3000
3000
3000
3200
3000
3000
3000
3200
3100
3100
2900
4000
3300
4100
3200
3200
4200
3300
4700
3400
3400
3300
3400
4200
3200
3700
4000
7800
3500
3500
3600
3400
3400
4500
4500
3500
3500
3400
3400
3300
3600
4400
4600
9700
3000
2700
2700
2800
2600
2600
2700
4100
2700
2700
2500
4100
2800
3900
7000
8200
2900
3400
3000
2900
3200
3400
3000
2800
3200
2900
2800
2800
2800
3400
2900
3800
3900
3300
3900
3000
3200
3100
3100
3000
3800
3000
3200
3100
6000
3000
3000
4200
3400
3600
3200
3300
4300
3300
4900
3500
3200
3300
3300
4400
3300
3400
4400
4500
3500
3500
3600
3400
4700
3600
3600
3400
3400
3400
4600
4000
3500
3500
6400
9900
2800
2700
4300
2800
2600
2600
3000
4000
2600
2900
2700
4000
2800
4100
4300
7600
3000
3400
3100
2900
3000
3300
3100
2900
3200
2900
4200
2800
2900
3100
3700
3700
6900
3200
3800
3200
3100
3100
3100
3200
2900
3000
3100
3200
3100
3100
3000
4500
3700
3400
3300
3100
4300
3400
4800
3400
3300
3300
3500
4000
3500
3300
4200
4600
3600
3600
3500
3400
4600
6100
3600
3400
3500
3700
4600
3400
3500
3600
3500
9200
3000
4300
2900
2700
2700
4100
4000
2700
2600
2700
2900
2600
2800
4200
4700
10700
3700
3100
3400
11000
3400
3000
5800
2900
3000
2700
3200
3000
2900
3000
2900
4500
3600
3300
3200
3100
3800
3100
3200
3400
3000
3100
3100
3100
3300
3600
3400
5500
3500
3500
4500
4400
4400
4300
3600
3400
3400
3400
3500
3400
3400
4200
3400
5100
3800
7500
3700
3600
3500
4900
3800
3600
4700
3500
3700
3800
4400
4600
3700
10400
3200
3000
3000
4200
3000
2800
3200
3100
3300
2900
2900
2800
2800
2900
2900
8100
3300
3400
3100
3000
2800
3100
2800
2900
2800
2900
5800
2900
2800
2800
2800
4300
3200
3200
3200
3100
4100
3100
3200
3300
3100
3300
3100
3100
3100
3500
3000
5100
3300
3400
4200
3600
4000
4200
3400
3200
3300
3500
3300
3300
3300
4100
3300
5000
3600
4500
3600
3600
6300
4700
5300
3500
5300
3500
3600
3800
4500
5000
3700
10300
2800
2800
2700
3900
2800
2700
2700
3000
2600
2800
2800
2600
2700
2900
2900
8400
3300
3500
3100
3000
3800
2900
2800
2800
2900
3000
2800
2800
2900
5900
2900
3500
3500
3100
3200
3200
3900
3200
3100
3300
3700
3100
3000
3400
3200
3200
3100
5200
3400
3300
4100
3300
4000
4000
3500
3200
3300
3400
3600
3400
4400
4200
3700
5000
3700
4500
8100
3600
3500
4600
6800
3500
4600
10900
6000
6300
6800
6700
5100
16800
7100
4400
3900
5900
5500
4400
4700
5200
4500
4400
4700
4700
4900
9700
4900
12000
8600
5300
7800
4700
4400
3800
4600
4100
4500
4300
4000
3000
3100
2900
2900
8700
3200
6700
3300
3400
3800
3500
3100
3100
3300
3500
3000
3100
3000
3400
3000
5000
3500
3800
3400
3400
4400
3400
3600
3500
3200
3400
3500
3400
3300
4200
3300
6200
3700
4600
3600
3500
3600
4500
3700
3500
7800
3500
3600
4000
4400
4400
3700
10500
2900
2700
2800
3900
2700
2700
2600
2900
2700
2800
2900
2600
2800
2800
2900
8400
3500
3400
3200
3400
3000
2900
3000
3100
3100
3000
2800
2900
3000
2800
2900
3700
3200
3200
3200
6400
4100
3500
3100
3100
3200
3200
3100
3100
3200
3400
3600
5000
3400
3600
3400
3300
4500
3300
3500
4000
3300
3300
3600
3400
3400
4300
3300
5700
3500
3800
4400
3700
4500
4600
3600
3500
3600
6500
3600
3600
3600
4500
3800
10100
2800
2700
2800
4100
2600
2800
2700
3000
2600
2800
3000
2700
2800
2900
3000
9000
3200
3500
3000
3000
2900
3100
2900
2900
2900
2900
2800
2800
3000
2900
3000
3400
3200
3200
3200
3200
3700
4500
3200
3200
3200
6000
3000
3200
3100
3300
3100
5400
3300
3600
3500
3300
4300
3300
3600
3400
3400
3300
3300
3500
3500
3900
3500
5900
3700
3600
4500
3500
4300
4400
5200
3600
3600
3500
3700
3500
3500
4400
3500
12300
2900
3900
2700
2900
2700
4000
2700
4300
3900
2800
2700
2800
3900
3900
2700
