1534700
30800
28200
61200
30800
122900
45600
33500
26000
23300
22200
25300
37100
24100
24700
27800
44100
39900
26900
27900
23800
44200
30500
26400
25600
33500
25300
29600
27600
40900
27300
28100
52100
34500
30600
49800
38800
58900
30400
30100
34200
26600
33000
27400
31900
27900
28400
60800
55300
23700
20600
22000
21500
43800
22100
21500
21200
20700
27600
46500
20200
18600
46600
22900
55200
48200
21500
18400
23600
25900
19300
19100
18600
44500
54700
22400
55100
21700
42400
49600
16900
11700
20100
12400
16600
12300
11900
10400
9800
11100
19900
13400
16400
11200
10700
10800
28000
15100
13500
12000
12500
21800
35400
14800
13500
13300
13100
11900
15100
26800
14300
13000
21000
17700
14800
22400
15900
24100
15000
15700
18500
30300
13900
13700
13400
15000
14100
43500
28700
19500
20700
18400
16800
23100
16100
15100
14800
20100
16400
23300
15700
16500
26000
17300
37700
25500
17900
15900
15600
16600
15200
22000
15900
35500
34100
17800
24400
17200
25600
24800
9500
9200
15900
8500
10900
8600
9400
8000
7500
7800
16800
8200
9500
8500
7600
7500
17500
12200
9700
9100
9400
22400
16700
10200
18000
15700
14700
16800
14100
14500
17300
14200
23600
196100
99800
60800
28600
19700
13700
13800
13100
13000
88100
21600
17200
17000
23000
20900
21500
18800
14800
14200
16600
21400
15500
14100
14200
15500
15200
21300
15400
14900
28300
15700
22200
25900
18800
20200
18500
19500
23100
16300
15400
26200
27100
27800
22800
15100
21600
18900
7900
9600
10200
7000
8100
6400
7600
6800
5800
6900
8500
6500
7900
10900
6900
6300
9000
9100
7600
7000
7400
13200
13400
8500
7700
7400
7300
7200
7100
7000
7900
7100
12300
11600
8900
8600
8700
13600
9800
9600
9500
9300
8700
8900
9200
15800
12000
9700
15500
13000
11700
11000
11500
16600
11700
41300
8000
11100
7100
13500
7200
7200
12800
7700
18600
14500
8700
26300
8500
8100
7700
8600
7300
18600
18400
10200
14300
7600
14300
12900
14600
5700
7800
4700
13900
5700
6400
7700
4200
4700
6200
4500
6700
6400
4800
4500
5900
6800
4900
4800
4800
9900
10900
5700
5100
5300
5200
5100
5000
5200
5100
5000
6700
7000
5900
5400
5500
10200
5600
5500
5800
6500
5500
7800
5900
9700
6700
5700
7600
8000
6000
13600
6300
12000
6500
6000
6700
7400
6100
6300
6400
8400
6500
12600
10700
12800
8400
7200
6900
7700
7300
7400
7200
34800
14400
9500
25600
8500
14700
12800
9800
10700
10400
5000
5800
4800
21900
5800
4900
8100
6800
5100
6200
6400
4600
5600
5700
6600
5700
4800
5200
12300
12400
5100
5400
5200
5300
5100
6400
7200
5600
5100
6700
7200
5400
5500
5800
15500
6800
5600
5500
5600
5600
5900
5600
11100
6000
5900
7500
9700
6400
9000
6300
10800
7200
6000
6800
7100
6100
6300
6500
6800
6300
8900
8900
9100
7000
6500
7900
9700
7000
6700
6500
8100
7100
9700
9800
6900
10100
7300
32500
18000
16400
17200
17700
16800
17900
16300
17400
16400
17100
18000
16700
17900
17000
16500
23200
17600
16900
16900
21100
17000
17000
18300
17400
15400
16300
14300
14400
15400
14500
15400
16700
14900
14800
14600
14800
14400
14600
15000
16500
6900
6800
7700
9300
8400
6700
7800
8800
7300
7300
9200
7400
6900
7800
6900
7100
9800
7400
7100
8600
8500
10700
7400
93400
10300
5500
10400
5300
5600
8100
5300
5300
7300
5200
5200
11300
6000
4900
5300
9700
6300
6800
6400
6000
6100
8400
7700
7800
5800
5800
7000
11100
6500
7200
6500
8200
7300
6300
6300
7700
6000
6300
6200
6000
6100
7400
6600
6300
6200
6200
6000
9700
6500
6400
6600
6400
6400
6500
6400
6700
6600
6300
6300
6400
8100
6500
6700
11100
6900
6700
8700
7100
7200
7200
6700
6600
10600
7100
13400
7000
8000
12500
7500
92300
6200
5000
9500
4800
4900
7700
4800
5300
6800
4700
5100
8300
4900
4500
4900
8100
5800
9400
10400
5800
5800
5600
5700
5900
5600
5700
6400
6200
6200
5700
6100
6600
6300
6500
6500
6100
6600
6000
6200
6000
6800
6200
7800
6100
6400
6100
6100
7600
6300
7200
6500
6300
6400
6300
6800
6300
6500
6200
8200
27000
7900
6500
5700
8000
6300
6300
8300
6600
6000
6000
6100
9400
8500
6000
6100
6100
5900
9000
6400
82700
21900
4000
7600
3700
3900
6700
3600
3900
5800
3700
4000
7200
3700
3500
4300
9100
4700
5300
5800
4700
7800
6500
4500
4600
4600
4500
5100
4900
4900
7500
4900
5400
5200
5000
4800
5000
5800
5100
4800
5000
4900
4700
6100
5000
5100
5000
5000
7200
5200
5100
5600
7000
5100
5400
5100
5100
5100
8200
5200
5200
5200
5300
5100
7100
7300
5800
7500
5700
5500
5500
6000
5900
8100
5300
5500
5600
5500
10700
5500
79100
3700
3900
7100
4000
3700
6400
3600
3800
5600
4700
5200
6600
3900
3600
4200
6300
4800
5900
5400
4700
4600
5500
4700
5100
6000
4500
5600
4700
6700
4800
4500
5400
4900
4900
4800
4900
4800
4800
5100
4900
4800
4900
6000
4900
4900
5400
5700
9000
5700
5100
5200
7700
6300
5200
5400
5100
5100
7500
5300
6300
5300
5200
5200
7400
9000
6800
6500
5700
5400
5700
6500
7300
6100
6400
5500
5300
8500
5400
5800
83300
3500
4100
8000
3600
3900
7000
4400
3700
6300
3400
3500
7300
4700
3200
3600
7400
4700
5400
6800
4400
4500
4300
5300
4500
4400
4300
5700
4400
5400
4400
4300
5900
4700
4600
4600
4600
6100
4900
4700
5100
5800
4600
4700
4700
5800
5000
5500
8300
6400
5200
5700
8100
5400
5100
5900
5000
6200
8500
5200
6200
8100
5100
5200
6600
5800
5800
6000
5500
5500
5300
5400
9100
5800
5400
5100
5600
7600
5900
5300
31300
4100
3400
6200
4000
3500
3400
3400
3500
7400
3400
3600
3600
6800
7500
3600
13200
19000
20700
13600
6400
4600
4200
5200
4800
4100
4500
5000
4500
4200
4400
4300
6900
4700
4400
4500
4500
4900
4500
6300
5500
4400
11500
4800
4500
5700
4600
4200
6600
5400
4500
11400
4900
4900
6200
5100
5100
5100
6100
5400
4500
6100
4900
4500
9800
5100
7000
5100
6100
5000
4900
6900
5600
5300
7000
5000
6200
6900
5400
5200
26700
3200
5900
3500
3500
3400
3200
3300
3300
3300
3300
3700
11300
6500
3400
3200
7300
7400
4200
4200
4100
4700
4400
5400
4300
4300
4200
4400
5200
4200
4500
5000
7000
4800
4600
4700
4700
4700
4600
6100
5100
4700
4400
4700
4400
4800
4700
4500
6500
5100
4900
6400
4900
4800
6300
4800
4800
4900
6000
4900
4600
6400
5500
6400
9500
5300
7100
4900
5000
5000
5000
6400
8300
7900
10900
4900
5100
5400
4900
5000
25600
3100
9000
3300
3100
3200
3400
3100
3000
3200
3100
3100
3000
7100
3000
3300
6800
4300
4200
4100
6800
4100
4700
4600
5000
4200
3900
3900
4600
4200
4000
6800
7300
7000
6200
9300
8900
7700
7400
8100
7300
7000
28100
19000
8500
8600
7600
7900
24200
8100
8900
9500
6900
7100
11200
6700
6500
7100
8800
7200
9000
8500
6100
6300
13600
7400
11800
7800
7300
7300
7300
10100
5000
5500
6900
5400
4900
5000
5200
5100
23700
3100
5900
3300
3200
3300
3000
3100
3200
3100
5100
3800
3100
6700
3200
3200
6900
4400
4200
4200
4700
4100
7300
4800
4100
4100
4300
4300
4700
4200
4200
4900
5100
4600
4400
5700
5400
4600
4300
5600
4500
4800
4700
5800
4600
4400
4600
4400
7200
4600
4800
4800
4600
4900
4600
6200
4800
4800
4700
4600
4500
4500
4600
5200
6500
5000
6500
5000
4800
5200
4900
6700
5300
5400
6900
5300
4800
5200
4800
4900
23200
3000
5200
3400
2900
3000
3100
3100
3200
3400
3200
3100
2900
5900
3000
3200
9600
4200
4200
4500
4200
4700
4100
4600
4000
4200
3900
4000
4700
4200
3900
4700
5100
4400
4400
5600
6400
4800
4700
6000
4400
4300
4400
5700
4500
4300
4700
4700
7900
4800
4800
4800
4900
4600
4600
6100
4900
4500
4800
4600
4500
4500
5100
4500
13900
5600
5100
9400
4900
5100
8100
6500
5100
5100
7100
6400
4800
6800
5500
5000
21800
3100
5300
3200
3000
3900
3000
3100
3200
3000
3000
3500
2900
6000
3000
3300
6700
4200
7000
4100
4000
4100
4100
4700
4100
4000
4000
3900
5000
4100
4000
4700
4600
4400
4500
5200
5600
4400
4300
5400
5400
4700
4700
5200
6800
4600
4500
4300
6900
4800
4600
4600
4900
5200
4700
6600
4800
4800
4700
4500
4500
6100
4600
4500
6300
7600
5000
7200
4800
4800
6600
5400
5000
5100
6700
4900
4800
6500
5000
5000
22000
3300
5600
3100
2900
3300
3100
5100
3200
3800
6400
3000
3000
3400
3000
3300
13400
13100
4600
4400
4200
4300
4100
4100
4000
4100
4000
4400
11700
5800
4200
4200
56000
14200
6400
6500
6500
6700
6900
6600
8400
8000
7200
6600
6400
6700
6600
6700
9500
8400
7800
7900
9600
9000
8300
7700
7700
9100
9100
8100
10400
8100
8000
8500
11400
9300
9400
9400
9100
9200
9800
14000
9400
9400
12000
9400
12900
9400
9600
9200
28700
8500
8600
10900
8100
8600
11000
11000
8300
8400
9100
8500
8300
8700
8200
8900
17500
5300
5400
6200
5300
5100
5400
5100
5000
5300
5100
5700
5100
5200
5100
5500
8800
9600
6500
7100
6400
6800
6600
14800
4500
12800
4500
5000
14100
5300
4600
4400
13700
4800
4900
4600
5700
5300
4600
5400
5200
5200
5800
4500
6200
4800
5100
5000
6700
5000
5100
4900
5100
4900
4900
6600
5000
5100
6600
5400
6200
5100
5700
5000
26000
3300
3500
5100
3200
3300
6300
5200
3300
3100
3100
3400
3100
3100
3200
3000
9900
4400
4300
8600
4300
4200
4000
4300
4100
4200
4100
4300
4100
4100
4100
4600
5000
4400
4400
4500
6100
4400
6000
4400
4400
4600
4400
4500
5500
5000
4500
4400
6600
4700
7600
4600
5400
5600
4500
4600
4800
5300
5700
4700
6300
4900
4600
4700
6800
4800
7200
5000
4800
5100
4900
9300
7800
8200
9400
5100
25700
5500
5200
5000
22000
3200
3400
5000
3400
3100
8000
4900
3200
2900
3700
3300
3100
3100
3000
3400
6800
4200
4200
6300
4300
4300
4200
4200
4100
4100
4000
4300
4100
4200
4100
4600
4800
4600
4400
4600
4400
4300
4400
5000
4400
4400
4400
4400
5500
4600
4600
4500
10300
4900
4700
5200
4600
4900
4700
4800
4500
6000
4800
4800
4600
4600
6300
4600
7400
4900
5400
5000
4800
4800
6000
6200
5900
4800
7800
5000
7500
4900
6100
4900
22900
3200
3100
5600
3100
4200
5800
6700
3200
3000
3100
3400
4100
3100
3000
2900
7600
4400
4100
4800
7400
4400
4000
4000
4200
4100
4000
4200
4000
5000
4100
4300
4900
4600
4400
4300
4400
4300
4800
4400
4400
4300
4700
4400
5600
6400
4700
4300
6700
4900
7400
4600
4700
4600
4700
4800
4600
6600
4900
4600
4600
4700
4900
4500
6700
4900
4900
5100
6000
8000
5100
6900
8300
129700
19100
6900
7400
6300
5700
8000
25600
3800
3500
5300
3300
3400
5600
8700
4900
4100
3300
3000
3300
3400
3100
3100
6700
4600
4700
4700
4300
4300
4100
4000
4100
4400
4000
4100
4200
4200
4600
4100
5000
4500
4500
5600
4300
4600
4500
4500
5600
4300
4500
4300
8900
4400
4500
4400
9600
4800
4600
4600
5500
4600
4700
4700
4600
8100
4600
4700
5800
4600
4800
4900
9200
7400
4800
4900
7000
6900
4900
5000
4800
6800
7200
4900
9700
5000
5400
5000
21100
3100
3100
3100
3300
3100
3700
5400
3400
3400
5700
3400
5200
3300
3200
3100
10900
5100
4400
4300
4300
4400
4200
4200
4800
4400
4200
4400
4200
4200
4900
4100
5500
4600
7600
4700
4500
4500
4500
4200
4600
7600
4400
4600
4500
4700
5300
4500
5900
4800
5000
4700
5600
5900
4700
4700
6100
4900
4900
4900
4800
4900
5000
4900
6800
5600
5300
4900
4900
5000
6700
5200
5200
5000
6400
5000
5900
5000
5200
4900
21200
5100
3300
3200
6400
3200
3100
3100
3100
3100
3100
3000
5100
3000
3300
3300
9400
5000
4400
4400
4100
4500
4200
4600
4500
4500
4700
4100
4600
4100
4400
4200
5800
4400
4500
4400
4400
4600
4500
4300
4500
4400
6600
4500
4400
4400
5500
4500
6300
4500
4800
4900
5700
5800
4700
4700
5800
4800
7700
4700
4700
5100
4600
6300
6700
5100
5100
5900
4800
5500
6900
5000
5100
5000
4800
4900
5400
4900
5000
5000
21900
4900
3100
3000
3800
3300
3100
3000
3000
3300
3100
2900
4800
3100
3200
3600
9100
4600
4400
4300
4100
4200
4200
4600
4300
4200
4200
7100
4600
4300
4100
4100
5100
5100
4700
4500
4600
4400
4500
4600
5300
4800
4600
4400
4500
4500
5400
4900
5900
4700
4700
4800
5600
6900
4600
4700
5900
5000
4600
5000
4800
4800
5200
6900
7000
5100
4900
5100
4700
4900
6600
5000
5100
5200
5300
4900
5000
7700
5000
4800
20500
4700
3000
3100
3200
3200
3300
3100
3200
3200
3000
3000
4800
3100
3000
3300
9300
4800
4400
4300
4200
4300
4500
5100
4300
4100
4400
4100
4300
5700
4200
4500
4900
5500
4800
4500
4600
5000
4400
4400
5600
4500
5700
4400
4300
4700
5300
4600
8200
4800
4900
4700
4600
4600
5500
4600
4800
4700
4900
5100
4800
4600
6300
4700
6800
5200
4900
5100
4800
4900
6800
5000
5000
5200
5000
4900
5100
4800
10800
7600
22800
4400
2700
2700
4100
2900
2800
2600
2700
2900
2900
2800
7200
2700
2700
2900
7100
4300
4000
3900
4000
3800
3800
4200
4000
3800
4000
3700
4100
3700
5100
3900
4900
4800
4600
4300
4100
4000
4100
4200
5000
4100
6000
4400
4000
4500
5300
4300
5200
4400
4400
4300
4300
5000
4700
4200
4800
5000
4400
4900
4400
4700
5800
4400
10000
4600
4900
4600
8700
5900
4700
4500
5900
4700
4800
4700
4800
4600
4800
4600
20300
4500
3200
2800
2800
2700
3000
2800
2700
2600
3200
2600
4600
3700
2800
3000
7300
4400
4100
4200
3900
5100
3800
4400
3900
3700
3900
3700
4000
3800
3900
3800
4800
5300
4000
7000
4100
4600
4200
4400
5000
4100
4000
4400
4200
4200
5200
4000
5300
4400
4400
4700
4500
4400
4400
4600
4800
4200
4300
4400
6100
4300
5300
4500
5800
4700
4600
4600
6000
6000
4700
4700
5900
4800
4600
11800
4600
4700
4600
4500
22700
4300
2800
2700
2800
2900
4800
4700
2900
3000
2800
2800
3100
2700
4000
2800
15600
9400
7300
7300
7200
7300
7100
7200
7400
7700
7100
8700
7400
7200
7600
7800
9500
7800
7500
13100
7700
7600
8200
7700
7700
8200
7700
8000
7400
7700
7600
7700
10700
8200
8300
8000
8300
12400
8400
8200
8100
10800
10300
8300
8300
8400
8400
8100
11000
8600
9600
11100
8600
9400
8400
8500
8500
9200
9100
8300
13500
10300
8400
8700
40600
5500
7800
5200
5300
4800
5500
5200
5900
5200
5200
10400
5200
10400
5200
5500
13200
8000
7000
6900
7000
8200
7200
7700
7400
8100
7900
7500
7600
7200
7300
7200
9700
8700
7800
10100
10500
7800
7800
8100
7700
7700
7700
7300
7900
8000
8000
7800
11800
8100
7600
8300
8900
8100
8100
8200
8000
10500
10300
8300
8100
8300
8500
8400
12000
8800
11700
14700
9900
8900
8400
8200
8300
8300
8300
8500
12300
8500
7600
8100
39500
5800
7500
5100
5700
5000
4700
4900
4800
5100
4700
8600
4900
5000
4900
5000
11800
7800
6800
6900
6600
7200
6900
6800
6900
7000
6700
6700
6900
6700
6800
6900
8100
8300
7400
11300
7000
7300
9300
7200
7400
8400
7200
7500
7200
7400
8200
8700
9700
8000
8500
7900
7900
7800
7600
7800
7600
9200
9500
7800
7900
8200
8400
8300
10800
8200
8300
11200
8000
8600
8100
8100
8400
8100
8200
9000
10500
8300
10900
8200
43200
5400
8000
4800
4900
4800
5200
5000
4800
4900
5000
7500
5100
4700
4700
5300
10500
7600
6700
6600
6900
7600
7300
6800
6600
6600
6700
6700
6900
6800
6900
6900
8000
8600
7400
7900
7300
7300
7100
7100
7700
11800
7300
7200
7500
7200
8400
8700
9500
8000
7900
13900
7400
7700
7800
7700
7700
8100
7900
7400
8000
7500
7800
7500
10700
9000
9200
11200
10100
8900
8400
8000
8200
8800
8100
8100
10300
8200
8000
8100
40500
5100
7600
5400
4900
12800
4100
3600
3700
3300
3200
5600
3400
8300
3000
3100
9400
4800
4100
4000
4400
4600
4100
3900
3900
4000
4000
4300
4100
3900
4200
4200
5000
5700
4400
4200
4300
4500
4200
4200
4200
5200
4300
4200
4100
4300
5100
5300
5400
4700
4700
9600
4400
4500
4400
4700
4500
4700
4600
4500
4900
5800
4700
4500
6300
4800
4800
4800
5000
8200
4700
4900
5000
7000
6400
4900
4900
5000
4800
4800
22900
3100
4600
3000
3200
2900
3000
2900
3400
2900
3000
4700
3000
2900
3200
2900
8300
7400
4300
4100
4000
4400
4100
3900
4000
4100
4200
4000
4000
3900
3900
4200
4600
5200
4400
4300
4200
6400
4300
4100
4300
5100
4200
4600
4500
4200
5100
5100
5600
4500
4600
5600
5100
4500
4400
4500
4700
4400
4300
4500
4600
4400
4800
4500
6100
5000
4800
4600
4800
5600
7500
4800
4700
6300
6100
4800
4800
4900
5000
4700
23400
3300
2900
5300
2900
3000
2800
2900
2900
2800
3300
3300
4800
3000
3400
3200
11500
4300
4100
4000
3800
4900
4100
4500
4100
4000
4300
4300
4000
5100
4400
4000
5000
4400
4300
4100
4300
8500
4500
5300
4400
5100
4800
4300
4900
4500
4200
4900
6500
4600
4600
4500
5700
4700
4700
5700
4600
4700
4500
4500
4600
4400
4700
5500
6700
4800
7500
6700
4800
5100
4800
6400
4800
4800
4800
4900
6100
7500
4700
6300
20900
3200
3200
3100
3200
3100
3500
3000
3200
3000
3000
3000
3100
3100
5200
3200
8900
4400
4100
4000
4700
4600
4200
4000
4100
4200
4100
4100
4400
4800
4000
4000
5200
4400
4100
4900
4200
5000
4300
5200
4400
5200
4300
4200
4300
7000
4300
4300
5800
4400
4700
4700
5900
4700
4500
5500
4500
4400
4400
4500
4700
4400
4400
5700
6500
4900
7300
6200
4700
4700
4900
6800
4900
5000
4700
4600
6300
4700
4900
6200
26600
3100
4500
3000
2900
3200
3100
2900
3100
2900
3700
3000
3000
3200
5100
3400
9100
4400
4300
4100
4600
4800
4400
4600
4000
4600
4300
4200
4200
4000
3900
4100
4700
4300
4200
4400
4400
5100
4700
5600
4300
4500
4400
5100
4500
4800
4300
4500
5800
4800
4700
4500
7100
4500
4400
6500
4500
4600
4400
5300
4500
4400
4600
6700
7100
5500
7600
7200
5900
4800
5700
6200
5600
4900
4800
4800
8200
4800
5700
7000
20600
3900
3000
2800
2900
3700
2900
2900
6000
2900
3000
3000
3200
3000
5600
2900
7200
4500
4200
4100
4500
4900
4100
4400
4100
4100
4000
3900
4000
3900
4200
4000
4800
4400
4200
4200
4200
5600
4300
5300
4300
4300
4400
5300
4400
4200
4200
4300
5300
4700
4500
4400
5200
5800
4600
7100
4600
5900
4600
7600
4600
4700
4800
4500
6400
4700
6800
6400
4900
4800
4900
6200
4700
4900
5000
4600
6300
4700
4800
6200
20200
3200
3500
3100
2800
3400
2900
3500
3000
2800
2900
3100
2900
2900
5400
5700
7900
4400
4200
4300
4600
4900
4600
4100
4200
4100
4500
4000
4100
4000
4000
4200
4600
4300
4500
4300
4100
7000
6000
5700
4400
4300
4300
5400
4400
4500
4600
4200
5400
4700
4500
4500
6400
5800
4800
5800
4600
6000
4700
4700
4600
4800
4500
4500
9900
4900
5000
4800
6500
4700
4800
6400
5100
4800
5300
4800
4900
4800
4700
6500
20900
3000
3300
3000
2900
2800
3200
2800
3000
2900
3300
2900
2900
3100
5000
3000
7700
4200
4200
4300
4400
7100
4200
4100
4000
3900
4000
3900
4100
3900
4000
3900
5100
4300
4200
4300
4300
5400
4300
5100
4300
4600
4200
5500
4500
4200
4600
4200
5400
4600
4500
4700
4600
5800
17700
8000
4800
8600
4800
4500
4800
5700
4600
6400
6700
4900
4800
6700
6700
4800
5100
6200
4900
4700
4600
4700
4800
9400
4800
6300
19600
3000
5800
4900
2900
3500
3000
4800
3000
3000
3100
3000
4900
3100
2900
4600
10900
4700
4500
4400
5500
4200
4500
4200
4100
4200
5000
4300
4800
5000
4400
4200
8700
5400
5700
5700
4700
5600
5900
5300
4600
4300
4700
5400
4500
4400
4500
4600
6300
6400
6600
4900
8200
4900
6400
4900
4900
5000
4700
5200
4700
4800
4800
4800
7100
5100
7800
5100
5200
5000
5300
4900
5000
4900
5100
4900
5100
7000
7800
7100
21100
3400
5700
3500
3200
3200
3400
3000
5900
5500
4600
3100
3000
3200
3100
3200
8600
7300
4900
4300
4000
4400
4100
4000
4000
4900
5000
4200
4300
4100
4600
4100
5400
13800
7500
8700
5300
6300
5300
5500
4500
4300
4500
5500
4300
6500
4400
4300
6400
6400
17100
6800
6500
5000
6000
7500
4800
4900
4500
4600
4600
4400
4900
4900
6700
5000
4800
4700
5000
4800
4800
4800
4900
4800
4700
4900
4800
7300
7800
6900
15200
3400
5500
3200
3000
3100
2900
2900
8000
7100
3100
3200
3200
3000
2900
3400
10000
5500
5700
4200
4200
4100
4100
4000
4100
5100
5000
4100
4100
3900
4700
4200
4800
4300
4300
4300
5500
4500
4400
4500
4300
4500
6300
4900
5600
5900
4400
4500
9100
6400
6300
4800
6300
4600
6200
4500
4600
4700
4400
4400
4500
4600
4500
4600
6600
4800
5100
5000
4700
4700
5100
4600
4700
6400
4900
4800
5000
6800
7400
7000
16300
3200
5600
3400
3200
3000
2900
3100
5300
5400
3300
3000
2900
3000
3200
3200
9300
4400
4700
4600
4900
4300
4000
4000
4100
4800
4800
6100
4100
3900
4500
4000
4800
4400
4800
4400
6500
4500
4500
4300
4300
4300
8200
4300
5700
5600
4300
4200
5500
6200
6200
5900
4800
5700
7600
7600
4700
4600
4500
6300
4600
4600
4900
4700
6400
4900
4800
4700
4800
5000
4900
4700
4800
4700
4900
8300
4800
6800
7200
6700
12400
3200
6100
3000
3000
3200
2900
2900
5500
5500
3100
2900
3100
2900
2900
3100
9800
4500
4600
4400
4000
4000
4100
4400
4100
5100
6100
4400
3900
3900
4400
4200
4700
4200
4500
4400
5400
4500
4300
5900
4200
4600
5200
4400
5400
5500
4500
4500
5500
6100
6000
5700
4900
6200
6000
5900
4700
4900
4500
5900
4700
4600
4600
4600
9000
6800
6800
5100
6800
4900
7100
4800
4900
5100
4900
4900
5000
4800
4900
5200
12900
3300
6200
3900
3200
3000
2900
3300
5700
5500
3100
5800
3400
3100
3100
3500
9600
4200
4900
9900
4500
6600
4200
4100
6300
6400
7600
6800
6700
4000
4300
4300
4800
4400
4600
5200
5700
4600
4300
4500
4400
4300
5600
4300
5100
5700
4500
4600
5300
6100
5900
6100
4600
6300
8800
5700
4800
4400
6200
6100
4600
4400
4700
4600
6400
6800
6700
5000
6700
4900
7200
4800
5200
4800
4800
4800
4900
4700
6900
6500
12100
3200
3100
2900
3300
3000
3000
6000
2900
3000
3100
3700
3100
7300
6100
5800
16100
4600
4500
5800
4700
4200
4200
4400
4000
4000
4100
4500
4300
4300
5000
4300
5800
4600
5500
4500
4500
5800
4400
4500
4500
4400
5100
7900
5100
4600
4600
5700
8000
4900
4800
6200
5000
4900
5800
5500
4800
4600
5000
4600
4600
4700
4900
5700
7100
5100
5300
4900
5000
5100
5200
8000
5500
7400
5000
5000
9500
5200
7100
5100
15400
3300
3300
3400
3200
3200
3200
5900
3200
3500
3200
3000
3100
3500
3000
3300
11100
4400
4200
4300
4900
4900
4200
4400
4100
5800
4100
4000
4300
4400
4100
4500
5300
4500
5800
4300
4300
8500
4400
4400
4200
4500
5000
4600
5100
4300
4200
5800
7700
4700
4500
6300
4700
4600
5900
5300
4500
4600
4700
4800
4700
4600
4700
5800
6900
5000
5300
4900
4700
4900
5000
6600
7800
6600
4800
4900
7000
5000
6700
5200
13800
3300
3100
4600
3100
3200
3200
8100
3100
3100
3200
3000
3000
3300
3000
3000
10600
4500
4200
4200
5100
5000
4100
4200
4000
4200
4000
4400
4300
4100
4000
3900
7900
4500
4400
5500
5400
4500
4500
4700
4400
4300
4400
5500
4300
4300
5600
4500
8400
4700
4600
5900
4700
4700
8000
5400
4500
4700
5200
4900
4600
4600
4700
5800
7700
5100
4800
8600
4900
4900
4800
6700
5000
6500
5500
4900
6700
5100
7000
5100
12600
3200
3100
3100
3100
3000
2900
5400
3200
3100
3200
3000
3000
3300
3000
3000
9800
4400
4200
4300
4700
4800
4200
4100
7100
4300
4200
4000
4100
4800
4100
3900
4900
4400
4300
5300
5200
4700
4500
4400
4400
4400
4500
5500
4400
4400
5300
4400
5800
4800
8300
4800
4700
6600
4600
5300
4700
4700
6200
4700
5900
4600
4700
6400
9500
5000
4900
4700
4900
5000
4900
6600
4900
6700
4900
5000
6500
5000
6800
4900
12500
3300
2900
3000
3200
2900
2900
5300
3100
3000
3100
3300
3000
2900
3000
2900
10500
7200
4300
4200
4600
5000
4200
4400
4200
4100
4200
4000
5600
4300
4000
4000
4900
4400
4300
5500
5300
4300
4600
4300
4400
5000
4400
5400
4400
4500
5200
4500
5900
4700
7200
4700
5600
7200
4600
6000
5600
4600
6500
4700
6800
4700
4500
6900
9600
5000
5100
7300
5900
4900
7500
5000
5800
5100
4900
6600
6100
4900
5000
7300
15700
3300
3100
18200
5100
3300
3000
9700
3100
3100
3100
3100
3100
3100
3000
2900
16400
4300
4300
4000
5300
4800
4700
4000
4100
4100
4200
4200
4000
4000
3900
3900
12600
4500
4400
5400
5100
4600
4300
4300
4300
4400
4500
16000
5100
4100
9200
4400
13300
4700
5800
4600
4500
6600
4900
5100
6000
4500
5700
5100
5600
4600
4700
5500
8200
5000
5100
6300
5000
4800
6200
5100
4800
4700
5200
4600
5000
4600
4900
6200
14900
3000
3100
3000
2900
2900
3000
4800
2800
4700
3100
4300
4800
3100
4700
3200
12000
4500
5500
4500
7100
5300
4300
4000
4600
5200
4200
4600
4400
4200
4800
5100
9200
4500
4500
4500
5600
5000
5400
5600
4600
4700
4400
4500
4600
6200
9200
4800
6100
4800
6400
6300
5900
4900
4600
4800
4500
4800
4600
4600
4600
4500
4600
6200
7300
5100
5000
7800
6800
5600
4900
5000
4800
6600
4900
5100
5100
4800
5100
5000
12000
3100
2900
4000
3200
5400
3000
3100
2900
3700
3100
4900
3200
3100
5100
3100
9800
4700
4200
4300
7400
4900
5900
6200
4300
4800
5000
4200
4700
5200
4200
4900
5800
4400
4400
4400
5700
4400
5700
5700
4400
4300
4600
4400
4600
4400
5500
4600
6300
4500
6100
6100
4600
4700
4600
4700
4500
7300
4600
4500
4400
4700
4500
6100
6800
5100
4800
4900
7300
5200
4700
4800
4900
6600
4700
4900
5000
4800
4900
5600
12000
2900
2900
3000
2800
5100
2900
3000
2800
2900
5500
4900
3000
2900
5100
2900
10600
4900
4200
4500
4400
4500
4100
4800
4700
4900
4700
5200
4700
4700
4300
4700
5400
4400
5800
4600
6200
4400
4400
4600
4500
6000
4500
4300
4300
4700
5500
5600
9100
4800
6100
5900
4900
4700
6100
4900
4500
4500
4800
4500
4400
5000
4800
6100
6500
5000
5000
4600
6600
4900
4900
5500
4800
6700
4900
4900
5000
4900
5000
4700
14500
3500
2800
3000
3400
5400
2800
2900
3100
2900
3400
4900
3100
2900
4800
3300
10300
4600
4200
4400
4200
4200
4100
4800
4300
4800
5200
4100
4800
4600
4100
4700
5000
4500
5600
4500
5600
4400
7600
4300
4300
5800
4500
4300
4500
4500
5700
5300
6100
4700
4700
5200
6200
4700
6100
6200
4900
4600
4500
4600
4700
4900
6300
5000
7300
4900
4800
4900
6600
5000
7800
4800
4800
6600
25400
5000
4900
4700
5100
4700
12100
3000
3100
2900
2900
5000
3000
2800
4200
3200
3000
4900
3200
2800
5100
2800
11300
4700
4200
4400
4600
4100
4100
4800
4700
4700
4500
7100
4500
5100
4300
4500
5300
4400
5500
4500
5700
4300
4300
4300
4600
5400
4400
4700
4400
4500
5400
7300
5900
4800
4800
4600
6000
4900
6000
5900
5600
4600
4500
4800
4600
8400
6300
4700
9200
6300
6600
6600
5100
4900
4900
5000
5000
4800
5000
5000
4700
4700
4900
6700
11700
3000
2800
3100
2900
4900
2800
3100
2800
2900
3000
4800
3000
5700
4900
2800
8500
4600
4100
4200
4300
4500
4400
4600
4300
4900
11400
9400
6500
5000
4800
4600
5100
4300
6000
4400
5300
4500
4400
4400
4300
5400
4300
4500
4400
4300
5600
5600
6200
4700
4700
4700
6600
4700
6300
6100
4700
4700
5000
4900
4600
4600
6500
5100
6100
4900
6500
7000
4900
4800
4800
5000
5200
4900
4900
4800
4600
5000
4800
6700
11100
2900
3000
5800
5200
3000
3300
3000
2800
5100
3000
3000
3300
2900
3100
3100
