1918100
33400
25600
24200
21900
22400
28600
139800
22000
21000
25900
20000
21600
21500
20400
23500
36400
64800
30100
26500
26200
23700
27800
27600
24300
30700
41300
36300
31600
25300
37400
28200
65900
33500
32200
35000
28700
27300
28400
26300
31900
61700
29000
28700
26600
55400
18800
16600
49000
21800
117900
26800
44600
38600
22100
38700
40200
32800
17600
15800
42100
17700
46700
25200
56700
72300
42300
20200
45200
22500
17300
18200
16500
19700
17000
41800
21000
17700
17800
17700
11900
13600
10800
9700
15200
12300
12700
9600
9100
13300
9200
15000
11100
9700
9200
10400
25300
27200
14800
12300
11500
12400
34600
14000
13200
12200
24300
22700
13900
12500
24600
12900
31400
18800
14100
12900
12600
15500
16000
13100
13300
20900
21700
14400
12700
23900
14300
27500
22900
16700
40300
18100
31100
24700
16200
25500
23700
21200
15300
14400
23800
18700
26200
23700
26400
29200
25900
17100
25100
21200
16300
16900
15100
18400
17700
26900
16400
16800
16400
16200
9400
13900
11600
8700
13400
9600
10600
8400
8700
8400
9000
19200
9700
9200
8300
8300
18000
23500
13900
15300
16800
15200
15600
23100
16000
14900
15400
17700
17800
15600
15200
15800
38500
29200
20000
18000
16700
17700
21700
18200
17500
26900
38200
27100
22300
31600
30500
20300
32300
27600
31200
25700
29700
29600
22900
28400
34900
24900
20200
28800
29000
22200
33000
23800
35300
32500
35400
33000
40000
25600
23800
23600
22300
28300
23800
38700
24800
23200
23800
24200
12400
20500
13200
12400
15900
15800
15600
12500
17500
14500
12300
19100
14600
12200
11900
17700
16400
18900
14900
14800
13900
15500
15700
22200
14200
14300
14200
13100
13000
14100
16100
14000
18800
31900
18400
16900
18100
16400
17400
58500
13600
13900
19900
20000
15200
13000
18700
13000
27600
18100
24900
19500
30400
26600
15900
22600
23200
20100
14900
13100
21800
14500
25800
15600
19900
23500
26100
18200
26700
19100
14900
15200
15800
18200
14500
28700
17000
15800
16200
16900
10400
15700
10100
10000
15900
9500
11700
7600
6900
7200
7300
12200
8400
8700
7200
7200
9500
13000
8000
7400
7400
7900
8400
25900
8100
7800
8000
7600
7300
7800
8500
9300
10800
26100
13200
10700
13400
9400
9800
8600
8900
9400
17100
16600
9500
14000
17000
10700
22100
14100
11300
10300
9900
10800
10100
9700
9800
27100
12800
1070000
30000
44200
12600
283000
53100
18500
16200
19800
14100
27600
132800
20300
9100
14600
8300
18300
8800
8500
8400
402300
28200
844200
21900
6100
8100
4900
26300
13700
4400
4600
4300
7000
4700
4400
4300
73300
170800
10800
13000
5800
4900
5100
5100
14200
5100
5100
5200
4900
5300
168500
20400
5600
256700
136100
30700
4200
3200
9500
3100
2800
3000
2900
10700
4800
3100
2800
4200
2900
14000
12700
4000
3300
3000
3500
3100
3000
3100
6700
3300
3200
3400
6800
5900
3200
5800
4000
6400
3600
5800
5700
3500
8500
5800
3600
4000
6800
8000
3400
8500
3700
43600
21200
17600
12300
12200
12300
12000
12100
13500
12300
12000
15000
12200
12300
14200
12100
15100
12900
14000
12200
13700
12000
12300
12600
12200
12700
12900
12500
16100
12300
12400
14600
14300
12800
12600
12500
12800
12600
12200
13400
13700
12900
13800
13000
15200
14800
12500
12400
14400
13100
15100
12900
12900
12600
12700
13200
12800
12400
16200
12600
12800
13100
15100
12900
103500
5700
5300
6200
3400
3200
3400
6000
5500
3100
6500
3300
3400
3200
3200
3300
8600
4400
4600
7700
4300
4100
4800
6300
8600
4600
4300
4100
4900
5000
4300
4200
7000
7200
5600
4500
5900
4400
4400
4700
4300
4500
4300
4300
4600
4400
4700
6300
6500
4900
6600
5100
4700
4800
4700
5100
6400
5600
12600
5200
6200
6600
4900
4700
6900
4900
7100
5300
5200
4900
5300
5100
4900
6300
10900
5000
5100
5100
6900
5200
146000
12600
4300
8100
3500
3500
3600
6100
6100
3300
9500
4000
3200
3100
3000
3400
7900
4200
4100
5000
4700
4200
5600
4200
4600
4900
4200
4000
4700
8000
6800
20800
13800
5900
4600
6400
4400
4300
4300
4400
5500
4400
4400
5500
4100
4500
4300
4100
6300
4700
4600
4500
4400
4700
4700
4500
8200
4600
7600
5000
7700
6000
4900
4800
6900
4800
7200
7500
4700
4700
5000
4700
4800
4700
7400
5000
4700
4700
6900
5300
74600
3500
3000
24500
2900
3200
2900
5400
5100
2900
8900
3300
3200
2900
3000
2900
7700
4200
4300
5100
4000
3900
6700
3800
4600
4800
4000
4000
4500
4800
9000
3900
6100
5600
4500
4300
5800
4500
4400
4500
5300
4300
4100
4400
4500
4500
4200
4200
7100
4600
6000
4600
7800
4600
4800
4500
4400
5000
4500
4800
4500
4500
4600
16400
11000
4700
7700
4800
5800
4700
5000
4600
8900
4800
8400
4800
4900
5500
7300
6400
28100
3300
3100
8600
2900
3000
4000
16000
5900
3200
7300
4000
3000
2900
3100
3900
5800
4200
4100
5600
4100
3900
4600
3900
5300
5900
4000
4800
4500
5800
4700
5100
5800
7200
4500
4200
5200
4300
4200
4100
5600
4300
5500
4400
4200
4100
5500
4100
7900
6200
6100
5400
5900
5300
4500
4600
4500
5600
4400
4400
4400
5500
4500
6800
7000
5400
6200
5900
5100
4700
8100
4900
7400
5000
6300
5400
6400
6300
4600
5400
22400
7000
6300
5600
3200
3000
4300
5100
4900
3100
5700
2900
2900
3000
2800
2900
4800
3100
2900
3500
2800
5500
2700
2700
3500
3600
2900
2800
3600
3800
2800
2700
4700
4400
3200
3100
3200
3300
2900
3100
4200
3100
3100
3000
3200
3000
3000
3400
6400
3300
4700
3300
4700
3300
3500
3400
3800
4300
3800
3200
3300
3200
3700
4600
7900
3700
3600
7900
3800
3600
3600
5200
5200
3700
5500
4200
5800
5200
3800
3800
19900
3100
5300
3100
3000
3100
2800
2900
3100
3000
6000
3300
3200
3000
9100
3000
10900
5600
5600
3000
3100
3000
2900
6500
3400
2900
2900
3300
3700
3000
3000
2800
5100
3700
3300
3200
3600
3200
3400
3200
3200
3200
3700
3600
3300
3300
3200
3500
5100
4900
3500
3900
3600
3300
3700
4200
4700
4500
3500
4500
3600
5300
3800
3700
5700
4100
3900
5500
3700
5200
3800
3600
5400
3800
3900
4200
3700
3600
4000
3800
26000
3300
3100
3200
3200
6200
3300
3400
6000
3200
6400
21900
3400
3200
5600
3100
5300
3200
3100
3900
2900
2900
2900
3100
3100
4200
2800
2800
2800
3700
2800
2800
5200
3500
3100
3200
3700
3200
3400
3100
3700
3100
3300
3200
3400
3300
3100
3200
4700
4300
3400
3400
3500
3300
3800
4200
4600
6900
3400
4300
3700
4100
3600
3500
5500
3800
3800
5100
3600
5100
3600
3500
5300
3700
3800
3600
3600
3500
3800
3500
24900
3500
3200
3000
3100
5800
3000
3400
8000
2900
4700
6400
3100
3000
5800
3100
18700
3100
5500
1073600
8400
6300
56000
15500
6300
4600
4800
4600
4500
12900
4900
5600
17400
10700
5200
5100
5100
4700
4900
6100
5000
5200
4900
5800
6400
5100
5100
5100
10500
7100
5800
6400
5900
5700
6000
7600
13900
7300
5900
7300
5800
9800
5900
5500
9900
6100
6500
8700
6200
8400
6700
6100
8700
6400
6400
6100
6000
6100
6300
5900
40300
5100
5100
5200
5200
10600
5400
10100
9400
5000
5200
19300
5200
5100
8700
4800
7600
4800
4700
6000
5500
4800
4700
4700
4700
4700
4600
5000
4600
5800
4600
4700
7500
5300
5100
5200
5100
5300
5300
7500
5400
5300
6300
6800
6200
5100
5100
5900
9500
10500
5600
5800
5900
5600
5400
5500
5900
6100
5800
5600
5900
5700
6100
6300
9600
6200
6100
9500
6900
8400
6300
6000
9600
6100
6700
6400
6000
5800
5800
6000
38900
5200
8600
4900
4800
10100
4900
5100
18400
5000
5200
8500
4500
4800
8800
4900
7100
5200
4800
5300
4400
4500
4400
4400
4300
4700
4400
4700
4500
5300
4200
4200
6100
4900
4800
5100
4900
5600
5000
15200
5800
4800
5000
6100
6100
5000
4900
10400
9800
5800
5600
5400
5700
8900
5600
5600
5400
5900
5600
5400
5700
6100
5700
5600
8300
8400
5900
6300
6100
6100
6600
8400
8900
8700
6000
8700
6200
8400
7500
8900
42300
5500
5100
5200
5100
9900
5300
5300
9300
5400
5000
9500
5200
5500
10300
5500
7900
5000
4800
5900
4800
8000
4600
4500
4600
5000
4700
4600
4600
5800
4500
4600
8300
5600
5000
5400
5200
5300
5000
7200
5200
4900
10400
6400
6900
5500
5200
5500
11000
5500
5200
5900
5800
5800
5700
5600
5600
6000
5900
5900
5800
5900
5800
6300
8200
8900
6300
6300
6400
6100
6800
8900
9100
8600
6000
8500
6400
12300
6200
7100
35000
4200
5200
7600
5300
8400
5100
5000
9100
5000
5700
5100
4900
5000
5000
5400
12300
5500
6800
5200
4900
5100
5100
5300
4800
5000
6400
5100
4400
6100
6000
4700
7100
5300
5400
5100
10900
5800
5400
9100
5800
5500
5700
5800
5400
5400
5500
7900
8900
6800
6500
6800
7900
6000
6000
8100
5900
5900
5900
6100
6000
8200
6200
7300
13400
6600
7300
6500
6400
6400
10200
10100
6600
6900
7900
7000
14300
7000
9700
6400
37700
5900
5200
5400
5400
9700
5400
6100
8900
5200
5800
5600
8400
8500
5300
5000
9100
5300
6600
5300
5100
4900
4900
5300
4700
4200
5400
7800
4400
4600
8900
5000
7600
5600
5300
5200
5300
5300
5600
8300
5700
5800
5600
5500
6000
5800
5900
8000
9600
5800
6000
6100
7600
6100
6000
9300
5900
6200
5900
6300
6500
8500
6300
5700
12400
6700
7000
6800
6400
6600
9100
12600
7200
6400
8600
6300
12200
6600
14300
10400
39000
5700
5300
5400
6700
11300
7000
5700
11700
5800
6100
5800
12000
11500
5600
5500
14200
5800
6000
5100
6100
5200
5200
5500
4800
10100
5900
5600
5000
5100
4900
4800
7000
5400
7000
5800
5400
5900
5600
5800
5800
5500
7200
6700
5800
7200
7200
6800
8000
6700
9300
5600
8000
5900
6100
7900
6700
6100
5500
6500
6300
7800
6300
6600
12300
7300
6700
10800
6400
6400
9600
10500
6600
6300
6300
7000
9300
6500
9800
6700
38400
5900
5300
5600
5900
9300
5500
5400
8900
5700
5500
5700
9000
9700
5500
5900
14300
5400
5700
5200
5200
4700
4500
7400
4500
4900
5800
4200
3700
3900
7000
4700
7200
5100
6900
5500
5100
5200
6600
5600
5200
5400
7300
5400
5400
7500
6600
5300
7600
5900
5900
6000
6300
6000
5700
9700
5800
6100
5700
6000
5700
5700
5700
7700
12300
4000
4500
3900
3800
3700
5300
6800
3800
3800
3700
3900
9000
3800
5500
4200
21100
3600
3200
3100
3800
4900
3000
3000
4900
3400
3300
2900
4900
8000
3100
3300
7200
3200
3700
3300
3100
2900
3100
3600
3100
2900
3400
3700
3000
3300
3100
3500
4000
3300
4500
3400
3300
3500
3300
3200
3200
3400
4300
3200
3300
12800
6800
3300
4700
3700
3600
3700
3500
3400
3700
6200
3600
3500
6600
3600
3400
3400
3800
5000
5800
3700
3800
3700
5300
3900
3900
5400
3700
3900
3800
3800
3800
7200
4200
3700
20700
3400
2900
3100
3300
5100
3100
3000
4700
5800
3200
3000
4900
4900
3100
3100
7200
3300
4000
3100
3300
2900
3000
2900
2800
3100
3500
3500
3000
2800
3800
2900
3800
3400
4200
3700
3200
3400
3300
3500
3200
3300
4400
3400
3400
4700
4200
6400
4500
3500
3500
3500
3600
3500
3400
5400
3400
3900
3500
3400
3400
3600
3900
5000
5700
3800
3900
3600
5200
3700
3600
5300
3900
3800
4000
3600
3800
5300
3700
3800
25100
3200
3300
3100
3000
3600
5100
4900
3600
3100
3100
3400
5400
5300
5200
3400
9900
3500
3900
3300
3100
3200
3000
2900
3000
3000
3000
3200
3000
3000
3100
3700
4900
3500
3900
3500
3300
3500
3500
3800
3400
4400
3400
3300
3200
6300
3200
3200
5800
3800
3600
3500
3500
3700
4000
3600
3500
3500
3700
3500
3500
3500
3800
5100
5800
3800
3800
4100
5300
3800
4100
3900
3900
3900
4100
4800
4700
3700
5300
5100
20000
3700
3300
3000
7300
5200
3400
3100
2900
4600
3200
3500
3100
3200
3000
4900
7500
3200
3100
3300
3000
3200
2900
3400
3300
3000
3600
3000
3200
4400
3300
2900
4700
3400
3200
3200
3300
3200
3300
3900
3300
3900
3300
3400
3200
3400
3300
3200
6700
3700
3500
4100
3600
3500
3300
3500
6600
3500
3500
4400
5200
3700
3600
4800
5200
3700
4500
4800
5000
4400
3700
3800
3900
3800
3700
5100
3900
3700
5200
5000
20600
3300
3200
3000
4600
4600
3000
3100
3000
4500
3300
3600
3100
3200
5700
5300
7800
3400
2900
3800
3100
3000
3100
3800
3600
3000
3300
3000
3100
3000
3000
3200
3700
3300
4500
3400
3200
3400
3200
3200
3100
3400
3400
3200
3300
3300
5000
3300
5500
3800
3500
3800
3500
3500
3700
3500
3400
3500
3400
3700
3400
3600
4100
4900
5200
6600
3700
3800
4900
3700
3900
4000
3700
3700
3800
4900
3900
3800
4800
5000
19400
3300
3400
3100
5200
3300
3100
4600
3000
4600
3100
3100
3100
3100
2900
4800
7800
3300
3000
3400
3100
3000
3100
3400
3400
5800
3200
3200
3000
2800
3200
2900
3700
3300
4200
3400
3300
3600
3200
3200
3200
3200
3500
3200
3300
3200
3600
3300
5300
3700
3500
3400
3500
3500
4100
4600
3400
4800
3600
3400
3600
3500
3500
3300
5300
3700
3700
3800
4900
3800
3700
3700
3800
3700
4100
7600
3900
3700
5100
5000
19800
3600
3100
2900
4600
3100
3100
3000
3100
30400
7900
4100
3500
3800
3300
5500
8300
8100
3300
6400
3400
3200
3300
4100
3900
3400
3700
3300
3300
3200
3200
3200
4900
3600
5700
3800
3600
4000
9400
3500
3600
3400
3600
3400
3400
3500
5000
3700
6100
4000
3800
4700
4300
3800
3800
5600
3800
5200
3900
3700
4000
3700
4100
3800
16500
4300
4300
4100
4300
4100
4300
4100
4000
4100
4500
4100
4000
4000
4400
6700
25500
3800
3400
3300
5100
3600
3300
3300
3300
4900
3500
3400
3300
3400
3400
5100
7600
3500
10700
4000
3500
3200
3200
3900
5300
3400
3200
3200
3200
3200
3100
3300
4000
3500
4700
4300
4000
3700
3800
3800
3500
3500
3700
5500
3600
3700
3900
6000
6000
3600
3500
6700
3600
3500
4200
4700
3500
4600
3500
3500
3700
3500
3400
3500
6300
4000
4200
4100
3800
3600
3900
4000
3700
3800
3800
4000
3800
6200
4500
6100
18900
3200
3400
3200
4700
3200
3100
3300
3100
3000
3200
4600
5800
2900
4500
4900
10200
3400
3300
3200
3200
3500
3800
3100
3000
3100
3800
3100
3100
3000
3700
3100
4300
3900
4300
3400
3200
3300
3500
3400
4500
3400
4200
3300
3900
3300
5600
3800
5000
3700
3800
5400
3600
3500
3400
4800
3500
3800
3500
3500
7800
4600
3800
3400
5500
3900
4100
4000
3800
4500
4100
4000
3900
3900
3800
3800
6000
11200
4200
5900
23800
3800
6700
5000
3500
4000
3400
3500
5600
3400
3700
3400
3400
5800
5000
3800
12900
3500
3300
3300
3300
3800
3500
3100
3000
3300
2900
3200
3400
3300
3900
3200
4400
4100
3400
3300
3500
3300
3500
3300
3200
3400
4200
3200
4200
3300
3300
3300
5800
3800
3600
3600
3500
3800
3500
4500
3700
3800
3900
4000
5300
4500
3700
3500
5500
4600
3900
4000
3800
6900
4000
3800
3800
3800
4100
3800
3800
3800
3800
5100
20000
3200
4800
3100
3800
3200
3100
3100
5500
3100
3000
3100
3000
6800
5000
3700
8600
4700
3200
3100
3400
3400
3500
3300
3100
3100
2900
3000
3600
3100
3000
3000
7000
4600
3400
3300
3600
5200
4300
3500
3300
3400
3300
3300
3600
3300
5000
5600
7200
3600
14800
3700
3700
3500
3500
4700
3500
3500
3400
3400
6000
4500
4100
3400
5800
4600
3700
4500
3800
4000
3700
3600
3700
4000
3600
4300
4400
6100
4200
4900
16500
3300
4400
3300
3100
3100
3000
3300
4800
8700
3000
3200
3100
4800
4300
3100
8100
3500
3100
2900
3000
4000
4300
3100
3000
4300
3300
2900
3400
2900
3100
2900
3600
3300
3800
3200
3100
3200
5000
3300
3200
3400
3100
3200
3200
3400
7100
4400
4500
3500
3500
3600
3400
3400
3400
3900
3300
4600
4900
3400
4600
3500
3500
3400
5300
3800
3800
5400
4200
4500
3600
3500
4200
3600
3500
3600
3600
3900
3600
5100
11200
3200
4600
3100
3100
3000
5700
3000
4900
4600
3000
3100
2900
4400
4400
3700
7800
3400
3000
3000
3000
3200
4800
3100
2900
3000
3300
2900
3200
2900
2900
3300
3800
3300
3600
3200
3100
3300
4000
3200
3100
3200
3300
3200
3100
3200
4100
3200
4300
3500
3600
3500
3600
3400
3400
3400
3400
3500
4300
6200
4700
3500
3700
3400
4700
3800
3700
3800
3600
4000
3800
5000
3900
3700
3600
3700
5100
4900
3700
3600
12200
3400
4700
3100
2900
5900
2900
3000
4800
3200
3000
2900
2900
4300
4300
3000
8500
3300
3100
3200
3100
3900
3500
3200
3100
3000
3000
3200
5200
3100
2900
3100
4000
3900
4000
3500
3700
3400
4200
3200
3300
3200
3300
3200
3200
3100
4200
3300
4300
3500
3400
3800
4000
3500
3400
5100
3500
3700
5600
4400
5700
3500
3600
4500
7100
4000
3700
3700
4600
4900
3800
5900
3700
3700
4800
5100
6000
5800
3800
3600
12000
3300
3300
3000
3100
3000
3200
4000
3300
3900
3100
3900
3100
3000
3800
7400
10300
3700
4100
3200
3200
3600
5000
3200
3200
3000
3000
3000
3200
4100
3100
3000
4600
4400
3400
3500
3500
3600
3500
3300
4200
3500
3400
3200
3700
3600
4000
3800
5600
5000
3700
3600
3800
3500
3500
3500
3700
3500
4500
3800
3500
8100
5900
4900
5800
4200
4000
5700
4000
3800
5600
4100
4200
3900
3900
3900
6100
4000
4100
4100
13400
3400
5000
5300
3400
5900
3400
3200
3300
3300
3300
3900
5900
3100
3200
5100
8100
3600
3500
3900
3200
3500
3700
3200
3000
3100
3200
3300
3200
4700
3000
3300
4200
4400
3400
3800
3500
3300
3300
3300
5600
3500
3300
3300
3200
3500
3200
3200
4800
5100
6400
3600
3500
3500
3500
3700
3500
3500
4700
3600
3600
5600
5400
4600
6000
3900
4000
5500
4000
3900
5300
3900
3800
3700
4000
3800
6100
4200
3800
3800
15400
3200
5200
5000
3400
3200
3200
3200
3000
3000
3600
3200
5100
3200
3300
5100
7700
3300
3500
3700
3200
3400
3600
3100
3000
3800
3200
3000
3000
3300
3100
3000
3800
3500
4300
3400
3600
3300
4100
3500
3300
3200
3300
6700
3400
4200
3500
3300
4700
4800
3700
5000
3600
3800
3500
3500
3500
3600
4500
3600
3500
5800
5300
4800
5400
3900
4000
5600
3900
3700
5500
3800
4000
3800
3900
3600
9000
4300
3900
4000
12400
3400
5000
4900
3700
3900
4000
3500
3600
4400
4700
3100
5200
3400
3600
4900
7700
3400
3700
3800
3400
3600
3900
3200
3100
3100
3200
3200
3000
3600
6100
3200
4200
3500
4400
3600
3400
3400
4600
3400
3600
3500
3400
3300
3400
4400
3300
3700
4800
4900
3900
3600
3600
3700
3700
3600
5000
3800
3600
3700
3600
3500
3600
3500
5400
3900
3700
5400
3900
3700
8100
4000
3800
3800
3900
3800
6000
4200
4100
3700
12400
3600
4800
5000
3100
3600
3200
3000
3400
3000
3100
3000
7700
3200
3200
4900
7300
3300
3600
6400
3300
3500
3700
3200
3100
3100
3200
3100
3100
3300
3200
3100
4200
3600
4300
3500
3400
3600
4500
3400
3400
3400
3500
3300
5000
4500
3400
3400
4800
4900
3700
3700
3800
3700
3600
3600
6800
3900
5000
3600
3600
3800
3700
3500
5300
8100
4000
4000
4100
3800
3900
3700
3900
3800
5800
4100
3900
6400
6600
5500
12800
3200
5700
5900
3200
3200
3200
3000
3000
3000
3400
4500
8200
3500
3600
4700
6500
3600
3800
3700
3500
3600
3900
3200
3100
3000
3100
3800
3000
3600
3500
3300
3900
3400
4300
4000
4100
3400
4600
3400
3900
3300
3500
3300
3400
4900
3500
3300
4600
5000
3700
3700
3500
3600
3600
6500
4800
3800
3600
3500
3600
3500
3600
3500
5200
5500
4500
3800
3900
4000
3700
3800
3900
4000
5300
3800
3900
6200
6100
5500
10600
3800
3400
5200
6100
3000
5200
3300
3200
3300
3400
3000
6600
3300
3200
3400
10200
3500
3300
3400
3100
3500
3600
3200
3200
3200
3500
3200
7700
3300
3400
3000
5200
3500
3400
3600
3300
3200
4300
3400
3500
3400
3400
3500
3300
3400
4300
3500
8000
5000
3800
3900
3700
3700
4500
5000
3800
3700
3900
4100
3700
4900
3700
5100
6100
4100
3900
5400
4300
4300
5800
4000
5300
4000
4100
3900
4100
3900
3900
4000
10900
3300
3400
3300
3300
6300
3200
3300
8100
5600
4100
2900
2900
4900
2900
2800
7100
3300
3400
2900
2900
3500
2900
2700
2700
2900
2700
2800
3200
2900
2700
3100
5000
3100
3200
3000
2900
2900
3900
3000
3000
3000
3100
2900
3000
3000
4000
3100
4400
4300
3200
3700
3300
3400
4100
7400
3300
3500
3400
4700
3400
4800
3400
3300
5400
3700
3600
5000
3500
3800
5100
3600
5000
3500
3800
3600
4000
4300
3600
3700
10100
3100
3000
2700
2900
3000
2700
2900
3000
2800
2800
2800
3000
7200
2900
2900
7200
3600
3400
3000
2900
3500
2900
2800
2800
2800
2700
2800
3200
3000
2700
2800
4600
3200
3100
3200
3100
3200
4100
3100
3000
3000
4800
3100
3000
3100
3000
3000
4500
4400
3400
3200
3500
3300
4200
4500
3400
3500
3300
4800
3300
4400
3500
3300
7900
3500
3500
5100
3700
3500
4900
3600
4900
3600
3600
3700
3600
3500
3700
3700
14000
3100
2900
2700
2900
2800
2700
2800
3000
2800
2800
3000
3000
4700
2900
2800
7400
3000
3500
2900
3100
3300
2900
5700
2900
2700
2800
2700
3700
2900
2700
3100
4400
3800
3100
3100
3000
3100
4100
3100
3100
3400
4100
3000
3000
3300
3100
3000
5400
3400
3300
3400
3300
3200
4600
3300
3300
3500
3300
4700
3400
3400
4500
3700
5100
3500
3800
4700
6800
3600
4900
3700
4900
3600
3900
3400
3500
3600
3500
3600
10600
2900
3000
2800
3000
2800
3000
2900
3000
2900
2700
3000
2800
4800
2800
2900
7400
3000
3300
2900
3000
3200
2900
3500
2900
2800
2800
2600
3300
2800
2800
2700
4300
3200
6300
3100
3000
3100
3900
3100
3000
3000
3800
3100
3200
3100
3000
3100
5600
3400
3500
3500
3300
3300
4200
3400
3300
3300
3200
3600
3400
3200
4700
3400
4700
5000
3500
3500
3600
3600
5100
5000
3500
3700
3500
3600
3400
7600
3900
3600
10200
2800
2800
2800
2900
2900
2800
2900
2900
2800
2700
3400
2800
4500
2800
2800
6700
3000
3100
2900
3600
3100
2900
2800
2900
2700
2600
2800
2900
2900
2700
2900
4000
3100
3100
3000
4600
3200
3600
3200
3000
3100
3900
3100
3400
3100
3100
5900
4900
3400
3200
3500
3200
3300
4300
3300
3300
3400
3500
3600
3300
4400
4600
3300
5200
4900
3800
3500
3600
3600
7600
4800
3600
3600
3900
3600
3500
4900
3600
4200
9900
3400
3000
7300
2900
2900
4300
3000
4600
2900
2800
2800
3100
2800
2800
3400
9100
3200
3000
3500
3000
2900
3400
3300
3000
2900
2900
2900
3400
3100
2800
3200
4300
3300
4000
3500
3900
3500
4100
3300
3200
3500
3100
3200
3200
6200
3400
3200
17800
3700
4500
3600
3500
4400
3500
5000
3400
3500
3600
4200
3700
3400
3800
3500
5600
3900
3900
3900
3900
3700
3900
4700
4200
3900
3800
3800
3800
5500
4400
3700
13400
10600
3100
3000
3200
3100
3000
3200
3100
3000
3000
3100
2800
2800
3000
3300
7400
3300
3100
3300
3000
2900
3000
3100
3500
3400
3100
2800
2900
2900
3000
3000
4200
3200
3900
3400
3900
3200
4100
3300
3100
3300
3100
3100
3100
3400
3100
3100
8500
6500
4400
3500
3400
4400
3500
4800
3300
3600
3400
4400
3400
3300
3400
3400
6000
4200
4000
3600
3600
3700
3800
3700
5300
4700
3800
3800
3700
3800
3600
3700
10800
4600
3100
3000
4400
3500
3400
3400
4400
3500
3400
4400
3400
3300
3400
4700
8400
3800
3800
3700
3600
3500
3500
3400
3900
4000
3600
4500
3300
3400
3400
3400
5800
4800
3800
5200
4100
3100
3800
4800
3300
3300
4000
3200
5200
3300
3100
3300
6900
3400
5100
3800
3400
7200
3400
4700
3600
3400
3900
4400
3400
3400
3300
3700
5300
3900
3700
5500
3700
3800
3800
3700
3600
3700
3900
3600
4100
3700
3700
3700
10100
4200
3000
3000
3000
3000
2800
3000
2800
2900
5500
3000
2800
2800
3000
3000
7200
3200
3300
3100
2900
2900
3000
2900
3400
3500
2900
3500
2900
2900
2900
2900
4300
3400
3300
7700
3200
3100
4300
4000
3300
3300
3100
3400
4400
3400
3100
3200
4500
3500
5000
3600
4500
3400
4600
7200
3600
3700
3600
3400
3400
3400
3600
4800
5500
3900
3600
3600
3800
3700
3600
3700
3800
3600
3900
3700
3800
3700
3600
3800
9900
4200
3000
3100
2900
2900
3100
2900
3000
2800
3100
2900
2800
3100
2800
2900
7100
3100
3200
2900
2800
3100
3000
3000
3100
3100
2900
2800
2900
2800
2700
2800
4200
3200
3200
3600
3100
3300
3600
3600
3200
3500
3100
3100
4100
3200
3100
3200
4000
3600
4200
6300
4200
3500
4200
4300
3400
3400
3300
3600
3500
3400
3500
3500
5900
3900
4700
3800
3700
4700
3700
4800
3600
3800
3700
4700
3600
3600
4100
3800
10000
4700
6000
3000
3000
3000
3100
2900
2800
3100
2900
3000
2900
2900
2900
2900
7000
3200
3100
3100
2900
3200
2900
2800
3100
3400
2900
2900
2800
2900
3000
3200
4000
3400
3100
3600
3300
3200
4000
3800
3300
3100
3100
3300
3900
3300
3300
3100
4500
3400
4600
3500
4300
3500
29300
6400
3700
3700
3500
3300
3500
6900
3500
3400
20600
6100
6900
3800
3800
4700
4100
4600
3600
3700
3700
5000
3500
3700
3700
3700
10300
3000
2900
3100
2900
2900
3000
3000
2800
5800
2700
2900
3200
3000
3500
3100
10100
3500
3200
3800
4000
2900
3200
2800
3100
3000
3000
2900
2900
3300
3000
3000
4200
3700
3400
3300
3200
3600
3400
3100
3200
3700
3200
3200
3100
3200
3700
3100
4700
3400
4200
3400
5300
3500
4000
3700
3400
5200
3400
7000
3600
3400
4000
3500
5600
3700
3700
4000
3600
3600
3700
4900
3600
3700
3600
4800
4600
3700
3800
4600
12600
3100
3000
3000
3000
3000
4200
2900
2800
3500
2800
2900
7100
3000
3100
4100
8900
3300
3100
3400
3100
3000
2900
3100
2900
2900
2900
3100
2900
2900
3100
2800
3900
3700
3200
3200
3200
3800
3200
3100
3100
3600
3100
3100
3300
3100
3400
3100
4900
3400
3900
3700
3800
3600
3400
3300
3300
3300
3400
3900
6400
3500
3900
3600
5100
3500
3600
3500
3500
3400
3700
3500
3400
3500
3600
4900
4300
3800
4100
4600
12500
2900
2800
2900
2800
2900
4100
2800
2900
2700
2600
2800
4100
2900
2800
4800
9000
3600
3300
3500
3900
3100
3100
3000
3200
3000
3100
3000
3000
2900
3300
2900
3800
3300
3200
3400
3300
3100
3300
3300
3300
3200
3200
3300
3100
3200
3600
3400
4500
3400
4000
4300
4100
3300
3200
3300
3400
3300
3300
4100
3400
3900
7200
3400
5800
3400
3500
3400
3900
3500
3400
4000
3700
3500
3400
4700
4600
3600
3400
4700
12200
3400
2900
2700
2700
2900
3900
2900
2700
2600
2800
2700
3900
2900
2700
6900
8700
3300
3100
3600
3200
3000
3000
4900
3000
2900
3600
3300
3000
3000
3300
2800
3500
3100
3200
3200
3300
3200
3400
3200
3200
3600
3200
3000
3200
3400
3200
3100
4200
4300
3500
3400
3800
4200
3500
3900
3500
4100
3700
3500
3400
3700
4000
3500
8900
3500
3500
3700
3800
3500
3500
3700
3400
3500
3400
4500
4600
3600
3600
4300
11600
3000
2800
2700
3000
2800
3900
3100
2700
3000
2700
4300
4100
3100
2800
7000
7600
3300
3300
3200
3200
3000
3000
2900
3000
3000
3100
2900
2900
2900
3500
2900
3500
3100
3200
3300
3100
3200
3100
3200
3100
3300
3200
3100
3200
3400
3200
3600
4100
4300
3500
3400
3400
4600
3500
3500
3900
4100
3300
3300
3300
3600
4000
3300
7500
3600
4500
3600
4600
3600
3600
3800
3600
3500
3400
4500
3800
3500
4600
3500
11700
4700
2900
2900
2800
2700
3900
2900
2600
2700
2700
2900
3900
2900
2700
3800
9700
3300
3100
3400
3200
3100
3100
3000
3600
2900
3000
2900
3200
2900
3400
3200
3500
3200
3400
3300
3100
3000
3400
3000
3200
3200
3400
3200
3200
3300
3400
3200
4800
4100
3500
3500
3400
4300
3400
3400
3500
4000
3800
3400
3300
3400
4400
3500
7700
3600
4700
3600
6100
3600
3600
3800
3500
3500
3700
4400
3800
3600
4600
3600
10200
2800
2800
3000
2800
2800
2800
2900
2600
2800
2900
4000
4100
2900
2700
4100
