1963600
28500
24000
29600
35000
33300
44800
41200
30900
33600
33000
30300
36400
32000
30600
39700
41800
62100
190500
61100
37100
34200
33600
36600
34600
47100
25800
23800
26000
23800
25100
25500
55700
45100
37800
30300
28500
25300
29700
51100
44100
49700
35700
25200
24100
30200
25700
28000
38500
22500
19100
20800
18200
19200
18200
22400
54200
21300
19200
39100
23100
19200
18000
18700
45900
35400
18500
18100
16500
18800
19800
45400
20100
27800
18800
35500
25800
17600
16900
19900
12400
10500
9500
11200
10700
11100
16700
10300
9800
10000
9500
9700
9300
13100
10400
13200
19300
13300
29300
19100
13200
11900
23300
14400
11200
20400
13100
11800
11000
12400
11300
11200
30400
23900
15000
14800
12900
13600
12700
23100
22400
21400
16600
12900
12100
11600
11900
28800
27400
24700
15500
15000
13500
14300
13700
13000
44500
17400
15700
76300
29200
26500
23500
23400
54600
25300
23000
21900
21800
23500
22300
58200
24600
29400
22100
50600
24500
24300
24700
34100
14000
12100
14800
39500
21200
17800
18700
13200
12400
12200
14300
12900
11800
19400
13300
12000
21000
16800
23000
15500
13500
13200
14400
15500
14100
14200
14700
15200
15200
14500
18500
14900
30100
34300
19800
17700
17600
16300
16800
31500
510300
32200
46400
22300
21900
19500
30800
19700
34400
24200
20700
25700
20400
22000
22600
21500
36400
26400
22600
34800
21400
21000
22000
21300
34900
26400
25400
22500
23200
23500
22800
33800
22900
26800
22300
44000
25000
22900
23700
26100
13700
12500
11200
16600
17400
16800
14500
11600
11200
12100
12200
15400
12600
16700
18000
12800
63700
18600
11900
10700
11100
11300
10700
9800
9800
10500
10900
10700
10500
10000
10900
10600
16400
11800
24200
20800
15400
12300
11300
12500
11200
20200
14200
13000
12100
12200
11200
11900
24200
14600
13400
13600
13600
13900
14300
13000
27100
17700
15100
31500
15100
15700
14000
14700
23600
15700
16800
15200
14000
19300
14400
28900
17800
16100
13400
32800
14500
14000
13000
14100
7400
7300
6300
11100
11500
10900
9500
7100
6900
6400
6900
7700
10700
12700
7400
7800
10000
8800
7900
8600
8000
8000
9400
18400
8300
8200
8600
7600
7600
12600
7600
7600
12400
9800
31700
15200
11300
9600
9300
9500
9100
14900
12900
13400
10000
13200
9900
10600
15000
16900
12000
11600
11400
10800
11000
20000
22800
19000
11400
12200
9900
10700
10900
15000
15900
13400
16200
11600
11600
13600
11900
21900
12900
13700
11900
22100
13200
12100
13300
13300
6500
6100
5600
9800
11000
8300
8700
6300
6100
6100
7400
6800
6200
8400
6300
8300
8100
9300
8900
7000
7100
7000
8300
7600
7700
7600
8500
33400
26600
11500
8200
7400
9600
8900
16200
22100
9600
8000
7700
8800
7700
13200
10900
7900
8500
8300
7800
8700
11400
19200
9700
9200
9100
8400
9000
16000
15200
16200
10900
9400
9000
8700
10400
10300
12900
10600
10700
11300
9800
11800
11400
10400
21300
15000
11900
24500
11500
11400
11900
10100
32100
25700
34300
25100
22800
23300
22900
28600
23700
23500
23200
27800
23400
24500
24900
23400
25700
28100
24000
27700
24900
22600
22600
22400
18900
18900
19000
18700
22700
19000
18600
22900
22400
19500
19700
19200
11800
11100
15500
10000
9800
9800
9900
14700
14300
10200
10100
10500
13400
11100
11000
10800
10600
10900
10500
10500
10400
10600
10500
11300
11000
12700
22200
11300
152800
19200
9200
19700
15900
19300
7700
7300
7600
7400
17100
8100
9500
8200
15500
7700
11600
14100
10100
9400
9100
8700
10700
10200
8500
9100
9000
12000
9200
9500
9200
11500
11500
12000
9700
16200
10100
10500
9900
9700
10000
9800
9700
9700
14100
10300
9600
13100
12800
9900
10000
11300
9400
10700
35000
10200
12000
9400
10100
9300
9600
10300
12300
9700
13100
16300
10400
10400
11200
10400
10000
9600
15200
11000
10100
10400
10400
10300
15600
12000
153200
14600
10400
16300
13000
7200
7300
6900
7800
6900
12700
7000
7100
6500
9700
6700
12700
8200
7600
8800
8500
9000
21200
9700
9200
9300
9400
15700
69100
16500
10500
12100
13700
9400
24900
9100
8500
15600
8400
11700
8400
8100
9300
10600
8700
8200
8900
8200
14400
9100
12500
9100
8600
8800
12200
8600
8800
9100
9200
9500
8900
9700
8900
8700
12800
9500
8900
9500
8900
10200
9400
9200
9500
9800
9100
9200
9700
9500
14400
11400
145900
11500
15700
13300
11400
5700
6200
5800
5700
5700
10300
6000
6000
5900
10300
7700
11000
7600
7700
8000
21700
7400
7200
7300
7500
10300
7500
8600
7300
8100
7600
7300
9300
7900
12200
8300
8000
8100
7900
9100
7700
7700
7800
8400
8300
8100
7900
8200
10000
8600
8700
10600
8700
13500
8500
8100
8200
9300
8200
8000
10700
8100
7900
10800
11400
11900
8700
9000
8900
8600
8800
8700
9600
9500
11100
9200
8900
9100
14400
7900
51000
14700
8300
12300
10400
8100
5700
5300
5500
5500
10100
5700
5600
5400
10400
5400
7900
5200
5000
6100
4900
4700
5800
4400
4900
5100
4600
6000
4500
5500
4700
5200
6100
5100
7500
8700
5400
5500
5300
7700
5600
5500
5400
5400
5700
5400
6600
5700
7700
6200
7100
32700
10400
5900
6700
6200
5900
5800
5700
5500
8300
5400
5500
8600
14700
6500
6100
6200
6000
7000
9800
6100
6300
6100
6200
6100
6100
6100
6500
7300
42600
9800
5400
12900
10000
5400
5400
5600
5400
5400
9300
5500
5300
5300
9300
5200
7600
4900
5100
5000
4900
5200
4700
5000
4600
4800
9900
6300
5000
5100
4900
5100
5800
5500
9400
5400
5300
5700
5200
7700
5300
5000
5200
5000
5400
5600
5300
6600
7400
5800
6200
12400
6100
5800
5900
6300
6200
15000
6000
6400
9100
5900
5800
10100
8700
6600
6100
7400
6500
6300
12700
6200
6200
8300
6300
6300
5800
15600
11800
6600
52700
6100
6100
5800
6800
5300
5000
5900
6800
5900
4800
5200
11200
5000
16100
9000
88600
14700
6500
7300
6600
6400
11600
6400
9000
6500
6600
6500
7300
6300
9100
6500
14600
11600
8500
8400
11900
8500
8500
8400
8600
9600
9100
8500
9000
8500
9500
11200
27500
14100
10100
10100
18700
10600
9700
9600
15200
10000
10100
13200
9800
10500
10000
9800
16600
11300
11600
10900
16000
11600
12000
11700
11600
11300
11800
12600
11700
11500
11600
11600
53300
16600
11800
12100
18800
20700
9000
5600
5200
5500
5500
5900
5300
5400
5300
5200
18000
5100
5100
4900
8400
5000
10900
5400
4500
4800
5500
5200
4800
4800
4900
4800
10700
6900
5500
5500
6700
5700
5400
5300
6200
5800
5500
5300
5900
5300
5500
6600
13300
5600
5800
6100
6000
6000
5700
6000
5700
5400
5600
8100
6200
6000
6000
5700
10500
6300
6900
6100
10300
6700
6500
6100
6100
6400
8600
11300
6100
6100
6800
6600
40400
9000
5000
5300
5400
10000
8400
5200
5000
5600
5300
5000
4900
5100
5900
5000
7400
5200
5100
4700
6000
5100
5000
4900
6400
4900
6900
4900
4900
4900
5100
5900
8000
5900
5500
5500
5300
5100
5500
5500
6100
5200
5500
5500
5200
5400
12300
5700
10600
6000
12500
5800
6200
6000
5700
5800
5800
5700
5600
5500
5600
6100
5900
5400
8900
6300
6000
6500
8900
6100
6700
6300
6000
16400
12700
7100
6300
6000
5600
6000
45000
8400
5100
5100
5000
11100
13800
4900
5200
4900
5700
5300
5200
5100
5300
4900
7600
5000
4800
5300
6700
5000
4700
4700
5200
4800
5500
5000
5100
4900
4900
5100
8000
5600
5600
5500
5700
5600
5700
5800
5600
6000
5700
5400
5100
5700
7000
5800
7600
7800
5800
6000
11300
6700
6300
6100
6200
6100
6100
6000
11800
5900
6000
8500
9700
6300
6800
6100
9000
6300
6300
6500
6400
6400
6800
6500
6500
6700
6500
6600
38700
8900
5200
5200
5200
11500
8100
5500
6100
5100
5200
5200
5200
5300
5400
5100
7700
5100
4800
8200
6000
5400
5000
5000
4700
10300
5300
5000
4900
5000
5100
4800
7900
5700
5400
5200
5700
5600
5400
6000
5200
5200
5700
6000
5400
5300
7200
5200
7600
7600
6200
6000
8100
6000
5700
5700
5900
6000
5700
6000
5900
6700
6000
8000
11500
6700
7300
6400
6000
6800
6300
6100
6900
6200
6400
8700
6300
6400
13600
6900
38700
8100
5500
5300
5300
10200
9000
5300
5200
5000
5200
5400
5800
5200
5200
5000
7900
5200
5100
4900
6300
4900
4900
4800
4900
5000
5800
4800
5000
5300
6000
4900
8300
5600
5400
5800
5300
5200
5500
5400
5600
5600
5600
5500
6000
5600
10500
9900
7600
8300
6000
6300
9500
6200
5800
6100
6200
6000
6000
5800
6100
6200
5800
8500
12000
6600
6700
6500
6900
6600
6800
6300
5900
6600
5900
6400
6300
6700
6100
6200
41300
5400
6500
5500
9100
5700
5300
5400
5400
9200
5100
5000
5000
5600
5700
7800
16600
8800
4700
4500
5500
5000
4600
4500
4300
4400
5600
4400
5100
5300
4900
4400
6600
5400
6300
5100
5400
5200
5000
4900
4900
6500
4800
5100
6300
5000
5300
5200
8000
9200
6000
8600
5700
5700
5100
5000
5600
5600
8000
5800
5600
5800
5800
6600
14900
9900
9300
7100
10200
8300
6200
8700
6200
6100
9200
5800
5700
6400
6000
9300
39000
5300
9400
5400
5100
4900
5000
5100
5500
4700
7200
5000
5000
4800
8800
5100
11000
5800
4600
4300
4400
4500
4800
4800
4900
4400
4500
4400
4500
4200
4300
4400
7500
5200
6500
5200
5000
5000
5400
4900
5200
6300
5300
5000
6800
5300
4900
5000
7800
8400
5700
5600
5500
5800
5500
6300
5800
5700
7600
5300
5700
5500
5300
5300
9600
13900
9500
6600
8600
8700
5700
11600
6400
6100
9500
6300
6000
6300
7100
9100
38800
5300
9200
5700
5000
5300
6300
5000
5500
4800
5000
4800
5100
4900
4900
4800
8400
5800
4400
4700
4500
4400
4500
4400
9100
4500
4600
4600
4400
4700
4600
4700
5900
6800
4900
5800
5600
5200
4900
5000
5000
4800
9700
4900
6700
5100
5000
6200
8400
7600
6000
5800
5700
5700
5600
6400
5600
5600
7600
5300
6100
5600
5200
5000
8100
9600
8700
6400
9500
13500
6100
8300
5700
6000
9400
6300
6600
5900
6800
8400
41600
6100
8900
5400
4700
5300
5200
7600
4700
4700
5100
5200
5000
5000
4800
4900
8400
5700
4400
4300
4300
4200
4600
5200
4200
4100
4300
4900
4600
4400
4400
12400
6000
6400
4900
5000
4900
4900
6100
5100
4800
4800
15900
5200
6500
5300
5000
5000
7000
5500
7600
5500
5300
11100
5700
5300
5300
7300
5200
5300
7700
5300
5300
5200
11700
9600
9100
6400
9500
8700
6000
8600
6200
6000
13200
6000
6200
6000
5800
8900
38000
5200
9000
4900
4900
4800
4900
5000
4100
4600
4500
4900
4900
5300
4900
5000
9200
6600
4600
4400
14600
4700
4500
4800
5000
4900
5800
4900
6000
5800
5500
4700
6100
10600
5200
4900
5100
4900
4800
4700
8800
4800
7100
5100
6800
5200
5100
5000
7000
5600
8900
5600
5400
5900
5500
5300
5400
8400
5600
5600
8900
5500
5600
5500
8400
9700
6100
6100
6000
6300
6200
6100
6200
5900
9600
5900
5800
6100
6000
10000
46300
5500
9900
7400
5100
4900
4700
4700
4600
3800
3800
5200
5200
4500
4700
4800
7600
5300
5000
4300
4400
4100
4300
4400
4400
4100
4400
4300
4200
4300
4800
4200
5900
5900
4700
4900
4600
4900
5100
4900
4700
4800
7000
9000
5700
4800
4900
5000
6500
5600
7400
6000
5200
5300
5300
5300
5800
7100
5200
5700
7500
5600
5300
5400
8500
8500
8400
6000
6000
14700
5800
5700
6200
6200
13300
6800
6300
6800
6800
6000
36200
9400
10700
4700
8700
9400
5500
7700
5000
4800
9200
5500
4600
5600
4600
9000
13600
4900
4900
5400
4800
4700
4600
4700
5500
4600
4600
5100
5300
7100
4600
5100
7200
5100
5000
5300
5300
5400
5100
4900
5000
5200
5100
5100
5400
5100
4900
5000
15200
5900
5600
5500
5500
5500
5500
7500
5600
5500
5600
5500
5500
6200
5500
7900
9300
6000
6000
6200
8600
6300
6100
5900
6100
5900
10500
6300
7300
6100
6200
6200
36400
5500
5100
4700
4500
4700
8200
5100
12200
5300
4900
5300
5000
8200
4900
4700
8900
5200
4600
4600
6000
4700
4400
5800
4800
4500
5300
4400
4700
4800
4600
4500
7300
5100
5100
5400
5100
5400
5200
5300
5500
5200
5400
5400
6400
5200
5000
5200
10100
5800
5500
5700
6600
5100
5100
5500
5400
5600
5400
6100
5100
8600
5800
6400
13100
6100
6700
7600
8800
7200
5800
5700
5800
5900
9800
6300
6000
6000
6000
6600
37400
5500
5000
4700
4700
4800
8500
5100
8500
5000
4800
5000
4900
8800
5300
5500
8300
4500
4500
4400
4700
4500
4200
5400
4400
4500
4400
8700
4500
4600
4300
4400
7100
7000
4800
5900
4800
4900
4900
4900
5900
5400
5100
4900
6000
4900
5000
5800
10300
5500
5600
5600
5600
5400
12100
5400
5600
6100
5700
5300
5300
5100
6700
7800
8900
5900
8200
6100
8800
6200
6200
5700
5900
5700
9700
10100
6200
6000
6100
5500
36500
5300
5100
4700
5100
4800
8200
5300
7700
5100
4800
4800
4500
7800
5000
4700
8300
4700
4600
4700
5200
4400
4400
5500
4900
4500
4600
4700
4400
4300
4300
4200
7500
5100
5100
6800
4800
5100
4900
4900
6700
4900
4800
4900
10400
5000
4900
6200
6900
5600
5300
5600
5400
6100
6700
5300
5900
6000
5100
5300
5300
5500
5400
5500
9300
6000
5900
5800
8900
6000
6900
5700
5800
5700
9700
6100
6100
5900
5900
5700
37000
5300
5100
4700
4900
5100
9000
4900
12900
5300
4700
4900
4900
8400
25500
6600
11700
5100
4800
4900
6800
4900
4700
5900
4900
4800
6600
26300
8600
5300
5100
7300
9700
5900
5400
7200
6200
6000
9100
5100
6700
5100
5300
5000
6700
5200
6300
6200
7700
6000
5800
5600
5100
5100
4900
5300
5600
5700
5500
5700
6400
11100
5400
5500
11800
6200
5900
6200
6200
5900
6000
6200
6100
5900
6000
6200
5700
5900
6300
9300
36400
5200
5000
4900
4800
5000
9000
4800
8200
4900
5000
5200
4700
8000
4800
5000
8700
4700
4400
4500
5600
4100
4000
9200
4900
4500
3800
4400
4600
4600
4500
4300
8900
4900
4800
7400
8100
5000
5400
5400
7400
5200
5100
5100
6900
4900
5100
6900
7300
5500
5600
5600
5500
5600
5500
5700
6000
5500
5300
5700
5900
5500
5300
5500
12000
6100
6600
6000
6000
5900
6200
5900
6000
6100
10100
6100
6000
6200
6000
9000
35200
5700
4700
5000
8700
5500
4700
4500
5000
4700
10400
5300
4900
4600
5100
4600
11200
5200
5000
4600
4800
4800
4600
4800
4600
4600
6900
6700
4900
4600
4700
4800
7100
4900
5300
5200
5300
5300
6500
5200
10300
5300
5200
5200
5300
4900
5200
5200
8100
5600
7900
5600
5600
5800
8000
7600
5700
5700
5800
5700
5700
5900
5800
5800
9100
6500
7200
6200
6100
9500
6300
8200
6500
6100
6300
5900
8300
6600
6100
6100
37500
5300
5000
9100
5400
4800
11700
5100
10000
4800
4800
8000
5200
5700
4800
5300
9600
4700
4800
4500
4400
12000
5000
4600
4800
30400
5100
4900
6100
5000
4300
4500
6600
6500
5100
5300
5000
5200
6400
5300
6000
5300
5100
5400
5000
5200
5000
5200
9900
5700
7000
5000
5800
5600
7500
6000
5900
5700
6500
5800
10300
5600
5600
5700
9000
6000
6400
6000
6200
9100
6300
8400
6800
8400
6700
6100
8400
6400
6200
6000
38000
5300
5400
7800
5200
4900
8100
4900
9900
5000
4900
8700
5200
4800
5000
5100
9400
5100
4500
4600
4500
4600
8700
4400
4400
4400
4400
4700
5200
4400
4500
4600
5800
5300
4900
5100
5500
4900
5000
5000
5100
5000
7300
4900
5100
4900
7200
5200
7700
5800
7400
5800
5500
5500
7600
5500
5500
5600
5800
5500
5600
5900
6100
5700
8500
6000
6300
6500
6100
8800
6700
7800
9800
6300
6300
6800
8400
6200
6000
6500
41300
5700
5100
4600
5000
4700
8000
5000
8000
4300
5600
8800
5000
7000
4700
4800
8200
4600
4600
4400
4400
4700
4200
4400
4400
4700
4200
4500
5100
4100
4500
4600
5600
5400
4900
4900
4800
4600
4800
4700
4800
4700
6900
5300
5000
9200
5200
5100
6900
5200
5500
5600
5500
5400
7200
5600
6900
5600
5700
5200
4900
5100
5400
5100
8600
5800
6500
5800
6600
9400
5900
11100
6600
6200
6300
6500
9000
6200
6400
6200
35000
6100
5200
4900
5200
4800
12400
5200
9000
4800
4900
8200
5200
4800
5400
4500
8400
4500
14200
4300
4200
4100
4000
4600
4200
4200
4000
4000
5700
4300
4400
5800
6200
5200
4800
4200
4800
4600
4300
4700
5000
4600
7200
5100
4900
5000
5300
5400
6900
5100
5700
5400
5100
5500
7700
5200
7700
5500
5300
5700
6400
5700
5400
11200
8300
6100
8700
5800
5900
6500
10000
5700
5800
5700
6100
5900
6200
5900
6100
6000
22100
5000
5100
6400
5200
6400
8300
4800
9200
5000
10100
17700
7100
10400
9700
7600
8400
4800
4500
4700
4400
4700
5500
4400
4500
4400
4500
4500
5800
4600
4800
4400
5800
5200
4800
5100
4900
4900
5300
5000
5000
4700
9500
5000
5200
5200
5300
5000
7100
5500
5400
5600
6700
5600
15600
5600
7500
5600
5600
5300
5100
5300
5500
5400
8100
5700
13600
6100
5900
6000
9100
6100
5500
6000
6200
5900
6000
5600
5800
6000
20800
4700
5100
4600
4700
9300
4800
8300
5200
4600
5000
4500
7600
4700
5400
4700
12100
5300
4700
6500
5900
4700
4500
4600
5900
5000
9400
4800
4400
4700
7900
6300
7500
8100
7400
5700
6800
5300
5100
5200
5400
7600
5200
5300
6400
5200
5300
6100
9200
5800
14500
5700
5500
5600
6300
6000
5600
5500
9900
5600
5600
6100
5800
6000
13900
14700
6500
6200
9900
6300
6200
6300
6200
6000
5700
6200
6200
6100
6400
6300
21400
5000
10000
7200
5500
10400
5200
5600
5400
5000
4900
10100
5400
5200
5000
5400
10300
4900
4900
4700
5000
6400
9200
4800
7200
5000
5800
4600
5900
6000
4400
5900
7700
8100
7800
6100
5100
5000
5300
5600
5100
7800
5100
5100
5300
7500
5200
5200
9000
6000
9200
5900
5700
5700
7700
5700
5600
5500
9300
5600
5700
5400
5700
5900
18400
10300
6700
6300
10100
6300
6400
6200
6200
7000
6100
5900
6200
6200
5800
6000
21000
5400
9400
5000
5300
10000
5500
5100
4900
5100
5700
10200
5100
4800
5600
5100
10500
9400
4800
4600
4700
26000
4800
4500
5400
5400
5500
4500
5400
4200
4200
5100
14600
10300
5000
9400
7000
4900
4700
4700
6800
4900
5300
5600
4800
4800
8800
15700
8200
5700
10000
5600
5400
5600
5700
5600
5700
5500
8800
5000
5400
5500
9700
5500
16900
9700
6100
6200
9800
6000
6000
5900
6300
5100
5500
5700
6500
5700
7300
5900
21800
5000
8900
4400
4400
9300
4800
4600
4600
4700
4400
9500
8600
4400
5300
4700
9500
4600
4900
4600
4600
24800
4500
4700
5300
4600
5100
4300
5000
4400
4700
5200
5800
6100
4900
6900
6900
5000
4900
5100
7300
5300
4700
4900
4800
4900
7800
7200
7500
8100
8100
5600
5800
5600
5300
5600
5300
12400
5400
5100
5600
5400
5200
5400
12900
9600
5800
6100
9600
12000
5800
5800
5900
6000
5900
5800
5900
6100
6100
5800
21900
5600
10600
4800
4700
8600
4900
5000
4600
4700
6600
9500
4800
4600
4600
4700
9200
4800
6000
4700
4600
5500
5900
4500
5200
5400
5100
4400
5100
5500
4400
5200
7000
4900
4900
10000
7600
4800
4800
4800
8000
4900
6100
4700
4900
4800
8800
6800
8300
9200
9400
5500
9300
5300
5400
7400
5600
8100
5500
5400
5600
5500
5300
5300
9000
6100
10400
5800
5800
5800
5800
5800
5800
5700
10400
5700
5800
5900
5700
5600
21200
4800
9100
4400
4700
8600
8500
4800
4800
4900
4900
8900
4500
4400
4400
5100
8700
4500
4500
4500
4400
5900
4900
4500
5400
4400
5100
4700
5100
4500
4400
5800
6000
5300
4900
6800
7200
5700
5000
4900
7200
5100
5000
5000
4800
5100
7400
7200
7100
12500
8400
5700
5600
5300
5600
5400
5200
8300
5300
5400
5400
5300
5100
5500
8100
5800
11600
6100
5800
5800
5700
6100
5900
5800
10400
8000
5900
6000
6000
5600
25100
12700
4900
4600
7200
4900
4200
4200
4800
4400
4400
4200
4700
4600
4500
4400
11600
5300
5600
4800
4800
4500
4600
4400
5100
4900
4400
4600
4400
4500
5600
4400
8200
4900
5300
6500
4900
5200
5100
6200
6600
5200
6200
5300
4900
4700
4900
5000
13400
7700
5300
8500
5600
7300
5400
5400
7500
5300
5200
6000
7600
5500
5600
5200
8700
5700
7800
5800
9100
9000
5800
9300
6400
6400
6300
8700
6000
6200
5900
5700
25900
5100
4800
4700
4700
4600
4100
3800
4300
16200
10000
4400
4200
11000
4500
4300
14000
7500
4500
5200
4400
4600
4600
4600
4500
5400
4800
4600
4300
4400
4300
4700
7900
4900
4700
6300
4900
4900
4900
7500
6400
5200
6400
5000
10100
4800
4900
4800
7200
7600
5600
16100
5500
7000
5300
5600
7400
5400
5300
5100
7700
5600
8400
5800
8400
5800
6100
6000
9100
9300
5900
9000
5800
5900
5900
8900
5800
6500
11500
5800
21400
4900
4600
4700
4700
4600
4700
4500
4400
10800
4800
4800
4700
8800
4500
4900
9900
5600
5100
4400
4300
4400
4600
4700
4400
5700
4700
4500
4400
7400
4400
4700
7100
5400
6400
5200
5200
4900
5100
4800
6400
5000
6700
4700
4600
4800
6600
5000
7300
7700
5300
26000
5200
7300
5500
5300
7600
5500
5200
5000
7400
5300
5600
5700
8400
6100
6300
5700
8000
8300
5700
8400
5900
5900
6000
8800
9000
5800
5800
5800
29900
5100
4300
4900
4800
4700
4700
4800
4500
10400
4900
4600
4800
8100
4500
4300
10100
5000
4500
4800
4400
4500
4600
4800
4400
5400
4600
4900
4500
4400
4400
4600
7100
12100
6400
4900
4900
4600
4700
4900
6300
4500
4700
5100
4800
14300
6000
8900
12300
7100
5100
9400
5300
5100
5700
7500
7300
7100
7600
5300
5400
5300
5300
5500
8300
14100
6100
6100
8700
14400
5800
9100
6000
5800
5800
8300
5700
5700
5900
6000
20000
4900
4600
4600
7700
4500
4500
5000
3700
17900
5100
4500
4700
8600
4700
4600
10100
4900
4600
4500
4600
4400
4400
6400
4300
5500
4300
4800
9600
4200
4400
4600
6900
5000
6500
5000
4900
5000
4900
4900
6200
5100
5000
4800
4700
5300
6300
5100
8500
5500
5400
7200
5600
5500
5200
7100
7100
5400
7100
6500
12800
5300
5300
5400
7700
8900
5900
13400
5900
8500
6100
6100
8500
6000
5800
5900
8900
5800
5600
6600
21100
4900
4700
4800
5200
4700
4600
5000
4600
10400
4800
5600
4700
8900
4700
4500
7500
6600
4500
4500
4400
8400
4600
4400
4200
5200
4400
4500
4400
4100
4300
4300
6800
5000
6000
5200
4900
4900
4800
4400
18700
5100
5100
4700
4500
4900
6300
4900
8300
5300
5300
6900
5500
5200
5200
7400
6900
5300
7100
6800
5500
5200
5200
5700
11500
13600
5700
8400
5800
8300
6100
5700
8700
6000
5600
6000
8000
5900
5600
7100
22300
4800
4800
4500
7400
7600
4400
8200
4700
4700
4600
8100
4300
4600
4400
9600
13900
5100
5000
4800
25700
4400
4800
3300
3600
3200
3800
6300
2900
2900
3300
3100
4200
3400
4000
3200
3300
3800
3100
3300
3100
3000
4100
3000
3900
3300
3700
4100
7400
3500
3300
3500
3600
3300
3300
9100
3400
3300
3200
3600
3200
3300
3400
3400
5100
5200
3700
3700
3600
3400
5100
4600
4400
3500
5000
3600
5000
3700
5500
3500
13000
3200
2900
2900
2800
2700
7600
11100
3000
2700
5800
4700
3100
2800
4100
2800
9300
3500
3000
2900
3700
3100
2800
2800
3500
2900
2800
2800
2900
4000
2900
3100
4000
3100
4100
3100
2900
3800
2900
3000
3100
3200
3800
3000
3900
3100
3900
3800
8800
3400
3300
3500
3200
3100
3300
3800
3200
3400
3200
3200
3200
3500
3200
3200
5100
5700
3600
3400
3400
3700
5000
3500
3500
3400
5000
3700
11600
3900
5100
4700
14200
2900
2600
3000
2600
2500
4900
2600
2700
2700
5000
4600
2800
2700
2700
3000
8800
4400
3300
3000
3500
2800
3200
2900
3800
3100
2800
2800
2900
3800
3700
2800
4800
3500
3300
3200
3200
3100
4800
3200
4200
3100
3100
6300
3100
3000
6300
4300
6000
3400
3400
3500
3300
3200
3100
4000
3100
3800
3500
3300
3200
3300
3400
3300
4900
5000
4000
3400
3500
3500
5000
3700
3400
3500
5300
3500
4900
3500
7500
3600
10700
2700
2600
2700
2800
2600
4500
2800
2700
2700
4500
4600
2700
2800
2700
2600
10300
3200
3000
2800
3400
2800
2900
3100
4100
3000
2800
3300
2800
3400
2900
2900
4200
3300
3100
3100
3500
3100
3700
7800
3600
3000
3200
3100
3000
3000
3800
3100
4300
3900
4500
3400
3400
4200
3300
5600
3300
3300
4200
3300
6700
3300
4500
4100
4900
6900
3400
3400
3600
3500
4800
3500
3500
6100
4900
3500
4800
3500
4900
3400
10100
2700
3000
3000
2700
3000
4900
2700
2600
2600
4600
4500
2800
2600
2900
2600
8900
3300
3000
2900
3400
3100
3000
2900
4200
3000
2900
2900
3000
4400
3000
4400
5300
3100
4000
3200
3000
2900
4700
3200
4700
3700
3700
5200
3100
3000
5000
3100
4800
3300
5600
3400
4100
4300
6100
4100
3400
3600
4800
4200
4400
3500
4500
4300
7000
3800
3600
3500
3900
3600
3600
3500
3600
3500
3400
3600
3500
3500
3700
3500
10400
2800
2700
2900
2600
2600
7100
2600
2600
2600
4200
4400
2900
2800
2700
2900
8400
4300
3000
3000
3200
2900
2800
3000
3200
2900
4600
3000
3000
3200
2900
3700
4100
3300
3200
3200
3100
3200
4100
3100
3900
3100
3000
3400
3000
3000
4000
3200
4200
3300
7500
3500
3200
4400
3300
4200
3300
3400
4400
3200
4300
5100
4600
4400
6400
3600
3500
3800
3500
3600
3400
3800
3500
3400
3900
3500
3500
3500
3700
3900
10300
6000
3000
2800
3600
7000
5700
2800
3800
2800
5300
3100
5900
2900
5100
2700
16800
5800
4000
3500
4200
2800
2800
2800
2800
3300
2800
3000
2800
3000
2800
2900
4200
3100
3300
3800
3000
3100
2900
3200
3500
3000
3000
6200
3000
3200
3200
3800
4400
3200
3400
4200
10000
4400
3300
3400
3400
3200
3300
3200
3400
3200
3200
3300
5000
3600
3400
3600
3700
3400
3300
3400
4800
4800
3400
3600
3500
3500
7100
3600
22500
4100
3500
2900
2700
3000
2600
4100
2800
3200
2700
2700
2900
2600
2900
2500
9900
3500
3100
3000
2900
2900
3100
3100
2900
3000
2800
3100
2800
3200
3100
2800
4000
3200
3000
3600
3400
4600
3300
2900
3500
3000
3000
3000
3100
3000
3000
3700
4300
3300
3100
6900
3400
4100
3200
3300
3100
3300
3200
3100
3200
3400
3200
3200
4500
3500
3400
3300
3300
3400
3300
3300
4400
4500
3400
3300
3600
3400
4900
3400
10800
4000
2700
2700
2600
2800
3300
6400
2800
2600
2500
2900
2600
2600
2500
2700
9600
3300
2900
3300
2900
2900
2800
2900
2900
2800
2800
2800
3100
3200
2900
3000
5400
3400
8500
3200
3000
3300
3500
3100
3000
3800
3000
3000
3300
3100
3000
3100
4200
3500
3200
4100
3300
3900
3400
3100
3300
3200
3400
3300
3200
3600
6400
3200
4600
3500
3400
3400
3300
3200
3400
3900
4400
4400
3400
3400
3400
3600
4200
3600
11100
4500
2700
3000
2600
2700
2600
3800
3100
2600
2500
2700
3000
2600
2600
2600
8800
3200
2900
2900
2900
5700
2900
2800
2800
3000
6500
2800
2900
3500
2900
2900
4100
3200
3100
3300
3100
3000
3100
3100
3100
3500
3400
3000
3100
3100
3200
3100
3900
3200
3300
4100
3200
3300
3200
3700
3800
3300
3200
3200
3300
3500
3200
4000
6700
3500
3500
3500
3300
3300
3300
6200
4300
4500
3400
3300
3300
3300
4300
3500
10600
3800
2800
2700
2600
2900
2700
3800
2700
2600
2700
2700
2700
2500
2800
2600
8000
3400
3100
2900
2800
2900
3100
2900
2800
2800
3000
2800
2700
3500
3000
2800
6900
3200
3100
3400
3100
3000
3000
3200
3000
3500
3200
3000
3000
3000
3200
3500
4300
3200
3200
4200
3200
3200
3200
3200
4300
3400
3200
3200
3300
3500
3200
4100
4500
3500
3400
4500
3700
4500
3600
3500
3400
3400
3600
3500
3400
6200
3600
3500
10800
3800
2900
3000
2700
2800
2600
3700
2700
2600
2700
2800
2600
2600
2500
2500
7300
3100
3200
3100
2900
2800
2900
3100
2900
2800
2800
3100
2800
3300
3000
2900
4000
3200
3000
3100
3200
2900
3000
3000
3300
3400
3100
5800
3100
3100
3000
3300
4400
3400
3300
4200
3300
3200
3300
3400
3900
3300
3200
3200
3200
3400
3300
3900
4600
3600
3500
4500
3600
4500
6800
3700
3500
3600
3400
3500
3400
3400
3600
3400
9400
2800
2700
2600
2600
5400
2700
2700
4000
3900
2700
2800
2700
2600
3800
3500
