1771000
36400
27100
27500
33300
22800
46100
28100
21200
23600
21900
23300
24700
20400
20300
23500
39700
50100
30100
29100
25400
24600
25300
26900
43500
33900
26200
25300
51700
29900
26500
44600
54600
33300
39900
30000
28500
28900
59400
36100
31800
27500
26800
26400
51100
30800
55600
20000
41900
22600
45500
23600
20100
19400
56400
25600
19400
49200
58400
20900
20500
37100
18800
17200
44500
44900
21100
19200
17600
19500
39100
20600
17400
20400
18300
21000
20200
18200
17300
19200
14200
10200
10400
15000
9900
9900
12100
10300
25300
13300
10800
10400
19100
18400
12500
20300
26200
25000
16600
13300
12000
12000
35600
15200
20800
14700
15700
12500
19900
13900
13100
19200
32200
19500
18100
14400
13500
13900
21500
15700
14000
13100
13400
14100
21400
14900
20400
26600
30800
27800
31100
19700
15400
14300
25300
15100
14700
29200
22700
17600
15100
24700
16000
19100
34500
26700
16900
18300
16500
14900
27200
16900
16900
18500
15600
15500
14900
15700
15000
18700
9700
8900
10100
8200
8600
7500
9900
8700
18300
10000
9200
8200
11500
11400
10000
11400
29400
19700
14500
11000
18400
11400
19900
11300
10600
10500
9800
10500
9500
9200
10400
10200
25900
16200
13200
12000
12200
11600
18300
14900
15700
12000
26700
15300
20200
15200
24600
13900
46800
33300
37900
22700
22800
21100
39000
24800
30900
35800
32100
23500
21700
31800
22000
28600
37600
34900
27400
24900
25300
23700
41700
24800
24300
30100
24500
23800
23600
24000
23000
67800
25100
11300
10500
11000
10800
19100
14000
10000
14700
16700
11200
13300
14800
18000
18700
15200
30700
17000
13600
11900
21000
13500
23200
14000
12900
12800
11800
13200
12000
11600
13900
18700
16700
44400
16600
13500
13400
11800
12300
12600
18500
15300
12900
13000
16700
12700
12600
17800
21900
17200
20700
19100
14000
13000
21600
15200
14800
24500
19900
13600
12200
17000
15000
11700
22700
18900
13000
15600
12900
11600
24900
9500
7400
13000
7300
10100
7500
7100
7200
8100
7400
7800
4300
4200
4200
4100
6600
8900
6100
5100
4400
4700
5500
6600
4700
5400
10500
8000
9000
4800
7500
5700
20200
5600
5000
5300
4700
5100
4700
5000
5200
4700
6600
10100
5600
11600
5700
5200
6000
5700
8200
5900
5300
5500
8200
6400
6200
11600
8100
7400
12900
6100
5900
5900
9200
6900
5900
7300
6000
7100
8800
6600
8700
7400
10200
9700
7400
7200
9400
6600
10900
6900
8400
14800
7700
7500
6900
6800
9900
7000
4400
4300
4300
4100
3900
3900
6200
3800
29400
8500
7000
4500
8200
5300
4700
6200
21400
7900
6000
5400
29100
6300
12600
5000
4400
4500
4000
4600
4400
7500
4800
4200
11500
9100
5100
5000
4700
4900
4700
4900
7400
6500
4900
4900
7200
4900
4900
10200
6900
9100
5600
5600
5100
5300
7500
6500
5100
6400
5300
5600
9400
5500
8000
5400
7900
6400
9100
6000
6300
6500
9800
6100
5900
14000
13800
6200
6400
8800
6300
6700
32300
17900
21000
26200
15900
15900
15600
16500
16200
16500
17900
16000
16700
18800
16300
15800
18100
16600
16200
16100
21200
16900
17100
16300
17600
16400
16900
16700
16600
18700
16400
20100
20800
18800
20600
17300
20200
17200
20000
17300
17000
17000
19700
17600
17200
19600
17600
20400
20900
18000
18700
16700
14400
15400
14400
14400
15400
14300
14400
17400
14800
14700
16700
14400
104900
5200
4700
7800
8000
4700
4700
4700
7400
4600
4700
5400
8400
5600
8000
4900
16600
15100
13300
13100
13100
16100
6900
6100
5800
5400
5300
5300
5300
5700
5500
5800
6800
6600
6100
5800
7800
5700
5700
5600
7200
5800
5800
8600
7500
7100
6000
6900
10600
8700
6000
6100
8500
7000
8500
6100
6100
6000
8000
6200
6300
8000
6700
7800
8500
6900
7700
6700
6100
6100
6500
6100
6600
6600
6500
9800
6500
6500
11500
7800
94900
6100
4500
5500
7700
4300
4900
4400
7300
4500
5400
4500
8000
4700
7600
4500
8000
5500
5500
5400
5400
5900
6200
5400
5200
5600
5200
5400
5400
5800
5200
5800
7700
5800
10000
7000
6100
5700
5600
5500
5900
7000
5600
7000
7100
7100
5800
7100
9600
12900
10200
9900
15500
10600
15100
10000
9800
10500
13700
10400
10000
14300
10500
13100
15200
10900
9900
17700
8100
29500
10100
6000
6100
5700
5800
9200
5800
5600
8300
6500
89200
15900
4000
3800
7200
3800
3800
3800
6500
3800
3700
4100
16200
4000
6700
3900
11500
6000
4800
4800
4800
5900
6000
4600
4500
4600
5000
4500
4400
4900
4500
5000
5300
6700
6400
6400
4900
4900
4900
5100
4900
6200
8100
6300
9900
10500
7700
7500
10200
9000
9300
9600
9300
5700
5500
5100
7500
5800
5700
5300
5400
8400
5500
7600
10000
7400
5900
6800
5400
5400
5600
6900
6200
5500
6400
9100
5600
5400
8700
5600
47200
5100
3800
3500
9100
3700
3700
3600
7100
5100
3900
4000
8100
4700
7200
3900
8500
7400
5100
4400
4300
4100
6500
4200
4100
4300
4200
5200
4300
5400
4300
4300
6000
4700
5500
6600
4500
4500
5300
4600
4600
6600
4800
4500
6600
7800
5000
5400
5800
5700
5100
5000
7900
5100
5000
5900
6500
5800
5000
4900
4800
7200
5000
7900
8500
10200
5100
6400
9200
5300
18800
5700
5300
5300
7500
5600
5600
7300
5800
8300
32800
4300
6200
3700
6600
3600
3900
4000
18900
3900
3700
3600
8700
3700
6200
6900
9300
4600
4500
4300
7300
4300
6100
4400
4700
4300
4100
4200
4500
4600
4200
4700
4900
4600
6000
13300
8200
4500
4300
7700
5100
5900
4500
4900
5600
5900
4500
5300
6100
5000
5000
5200
6800
5100
5000
4700
7500
5600
5100
5000
4800
6600
5000
6600
9600
8000
5300
5800
8400
5400
8800
5300
5200
5100
7500
5600
5100
8100
5600
7600
23400
3500
3400
3400
3100
3300
3600
3200
3900
3400
3200
7000
3600
6300
6200
3500
18600
20400
4300
16500
5400
4300
4200
5000
4400
4000
4400
4000
4000
4100
4300
4200
7500
4600
4800
4600
4400
4300
4500
4500
5400
4600
5100
4400
4500
5400
5300
4300
9600
6700
4600
6500
4900
4800
4600
4800
4500
7500
6100
4700
4500
5000
4600
6600
9200
5400
5400
5100
8400
5000
5100
6700
5100
5000
4800
7100
7800
7000
5200
5100
23900
5900
3500
3400
3300
3300
3200
3200
5600
3400
3100
3500
3200
3400
3000
3400
7000
4400
4200
4100
4000
4100
5100
6000
4100
4700
4500
4100
4400
4500
4100
4100
6500
4700
4600
4400
4400
4400
147100
7800
7700
6000
4700
4900
5200
6300
5100
4700
7400
10900
4900
5900
8800
4800
4400
4700
4500
4600
6400
4400
4500
4600
4700
6200
9200
5000
5500
5300
6700
4900
4800
7200
5000
5000
5500
4700
7600
6700
5100
5100
30400
19400
3400
3400
3500
3200
3000
3300
5600
3300
3000
3200
3200
3500
3300
3400
6800
4100
4100
3900
3800
3700
5500
4100
4900
4600
4800
4500
4200
4800
4700
4100
5000
4700
4400
5600
4400
4300
4300
6200
4500
4700
4500
4200
4300
4300
4500
4300
6000
9000
4700
6000
4700
4700
4400
4400
4400
4400
5800
4500
4700
4600
4400
6100
8700
5200
5000
5000
6600
4700
5000
6800
5100
4800
4600
10100
7700
8100
4900
4900
25900
5800
3000
3600
3300
3200
3100
3000
5400
3100
3100
2800
3100
3300
2900
3100
7300
4300
4000
3900
4500
4000
4900
4000
4300
4800
4800
4200
4400
4700
4100
4100
5400
4400
4200
5600
4300
4500
4300
5900
4300
5800
4500
4400
4300
4500
4300
4400
7900
5200
5200
4900
4900
5500
5200
4600
7000
4800
4900
4800
4600
6700
4800
5000
10400
5200
5000
4900
6700
4700
5100
6500
11400
3700
3900
3800
9100
5600
3700
3700
20800
5700
3100
2900
2900
3200
2900
3000
6200
3400
2900
2800
3000
3200
2800
3000
5100
3200
2800
2800
2900
2800
3900
2800
2900
3600
3500
3100
2900
3700
3000
2800
3700
3500
3000
7100
3500
3400
3200
5500
3200
3000
3200
3000
3200
3300
3300
3300
6800
3500
3800
3600
3800
3400
3400
3800
4900
3700
3400
3400
3700
5100
4500
3300
16800
11800
5200
6100
3800
3700
3600
3800
3600
3600
8400
3800
3900
4200
3800
7300
21400
5700
3000
2900
3200
3100
3000
3200
5800
3100
2800
3700
3100
3100
3000
3000
5000
3200
3100
2900
2700
2600
3400
2900
2800
3200
3500
5700
3000
3400
3000
2700
3800
3300
3100
4100
3300
3300
3200
4400
3100
3100
3100
3200
3200
3000
3000
3100
6400
3400
3600
3600
3300
3200
3500
3300
4800
3600
3300
3500
3800
4500
4800
3500
5200
5900
3700
6400
4100
3500
4000
3600
3600
4100
8100
3600
4000
3600
3700
7700
25600
4300
3300
3200
5100
3000
2900
5000
2900
3100
3300
2900
7900
6000
3200
5200
7500
3500
3100
3300
22800
3100
3000
3000
6100
3600
3000
3800
3000
3600
3200
3000
4400
3400
3500
3100
3800
3300
3200
4300
3200
3300
3300
4000
3800
3500
3200
3200
5000
5300
3800
3600
3400
3600
4300
3600
3300
4600
4600
3500
3800
3600
3400
4000
8400
4300
3700
3900
3800
8000
3900
3900
3700
3800
4000
4000
5500
3800
5500
5500
20800
3200
3600
3100
3300
3300
5300
5500
3100
3400
3100
3200
3100
3100
3400
3300
5700
3200
3300
3000
3400
3700
3000
2800
3200
2900
5900
2900
3400
3000
3200
3300
4700
3400
3100
3100
3400
3300
3100
4000
3400
3300
3200
4000
3100
3200
3200
3300
4800
4500
3400
3600
3300
3400
4400
3900
3500
4600
5100
3500
3400
3500
3300
3600
7500
3700
5100
3700
3600
6100
3700
3800
3700
4800
3800
3900
6100
3800
7500
6200
21900
3000
3100
3100
4000
3700
7100
5800
3300
4000
3000
2900
3000
3100
3100
3000
6400
3300
3100
3000
4000
3500
3000
2800
3900
3100
2900
2900
3800
3000
3100
2900
4400
3300
3300
3300
4500
3300
3200
3200
3300
4000
3500
3900
3200
3600
3400
3700
4600
4600
3500
3400
3400
3600
4500
3500
3200
4400
4500
3500
3900
3600
3400
3400
6600
4000
3600
3700
5700
5300
3600
7000
3700
3800
3600
4500
5300
3700
5600
5300
20700
3000
3300
12600
4300
3400
13600
5400
3200
3200
3100
6400
3100
3100
3200
2700
16100
3300
3400
2900
3600
3900
3000
2900
3000
2900
2900
2800
3500
5900
3000
3700
11200
3300
3200
3200
4600
3100
3800
3200
3300
4200
3400
4200
3300
3400
3300
3200
4800
4000
3300
3500
3400
3400
3400
5000
3400
3400
3300
5300
3300
3200
3500
4900
48700
15200
8300
8100
8700
10300
8100
8100
8200
10900
8000
8000
11000
9200
10800
10100
27700
8900
8500
8500
8700
8600
11300
11300
9300
8800
8200
8800
8500
8700
9000
8100
15300
4700
6000
4600
5400
5100
4200
4200
4200
4300
4000
4200
5800
4100
4000
4100
6800
5800
5600
5400
7300
5500
5400
5400
6000
6800
14400
14800
3800
3600
3500
3300
9800
3900
3600
3700
3800
3800
3500
5400
3700
3900
3700
5400
3700
3900
3700
3600
5200
5500
4100
3800
4000
3800
5300
3800
3700
8200
5300
3900
4100
3900
4700
3800
22200
3400
3300
3500
3300
5800
5400
5300
3100
3400
3100
3800
3100
3100
3200
3200
5800
3100
3600
3100
3400
3400
3200
2900
3000
2900
2800
3000
6200
3000
3500
3000
4600
3300
3300
4100
4300
4600
4100
3300
3300
5000
3400
4000
4600
3400
3200
3100
5300
3700
4400
3500
3500
3600
4300
4600
3600
4000
3500
6000
3500
3400
3500
4600
6100
6000
4400
3700
4200
5900
4900
11600
3600
5400
5100
3700
3800
3800
4000
3700
26000
6200
4600
3300
3100
5500
3100
3200
3300
3100
2900
3300
5000
3000
6400
5100
11800
3600
3300
3100
3100
3100
3000
3000
6600
3200
3700
3100
3700
3000
3000
3100
4500
3500
4000
3700
3400
3200
3300
3800
3400
4600
3700
3300
3200
3400
3300
7100
8200
8100
4000
4700
3700
3500
3500
3700
3500
3600
4000
3700
3700
3400
3500
3500
5900
3800
3800
3900
4200
8300
4200
3700
3700
3700
3600
4100
4500
3800
3600
6600
20100
3100
3300
5100
3000
3200
3000
4500
3500
3200
6500
4700
3100
3200
3100
3200
7400
3300
3100
4100
3100
3000
3100
3400
3600
3300
3400
3200
3000
2900
3100
2900
4300
3400
3400
3400
3200
3200
3200
3400
3300
4200
3600
3300
3300
3300
6000
3400
4900
4400
3700
3400
3700
3500
3800
3400
3500
3500
3600
4200
3600
3400
3400
3500
5600
3800
3700
4800
4000
5200
4000
3600
3600
3800
4000
3800
3700
3800
3600
4800
22200
3400
3000
5000
3000
3000
3100
4300
3300
3200
7800
4500
4300
3000
3100
3800
6800
3300
3000
3800
3200
3800
3400
3700
3700
3100
2900
3000
3200
2900
3000
2900
4900
3500
3400
3600
3700
3300
3300
3700
3500
3300
4100
3800
4000
3300
3400
4400
4900
4500
3500
3500
3800
3500
3800
3400
3500
3400
3500
3900
3500
3800
4100
3400
8200
3800
3700
3800
3800
5400
3800
3800
3700
3700
3800
3800
3600
3900
4700
4300
19600
3400
3100
4800
3100
2900
6400
4300
3200
3100
4500
4600
4400
3100
3100
3300
6700
3200
3100
3800
3200
3000
3200
3200
3400
2900
2900
3100
3100
2900
3000
2900
7500
3400
3300
3500
3200
3200
3300
3300
3600
3300
4200
3500
4100
3400
3500
3300
4500
3500
3400
3600
3600
3900
4100
3600
3600
4900
3600
3800
3500
3600
3600
3900
5500
4100
3900
4100
3800
5000
3800
3700
3600
3800
3900
3800
3800
3800
3800
3800
20400
6700
3100
4900
3000
3000
3200
4400
3400
4400
4500
5500
3100
3100
3200
4200
6800
3200
3100
3800
3100
2900
3000
3300
3400
3100
3200
3100
2900
3000
2900
3000
4500
3800
3500
3300
3200
4000
3600
3500
4700
3400
4300
3400
3900
4000
3500
3300
4600
3600
3500
3700
6600
3700
3600
3500
3600
4500
3700
3700
3500
3700
3500
3800
5100
5200
3800
3800
4000
3700
4600
4400
3900
3800
3900
3900
3800
3700
4000
3700
20100
3300
3100
5000
3000
3200
3200
4800
3200
3100
4400
6300
3000
3100
3100
5900
7800
3200
3400
3800
3800
3200
3400
3000
3600
3400
3500
3000
3100
2900
3300
3000
4800
3500
3300
3400
4000
3300
3300
3500
3400
3400
4400
3300
4200
3400
3600
3300
4600
3500
3500
3900
3700
3600
3800
3500
4000
5000
3900
3500
3500
3800
3900
3600
5300
8700
3900
3700
4100
3900
4300
4900
4000
3900
4100
5800
6100
4400
3800
3900
20700
3100
3100
3300
3200
4800
3100
3000
3300
3200
2900
3300
3000
3200
3000
3200
9600
3600
3200
3400
3100
3600
3300
3200
3800
3400
4300
4100
3200
6500
3200
3100
8100
4800
3500
3500
3700
3600
3400
3400
3400
3800
4400
3400
3600
3400
3400
3500
5500
5100
3600
4000
3600
6300
3900
5200
4000
4100
3800
3700
4000
3800
3600
3500
6000
5700
5600
4100
4200
4600
6700
4200
4100
5700
4200
3900
5600
4000
4000
4200
22000
3400
3300
3200
3300
3200
3300
5300
3300
3500
5100
5500
3200
3700
3700
3400
7500
3500
3300
3300
3100
5500
3200
3000
3100
3300
3200
3100
3100
3900
3300
3800
7400
5200
3400
3400
3600
3600
3400
3300
3300
3600
4300
3300
4000
3400
3500
3600
6300
5000
4300
3700
3600
5300
3600
5000
3700
3600
4100
3900
3700
3500
3600
3600
5800
6000
5700
4000
3900
4200
6900
4000
3900
3900
4000
3900
5600
4000
3800
4100
22400
3600
3300
3800
3500
3100
3200
5000
3200
3500
5000
5400
3300
3200
3800
3300
8300
3800
3400
3200
3100
3600
3000
3000
3100
3000
3200
3100
3100
3700
3400
3500
7700
3500
3400
3500
3500
3500
3400
3400
4400
3500
4600
4200
3400
4300
3400
3700
5200
5300
4000
4000
3600
5500
3600
5000
3800
3600
3700
3800
3700
3600
3500
3800
5400
5300
5600
3900
3900
4200
7400
4000
3900
3900
4000
4300
5500
3900
3700
4000
20400
3200
3200
3200
3700
3200
3300
5100
8400
5300
8100
4900
2900
2700
3600
2900
7600
3000
2900
3000
2700
3400
2800
3200
2800
3200
2800
2800
3100
3500
2900
3200
8000
4000
3100
3500
3100
3100
3100
3200
4500
3100
4600
4100
3100
4000
3500
3000
4500
4600
4100
3500
3200
3300
3400
3300
3500
3300
4700
3500
3300
3300
3400
3600
5100
5200
5300
3700
4000
3800
6500
3600
3500
3600
4100
3500
5500
3600
3500
3800
19700
3200
3700
2900
3200
2700
2800
4700
3400
2900
4600
4600
2800
2900
2900
2800
6900
3200
2900
2900
2800
3500
3300
3500
2900
3000
2900
2700
2700
3300
2900
3400
7300
3300
3300
3100
3300
3100
3000
3800
3800
3400
3900
4000
3100
3900
3300
3000
4400
4800
3400
3300
3400
3500
3400
3300
3600
4200
4900
3300
4100
3500
3500
3500
4800
5400
3600
3800
3600
9500
6400
5000
3700
4300
3600
3800
3700
3500
3600
3800
19600
2800
2900
2900
3100
2800
2800
4700
3200
4600
4800
4900
2800
3000
2900
5200
9600
3200
3000
2800
2800
4100
3400
2700
2700
2800
2800
2700
2700
3400
2800
3200
6000
3300
3000
3400
3100
3100
3100
3300
4000
3200
4100
4200
3100
3900
3200
3000
4300
4700
3500
3400
3800
3600
3400
3200
3300
3600
4500
3400
3300
3300
3400
3600
5800
6200
3800
3600
4400
6700
3600
6100
4800
3500
3600
4400
3700
3500
3500
4400
22500
6100
5700
4100
3000
2900
3900
3000
4300
2900
3900
2900
5700
2900
4700
2900
12400
3400
3900
3400
2900
3100
3000
2900
3000
4000
3000
3000
3100
2900
2900
2900
5400
3500
3200
3200
4900
3100
3300
3000
3100
3100
3300
3800
3000
3200
3200
4000
5300
3500
3600
4800
3400
3400
3600
3300
3400
4700
4500
3700
3400
4500
3700
3300
5400
6800
5100
5300
3900
3800
3900
3700
3800
4900
3600
3700
3800
3600
3900
3700
20700
3300
3000
3400
5100
3200
3100
3100
5000
3200
2800
2900
2900
3300
3000
3000
8600
3700
3100
2800
3500
2800
2800
2800
2800
3900
2900
3500
2800
7300
4300
3200
5100
3400
3900
3100
3100
3100
3200
3100
3100
3100
3300
3300
3100
3200
3300
3300
4700
3400
3500
4600
3400
3400
3600
3400
3700
4600
4400
3600
3300
4400
3500
3300
5200
5700
6400
5100
3800
3700
3600
3500
6300
5100
3800
3600
3600
3600
3800
3600
23400
3000
2900
2900
4800
3000
2900
2800
4900
3100
3300
2900
3000
3200
2900
2900
7100
3400
3100
3000
3400
2900
2800
2700
2800
3800
3000
2900
2800
3000
3000
3100
3500
3100
3900
3300
3300
3100
3200
3000
6000
4000
3300
3700
3000
3100
3400
4300
5300
3400
3500
5000
3400
3300
3400
3400
3400
4500
4300
3700
3400
4700
3500
3300
5100
3900
5000
5200
3800
3700
3500
3600
3700
4800
3600
3600
3600
3600
4000
3700
22600
3000
3000
3000
5000
3000
3100
3000
4600
3200
2800
3100
2900
3200
3500
3000
7500
3800
3200
2900
3900
3000
3100
3200
3600
3400
3000
2900
3000
3300
2800
3600
3700
3200
4500
3300
3200
3200
3200
3100
3100
4200
3300
3300
3400
3100
3200
6200
5600
3500
3600
3500
3400
3400
3300
3400
3200
3400
3500
3600
3300
3500
3700
3400
5100
3900
5100
5100
3700
3700
3900
3600
3800
5000
5300
3900
3600
3600
3700
3600
21700
3800
3400
2900
4600
5600
2900
2900
4700
3200
2900
2900
2900
3100
3100
3000
6900
3700
3100
4200
3600
3000
2900
2900
2800
3400
2800
2900
2800
3700
2900
3200
3800
3300
4200
3200
3200
3200
3500
3200
3200
4300
3400
3100
3300
3200
3100
3200
5600
3500
3500
3600
3500
3400
3300
3400
6200
3400
3400
3400
3300
3500
3400
3500
5300
3900
3700
5200
3800
3700
4000
3600
3700
5200
6000
3700
4000
5000
3900
3600
20400
3000
2900
3000
5200
3200
2900
2900
4600
3000
3300
2900
2900
5700
3000
2900
7300
4100
3100
2900
3600
3700
2900
2800
2900
3400
2900
3600
2800
3400
2700
3300
3800
3200
4100
3400
3100
3200
3200
3300
3200
4100
3400
3200
3100
3100
4700
3300
5900
3500
3700
3400
3400
3300
3600
3300
3500
3400
3500
3400
3300
3400
3600
3500
5000
3600
4200
7600
4000
3600
3600
3600
3800
5000
5200
3900
4300
5100
3600
3500
19300
3200
4800
5600
3000
3300
3100
3000
3100
4700
3000
2800
3200
4500
3000
3000
9300
3500
2900
3600
3000
3100
6700
3000
3400
3100
3200
3500
3100
3700
2900
3000
4400
3300
3300
3600
3700
3200
3200
3300
4700
3300
3300
3400
3100
3300
3200
3600
5800
3600
3700
3400
3500
3500
3600
3700
3400
3500
3300
4300
3400
3700
3400
5400
5400
4000
3800
3500
5800
8000
3700
4200
4000
3800
3700
3700
3900
5000
4000
3700
20200
3200
3100
3200
4800
3100
3000
2900
4900
3300
4000
3300
2900
3200
3000
2900
7400
3300
3100
3800
3300
2900
3600
2900
3900
2800
3100
3100
2800
2900
3000
3000
4100
3900
3200
3300
3100
6100
4500
3200
4300
3700
3300
3100
3300
3400
3200
3300
5900
3400
3400
3900
3500
3600
3400
3400
3600
3500
3300
3300
3300
3600
3500
4700
5200
3700
4100
3900
5100
4900
3900
3600
3800
3800
4000
3700
3700
5600
3600
3700
23700
3200
3200
3100
2900
2900
3000
2800
4900
3100
3100
3000
3000
3000
3100
3500
7500
3700
3100
3500
3200
3100
3300
3300
3600
2800
3000
3200
2800
2900
3000
2900
4500
3300
4700
3800
3300
3400
3100
3100
4000
3200
4000
4000
3500
3900
3200
3400
6500
3500
6200
3600
3400
3500
3800
3600
3400
3500
3400
3700
3500
3500
3300
4900
5600
3900
4000
3600
5000
6200
3800
3600
3900
3800
3700
3600
3900
4800
3700
3800
20800
3000
3000
3100
2900
3100
2900
2900
4700
3000
2900
2900
6000
2900
2900
2900
7600
3200
2900
3300
3300
3000
3300
2900
3700
2900
2900
2900
4200
3000
2900
2900
4400
3700
3100
4100
3200
3300
3300
3000
3900
3500
3100
3900
3600
3900
3100
3500
4400
3700
3600
3500
3400
3700
4000
3500
5000
3500
3600
3400
3400
3400
3500
3600
7800
3800
3900
3600
5000
5300
3700
4000
3700
3900
3900
3700
3600
4900
4200
3900
38400
6500
4300
3500
3200
3300
3400
3600
10100
3400
3400
4400
16600
13400
3900
3700
8100
3200
3400
4400
3100
3000
3400
5700
3600
3100
3100
3000
2900
8100
3100
2900
5100
3400
3100
4200
3800
3300
3200
3200
4100
3400
3400
4200
3600
4200
3200
3400
4600
3800
3700
3600
3500
3600
3500
3600
4900
3600
3800
3400
3400
3700
3700
3800
6700
3900
3700
3600
3900
3900
3800
3700
3800
3800
3800
3600
7100
3800
4000
5500
22800
3400
3300
3500
3000
3000
3000
3200
5100
3200
3800
3800
3200
2900
3000
3000
7500
3500
3100
3400
3300
3100
3200
3000
3400
2800
2900
2800
2800
2900
2900
3100
4900
3200
3000
4100
3300
3200
3100
3400
3900
3600
3300
4000
3600
7200
3300
3300
4500
3600
3500
3600
3500
3400
3800
3500
4800
3400
3500
3800
4900
3500
3500
6200
7200
3900
4200
3600
3700
3800
4000
3700
3700
3700
4000
3700
3600
3700
3900
5500
20900
3200
3200
2900
4800
8300
3100
3100
3300
3100
3200
3200
3200
4700
3100
3500
10600
3600
3200
4000
4000
3100
3100
3400
3700
3100
3700
3800
3200
3100
3000
3200
4600
4300
3400
3500
3200
3300
3200
3400
3500
3400
3300
3200
3500
3200
3400
4600
8000
4900
3600
3900
5100
3700
3600
5400
3800
3600
4900
4900
3700
4900
3900
3600
6000
4200
4200
3800
4200
3900
4000
5000
6300
4100
3900
5700
3900
4000
8700
4000
22300
3600
3200
3500
3300
6000
5300
3400
3400
5700
3500
4900
3000
3300
3200
3200
8300
3900
3200
3900
3200
3100
3000
3200
2900
3600
3000
3200
3000
2900
3500
4200
4400
4300
6400
3300
3200
3300
3400
3300
3200
3300
3200
3300
3300
3200
3300
4500
5000
4900
3500
3500
5000
3600
3700
5200
3800
3600
5000
4800
5000
4800
3600
3600
5600
4400
3900
4000
3800
3600
3800
6700
5600
3900
4000
5600
3800
3800
5900
3800
20900
3200
3400
3100
3200
5500
5200
3700
3300
6200
3200
3100
3400
3100
3200
3300
8400
3800
3000
3500
3200
3100
6000
3100
3100
3300
3100
3200
3100
3000
3400
3800
3900
3600
3400
4300
4500
3300
3300
3400
3300
3300
4400
4300
3600
3400
15000
4000
5600
4800
3800
3700
5000
3600
3800
5300
3600
4000
4800
4700
3500
8000
3600
3600
5800
4000
4000
3700
4000
3800
4100
3800
5600
3900
4500
5700
3800
3800
5700
3900
20700
3300
3200
3200
3400
5500
5200
3200
3200
6700
3200
4400
3100
3100
4100
3500
6800
5000
3300
4600
3700
3200
3300
2900
4000
3700
3000
4300
3100
3000
3600
5300
4800
3500
3400
5600
4500
4300
3400
3400
4200
3400
5400
4500
3600
4100
3200
3300
5300
6600
3600
6700
3600
3600
3600
4300
3500
3600
3700
3600
3500
3800
3600
5300
5400
4000
4100
3800
3800
3900
3800
3800
5500
4000
3900
5900
3900
3800
5400
4000
20400
3500
3200
6000
3200
5300
5100
3400
3200
5300
3400
3100
3100
3400
3300
3300
7800
3600
4700
3800
3200
3200
3200
3100
3300
3400
3000
3000
6000
3000
3700
3700
3900
3600
3300
4500
4400
3300
3200
3500
4000
3300
6100
4300
3300
3300
3200
3300
4600
5100
3700
4100
3600
3500
3700
4000
3600
3600
3500
3500
3800
3700
3600
5000
5100
8400
3800
3900
5500
4000
3900
5500
3800
3800
5500
5700
4000
5500
3900
3800
20900
3300
3300
3200
3300
7000
5300
3100
3300
5600
3300
3200
5800
3200
4400
3300
7400
3700
3400
3700
3200
3100
3500
3000
3100
3600
3400
3100
3100
3100
3600
3900
4000
3400
3400
4600
4300
3500
3300
3400
3300
3600
4900
4300
3400
3200
3500
3200
5200
5100
3700
3700
3700
3800
3500
4200
7000
3800
3600
3400
3700
3500
3600
16500
5700
6500
4800
4000
5400
3900
3800
5400
3700
5700
6000
5300
3700
5600
3800
3800
14400
3700
3400
3100
3200
4100
3100
3100
8500
3200
3100
5500
3700
3200
5400
3200
9900
3500
3100
3000
4100
3700
3100
3000
3100
3100
3200
3300
3000
3000
3200
3000
4200
3300
3400
3400
3700
4500
3400
3200
3600
3200
3400
3100
3200
3300
3300
3200
4700
7600
3700
3500
4600
3800
4400
4500
3400
3600
3400
4500
3400
3700
3600
3600
5500
4100
3800
3700
3700
3900
3600
3900
3800
4100
3800
3700
3800
5100
4100
5600
11700
3300
4700
3200
4500
5200
6100
3000
4600
3500
4700
3200
3200
3300
3000
3000
9100
3600
3200
3000
3200
2800
2900
3000
2800
3100
3500
3300
3200
3000
2900
2900
4200
3300
3400
3300
3300
3300
3300
3200
3300
3200
3400
3300
3400
3200
3300
3300
4500
4100
3600
3600
3400
3500
4400
4700
3400
6200
3300
4400
3400
3500
3400
3400
7000
3800
3900
3900
3700
3600
3600
4000
3800
3800
3700
3800
3600
4900
4400
5100
10600
3300
4700
3100
4400
4600
3700
2900
4600
2900
4400
5800
3000
3000
3200
3000
8300
3200
3100
3200
2900
2900
2900
3000
2800
3400
3100
2900
4700
3100
3600
2900
4000
3400
3300
3200
3700
3700
3600
3400
3200
3200
3500
3700
3200
3300
3300
3100
4700
4400
3600
3800
3400
3700
5600
4400
3400
3500
3300
4300
3400
4000
3600
3400
8100
3900
3900
3700
3700
3600
4000
4300
3800
3900
3700
3700
3600
4900
3800
5900
11400
4100
5100
3100
4400
4600
3100
3100
4400
3000
5100
3000
2900
3000
3000
3100
8400
3200
4700
3300
3100
6200
2900
3100
2900
3500
4000
2900
3400
3100
3200
3700
4100
3400
3200
3500
4100
4400
3500
3500
3300
3500
3200
4100
3300
3300
3400
3400
4400
3800
3500
3600
3600
3800
3500
3700
4000
3500
3600
3400
3700
3400
3500
3400
6200
3800
3700
3900
3700
3700
3600
3700
3900
3800
3900
3700
3600
4800
3800
4900
10800
3100
4400
3100
4300
4500
3100
2900
4800
2900
4400
3200
3100
3000
3000
3100
8000
3300
3100
3300
3100
3300
3000
3300
2800
2900
3300
3100
2900
3000
3000
5800
5200
3600
3400
3200
4000
4200
3500
3500
3400
3300
3200
3900
3400
3200
3400
3800
4600
3700
3500
3600
3600
3700
3600
3500
4100
3700
3500
3300
3500
3900
3500
3500
4700
4900
3800
3800
4100
3700
4900
4900
3600
3700
3600
5500
3700
6700
3900
3700
10900
3100
4400
3100
4400
4400
3000
3100
4500
3000
4600
3100
3000
3200
3000
3000
6900
4100
4800
3300
3100
3200
2900
3100
2900
3200
3600
2900
3200
3000
3100
2900
3900
3400
3300
3400
11600
7400
3400
3400
3400
3200
3300
4300
3600
3300
3300
3200
5100
3600
3500
3600
3700
3600
3600
3900
3600
3500
3600
3500
3500
3400
3600
3700
5000
5100
4100
3700
3600
4000
5200
5000
3900
3800
3700
5100
3700
3900
3700
3800
13100
3400
3100
3000
3200
3000
3000
3200
3100
3000
3500
3000
3200
4600
3200
4800
