1638500
27800
27500
66300
28000
132500
39600
27700
20500
20300
18900
21600
24000
19200
21300
24900
37500
66000
31900
26600
22100
24000
30100
38800
40000
45800
35800
25800
25800
25100
40000
33500
49700
36800
28200
28400
30700
27100
28500
27800
27900
29200
70100
40900
29000
63400
29600
32800
82700
81600
115700
36500
60900
26600
19300
76600
34300
34500
29200
27600
25700
27300
27700
25800
71200
29000
27300
29200
65300
31000
61400
68300
57200
31000
25400
50600
32100
62400
74000
34200
25300
17000
15400
15600
15400
16200
18800
26900
38700
20000
16700
15400
18100
14900
14500
15800
35600
21800
19000
17000
17500
26900
49600
34200
30600
32900
30600
20100
18900
19300
29100
21100
38600
25100
19200
18500
18700
20700
19300
17000
31900
25900
20200
21700
19800
37700
22400
50100
30100
18700
14200
19900
46600
17400
14800
14300
13900
15600
13700
13600
13000
16200
13800
14600
23300
14800
13700
15100
25900
15100
26500
33500
24300
20000
14900
25600
15600
29300
28700
17600
9600
8300
12200
7700
7700
7300
8800
15600
14000
8600
10700
8100
7400
8100
7500
7200
13700
11400
9100
9100
8500
23500
20500
10600
17900
13000
13500
14900
14200
13700
16300
19300
24500
21600
17300
16700
16300
17200
17500
17600
17000
16300
41300
22700
21300
43800
31800
20400
32900
23400
20200
20000
43800
21500
21700
19600
19900
23800
21800
22300
20700
20600
20100
20100
36000
22400
21900
32700
36200
23500
47500
38100
31100
27600
22900
33700
23500
33900
36300
24700
14300
11800
11400
11000
12000
14000
14300
18900
14300
13200
12500
13200
10900
10800
14500
16300
17500
17400
15600
14600
14300
21100
22000
15500
13500
12700
12200
12000
13500
12700
17100
13900
26900
18000
15600
17000
17500
16000
15200
20900
19500
20200
19800
15400
14200
15900
19600
15400
26300
22000
17900
16300
25600
17700
17000
16800
17300
18500
17700
18700
19100
20200
17600
19500
34800
21800
19700
20200
33400
20400
36700
29900
28200
23300
20100
30100
52800
24400
25600
14600
23000
9600
7500
7100
6500
7000
9300
9700
10000
7200
7800
6600
6700
9300
6800
16000
17400
11100
7600
7500
7900
13500
16000
9900
8800
8100
7500
8000
7400
8100
7900
7700
18900
10900
10300
11200
8400
8200
8200
90200
20000
14900
13900
9000
8600
9300
14800
10000
14000
12000
13000
9100
9100
9700
8700
9300
9800
14800
10200
12000
9700
26800
10900
12200
14100
10600
10900
12600
27600
12700
20600
21500
19600
14600
11700
20400
12400
24800
24600
12900
7400
7500
6000
7100
8600
6900
9100
13200
11100
6600
7700
6100
7200
1805300
28400
7800
6900
5400
7000
4900
5000
32800
24500
6200
12300
7700
4800
8900
18300
8300
5300
5100
16400
6000
5500
5400
5400
24900
10900
13000
11100
16700
10000
6100
5500
6000
9700
10400
8900
10500
5900
6900
6100
5900
6000
6200
6200
7400
6100
6300
6000
11500
13500
6100
9800
6200
6000
6400
12400
6100
6300
6000
6400
6600
7100
6400
6500
6800
6100
6500
36900
19400
20300
18000
19400
18700
17700
17300
18300
16900
16900
18300
17400
19600
21700
16700
30400
18300
24400
17500
17800
18700
9800
9100
8200
8100
8300
8800
8300
8500
8300
9000
11700
9200
8600
9800
9000
9200
8700
12800
8900
9000
8800
10200
12000
9200
9000
8700
14900
9700
9500
9400
11000
9500
8700
9400
9400
10500
14900
9500
9900
10600
11500
9500
154500
8500
6700
6000
5900
6400
6400
11900
10700
11600
6200
5800
5600
12300
11100
6200
11800
9400
7700
7500
7400
7200
8700
7500
9600
7700
8700
8500
8300
11000
7700
7500
12300
10100
8000
8100
8700
8000
8000
7800
8100
15700
8200
7700
7700
8300
8100
8100
10600
11700
8200
8300
8300
8400
9200
12000
8500
8700
9200
8600
12100
8900
8500
8600
11900
8100
8900
9100
8900
9000
9800
8800
8900
8800
13900
9300
9300
8800
12300
30400
145000
6200
5800
5400
5300
5300
5300
20900
9200
10500
5500
6000
5300
9300
9400
5500
11400
11300
9700
6900
6700
7200
7100
7000
7500
7300
7800
7900
8000
7200
6500
7600
8700
7800
9800
7800
9600
7900
7700
8200
7700
7700
7900
9800
7600
9600
8200
7900
16000
8400
8100
8100
8600
8100
7600
10900
8300
8000
19800
8300
22200
9100
8500
8800
11800
9500
9300
9500
9300
9800
9800
10300
10400
9100
14200
9700
9800
10200
9800
14500
52500
14700
5900
5800
5400
5600
5400
10000
9600
16200
5700
6000
8700
10400
9500
5400
10700
8700
7500
7200
7800
7700
6700
7400
52700
8000
9000
9000
8900
8400
10400
8200
10500
9100
35200
8500
10800
7700
8100
8100
7900
8000
8000
8100
7900
11000
8200
8400
15900
8900
8200
8600
8600
15100
7800
7300
8400
8600
8600
8300
8400
8500
8500
8100
11100
15400
9600
12300
9400
9300
9600
9100
10300
10000
13600
9100
9900
9300
9200
11100
43300
5700
5700
5900
5600
5600
7900
10400
10600
10000
5500
5600
5500
15200
10300
5600
10000
8200
7700
7200
8200
15000
7200
8400
7500
6900
8500
7700
8000
7100
7700
7300
8400
7700
9600
7200
9300
7400
7300
7900
7200
11700
7600
7900
7500
9200
8200
7600
15200
8300
8000
8300
8100
8600
8200
7600
8000
8100
8100
10000
8800
7900
8100
10100
12600
9900
8600
9700
8700
8600
8800
12800
9900
8300
8100
7600
20500
14400
9000
9000
42500
5000
5300
5100
5000
7200
5700
13200
9200
9400
4900
6100
5400
9200
10700
5200
9400
9500
6600
6900
6500
16400
6900
7200
9000
6900
7800
9300
8700
8200
6900
7700
9800
7600
11500
7700
11100
7500
7200
8700
7600
8100
7800
9000
7500
10900
8600
8300
14800
11300
8000
8200
9000
8100
8000
8100
8900
17900
8800
8000
9500
8100
7900
8200
12600
8700
9000
10200
8700
8500
8600
14800
9900
8700
8400
14900
11900
8100
8500
8900
37900
5100
4400
9900
6200
3100
2800
4200
3600
3200
6900
3100
5600
2900
3000
2800
35700
11800
5500
5000
5200
4900
4800
5200
8400
4800
12800
6600
4800
4700
4800
6500
7700
5200
5000
7600
5200
4900
5400
5300
9300
5100
6100
7300
5400
5000
5100
5500
8800
9200
8100
25500
6300
11800
8000
5800
5600
5300
8000
5400
7900
5400
5300
8500
10000
6000
5900
5100
5400
9800
11100
6000
13000
5900
5700
7000
10100
6000
6200
5900
37800
4900
9500
5200
4800
4500
4000
4600
4700
5100
4600
5200
5000
4900
4700
4800
20700
5800
5800
5100
5200
4000
4400
221200
10400
7000
4600
4700
5400
4600
4400
14100
9900
5300
5100
9300
11000
5200
5000
5100
8700
5000
5100
7100
5500
5000
5200
4900
7600
5200
19400
8300
5700
8300
8800
5600
5600
5500
7700
5400
22400
6400
5500
5400
9300
5800
5600
5800
6300
9600
14900
6400
6100
6200
6100
9300
10200
5800
6200
6200
37000
5300
9300
5100
4600
5500
4800
4900
4500
4700
4900
4600
4500
4500
4500
4800
7300
6100
5300
4700
5600
4500
5300
5400
6300
4600
4600
4500
4700
4900
4500
6000
6200
5100
5000
4900
10200
5300
5000
5000
5400
5100
7200
7500
5200
4900
5200
17500
8200
5500
8700
8600
5900
7900
7700
5900
5400
5200
7900
5500
8500
5100
6300
5500
8300
5700
5700
6000
6000
9900
15600
6400
5700
5900
6000
6300
10700
5700
6000
6000
35500
5800
9200
4800
5100
4800
4700
4200
4500
4700
4800
4700
4800
4700
4800
7900
8000
6100
5800
4000
5400
25000
4800
17700
5200
4600
4500
4500
4600
4900
4500
5700
13000
5200
5200
5500
6200
5300
5400
5700
5800
5300
9300
8600
5200
4800
4900
9700
7100
5300
5300
8700
5800
5200
5600
5600
8100
5400
5400
8500
5500
5100
5500
5800
14800
6000
5900
9200
6100
9700
9900
6200
6000
5900
6300
6300
10800
5600
6100
6000
35200
4900
9000
5000
4800
4900
4900
4800
4400
5900
4700
5000
5300
4500
4700
4800
8000
5800
5400
4500
5300
4800
4600
5400
4900
8800
4700
5200
4500
4600
4600
5300
6000
5000
5000
5500
5900
5100
5400
5600
5200
5600
7300
7600
5200
4800
5300
6800
7300
6000
5600
8200
5900
5500
5500
5300
15400
5500
5400
20300
5800
5700
5800
5500
8800
6000
9400
17600
6400
12500
9000
5800
5700
5700
8900
6000
8700
6100
6400
5600
35700
5000
13500
5300
4900
4800
5200
4500
4900
5100
4700
4900
4800
5100
4900
5000
8000
5400
4700
4500
5000
4400
4400
5000
11000
4400
4500
4800
4500
5100
4700
4900
7300
5200
5100
5000
4900
4900
4900
5000
5200
5200
6700
8900
5100
6400
5400
7300
7600
6100
5700
9000
6300
5700
5800
5800
11100
6000
6100
20200
5800
5600
5900
5900
50300
8200
9500
12500
4300
5900
5500
6200
3900
3800
5600
4000
9500
4100
3900
4100
22200
3000
3100
2900
2800
5800
5000
2900
2800
2900
3100
3000
5200
2900
3300
2900
7300
7900
3100
3400
3000
3100
2900
3200
2900
2800
23900
3000
2800
3300
3600
3000
4500
3200
3300
3000
4700
3100
3000
4100
3500
5400
3100
3500
4400
3100
3100
3100
45800
14200
8000
6700
6600
6900
6600
6800
8200
8400
6900
6600
8600
7100
6600
7600
16800
8300
10000
8300
9700
8300
7800
8000
8100
8100
8300
8100
9400
10000
10000
8200
28200
8800
11000
11700
8600
11000
8600
8900
8300
8600
14900
8800
8600
8300
8400
11400
15600
4400
5500
4400
4000
5000
3900
4700
4000
3900
4000
4100
3900
4000
19000
7700
7100
5500
5400
5400
6700
5300
5200
6600
5300
29000
6200
5500
14600
5600
5200
5500
12500
6600
6800
6400
6700
6800
6400
6800
14700
10000
7100
6700
6500
8700
7500
6800
14700
8100
13000
8100
13800
8300
7700
7900
7800
8200
7700
8000
10800
11900
13100
8100
32300
9500
15200
17300
13500
16900
4700
8700
3800
3400
9800
3100
5500
3300
3000
9900
12800
3300
3000
3000
3300
4500
2900
2900
3200
2800
2800
2900
3100
3100
8600
2900
7700
4300
3600
4600
3300
5100
3600
4100
3500
3200
4200
3300
3200
3200
4100
3600
10500
3900
3700
3400
3500
3800
8800
3600
4700
4700
3800
3500
3500
3600
3300
3800
6900
3800
6100
4100
5600
3800
4000
3900
3900
3600
3800
3500
4800
5400
5900
4100
25100
3200
6100
6200
3900
6900
3500
3000
3600
4200
6000
3100
3300
4300
2900
6400
7300
3200
3700
3000
3100
8000
3000
2800
2900
2800
3700
2800
2900
2900
4200
3100
3800
6900
3300
9500
3200
3200
3200
4900
3400
3100
4400
3200
3100
3200
4100
3500
4600
3400
3500
3500
4700
3800
3300
4800
3500
5200
3500
3400
4800
3500
3400
3400
7000
3800
5200
3700
5600
3700
3700
4200
3600
6000
5200
11000
8800
9000
7500
4200
21400
3300
5100
5500
3100
5300
3500
2900
2900
4200
8200
4700
4700
4400
3100
5000
8900
5700
5500
5200
5400
15300
5200
5000
5400
5400
4800
5300
4700
3700
4100
3100
3800
4500
3300
4100
3400
3400
3100
4100
3400
3200
4100
3400
3100
3200
4300
3200
4700
3600
3500
3500
5000
3700
3400
4900
3600
5000
3700
3500
5000
3500
3400
3700
11900
8600
6400
4400
3500
3400
3300
3600
5000
5200
3600
3800
3300
3400
3800
3400
22500
2900
4800
5100
2700
4800
2700
2700
2800
3000
4700
6800
2600
2700
2800
4800
5500
3100
3700
2600
2700
4000
3900
2500
2700
2600
2800
2500
2600
2500
4200
2600
3200
8800
3000
4500
2900
2800
2800
4100
2900
3000
3800
2900
3100
2700
3700
3100
8100
3100
3200
3000
4400
3000
3100
4600
3100
4500
3100
3000
4600
3100
3000
3400
7200
3400
3500
3300
3500
3300
3300
5000
4500
5100
3700
3300
3300
3400
3600
3600
24200
2700
5200
2900
4700
2700
3400
2600
2900
2600
2900
2500
4400
4400
4900
2800
8000
4100
3000
2900
2800
2800
2700
4500
2800
2700
2900
2700
2700
2600
3600
3900
4300
4200
3800
4400
8500
3400
3000
3000
3200
4700
2900
2800
3000
3100
4000
3200
4700
4600
3500
3300
3300
3200
3300
3100
3200
3300
3300
3200
4700
3300
4700
3300
5500
3600
5300
5500
5500
5300
3500
3400
3500
3900
3400
3500
10000
4200
3700
3500
20900
3100
2900
3200
5600
4400
2900
2700
3000
2800
3000
2900
2800
2800
5000
5300
6900
3000
3000
3500
2800
2600
2800
2700
2700
3300
3200
2600
3300
3600
3400
3200
7000
3100
3000
4000
4300
3000
3000
3000
2900
4400
3400
2900
2900
3100
4200
3100
7400
4500
3500
3200
3200
3300
3800
3100
3100
3700
3400
3600
4600
3300
4700
3200
5100
3600
5300
4500
6000
7700
4000
3500
3300
3700
3300
3400
5200
3500
3400
3600
23600
3100
2700
2600
4800
2900
3200
2700
2900
2600
2900
2600
2800
2700
4800
5300
7200
2900
2800
3500
2900
2500
2700
2700
2600
3400
2800
2600
6400
3200
3200
3600
3800
3200
2900
3000
2800
3200
3100
3900
4400
3000
3000
3100
3000
2900
4200
4000
4800
4400
3400
3300
3100
3400
3400
3100
3100
3200
3500
3100
4500
3200
5200
3100
5000
3600
7500
3600
5000
4800
3500
3300
3400
3400
3800
3500
5100
3500
3400
3700
20600
3000
2600
2700
4700
2900
2700
2700
2600
2900
2900
2600
2800
2700
4700
4800
7000
3000
2800
3100
5500
2700
2700
2800
2500
3300
2600
2600
3200
3100
3100
3200
3600
3200
2900
3000
2900
3200
2900
4200
3200
2900
4300
3000
3200
2800
4100
4400
4200
3200
3400
4600
4600
3600
3700
3100
3200
3300
3000
3000
3100
3400
4800
3400
9000
3600
4900
3500
5100
5100
3500
3300
3400
4700
3600
3400
5000
3400
3400
3700
20900
3100
2900
2700
4900
2900
2700
2800
2700
2900
2900
2700
3100
2700
4700
8900
5600
3000
2800
3300
3100
2700
2700
2800
2600
3500
3000
2700
3400
3300
3300
3300
3400
3300
3000
3100
2900
3100
3000
4500
3400
2900
3100
3100
3100
3100
4500
4300
4400
3400
3200
4700
4800
3300
3300
5300
3400
3100
3200
3100
7400
3200
7400
3300
4900
5400
4000
3800
3500
3500
3700
3300
3500
3500
3600
3400
5200
3500
5400
3600
19700
3100
2800
2900
5300
2900
2700
3200
3800
3700
3900
3100
6700
2800
4900
5000
5700
3400
2800
3700
3500
2700
2700
2800
2600
3500
2800
2600
3700
3200
3300
3300
3500
3100
3000
3000
2900
3700
3100
4100
3400
2900
3100
3000
3000
3100
4300
4000
4200
3500
3400
4800
8700
3400
3200
3500
3200
3100
3200
3400
3700
3200
4900
3300
4700
5300
3600
3600
3400
3700
3400
3500
3400
3600
3500
3500
5600
3700
5400
3500
18500
3000
4800
2800
4800
9200
3200
2800
2900
2700
2800
2700
4800
2900
2800
2800
8300
2900
3000
2700
4000
2900
2800
3900
3000
2800
3300
4100
2800
2700
2600
2800
5000
3200
2900
3100
3000
4200
4400
3300
4100
2900
2900
3100
3000
3100
4000
3000
8800
3400
3400
3300
3200
3300
3200
4600
3300
3300
6600
3400
3200
3800
4800
3300
7100
3700
5600
5200
3900
3900
3500
3600
5300
3700
3500
3700
3500
3800
3500
3500
22500
5300
6300
3100
3100
3200
3000
3000
3000
3000
3000
5000
3200
3500
2900
2700
7100
2900
2900
2800
2700
2800
3100
2800
3100
3200
2800
3900
3500
3000
2800
2700
4900
3700
3000
3100
3200
3800
2900
3300
3800
3000
7400
3100
2900
3100
3900
3000
6800
3400
3200
3300
3600
3200
3300
4600
3200
3200
5100
4800
3300
3200
3100
3400
7100
3800
5400
5200
3600
3900
3400
5000
5100
3500
3400
3400
6300
3500
3400
3800
19600
5000
6100
2800
4700
4000
3900
4100
4000
4100
4100
8300
4300
5600
3900
4600
12000
5000
4500
4300
3900
4400
5100
4600
4300
5100
4100
5000
4200
4700
4500
3800
5700
4700
5800
5700
16100
5600
5200
5700
5400
4900
7200
6600
5500
5300
5100
7000
10900
6000
5700
6500
6200
6000
6000
7700
6200
6000
8700
6000
5900
5900
5800
5900
11400
6300
9400
12100
6200
7400
6100
12700
9500
6300
28300
8700
10800
7500
7300
7200
67500
11700
15100
6000
8300
5200
5100
5300
5000
4700
5000
9300
5300
4800
4900
5600
9500
5400
4700
4900
4900
4700
5800
5200
4600
5400
4700
5500
5000
5400
12400
4700
6200
5800
6600
5500
7400
5700
5200
5200
5300
5200
7000
7200
5400
5100
5600
5000
9800
6300
5800
5900
5700
8700
5500
6100
7700
5700
5400
5600
5700
6100
7800
5900
12500
6200
10500
16000
7400
7200
6300
6700
9200
6500
6500
6600
162600
7700
4600
4400
24500
6500
6500
3500
3200
3000
4800
3100
2900
2700
3100
5100
3000
3100
3000
21300
14200
5200
4800
4800
4800
4900
14300
5000
4700
6000
4700
5600
4600
5600
4500
6200
6500
5200
5000
5100
7200
5200
5100
4900
5300
4800
8400
6900
5100
5000
4900
5100
9700
5800
5600
5900
5700
8300
5500
5900
8100
5700
6200
5600
5700
10200
8100
5500
13600
7500
6300
6400
6300
8900
6400
11300
6300
8400
9900
8300
6300
5800
6600
6200
38900
10500
11900
11500
5300
5200
5200
5000
5000
5400
4800
9400
5100
5500
5100
5000
9200
5000
4800
4800
4500
4500
5700
4600
4500
12800
4700
5800
4700
5600
4600
4500
6400
5200
5100
5200
7200
5300
5500
5600
5100
5300
7100
7000
5600
5200
5100
5100
10200
5700
5500
10800
5800
9300
5600
5800
8300
5700
5600
6000
5700
5700
7800
5700
12200
6300
6400
6200
5800
6600
6200
8900
6400
6300
9100
6500
5800
6300
8200
6600
43200
5100
15900
9100
5200
5900
4800
5100
9500
4800
5200
5000
4900
4800
5800
4600
12900
5200
5000
4800
7000
5000
4800
4900
6100
5000
5000
4700
5900
5100
4900
4800
6900
5600
5500
5200
5400
5300
5400
5400
5100
5200
5300
7100
8400
7100
6800
12400
11300
6000
5900
5700
5900
5900
5800
8900
8400
5600
5700
5700
6200
8700
6500
5700
9400
6400
9400
6700
10800
6400
6500
9500
6400
6200
9900
6400
6500
9400
10600
9500
37000
5400
5200
5200
9200
5400
7300
4800
5500
9200
5100
5200
5200
5100
9200
6200
10700
5200
5000
6300
5200
5600
5300
4900
4800
5400
4700
5400
4700
7000
5100
4500
7000
4900
5300
5900
11000
5200
4700
5300
5100
5300
5100
6500
5300
6700
6500
6600
10300
5900
5500
5600
5600
6000
5600
8100
9800
5300
5600
5700
5500
8300
5600
5700
9600
6200
8800
6200
10100
6000
6000
14900
6400
6300
8900
6700
5400
8200
5900
8500
37300
5300
5200
5300
10400
6600
6000
5500
5300
10600
6200
5000
5200
5200
9300
5300
8900
7800
4600
5700
4900
6100
4900
4700
4700
5900
4900
5800
5000
5600
4400
4500
5500
4400
4700
14100
6500
5300
4700
4700
7000
4700
4600
4800
6700
5300
4700
4500
9800
5300
5400
5100
5300
5400
5600
7700
7900
5600
6000
5400
5600
7900
5500
5700
9100
6200
15800
6200
12600
6300
5900
9100
6000
6200
8900
6300
6000
9200
6100
9000
20700
4800
4200
4700
8600
5100
4800
4800
4900
9900
4900
4900
4900
5100
16000
5800
7200
4600
4700
5900
4700
5400
4600
4700
4400
4400
5400
5800
4700
5500
4900
4400
5800
5100
4800
4800
6700
5000
4700
5100
9100
4800
4900
5000
6800
5200
4900
4500
6900
5200
5400
5600
5100
5000
5700
5300
5500
5000
5300
26900
6000
7800
15600
8900
9100
5700
8700
6000
10300
6200
5900
9100
6100
5800
9000
6100
6400
9100
6100
9500
20900
5300
5900
4800
20300
5300
5300
12000
4800
9300
5000
5300
5500
5400
9200
5500
10300
4900
4800
5900
4600
5800
4800
4800
4700
4400
4700
5600
4400
5300
4700
4700
6100
5000
5200
5000
7100
5100
5000
5100
7300
5200
5400
5100
7000
5600
4900
6000
7700
5700
12700
5600
5500
5500
5500
5600
8500
5700
5800
8200
5700
8000
8100
7900
13000
6400
6000
6300
6100
5500
5800
9300
9100
6500
7300
6100
6100
9000
6400
6300
27200
5500
5000
5200
8600
5800
5400
5000
4900
8800
5100
4800
4800
5400
8800
5400
9100
5100
3900
5600
7800
5200
4600
4500
4700
4500
4500
5300
4600
5200
4400
4400
6100
5000
5100
5200
6000
5000
5000
5100
6400
6300
4700
4900
13200
5300
5100
5400
6800
6000
5700
5600
5500
6200
5400
5500
5400
5600
5600
7800
8000
7800
7700
7900
11800
6300
6400
6900
6100
6100
6100
9700
9500
8700
5600
6800
6300
8900
6400
6300
25800
4800
8400
5700
10600
5000
5400
8600
4700
4900
8000
4900
4800
8600
5100
8100
26500
3400
3100
3000
2900
3400
3000
3900
3000
2900
2800
2900
2800
3200
2800
3400
11500
3400
3300
16400
9100
5600
5600
5200
6400
45600
28000
6700
6100
5900
4400
4400
31800
6800
10300
6300
34200
18500
6100
8300
9900
5200
7400
6700
5500
5700
3600
6700
9600
5800
5900
8700
5900
5000
5100
5700
15200
5500
6000
9400
5600
5400
8900
6600
21700
5700
4500
4500
4700
6800
3900
6600
4400
4900
6000
7600
7100
5000
5400
5700
14400
5000
4900
4300
7300
4300
4500
4500
4500
4400
11600
3800
3800
4500
5300
4000
7600
4700
5100
7200
5600
4400
7900
5000
8900
5000
5300
5300
7900
5300
5800
4800
9000
5700
5500
5300
4700
4500
5900
28700
6600
5000
5300
5900
5400
5400
5100
7900
9500
5400
6300
14500
20400
33900
5800
5900
7300
6000
226200
54700
5200
6100
5800
6300
20800
4900
4600
4900
5200
7000
3900
5700
4700
4300
4500
7900
6500
4200
3800
3800
13100
5100
5100
4500
4500
4700
4400
5100
4500
4700
4700
4700
4600
4400
5700
4600
5200
5300
4900
5000
5200
5600
5000
5900
5400
7700
6100
4900
3500
3200
3100
3300
5900
4100
3400
3300
3300
3300
3200
5100
4300
3200
3200
3400
3300
3300
3300
4900
10300
3900
3600
5000
3700
3500
3500
3800
4600
3800
3500
4700
3700
3500
3800
3700
12800
3100
3100
3300
3100
4400
2900
4200
3200
2900
2800
9200
4400
3500
3100
3200
9000
3000
3200
3000
2900
3000
2900
2900
2700
2900
2800
2800
3300
2700
3400
4800
3800
3200
3600
3100
3000
3000
3100
3900
3200
3000
3300
3000
3100
3100
3000
3100
4900
3500
3500
3500
4100
3600
3400
3200
4600
4200
4200
8400
4800
3400
3300
3500
5400
3600
3600
4500
3700
3500
3500
3900
4700
3800
3500
4700
3600
3500
4000
3700
11800
3000
2900
3200
5400
4500
3100
4200
7100
2800
2800
4900
4200
3000
3000
3100
8800
3000
3300
3300
2900
2800
2800
4900
3000
2800
2700
2800
3000
10200
4000
3100
3800
3100
3200
3000
3300
3700
3000
3900
3200
3100
3000
3100
3200
3200
3000
3100
4900
3500
3300
3200
4100
3300
3400
3400
4100
8500
4300
4000
4500
3500
3500
3400
6100
3800
3600
3700
3700
3700
3600
4800
4800
3600
3700
3700
3700
3500
5100
5600
12400
3000
3100
3200
2900
8300
5100
4600
3000
3100
2800
4900
6300
3100
3100
3200
8400
4000
3700
3500
3600
3000
3000
2700
2700
2800
2800
3000
2800
2700
3500
2900
3600
3100
3200
3000
3000
3000
3400
4000
3200
3600
3100
3100
3100
3200
3000
3100
4800
7500
3400
3200
6500
3500
3400
3300
4300
4300
4200
4100
4500
3500
3500
3600
6200
3800
3600
3800
3600
3600
3800
4800
4900
3600
3600
3500
3900
3600
3700
6000
15400
3500
3000
4500
3600
3000
2800
3100
4300
3100
2800
4800
3300
2800
3000
4100
9900
3600
3100
3300
3300
4200
3200
3500
2900
2800
4200
4600
3000
3100
4100
3000
5200
3400
3300
3200
7700
3300
3300
3300
3300
3200
3200
3200
3200
3300
3200
3700
5000
4600
3500
3400
4200
3400
3300
4000
3400
3600
4200
3300
3500
3500
3300
4100
5500
3900
3800
4000
4700
3800
3600
6000
4900
9700
3800
3700
3900
3700
5200
3800
11400
3400
3200
3300
2900
3100
3200
2900
2900
4400
3100
2900
4900
3000
2900
4600
8800
5000
3100
3100
3200
3600
3000
3500
3200
3100
3100
2900
3200
2900
2800
3400
8600
3300
3500
3100
3100
3200
16500
3300
3300
3400
3400
3200
3200
3100
3100
3300
11600
9200
3600
3300
4300
3300
3300
3600
3500
3400
4400
3300
3200
3300
3200
4100
5800
3600
4200
3600
4600
3900
3400
8900
6500
4600
3800
3500
3500
3500
4500
3800
11000
3200
2800
2800
2900
2800
2800
2800
2700
5500
3000
2900
4900
2600
2800
4200
15200
3300
3100
3200
2900
3000
2900
2800
3000
2700
3100
2800
2800
7100
2900
3500
3500
3800
3200
3900
3500
4000
3600
3100
3300
3000
3500
3200
3300
3300
3400
3100
4800
4100
3300
3300
4100
3300
3200
3800
3500
3300
5600
3400
3100
3400
3200
4100
5400
3500
3700
3700
8500
3500
3400
4500
4500
4500
3900
3500
3700
3400
4400
3600
12000
2900
2800
2800
2800
2700
2900
2600
2700
4300
3000
2600
4400
2900
2800
5800
8500
3500
3000
3100
2900
7700
3000
2900
2900
3100
3900
3800
2900
2900
2800
2900
3600
4000
3300
4000
3700
3400
3500
3000
3200
3100
3100
3100
3800
3600
5300
3100
4400
3500
4000
3900
3300
3300
3600
3700
3200
3400
3400
3300
3200
3500
3200
3400
9600
3600
3600
3700
4400
3700
3500
4500
4600
4300
3700
3500
3400
3500
4300
3700
10100
3200
2700
2700
2900
3200
3100
3300
3200
4900
3400
3300
5100
3300
3400
9300
9500
4600
3100
3200
2900
3400
3200
2900
2800
2900
3200
2800
4400
3100
2800
2900
3500
3900
3300
4000
3700
3300
3900
4400
3200
3800
3200
3100
4100
3600
8400
3200
4500
3500
3300
3400
3300
3400
3500
3600
3300
3500
3400
3500
3300
3500
3200
3400
4900
4700
3800
3700
4700
3600
3500
3600
3600
3500
4600
3500
3600
3600
3500
4500
15100
2900
3200
2800
2600
2600
2700
2600
2600
4400
2700
2600
4400
3000
2800
4100
7100
3300
3200
3000
3000
3500
2900
2900
2900
3000
2900
4200
3100
2800
3000
2800
4000
3900
3200
3900
3700
3200
3700
3200
7700
4000
3000
3000
3600
7900
3800
3100
8700
4100
3400
3400
3500
3300
3300
4100
3200
3300
3300
3200
3300
3200
3100
3200
6100
4800
3600
3700
4700
3800
3700
3400
3700
3800
4400
3800
3500
3600
3800
4300
14100
2800
2900
3000
4000
2800
2800
4100
4800
4200
3000
3000
2700
2800
4000
3000
12400
3800
3200
3900
3500
3800
3300
3000
3400
3300
3200
2900
3200
3200
3000
2900
4500
3300
3400
3300
3200
3100
8500
3300
3900
4400
4500
4300
4700
4400
4600
4300
7300
5200
4800
4800
31100
5000
5100
5200
7200
6800
25900
6400
3800
4300
4400
3600
6000
3900
4500
6300
5800
6900
5700
6400
4700
5600
5600
7500
12000
6000
5200
7900
29100
5300
4300
13000
30600
6700
7400
5200
4700
6900
6900
6200
4500
4800
4600
4900
11700
5400
5200
5800
5400
4800
4900
4600
4700
4600
4500
4400
4700
4600
4500
4600
6900
5500
5000
11500
5100
5000
6100
5100
5700
5200
5000
4700
4900
5300
4900
5200
8300
5700
5600
5500
5500
5600
5800
5700
7300
6500
8600
5300
5800
6700
9600
5600
9600
6300
6500
5900
8600
8100
6100
5800
35300
237400
9800
57700
6500
6400
7400
12300
27700
5200
4600
4800
4800
4500
18400
12700
5800
8000
4800
5100
4900
4900
4600
4800
13700
4900
4700
5400
5200
4700
4700
4900
4900
4600
4700
4600
4600
6800
18500
7000
8200
15600
5500
5400
5600
5300
5700
5600
5300
6100
5900
5700
5500
6300
5400
5400
8800
6100
6300
6800
6100
6500
6100
6300
7800
8000
7800
6400
6400
8800
8400
6400
11000
7200
7800
6800
6700
9500
10900
6100
7200
12900
6500
8500
6400
6300
6200
8100
28400
7600
5100
4600
5000
5000
7700
4600
4500
6900
21200
7000
4800
5200
5100
4600
14600
5200
5600
7100
4500
4000
4300
4100
4200
4200
6800
4000
3900
4400
4700
5000
7300
4100
3600
3400
3400
3300
3400
3200
3200
4200
3200
3000
3200
4100
3200
3300
4600
4200
3500
3500
3700
3400
5300
3600
4600
3300
3900
3400
3300
3300
3400
3500
6800
3800
4000
3700
3500
4700
3700
8300
3400
3500
3700
6500
4000
3700
3500
4800
15600
3000
2800
3000
3000
2900
4500
2900
2800
4400
2700
3300
2600
2900
3000
3000
11600
3400
3200
3500
3400
2900
5600
2900
3100
2900
3000
2900
2900
7200
2900
3000
4500
4900
3300
3100
3200
3600
3300
3300
3100
4100
3200
3200
3300
3600
3300
3800
4600
3500
3500
3400
3500
3300
4300
3500
4900
3400
3400
3300
3500
3400
3400
3300
5300
4100
3700
3700
3900
3700
3600
3800
4800
4700
4900
3700
3700
4800
4700
3600
13500
3000
2900
3000
3100
2900
4100
4500
3100
4200
2700
3000
2800
3100
2800
3100
12500
3200
3100
3500
3700
3000
5000
3100
2900
3300
6800
2900
2900
3000
3100
2900
4400
3800
3300
3400
3200
3300
3200
3600
4200
4000
3200
3100
3200
3900
3400
3300
5100
3500
3600
3500
3300
3400
4400
3500
4400
3600
3600
3300
3400
3400
3500
3400
5000
3800
3700
3800
3600
3700
3700
3700
9700
4800
6100
3500
3600
4700
5300
4000
10800
3000
3200
2900
2800
4300
3100
2900
2800
3000
2800
4200
3100
3600
2800
4400
