1531400
119200
28900
24600
32300
26300
34200
37700
20500
20800
20200
31700
42000
21200
21700
25700
44100
42200
29200
32300
45500
27000
25400
25200
23800
33900
25600
25400
28200
47200
26900
29100
72100
95600
32700
60600
32800
37700
32400
30100
26300
26600
30900
29400
25700
26900
22500
22500
40800
23000
19700
21700
19900
46200
22500
22100
21900
28800
18700
17900
22100
20300
19200
39300
74000
27600
51000
44000
37100
19200
19900
20100
18700
20000
19300
58500
40900
20400
18500
20700
16500
11300
18700
11900
10700
10600
19400
19400
12600
23800
11700
24300
12900
11100
10200
11000
24300
14900
14100
13200
23700
17300
21600
13600
13000
12200
11400
12700
12400
23500
17500
13200
34500
18300
16400
35700
16500
14500
17200
14300
13600
13300
13200
13800
13700
13100
15700
28200
25800
23700
16300
15500
14800
29700
18600
15800
14800
16600
15000
14900
14600
14200
20500
28900
26200
17000
30700
35900
18900
16800
16800
16300
16600
18900
17000
30100
25400
17200
16300
21300
9900
9700
32900
8900
9300
7900
12000
12200
10100
10800
9000
9800
9000
8500
7800
7600
25300
27300
16500
15200
20300
16300
16000
15400
16700
14400
14700
24200
32900
23200
23800
16800
36600
26000
20400
33600
21100
27500
21200
20200
19300
20000
49400
24400
22300
20300
32100
21300
36500
29200
21200
22000
21600
35800
25200
23100
22100
24400
21600
22500
22800
21600
21400
36800
38500
24000
42400
34600
25900
23900
24600
23800
24600
28700
25200
40300
37400
25000
25800
38700
14400
12200
19600
13700
12900
12300
19100
63200
14000
16400
14600
15800
10900
12400
10300
10600
21000
26500
13400
12600
19200
13900
14600
16000
12000
11400
13800
45100
35700
14300
15600
13800
16000
16600
12300
11700
25400
13200
11800
12600
11100
10800
11200
10800
11000
22300
13600
13800
25500
17200
13700
13400
12900
24400
15700
13800
15400
15400
13100
13200
14000
14000
13600
24400
19300
14900
34400
26000
14800
14000
13900
14300
14300
16300
15000
83100
36500
15900
13700
15000
9800
7500
9600
7000
7100
5800
12900
10600
6900
8200
6700
10900
6600
7600
6100
6700
7900
15200
7400
7700
13800
12600
9700
8200
7900
7600
11900
25400
23400
9800
8400
8000
9900
11900
8800
8500
17800
11200
8300
8800
8700
9700
8600
8500
9100
20400
13400
10300
21200
11500
9600
43600
12600
10500
10400
10300
10000
14800
12200
11200
11300
10300
10000
11500
16600
11200
20700
17100
11600
11600
11800
11700
12200
15700
11600
18600
18400
11900
11500
12100
8400
6600
8900
6700
5800
5100
13300
10300
7100
15400
25300
9700
7000
6400
6300
9400
8100
23800
8000
7200
11600
8600
16200
10400
17600
7800
12000
16100
23800
11800
8000
7900
14500
36700
8300
8100
12700
8000
7800
8200
8100
7900
7900
7800
8200
14600
9200
8900
35300
14900
10000
16200
15700
9000
11400
9600
8600
9800
8700
9100
8700
8700
9500
9800
17200
11000
11000
11800
11700
18300
11000
10200
10900
13300
11500
10500
11100
11200
11700
18400
40600
19100
13500
15900
13400
14800
13800
13200
13300
13000
13100
16100
13400
13500
13300
14600
17300
13800
13500
13600
13700
14100
18200
13400
13300
15300
15000
13300
13500
15800
13300
15900
16500
14300
14200
16500
16100
13900
16200
14800
14300
18100
13800
15200
15800
13900
13500
15800
16400
14400
15600
14700
14000
21600
14100
14600
14600
14000
14300
14500
14000
14300
14200
14500
105700
5500
4600
4700
7400
4800
5100
4400
9100
4500
8300
6000
4800
8000
9000
4700
9400
5500
7000
8900
6000
6100
5800
8100
5600
5200
6300
11100
5400
5500
5100
5600
7900
6800
5500
5600
5300
5600
5600
5400
5400
6800
6700
5700
5400
7600
5500
8600
7700
5800
5600
8100
8100
6100
8100
12100
5800
9300
10100
5700
155800
16100
7200
9200
9900
7000
6400
7300
7700
11200
6100
6400
6100
6300
6100
9700
7400
7500
16700
7600
121600
5400
5000
5500
5100
9800
5800
5500
11200
14100
11000
5100
5500
9000
11100
5300
12000
6300
6200
14800
12600
6700
6700
9100
4900
5000
6000
5700
4900
5300
4900
7600
27100
4800
5100
7600
4800
6100
4600
4900
4900
4600
4500
5700
4700
4600
4900
4600
12800
5200
5300
7700
7000
6600
7200
5100
4700
7500
4900
5000
6800
5500
5000
6400
7700
5300
5300
5300
5100
7700
5300
5400
5300
5300
5000
5200
5400
5300
5100
5800
91400
4000
3300
3400
3300
3500
3300
3300
7800
3400
6100
3600
4200
6500
7100
4900
6300
4400
4500
6900
5300
4500
4200
5000
4300
4300
5200
5300
4400
4600
4200
4200
8300
4700
4600
6300
4500
7700
4900
5000
4600
4700
4600
5100
5000
4800
4800
4700
8300
5300
4900
4900
4700
5000
4900
4800
4900
7000
7000
4800
5100
7100
5200
7700
7000
6000
5000
5500
5300
8800
5200
5200
6600
5200
5100
6200
5300
5200
6100
5200
83400
3500
3300
3300
4100
3200
3300
4300
8900
4400
7500
3400
3400
7000
8300
3400
8400
4600
4800
4900
5900
4200
4200
4500
5100
4200
4500
4600
5100
4700
5100
4300
5100
5600
4600
5600
5400
5800
14300
5600
4700
4600
4600
5400
6500
8700
5000
5500
8400
6700
5000
5600
4700
4800
4900
5900
4800
7200
6500
4900
4900
6400
5000
7700
8700
5500
4900
10900
8400
5200
12400
5100
5300
8300
5000
5000
9400
5100
5000
7700
30100
3700
3200
3400
3900
3100
3300
3500
10200
3300
6200
3500
3400
6500
11500
3600
9000
19500
4600
12400
5200
4200
3900
4900
4100
4100
4900
4900
4200
4400
4000
3900
5100
4300
4400
13100
3200
4700
3300
3300
3300
3400
3200
3100
3400
3400
3100
3700
6800
3600
3400
3900
3800
3500
3400
3800
6600
5800
9500
3600
3600
5500
3400
6900
5400
4100
3700
7300
7300
4000
7000
5300
3900
7900
3700
3800
6200
4200
3700
6600
22100
3300
8500
4800
3300
6700
3200
3400
3400
3200
3100
3400
3000
3400
5000
3200
20000
8500
5100
5000
5000
5100
4900
13200
6700
5200
5200
6400
5500
6400
5100
6900
7500
5600
5600
5900
5700
5400
5400
5500
5600
5300
6100
5400
5800
5600
5500
5500
14200
6600
6000
14200
6200
8800
9000
5800
5900
9200
5800
8900
8500
6000
5600
5800
9600
10200
6400
6400
6600
34100
9700
6200
6200
6400
6900
6200
6100
6600
9300
10400
39000
9400
5100
5400
5000
4900
9600
5500
5000
4900
5300
5200
5200
5200
10500
6000
8400
6100
4900
4600
4700
5500
12400
5200
4600
4900
4500
5700
4800
5700
5600
4900
17700
5400
5400
5100
5400
5400
5300
5300
6000
5600
5200
5500
5400
5600
5500
5300
8500
5900
5900
12200
6400
8500
8300
6000
6200
9000
5800
8800
7300
5800
5800
5600
9700
10200
6200
6200
6200
9500
9500
12400
6200
6100
6000
6900
6300
6700
10000
6800
44700
10700
5700
5900
5900
5600
10100
5600
5600
5200
5200
5700
5200
5100
10700
5400
8000
5300
6900
4700
4800
5200
15400
4900
6700
4800
5100
5400
5100
5400
6100
4800
12800
5700
5500
5600
5400
5200
4900
6500
5100
6200
4800
123100
17000
10500
8400
10700
20500
9900
10900
10300
10600
13800
12400
9700
10300
14400
10400
12800
12800
10400
10000
9900
18700
21200
12200
12000
11700
16000
16300
11600
12200
11600
14700
12000
11900
11800
17200
15300
47600
17000
12200
12100
12100
11900
17500
11700
16200
14300
11500
12400
10800
8400
29700
10300
20300
6500
11500
4900
5900
4600
6100
4900
5500
4500
4900
6300
4800
6000
6100
5100
13700
6100
5900
5700
5500
5500
5400
11200
8700
5200
5700
8000
5800
7800
5500
8700
8000
6300
6700
6200
6500
6600
6800
6100
6400
13300
6000
6400
6400
6300
5900
6800
9500
9900
6600
23500
7100
12800
10000
6700
6500
6400
7500
6500
6400
6900
9600
6600
37200
10100
5500
5300
5400
5300
9700
9700
13900
5400
5500
5400
5300
5000
9900
5500
8500
6000
4800
4500
4800
4600
6700
4700
4700
4900
4900
5600
4800
5800
5600
4800
6400
5400
5200
5200
5600
5400
7700
16400
7400
5300
5300
8100
5400
7700
5400
7600
9000
6700
6200
12300
6100
5800
5900
6000
5800
5300
4400
4100
4700
4600
4100
4200
6400
4500
4600
5000
4800
6800
7100
4500
4500
7800
4600
6700
6700
5100
4600
4700
26200
11400
3800
3900
4100
3900
6600
4000
3800
5200
5200
5800
5100
5200
10100
8500
7400
5600
4900
4900
4700
4600
5600
4800
4800
4800
4800
5600
4800
5300
6600
4900
6400
5400
5300
5400
5700
5600
5200
8300
7300
5600
5200
7400
6100
7500
11600
7600
7600
5700
6500
6400
7100
5900
5700
6000
6100
5900
5900
5700
6200
6000
5900
6200
8600
6000
6500
6400
6300
11700
10400
6500
6700
10800
6400
10800
9200
6400
6300
7000
39600
10000
5600
5400
5200
10300
9500
5600
5100
6400
5100
5200
5400
5200
10000
5100
11900
5600
5500
4900
5300
5200
6900
5100
6000
5000
5500
5100
6000
7200
4800
5200
7500
5600
11600
5200
5600
7500
5600
8300
5400
5200
5600
5800
5700
5600
5600
5600
8700
6600
6300
6500
8600
6400
6100
5800
5800
6100
6400
6200
6100
6200
6400
7100
9200
9400
6800
9700
6200
6200
7100
6400
9400
6500
9500
6700
6800
6600
11200
6600
37300
8800
5500
5500
6000
5300
8900
5700
5600
5400
5200
8800
5400
8500
5700
5400
8500
6500
5900
5000
5400
4900
4800
5000
6100
5000
5000
4600
4800
5800
4600
5300
7600
5600
7100
5300
5300
8900
5500
9400
5600
7700
6500
5400
5300
5400
6500
5300
9800
6200
7200
5700
8000
5900
5600
6700
5900
7700
6300
6100
5900
7900
6200
6000
11000
6500
6600
10500
6100
6300
5600
5600
9700
6000
6800
8100
6500
6400
9000
8100
43900
9300
5600
8800
5500
5200
11300
5500
5500
5600
5400
9100
5700
8600
5400
6200
9400
6500
5600
5500
5400
5000
4900
5200
6500
5200
5400
5200
5100
6100
4900
5500
6800
5800
5500
6000
5900
5400
7600
5800
7200
10900
5600
6200
7800
7300
6000
6600
8400
6400
6300
6000
8700
8900
6200
6000
5800
6500
6200
6100
6000
6600
6300
6100
9600
6200
6400
9300
7300
6600
6600
6700
13300
6600
6600
6800
6600
6800
7800
7200
43900
9000
5500
5600
5400
5200
8700
5300
5300
5400
4800
8100
5000
9100
5400
5400
8700
5800
5600
4800
5500
4700
4800
5300
5300
5100
5200
5000
5200
5800
5200
5500
6500
12900
9400
5000
5100
5000
7600
4900
6500
4900
5700
4800
6300
13600
4800
5000
7900
5600
7500
5300
5400
7600
5300
8900
5600
5500
5300
5600
5800
5400
5500
5300
9000
6000
6700
9000
9000
6000
5600
5700
8900
6000
6400
5900
15000
5800
6400
6900
36000
15800
5200
5000
5000
4800
8400
5200
4700
5100
5100
8100
5000
7800
5300
4500
7800
5200
5100
4600
4600
4300
4100
4700
5300
4400
4600
4300
5500
5300
4400
4300
7000
8200
5900
4900
5100
5000
6800
5000
6600
5300
5100
5100
6500
6600
5000
10900
7200
5800
8300
5700
5500
7900
5400
9300
5500
5800
5400
5600
5500
5600
5500
5200
9200
5900
5800
6400
9200
5900
6300
5800
5800
5900
7000
6100
5900
6600
6400
6000
38700
8300
10600
4800
5100
4500
8100
4700
4800
4900
5100
8700
4900
8000
5000
4800
7400
5800
6500
4700
4600
4400
4500
4400
5800
4500
4600
4400
4400
5400
5100
4500
5600
5200
5200
4800
4900
5100
7000
4900
11600
4900
5100
5200
6600
6800
5300
4700
7000
5700
8200
5800
5300
24000
5600
9200
5900
5800
5300
5800
5600
5900
5400
5600
9400
6600
6100
6200
9500
6300
5900
6300
6100
6300
7200
6100
5800
6400
12000
6200
36600
5200
4900
9000
4700
5800
4800
4800
8900
4900
5000
4900
5000
4800
5100
4700
12100
6000
5000
6700
5000
4500
4500
4600
4600
4900
4900
6200
4900
4700
4600
4700
9200
5400
6200
7100
5700
5300
5000
5200
5000
7300
7300
5400
5300
5400
5300
5200
7900
5800
6000
8600
8500
5600
5900
8500
8300
5800
5800
5700
5600
5800
5900
6400
9300
12400
9700
10900
6000
6400
6200
9700
6500
6500
12300
9800
7000
6500
6700
6500
43600
5400
5200
5100
8900
4700
5100
5200
4700
9200
5100
5200
5000
9100
5100
9200
9300
4700
4700
5200
4600
4600
5300
4800
5000
4500
11300
5400
4600
5300
4900
7900
9300
5200
5200
6800
5600
5200
5200
5900
5000
6900
6800
5200
5500
5300
5100
5300
15600
5700
5800
8300
8200
5500
5800
8300
8400
5600
6200
5800
5500
5600
5600
5800
9300
15300
9600
12100
6000
7000
6100
9100
6200
6300
6300
9600
6400
6100
6200
5900
45700
6300
5300
5200
9500
4800
4700
5000
4800
8300
5200
4900
5100
14400
5300
11200
9700
4700
4800
5800
4400
4200
5500
4600
5100
4400
4400
5500
4500
11300
4300
5200
6400
5000
5000
8500
5400
5000
4600
5000
5000
5100
5100
7500
5200
5300
5200
5200
7900
5700
8700
10300
8400
5700
6000
14100
8100
6100
5700
6000
5800
5800
6300
6000
9200
9300
9200
10000
6200
6200
6700
9400
6400
6400
6400
9400
6500
6200
6000
6300
41600
5200
5100
4800
14800
5000
5300
5300
4900
9100
5200
5000
5300
8800
5100
9500
8500
4700
4700
5900
4600
4600
5700
4000
5600
4300
4700
5400
4500
5800
4600
5900
6300
5200
5200
8500
5500
5000
4900
5300
5000
4900
4900
12700
5000
5000
4900
5000
9600
5300
138500
14300
6200
4100
6500
3900
4000
5500
4800
3900
3400
3600
3400
3700
6900
9600
5300
6600
3800
3900
3600
5400
3800
3800
4000
12900
3700
3400
3400
3800
24600
15000
3400
3000
5800
3000
3000
3300
3000
5500
3200
3200
3300
6500
4200
6500
8100
3500
2900
3800
2900
2800
3700
2800
3500
3000
3100
3400
2800
9000
3000
4100
4000
3200
3500
5300
3800
3700
5400
3100
2900
3000
3000
5100
2900
3500
3200
2900
5700
3500
3200
4800
3400
3200
3300
3100
3100
6800
4900
3300
3200
3700
3100
3500
5700
16900
3800
10800
5800
5100
4200
5900
5900
3900
5900
3500
3500
3400
4000
15700
24200
4000
3200
3100
5500
3000
2900
3100
3100
7300
4000
4100
3300
5200
3100
10200
8100
2900
2900
4100
4100
3400
3700
3100
4800
5100
2800
3200
2600
3500
2900
3200
3800
3000
3200
4700
3800
3000
3000
3200
2900
2900
2900
4400
3400
2900
3400
3200
5700
3500
3200
5000
3300
3200
3300
3200
3100
8000
5700
3400
3500
3500
3100
3200
4900
3600
3700
5400
5400
3400
3600
5700
5400
3600
3400
3500
3300
3300
3300
3500
18400
5500
5200
9000
2900
2800
4600
5100
2900
3100
2800
5200
2800
2800
3000
2600
10000
3100
3500
4600
3100
3600
2900
2900
3800
2900
3300
2800
2800
2700
2800
2600
5000
3200
3100
3000
2900
3000
4100
3200
3100
4000
6600
3100
3400
3100
3000
3100
7500
4700
3600
4600
4600
3400
3200
3300
4600
3500
3500
3200
3300
3400
3600
4500
5600
3700
3600
4300
3500
4100
3600
5300
5200
4000
5300
3800
5900
3700
3400
9700
24100
3200
3300
2800
5300
3000
3200
2800
2900
2800
2900
2800
5000
5400
3200
3200
8500
3000
2900
2900
2800
2700
2800
2700
2900
2800
3300
2800
2900
2700
3100
2900
4900
3900
3000
2900
3000
3100
5600
3100
7900
4200
3900
3400
3000
3000
3000
3000
6100
4600
3400
4500
4400
3300
3500
3300
4800
3200
3700
3200
3500
3400
3200
4500
5400
3700
3500
3500
3600
4000
3900
5100
5800
3500
9900
3600
5800
3600
3700
5000
19600
2900
2800
3400
5200
2800
2800
2800
3100
2700
2800
3000
4800
4800
2900
4600
8100
3100
3000
3000
2700
3000
2700
2700
2900
2900
3300
2800
2900
2700
3300
2800
7600
3100
3100
3300
3200
3900
3200
3000
4600
3000
3000
3000
3000
3000
3000
3000
4700
4400
3300
4500
5100
3900
3800
3500
4300
3300
3300
3200
3200
3500
3400
4400
5300
3500
4000
3800
3400
3900
3500
9100
5300
3600
5000
4300
5600
3500
3600
5100
23900
2900
3000
2700
5000
2900
3000
2800
2700
2800
2800
4400
4900
4800
3000
2800
7900
3000
2900
3000
2900
4500
3200
2800
2800
3800
3500
2800
2800
3700
3300
2800
4700
3000
3100
3000
4100
4000
4100
3100
5400
3400
4200
3100
3200
3800
3100
3000
6900
3300
3300
3200
4100
3400
5400
3400
3300
5700
5600
3300
3400
3300
4200
3400
5900
6900
3800
3500
4000
4000
3400
5200
5100
3500
5000
3600
5500
3700
3500
5100
19000
3200
2800
3000
5100
3000
2700
2700
4300
2700
2700
3000
4800
9000
3000
3000
7600
3900
3200
2900
2900
2800
2800
2900
2800
2700
3600
2800
2900
2700
3600
3100
3500
3300
3000
3100
2900
4200
3200
3000
5900
3100
3200
3100
3400
3000
3200
4200
5500
3500
3700
3300
3200
3300
4700
3300
3500
4400
4700
3300
8600
3400
3300
3600
6100
5300
3600
5200
5100
4100
3700
3700
5200
4300
3500
3500
3700
3500
3600
5300
21800
2900
3100
2700
6600
4200
2900
2800
2700
2900
2800
2700
4900
4800
3100
2900
7200
3600
2900
2900
2800
3400
2800
2800
2900
2900
3900
2800
2900
2700
3300
2700
3400
3300
3000
3000
3000
3900
3100
3600
5200
3000
3000
3100
2900
3000
3100
7600
5400
3300
3300
3500
3700
3400
4500
3400
3400
4600
4600
3300
3500
3300
3500
3400
5300
5400
3600
4900
5000
4100
3500
3700
5100
3600
3600
3500
3700
3800
3500
5100
22500
3000
2800
3200
2800
2800
4300
5100
4900
2800
4700
3000
5600
3200
3700
4700
9000
3400
2900
3000
2900
3900
3300
3000
2900
3000
3400
3000
2800
3500
3000
2800
5300
9600
3300
3200
3900
3300
3200
3200
3200
3300
3100
3500
4200
4100
5000
3800
5400
3800
3500
3300
3500
4800
3300
3700
3400
5000
3400
5000
3500
3500
3300
3400
5600
5800
3900
3900
3800
3900
3600
3500
3700
8000
12200
6300
3900
3600
3900
3700
14300
5400
3100
2900
3000
3100
2800
5100
3300
2700
2900
5000
5200
5000
3100
2800
8700
3000
3500
4500
2800
2900
2800
2800
7800
2800
2700
2700
2800
4100
3300
2800
5200
4500
3000
3700
2900
3000
3000
3100
3000
3000
3000
2900
4200
4100
4300
3000
4800
3400
3300
3200
3300
4700
22700
3300
3200
5100
3200
6200
3600
3600
3300
3200
9100
5800
3900
3700
3700
3500
3500
3400
3700
4100
5200
5300
3600
3800
3400
3500
11900
5300
2900
3100
2700
3000
2900
4900
2900
2800
3600
4800
4900
9100
3200
3000
8200
2900
3800
3000
2700
2800
3800
2800
3500
3400
3000
2900
2800
2700
3600
2700
4000
3200
3000
3100
3200
4100
4200
3300
3100
3200
4400
3100
3100
4000
3500
2900
4600
3300
3800
3200
3300
4700
3200
3300
3400
4500
7500
4800
3500
3200
3200
3200
5300
5700
3600
4300
3500
3500
3700
3400
3400
3400
5000
5300
3700
3400
3500
3500
11200
4900
3000
2800
2800
3000
2900
4900
2700
5500
2900
4800
5000
4900
5000
2900
7200
3300
3400
2800
2800
3100
2700
2900
3400
3000
2700
2700
2800
2800
3500
2800
3500
3200
3000
3100
3000
4100
4100
3200
3500
3100
3900
3000
2900
4000
3100
2900
5600
9000
3400
3200
3200
3600
3300
3200
3500
3400
3200
3200
4600
4900
4300
3500
5100
5700
3800
3700
3700
3700
3400
3500
3400
3500
5200
9600
3600
3500
3400
3700
11300
8600
3000
2800
3800
3300
2800
5000
3100
2800
2700
4900
5100
4800
3000
2800
7300
3100
3600
2800
3600
3100
2700
2700
3500
2700
2800
2600
2800
2900
3200
2700
3800
3100
3000
3000
3500
3900
4000
3200
3100
3200
4000
3100
7200
4100
3100
3200
5500
4600
3200
3200
3400
3300
3400
3300
3500
3300
3300
3100
4700
4800
4600
3300
5500
3900
3600
3500
3700
5100
3500
3600
3400
9100
4200
5500
3600
3500
7900
3600
10900
5400
2900
3000
2700
2800
2800
6400
2900
2700
2900
5000
4800
4800
2900
3300
6800
3000
3800
2800
3200
3600
2700
3000
3400
2800
2900
2600
2800
2600
3600
2800
3600
6100
3200
3100
3000
4100
4300
3200
3000
2900
4200
3000
3200
4200
3100
3100
5400
4700
3300
3200
3500
3200
3200
3100
3400
3200
3100
3300
4500
4700
4900
3400
5800
3800
4100
3700
3600
9700
3700
3500
3500
5400
3500
5600
3600
3600
3400
3400
10400
6200
4600
3200
2900
3100
2700
2800
2900
2800
5000
5000
2900
2800
3700
2900
8900
3200
3000
6600
3000
2800
2900
2700
3100
2800
2800
2800
2700
3200
17600
3100
5000
4000
3800
4300
3100
3900
3200
3200
4500
3300
3100
3100
3100
3200
3700
3200
5100
3600
3600
3200
3900
4200
3400
4600
3500
3300
3300
5100
3600
4400
4600
3400
9800
3900
6200
3800
3700
3700
5300
3900
3500
3700
3700
3900
4200
3700
3900
3800
10800
3100
2900
3700
3100
3100
3500
4400
4300
3000
3800
4400
3200
2900
2900
4600
7300
7600
3100
3000
2800
3000
2900
3100
3000
2800
3500
3200
3000
3000
3000
2900
4700
4000
3700
4200
3200
4000
3000
3000
3000
3200
3000
2900
3100
3100
3800
3100
4800
3500
3400
3700
3300
3500
3300
4400
3500
3700
3300
4500
3500
4200
8600
3500
5700
3700
3600
3900
3600
3600
5100
3900
3600
3500
3900
3800
3600
4100
3800
3800
10800
2900
2900
3200
2900
2800
2900
4400
5100
3000
2900
4300
2900
2900
2900
8800
9200
4400
3200
3000
3000
2800
2900
3000
3000
2900
3600
3600
3400
2900
3500
3000
3900
3300
3100
3500
3400
3000
3400
3200
3100
3100
4000
3500
3000
3100
4200
3200
4600
3600
3400
3400
3400
3500
3300
4400
3400
3300
3200
4300
3400
9000
4600
3400
5300
3600
3500
3900
3600
3500
4900
3500
3800
3600
3700
3900
3500
3600
3700
3900
11000
3300
2800
2900
2900
2900
2800
4300
4300
3100
3000
4500
2800
7500
3000
4400
7300
3800
3000
3000
2900
3400
2800
2900
2800
3000
3400
3300
3300
2900
3200
3200
3600
3600
3100
3100
3200
3200
3500
3000
3200
3100
3100
3200
3200
3100
4000
3200
5200
4300
4600
5100
3400
4600
7700
3500
3300
3400
3200
3500
3300
3400
4400
5300
5400
3700
3900
3800
3600
3600
4800
3700
3800
3600
3600
3900
3500
4100
3700
3800
12300
3200
2800
2900
3000
2800
2700
5000
4300
3000
2800
10900
2900
4100
3300
4400
7100
3700
3100
3000
2900
2800
3000
3400
2800
2800
3500
3200
3000
2900
3300
3000
3800
3300
3200
3200
3200
3100
3000
3000
3000
3300
3000
3000
3100
3200
3900
3200
5200
4200
4600
4800
3400
4200
3400
3300
7900
3400
3400
3300
3600
3300
4100
3500
5000
3500
4300
3800
4800
3700
3600
5000
3900
3600
3500
5000
3700
4900
5000
4000
11600
3000
2800
2800
3000
2900
2800
4400
4400
4100
2900
5700
7200
3700
3100
5100
7400
4600
3000
3000
2900
3800
3000
2900
3100
2800
4200
3400
4100
2900
3400
3000
3700
3200
4100
3200
3600
3100
4000
3100
3000
3200
3900
3100
3000
3000
5100
3200
5800
4300
5300
9700
3300
4400
3400
3500
3600
3300
3400
3600
3400
3300
4400
3600
4900
3900
3700
3700
3600
3800
3500
5000
3700
3800
3600
6300
3700
4900
5100
4300
9900
3100
2900
3000
2800
7100
4600
2900
3200
2900
2900
3200
2800
2900
3200
3300
9200
4300
3100
3100
3000
3000
3500
3100
2900
3300
3100
3000
3000
3000
2900
3400
4500
3400
4000
4100
3500
3400
3400
3900
3400
3500
3300
3100
3200
3200
3200
3900
10000
3700
3600
3600
4600
3600
3400
4100
4300
3600
4500
4600
3500
3500
3700
3400
5500
3900
4000
3700
4000
3800
3800
4700
4400
3600
3700
3700
3800
3700
4200
3900
10500
7600
3100
3000
3800
3000
3000
3200
3200
2900
3000
3400
3100
3000
2900
3100
8300
3300
3100
3300
3100
2900
2900
3200
3300
2900
3500
3300
3000
3000
3200
6900
4600
3200
4000
4100
3200
3200
3400
3800
3300
3300
3200
3200
3400
3300
3200
3800
6100
3500
7800
3500
4400
3300
3300
4200
4400
3400
4500
4500
3400
3300
3600
3300
5300
4300
3900
3600
3900
3700
3700
3600
3800
3600
3600
3600
3700
3600
3600
3800
10200
3300
2900
3000
3400
3000
2900
2800
7100
2900
2900
3100
3400
2900
3000
3000
8400
3200
3100
3100
3000
2900
2900
3000
3500
2900
3500
3300
3000
2900
3100
2900
3700
4100
4000
3800
3200
3200
4300
3400
3200
4000
3100
3500
3300
3200
3100
4100
5800
3500
3800
3600
4400
3400
3300
6900
4300
4200
4300
4700
3400
3400
3400
3400
5600
3700
3800
3700
3900
3700
3800
3600
3700
3700
4100
3800
3500
3700
3600
3800
10500
3000
2800
3000
3200
2900
2900
3100
3000
2800
2900
3100
2800
2900
7000
2900
7500
3300
3200
3000
3000
2900
3000
2800
3600
2900
3900
3400
2900
3100
2900
3200
3800
4000
3500
3200
3100
3200
4200
3200
3100
4000
3200
3200
3300
3100
3200
4100
4500
3900
4800
4600
3500
3500
3500
5100
6700
3600
3600
3600
3500
3400
3400
4600
5600
3700
5400
3800
3600
3600
3700
3800
3600
3600
3900
3800
3600
3700
3900
3700
10500
3000
2900
3000
2900
3500
3500
3600
3600
3300
3600
3400
3400
3500
3600
3300
7500
3700
3700
3500
3500
3700
3400
5500
3800
3400
4700
4100
2900
2800
2900
4000
3700
5300
4300
3200
3500
3200
6800
3300
3800
6100
3200
3200
3100
4100
3300
3700
6600
3500
5100
5500
3500
3500
3400
8700
3600
3300
3500
3400
5300
3600
3400
4300
6600
3900
3600
3800
5000
4000
3600
3800
4900
3700
4800
5000
3800
3900
3900
3700
10600
2900
2900
3100
3000
2900
6100
2900
2900
2800
3000
3000
2800
3100
2800
2800
7600
3200
3400
3000
3000
2700
3000
2900
3000
3000
3300
3100
2800
2800
2800
3600
3500
3900
3300
3200
4500
3400
3700
3200
3200
3800
3100
3200
3600
3100
3200
3600
4500
5200
4200
4500
3500
3500
3600
4700
3600
3500
3400
3600
3500
3400
3300
4400
6200
3900
3800
4100
4700
3800
3500
3700
4700
3700
5000
5000
3600
3700
3900
3900
10000
3100
3000
3100
3500
3300
3300
3000
2900
2900
3100
3000
2800
7100
3200
2900
9500
3500
3700
3300
3800
3000
3000
3100
3300
3600
3000
2900
3000
3100
3100
3000
4800
3500
3300
4200
3400
3300
3500
3300
3300
4000
3300
3200
4100
3300
3200
4100
6100
3800
3900
3500
4700
3600
4600
3700
3600
3600
8700
3600
3500
13300
4600
3800
5900
4000
4000
4000
3900
4100
4200
3800
3700
3800
3900
5300
4000
3900
5800
3900
10800
3200
3200
4800
3600
3100
3100
3100
4600
10300
3400
3100
3000
4300
3300
3000
10000
3400
3200
3200
3000
3000
3000
2900
3500
3000
2900
3000
3700
3200
3100
3300
4200
3400
3200
3900
3400
3300
3300
3200
3400
3800
3300
5100
3900
3200
3400
4100
6100
3500
3900
3500
3500
3600
4400
3400
7900
3600
3400
3500
3500
4700
4500
3500
5500
3900
3900
4000
3700
3600
3800
3900
3600
3600
4000
5000
4000
3700
5600
3700
10500
3000
3200
4600
3100
3500
3400
3000
4500
8900
3900
3300
3000
3000
3000
3100
9000
3400
3600
3100
3100
3100
3200
2900
3100
2900
3100
3000
3500
3300
3000
4400
4000
3300
4100
4100
3600
3400
3300
3300
4100
4300
3400
3400
3200
3800
3400
3500
5600
3900
3600
3600
3400
3800
4200
8300
3500
3500
3400
3700
3500
5200
4400
3500
5400
3700
4000
3900
3800
3700
4000
4200
3700
3900
3800
5000
3800
3700
5200
4400
10500
15600
3700
7400
3200
3300
3100
3100
4600
9000
3500
3200
2800
2800
3100
3100
17100
3500
3000
130400
5600
3500
3300
3300
3200
3300
9000
3100
6100
3100
2900
3000
17200
3400
4500
4100
3400
3300
3200
3000
4100
8600
3300
3100
3100
7400
3500
3300
7600
3500
3600
7600
3600
5800
5600
5400
5900
16000
3600
3500
4300
3700
3300
4700
6800
4400
3900
3900
4000
3700
3700
3500
3500
3500
3700
5600
3600
3600
5000
3600
13800
3000
3000
4500
3000
2700
5900
3100
8400
4300
2900
2800
2900
2600
2800
2800
9600
3300
3000
3300
3000
3000
3000
3000
3100
2800
2900
2900
3300
3000
3000
2900
3800
3100
4100
3700
3200
3500
3100
3100
11200
3600
3200
3300
3100
3100
3100
3800
4500
3400
3300
4300
3400
3300
3600
3400
4000
7600
3400
3300
4300
3500
3400
4200
6300
4800
4000
3600
3500
3800
4900
3700
3500
3900
3500
3500
3600
5100
4900
3700
12100
2800
3100
4300
2800
2800
3000
2700
8400
4400
2800
2900
2800
2700
2800
2900
9900
3300
3400
2900
3000
3000
3200
2800
3300
2900
2900
3000
3300
3100
3200
3000
3600
3400
4100
3900
3200
3100
3100
3300
3600
3800
3000
3200
3100
3100
3100
3200
4900
3400
3600
4400
3600
3300
3400
3300
3500
4700
3500
3500
4600
3500
3300
4300
6400
3800
3800
3700
3500
3900
4800
3600
3500
3600
3700
3600
3600
5000
4700
3500
10400
3000
3000
3100
2900
2900
3100
2600
2700
7100
2900
4400
2900
2900
4300
2800
