13600
1900
1100
1200
900
1200
1100
1200
900
1000
1300
1100
1300
1100
1000
1100
1100
1000
9000
1000
1400
1100
2100
1300
1000
900
1000
1000
1000
1200
1200
1000
1100
1100
1300
1000
1000
1000
1100
1000
1400
1000
1000
800
1000
900
1600
900
1000
1000
1400
1100
800
1000
800
1000
1000
1100
800
900
3400
1300
1600
1000
1100
1200
1200
1100
1400
1100
1300
1100
1100
1200
1200
1100
1200
1200
1100
1400
1100
1000
900
1000
1000
1300
1100
1200
1000
1000
1200
1200
1000
1100
1000
2100
1000
1100
900
1000
1200
1100
1000
3400
1000
1000
1000
1000
1100
1000
1100
1100
1100
1100
1000
1200
1000
1000
1100
1000
2400
900
1300
700
600
900
600
600
600
600
700
600
600
800
600
600
600
600
500
800
1000
700
600
600
600
600
600
600
500
500
700
700
600
500
500
500
500
800
600
600
700
600
600
800
500
600
600
700
600
600
600
600
600
800
1300
600
600
600
600
700
3000
1300
1100
1100
1000
1100
1100
1000
1000
1100
1200
900
900
900
900
900
900
1100
900
900
1300
1100
1100
1000
900
900
800
800
900
1000
1000
1100
1000
900
1100
900
1000
900
900
1100
6900
900
1000
900
1000
2500
1800
1000
1000
1000
1000
1100
1000
900
900
1100
1000
1100
1400
1000
3200
1200
1200
1200
1000
1000
1000
3800
1000
900
1300
1000
900
7400
1000
1000
1100
1100
1000
1300
1200
1100
1000
1000
1000
1300
900
1000
1100
1100
1100
1000
1100
1100
1100
1100
1100
1000
1100
1000
1100
1000
1200
1100
900
1000
1000
1100
1200
1000
1200
1000
1000
1000
1200
1200
1000
1000
1100
1100
2500
1400
1200
1200
1000
1300
1000
1000
1200
1000
1000
1100
1200
1100
1100
1100
1100
1000
1000
1100
1300
1200
1100
1000
1100
1100
1200
1100
1200
1100
1200
1100
1300
1100
1700
1000
1000
1100
1300
1100
1100
1000
1100
1100
1200
1100
1100
1100
1000
1000
1300
1300
1100
1100
1000
1100
1400
1100
1100
1100
2500
1100
1100
1000
900
1000
2100
1000
900
900
1000
1000
800
900
1300
900
1000
900
900
900
1200
900
900
1000
900
900
1100
1000
1000
1000
2200
1100
1000
900
900
1000
1000
1200
1000
900
1100
1000
1000
1300
900
1000
1000
900
900
1100
1000
1000
900
1200
1000
1200
1000
900
1000
1100
2600
1600
1100
1000
1000
1400
1000
1000
1000
1000
1000
800
1000
1100
900
1100
1000
1300
1000
1000
1500
900
900
1100
1000
1000
1000
900
1000
1200
1100
900
1000
1000
900
1000
1000
900
900
1000
1100
1100
900
1100
1000
1000
1100
1000
1100
1000
1200
1100
1000
1300
1000
1000
1100
1000
1000
1300
2400
800
800
600
600
600
600
600
600
600
700
600
600
700
600
600
600
600
500
600
600
600
600
500
600
600
600
500
500
600
600
600
600
500
500
600
600
700
600
600
600
600
500
800
600
600
600
600
600
700
600
600
600
500
600
700
600
500
500
500
1700
900
700
700
700
600
800
600
500
600
600
600
700
700
600
600
600
600
600
800
700
600
600
500
600
700
600
600
500
500
600
800
600
600
600
500
500
800
600
600
600
600
600
5200
700
700
600
600
600
800
700
600
600
600
600
700
600
1000
700
600
