18100
2100
1200
1200
1100
1200
1100
1100
1200
1200
1600
1100
1000
1000
1100
1300
1100
1000
1100
1200
1600
1100
1100
1000
1100
900
1400
1100
1100
1100
1300
1200
1100
1100
900
900
1000
1300
1000
1000
1400
1100
1100
1000
1200
1000
900
900
1000
1600
1300
1200
1000
1000
1300
1100
1000
900
800
1000
3200
1100
700
1000
700
600
600
800
600
500
1100
700
600
700
600
700
600
600
800
600
1200
700
600
700
800
700
500
600
500
600
700
700
600
600
600
500
700
500
600
700
1200
800
600
700
600
600
600
600
600
600
600
600
800
600
600
600
600
600
1000
600
2200
900
900
600
600
700
600
500
800
600
700
600
600
700
700
600
600
500
500
600
900
600
500
600
600
500
600
500
500
600
600
600
600
600
500
600
600
600
800
500
700
600
500
500
500
500
500
500
700
500
600
600
600
600
4700
600
500
500
600
500
1400
800
600
800
800
500
700
600
600
500
900
600
600
500
600
1000
1200
1400
600
600
600
600
800
600
600
600
600
500
700
600
600
600
500
700
800
500
600
600
500
500
800
600
500
1300
600
1700
700
600
500
600
600
600
800
600
600
600
600
600
700
600
2000
1100
700
600
600
800
700
600
600
800
800
600
700
600
700
800
600
600
600
600
700
700
700
600
700
700
600
600
600
600
700
600
800
600
700
600
600
600
800
600
700
600
700
600
700
600
600
600
600
500
800
600
600
600
600
600
600
600
600
600
1700
700
600
600
800
600
600
700
600
600
700
600
700
500
600
600
600
500
1900
600
600
600
500
600
600
500
500
600
600
600
800
600
700
600
500
600
700
500
600
500
600
600
700
600
600
600
600
600
700
400
600
600
500
600
800
500
600
500
500
500
900
600
600
600
700
700
600
800
600
700
600
1200
600
600
700
600
500
500
600
500
600
600
600
700
700
600
600
500
600
600
800
600
500
600
600
600
700
600
600
500
700
600
800
600
600
600
500
600
700
600
600
500
600
600
4800
700
600
600
600
500
1000
600
700
600
900
600
600
600
600
600
1100
700
600
700
600
600
900
600
600
600
700
600
900
600
600
700
600
600
600
600
600
700
600
800
600
700
600
600
600
900
700
700
600
700
600
800
600
600
500
600
600
900
600
600
600
600
600
600
700
700
1300
700
800
600
800
600
600
600
600
600
600
800
600
500
600
600
600
900
500
500
600
700
600
800
500
600
600
600
600
800
600
600
600
600
700
600
600
600
600
600
800
600
600
600
600
600
600
500
600
500
600
600
4800
700
600
500
1500
600
900
500
6300
800
700
700
600
600
800
700
600
600
800
700
700
600
700
600
600
600
600
800
800
600
600
600
600
600
600
600
600
700
700
800
700
700
600
500
600
800
600
600
700
700
600
900
600
600
600
600
600
800
700
700
600
600
600
700
600
600
600
500
