19500
3800
8000
1000
600
600
500
500
800
600
1000
700
600
800
500
600
600
600
600
700
800
700
600
600
800
600
500
600
700
1000
1000
600
600
600
600
800
500
600
600
500
700
600
500
600
600
600
600
800
600
500
800
700
800
600
600
600
600
500
1000
600
2300
1000
600
600
600
600
500
700
1100
600
800
600
700
600
500
700
500
800
600
600
2200
700
600
700
600
600
600
600
600
1000
700
700
800
700
600
1000
1200
700
600
700
600
800
600
600
700
600
600
800
600
600
600
600
700
600
600
600
600
600
700
700
2100
800
500
700
600
1000
800
700
600
700
800
600
800
600
700
600
500
600
800
700
700
600
700
600
800
600
600
600
600
600
1000
600
600
600
700
600
800
600
600
500
700
700
900
600
600
600
600
600
600
600
700
700
800
700
700
700
700
600
900
600
1700
800
600
700
600
600
900
1200
700
700
700
600
2300
600
600
600
600
600
700
600
600
700
700
1800
700
600
600
600
500
1600
700
500
700
600
600
1600
700
500
500
600
700
1600
600
600
600
1900
700
1900
700
500
600
600
600
1800
700
600
600
600
600
2400
1100
700
700
600
600
600
600
600
600
700
700
600
600
700
600
600
600
800
600
600
700
600
600
600
800
700
600
500
600
600
700
600
600
600
700
600
600
600
600
700
600
600
600
600
600
500
600
700
700
600
700
700
700
4900
700
600
700
600
600
800
3000
1100
1000
900
900
1000
1500
1000
1000
1100
1100
1000
1000
900
1000
1100
1000
900
900
900
1100
1200
900
900
900
1000
900
1000
900
900
1000
900
1000
1000
1000
900
900
900
1000
1000
900
900
900
900
900
1000
1000
900
900
900
900
1000
1000
1000
1000
1000
1300
900
1300
3200
2500
2300
1100
1300
5200
1100
1200
1100
1100
1000
7100
1200
1100
1000
1100
1000
1200
900
1000
1100
1200
1000
1200
1100
1000
1000
900
1000
1200
1100
1000
900
1000
1300
1000
1000
1000
1000
1000
1300
1100
1100
1000
1100
1000
1300
1000
1000
1000
1000
1100
1300
1000
1000
1000
1000
1000
1000
900
1000
2800
1300
900
1000
1200
1000
900
900
1000
900
1300
1000
900
1000
900
1000
1000
900
1000
900
1000
1200
900
900
1000
900
1000
1200
1000
900
1100
1000
900
7700
900
1000
1000
1000
900
1000
1000
900
1000
900
900
1000
900
900
900
1000
1000
1000
1100
900
1000
1000
900
1000
1200
900
2000
1300
1000
1000
1100
1400
1100
1200
1100
1000
1100
7100
1200
1100
1100
1200
1100
1300
1200
1100
1200
1200
1100
1200
1100
1100
1000
900
1100
1200
1100
2100
1100
1200
1100
1400
1000
1100
1100
1100
1100
1300
1100
900
1100
1900
1100
1300
1100
1100
1100
1100
1400
1000
900
1100
1000
1000
1100
1100
4900
1700
2300
3100
1200
1200
1100
1000
1000
1000
1500
1000
1200
1200
1700
1500
1000
1000
1200
1300
1100
1500
1100
1500
1400
1100
1100
1300
1100
1300
1200
1200
1000
1300
1000
1000
1000
1000
1100
1200
1100
1000
1000
1100
1000
1200
1000
1000
1000
1100
1100
1300
1000
1000
1100
1000
1000
1200
900
1200
