20600
5500
700
700
600
600
600
900
700
600
1200
700
600
900
700
800
700
700
700
900
800
700
700
600
700
600
600
600
600
600
2100
700
600
600
600
800
600
600
600
600
1000
700
600
600
600
600
6000
700
600
600
800
900
600
600
600
600
600
700
600
700
2300
1500
600
3500
700
600
500
500
600
500
800
500
600
600
800
600
500
600
500
600
700
600
500
500
600
800
500
500
600
500
700
1200
600
600
600
600
500
700
500
600
700
600
500
800
500
600
500
600
600
700
600
600
500
500
700
600
600
600
500
600
2300
1000
700
500
700
600
1000
600
600
500
700
600
800
500
600
600
500
500
700
700
800
700
600
500
1000
500
600
600
500
600
900
600
600
600
600
600
3400
600
500
600
800
700
700
500
500
500
500
600
500
600
600
600
600
600
500
600
600
500
700
500
1200
800
700
700
700
600
600
500
600
600
700
700
700
600
500
800
600
700
800
1100
700
700
600
500
500
700
500
800
600
700
600
600
700
600
600
500
600
500
700
800
900
700
500
500
700
1900
700
600
500
600
900
700
600
500
600
600
500
600
600
600
2300
1000
1200
900
1000
900
1000
1000
900
900
1000
900
1600
900
800
900
900
900
1000
900
1000
1400
900
900
900
900
900
1100
1000
900
900
900
900
900
1000
1000
1000
900
900
900
1000
900
1000
900
900
900
900
900
900
900
1000
1200
900
1000
900
1000
900
1100
900
900
1600
900
900
900
900
1100
1000
1000
1000
800
900
1000
1000
900
900
900
1100
900
900
900
1100
1000
900
900
900
900
900
900
900
1700
1000
900
1000
800
1200
1000
1000
900
900
1000
1200
1000
900
900
900
900
4600
1000
900
800
1000
1000
900
1300
1000
900
900
900
900
1100
2700
1000
700
700
700
600
600
600
500
600
700
600
500
500
500
500
600
600
500
500
600
800
600
500
500
500
600
700
700
600
600
500
600
700
600
500
500
600
600
800
600
600
500
500
600
600
500
600
500
500
600
600
600
600
500
1100
700
800
600
600
1000
700
800
600
600
600
600
600
800
500
700
600
600
700
600
500
500
700
600
600
700
600
600
600
600
700
500
600
500
400
600
800
600
600
600
500
500
800
800
600
600
700
600
700
600
600
500
600
600
700
600
600
500
600
500
700
600
600
500
600
1000
1100
600
1000
600
600
600
700
500
600
700
600
500
800
500
600
600
500
500
700
600
600
600
600
600
800
600
600
600
600
1300
700
600
700
600
600
600
600
600
600
700
800
600
600
600
500
600
800
600
600
1000
1100
800
600
600
600
500
500
500
800
2300
900
700
700
700
1000
600
600
700
800
3300
700
600
600
600
600
800
600
600
1200
600
600
700
500
600
500
600
600
700
600
800
600
600
600
800
600
600
500
600
600
800
600
500
600
600
600
800
600
500
600
600
600
800
600
600
600
600
500
700
500
