24400
1600
800
700
1000
600
700
600
500
600
1200
600
600
500
600
800
600
500
600
600
1000
600
500
600
500
600
800
600
600
600
1600
700
600
600
500
600
600
6700
600
600
700
600
700
800
600
600
600
500
600
700
800
700
700
600
800
600
600
600
600
500
3400
1400
900
1200
800
800
1000
1100
1100
1400
1400
1100
1100
900
1200
1000
1000
800
900
1500
1100
700
600
600
700
600
800
600
600
600
600
600
4900
600
1000
700
500
600
800
600
700
500
600
600
600
600
600
600
600
700
600
600
600
500
600
800
600
500
600
600
6100
3500
700
600
600
600
600
600
800
800
900
700
600
600
600
800
500
500
600
600
800
900
600
600
700
600
600
900
600
600
600
600
700
800
600
600
600
600
600
800
600
600
500
600
800
600
500
600
500
900
600
700
600
600
600
800
600
600
600
600
1800
800
800
700
600
500
800
900
600
600
700
900
600
600
600
500
500
700
700
500
700
600
600
800
500
600
500
1900
700
800
700
600
600
600
600
600
1000
600
600
600
600
800
500
600
500
1700
600
800
600
600
600
600
600
600
1200
500
600
600
700
800
2500
1200
1000
1000
1300
1000
1000
1100
1100
1200
1000
1100
1100
1100
1100
1400
1100
1000
1000
1000
1100
1100
1000
1000
1000
1000
1000
1100
1100
1000
1000
1000
1000
6700
1000
900
900
900
1000
1300
1000
1100
1000
1000
1000
900
1000
1100
1000
1000
1100
1400
1000
1000
1000
1000
1000
1100
1000
1000
1800
700
600
600
600
600
800
600
600
600
700
500
700
500
600
600
600
600
1100
900
700
600
600
500
900
500
500
600
500
600
600
500
500
600
600
5000
600
600
600
500
600
800
600
600
600
500
600
600
500
800
600
600
600
500
500
500
500
600
500
700
1400
700
700
600
600
1300
700
700
800
500
700
500
600
700
800
600
700
600
600
500
900
600
600
600
600
600
700
600
600
500
600
600
600
500
600
600
600
500
500
800
600
600
600
600
600
500
500
500
500
500
700
600
600
600
500
600
800
500
500
500
1200
700
600
700
600
800
600
600
600
500
600
700
600
600
600
600
600
700
500
600
600
600
600
800
600
800
600
600
600
5000
600
600
500
600
600
600
600
600
600
600
700
700
600
600
500
600
600
800
600
500
600
600
500
700
600
600
500
600
600
800
1300
700
800
700
600
600
700
1400
2600
600
700
600
500
1600
700
600
500
600
500
600
2100
1000
1000
900
900
800
2100
1200
1000
1200
1100
1200
900
900
1500
600
600
600
1900
500
600
500
600
1800
600
600
600
600
600
1700
700
600
600
600
600
1500
600
600
600
600
3200
800
700
1800
1500
600
900
600
600
1100
800
600
600
800
600
600
500
500
500
900
700
500
500
500
800
800
600
600
500
600
700
600
600
600
600
600
600
900
600
600
800
600
600
600
500
600
600
600
1100
1000
700
600
500
600
600
600
600
500
500
600
