9600
1000
700
700
700
1000
700
700
700
5800
1100
700
600
1400
700
700
700
600
700
700
1400
700
600
600
1400
800
900
600
700
700
800
700
600
700
600
600
600
900
700
600
800
700
600
600
600
600
600
700
700
800
900
600
700
600
600
600
600
700
700
700
16300
5700
1400
1000
1000
1000
1100
1000
1300
1000
1200
1100
1000
1000
900
1000
1000
1000
1000
1200
1000
1000
7400
900
1000
1100
1000
1000
1000
900
1200
1200
1000
1100
1000
1100
7100
1300
1100
1800
1200
1200
1100
5600
1100
900
1100
900
900
800
900
1000
900
1000
900
1000
1000
1000
900
900
8300
900
700
700
600
600
600
500
600
600
800
600
500
500
600
600
600
600
500
600
900
600
600
500
600
600
600
600
500
700
600
600
800
700
700
600
600
600
800
600
800
600
500
600
600
500
500
600
600
900
600
500
600
600
600
800
500
600
600
500
3400
1500
1000
1000
1000
1600
1000
1100
1100
1000
1300
1300
1100
1100
1100
1100
1000
1100
1100
1000
1400
1100
1300
1100
1200
1100
1100
1100
1500
1100
1000
1000
1000
1000
1200
900
1100
1000
1100
1100
1100
1200
1100
1000
1000
3100
1100
1100
1900
1100
1200
1300
1100
1100
1100
1000
1100
1200
1100
1100
3800
1400
1100
1400
1000
1000
1000
1000
900
1100
1100
1300
1000
1100
1000
900
1000
1200
1000
900
1300
1000
1000
5300
1000
900
800
900
900
1000
1000
900
900
1000
1000
1100
900
900
900
900
1100
900
900
900
900
900
900
1200
900
900
900
900
900
1200
900
900
900
900
900
1300
3500
1300
900
1800
1600
900
116900
1100
1100
1100
1300
1100
1100
1000
1100
1100
5700
1100
1100
1000
1100
900
1100
1000
1000
1100
800
1800
1300
900
1100
1000
1000
1000
1100
1100
1100
1000
900
1000
1300
1100
1100
1000
1100
1200
1100
900
1000
1000
1100
1300
1000
1000
1000
900
1100
1300
1000
1000
2200
1200
800
600
500
600
800
600
600
600
1500
600
700
600
600
700
600
600
600
600
700
600
900
600
600
500
600
600
600
500
600
700
600
600
600
600
500
600
500
600
900
800
700
600
500
500
800
700
600
500
700
600
600
500
500
600
600
800
700
600
1500
900
600
600
600
600
600
800
700
600
700
700
600
600
600
600
800
600
600
800
700
500
600
600
600
600
600
700
600
600
700
700
600
600
600
600
700
600
600
600
600
600
3500
600
600
500
500
500
900
600
700
600
500
600
700
700
600
600
600
600
3000
1700
1100
1000
1300
1100
1000
1100
1100
1200
1400
1000
1100
1000
1100
1000
5100
900
1100
1000
1200
1000
1100
1000
1200
1000
1000
1000
1300
1100
1200
1000
1000
1100
1000
1000
900
1000
1000
1200
1100
1000
1000
1000
1000
1200
1000
1100
1000
1100
1100
1200
1000
1200
1100
900
1000
1100
1000
900
3300
1300
900
2000
1100
1000
900
1200
1100
1900
1000
1100
1100
1100
1300
1000
1000
1100
1100
1000
1300
1000
900
1100
1100
1100
1400
1200
1000
1100
1100
1100
900
1000
1100
1100
1000
5500
1100
1100
1100
1000
1100
1300
1100
1000
1000
1000
1100
1300
1100
1100
1100
1000
1100
1000
1100
1100
1000
1000
