57200
16500
33000
5200
1352100
20000
69000
8800
10200
72000
26800
89000
14000
11900
79600
27200
11400
11700
17300
12000
71700
13400
13900
20600
18500
16400
310300
18500
15500
15000
107400
16000
15000
104300
16600
18000
17200
16800
19000
18400
126800
22500
18500
179100
17400
19900
58900
23900
23800
20500
40000
6500
7300
75700
8000
42700
7000
41700
7300
7500
20600
83300
12700
11100
63500
15100
10300
10900
14000
11000
52900
12200
13300
17200
12900
15200
250600
17800
19600
16600
113000
27400
21600
93600
25400
19200
20500
19700
21100
20200
114800
27900
22100
165500
27500
19500
48600
20700
31800
19900
27000
6300
7800
26100
8100
6600
12600
6700
7800
9800
17200
15500
9900
11500
75500
36600
80400
10400
9900
71600
54700
10900
10400
13600
12400
13500
202400
13100
11400
11200
71800
12100
11900
70800
13600
13800
17400
14300
14200
15100
106800
40000
15400
137600
16400
16400
41500
15800
18900
18100
22700
4700
4700
50200
7400
6200
5600
5900
6300
6400
22400
14900
10100
8000
58000
10200
66200
9800
10000
66900
22000
65600
14300
13300
176700
30900
11400
11200
11200
11300
76900
15600
12600
60600
13000
14200
13200
13400
13800
13900
82900
19600
16200
133500
17700
17300
38000
18000
20200
18000
7300
4800
5700
16000
5700
21200
19400
17500
6700
6500
8900
7500
9000
8200
57700
9600
23600
13000
10500
28900
18500
45100
13300
12800
39800
11000
12300
11700
11300
11700
37800
12400
12700
16300
13200
15700
152700
6200
6400
5900
79500
10100
7200
97900
6900
8300
25900
6700
9000
6700
19400
3200
3700
16400
4200
3900
15100
3300
3000
3100
4500
10400
5000
4300
39600
11600
16800
4900
5100
20800
14700
48200
7300
9200
34300
18100
5100
5100
5000
4800
36300
16800
5600
9300
5900
17900
134700
24800
6100
6800
57100
8000
7000
60900
6900
7200
28200
6600
6500
6800
15100
9000
7300
7500
7300
7600
7400
8600
7500
7500
227300
31800
16600
16600
16300
15800
142600
17800
17600
14900
20200
18000
16200
15800
16500
15500
201500
18800
15400
21900
29600
15900
16200
18000
16200
16300
15600
16200
15700
184700
423100
12000
7100
9600
8600
9500
9900
7200
12800
68900
18600
75800
9000
8700
9200
8600
8600
8600
14100
14000
86800
9500
9600
13700
9500
10000
73900
9800
12100
16100
13800
10000
10100
9500
11100
10100
68500
9500
10100
11800
14500
11200
10600
15200
10800
11100
11000
14700
10700
81900
116300
6800
6300
9500
8400
9400
9400
7400
6500
28700
14100
8500
37400
5900
4900
4700
4900
4700
4700
10100
9000
5900
5500
5900
5200
6200
5200
5400
5500
35000
12800
9300
11800
17300
15600
11100
68400
10900
11500
17400
12600
10500
9900
68500
10400
10600
10500
10100
10200
66700
110200
6200
7700
7400
7000
9600
8700
6100
9400
33300
7800
4600
5200
4800
4900
4600
4900
4600
4800
5700
6700
5900
5400
5400
5100
114700
5200
5500
6100
35000
32200
5600
5900
5900
5600
5800
32700
5900
7400
6000
9300
5800
5900
6700
5800
5700
5900
5600
6200
35300
60100
3500
3700
4600
4400
5100
5400
3700
3700
13400
7800
4800
4500
5300
4700
29200
5000
4800
4900
5200
8700
5700
5400
5300
7800
5200
5300
5300
5200
5400
44100
10100
9600
10600
11200
11000
48700
12300
10300
16600
20500
11900
10700
9600
10800
9300
58200
10500
14100
11200
71600
6900
6200
8100
8200
8900
9300
6500
6500
102200
10600
7000
7000
7200
7200
6900
6800
6900
7500
8400
9700
17800
7600
8000
7900
8200
8200
8800
7800
8700
43200
8500
13400
9000
11600
9100
34900
9200
11300
9700
13100
8600
10300
8600
11600
8800
47800
8400
9000
13000
71100
6300
7400
10300
6100
7000
27900
5500
4400
22000
10000
7100
7200
7300
7100
6900
8600
7000
7400
7200
8900
7800
9000
7500
8100
64200
4700
4800
4500
8800
5800
4800
22300
5000
4900
5200
4900
5300
7400
11400
6500
19400
5000
16800
18000
5300
23400
6200
5000
5100
36400
3500
7500
3600
12700
3700
9800
3600
3600
4900
6800
4400
3800
4100
3800
4400
4100
4500
7200
4300
5200
4700
5100
4800
4600
18300
4500
4600
4400
4700
5500
4700
16700
4900
5200
5200
4800
5000
6400
9000
8000
18900
4800
16400
17200
5100
20100
6000
4900
5100
35400
3300
7300
3400
9700
6200
9700
3400
3600
4700
6000
4300
3800
4100
3800
4300
4000
4300
4800
4200
4800
4600
4900
4400
18300
4600
5300
6300
4900
7400
5400
4700
16000
4900
4700
5000
4800
5000
6100
6000
5800
17900
5000
16600
17700
5000
22800
6000
5100
5100
35700
3600
7100
3400
10000
3300
9600
3400
4400
4600
6200
4300
3700
4100
14200
4200
6700
4500
4200
4800
4900
4700
4500
5000
4600
4400
5400
4700
4400
4600
5300
4800
6100
5000
4800
18700
5000
4900
4900
5000
5700
17500
5600
16600
18800
5100
20200
5900
5600
4900
35200
4200
7300
3500
9900
3400
12700
3500
3500
4400
6200
4200
5600
4300
3900
4300
4000
4400
4300
4200
4800
4500
4200
15100
4300
4500
5200
4500
4600
4600
8000
5700
6100
4900
19000
18900
5000
5500
5100
4900
5800
4900
16800
16800
7000
7800
12100
18000
6500
8100
58900
5400
8500
3500
9900
3600
9500
3400
3700
4900
5500
4300
3800
4900
3800
4300
22400
4400
4000
4400
4900
4500
4500
4300
4600
4400
5500
4600
4400
4700
5200
5000
5500
5000
5400
19100
5000
5000
5000
5100
5600
4900
17200
5200
4900
5100
5200
4800
7700
6200
35400
7900
6700
7200
7500
3500
8800
7500
3600
9700
5600
4300
3900
4300
3900
4000
4400
6700
4300
4000
5100
5100
4900
4600
4600
4500
4600
4500
4600
4600
5500
4900
4700
4900
5600
30400
5000
5500
5000
5100
8600
5600
7800
5700
5600
5300
18100
5000
27000
19400
36200
3500
3600
4600
4300
10500
3600
3500
3900
3500
5500
3900
3900
4000
4200
5400
4000
4000
3900
4100
4800
4700
4600
4200
4500
4300
4400
4500
5100
4800
5400
4600
4700
4600
8200
22700
4900
4700
5500
4800
5800
5500
6100
5600
5700
4900
18400
5000
26300
22000
35100
3300
3300
4300
4400
7600
3900
3500
3600
4000
5200
4000
3800
4400
4400
4100
4000
4000
4100
4200
4800
4600
4200
4500
4300
7100
4400
4300
4700
4600
5400
4900
4600
4900
5500
21700
4800
5000
4900
5000
5700
5600
5800
5600
4900
5100
19700
4900
25900
20200
35500
3400
3300
4300
4300
7500
3500
3500
3500
3400
5700
3900
4200
4300
4400
6700
4000
4200
3900
4300
4800
5000
4500
4400
4400
4900
4700
4400
4500
4700
5300
5400
5000
4900
5400
4900
4900
5100
4900
29300
9500
5500
5900
5500
4800
5200
17000
5100
26200
19100
36600
3300
3500
4200
4800
10200
3600
3500
3700
3400
5000
4000
3800
4300
4500
4100
3900
4300
4300
4500
18400
4500
4500
4600
4800
4700
4600
4700
4600
28800
16500
6000
4900
5100
4900
5100
5000
4900
5200
5100
5600
5200
5200
4900
6000
22800
5000
5200
8100
5100
34200
3500
3300
4300
4900
7600
3400
3600
4800
3700
5200
4100
3800
4400
4200
4200
4000
4000
4100
4200
4700
4500
4300
7200
4400
4600
4500
4600
4700
4600
5300
5600
5000
4700
5300
4800
5200
4900
5100
5100
16100
4800
5000
4800
5700
24200
5100
4900
5100
5200
38600
4400
4800
4400
3600
3500
8500
3700
11700
8900
5300
4400
3900
4000
4200
4300
3900
4200
4700
4200
4900
4300
4900
4700
4200
6200
6100
4600
5500
4600
6300
6000
4900
5800
6900
5000
6000
5600
5600
6100
8400
5000
24100
5800
5200
5400
19800
5200
5100
5400
36100
5200
7600
3700
4300
4500
3700
4700
3700
5500
5600
3800
3900
3900
7000
4700
4000
4000
3900
4200
5000
4900
5000
10300
8800
5200
5100
4500
4600
4600
6100
4700
4700
4900
5700
4700
5000
4800
5600
7600
7100
4800
21900
4800
5000
4900
25300
5500
5000
5400
37500
4400
7400
3300
4500
4400
6300
4700
3500
4800
9200
8000
4000
4200
4100
4300
4100
3700
4100
4000
4700
6500
4500
4200
5000
4600
4300
4400
4300
4500
5900
4600
7500
4800
5300
4900
4700
4900
5600
4900
6500
5000
21900
4800
5000
4700
18800
5400
5000
4800
42600
4900
7200
3400
4300
4500
3300
4400
3800
5200
5000
3900
3700
4000
3900
4300
3900
3900
4100
4000
4800
4900
4400
4400
4800
7200
4500
4400
4600
4300
5300
4800
6800
5400
4900
5600
5300
5100
5000
5000
6600
4700
21000
5000
4800
5000
21200
4900
5300
4900
37200
4900
7200
3500
4500
4400
3300
4400
3600
4900
5100
3700
3800
16600
4000
7000
4400
4000
3900
20100
4600
4700
4800
4500
4600
4600
4500
4500
4400
4500
5200
4500
5600
5000
4500
5400
5400
5000
4800
9200
6000
5100
4800
5000
5800
4800
4900
4800
5800
5100
36400
4300
7300
3300
4400
4500
3500
4400
3500
7700
5900
3700
13800
3900
4200
4600
3900
4000
4000
4200
4700
5200
4300
4400
6400
4600
4500
4300
4700
4400
5300
4900
8300
4900
4900
6000
5800
5200
4800
5100
5800
9700
6900
5200
6800
5000
5100
6000
6000
5000
38600
3400
13200
3500
3500
3500
8200
3400
3500
3400
5600
3800
6700
3900
4100
3800
4100
3900
4100
4000
5100
4500
4200
4600
4200
4500
4500
4700
4600
4400
5700
4900
5300
4700
4900
5300
5100
4900
4800
7500
5700
5600
4700
5200
4900
5700
5700
5600
4900
7300
34600
3400
7200
3400
3700
4800
3700
4400
3500
3600
4800
3800
3700
4200
4200
4000
3700
4000
3900
4100
4900
4200
4600
4100
4300
4300
4600
4800
4300
4500
5300
4600
5300
4700
4600
5200
4700
5000
4700
4900
8200
5700
4900
5100
4800
5400
5300
4900
5000
4800
35000
3300
6900
3100
3200
4300
3400
4700
3700
3400
5300
3800
3800
5300
7100
4000
4000
4000
4200
4000
4700
4300
4200
4600
4500
4500
4600
4900
4300
4600
5400
4900
5100
4800
4700
5200
4900
4800
4900
4600
8600
5300
5500
5400
4600
5400
5400
4700
5000
4900
33800
3400
6400
3300
3300
4500
3700
4300
3400
3600
4900
3700
3800
3700
4900
6500
3800
4100
3900
4100
4500
4200
4300
4200
4600
4300
4600
4900
4700
4600
5900
6200
5000
4500
4900
4600
5100
5500
4700
5000
5500
8000
4800
4800
5000
5300
5400
5100
11100
7100
35000
3200
6800
3200
3400
4400
3400
4300
4100
3300
5100
3700
3600
3900
4500
3900
7000
4100
5200
4000
4600
4400
4200
4500
4300
4500
4300
4600
4400
4300
6000
4700
4500
5200
4700
4900
5000
5500
4900
5100
5400
4900
8200
5000
4800
6300
5000
6300
5200
4900
35800
3500
6600
3400
3300
4300
3700
4300
3400
3300
4700
3600
4000
3700
4300
4100
3900
6600
4100
4300
11900
4600
4200
4500
4300
4700
5500
4500
4500
4900
5700
4800
4700
4800
4800
4700
5000
5300
4800
5700
5700
4700
8600
4900
4700
6000
5200
5000
5000
4800
34900
4300
3200
3600
3200
4700
4200
3400
3400
4900
5500
3700
4000
3800
4000
5500
4100
3800
4000
4100
4400
4400
4100
5600
4500
4100
7100
4800
4400
4200
5200
4700
4600
5300
4800
4500
5000
4900
25100
5400
6000
4800
5000
4800
5000
5700
4900
5300
5000
7900
48400
4800
3400
4100
3500
3600
3500
3600
3500
4500
5300
3700
3900
4000
3700
3900
3900
4000
3800
6900
4800
4200
4300
4600
5000
4200
4400
4800
4300
4400
5200
4600
4700
5200
4600
4900
4800
5500
24500
5400
5600
4800
8100
4700
5000
5700
5000
4700
5100
4700
47400
4600
3400
3300
3300
3200
3300
3400
3200
4400
5600
3800
4100
3900
3800
3800
6800
4100
4100
4300
4700
4200
4200
4400
4200
5000
4500
4200
4600
4400
5300
4800
4500
5200
4800
23900
18300
10400
58900
12200
15000
11300
11000
9500
10900
12200
9900
10700
12400
10300
99200
10100
6500
7500
6400
10600
6100
6000
7000
9400
8900
7800
6500
12000
6700
7000
6900
7000
6900
45500
8200
8000
7800
7800
7400
8900
8000
7700
8100
7900
9000
8400
8600
9300
8500
8600
8500
14300
8700
9000
10500
9300
8400
8500
12600
9800
9700
8600
8800
8400
92000
8600
6200
5900
5900
6000
6200
6000
6100
8000
13500
6800
6900
6900
6900
6900
7500
6800
7300
6900
8300
7800
7900
7800
8100
8900
8300
7800
8800
11100
9300
8800
8600
9700
8900
8100
8600
14100
8700
8800
9900
8700
8500
10000
8600
8800
8700
8900
49000
11300
90200
8800
6100
5800
6100
6100
6200
10300
6300
11000
9800
7000
7100
7200
6900
9600
7700
7000
7400
7400
8600
7800
8200
7900
8200
8400
8100
7800
8000
7900
9100
8600
9500
9700
13000
8400
8700
9400
8500
8700
9500
8400
8300
9600
8400
8400
8700
8500
50000
10100
67000
6600
6400
6100
6100
11200
15700
6300
8000
6400
10700
6800
6900
7600
6900
10100
8400
11500
7400
6900
8300
8000
7600
8800
7500
7900
7700
8100
7800
8000
9200
8500
8700
8600
8600
8700
9200
9100
8400
9700
10700
8900
12700
8900
9200
8600
9200
8700
8800
9000
70300
6300
6000
6200
6000
6000
8100
20300
6400
6300
10400
7900
6600
6500
6800
7300
6700
7100
7100
11700
8200
7900
7500
8400
8000
7600
7800
7800
7800
7900
9200
8300
8600
8200
8900
8400
9900
8800
8400
9800
10300
8700
8200
10900
12400
8300
10000
8300
8700
8700
65800
6800
5700
6400
5900
6100
7900
44300
6500
6200
9600
6600
7000
6900
7200
7000
6900
7300
7200
7900
8500
12200
8500
8700
7200
7600
10100
8700
10200
8600
9000
8900
8400
8000
8300
8200
9500
8400
8200
9500
10000
8700
8900
8800
8300
8200
12300
8200
8800
8700
65900
6200
5700
6400
6200
5700
7300
52200
6000
5700
11100
7800
6200
6300
6000
6000
6500
6900
6800
7500
7800
7500
7600
12900
8000
8700
7800
8700
8100
7700
9400
8800
8600
10000
8900
8800
9200
8700
9500
9200
10200
8900
8700
9000
8800
8800
8800
9000
9100
13400
74500
7100
5600
6300
6400
5900
8200
17100
5900
6300
9500
6900
7000
7300
6600
6800
6900
7100
6600
8400
8000
7800
7600
9100
7700
7700
17600
12500
10900
10200
13300
11700
13200
19600
14200
12900
13200
12900
17300
15600
9200
8500
22300
9000
9000
9100
10300
8600
9200
10300
75000
6300
6000
5600
6000
5700
7500
16000
5900
6300
9900
7000
7100
7300
7000
7300
6700
7700
7300
8500
8500
7800
32900
8700
7700
11900
8500
9000
7800
7900
9300
8700
8500
10100
8400
8800
8500
8700
9000
8800
9600
8800
8600
8800
8900
8500
10500
8700
8500
10500
72100
6600
6300
6000
6200
5500
14600
6600
5300
5900
16100
7100
7000
7500
7400
6900
6900
6800
35600
7400
8800
8000
8100
7500
10900
8000
9100
8300
8100
9100
9700
8800
8800
9000
8800
14500
9800
10500
8400
10100
10700
9200
32300
11700
9300
9300
10900
9400
9300
11000
72800
6300
8700
10400
6400
6500
6300
6500
8800
6300
9400
7800
7300
35100
7200
7000
7200
7200
6900
8200
9000
8000
8000
8100
8100
7800
9200
8400
8100
14000
10000
9400
8700
8800
8800
10100
9200
10600
9900
10100
10300
8900
32400
10600
9300
8900
10300
9000
9100
14200
78000
6000
8300
5800
5900
5600
6100
6200
8300
6200
9200
7400
6600
7000
6800
6900
7200
7100
7300
7400
7000
6400
8000
9000
12900
11100
9000
8100
47400
8200
9800
8300
8400
8700
8600
10200
8600
11900
9000
10000
10200
8700
30300
10100
12400
8800
10600
9600
8900
10800
70500
7200
8000
6900
6500
6200
6400
6300
8800
6100
8700
7800
6900
7000
6600
7200
7300
7000
11400
7800
8200
7900
7600
9000
9100
7800
8200
7800
36600
9100
9700
8700
8800
8800
9100
8800
10500
8900
9200
10500
13600
11000
30600
10500
9000
8700
11100
9100
9000
10700
70600
6400
8400
6100
6500
6100
6300
6200
9000
6500
8500
11600
6800
7100
7000
7200
6700
5900
5500
6400
7600
8800
7400
8800
8700
7900
8300
7600
36100
8200
9300
8300
8800
8500
32900
10100
10300
9200
9100
10200
10200
8700
9000
8700
8900
10600
8800
10500
8900
11000
71400
6200
8200
6000
13100
6100
6400
6000
8600
6500
8000
8300
6800
7000
6800
7200
7100
8100
7700
7900
8100
7900
7700
8900
8800
8300
7900
8100
37700
7900
10700
10000
9800
8300
9800
8900
11500
10000
8700
11200
10300
9800
8400
11500
9900
11700
8800
11300
10000
11600
74600
5800
13200
8300
6100
6200
8300
6100
6500
8500
11700
7700
35400
8100
6900
7300
7000
7200
7200
7400
8700
7700
7700
7900
7800
9800
8100
9000
8200
7900
16300
8600
8600
8500
8700
8500
7900
8700
8800
9000
10500
9000
8900
13300
9000
8900
9100
37900
10900
12500
75400
6100
8300
6100
6200
8500
8600
6300
17500
8800
9600
7000
7300
7600
7400
7100
7600
7500
7400
35400
9400
10100
7700
8000
7600
9300
7800
9300
8300
9000
10100
8800
9700
8700
9000
9000
8700
9100
9300
9100
14100
9100
8600
10500
8900
8700
8800
37200
10800
10800
70200
7900
8500
6200
6000
9200
8500
6400
21700
8900
8800
6900
7400
9500
7800
8100
7800
7300
7400
7200
9800
7900
38000
9100
8000
8000
8000
7900
8200
8100
13600
8700
8900
8700
9000
8800
8500
8800
10800
9100
10200
8700
8300
10500
8700
8500
9200
38200
11600
10700
76300
6200
8900
6300
6100
8100
8200
6300
16600
8500
8500
6600
6600
7100
6800
6900
7000
7500
7000
9000
9500
8000
40600
8500
7300
7900
7600
7900
7800
8200
9700
8700
8400
8600
8500
10400
8900
10100
8700
10100
11000
8900
8600
10300
8800
9300
12400
37700
11500
10700
72800
6400
8500
6400
6100
8400
8600
6300
16600
8500
8500
6900
7400
7900
11500
6800
7700
7600
7400
7300
9800
8000
36700
9800
8000
8200
7900
7800
8700
8400
9800
8700
8600
37400
8300
14700
9000
10500
8700
8900
9900
8400
9200
8700
8900
8700
9200
9000
8900
9200
70000
6200
8600
6700
6500
8400
13200
6300
16900
8800
9500
7000
7700
8100
7900
6400
7400
7200
6000
6100
11100
7800
36600
9400
7700
8000
7700
12500
8100
8100
9800
8800
34900
8600
8700
10900
8700
10800
9100
8800
10600
8600
8900
8600
8600
8600
8800
8600
13900
11200
76500
6700
6100
8800
6200
5900
6500
17000
9100
9300
