47400
1294900
7200
4600
4500
7900
5500
5200
5400
6100
25100
108500
35300
14800
39800
12500
13600
20000
51400
13500
78000
101600
22100
21000
16700
17000
19600
18900
62000
18900
113900
63200
134700
22100
128500
30500
201900
26000
24200
26500
122900
167200
25500
25600
199300
257700
30600
32300
25900
25800
24400
7400
6600
6800
6900
8800
11600
8700
8200
36100
13700
73400
32000
13600
36800
14000
12300
12300
41600
13500
55000
79800
16600
16500
16900
22500
24800
18800
64200
18100
66800
52100
98100
20700
120900
24400
142700
157900
28600
24900
124600
144600
24300
23000
161100
166000
29300
26000
24200
25400
17200
7700
44500
7200
18100
8500
22400
14600
8800
8700
22500
32100
11300
11200
12200
12600
16500
12800
12600
15700
75200
70000
19100
15700
16500
17200
17600
18800
46200
18500
59500
42000
101100
24100
93600
24500
116900
25200
21900
25800
90000
120200
24100
23000
136700
139800
29800
28000
25500
25200
14700
7700
7600
6900
25400
7600
7800
9000
9300
20600
13400
35800
12000
20200
14800
11500
13800
12800
12200
14800
22500
66600
24000
17800
35000
27100
16800
16100
31800
18000
52500
41900
88500
20900
89100
22700
109600
22200
19000
22200
104000
89200
26100
25700
91900
93700
32400
24600
26600
31400
21100
8400
12100
8300
7900
7700
8400
9200
8700
33700
18400
34700
12100
33600
11700
12800
12200
12600
13300
14300
21800
53100
20800
16900
54400
25700
7200
7700
18300
7500
36200
51600
13600
9800
10700
9900
11500
11300
27100
13100
52400
65900
10700
11100
69400
74200
15200
10900
11400
11200
4500
4400
3700
3500
3700
4900
4300
4400
3900
4000
27200
18500
5500
5700
6300
5700
6000
5700
6700
4700
10900
34100
13200
8800
44000
43400
7700
7900
17700
8200
45500
36800
12600
9500
9000
9200
14000
10600
24100
9900
53000
22900
44600
10700
48800
16900
71500
13700
59500
13900
10800
13700
7900
8500
8900
8300
9400
8300
8400
8500
11600
10100
9600
10000
12300
10100
8300
204900
24900
17300
21800
20800
19900
23500
20000
97800
19800
22300
18900
101100
35600
19400
24100
23600
162900
27100
41800
16800
136900
20000
193200
11600
24900
21800
13500
25000
13200
25000
10600
24100
12900
10600
9600
9200
14900
9500
9700
10200
9900
10400
11700
11300
10900
11100
10800
12800
11000
90000
12700
11100
16500
14800
14500
15700
18400
40400
12400
14400
12300
49500
15500
14600
17400
20500
56200
15100
17700
15400
80100
15300
159800
10900
22500
15400
12900
23600
12800
22800
13200
23200
13500
10000
10200
10200
10400
9600
22400
10100
9700
10000
11800
13700
11400
13100
13200
11700
12600
11500
63500
12100
16700
15000
15000
13600
15400
48400
13400
15900
15100
88500
15900
13400
17700
15900
47300
14000
13500
13700
63400
12400
146800
10800
19700
14000
14000
22900
13500
20700
10300
23000
13600
10200
10000
9200
9700
9500
9600
11800
11900
11100
13500
12200
12200
12600
13600
11600
13400
12300
11200
12500
47700
40000
13500
11800
13600
15900
13900
59300
12900
13300
15400
13500
17100
16300
45900
13400
14100
13200
63800
14600
117600
13200
22800
13700
15800
21600
13000
22200
12300
23100
10900
8500
7600
7900
7600
8000
7900
8100
8100
8100
14300
10600
9400
9600
10700
32800
10500
10300
9700
9700
11800
11500
11300
11200
11200
15200
11800
51300
11900
16100
15100
15300
15500
13000
14700
43700
12500
16400
53200
40200
104000
11800
21000
13800
13400
26800
12800
21000
10400
21200
11100
8400
8400
33100
7800
8000
8100
8100
12600
8900
9700
10600
9800
38200
11200
9400
13600
9600
9800
10400
11300
10700
11000
11600
11100
13500
11500
51600
36500
10300
12600
14200
13900
11700
14400
32500
33400
14200
12500
40300
101100
12000
15000
17700
19600
10400
22500
10400
24500
10100
12400
19100
16900
7900
7800
35200
8400
8200
8300
8000
10100
9100
9300
13200
13100
9600
9600
9300
9600
9800
16100
12800
10900
10800
12700
12500
11000
11000
10800
11900
15400
12100
12100
11800
13800
12600
11700
11800
12400
51900
78900
19600
10200
9900
10800
9900
10400
10000
10000
13000
9800
7500
7800
7600
8100
10600
7600
36300
7800
8500
10100
9000
9100
10700
10200
13500
9700
9700
9500
9700
12400
13300
11200
10900
12100
12900
11200
11300
10800
11200
13500
11800
11800
12200
13700
11800
12600
17900
13900
55600
78300
20300
10700
10000
10000
10500
8900
9700
8700
13000
10900
7600
7400
7600
8000
9700
8100
8000
7800
8000
9600
10000
9100
15700
9400
42300
11600
9600
10700
10200
12000
13400
11300
12000
13000
12400
11200
11600
11000
11300
13800
12400
11700
11500
14200
15700
11900
12400
12200
51900
77600
19100
9800
10500
9800
10400
10000
10100
10500
12400
10100
8000
7700
8000
8200
8800
8100
7800
12100
8000
9800
9600
9300
9800
9400
36100
9600
11200
9800
10100
11300
10800
10700
12700
12900
11100
11000
11200
11500
11500
14100
15500
12300
11800
13700
13200
12000
12000
12300
49100
78800
20400
10400
9900
9600
9800
10500
9800
10800
13100
10800
7800
7600
7700
7800
8800
7800
8400
7900
8000
9800
9000
9300
9200
9100
36800
9600
45300
9600
10500
11400
13200
10900
13000
15700
11200
10700
12000
11500
12100
13400
14900
11800
12600
14100
14500
13100
12500
11900
13100
76500
20600
10500
9900
10500
13000
14000
10500
10200
14000
9900
8500
7700
7600
8100
8600
7700
7900
7500
7500
10300
9500
9500
9400
9600
38300
9700
10200
10400
10000
11300
10800
14600
12200
12100
11100
11500
11100
11300
13200
13300
16200
11400
12000
13500
13700
11700
12400
11800
12700
73000
10300
10800
10000
16300
10800
10000
20400
10300
24200
15100
8100
8200
11900
8700
8000
7900
8000
7800
8200
11000
9300
10600
9400
36600
9400
9600
9400
36400
9500
14300
10900
10900
11200
11300
34600
11400
11000
11300
11300
13700
12100
12500
11400
12200
12100
11600
12600
11700
12200
112600
9700
12200
10000
9800
10000
10100
13600
23900
10200
9500
7500
7600
8600
7900
8000
8400
7800
8200
8600
10900
9200
10000
9300
35300
9800
10300
9500
31500
9400
16400
10900
10300
10900
13900
30600
10900
11100
11200
11600
13100
21500
12500
12300
12200
12200
12100
11600
13100
12400
123500
11700
10100
10200
10800
12600
13500
10400
24400
11100
10300
8300
33600
9400
9000
32500
8500
8200
8400
9000
10200
9800
9700
9900
15400
10100
10400
9900
10100
10000
12300
11500
11300
11200
11600
35200
12000
11500
11800
11500
14300
12200
12100
12400
12100
12100
12800
12400
12500
16900
117300
10500
10600
10500
10700
10500
10300
11200
26200
10400
10600
26500
7800
8700
8100
8300
8300
8100
8500
8200
10200
9600
13400
10000
11000
9700
10000
10200
9800
9900
13400
11500
13200
11400
38700
11800
11600
11800
40400
11700
13600
12600
11900
15700
12700
12500
12100
13200
12600
12600
120000
9800
10200
10400
10000
10000
10000
9700
23000
10100
9700
7600
10100
8900
7900
7800
8100
9700
7900
9400
9600
10400
10100
10800
11700
9300
11700
9500
10500
10000
14800
10500
13100
12000
37500
11600
10700
11800
39300
13400
16500
12000
11500
11900
12100
33300
11700
11400
12500
12200
110700
10600
9900
10400
10100
10200
10600
10100
23000
10400
9100
11400
20100
8600
8100
8100
8100
8900
8200
10600
10200
9500
8600
9200
10700
10000
9300
9600
9400
9900
12800
11400
11700
11100
40500
12400
12200
11200
67600
13000
14500
12200
12400
12300
12100
36200
12800
12100
12300
12900
73900
11200
10500
10200
15000
10300
9800
8700
22900
5400
10200
10300
15100
7100
12100
7200
7400
7300
7300
8400
15800
7700
9100
8700
7800
8200
9100
9300
8200
8100
10600
8300
10000
8600
10200
9600
9300
15400
9000
9500
10500
8700
8800
8800
8800
41100
9300
9000
18800
10700
83600
9400
6800
6600
12900
6800
9500
6700
7000
6900
9900
7700
7900
7900
8000
8400
8400
8400
11400
8500
9600
8300
9900
8900
8800
8900
16600
9700
20800
9400
23000
14600
14900
13600
17800
15700
10100
11700
10400
10000
11600
9300
8800
9100
11200
37300
9700
8800
8300
9700
173900
9100
6800
6200
6400
6400
6400
6700
7000
6800
9600
7700
8000
12200
8100
8700
8400
10800
8800
8200
9200
9000
9800
8900
9100
8900
12800
8700
9000
10300
11500
9500
11000
9600
11100
10100
10000
11300
10000
10100
11400
9900
9900
9800
10000
36400
14400
10000
10900
10200
83600
8800
6300
6800
6400
6800
6500
6700
6700
6800
9200
7800
7600
8000
7700
8700
8600
8100
9200
8200
9000
12400
9900
10600
9100
9000
8500
9000
9000
10300
12300
10700
11200
10200
9700
11700
11900
18200
10000
10100
11400
9900
10300
10200
10100
33800
9700
9600
8700
10400
80300
8400
6100
6400
6200
6600
6300
6600
6500
7000
9100
7600
7500
7800
8300
8300
9800
12300
8400
8000
8800
8500
9300
8700
8600
8800
9000
8800
9000
9600
9900
9600
10200
9400
9400
9700
10700
10500
9900
10000
15300
35400
11100
10000
11000
9800
9800
11600
9900
9900
171500
8700
6500
6100
5700
5900
6400
6600
7500
6800
8700
12100
7600
7900
7500
8100
8200
7900
8400
7900
8600
8500
9500
8500
8900
8600
8700
8700
9100
11500
10100
9500
10200
9500
9600
9300
14000
11000
9900
9700
12300
9300
11200
9400
11000
9600
10300
12500
9700
9900
80600
6100
6400
6200
6500
15200
10200
6800
6600
6900
9900
8000
7700
8100
9400
8000
7600
13100
9400
8300
9200
8600
8600
8800
9300
9100
8900
8500
9000
9000
12100
9200
9300
9200
9600
9900
11700
10800
9900
9900
12000
12900
11100
10000
11000
9800
11100
9900
9900
10000
80300
6100
6400
8600
6200
8800
6600
6500
6500
9300
10300
7600
8300
8000
11700
7900
8000
8100
8700
9900
9500
8800
9800
8700
8500
8800
8700
9300
9000
9000
11100
9600
9300
9400
9500
9600
9500
10800
10100
13400
12300
9600
10900
9500
10700
10000
10900
9900
10000
10000
156700
6500
6200
8100
6400
8200
6400
6800
6400
8300
12800
7700
7700
8000
8100
8000
8200
7700
8400
8200
8500
8700
9100
9500
10700
8700
9100
8700
9700
8900
11000
9500
9400
11500
9500
9800
9500
13900
9900
9700
12100
9700
10700
9400
10800
9600
11700
9800
10100
9800
82700
6300
6400
7900
6600
8000
6700
9800
6500
8500
9300
7800
7800
8300
8200
9300
7800
7500
8200
8300
8500
8300
8500
8500
8400
8300
10300
8600
9200
9400
9500
9700
8900
13300
9200
9300
9300
9400
9600
9400
11800
9600
10100
9000
10200
9400
10400
9300
9700
9500
77100
6000
6000
8000
5900
10900
6300
6200
6400
8300
9200
8200
7400
8100
8200
7500
7500
7900
8500
7700
8800
8000
8300
8400
8600
8800
8200
9000
10400
9200
13900
9500
9800
9700
9900
9800
9900
10100
9700
9700
14100
10000
9700
9900
9800
9500
9900
11200
9700
10200
162300
6700
10000
8200
6300
8200
6500
6500
7000
9300
8900
8300
7700
8500
8700
8000
10100
8000
8700
8500
8800
8600
8800
9000
9000
8800
9300
8900
13500
9400
10300
9600
9400
9700
9700
9900
9600
10200
10000
9900
12300
9500
10300
9600
9600
9800
10100
11000
10100
10200
88500
5900
7900
6500
8000
6500
8200
6700
6600
7000
11200
7800
7800
8800
9000
7900
9200
7200
8900
7800
10500
11700
8400
10400
9500
8600
9700
10300
10000
8800
37300
11700
13600
9700
9500
9500
9300
8900
10400
9900
11000
9400
9800
11400
9200
10400
9200
8900
57700
9300
78400
18500
6300
8600
6600
8400
6700
6800
6700
6900
9000
7500
8900
8000
7900
8200
7900
7800
7600
8200
9900
8600
8800
9200
12000
8900
8800
8900
8900
9700
25100
10300
10400
10600
11400
9600
9900
9300
10900
10100
11100
9800
9400
11400
9800
14300
9700
9900
51800
10000
160200
13900
7900
9000
6400
8500
6600
6500
7000
6700
9300
7700
7500
8000
7800
8500
8200
8100
12000
8300
9000
8700
8700
8600
8700
8900
9700
8900
8900
9000
24600
10400
10400
10400
9200
9300
9100
9400
10500
9400
13700
8800
9700
11200
9800
11200
10500
11300
50600
9500
53800
12000
5000
6400
5700
6600
5800
6000
5200
5300
8300
22800
8000
8100
8400
8800
7900
8300
8100
8400
9300
8700
11000
8400
8600
8800
9600
8900
8800
9800
11900
9900
9700
10800
9600
12800
9500
9800
9700
10100
11000
9600
9300
11000
9600
10900
9700
9600
51600
9900
82800
12900
6500
8100
7100
11700
6800
6600
6700
6400
8800
8200
7500
7500
7900
8200
8200
8900
46000
7900
8600
8000
8200
7900
8300
7700
9100
8400
8500
8400
14100
8700
8700
10200
9300
8900
9100
9400
9500
9100
25400
10300
10800
10500
9300
9000
9300
9300
10500
9100
151200
16900
5900
8000
6100
7700
5900
6300
6100
6300
9200
10300
7000
7200
25200
8000
7100
7600
7200
7500
8400
7800
8100
7600
7500
12400
9100
8200
8200
8200
9700
8600
8500
9800
10100
9000
9200
9000
9400
9200
26400
10500
10100
10100
9000
9000
9700
13700
14200
9200
70100
6200
5800
8100
6000
8100
6000
5900
22600
6300
9400
7600
9500
7300
7600
7300
7300
7600
7400
7500
8500
8200
7700
9700
9100
8500
7700
8300
8800
13600
10300
9400
8800
8600
8700
8800
8800
10200
9400
8900
10500
9000
9100
8900
9100
10700
10900
9500
9300
9400
76600
6700
6400
6000
8300
6200
6200
6300
6300
6300
9700
7000
8600
7400
7700
7500
7600
7700
7400
7700
8900
8700
8400
9500
8200
8500
8400
8900
13300
8800
10100
9200
9300
9200
9200
8700
8600
12300
8700
9200
10500
8800
8400
8500
8900
10200
10800
9100
9300
9100
162200
15700
6000
10000
7700
8100
8600
8700
8600
8300
13700
10400
8200
9300
19500
7000
7500
7000
7300
7900
8200
8100
8000
8100
9200
8100
8100
13300
8100
8300
9800
9100
8300
9100
8900
9100
9500
10800
8800
10900
13100
9100
9300
9500
8800
11100
11800
9900
10200
10100
81000
7500
6300
6100
8000
6100
5300
5900
6300
7300
9500
7200
7400
7500
7200
7400
7200
7600
7500
7400
8300
7900
8100
8100
8800
8100
12900
8800
8900
9000
9200
9700
8800
10400
8600
9100
8800
11600
11000
8700
10500
9000
9000
9100
8900
10900
11000
10000
9200
13300
70900
6500
6100
5700
8600
19800
6500
6900
6500
7200
9300
8600
8000
7900
7600
8000
7900
8300
8300
8200
9000
10900
8800
8500
9500
12800
9200
9700
9200
9100
10100
10600
9500
11300
9700
10000
9800
9900
11100
10300
10900
9600
9600
9600
9500
9900
9800
11200
10900
10200
168100
6900
6600
6300
8300
6400
6400
6600
6700
6500
8800
7600
8200
7800
8000
8500
7900
8200
8100
102100
9000
7400
7200
7300
13400
5200
6800
8100
8000
7800
8600
7900
6700
9400
6700
7800
7000
5700
6100
5500
6000
5100
4800
5200
5000
5000
7800
9300
5300
5500
36500
10600
8100
3500
3700
4600
4500
4100
3500
3600
7000
4400
4000
3900
4100
3900
11800
3900
4000
4700
4600
4500
4500
4400
4500
4400
5000
26900
4400
4900
9100
5500
5300
4700
4800
4600
4800
4700
5400
5000
5600
5000
4800
5700
4900
4700
4900
23100
4800
5000
37800
3400
4400
4500
3300
4300
3400
3300
3400
3400
6100
3800
5300
4300
4200
3800
4100
4200
4200
4200
4400
4300
4400
4200
4400
4400
5000
23300
4300
4600
5300
5200
5300
4600
4700
5200
4800
4600
5400
5000
5400
4800
5000
10100
4900
4700
5000
21900
14200
5300
108400
3300
4400
4200
3300
4200
3300
3200
3300
3200
5700
3900
4100
4000
4200
3700
4000
4300
3900
4100
4300
8400
6100
4200
5400
4800
42000
5400
4300
5900
5800
6100
6100
4600
5500
4600
5700
4600
6300
5800
6200
5500
4600
6300
8200
6400
5600
25500
5100
5100
34900
3400
4200
4900
3300
4300
3500
3200
3200
3200
5900
3900
4100
4300
4100
3900
4000
7500
4000
4100
4500
4300
4500
4300
4400
5300
4300
6600
4300
6200
5100
4900
4600
4800
4700
4900
5500
24400
4700
4900
8000
5000
4500
5500
4800
4500
5400
33500
6300
5000
35400
3000
4200
4100
3400
4200
3200
3200
3300
3200
6400
4400
7100
4100
4100
3800
4000
4300
4000
4300
4400
4400
4600
4300
4400
4300
4400
4300
4500
5000
5100
4700
4900
4600
4700
4800
5200
24000
4900
4700
5300
5400
5500
18500
4900
4900
4800
4700
5600
5000
99200
3300
4200
4400
3400
7000
3200
3100
3300
3200
5200
3800
4000
4300
3900
4000
4000
4400
4000
4100
4600
4300
4300
4200
4400
4600
4200
4500
4300
5200
5000
4800
4500
7700
4700
5300
5600
20500
4700
4900
5300
5500
5500
4800
4600
4800
5100
4800
5600
4900
34600
3300
3100
8300
3500
3100
3400
8000
3300
3500
5700
7100
3900
4000
3800
4100
3900
4000
4300
4000
5200
4400
4200
4400
4100
4900
4500
4300
4900
4400
6200
4500
4800
4600
4800
5900
4700
7700
4700
4900
6900
4600
4800
5100
4700
4800
19400
4800
4600
4600
34300
3200
7400
3300
4400
7800
3500
4300
6300
3400
5600
3700
4400
3700
4000
4200
4200
4400
4000
4100
5100
4200
4300
4400
4000
5000
4300
4500
5000
4400
5200
4500
5200
4700
7400
5300
4600
5000
4600
4900
6500
4600
4800
4600
4700
5400
17900
4900
4700
5000
101100
3300
3300
3100
15900
7700
3100
4200
3400
3400
5200
5400
4100
3800
4000
4400
4200
4500
4000
4400
5000
5200
4700
4400
4400
4200
7800
5000
4900
4600
5300
4800
4400
4900
4500
5400
4900
4700
4800
4900
6100
4700
4500
4500
4800
4400
18200
4600
7400
5300
35700
3200
2900
4600
4200
7500
3100
4100
3200
3400
4900
4800
3800
4700
3900
4400
4100
4000
4200
3900
4600
4600
4200
7300
4200
4400
4200
4400
4900
4900
5900
4600
4800
4500
4700
5300
4600
4900
5800
5000
6100
5000
4400
4800
4600
4800
20000
4700
4900
4700
34600
3400
3000
4000
3800
7300
3500
6100
3200
3500
4900
4300
4100
3800
4000
4400
3900
4300
3900
4100
7200
4400
4400
4200
4400
4300
4300
4500
4700
4500
5400
4800
4400
4800
4500
5200
4900
4600
5200
4900
5600
4800
17800
7600
4600
5300
4700
5000
4700
4900
101800
3300
3300
2900
3900
7400
3100
4000
3500
3300
5200
3700
4000
3800
4000
4200
4200
7100
4000
4100
4400
15800
4500
4200
4500
4300
4500
4200
7800
4700
5600
4900
4500
4800
4600
5200
4900
4600
5300
5000
8300
4900
4600
4800
4900
5300
5100
6900
4900
4900
35700
3500
3200
3500
3300
3600
7400
3300
3500
3300
