1113300
10100
4200
4000
44600
4400
24500
4700
4700
5000
49200
33200
8000
11000
8700
14700
8300
8300
8800
8700
45900
52400
10600
13300
76900
12100
12200
11300
14200
180800
99000
21700
74100
15200
15100
14600
100000
14500
17400
15500
43200
76500
19200
100100
17400
18900
18000
70000
123200
18700
12700
4700
5300
4700
15800
39300
10300
6000
8700
5900
20400
23500
8000
10100
8700
8800
9100
8800
8700
9100
47900
42200
11100
15500
52600
11200
11500
11600
13900
207900
107700
20700
78600
17000
18800
20200
102000
17400
19400
25800
76300
106500
25300
107600
19600
24100
23000
84400
126400
21300
7800
4200
24300
5000
4700
6200
17800
7000
8300
7700
21900
9500
9900
20500
22300
10500
12600
10800
10600
12100
40100
44100
13000
14100
47100
13900
13700
18100
19000
121800
97000
21400
62400
18400
20000
17100
82800
18000
25500
17900
52200
86500
24700
93600
21000
34700
31300
62000
115400
11600
17100
14300
17000
3700
3900
18800
9800
18000
5600
4500
22500
16400
6000
8600
17100
5400
7600
5800
6000
13300
33100
15400
7300
11400
10100
32300
30100
7200
7400
15700
74800
13300
50500
8700
11200
9900
67100
16000
11000
10300
37300
62400
14700
88600
11600
13700
13400
47200
88400
12500
11300
27700
8300
4000
3700
3900
6800
29900
9300
4000
14900
5500
5800
5700
15400
5900
8200
5900
5700
5900
19200
16200
7200
11000
9900
22600
26000
7400
7400
7800
41600
36100
9000
9900
87500
9500
10000
9500
14800
97300
29800
40900
15500
50200
16800
14100
12900
42000
65400
11000
5300
20900
3700
4000
3700
5400
5700
30800
5100
4000
11400
5900
5800
23900
12100
6700
7400
6000
6300
5900
16900
26600
7100
11300
9700
7200
7000
11200
7700
7700
31900
31500
8500
9000
56600
9000
8600
9500
19600
75300
51600
14300
62600
11200
13100
11700
45900
10900
14100
16500
11500
8200
8500
8400
8900
11100
8600
8500
8300
14400
11700
13000
10000
10700
9900
10000
9900
16500
211100
26400
21800
121300
22100
22500
18900
19800
18400
105400
15200
198200
28500
32200
34000
94000
43300
59800
86400
14200
14900
78100
123100
22900
48000
11200
20300
10500
20400
47600
10800
11200
12600
10000
10800
10300
10000
10000
10100
10100
10700
9900
12900
14000
11600
11500
11500
12500
11500
11700
60500
11700
14800
39900
14700
14500
12900
17300
13200
66600
13400
150500
22900
29000
34500
104100
40600
58600
83200
14200
14300
79200
125600
20200
31100
10300
20900
10600
13900
30000
10700
11000
12700
9500
10100
9900
10300
9700
9600
14000
9900
11300
14400
11000
12600
12500
55100
11500
12700
12100
12500
11500
16600
40400
16900
16200
14900
15700
13400
74700
13300
153600
17300
29200
33400
100400
44100
42200
65700
13100
12600
56600
77200
18300
30600
11500
20700
17300
14000
29600
10800
10600
12700
8200
9700
9000
8800
36500
8400
8900
47500
8300
35200
9600
16300
9900
9700
9900
10600
9900
47500
11000
12900
16000
10500
11700
11500
43400
11300
12000
43500
11200
21000
26000
28300
73000
30900
43800
64400
12500
13100
70500
76800
20200
31600
10900
20800
10200
13900
51000
9100
7600
9100
5400
5200
5400
5400
30800
25100
6100
22000
29700
7200
15000
6600
6500
6600
6500
6400
10400
6600
6400
23500
10900
7700
7500
8000
7600
7400
7500
25300
7900
17400
34500
10200
9400
8200
9700
13100
48200
9100
65900
45900
12500
19300
7300
13600
12100
9600
18800
7200
7800
19400
5500
11900
5600
5500
5200
5200
5300
6200
21900
7400
6200
6500
6400
6300
6400
11300
6500
6600
6400
8300
14300
7400
8200
7400
7400
21100
7500
37300
7700
23900
21100
11100
14100
8400
9200
8700
31200
8400
65000
42200
16100
11000
27100
11600
14900
20000
7600
13600
22900
9500
5200
5500
7100
5300
5500
5300
5000
5600
5400
9300
6800
6800
6800
6700
7100
6500
6700
6800
6500
14600
7500
9100
8200
7300
7600
7600
7700
7800
7700
10000
9900
8400
8600
9700
8400
8500
8600
8600
9600
41800
12100
8000
8000
7300
8000
9000
9300
7900
10300
8100
5400
5200
5400
5800
5900
5500
5200
5500
5200
7000
6400
6200
6900
6700
6900
10800
6700
6300
7600
9400
7800
8400
7800
9000
7500
8600
8300
7900
7700
9400
9400
8700
8400
8300
8800
8300
8300
14200
10000
44000
7800
7600
7800
7500
7600
9600
10600
7700
9100
7800
5100
6700
5200
4900
5300
5900
5300
5300
5000
7300
11000
7200
7800
7200
7600
6300
6300
6900
6400
9200
8000
8300
7700
7500
8300
7600
7500
7700
7900
9600
9300
13200
8200
8400
8100
8900
8400
9500
10000
41700
8900
7900
7600
7500
9100
8900
9400
7500
9000
7800
5400
5000
5100
5000
10200
5200
5100
5100
5800
7500
6600
6800
7000
6800
7200
6300
6800
7000
6800
8000
7500
7800
7700
7900
8500
7900
7800
7500
12200
10200
9600
8300
8800
8300
8400
9200
9400
8600
9500
41700
7300
7900
7400
9000
7900
8900
10300
7600
13000
7300
5100
5500
5700
5300
5400
5400
5200
5100
5200
7200
6500
7800
7000
6200
7300
6400
6200
7300
6700
8200
7400
7600
12300
7700
8400
7700
8600
7600
7900
10600
8700
9400
8500
8600
8500
8500
8600
8600
9100
41000
7300
12900
7900
7400
8100
9000
9100
8100
8800
7000
5400
5100
5200
5200
6200
5400
5000
5900
5000
7200
6600
7000
7000
6600
7400
10800
6400
7100
6600
8400
7400
8200
7800
7900
8600
9400
7700
7900
8200
10400
8500
10800
9200
8200
8800
8600
8100
13100
9100
40300
10700
7700
7500
7900
7600
7800
7600
9000
9700
6600
6900
5100
5000
5100
5900
5100
5300
5600
34300
6800
6500
6100
6300
6200
35100
6700
7200
11000
7300
8300
7700
7400
7300
9500
9200
9100
7600
7600
26600
10300
9600
19500
19500
8200
9500
28700
8900
9200
10000
43600
7600
7800
7300
13300
8900
7700
9000
7400
7500
7600
5300
5000
5200
5100
5100
29500
5700
5400
5200
6900
8000
6200
6200
6000
18400
6400
7300
6400
7100
8100
7200
7700
7300
7200
8400
7400
8000
9300
35700
10300
10300
20400
20500
8500
10800
26200
10400
10400
9100
46200
12000
7800
7800
12000
9100
8400
8600
7800
10000
7300
16200
4900
6000
5100
5100
5100
5500
5300
5200
6700
6300
6300
6700
6100
6500
7400
11100
7200
28100
8100
7500
7200
7400
7700
8500
7600
7400
8000
26800
9200
9500
19300
35600
8500
11400
26100
8400
9800
10800
42500
7800
7200
8300
12000
8700
8100
8700
7700
7500
8200
5500
4900
9600
22600
5500
5300
6000
5200
5400
8400
6500
6300
6300
6700
6500
6600
6200
7300
27300
8100
7500
7400
7200
9300
24100
7200
9000
7800
9200
9300
10400
19500
18500
8100
9300
22500
8300
9200
9500
48000
7700
7200
7500
12000
9900
7600
8800
7500
7900
7600
5400
5000
5200
5200
5300
5300
5700
5400
5200
7200
6500
6500
20700
6400
7200
6800
7900
7400
26600
8100
18900
7900
7300
8200
19500
7700
9100
7700
8800
9600
13200
21900
8900
8400
9700
8600
8400
8300
27200
44800
7300
7800
7300
12900
9200
7700
8900
7400
11600
7200
6000
5100
5100
5000
5300
5000
5800
5300
5200
6800
7900
8100
6400
6200
7100
6300
6500
7700
26200
8000
7300
7500
7700
11900
19900
7500
9200
7700
8700
9200
8700
21300
8400
8500
9500
8500
8800
9600
26500
46300
8600
11100
11000
7500
9300
14300
7600
9300
11800
6200
5600
5000
5700
5100
6100
5500
18100
5300
5000
7000
6400
6200
15800
6600
7300
6400
7900
6700
11000
9400
7800
7400
8400
7900
7300
8100
8400
8800
7700
9400
8400
9700
9500
8400
10900
8500
31200
8700
8600
41500
7700
8700
7400
9000
7400
7800
7400
7400
7800
18200
5200
5200
5000
5200
5000
5300
5100
5300
14700
6700
6400
6200
15700
6300
7200
6400
7600
6400
6500
9000
7900
7400
8400
9900
7800
7700
8300
9100
9000
14000
8100
9300
9600
8500
8200
8900
27100
8300
8900
41200
7600
9000
7200
8900
7500
7400
7800
7400
7700
6400
19000
6000
5600
5300
5000
5200
4900
5300
5500
6300
9600
6900
6900
13000
6900
7600
21500
6300
8300
9000
9100
7900
12800
7500
7500
7400
8700
8500
7700
9700
8400
9400
9400
11500
8400
10000
28000
8300
8400
41300
7600
13500
7800
8500
7800
7400
7400
7700
7600
6900
5100
5000
5400
5400
4900
5100
5000
5200
5200
6600
7000
6300
7300
6600
7500
8300
23400
6700
6600
8100
9200
7600
17800
8200
11100
7900
12300
8300
7600
9600
8500
9400
9300
8400
8500
8300
31200
8600
8300
41100
8000
8800
7500
8500
7400
7500
7400
8300
7600
6600
5100
5200
5000
5400
5200
6500
5700
6500
5300
6300
12300
6600
7800
7100
6900
6800
19100
6400
6300
8400
7500
7500
17200
8200
9000
7800
8600
7600
8300
14400
8300
8800
9500
8300
8700
25600
9600
9500
8800
40500
7900
8800
7600
9000
7500
7500
10500
7700
7700
11000
5100
4900
5300
5200
5000
5200
5100
5700
5200
6700
7000
6500
6900
6400
6800
7400
18900
6300
6400
7900
7400
7900
16500
12000
8600
8100
8500
7900
7800
10500
10400
8200
9800
8400
8300
8500
9400
9300
9400
42000
7400
9100
13100
9100
7800
7700
15200
7500
7700
7800
7100
10400
5200
5400
5800
5600
5900
5600
5400
9200
8700
7200
6300
7300
6400
6600
7200
7100
6500
8800
7700
7700
8900
7700
12200
7700
8400
9900
9600
27800
10000
8600
8500
8900
9500
8600
8800
9300
9600
53100
10900
20900
9400
13300
8400
9100
14100
9400
7800
7300
5300
5600
5500
5600
5800
5600
5700
5400
5500
7500
7600
11800
7100
6500
6700
6400
7400
6800
6700
9100
8100
7800
10300
9600
8300
7700
7800
8200
7600
24100
9400
13700
8500
8600
10000
5900
5500
5500
5900
57000
9900
16600
4900
9100
3800
7100
10300
6400
4600
7800
4800
5400
4500
6100
5600
4500
5800
5600
4600
6300
6500
6000
6700
6100
6500
7000
11000
6300
8600
10000
5200
10600
9800
8200
7400
7200
8900
8400
8900
32700
6700
5300
8600
4800
6000
5800
5600
5300
5800
53300
5100
13600
4900
9600
3900
5000
10700
4900
4200
7400
4500
4200
4500
4400
4800
4700
4900
4600
4500
10300
5500
6500
4800
5100
5500
7300
6200
5600
5000
5700
6600
5800
5400
5400
5200
5400
6200
5300
5500
25300
6100
5300
5500
5900
6200
5300
5500
5300
5300
49500
6900
12500
4800
8600
3700
9300
10000
4700
4000
6000
4200
4300
4700
4600
4300
4700
4600
16700
4700
5300
5500
4900
5000
5000
5500
6700
10100
5800
4800
5800
6000
5200
5300
5300
5300
5300
6100
10200
5600
6200
5400
5200
6600
5300
5600
5500
5400
10100
5300
46800
4800
11700
4600
8500
3600
4900
9700
4600
4000
7000
4300
4400
4500
4800
9000
4700
5200
18800
4700
5200
5500
4800
5000
4700
5800
5600
5700
5200
5100
5700
6500
5100
6800
20100
5300
20400
6300
5700
5300
6300
5200
5800
7100
5400
5400
22700
5400
5600
5200
64600
4700
4000
3600
3900
5000
4000
3700
3900
3700
6100
4200
4800
4500
6000
4300
4900
4500
4700
4800
5400
5000
5000
4800
4800
4700
5000
4900
4900
4600
11100
5100
17000
5100
5800
5700
5100
26400
6100
5500
6300
5700
5300
5400
5200
16800
6000
5200
5500
5300
43500
4600
3600
4500
3900
3600
3700
3800
3800
3800
5500
4500
4400
4500
4300
4800
4300
4800
4400
4600
9500
10900
5300
5000
4900
5700
4900
4900
4800
5700
6500
5300
15900
5300
5700
5200
5300
29300
5800
5200
10600
5200
5200
5100
5200
16000
6000
5400
5200
5400
79400
10200
8300
8400
7700
7800
7800
8000
5800
6100
7400
4900
4300
4400
4500
5100
4300
6700
4400
4500
5200
4600
5300
4800
4800
4800
5000
5000
4900
5000
6400
5200
16300
5300
5600
5200
5400
32200
8200
6000
6100
5600
5400
5000
5300
16300
6100
5400
5100
5500
40200
4500
3700
4300
3400
8300
3700
3900
4100
3900
6000
4700
4400
18300
4600
5000
4400
4600
4600
30800
5100
4800
5200
5000
4700
4800
5300
4800
5000
10000
5600
5100
5800
6300
5200
5200
5300
6000
6800
5600
6000
5200
5100
5200
5200
15800
6200
5400
5100
5400
43000
4500
3600
4300
3400
3600
3500
3600
3700
3500
17300
4300
4300
4600
4500
4600
4400
4800
4400
4400
4900
5200
5200
4800
4800
4600
9500
6300
4800
4900
5700
5200
5800
5400
5100
5300
5100
5500
5200
5300
6500
5400
15500
5200
5900
5400
5100
29800
6200
5800
38400
4500
3600
4200
3500
3400
3800
3600
3800
3500
6600
4400
4400
4300
4500
4900
4300
4600
4400
4500
9400
4700
5600
4800
5000
4800
5400
5200
5000
5000
5700
5400
5700
7300
6400
5100
5600
5300
5400
5400
6700
5300
15900
9500
5900
5200
5100
25100
6100
5700
37000
4100
3500
4500
4500
7500
4700
3700
4500
3800
7000
4500
4200
4400
4200
4700
4400
4600
6600
4400
5300
4700
4800
4900
4800
9100
4800
5000
5800
5100
5800
5200
5400
5200
28000
5700
5300
5800
5600
5900
6300
5500
5800
6100
5500
5300
5200
6100
10700
5600
38500
3800
3700
3900
3500
4500
5300
3700
4900
4800
5600
4200
4300
4600
4500
4300
4600
13700
4600
4300
5100
10300
4700
4900
4600
4900
4700
5000
5200
4900
5800
5100
5400
5200
5200
4800
5500
5500
5400
5700
6000
5400
5900
5900
5100
10100
5100
6000
6000
5600
39600
3700
3700
3600
3400
4300
5700
4500
4500
4600
6000
4200
4300
4300
4500
4300
4400
4300
8900
4300
5000
4600
4900
4900
4700
5200
4800
5200
5100
4800
5800
5200
5600
5100
5300
5100
5400
5900
7000
6400
6100
6700
10200
6000
5100
5400
5200
22200
6100
5500
36900
3700
3800
3700
3700
4300
5100
3600
4400
4600
6200
4200
4400
5900
6100
4300
5700
4300
5700
5500
4900
5800
4700
6100
4800
6300
6000
6300
4900
6000
6600
5600
6300
5300
6200
5100
6900
6300
5800
6500
10400
5300
5800
5900
5000
5200
5100
5900
5800
5400
47700
3700
3700
3500
5600
4400
5300
3700
4400
4400
11100
4200
4500
4800
4600
4400
4200
4400
4300
4600
4700
4800
5000
4900
4900
5100
5100
5400
4900
5100
5600
5000
5200
5300
5100
5300
5100
10100
5900
5300
6000
5200
5800
5300
5200
5300
5200
6200
5900
6000
36700
3500
3700
3600
3800
4400
5100
13000
4400
4300
5700
4200
5600
4600
4500
4500
4300
5700
4800
4600
4900
4600
4900
4800
5000
5600
5300
5400
5200
5000
6300
5300
5200
8200
5300
5400
5400
5300
6000
5500
5800
5100
5900
15600
5400
5300
5400
6100
5300
7400
37400
3700
4500
7500
3900
3600
3800
4900
4700
4000
6400
4400
4400
7500
4200
5900
4300
4600
4800
4300
5700
4900
4600
4900
4600
5000
6000
13400
5600
5600
6300
5300
5000
5400
5200
6700
6100
8300
6100
5400
6600
5400
5500
5200
5500
5600
5200
6400
6800
5700
41600
4200
3500
3800
6200
4100
3800
7100
4900
11600
8300
6200
6500
6900
6300
6200
7000
4300
4800
4400
5700
4600
4300
4600
4300
4700
5000
4600
5000
5100
5600
4700
4800
6700
4800
8500
5600
5300
5700
4800
6100
4700
5200
4900
5000
5200
4800
5800
6200
5200
35700
3800
3300
3400
3300
6300
3300
3700
3300
3400
5500
4000
3900
4100
3900
4300
4300
5700
4600
4400
5100
4500
4400
4500
4500
4900
4700
4400
5200
4600
5400
4700
7300
4800
4700
5600
5500
4900
5500
12300
6000
4800
4800
4700
5000
4900
4700
5700
6600
5200
34200
5900
3300
3200
3200
3700
3200
3500
3300
3300
5400
3800
4100
3900
4100
4300
4300
4300
4300
4200
5200
4600
4400
4500
5400
4700
4400
4700
5200
6500
9700
4700
4800
4600
4900
5000
5800
4900
5600
10700
5900
4700
13600
5200
5400
5100
8800
6300
6500
5600
38700
7000
3300
11200
3500
3400
3400
3500
3500
3300
5000
3700
3900
3900
4500
4100
4400
4200
4400
4400
5200
4300
4400
4500
4300
4500
4400
7100
5100
4500
5600
4700
4800
4700
4900
4900
5800
5100
5700
5600
6000
5000
5000
4900
4800
6000
5800
4900
8400
5100
34500
3400
3400
3200
3400
3500
3500
3400
3600
3400
5400
3700
3900
3900
4100
4000
4200
4000
4400
4300
4900
4300
4500
4400
6900
4300
4400
4500
5100
4700
5500
4700
4700
4800
4700
5400
15100
4900
5500
5500
5600
4900
4700
4900
4900
7100
8200
4800
5700
5000
33800
3300
3500
3200
3500
3400
3500
4600
4700
3600
5600
3700
4100
3900
4500
4200
4100
4000
4100
4000
13900
5100
4400
4300
4500
4800
5200
4700
4400
7700
5400
6500
5000
4900
4800
4900
4800
4900
4800
5600
5900
4800
4900
5600
4900
5000
4800
5600
5100
4900
34500
5900
3500
3400
3300
3600
3400
4500
4300
3600
5100
3800
4200
4000
4000
4000
4300
4200
4000
4400
5100
4700
4400
4200
4900
4800
4600
4500
7100
4500
5400
5000
4700
5000
4900
4900
4800
4900
4900
5600
5600
4700
6300
5500
4900
5300
7500
5700
4800
5000
35300
3100
3300
3100
3300
3500
3300
4100
4300
3600
5100
4100
4100
4300
3900
4000
4200
4000
4200
4100
4800
7000
4500
4400
5100
4400
4700
4400
4700
4500
5200
4900
4700
14300
5100
4700
4700
4700
4900
7100
5600
4800
4700
5600
4900
4800
7400
5700
4800
5100
35200
3300
3400
3200
3300
3200
3400
4200
4000
3600
4900
3900
4000
4300
4200
4000
13100
4100
4100
4000
4700
4300
4500
4600
4700
4500
4400
4600
4400
4700
5900
5400
4800
4800
4800
5200
5300
5000
4900
5100
5500
4900
4600
5500
4900
4900
4800
5600
5100
4800
34200
3300
3100
3700
3300
3200
3800
4100
4100
3400
5200
5100
4300
4100
4200
4000
4100
4100
4500
4100
4600
6900
4300
4500
4900
4400
4600
4500
4600
4500
5900
5200
5300
4900
4700
5500
5500
4800
5000
4900
5400
4800
5000
4900
4800
7400
5400
5000
4700
5700
34600
3400
3100
3300
3100
3400
3300
4100
4200
3400
5000
3800
4300
4100
4200
4300
4000
4200
4000
4200
4500
7100
5700
4400
4900
4400
4600
4500
4400
4700
6000
5400
4800
4900
4700
5900
5400
5000
4800
5100
5600
4700
4900
5100
4800
6500
4900
6000
5900
6500
34200
4400
3200
5200
4400
3300
4500
5100
3500
4600
