87200
9800
1238700
6300
4500
6700
63500
5600
6800
5800
43000
7600
14900
7700
8200
68600
10600
66600
81700
9900
88300
101400
11100
15300
142300
18400
125100
11900
13700
12600
97800
96500
14100
92300
14500
16700
17100
17700
14700
14500
120900
71400
16000
21100
80400
17800
16800
16900
17300
19700
33500
25900
6600
5000
5700
6600
7600
5900
5700
6000
27500
7600
8800
8300
8000
51500
8400
50700
68600
9300
64700
59200
15100
12300
81600
11000
115100
11500
13600
11800
86500
71800
13800
62900
13800
16000
16600
22100
14900
14400
101500
58300
15900
21400
111600
17600
16900
16700
18000
20100
15200
9300
6300
11200
18300
6000
10200
5600
6000
6000
9400
23400
31500
7800
8000
9500
42000
8600
9400
43100
46200
44900
10400
12400
59900
14700
139300
18500
16600
14700
87500
62700
13300
51100
13600
17400
24000
21500
17000
19500
231400
55100
18600
20200
60600
16600
17200
17500
17200
20300
5800
18500
5600
22500
5100
6200
5600
5600
5900
6000
10100
28700
36100
7900
8600
9400
23900
9200
9600
44600
30800
19300
12200
10900
10700
28900
24200
33800
75600
11800
58900
54300
13200
48100
13800
15400
16500
16500
14300
14700
85000
52100
22300
18900
58000
17000
16500
17100
17200
19200
5200
7400
6900
10100
5200
17600
7300
6100
5900
6100
10500
16200
26600
8000
8400
9500
32900
8600
14400
21500
24100
18100
11900
11600
13500
30800
19800
44000
48100
12100
50700
42000
13500
19900
53000
13800
76500
15000
18600
15100
77300
49900
15900
19300
56400
21500
17300
17800
17300
19100
45100
4700
5300
5000
22500
6600
5900
5600
5900
6000
9300
10900
14600
7900
8200
8900
18500
9100
9500
16800
19300
10400
16300
10700
10900
36400
11200
26400
37100
12200
33900
31400
14000
15200
40900
14100
53200
14200
15900
15200
41500
47000
16600
35800
16500
18000
19600
20600
26100
17900
19000
18100
16600
18500
17200
18900
17900
6400
6200
5200
11800
8400
7300
108300
22000
92500
67500
13400
12100
62600
45100
13400
13500
13000
82200
72200
50600
13200
13600
59000
17900
11300
74200
11000
112100
37400
11100
9500
71500
10900
75900
8100
17000
7700
7600
33500
7500
8000
7500
19400
11000
6400
6100
6300
6400
6000
6100
6200
6000
6700
7500
7400
8400
34700
8000
34700
30400
13300
7700
29000
24300
9400
8400
8500
36000
33500
25300
8700
8700
42100
14200
10700
60100
11800
48300
29500
10400
9900
57400
10400
71300
7800
12200
7900
7500
35200
7800
7500
8400
15400
32700
6300
5900
6100
6300
6100
6000
12500
6900
6000
7400
12800
7400
12100
33500
7300
29900
33300
7300
7400
22900
9100
8200
8400
38000
39400
24900
8500
8500
41600
10100
10100
69200
22200
58800
34500
14000
11000
65800
13200
67500
7800
13200
7700
8700
34300
8100
10300
7700
16100
8200
14800
5900
12100
6000
6000
6000
30500
6500
41700
23000
7800
6900
7600
20000
7600
7100
7300
7000
7100
8600
8300
13900
29100
9000
34700
31100
9300
8500
57700
9800
10500
59600
10400
43700
25100
10400
9400
60500
10700
67100
7700
18500
7400
7900
31300
7700
7700
7600
17000
8100
22300
5800
6200
6100
6300
6100
6000
6200
30100
7600
9000
7000
12600
51600
7400
8900
7900
7200
7600
8600
8700
10600
41900
8700
27900
30100
8800
7600
24500
53700
11300
8500
11200
28700
27900
22800
8700
14100
53000
41400
7300
15000
7400
7500
54000
7500
8000
7300
13800
18700
6800
5200
5100
5000
9600
5300
5100
5100
5600
6300
7000
6800
7000
6400
6300
6400
6800
6500
6500
7600
19900
8800
24200
8300
30100
23500
8700
7500
51800
20300
8600
8300
8100
42300
30500
23200
8400
9400
32300
56300
8700
19400
8900
16700
11300
9000
7400
24000
8900
9100
7200
24200
8400
6200
5300
11000
5500
7100
8500
7300
6300
7600
8500
6800
7200
6600
6300
7400
7600
32800
12100
8500
7400
14200
11300
16600
7700
10100
8200
15900
9800
9000
9800
9700
8800
9800
28400
9100
8700
47400
8000
12100
14000
7900
9900
10000
7800
7800
7900
8300
5400
5600
5800
5300
5400
5000
5200
5400
5600
7100
6500
7200
6300
6400
7000
7000
10800
7300
7400
24600
9000
9100
7700
8800
7700
8000
7800
7600
8000
12200
9800
8400
10700
14600
8500
10300
26200
8500
9100
43500
7700
7700
13700
7700
10200
7600
8200
7700
7500
8200
5200
5800
10100
5200
5200
5300
5400
5200
5400
7800
7000
6400
6500
8000
6500
7400
6700
6900
6900
23200
8500
7700
8100
12700
7800
7800
7900
7700
7700
10900
10200
8900
9700
10200
8600
9700
27600
8700
8700
46600
7600
7700
13700
8300
10400
7700
7900
8000
7900
7500
5200
5500
5600
5500
5300
5000
5100
5300
5200
7500
6600
6300
6600
7600
6400
11300
6500
6300
22000
8000
7700
8600
7400
8000
8700
8200
7600
9200
9500
11100
10600
10300
14000
9700
8900
9700
25700
9000
8500
42900
8100
7600
13700
7700
9800
8200
7600
8000
8000
8300
10200
5700
5800
5300
5300
5400
5500
5200
5200
7700
6600
6600
6200
9500
7200
7500
6500
6700
6600
8300
8200
9600
7700
7900
9200
8800
9800
9100
9600
24700
10100
9400
25800
10400
8600
9000
8600
8500
13000
41700
7800
7700
13100
8100
10000
7600
7900
7700
8000
7600
5100
5500
6300
5300
5000
5500
5100
5200
4900
8400
6500
10700
6200
7300
6600
7300
8400
6600
6500
9600
7600
8900
9300
7900
8800
22800
7500
8900
8800
29200
10400
8300
8800
9700
10600
8600
8900
8700
9000
43500
9200
7900
9200
9400
7800
9100
21500
7800
7700
7700
5900
5600
5500
5100
6000
5300
5800
9900
5300
7600
7100
6700
8600
6600
7600
8500
6500
7500
6600
24700
7600
8800
8200
7500
8800
7900
9200
7800
7700
12500
24300
8500
20500
9000
8600
10400
9300
8500
8800
43900
8000
9300
7900
7500
7600
7700
12100
9600
10200
7400
5100
5800
5300
5300
6100
5500
5400
5200
5200
7500
7000
6400
7600
6700
7300
7700
6800
6500
6700
43500
7900
8900
7700
8700
8800
7600
8900
8100
8000
12000
24800
9000
21800
8400
8800
8400
12400
11700
8600
47100
10600
11800
7500
10200
7600
10400
7600
11900
14500
8100
5100
8200
5200
8300
8600
5300
8200
5200
8000
11800
7700
6300
6500
6400
7600
7000
7500
6700
6700
24000
8400
8800
7500
7800
9500
7600
8800
8100
9200
16800
23600
8400
20600
8400
8600
8800
8400
8600
8800
43000
7800
9700
7500
7800
7500
7600
7900
9200
14400
7900
5100
5800
5300
5300
5900
5300
5400
5100
5400
6600
7600
6400
6400
6400
7500
6500
7700
6600
21400
8500
12700
8900
8700
7700
8800
8700
8100
7900
9500
11900
26000
8500
21900
9200
8700
8500
9400
8700
8400
47200
7600
9500
7800
7500
8000
7600
7500
9700
9700
6600
5000
7000
6000
10500
5900
5200
5300
5100
5300
6700
6800
6600
11400
6300
7300
6900
9500
8100
7000
9200
10000
19500
8900
8000
8600
8600
7900
8000
7900
24100
9000
15200
9400
9100
10200
8600
9800
23900
8600
41300
7800
9100
9300
7400
7700
7800
7500
9900
11400
7400
9900
7600
5600
5100
5900
7100
5800
5300
5300
6700
14200
6700
6400
6400
7600
6600
7300
6600
6700
8600
8900
7600
9200
9700
15100
8700
7800
7900
8400
24200
8400
10400
8300
8600
9800
9100
10000
9100
8800
45000
18300
7500
11800
8100
7500
9000
8000
7900
7900
7200
10500
5600
6400
5800
7400
7700
7200
9400
28700
7700
19300
6300
6600
6300
6500
7800
6400
7300
8200
9600
13100
8200
10100
28200
7900
7900
8300
9400
9900
9700
11600
8300
10600
8500
8300
8800
8600
8700
14700
41600
7600
14000
7600
11400
7900
7600
8000
10000
7800
7900
5700
5200
5300
5500
24600
5300
5500
5300
5400
11300
19000
6700
6600
6200
6400
7300
7100
7800
6600
11000
8600
7600
7900
28800
8000
7500
8100
7600
7600
13500
11300
8300
9600
8900
8200
8400
9100
8500
9700
41900
7700
12900
7700
9200
7700
7700
8400
12000
7700
11500
5200
5000
5200
5300
5500
17500
5100
5300
5200
6600
7100
8700
6900
7400
7100
6700
6400
6400
25700
9700
12900
7700
7600
26100
7700
7700
7600
8100
7500
9400
9800
8500
10200
8500
8700
8800
8600
8700
9700
45200
7900
12700
7400
9500
7600
7600
7700
9900
8000
7000
5100
6500
5100
5400
5100
5300
5200
5400
5400
6600
7100
7100
7100
6900
11600
6600
6500
24400
25100
8800
20500
7800
7600
7600
8000
8900
8000
8800
8300
9900
14800
8400
10000
8400
8500
8600
8600
8300
10100
42900
7400
13200
7400
10500
13100
7900
8200
9200
8000
7400
5300
5200
5100
9900
5400
5000
5300
5100
5300
6400
7300
7200
7700
7200
7200
6500
7000
6500
25900
8000
19800
8100
7700
11900
7700
9000
8300
8800
7800
11100
9700
8600
8800
27300
8400
8600
8800
8500
10300
41700
7700
17200
8100
8800
7900
7300
7800
9600
8400
6800
5300
5000
5600
5200
5200
5000
5400
5200
5400
6500
6800
7100
7700
7000
6900
6400
11100
6500
26700
8200
20700
7500
6000
5500
5200
10800
6000
6400
5600
7500
6500
5700
5500
34400
5400
20500
5400
5800
5400
37100
5200
5600
5100
5600
3900
3500
4000
3700
5100
6300
5000
4300
4300
4400
5300
4400
5200
5300
4600
5300
5000
4500
4800
26000
4900
5700
5000
5000
5100
5700
5100
5200
7200
6300
16900
6800
5700
5600
6400
7500
5200
7700
9700
5300
5300
5300
5400
5200
5500
38900
3900
9900
5000
5100
16000
8100
11200
4100
5200
5700
9000
4300
4900
4800
4400
4800
4500
4400
4500
5900
5000
5800
4600
19800
4600
5600
4900
4800
5300
5800
5100
4900
5300
10100
16700
8300
5700
5300
6300
7500
7400
5400
5300
5100
5300
5200
5400
5400
5400
39200
3800
5100
9300
4900
15000
5000
10800
4000
5100
5600
4800
4800
4600
4500
4600
4700
4400
4600
4400
5300
5400
5000
4700
6300
4900
22100
5000
5700
6200
6700
6200
5100
6100
8700
17500
7100
6500
5200
7400
11200
9000
5200
9700
5300
5200
5400
5000
5300
5400
39200
3700
5000
4800
4900
14400
5400
10800
7600
7400
5500
9200
4400
4800
5000
4500
4800
4700
4400
5000
5100
5400
5000
4900
4700
5200
5100
5200
6000
5100
16900
5900
5400
6000
25200
5400
6500
5200
5500
5400
7200
5300
5200
5200
5300
5100
5400
5200
5500
5300
37800
3600
4800
5100
4600
14000
4800
10400
3900
5100
5700
4600
4500
4500
4800
5100
5100
4600
4300
4700
4900
5500
5100
4700
9200
5200
4800
5000
5800
4900
5700
5400
5000
5100
20700
5300
6400
5400
5400
5600
6000
5400
5300
5400
6300
21500
6500
5400
5400
6500
39600
3800
5000
4800
5200
14100
5000
10600
3600
5700
11700
5000
5700
5000
4900
26200
5200
4800
4500
4500
5400
6000
5000
5100
5100
5000
5300
5200
5900
5100
22200
5400
5300
5000
20000
5300
6800
5300
5500
5300
6300
5300
5300
5800
7300
32000
11500
5500
5500
6800
41100
3800
3900
3700
4000
3600
3800
3600
3800
3900
5700
4400
4300
4400
4300
4500
4500
4500
4200
27400
5400
4700
4600
4800
4600
4900
4700
6200
4800
5000
6400
5400
5000
5200
5200
5300
5200
5800
5400
5200
5900
5400
5100
5300
5300
7600
5500
5400
5800
5600
36700
3600
8300
3800
3700
4700
5200
3700
3900
5200
6000
4400
5000
4400
34300
4700
4400
4500
4400
4500
5200
4600
4700
6700
9900
4800
4800
5100
4900
5000
5800
5100
5100
5000
5300
5000
5400
5700
5300
5300
5900
5200
4900
5200
5100
5900
5400
5200
6000
9700
39200
3700
3500
4400
3500
4500
3800
3400
3500
4700
5700
4200
4300
4300
4600
4200
4700
4400
4600
4500
5000
4800
4700
5000
4800
5100
9400
5000
5000
21500
5500
5000
5100
4900
5200
5000
5300
5600
5400
5300
5900
5000
5600
5100
5200
5900
5200
5400
6000
5200
41400
3600
3400
3800
3300
4400
3600
3700
3600
4500
5400
4300
4100
4600
4300
4200
4500
4400
6100
4400
4900
4700
4600
4800
4700
5000
5400
9300
4900
21000
6000
5100
5100
5300
5000
5200
5000
5800
5500
5400
6500
5000
5100
5100
5200
5800
5100
5500
6000
5200
41200
3500
3400
3500
3600
4500
3700
4100
3600
4500
5300
4500
4300
4400
4300
4500
4700
4400
5200
4500
5100
4600
10100
5000
4600
4800
4900
9800
4800
27000
5900
5200
5000
5300
6500
6200
5400
5700
5600
5300
5900
5200
5300
5100
5300
5100
5400
6100
5200
5100
125700
4100
3800
3500
3700
4900
3700
5500
3900
4500
5700
4500
4200
4600
4300
4600
4300
4600
4400
4700
7000
4600
5000
4800
5000
4800
4900
9400
4800
21300
5900
5100
5100
5200
5700
5300
5100
6000
5600
5300
5900
5300
5100
5200
5300
5000
5900
6100
5300
5300
40600
3700
3500
3600
3500
4900
3800
3700
4700
3600
7500
4400
4200
4500
4300
4900
4400
4500
4300
4600
5100
4600
4700
4800
4700
4900
4800
4800
4700
5900
6900
5300
5100
5300
5000
5300
9800
24900
5300
5300
6800
5300
5100
5300
6100
5200
5300
5300
6300
5500
38200
4700
3900
3700
3800
3700
4000
3700
8400
3700
5800
4100
4800
4400
4500
4300
4500
4200
4700
4400
4900
4900
4800
4700
5000
4600
4800
4700
4900
4900
6200
5000
5200
5000
5200
5100
9600
23300
5200
5600
20200
5300
5500
5200
6000
7100
7600
5100
6900
11900
113700
5000
3600
3700
3500
3900
3600
8300
3700
3800
6000
4400
4300
4500
4200
4400
4300
4400
4300
4500
4900
6200
6900
4900
4800
5300
4800
4900
4700
5000
6000
5300
7000
5200
4900
9400
5100
34900
5800
5300
7100
5100
5400
5200
5800
5300
5800
46900
9500
7900
61700
12100
5900
6400
6200
4000
11800
4000
4000
4000
7200
4700
4300
8200
7600
6400
5000
5400
5100
4700
5500
5200
5000
8400
4800
5700
5100
7100
4700
5600
6700
5100
5100
4900
10100
5000
25800
5100
5000
5300
6500
5200
4900
5100
5800
5000
5400
5300
5700
5000
35800
4500
3400
3500
3200
8900
3500
3700
3400
3300
6100
4900
4200
4200
4200
4200
4200
4300
4700
4200
4900
4600
4700
4900
4600
5300
4900
4600
4800
4800
5500
5300
4900
7600
6200
5000
6200
5100
8900
6400
7400
6100
5100
6200
5000
8000
7800
25900
7800
8400
106800
6900
4700
3500
8200
3500
3900
3400
3400
3500
6100
4000
4000
4400
4300
4200
4200
4200
4600
4300
4700
4700
4500
4700
4500
5100
4800
4500
4700
4500
5100
5000
6900
9400
5100
4900
5600
4900
5200
5100
6300
5000
4900
5000
4800
5100
5500
22800
5100
5100
35700
3600
3400
3500
8700
3500
3500
3500
4500
3500
6000
4200
4600
4400
4200
9400
4300
4600
4800
4500
6700
4500
20400
5400
4600
5100
4900
5400
4700
13000
6800
5100
12400
5800
5600
5600
13000
5600
5700
7300
6300
5600
5500
5700
24600
6200
5300
6000
5400
6200
51500
3700
3400
9300
3600
3800
3500
3800
3600
4800
6500
4200
5700
4800
4400
4700
4600
4200
4400
4400
5000
4500
19100
5200
5100
9500
4800
5300
4700
4800
5500
4900
4900
5000
5000
5000
5100
5000
5200
5100
5900
4900
5300
12300
21800
11200
5700
6600
5700
6500
137500
9000
5200
6900
6200
6900
8700
5400
5600
8300
9100
6000
6600
4600
5700
11000
4700
4800
4500
21200
5300
5000
5700
4900
5100
6500
5100
5800
5800
5400
5800
5000
5400
5500
5400
5400
5400
10000
5700
11800
6500
5200
5600
5200
21500
6400
6300
6300
6200
6300
53000
3700
3800
9000
3900
3800
5600
3700
3900
5000
6300
4600
4500
4600
4400
4800
4700
4500
4800
4300
5200
5000
5300
5100
5100
6000
5100
5600
5500
6400
7500
5700
22800
6100
7000
7700
5700
6200
5400
5500
6400
5500
5400
5200
21600
6300
10900
6300
5400
6300
53600
3600
3700
4700
3700
3900
3500
4100
5400
5100
6400
5200
4800
4600
4600
4900
24500
4800
4400
4600
5000
5000
5600
4900
5000
6200
5200
5800
8400
7700
8400
8000
33500
10800
7900
16200
8400
9700
9300
10400
11300
9800
9400
9100
9000
9100
8800
9200
8800
8600
183400
13500
6700
9800
15600
6700
7000
6900
6900
9300
10600
6800
7400
7400
8500
8200
7600
7900
7800
8500
9300
8700
9600
8700
7900
9600
9200
10300
10200
50200
10900
9800
45700
10200
8400
9900
10900
10700
8900
8800
11800
8400
8200
9100
8100
8300
10100
17000
9100
7700
65000
18800
9800
6200
19000
8700
6200
6700
6500
8200
13700
7300
8000
7800
9000
22400
7700
8300
6700
7400
8300
9000
8900
8300
7900
9700
8300
16700
9700
8900
10800
9500
9600
9700
9300
9600
18200
9800
10600
58700
33200
15800
11700
8900
8700
13500
5900
5700
15900
8600
43000
4100
12700
4000
3400
3800
3800
4000
3700
5700
8300
4400
5800
4400
4400
5000
4500
4600
4400
4700
5600
4700
4800
10500
4700
5500
5100
4900
5600
4700
5800
5400
4800
5200
5200
4900
5800
9000
6000
25800
10900
6100
6100
5200
5300
6400
5400
5400
5300
5400
122500
4200
3600
3400
3600
3400
3700
3500
4300
4900
7300
4500
4500
9300
4300
4800
4700
4200
4500
4400
5000
4900
4800
4900
5500
5300
5000
4700
5100
5000
5900
5000
5000
5000
7800
5200
5800
5300
10300
21900
6100
6100
6000
5300
5000
5300
6000
5400
5500
5000
38700
3800
3500
3500
3400
3500
3700
3500
3900
9400
6900
4500
4500
4500
4400
4600
4500
4200
4500
4800
4800
4800
20000
4700
5800
6900
5200
4900
5200
5400
5800
5100
5700
10200
5400
6000
5400
5100
5900
5400
7900
6000
5800
5600
4900
5200
5200
5100
7000
6700
43400
3900
3400
5300
4100
8400
5500
3700
4600
6300
7400
4900
4900
4000
4200
12400
4500
6400
4300
4600
5100
4800
5300
7800
9300
9400
7500
8100
8700
7900
5800
10000
5100
5300
7900
10600
9500
9900
13000
11400
10000
5500
5100
9000
9600
9700
9700
8800
11200
33600
137300
4700
3700
3600
3400
3800
3500
3700
3600
4800
7000
4100
4500
4400
4700
4800
4300
4600
4300
4600
5000
4700
5000
4900
5400
5300
5100
10700
13800
8200
9600
6200
5200
5300
5100
7400
5300
5200
7700
5500
6400
5300
5000
5400
5000
5300
7000
6200
6000
22200
40000
5700
5400
4700
3500
4800
3600
4600
3700
4600
