68500
14100
3800
3600
3900
4000
1599900
21400
111900
12000
30700
15500
27900
15600
32200
142500
34500
11100
10900
14500
87000
15600
13400
16700
14200
14200
14700
14700
22500
169600
24400
55800
173300
17800
17000
70500
66700
21200
18900
18400
91400
20700
26300
183200
21000
23900
24300
145300
146400
28000
62500
43400
8000
46400
6600
7900
7300
38800
8400
7800
23800
15900
40200
10000
29500
108900
32500
11100
11600
12400
84200
15200
13600
14200
14300
17700
14300
13800
18600
150900
25600
48600
147100
19000
19000
53900
77700
21700
19700
21400
73500
23500
23100
150400
27600
23200
25200
99700
143100
28400
17100
15300
13100
17800
8400
12100
7400
27200
9000
8400
15600
59700
11700
10900
12100
11200
97600
14200
60600
14400
67200
15300
18500
14900
14800
16800
16200
17700
18100
104200
24500
51100
175300
12100
11700
44800
42000
14900
10300
10600
68900
11100
12500
139900
12200
12300
16100
102300
95300
15100
17800
18600
5500
21300
4000
4600
4000
4100
4400
4000
10500
5900
6100
5500
5600
5400
75400
7700
45800
7600
16800
11100
17600
8600
19000
97900
20900
8300
7400
7800
18100
37500
117700
9000
14000
40300
40100
12500
9100
9600
60100
10700
10900
141000
11200
10900
14900
59200
57500
18900
9500
8700
5000
10300
3800
5400
4200
15500
4800
4300
10200
28700
6100
5500
8100
9800
54800
7600
29100
7400
52400
10800
14000
7400
17600
65100
16400
7500
8100
8500
41200
15400
9400
9500
12300
9600
9000
8900
12400
73400
38900
11700
10800
73500
11500
10700
14300
54600
57000
17200
9100
8500
4400
14700
3700
4800
4100
3800
4900
5000
8600
29300
5700
5800
5600
5500
567600
13500
24200
5200
22100
11300
11200
5300
9100
42200
13700
7900
8300
8500
31500
9800
8800
11400
9500
10300
10800
7000
12300
56100
18100
39300
70400
33600
24800
44800
31100
17600
11600
11700
14500
8300
11200
8000
8300
8100
9600
8100
8400
8300
10500
9400
8800
10700
9200
268500
28200
16900
17600
16000
24200
132600
23400
14300
12900
14600
91400
13900
68000
13300
27500
14800
19500
15000
44400
31900
9300
115300
9400
9400
81700
9500
9400
8800
7500
30500
13600
6900
16700
12800
8200
5700
5400
6000
5500
5700
5400
7700
5800
6200
7200
6700
7600
7000
6900
53800
6600
6700
6700
7000
8300
8500
9600
7800
8200
8400
29600
7800
28300
7800
9500
8700
11400
12600
31700
23700
9200
84100
9900
9400
73100
9500
8100
8100
7000
27400
11800
6800
16300
12500
9000
5900
5600
5400
5700
5500
5600
25900
26700
6300
6900
6600
6700
10400
6600
7000
7500
6600
6700
6700
9500
8700
9100
9400
7700
9100
30000
7900
28200
8100
9400
8600
11300
8300
21000
21500
8900
76300
8600
8700
61400
8800
8000
7900
7600
28700
11700
7100
15900
12800
9000
5500
5800
28000
5600
5800
5900
11500
6000
7400
7800
7600
7000
7400
10300
7200
8600
7400
8700
7700
8700
8200
10100
8400
8200
52800
31900
8700
8600
8500
10200
9500
13100
8700
23800
33700
9700
78500
8400
9900
63300
9200
8900
8600
6800
26600
11500
7100
15800
12200
22000
6300
5300
5500
5300
5600
5400
29400
28700
5900
6900
6600
6700
9500
6800
6500
7400
6700
6800
6800
7900
8000
8400
8100
7500
68600
7800
7900
7800
7800
24200
9700
10800
8800
9300
9600
34100
8700
39900
9900
65400
11200
8400
8300
6900
25600
10900
6800
15700
12500
7100
5800
24300
20700
5700
8800
6000
5600
7000
6500
23200
6700
8100
6800
7200
6900
7900
6700
6800
6900
8200
7800
19300
8000
8100
59400
8600
8300
8800
8600
12800
14100
10700
8400
8600
10000
30600
8500
51500
37300
60800
6900
14300
7400
11700
11700
7100
22500
7100
7300
11400
7100
7200
10700
6000
7000
6600
6100
6200
6400
7800
7200
8100
7100
7300
28500
7500
7100
6800
6800
9600
8000
7600
10300
7800
9400
9600
7900
8200
7900
20200
8600
11200
10300
8600
26600
8900
8700
8500
9000
63900
7000
7400
6900
21500
7600
7200
9000
7000
8900
7500
5600
5700
5700
5900
5500
5800
5800
6200
5900
7200
6900
7700
6800
6700
28300
7900
7000
8100
6800
10200
7600
7900
7800
7600
8700
9200
8400
7800
8000
29800
15400
9500
11500
8000
22000
7900
8000
7800
8000
38600
6800
7100
7000
20200
7100
6900
8400
7400
8400
6500
4900
4700
5100
4700
9000
18600
6200
5600
4800
6900
6100
6000
6100
6200
6700
8700
6300
6000
6900
10900
7100
7000
7200
7000
8000
11100
7200
7600
6900
17100
8200
9300
8900
8000
21600
7700
7900
8000
8000
38000
7300
6900
7400
21300
7100
7100
8600
7300
8400
8100
4700
5000
4900
4800
4900
4800
5300
5500
5100
7000
6100
5900
7000
6200
6900
8500
6100
6200
9000
9200
6900
8100
7100
7100
21900
8200
7300
7400
7600
17300
7800
9700
9000
9000
21900
10700
7700
7900
8100
38900
7400
7000
7600
21200
7000
6900
10800
7300
8800
7200
5100
11400
4900
4700
5400
4700
5000
8200
4800
7000
7900
5900
5900
5800
6800
7100
6000
6100
6300
7400
7100
8400
21000
7100
21100
8400
10200
7100
7300
10500
8400
7900
8100
7700
9500
10000
8100
8000
7800
40900
7100
7200
6900
21900
7400
7000
23300
7700
9100
6400
5400
16300
5100
5200
5200
5000
5400
5700
5900
7900
5900
6200
6000
5900
7500
6600
6100
6400
5800
7500
9700
8100
7300
7600
21200
8000
7400
7100
7000
10100
8100
7600
7800
7800
9400
9800
9200
8000
8600
59000
7300
8800
8600
7100
11900
13200
7400
7200
7200
8600
7400
5400
5300
8400
5700
5000
7100
5500
5100
7700
6400
6100
7500
6200
6400
6200
7100
6600
7100
27600
7600
8700
11800
8200
8400
8300
8700
7600
7200
9100
8000
8100
9400
9000
8200
22000
12400
8500
8000
56200
14900
9600
11200
13500
10700
16200
10000
9300
10200
7700
4900
4600
4800
4700
5100
5000
5100
5300
4900
6800
6100
5600
7600
8900
6300
6000
6400
6000
6700
19900
7200
7900
8300
7900
8300
8500
7300
7700
7600
8900
7800
7800
9500
8700
10800
21500
7800
8200
8100
40200
10700
7000
8200
7200
7000
11500
9100
6900
10300
8400
4800
5000
5300
5000
5200
6200
4900
7600
5200
5900
6200
7700
6000
6000
5700
6000
6400
5900
6100
19900
6900
8200
8100
7800
8000
7200
7100
7100
6900
11400
7600
7700
9100
9100
7600
21300
8000
7700
8000
40300
10000
7100
6800
7000
7000
11000
9000
7200
8400
10600
4800
5100
5100
5000
5000
4800
5100
4900
5000
6100
5800
7400
5900
6000
5900
17300
6100
5900
6400
8600
7100
6800
8600
10300
7100
7200
8100
7200
8200
9000
7900
7700
9100
9200
7700
20400
8200
8000
10100
40300
10500
7000
7000
8100
6900
12900
10200
8100
9000
6300
4800
5500
4800
5700
4800
5600
5700
4800
5800
5900
6700
7800
6100
7400
5800
7800
6800
5900
7000
11400
6900
19400
8300
7500
7100
9000
7700
7300
8200
19900
7800
9200
8900
8800
9200
7900
7900
7800
10700
39000
11500
6800
7300
7200
6700
11800
8600
7100
8600
6500
5100
12300
5000
4800
4900
4800
5500
4900
5100
6300
5700
9400
6000
6100
6000
6200
6000
6000
6100
8100
7200
6800
7700
7100
6800
8000
8400
7000
8000
20800
7900
8900
11900
9000
8800
8100
7900
7800
8200
41000
7000
11400
8600
8400
7300
12800
7300
7000
7200
6200
5600
4800
4800
4700
5200
5100
5400
5300
4900
6400
7000
6000
5900
8700
7400
6700
6200
6400
6100
7600
7000
7100
8300
8100
7200
7600
7400
7300
8400
9400
9400
7800
9700
22700
8000
7700
8300
9600
8100
38700
8800
8700
7200
11000
7400
11800
6900
16200
11200
6500
5000
4800
4900
5200
5100
4900
5200
5000
9400
6600
6900
13900
6800
7000
7400
7100
6500
6600
6400
8700
8100
9100
11500
8800
9900
7100
7000
7500
7200
8800
9000
8200
9100
19500
8800
8900
8300
9400
9400
38400
12700
8300
7100
10700
7200
12000
7000
15600
9000
5900
4900
4600
4900
5200
4900
5000
4800
5200
5500
6200
6500
5900
6000
8700
8100
6700
6800
6800
6000
7800
7300
7100
8100
8100
7400
7200
7000
7100
7500
8700
9100
7900
9300
22100
7700
8600
8200
9200
8300
39200
8400
8800
7000
10900
7200
11400
7300
15100
8900
6000
7100
4800
7500
5000
4700
4900
5000
5100
5500
6400
6500
6100
5800
6000
6600
6600
6900
6700
6000
8400
8200
7400
7300
7100
8600
11000
7400
7100
7300
8900
9000
7900
9300
20300
8000
7900
8300
9100
7900
38400
8400
8600
9500
10700
7300
11800
7400
14900
8500
6100
4900
5300
4800
5000
4900
4900
5000
4800
5500
6800
6500
16500
6000
6000
9400
6900
6800
7000
6400
7700
8300
7100
7300
7300
8200
8300
7400
7300
7900
8700
8100
7800
9400
9400
10800
7900
7900
8500
8100
40200
9000
8500
7200
10900
7200
12700
7000
17600
9100
7700
5000
4600
5800
5400
7700
5100
5000
4800
6600
15600
6700
6000
6100
6200
6800
6700
6800
6700
6100
7900
8400
7200
7200
7300
8300
12100
7400
7200
7600
20500
7900
8200
9100
9200
8100
7900
28700
8400
8000
39300
11400
7000
8700
11300
7100
7200
7300
8600
7300
17800
4700
4800
4700
4900
6600
5300
5000
23700
5300
7100
6700
6600
8800
6500
6000
9000
6400
6400
6600
8100
10700
7500
9500
8900
37500
13900
11300
10700
24300
15500
16900
8800
10500
8500
10000
8800
8300
8400
10300
45300
7900
7900
9200
11800
9400
7600
9300
17100
9000
6500
5000
4800
5100
12900
5600
4900
5500
27300
5200
7400
7900
7200
6200
6700
6000
6000
5900
13800
6100
7600
20200
8100
7800
7500
7300
7800
7900
7700
7800
9300
13000
7700
8700
8000
7800
7600
8600
7800
10500
39400
6900
6800
8700
7500
7500
6800
8300
13800
8400
6400
4600
4800
4900
5300
5400
5000
5500
5100
5000
14000
10600
6200
6500
6000
6900
6800
6300
23700
6500
7500
6900
26800
7900
11400
10800
10200
9700
13500
9800
12200
12800
16900
13800
15200
15800
12200
14700
12000
11700
72500
11100
10100
13500
10400
10200
11300
13400
24100
14000
10400
8500
8600
8500
8800
13200
8900
9500
8700
8100
25900
9800
10200
12300
10100
12200
11200
12200
45100
10000
14300
14600
12700
12400
11400
11800
15200
11500
11100
12900
13000
18000
8400
9600
8300
8900
7900
7600
7800
9000
63400
5400
5700
7800
9500
5700
5800
7600
30500
8400
10100
7900
6800
7200
7000
7900
7600
7900
7700
7400
35800
8400
7900
7900
8000
9400
9000
8100
41600
8100
15700
9700
9500
8500
8800
8500
8800
8700
9000
12800
10200
8900
9000
9300
8800
8900
8800
9000
8700
8900
68400
6800
8200
9600
6100
7300
5900
9700
21200
9300
10900
7100
8800
36300
8300
9400
7500
8700
8700
7500
28500
8100
8900
7500
12300
9300
8800
8300
42300
8700
10800
10300
9900
8700
8700
8600
8600
9000
9100
9000
9600
9000
10200
8800
13100
8600
9000
9300
9300
9500
75000
11000
6400
8500
6200
6100
6300
6200
6600
6200
10300
7400
7100
32000
7700
7500
7400
7100
36700
7600
8500
9800
8000
7900
13500
8100
8500
10900
9000
9100
9300
8700
9000
8700
36500
9800
8900
9000
8600
10300
10700
8600
8500
9400
9600
9600
10900
14700
10500
9000
72700
9400
5800
6200
7400
6200
6400
6400
6300
6500
9400
7500
7700
36400
7200
31200
7000
8200
7800
7300
8700
7900
7700
7800
9400
8000
8200
7700
8100
8100
9500
8700
8600
8200
39300
10700
9300
13500
8900
10300
10000
9000
8700
8600
8900
8800
9900
10500
11300
9400
76100
6300
6200
6300
7800
6300
6000
6300
6300
10500
9200
7400
7400
7200
7100
7400
7000
7000
7800
7100
7900
7900
7900
34300
8800
8200
7500
8100
41200
8400
10000
8300
13300
8800
35900
10100
9200
9400
9000
10100
10600
9000
8900
8600
8900
8800
11600
11500
10500
9300
78100
10500
5900
6200
7900
6200
6300
6200
6500
6300
9200
19600
7600
10200
7700
10500
7400
11500
8000
7500
8500
7400
8000
32200
9300
8000
38100
8300
35900
8500
10200
8600
11800
8700
10100
9100
8800
8500
8500
10000
10300
8900
8800
9000
9000
10300
10400
10400
14400
9300
72800
6500
6600
6200
7900
6200
6500
6200
6600
6100
9500
7500
7900
8000
7300
7200
7400
10900
7600
7300
8400
8200
8000
35700
9400
8000
7900
8100
35600
8600
9800
9100
9000
9000
10100
9100
9000
8700
9100
10300
9900
8700
8700
8500
40000
10500
9500
9100
9200
10600
75800
6400
6000
6100
8000
6000
6400
6100
6400
6100
8900
7100
7300
6900
7600
7100
11400
7300
6600
7300
8000
7800
7700
31500
9400
7900
8200
8000
37200
8200
9000
8600
8700
9000
11100
9200
8500
9000
12800
10700
10200
8700
8800
9600
35700
10000
8800
8500
8900
10100
69200
6300
5500
6100
5800
6100
7800
8200
12700
6300
10400
7400
7400
7100
7700
7300
8400
7700
7800
11700
7600
7600
7800
7900
8100
7800
8100
9200
7900
9700
9100
8400
8200
8600
9300
9600
8700
8700
8900
8400
9400
10200
8300
12100
8500
8700
9600
8700
8800
8600
66600
6500
6000
17800
6100
6400
6300
6300
6200
9200
9300
7500
7200
7200
7700
7200
7300
7300
7200
12300
8300
8000
8100
8000
8000
10700
8200
7900
8100
9300
9500
8400
8600
8500
9600
10000
8900
8600
8900
8800
10000
10100
8600
12700
8300
8600
8500
8700
8700
8500
66600
6000
6200
16100
5500
6000
6000
6000
6100
7800
11800
7500
6700
7100
7200
7200
7600
7500
7600
7800
12300
8000
7700
7900
8100
8200
9100
8200
8100
7600
9300
8600
8700
8400
9600
9800
8800
8900
8800
11100
10000
10300
8900
8600
12800
8900
8700
8900
9000
9200
70600
6000
6100
16700
6000
7000
6300
6100
6400
8100
8800
7900
7000
7300
7000
7300
7200
7300
7600
7700
12800
8500
6500
7600
8000
8200
9100
8100
8300
8100
9100
8800
8800
8600
8800
8600
9000
8600
8800
10200
10300
10300
9200
8900
12700
9000
9500
9700
9300
9000
71300
6600
6100
17900
6400
8000
6400
6200
6700
8400
9000
7800
7100
7500
7100
7900
7400
7500
7300
8100
12300
8000
8200
8000
11300
8400
9000
9000
8400
8500
9400
8700
8800
8900
8600
9300
9000
9000
9200
10000
9500
8600
8600
8500
10000
14000
8000
8100
9800
9000
68600
6300
5800
16400
6000
5900
6200
6000
8300
6900
9200
7800
7300
7200
7500
7700
7600
7700
7500
8200
12400
9000
7800
7400
8300
8000
8800
8200
8600
8600
9100
8500
8800
9700
8800
9000
9900
9000
8800
10400
10100
9000
8800
8600
10100
14000
9000
8800
8700
11600
70200
7800
6200
6400
5700
5400
5100
16700
6300
6500
10500
6900
7200
8400
7400
7500
10000
7800
7200
7900
51100
8500
8100
8100
8100
9500
8200
8200
8200
8500
13900
8700
8600
10000
9700
8600
9200
8800
9100
9300
10300
8600
12100
8800
11200
10100
8700
9100
9400
9000
72100
6100
16500
5800
6500
5400
8200
9200
6100
6200
8800
9600
7900
8800
8200
7400
8500
7300
8600
7300
9400
9100
7700
8800
9100
8600
9200
8000
12600
8200
9300
8000
7800
10000
9800
9100
9000
9000
9200
9300
10400
8800
10300
9100
10200
10300
15900
9000
14100
9900
483100
8700
6200
4100
3600
3700
4900
4900
3700
3700
6300
4300
4000
4700
4200
4700
4200
4200
4400
4100
5100
4500
4700
5200
4600
10400
4700
4800
4800
4600
5600
5000
4700
6300
5700
5900
4800
5100
5000
5800
6100
5100
5800
7600
6400
5900
5200
4900
8600
4900
36600
3600
5200
3500
3600
3400
4500
4800
3600
3300
6100
4100
4200
4400
4300
4700
4700
4300
4100
4300
4800
4400
7700
5200
4600
5300
4600
4900
4600
5400
5400
5100
4800
5200
4900
6400
5200
5000
5200
5200
5800
4800
5700
5100
5600
8500
5400
5100
4900
5100
37000
3500
5200
3400
3600
3400
4500
4600
3400
3500
5900
4100
4000
4900
4500
4500
4300
4200
4400
7100
4700
4600
4700
5100
4700
4900
4600
4900
4500
4700
5200
4900
5000
5100
4800
5900
5200
4900
5200
4900
5700
4900
5000
8900
6100
5300
24100
5500
5100
5200
35600
3200
4900
3600
3400
3600
4400
4600
3400
5200
5800
4100
3900
4700
4200
4700
7200
4200
4400
4100
4900
4500
4500
5300
4800
4500
4700
4900
4500
4800
24100
5000
5100
4900
5000
6500
5100
4900
5000
4800
5600
7800
4900
5900
6000
5100
5100
4900
5100
5200
48800
3600
4500
3200
4500
4400
3700
3500
3600
3500
6500
5600
6000
4200
4200
4000
4200
4000
4400
4300
4600
5100
7600
4500
4600
4400
4600
4400
4800
4500
5500
4700
4900
4700
4900
4800
5100
5600
4900
5600
5700
5000
5900
6300
4800
5000
7900
5600
5100
5200
36600
3500
15500
4700
4100
3600
3600
4500
3600
3700
5200
4000
5700
5700
6000
6400
7200
4400
4500
4400
7700
5500
4600
4300
4500
4300
4500
4500
4400
4700
5400
4900
4800
4600
4800
4800
5100
5600
4900
5500
8400
4800
5900
27100
5200
5400
5200
5800
5100
5200
35100
3500
5400
6400
3500
3400
3700
4400
3500
3600
5800
4100
6900
3900
4700
4100
4000
4200
4400
4400
6700
4900
4600
4500
4600
4700
5000
4700
4600
4800
5300
4800
5000
4900
4800
4900
4800
5500
7700
5400
5700
4800
5700
5900
4900
4800
5000
5800
5400
5200
34600
3300
4600
4300
3600
3400
3600
4300
19400
6400
5700
4400
4000
4200
4100
4200
4200
4200
4600
4200
4800
5000
4400
4700
4500
4500
4400
4600
4800
4600
6000
5600
4900
4800
5000
4900
7800
4800
5300
4900
5800
4800
5800
7600
5100
4700
5000
5700
6000
5000
35100
3400
4500
4300
3600
3300
3600
7400
45100
7000
21500
17900
8400
8000
8000
7800
7500
8200
11600
11200
8600
9200
8100
8400
8300
8200
8700
8500
12000
8700
9300
10100
9000
8700
13800
8900
8900
9100
9000
42900
10200
9200
8900
8900
8900
9300
9100
10800
9200
10500
71700
6700
9600
7800
6500
6100
10900
8100
6300
6700
8700
7400
7100
7300
7400
7300
7200
7200
8200
7700
8200
9000
7500
33100
8300
7800
7800
7900
8400
7800
8700
9700
12700
8500
8600
8800
8400
8800
8700
8800
9800
8700
8300
8500
8200
9000
8600
10100
8400
9500
66900
6000
9900
28700
9900
5600
6100
7800
6100
6200
