103300
27000
1081400
15800
111600
12800
7300
44800
6500
6300
37400
16000
66500
12500
69700
11600
10800
100700
12400
11900
16500
177900
21600
19200
113300
16700
15700
16900
177700
16900
182400
77900
172500
53700
33200
20800
251800
19000
16600
128600
131500
265800
34400
24500
21300
172700
276800
25800
208300
23300
57700
8700
7200
30200
6900
29300
7800
7100
7500
8700
30700
10900
39900
8200
45500
12900
10900
89800
14600
11800
19800
330700
28300
19900
88300
15200
14200
14500
119300
26700
505100
48200
99200
32600
16300
15600
120200
13700
14000
47200
109100
249900
26200
25800
20900
131600
206100
25800
150300
26500
21200
6700
8500
6800
8000
7100
7500
7800
8400
8700
43700
12200
18500
11600
40700
63900
10800
22900
11000
11200
16200
104200
13200
15600
51500
15200
14100
15800
93300
14400
201000
45200
86500
25500
16300
14100
130500
13000
13700
75100
67000
124500
18200
16500
14600
84800
115100
19500
262300
25500
116700
21200
8600
16000
7100
18600
7100
14800
10200
7000
177100
22600
19400
11300
23000
92400
8600
13300
48200
12000
53500
17500
42400
16300
31200
10100
10000
46100
10500
10600
44700
26100
51200
18000
14300
19200
81500
13600
13400
31900
40800
73300
17700
16900
15000
50300
68700
17300
59600
25500
21500
5000
5800
4800
5100
5100
5400
5300
5600
6000
18100
9900
11300
9000
27200
22600
7600
12500
7800
8600
26700
11000
28500
10700
41300
10200
24400
43400
11200
10700
16300
57000
13900
151100
57500
8700
6500
6000
39900
6000
37800
69300
9800
9100
7200
39000
59700
8600
51000
10000
9800
3700
3200
14700
2300
16600
2500
3000
2600
2600
12500
4700
7000
4200
30500
18200
19200
8900
4000
4100
13600
6100
18400
6000
21400
5300
9500
35400
5000
5400
8000
40200
6100
7200
33500
7100
6000
6100
34300
9100
38500
20700
43400
13300
8800
9500
70100
7600
7100
25900
9200
91800
16800
10200
10500
10300
10600
11700
117900
10700
11900
10900
13300
11300
11300
61700
61100
61700
12100
11800
57700
13500
12700
12500
61800
13600
12500
71300
12400
54900
23200
14700
9900
10200
11800
77000
39600
12200
51000
11500
177200
21800
10000
12100
7300
14300
26100
8200
10700
7300
10700
7800
21400
5800
5600
5800
5700
6000
6400
34500
7700
7600
8800
14700
7100
25800
26500
26200
8000
7000
27000
8800
8000
8400
31400
8700
11000
38200
8200
25700
10100
9000
8600
10400
10600
88700
33800
10600
34400
8900
65200
8600
6900
7200
7000
9800
20600
7000
7200
7400
8300
6100
5800
5800
5800
5900
5800
8600
6500
6000
7800
19500
6800
42500
25400
7600
7400
6900
34300
6900
29700
8700
8000
8000
27700
9000
7900
31500
8500
26900
9600
8700
8700
8700
10100
54200
26700
9800
30600
8800
64100
8700
7000
6900
7400
10900
22400
7000
7200
7500
8200
6100
5600
5500
5500
5700
5600
5800
6000
7600
7700
16200
6600
7100
6900
7400
7900
52000
37000
7600
25000
8200
9100
8000
7900
24800
26200
26700
8900
28700
10100
8900
8500
8900
10000
49200
27000
9800
30100
9300
66300
10400
7400
6700
7500
9300
28800
8300
7000
7200
8900
6600
6100
6200
5500
5800
5600
5600
6400
6300
7700
20400
6600
6800
6800
17100
11600
29900
34600
7000
8200
8000
9700
8400
29800
27500
26200
27100
8800
8200
27500
10400
8700
8400
65200
9800
11300
33900
9400
26000
62100
8500
6900
7000
7100
10000
18900
7000
7200
7200
9200
8900
5600
6100
5500
5700
5400
6200
6800
5700
8100
15900
6500
7200
6900
7700
7900
28900
33500
11800
8200
7700
9100
7900
7900
27600
26500
26800
9200
7900
27400
10300
8500
8500
41600
10100
8500
54000
8900
25900
67200
7700
7100
7300
9500
17200
14000
8400
13000
7200
7400
5600
5400
8600
5600
5700
5300
6000
5400
5700
7700
6500
6700
6500
7200
24900
6600
30100
6900
6700
8500
7900
21000
7600
10300
27900
7700
8700
8700
9800
10000
8500
8800
43900
8400
31500
9000
60300
9800
9100
65100
10800
8900
6900
8800
7400
13200
7400
7000
7400
13200
5200
5000
4500
5000
4900
4800
5200
5100
4900
10200
5800
5900
5600
6600
28600
6200
22500
6500
5800
8600
7500
16500
6900
7000
23800
7400
10800
7800
8100
12500
10300
7900
35800
7700
24800
8300
44700
10600
7700
43400
9700
9300
6800
8200
7100
12900
7100
6900
7100
6800
5600
4600
5300
4800
4700
4800
5200
5000
4800
6200
6000
6000
6600
22100
5800
6000
23500
6100
7500
7600
8900
16100
7400
6900
21500
6800
8200
7900
8300
9000
10300
7800
33200
8000
25200
7600
42700
9000
7800
40700
9800
8500
9800
8300
7100
12700
7000
7100
7100
7400
5800
4600
4900
4800
5200
4700
5600
5000
5200
6200
5900
5900
6700
6200
6100
20800
5900
8700
5900
8900
6800
16200
6900
9700
20800
7100
23900
7300
9000
9700
7600
8000
35800
7700
25200
7900
45200
9500
9100
39400
9900
8600
6800
8700
6800
12900
8100
9900
7400
6400
4900
5900
5400
4800
4600
4800
5100
20000
5300
7000
5700
5700
6200
5900
7000
18300
23400
5800
6000
11100
7300
6800
6900
7800
20900
6900
42800
7000
7100
8800
9600
20000
8000
7600
44400
10500
11300
11100
12000
44900
11800
10900
7500
10600
10200
15000
7400
9700
7300
9000
5200
15200
4800
5000
4700
4900
5500
4800
5100
6000
6300
7100
6700
6000
6000
5800
6400
5900
6100
8400
6900
7300
7000
7900
22600
7000
23600
7000
7100
8800
7700
17300
8700
23600
22800
7700
9400
9400
9900
41800
7000
6900
15200
7100
13100
6900
19600
9900
7200
6400
4900
4600
5400
4700
5000
4800
5500
5000
4800
6400
5900
5800
6400
17900
6000
6900
5900
5800
6500
10200
7000
6700
8200
7900
6900
7000
8300
7700
7500
8800
9700
7500
7500
7400
8100
7500
9700
8100
7900
38000
7800
7000
11000
8100
6900
7100
7900
7300
6700
6200
4600
4900
4600
5000
4700
5600
5200
5200
5000
6300
5800
5900
5800
17900
5700
6800
5700
5900
8600
7900
6800
6900
7400
7900
7400
6900
7100
7000
7500
8500
8700
8100
7600
7600
9000
7800
7600
7700
8200
38900
7200
6600
11100
8400
7300
6600
8400
6600
7300
5900
4900
4800
4800
5200
4800
5200
4800
5400
4700
6600
5800
6100
18100
5800
6100
6400
6700
5800
6000
7600
7000
7100
7700
7900
6900
7300
6900
7100
7400
8700
8600
8800
8000
7400
7900
7800
7700
7800
7600
39100
6600
9600
8300
7900
7200
6700
8200
6700
6600
6700
5400
5000
4800
5100
4700
5700
5100
5200
5000
6200
5900
6400
5900
6100
5900
6200
6700
6300
9000
9600
6900
7100
7500
19100
7100
8800
7600
7100
8300
8600
10400
7800
8100
8000
7700
8200
8300
7600
7900
40500
6800
6700
8300
7900
7500
6900
8000
8700
6800
5600
4700
4600
4900
4700
5100
7200
4800
5200
4800
6800
5900
5800
6300
5900
5900
6500
6700
8800
5900
7700
6900
6900
7000
19400
7000
8300
6900
7500
7000
8500
7800
8100
8700
8600
9600
7700
7600
8200
7800
43500
7300
6700
7900
8300
6800
7000
8000
6700
7000
5800
5000
4800
4800
4800
4800
5300
5000
5600
4800
6300
5800
6000
6000
5800
6400
5900
9800
6100
5800
7400
7300
8000
7100
18300
7100
8200
6900
11700
7800
8500
7500
7600
9000
8900
7600
8100
7700
7700
10800
38300
8300
7400
6600
7200
8300
7000
7300
7200
7300
7500
4800
4600
6300
6600
4900
5400
4800
5300
5300
6600
6100
6000
6800
5900
6000
6000
6500
6100
6100
7800
14200
10000
7500
8000
7000
7600
7400
7100
7100
9300
7700
7800
7800
8000
28600
7800
22400
7800
9100
40800
7100
7100
7000
6900
8600
8900
7100
7300
7100
6800
5100
5200
5300
5000
4900
5400
4900
5500
4900
6600
5900
6400
6600
5900
5900
5900
6100
6000
6400
7700
14300
7100
7400
7900
6900
7100
7000
7400
7100
8800
8000
9300
11100
10900
62200
13900
36800
13300
17100
68500
11000
11900
9700
8500
10700
12900
8900
8900
9600
9600
6500
6700
6500
6400
7600
7200
6500
11600
7400
10100
8000
9600
7200
16100
22000
16900
7900
11200
8300
12200
27700
10700
7400
8300
7000
8100
8400
8500
7200
13100
8300
8000
6900
7100
44400
8500
28200
5600
6700
43000
3500
4000
3500
3500
4600
17600
4100
3800
4000
6200
4400
4400
6200
4200
4100
4100
4000
4400
4200
5300
4900
4400
4400
5100
4400
5000
4700
4900
5900
13300
5200
4900
5800
9300
4900
5000
5000
5000
7300
10400
5200
5300
5300
5100
21200
5300
20200
5400
6500
36600
3400
3700
3500
6300
4700
4900
3900
3600
3900
6300
4500
5000
4400
4500
4200
4400
4300
5300
4500
5800
4800
4500
18600
5500
4700
5300
5000
8400
4800
5600
5400
5100
6200
5900
5200
5500
5400
6900
7400
6000
13000
19700
5500
6500
5200
5500
5400
7200
9500
39400
3600
3700
3600
3700
6600
4900
3700
3700
4400
7000
4200
4700
4200
4500
4200
4400
4200
4900
4600
5700
4600
4800
4600
8200
5000
5600
6600
5600
4800
5600
5200
5200
6300
5100
5300
5200
5300
5400
5200
6000
13700
5600
5400
6900
8000
5300
5500
5300
5100
40400
3700
3700
3500
3700
13000
5800
15300
6200
6900
7200
4600
4300
4300
4200
4400
4300
5100
5100
4700
5400
4700
5400
4900
6200
4800
6200
5000
4700
6400
7300
5000
22000
6100
5200
6200
5300
8600
8900
7500
7200
18700
5200
6000
5600
6000
6200
7300
7500
8500
37300
3800
3900
3500
4000
4100
3700
3500
5700
4000
6100
4400
4500
4500
4400
4500
5000
4300
4900
4400
5200
4600
5700
4800
8300
4800
7000
4900
4800
5000
6200
5100
17000
5100
5000
5300
5200
5400
6100
6400
6000
19200
5200
5300
8200
5100
5400
5200
6400
5400
37600
3600
3600
3400
3800
3600
3600
3400
5000
3900
6100
4400
4500
4400
4400
4400
4900
4400
4900
4300
8400
4900
4900
5000
4700
5200
4900
5400
5600
5000
6400
5100
16000
5200
5100
6500
5200
5300
6200
6900
6100
19100
5200
5200
5300
5200
5300
5200
6400
5600
36700
3600
3700
3400
3800
3500
3600
3400
5000
3900
6400
4300
4500
4400
4300
7200
7400
4400
10100
4500
5600
4900
7300
7300
23300
6800
8700
9600
9500
6900
6600
5600
5200
6000
6200
5200
6700
8600
5400
5600
6000
18300
6500
5100
5400
5100
5400
5200
6300
5500
36700
3600
4100
3400
3800
3500
3600
3400
4800
7300
5700
4300
6200
4500
4300
4400
4900
4400
4800
4300
5600
5300
4800
4800
4600
4800
4900
5400
5500
5000
5800
5000
5300
5100
6100
19700
6200
5200
5500
5400
6500
5200
17700
5300
5200
5500
5300
5500
6400
6500
38300
3700
3400
3400
3600
3400
3700
3500
5000
3900
5800
4500
4200
4500
4800
4400
4800
5000
4900
5900
10800
5000
7900
7700
6200
7300
7800
7100
5700
5000
8400
5100
5200
5100
6200
12300
6900
5300
5400
5400
6500
5000
16600
5800
5100
5300
5200
5400
6700
6400
41100
7200
3500
3700
3600
3700
4800
3800
5200
3700
6500
4200
5000
4300
5200
4500
4200
4500
4400
5000
5200
5600
4800
5100
4700
4800
4900
4800
4900
4800
6000
5100
5300
5100
21500
6400
5300
5100
5500
26000
6100
5400
20700
5400
6400
5500
6800
6600
5300
5300
103000
3900
3800
3800
3500
3800
3600
5100
3900
3900
5800
4700
4700
4500
4800
4700
4500
4700
4800
4600
8000
5800
4900
4600
5400
4700
4900
4700
4900
5000
5500
5100
5100
5300
18200
8900
5500
5000
5500
26400
9100
5400
22700
5100
6500
5200
5100
6600
5300
6000
46000
3700
3800
4000
3500
4000
3700
5000
4000
3700
6100
4700
4400
4600
4400
4800
4600
4300
4700
4500
5100
4800
5700
4700
5800
5000
4700
4900
4800
5200
7100
5300
5600
5600
21100
6100
5300
5400
5300
26900
6300
5200
20800
5400
7000
5300
5200
6600
5100
5700
49100
3500
3700
3400
3600
3700
3800
4900
3900
4100
6000
4600
4500
4700
4700
5100
4600
4600
4500
4600
5000
4600
5600
5000
8800
4800
25300
5000
5000
5000
5600
6300
5000
17800
5200
5200
5400
5200
5300
5500
5800
5200
21300
8000
6400
5300
5000
7900
5300
5100
119400
3800
3600
3700
3500
3700
3500
4900
3800
3900
5900
4500
5500
4700
4400
7600
4500
4800
4700
4400
5200
5000
5600
4700
5700
4900
4700
4900
4800
5000
5500
6300
5300
5100
5200
5600
5400
5400
5200
24200
5900
5400
5400
5300
24100
6500
6000
5300
5500
25600
45500
3500
3800
3400
6600
3600
3800
5000
3700
4000
6000
4700
4500
4900
4400
4600
4600
4500
4800
4600
4900
4900
5700
4700
5900
4900
4700
4900
5000
5300
8300
6200
13300
5100
5800
5200
5500
5300
5200
5500
5900
5400
5000
5600
18500
6400
5500
5300
6800
28600
37500
5100
8500
3600
4900
3800
3600
5100
4300
3600
6700
4400
5000
4200
4600
4900
4300
4400
4300
24100
5100
4800
4600
4900
4600
4800
4600
4900
4900
5400
10400
14700
5800
5300
5100
5200
5000
5200
22400
5100
6000
6000
5400
5100
16300
5100
5300
5500
5300
5400
107500
4600
3700
4600
4200
9400
11600
3600
3800
3500
6200
4400
4500
4400
4500
22300
4500
4700
4400
4400
5200
7700
4800
5000
4700
4900
4600
4800
4900
5000
5800
14400
5600
6700
5100
5200
5000
5200
21000
5400
5900
5800
5200
5000
18100
5000
6700
5200
6300
6400
37600
5200
4400
4300
5600
10200
12700
3700
4400
3600
6800
4200
4200
5400
5300
4300
7600
4500
4500
4200
5000
4700
4700
4800
5300
5400
6400
4800
4900
24800
5600
14500
5600
5100
5100
5100
5000
5200
24000
5400
6300
5900
5300
5300
16400
5000
5200
5300
5400
5100
37700
4300
3300
4300
4400
8700
13800
3600
3400
3800
5900
4900
4300
4600
4500
4300
4500
4400
4500
4300
5000
4800
4700
4800
4800
5300
4900
4700
4900
24400
5500
5100
8100
29500
5200
5100
5300
5200
5300
5500
6000
6300
5100
5200
16000
5000
5100
5200
5300
5200
102100
7100
3400
4300
4400
8600
10800
3600
3500
3800
5500
4500
4300
5000
4400
4500
4500
4400
4500
4300
4900
14900
4800
4900
4700
8200
4700
5200
4900
23400
5400
5000
5200
5200
5300
5100
5300
5100
5500
5400
5800
14600
6000
5400
5200
5400
5800
8000
21800
5200
36500
4500
3400
4200
4300
8600
10800
3600
3500
3700
7800
4600
4300
4800
4700
4800
4400
4300
25400
4500
4900
4600
4900
4700
5000
5600
4800
5000
4800
26200
5600
5200
5100
5200
5300
5100
5500
5100
5400
8200
5800
14600
6100
5300
5200
5300
5300
5300
21100
5300
36700
4500
8400
3600
8400
4300
3600
3700
3700
3700
6200
4700
5000
4500
4300
4400
4200
4500
4400
5500
9600
5400
4700
4700
4700
4800
5700
5400
5500
5000
6000
19100
5100
5200
5100
5400
6200
5200
5500
5200
6200
5300
8500
5400
5100
6500
5500
5200
6500
6100
102500
3700
3700
4900
3400
3800
3500
4800
3700
3700
5900
4600
4900
4400
4700
4300
7600
4800
4500
4600
5600
4900
4700
4800
4700
4800
5500
5300
5800
5000
5700
19000
5100
5200
5000
5300
6100
5100
8100
5300
6200
5000
5400
5100
5300
6400
6000
5200
6400
5600
38300
3500
3700
4700
3500
3700
3500
5200
4200
3600
8300
4900
4400
4400
4600
4300
5100
5000
4700
4300
4900
4700
4800
4900
4700
5400
4900
5200
4900
6500
6000
27700
5300
5000
8200
5100
6100
5100
5200
5300
5800
5300
5300
5100
5200
6700
5200
5400
6800
5500
36100
3600
4000
4900
3700
3600
6400
5400
3600
3900
5400
5200
4200
4400
4300
4400
4800
6200
4600
4300
5000
4900
4700
4800
4700
6200
5100
17500
5000
5900
9900
5100
5300
4900
5200
5100
5800
6000
6100
5500
5800
5300
5100
5300
5300
6200
11200
6700
6300
5300
101100
6500
3400
4900
3500
3500
3700
4600
3600
3700
7300
5200
4200
4500
4200
4400
6800
4700
4600
4300
5000
4800
4600
4700
4700
4900
4600
4700
7700
5500
6500
5000
5200
4900
5100
5200
6000
5900
6300
5500
5900
18500
5200
5300
5200
5200
7000
5400
5300
7900
36100
3400
3500
4700
3400
3900
3500
4700
3700
3600
5600
4600
4300
4300
4500
4400
4600
4800
4600
4300
4900
4600
4900
4600
4800
4800
4700
6500
4900
6100
6400
5400
5200
5100
5200
5100
6500
6100
6400
5700
5900
32500
5100
5200
5100
8200
6600
5300
5100
5400
44900
3600
3600
3500
3600
4900
3700
3700
5000
3800
6300
4500
5200
4300
4300
4200
4400
4300
4800
4500
5100
4800
4600
4800
4500
4700
4600
5100
7700
4700
5600
5200
5000
5300
5000
5100
5000
5300
5900
5200
6000
5200
5800
6100
5300
5300
5100
5300
5500
5300
102000
3800
6500
3400
3700
3400
3500
3600
3600
3600
5600
6100
4200
4500
4200
4500
4400
4700
4600
4300
5000
4800
4600
4700
4600
4800
4600
4900
4600
4900
5600
7600
5000
5200
4900
5200
5000
5300
7700
5200
6000
5000
5800
6000
5200
5800
5500
5200
5400
10200
39200
3400
3400
3200
3500
3400
4200
3500
3400
3600
5300
4400
4100
4600
4200
4500
4200
4600
4500
4300
5000
5200
4700
4900
5900
5000
4700
4800
5200
5300
5600
5100
4900
5100
5000
5200
4900
5200
5900
5300
5800
5200
5700
5900
5200
5200
5000
5300
5400
5100
36200
3300
6100
3300
3600
3400
3500
3500
3500
3700
5500
4900
4100
4600
4200
4400
4200
4700
4700
4400
5000
5100
4700
4900
4600
4900
4600
4900
5300
4900
5600
7900
5000
5100
5000
5300
5000
5200
6700
5200
5800
5100
5800
5900
5200
5300
5100
5300
5800
5400
101000
3400
3600
3300
3600
3300
4600
4200
3400
4600
5000
5200
4100
5300
4300
5500
4300
5700
5200
4500
5900
6100
4700
5800
4700
5800
4700
5600
7700
5000
6300
6300
5000
6000
8100
5200
5200
5200
5300
5100
7300
5400
5300
5200
5300
5200
5700
5100
6100
5700
36200
3300
3500
3300
3600
3400
3300
3700
3600
3600
4900
7100
4300
5100
6900
4600
4100
4600
4200
4500
4800
4900
4800
4700
4800
4600
4700
4800
5100
5700
5500
5000
5200
5000
5200
5200
5000
5400
5200
8000
5900
5000
5200
5200
5000
5200
5000
5200
5800
5200
58000
5500
6400
7500
5800
3900
3400
3800
3500
5000
