1217300
51100
9500
5400
104600
10200
6200
6100
6200
11800
20800
27900
9900
122400
9700
322400
45100
42300
13000
13600
208800
17700
113800
22600
22400
22800
249600
18100
17900
79800
107200
317500
25700
21100
21100
49000
499500
16600
15700
46600
94600
147500
17300
17600
153800
18900
17800
19800
296400
76200
19400
38600
8200
37000
36100
8100
8600
7500
8600
54000
15000
32900
13100
137500
13600
167500
29200
30700
16400
13100
157800
15000
73800
16000
19400
27200
150900
17800
16400
40900
93100
230000
25000
19000
20900
39600
277400
21300
20600
43800
109900
140800
24500
26700
165900
26600
24800
26700
202900
57200
13900
29800
9500
25300
28800
7700
7800
8000
8400
53100
73000
13900
22300
13600
93100
12500
11000
10300
10300
12400
117900
12800
51600
13000
17300
17500
100700
15100
14200
30300
62900
168700
21000
16500
22100
35800
243200
18900
16400
71100
78800
87600
19200
19600
103100
19800
21300
20000
123800
40400
8900
11600
6400
37100
11200
6300
6600
6600
7800
15500
50800
12600
26100
20800
49300
15700
26800
25300
10900
13000
19000
36600
17300
66700
15800
74300
26500
28600
14300
26600
59700
117400
20700
17000
18600
26100
145600
29400
18300
33400
68000
81400
21000
22600
96800
20500
22100
24300
120800
38100
9100
16400
6600
17500
19200
6500
6800
7100
7200
27000
47000
12200
14700
9500
67500
13800
10500
11100
10900
12300
20400
19700
15900
86100
10700
91200
37000
39600
8000
17900
86900
9500
39300
9700
12200
13300
73500
10000
9800
46700
56600
69100
11600
10900
78100
11000
10700
11000
98500
27600
5500
18600
4800
22000
25800
4600
4300
3900
4100
35200
46100
11500
11300
4800
67800
7600
5900
31600
5800
7400
10700
17100
9500
43800
15700
47900
16100
12400
7300
15300
60300
9800
33000
9400
13200
13000
97500
6200
6300
10800
27000
55000
9700
10700
16900
11600
69400
6900
7300
11600
86500
18800
10200
55200
10100
12700
10900
10300
10400
10500
12100
10900
15800
11800
11200
11400
11200
10900
12400
11100
13400
38600
13000
12100
12600
12000
12100
12300
12000
12800
23400
73700
10900
8500
27400
8600
31400
8500
9900
8700
82300
7400
12900
8600
9700
12500
9000
6900
8600
14900
8600
5800
30000
21000
6900
6100
7000
6700
7900
7300
8200
6700
8200
8400
10000
8000
7100
7000
8600
11400
9100
20800
10400
8300
7800
8000
8200
8200
8000
7900
11100
47300
8300
12100
21000
8700
29200
8500
10100
9300
67500
6700
14900
8600
9100
12600
8400
7200
6700
12600
9200
5600
5600
5500
5500
5400
9800
5500
5700
6500
16700
8200
7200
19900
6500
6800
7700
6700
7100
7600
8400
17600
7700
8200
7700
11900
7800
8400
7900
8000
10600
32300
8900
8400
21000
8500
24000
8700
9500
8600
66500
6700
12400
8700
8700
13200
8400
6900
7000
12400
8500
5500
5700
5400
5800
5500
5600
5400
5700
5500
16300
7100
11100
19900
7800
7100
9600
6800
6900
7500
8200
7700
17500
7800
8000
7700
7800
7900
8900
7900
10400
35700
8700
8500
19400
8700
23600
8600
10100
8900
62100
6900
11900
9200
8600
12200
12300
9400
7100
12600
9100
19500
14700
5500
5700
5400
5600
8800
5600
5800
15800
7300
7200
34400
6700
6900
7800
7000
6700
7600
18700
8700
7700
8500
8500
8400
8000
7800
9000
8300
9300
19900
8600
12700
8500
8600
9100
10600
17200
15600
62700
8000
14600
9200
10000
12100
8500
7200
7000
12900
8800
5800
7900
11200
5600
5400
5600
6100
5800
25100
18800
37100
24900
30800
23300
20200
20200
14300
12400
15500
15800
63100
14100
13700
12800
13300
13800
13300
17700
13200
16100
33300
14000
14800
14000
13500
53400
13900
13800
14400
131800
23200
11100
10800
16400
11300
18600
10700
14900
11200
15000
11400
10700
10500
10000
10200
10100
10100
10300
11300
12700
11800
40400
11500
11500
12400
12700
11500
12100
71600
15100
13600
13000
14000
15300
12900
15100
14000
12100
13000
18300
14300
52800
16800
48500
22500
14400
66800
14800
14500
125700
10600
10800
11000
10700
10600
18900
10600
14500
11100
14200
10500
9700
9700
9900
10600
14300
16400
10100
11100
12700
11500
39600
11400
11900
11600
13200
12100
11800
58700
14800
14000
13200
13000
15600
13200
15000
13100
13200
14100
20600
13700
51100
15800
46300
15800
13700
45000
14200
13400
114300
11400
10200
17000
11300
13500
18700
10800
13500
11200
13700
9500
10600
10600
9500
91100
10600
9400
9500
10900
12000
12400
11600
10800
10900
18600
12400
11300
11500
13500
18100
14100
13600
13200
15600
14100
15800
14700
13800
13600
22500
13600
70000
23800
58400
16600
14600
49800
14300
14900
93300
7200
7600
6700
7400
7000
11300
7200
8900
7200
9800
6000
5700
6400
5900
5600
11500
5700
6000
6300
7100
7900
7000
6600
6900
7000
6800
7300
7500
7900
8300
7800
24700
7900
8100
7900
8800
8200
7900
36500
11100
8900
27400
10300
26400
10200
8600
26400
8500
8700
63300
6800
11200
7000
6900
7200
10900
6900
8900
7100
8700
6400
7100
6000
5700
5600
6300
5800
24100
6800
7200
7600
6800
7100
6900
6800
11200
7400
7300
8100
8400
7700
21200
7900
8100
25200
8900
8600
8300
30300
9400
8900
44700
15500
10400
8300
9300
8200
9700
8100
39600
7300
6800
7100
6800
7200
10900
7000
9400
7000
6400
5100
5000
4900
9300
4900
5100
5300
4900
5500
17900
6600
6200
6000
6000
6400
6000
6200
6200
6700
7500
7400
18900
7000
7300
7300
12200
7200
7600
24000
8600
7400
9400
8200
9100
8300
9300
8400
7600
8300
41100
7400
11900
12400
12000
8300
7000
11700
7000
7400
7300
4700
9000
4900
5300
4700
5000
6700
5100
4700
6700
5800
8400
7100
6000
5800
6400
5800
6100
6800
9000
17100
17200
6800
7900
11500
7300
8000
7100
7000
11400
20100
9100
7900
8900
7900
8100
8900
7800
7800
40700
10700
7200
8300
6900
8400
6900
11700
3600
5200
10100
5700
4100
7300
4100
5100
9100
5400
5500
4100
9800
5400
5200
5600
5100
5900
5500
4600
5500
4900
11100
18800
5600
5600
5800
5100
5000
5700
5000
5100
7100
16100
6200
5200
6400
5100
5000
10100
5700
5200
35600
4800
3700
3900
3500
3400
3600
3400
3600
3500
5800
3900
4100
4100
4100
3900
4600
4100
4200
4200
10800
4500
4600
4400
5000
4800
4600
4700
4600
4500
6300
14200
5500
5000
5300
5100
5000
5500
5500
5100
6600
20900
5900
4900
6000
4800
5100
5800
5200
4900
36600
4900
3400
3500
3300
3600
3400
3500
3400
3600
11100
4200
3900
4100
4300
4100
4800
4100
4300
4300
5300
4300
4500
4500
5200
4500
4500
4600
4600
4800
5300
4900
6400
6100
19100
4900
5600
5000
4900
6200
6800
16500
6000
5100
5900
5000
5100
5900
5000
5100
36400
9100
3600
3500
3200
3500
3400
4200
3400
3700
5500
4800
4000
4400
4000
4200
4500
4300
6000
4200
5800
4600
4300
4700
5100
14800
13400
6600
4600
4600
5400
4700
6300
4900
4800
4800
5100
4900
5000
5900
8500
14500
6100
5200
6000
9300
5000
6100
5100
4900
36500
4600
3700
4500
3500
3400
3500
3400
3600
3400
5300
4000
4100
6100
4300
4000
4600
4100
4100
8100
5200
4400
4500
4400
5000
4500
4500
4600
4500
4700
5200
4700
6100
5400
5000
4600
5000
4800
5000
5700
6600
19200
5900
5000
5800
4900
5000
5800
4900
4800
37400
7500
5000
3300
4700
3700
4800
4900
3700
3400
5400
4500
4100
4200
4100
4200
4100
4300
4300
4200
9500
4600
4300
5100
4400
4700
5200
4600
4600
4500
5400
4900
4700
5400
5000
4800
4900
4900
5000
4800
5800
4700
5600
4900
4700
5900
6400
5100
5000
4900
35100
3300
3500
3200
3400
3300
5100
4600
4600
3600
5300
4200
3900
4200
4100
4200
4500
8400
4100
4400
4800
4300
4500
4500
4300
4900
4900
4700
4500
4600
5600
4800
4700
4900
4700
4900
4800
5000
5100
4900
5500
4800
9500
4800
4800
5900
4900
5000
4800
5000
34300
3200
3200
3100
3700
3800
5900
4800
4500
3500
5200
4100
4300
4200
4200
4100
4000
8300
4000
4200
4600
4800
4600
4400
4600
4500
4600
4900
4600
4900
5300
4800
4800
11300
6500
5500
4700
5000
5000
4800
5400
4800
9600
4900
5300
5600
5400
5100
4800
5000
34500
3200
3200
3200
3600
3200
6800
4400
4400
3600
5300
4200
3800
3900
4100
4100
4000
8600
5600
4400
4500
4700
4600
4300
4600
4400
4500
5000
4500
4700
6600
4700
4900
4700
5200
5000
5300
4800
5000
5000
5500
4800
9400
5200
4800
5500
4800
5000
4900
4800
34400
3100
3200
3200
3400
3200
4600
4300
4300
3500
5200
4200
4400
4200
4100
4100
4000
8700
4100
4100
4600
5100
4500
4600
4400
4500
4400
5200
4700
4600
5200
4900
4600
4900
4900
6100
5600
5000
6000
5100
5500
8800
5000
5000
5300
5100
4900
5000
5300
4900
34900
3200
3100
3200
3300
3200
4800
4100
4400
3600
5200
4300
3900
4200
4000
4100
8300
4200
4300
4200
4600
5200
4500
4400
4700
4400
4700
5100
4500
4800
5300
4800
5000
4700
5000
5300
5700
4800
5000
4900
5500
8600
5400
4700
4900
4800
5000
6200
5400
5000
33900
3200
4100
3400
3400
4400
3600
3600
3400
3600
5900
4000
4500
4100
4400
4900
4100
4300
4100
4200
5500
4400
4400
4700
4900
8400
20800
5000
4600
4500
5600
5800
5700
5000
4900
5900
5100
4800
5000
27500
5900
4900
6100
9200
5000
5100
4700
6200
5100
6200
34400
3700
4700
3500
4800
5800
5300
3500
4200
4800
6900
4300
4100
8200
4100
4400
4900
4500
4400
4000
5700
4300
4800
4300
4700
4600
19600
4800
4700
4700
5300
5700
5700
4800
4900
9700
5100
4800
5000
25400
5600
4900
7600
5000
5100
4900
4800
6000
5200
6300
35000
3600
8300
3400
5000
4600
4600
4800
3800
4600
5100
3900
4100
3900
4200
18900
4200
4500
4200
4200
5200
4600
4900
4700
9000
5000
4500
4500
4600
4900
5400
5600
5700
4700
4800
5600
4800
4900
4800
26400
6700
5200
6200
5000
6500
4800
5800
8400
6300
7100
36100
3400
5300
4600
5700
5600
5700
4600
3600
6000
6100
3900
5100
4000
8800
4300
4600
4700
4100
23700
5900
4500
5100
5000
5300
5200
4700
4400
4600
4400
6600
5100
4900
5100
4900
9500
19300
6200
5100
5000
5700
4700
6000
4900
5000
4800
5000
5900
5200
6100
36000
3400
5000
7500
4700
4700
4700
3500
3500
4600
5400
3900
4200
4000
4300
4000
4600
4600
4300
4200
5300
4500
5100
4600
5100
13500
4800
4600
4500
4700
6200
4900
4900
5000
5000
4800
20100
5000
4900
5200
5600
5800
6000
5000
4900
10400
5100
5800
5800
26000
35300
3300
4600
3600
4700
4600
4600
3600
3700
5600
5600
4100
4900
4200
8200
4000
4600
4800
4000
4200
5400
4400
5200
4800
5200
5300
4600
4500
4500
4700
6300
5200
4900
4700
5000
5400
23200
5100
6200
5500
5600
5900
6000
4700
4900
6000
5000
4800
5000
25200
34900
3600
4700
7300
3600
3400
3600
4700
3700
5600
10100
4100
4100
3900
4100
4100
4700
4100
4300
4700
4700
4500
5100
4400
4600
20900
4500
6000
5100
4600
5500
5000
5600
4900
9300
5100
4900
5100
5800
4900
5700
5400
4900
4800
6000
5200
6100
5100
6000
7800
35000
4600
4700
13100
9700
3400
3700
3300
3600
4600
5400
4100
4200
4100
4300
4600
4400
4200
4200
4300
4800
6700
5200
4700
4900
24400
4600
5000
5000
4800
5700
4900
5400
5000
4800
4900
4900
4900
6400
5000
5600
5400
4700
4900
6100
4900
10100
5100
5800
5500
35400
4700
4600
7200
8900
3600
3400
3500
3400
4500
5700
4100
4100
4000
4400
4700
4700
8200
4400
4200
4800
4400
4500
4600
4300
6700
5300
4500
4700
21400
5200
4700
6100
5000
6500
5200
4800
5000
5700
4800
9500
4800
5000
4700
5700
4800
5800
5100
5800
4900
34000
4400
4500
7300
8100
3600
3400
3500
3500
8600
5600
3900
3900
4200
4200
4800
4700
4200
4100
4200
4600
4500
4500
4400
4500
4500
5500
4600
4500
4800
5200
5200
6000
5000
4900
24400
5000
5700
5700
5000
5800
4700
4800
4700
5800
5100
5700
5000
5800
5100
34800
4400
8300
7000
8700
3400
3500
3300
3600
4500
6100
4200
4000
4100
4200
4700
4600
4100
6600
4400
4500
4500
4500
4600
4600
4400
5200
8700
4500
4800
5200
4700
5900
5100
4800
21000
5100
5900
5700
5000
5700
4800
5900
5100
4900
5700
5000
5200
10600
5200
34200
4400
4500
7200
8000
3300
3400
3400
3800
4600
7200
6100
6200
6400
8300
7200
8100
7100
7600
6600
13300
7700
7700
7500
7600
8300
8200
7500
8000
12900
8800
8400
10100
8700
9300
38300
8400
10200
10000
9000
8500
15000
7900
17900
4900
5300
20400
5000
6200
5100
39700
3500
3600
3300
4900
3800
4900
3600
5200
8600
6900
14800
4100
4800
4900
3900
4300
4100
4800
4100
9600
4600
4500
4500
4400
5200
4600
4600
4600
4500
6300
4700
4900
4700
4900
7100
5100
5500
4800
5700
6100
4800
5900
9400
4900
5100
5800
5900
6000
4900
43000
3600
6200
7200
15000
12500
5800
6600
5500
6700
5100
4200
114600
35900
15500
33300
13200
20100
14500
14100
16500
14400
13900
14100
13900
16700
13800
4600
4700
4600
6300
4800
4900
4800
5000
4800
5000
5700
4900
5700
10600
5300
6800
4900
5300
5000
5700
6000
5800
5000
38600
3500
3700
5400
11800
11800
3600
3800
3400
3600
5800
4000
4100
4000
4200
4100
4200
4600
4200
4400
4900
4500
4700
5200
4500
4600
5100
5300
4500
4700
5900
4900
4700
4900
4900
4800
9200
12900
5100
5600
17600
5400
6200
5200
5800
5300
6200
6300
6300
5400
40000
3600
3400
5300
12900
7100
13600
3600
3600
3600
6300
4000
4100
4000
4600
4300
4500
5100
4600
11800
5300
4600
5900
5700
4900
5000
5100
4900
5000
4900
5800
10100
5100
7900
4900
5900
11800
5400
5300
5400
6100
5400
6200
5100
5400
5100
6600
6200
6100
9100
36500
4700
3400
6000
9400
8900
4500
3500
4500
3600
16800
4200
5400
4400
5800
4300
5600
6100
4600
6100
6100
4700
8300
6000
4600
5600
9200
4600
5000
5100
5300
4900
4700
4900
5000
6100
8700
5700
5700
18400
7100
5400
5900
5200
5300
5100
5600
10100
5100
10000
37400
3500
3500
5000
8400
7100
3700
3500
3500
3600
15900
4100
3900
4200
4400
4000
4300
4400
4300
4600
4600
8500
5200
5200
4700
4600
4600
4800
4500
4700
5100
4800
4900
16800
4900
5900
5100
4900
5100
7400
12800
5100
5400
9500
5200
5300
5400
6200
5500
6100
37900
3800
4400
3600
3500
3600
4400
4600
4700
3500
7400
4000
4800
4400
5000
4800
4700
4200
4800
4200
5000
4700
4600
4400
8800
4500
4700
5600
4800
5400
6700
5100
4800
5800
5100
5100
6100
5100
5100
5100
6300
5700
4900
5200
5200
10500
6300
5400
5300
5300
37000
3600
3700
5300
3800
3300
3600
3300
3600
5700
6200
4100
4200
4600
4300
4600
4100
8800
5000
4200
5000
4600
4900
4400
4800
4500
4800
6500
4600
5600
6700
5000
4700
6100
5000
5400
6000
5200
9200
5000
6000
4900
5100
5200
5000
6200
6100
5100
5200
5100
34500
3600
3600
3500
3500
12200
5400
3700
3900
9900
6400
4600
4200
4800
4500
4300
4500
4700
18200
4500
4800
4400
5300
4600
5100
6000
5300
4800
5100
4800
9400
5300
15700
6400
5500
5600
6300
8600
5000
5300
6200
5000
4900
4900
5000
6100
6100
5100
5700
4900
34500
7400
3900
3600
3400
3500
3400
3600
3500
5100
7900
4200
3900
4700
4200
4200
4300
4500
4700
4400
4700
4600
6900
4400
5300
5600
9500
4700
5400
5200
5600
5000
4900
4800
5000
4900
5300
6100
5100
6100
5900
5000
4800
5000
5000
6300
10700
5000
5500
5200
34700
3500
3300
3400
3400
3500
3300
3400
3400
5000
5700
4200
4000
4500
4000
4300
4100
5800
4500
4300
8700
4500
4900
4500
5300
5200
5200
4600
5500
4900
5400
13600
5100
5000
4900
5000
5200
6000
5100
6100
23600
5600
5300
6700
5400
5700
6600
5400
5500
5600
37700
3300
3500
3400
3800
3400
3600
3400
3600
5000
5300
3900
8100
4200
4800
4100
4200
4300
4500
4400
4800
4300
5600
5800
5200
5200
5300
4900
5100
4900
5300
4900
4800
4900
5000
4800
9100
6000
5100
6100
6900
5200
4800
6300
5000
5000
6200
5200
5000
5100
34600
3600
3500
3600
3700
8800
4900
3700
3600
3700
6100
4100
4000
8400
4100
4200
4400
4200
4700
4100
4800
4500
4300
4900
5000
4600
6500
4800
4700
4500
5500
4700
4800
4700
5100
4900
5100
4900
5100
9100
5600
5700
5700
5000
5000
5400
5200
5300
4900
5900
34200
4200
7000
3500
3500
3600
12700
3600
3800
3700
5700
4200
11200
4400
9000
4400
4700
4600
4400
4600
5000
4700
4800
5000
5200
5000
4700
5400
14300
5400
5600
5600
5000
5300
5800
5400
5200
6400
6400
5400
7000
23400
7200
6500
5200
6400
6600
5300
6400
5500
40000
5500
3500
3500
3400
4800
3600
8100
3700
4000
18200
4700
4300
4700
4300
4500
4700
4500
4800
4400
5400
5700
6100
5100
4800
4900
5000
5900
5300
4600
5400
4800
4800
4600
9000
5000
5000
4900
5100
5000
5600
5500
5600
4900
5000
4900
5200
5000
5000
5200
34800
4100
3500
3200
3400
3300
3400
3300
7600
3500
5500
4000
4200
4100
14100
4300
4600
4500
4600
4400
4800
5000
4500
4900
4700
4900
4900
5100
5400
4800
5500
7300
5300
5800
6700
9400
5300
5800
5300
8300
21100
5700
5500
5600
4700
5000
5000
5000
5600
5200
34000
4100
3400
3400
3100
3600
3200
3400
3300
7400
5400
4300
4000
4300
4000
4200
4100
4400
4300
4100
4600
4900
4500
4500
12300
4700
4500
4700
5200
4500
5200
5000
4800
5300
5500
4900
8900
5600
5000
4900
5500
5100
4900
4900
5100
4900
5000
4900
5100
5100
34000
4100
3400
3300
3400
3800
3600
3200
3600
3600
8900
4700
4000
4100
4100
4000
4300
4200
4300
4100
4600
4500
4300
4500
4400
4600
4500
4700
5100
4500
5500
4900
4600
5400
5400
5100
4900
9300
5200
4800
5800
5000
4700
4900
5000
4900
5000
4900
5000
5100
34200
4100
4200
4100
3300
3400
3500
3400
3900
3600
