82700
1274400
16800
54200
6200
10000
5700
5900
5800
30400
80400
7600
24100
11800
14700
10900
12300
11400
12900
12800
49100
18000
13900
16900
15600
239700
16800
14700
31300
212500
25500
158200
20300
152000
259000
18800
14000
128000
277000
13700
23000
154600
243500
253200
18000
252300
16100
17700
16800
16800
11000
4300
25300
5200
5700
4800
4800
5300
5200
5700
39300
6700
14400
7900
7100
8600
8200
7800
7700
8600
30900
12100
10600
9700
11000
107400
10400
10100
10800
85100
21500
73600
13500
77600
90700
14800
13900
93500
193900
15100
19500
129700
148700
158100
17400
165000
17000
18200
15400
16200
15100
4400
8300
5300
5100
4800
5000
5100
5200
5800
7700
17800
7100
14800
8700
7400
7500
15800
7900
9300
17700
12600
10200
9900
11900
82500
10100
16200
10500
58700
14900
63800
13700
62600
52100
13700
14200
74400
136400
16500
22900
115700
143000
152900
18400
164500
15800
17400
16200
16100
14800
11800
11300
5500
14300
5100
4900
5000
5400
5400
9200
22500
6900
13200
7200
7400
7900
17900
7800
9600
41800
18100
20900
11500
20200
22500
11600
10500
10800
12100
14200
57300
13300
60100
54100
14200
13600
87000
92100
14400
17600
67200
83400
91800
17200
105900
16600
17400
16100
16600
18000
16400
10200
5300
22000
5200
5000
9800
15900
2900
5800
12800
3600
8900
3900
3600
3500
12200
3600
4800
24700
10800
7700
5900
12500
22700
6000
5000
4800
5900
17400
7700
6200
5800
7200
55200
15900
15100
15700
90000
10700
58200
89700
81900
8800
88000
6900
9000
7200
7900
5600
5100
13000
2900
9500
2900
2600
2500
2400
2900
6400
17000
3500
9400
3400
3500
4100
24300
3800
4400
27100
16700
7900
5600
20800
13000
6000
4700
4700
5800
11200
7500
6000
6100
7000
60200
26000
31600
30100
44200
9500
34800
8600
59300
31700
9100
8200
36100
171300
12700
12100
7600
7200
5700
5100
5300
6600
11200
5500
6300
7200
7000
106300
19800
14200
15300
12900
13500
12900
12200
14300
14700
13500
15100
13600
13200
13600
79400
15000
17600
29300
16800
202700
18000
45700
35700
46000
50400
13500
11500
91300
8100
13800
12400
7600
8100
32900
7700
8300
7700
13600
5700
5800
5600
10000
6000
6400
6400
5800
6000
7500
7600
29200
7300
8000
19200
7200
7600
7300
7300
15400
7700
7700
9100
12800
8000
8400
27000
8300
9500
11700
8700
53600
11400
32100
22700
33600
38400
9100
10800
64900
7300
14200
11100
7400
7200
28400
7100
7300
7400
12600
5600
5800
5400
5700
5700
6200
6200
6100
5700
7100
7000
6800
7100
21200
7000
8200
7600
6800
7900
8700
7900
12100
8900
7700
8400
7800
26100
7900
9700
11300
8300
48400
10000
31500
26500
30100
32900
10200
10400
65500
7300
12700
11000
8000
8500
30400
11400
7200
7600
8700
5700
23000
5800
5700
5500
7500
6200
5700
6200
7000
7100
7300
6900
6600
6700
7700
8000
7000
7700
12300
8700
22600
8100
9300
9000
8300
8500
7900
7800
11700
9200
61600
9800
35600
22000
29900
35200
9400
10100
65100
7000
13000
13200
7000
7300
31100
7100
7400
7100
8600
5800
5500
5900
5500
5700
6200
6300
5700
28000
18700
6800
7100
6800
6700
30300
7600
7300
7000
7900
8600
10500
22000
8200
10100
9100
8100
26300
28400
8100
13400
8800
8400
9900
9100
8900
8600
27100
35100
11200
63900
7500
12300
10900
7000
11300
28400
7000
7700
7100
8200
5500
5400
5700
7700
5500
6400
6500
6100
5800
6800
6700
7100
6700
7000
6600
7800
11500
6900
7400
18900
8700
22300
8000
9300
9100
7700
31900
32600
8100
13400
8400
8800
9700
8700
8900
9800
44500
8500
11300
64800
7400
22500
8400
17400
10200
12900
12800
7100
9000
7400
5600
5400
5800
5800
6200
5600
25900
5800
7000
8400
7100
6600
7500
6700
6800
7600
7200
7200
6900
8600
7800
7800
11700
7900
7800
9400
7900
8900
8100
10000
8600
10200
9000
8500
8900
8800
8600
9100
10700
73200
12300
7400
6900
7100
7500
7000
7500
7000
8200
7300
5900
5700
5600
24400
5800
5500
5900
6400
5600
8300
7000
6800
7200
6700
6700
7500
10700
7000
7100
8900
8200
7600
8200
7800
7800
8800
8200
9000
8000
9600
8800
10200
8800
8600
8700
8500
8800
8700
14200
74800
8300
7200
7400
7500
7500
7000
7200
7300
7100
7900
5600
6200
6300
5900
5700
5600
6200
6400
5700
7100
6700
6500
11000
6900
7900
6900
26500
6700
7200
8600
7700
7600
7900
8200
7900
8700
7800
9200
8200
9400
8400
10400
12800
8400
10500
8900
8400
9200
10300
80300
9700
7200
7400
7100
7200
7300
7200
7100
7400
7500
5800
5900
5700
5800
5400
9700
6100
6500
5900
7000
6800
6600
6900
6800
7800
6800
26900
6800
7000
9300
8200
10800
8700
9100
8200
8800
7900
7700
12000
9900
8600
10100
9600
8300
8700
9100
8400
8700
10600
72600
8200
7500
6700
7400
7000
6900
7400
6900
11300
7600
5700
5900
5800
5700
5600
5700
6100
6300
5900
7200
6800
6800
6700
6900
8900
6700
27400
6900
6700
9300
8000
12300
8700
7900
7900
9000
8500
8000
8000
9700
8400
8700
9100
8700
8600
10200
9100
10400
8700
76800
8300
7700
6800
7200
7200
7200
7200
7200
7400
6800
10800
6100
5500
5700
5500
5900
5900
6200
5800
6900
8700
10500
10100
11600
11800
10100
32500
6800
7300
9200
7900
7700
9000
18500
7700
8700
8300
7800
8100
9500
8800
8200
8500
8900
8400
9700
12600
10100
9100
63400
7200
8900
7300
6800
7100
7400
7000
7400
9200
6900
6600
5500
6700
5700
6800
6100
6800
5700
7500
8200
16400
8300
7700
7000
8900
8600
6700
10900
7100
18000
8800
7600
8800
8300
9100
31000
31300
8200
9300
12100
9700
30800
8900
8700
9200
8700
9800
9000
8700
60900
11000
10600
6900
22600
13800
8900
8700
7300
11700
7100
5800
5500
5500
5600
7600
5500
5600
6000
5900
7200
21200
11600
7300
7200
7600
7900
7000
6600
7100
17100
13200
7600
8600
8300
7700
30300
31200
8000
8900
11200
9700
26100
8900
8700
8500
9300
13600
8700
9600
61600
10900
12000
6900
22500
13700
8400
8800
7200
7000
11800
17700
5500
6200
5500
10500
5500
5800
6200
5600
7000
6900
7000
6800
6600
6900
6600
6800
7000
7800
17400
8800
7800
9000
7900
7800
35100
33600
7700
8900
10700
10000
25900
8800
8900
8700
8400
10000
8800
8700
61000
10400
14500
7300
21500
13700
8600
10200
7900
8300
8200
5500
13500
5400
5900
6100
27500
28500
10000
5700
6800
6800
6500
6900
6700
8200
7000
6600
6900
8100
8200
16500
8700
7900
8000
8800
9800
8000
8400
8200
15000
9500
26500
8500
8600
8900
8700
10200
9100
8600
60000
12000
10300
7200
21300
17300
8900
8500
7200
7500
8100
5800
5400
5700
5500
6200
5800
6000
6100
5500
7400
6800
6600
6800
6700
6900
7400
23100
6900
12100
8200
16700
8700
7800
7700
9200
9200
7900
8000
8300
17900
10000
8900
11100
8700
8400
35000
31400
8800
10200
61700
10800
10600
6900
22100
13300
8500
8800
7100
7300
7600
9900
5600
5600
5400
6100
5500
5800
6000
5600
7200
6800
17800
6600
6600
6800
6700
27400
6900
7400
8200
16100
12900
19500
7800
8700
9300
7800
7900
7900
18800
9700
8300
9900
8500
8300
30400
35700
8500
9800
62800
8400
15800
7100
6900
8500
12800
8900
13600
7200
8300
5300
5900
5800
5900
5700
6100
5900
5500
25000
7500
6800
6900
10900
6700
6700
7400
6800
7100
7700
8500
7800
7600
9700
8000
7800
24100
8600
9200
9400
26300
26700
9700
8500
8900
8600
8600
8900
10200
8700
76100
7000
6800
12100
10400
9000
4100
3700
8100
3800
7100
23400
4800
4900
6800
4900
5400
6100
5100
4700
5700
5300
5300
5200
6500
5300
5900
5300
5300
6100
11100
9900
5600
6600
5600
5500
20900
5500
5700
5800
23000
18400
6700
5500
5600
5400
5700
6200
6700
6000
76500
3600
3300
7300
9400
4700
3700
3500
3600
3300
6600
4700
4800
4600
4800
4600
4800
5100
4900
4800
10500
7600
10300
5700
7700
9700
9200
6800
5400
23900
6300
5600
5300
6600
5600
5500
20600
5700
5500
5800
27100
18600
6800
6100
5500
5600
6600
5900
7200
5900
70200
3700
3500
7300
9700
4500
3600
3500
7800
3300
8000
4600
4800
4600
4800
4600
4900
5300
4700
5000
6200
22400
5400
10100
6200
8100
8600
8700
8300
37900
18300
8000
5500
5800
5400
5700
7200
6000
5800
6600
23600
18100
6700
5800
5400
5800
5400
6000
6600
10300
69700
3400
3600
9000
9200
4600
3400
3500
3400
3400
6700
4700
5200
5100
12400
4300
3900
5300
4700
4300
5100
4400
8900
5000
4900
5100
5000
5000
4500
27300
5400
5100
5100
4800
5000
4800
5900
5000
23400
6000
13000
8400
6000
6100
15400
4900
17400
5100
4800
5200
46100
4800
3700
7700
9800
4900
3400
7800
4000
3600
5700
4200
4000
4000
3900
4100
16000
4800
3900
19800
5100
4500
4300
5000
5000
4900
5100
4900
4500
23400
5200
4700
4900
4700
4900
4900
5900
5000
4900
5600
5700
4700
5200
5900
5000
4700
17500
4800
4900
6400
50400
6700
5400
4400
4600
7500
4400
3300
5500
4700
5700
3900
4100
3900
4100
4600
4400
4000
4200
4600
5100
4400
4300
4500
4900
4300
4400
4900
4500
4300
5200
21500
14400
5300
5400
5400
5400
4800
5000
5600
6500
12900
4800
5900
4900
5200
5400
5100
4900
9000
35900
3300
3400
3400
6300
4100
3400
3400
5200
3500
5400
4300
4100
4000
4100
4000
4100
4200
3900
4500
4800
4700
4900
4200
8900
4500
4200
4500
4400
4600
5200
17700
15600
5500
5200
5400
6000
4900
4800
5600
6700
12800
8800
5900
4700
5000
5000
4800
5000
4900
34700
3300
3100
3500
5100
3300
3500
4600
4700
3600
7900
25800
11600
8200
7600
8700
7900
17100
8300
9200
8800
8200
8300
8800
8500
8600
9500
8900
8900
8000
9900
46400
29800
10500
13100
9900
10000
8900
18900
11300
11900
32000
8800
10300
8400
8900
8700
9500
9000
9000
70800
6000
6100
6000
11300
6800
6100
6200
14500
6400
10400
8100
7800
6900
7400
7700
7400
28300
7100
12300
8500
7800
8000
27000
7900
8200
9700
7900
8500
8100
8900
15000
9100
9500
10500
9800
9200
9100
9100
9300
12100
24000
8900
10500
8600
9000
9100
9000
9000
8900
73400
11600
6600
6600
9700
6200
6900
6100
8400
6500
9000
7800
7100
7200
7000
7700
7300
7500
7600
8000
8200
8100
9900
8100
8100
8100
9200
8000
13900
8300
9300
8900
8700
8800
10100
8800
8800
8700
8600
8800
24700
35000
28800
10400
10200
9900
15400
8800
9000
10300
72800
6000
6200
6200
9300
6600
6200
6600
8400
6200
8900
7400
7400
7100
7500
7300
7500
7300
7400
8800
8100
13300
10200
7700
8000
7800
9000
8300
7700
8000
8700
8200
8600
8300
9300
9200
8700
8700
8300
8700
9000
32300
26300
15200
9500
9400
9800
8700
8300
10100
68300
11200
5900
7600
17400
6300
5900
6300
5800
6200
9100
6900
7100
7200
6400
38500
7700
6700
7500
7500
7800
12800
7900
8200
7900
11400
29600
8000
9000
8000
9400
9600
9700
8500
8500
10300
9000
8600
9000
9400
18700
8700
8300
8500
8500
8400
8500
8300
8300
8900
75000
5800
5900
18200
6000
6100
6000
6200
8700
5800
8800
6600
7000
8400
9500
7100
8700
7200
8400
43000
8900
5500
8400
9700
7900
9800
30200
7500
9500
9000
14800
10200
10100
8400
8400
9900
8600
10600
7800
9900
12100
8000
8200
8500
8300
8700
8500
8300
8100
9700
69100
6300
7100
19700
6000
6000
6300
6100
8800
6100
9200
7100
7000
7300
7600
7400
7400
7400
7000
7200
29900
7700
8800
9400
15100
44800
10100
8400
9300
8000
9700
10000
11400
9600
8800
10700
9100
8900
8700
10700
12700
8800
8700
15200
8500
9300
8800
8600
9000
9100
66900
6500
6000
19100
5900
9100
5800
6000
8800
6100
9200
7100
7000
7000
8300
8000
7200
13400
7400
7700
7800
7900
8700
8700
7800
42600
10000
8200
8900
7900
10000
8500
8400
10000
8800
10200
31400
15500
10500
9100
16300
9300
9600
9000
9100
8600
8400
9100
8800
8400
70000
6000
6600
17800
6300
5900
6300
6000
14700
6200
8700
7000
6700
7000
7500
7500
7300
8000
7200
7300
7900
7500
8300
8600
7700
43000
9700
8000
9000
8100
9500
8900
14000
10400
8500
10100
30400
8500
10400
9100
10100
11700
13000
8600
8600
11700
8700
8800
8800
10400
79100
5800
8300
17700
6000
6400
6200
5900
8400
5900
9300
6800
7200
7000
7600
7100
7000
7200
7000
7900
7600
7800
8100
8200
7900
45700
9200
8000
8600
8800
9100
8300
8700
9700
9200
10900
34800
9200
10400
9400
9900
10600
10200
14100
8100
10400
8300
8700
38900
10400
69200
6700
6000
6200
5800
6400
6100
6400
5700
6400
10400
7500
8800
7400
7700
7600
7600
7400
7500
7300
8900
7700
8000
8000
14100
8100
8100
7800
9100
8100
9700
8500
34900
8900
9700
9000
9400
9200
11900
8700
10700
9000
8900
8600
39100
9100
12900
8400
10300
8600
74900
9000
5800
7600
9100
6100
9400
7300
7400
8600
9800
6900
8900
8800
7000
8000
7100
8500
7200
13200
9500
7700
8000
7300
7800
8000
8100
9600
8400
8300
9300
8600
11700
8400
9900
8700
8500
8600
8700
8900
10000
8600
9900
14700
40900
8600
11300
8600
8700
8600
67200
8100
8100
6100
8500
6600
7900
5900
7800
8000
9100
6900
13400
6900
7600
7100
7800
7300
7400
7500
8500
8400
8600
8100
8500
8600
8900
8000
7600
8700
9200
8300
9700
9200
9400
8300
8100
8400
13600
9700
10400
8700
8900
9200
47800
8800
10200
8700
8600
8500
67100
8000
5900
5900
7600
5800
9000
11700
8000
7900
8500
7300
7400
7200
6900
7100
7300
7100
7300
7200
8200
7600
8800
8000
8600
8600
8200
8000
8000
8700
10700
19000
8400
8500
8200
8600
8800
8400
8800
8500
10100
8300
8600
8400
39600
8100
10200
8900
9400
8800
188400
13200
5900
6400
7600
6100
8000
6200
8100
7900
8800
7400
7900
6900
7100
7200
7100
7200
7100
7400
7900
7900
8700
7500
8600
8600
7900
41800
8200
8500
11100
8800
8800
8600
8600
8700
10200
8600
9000
9300
10400
8800
10600
8800
10100
9000
9600
9000
13700
8800
75700
7600
6300
5900
7500
5900
8000
6200
7900
7900
8800
7000
7700
7100
7200
7400
7200
7900
7200
7700
12000
10600
10000
8100
9100
8300
9300
8500
8300
10600
11500
8900
8400
8500
8800
8800
9100
8900
9000
9000
9800
8800
14700
8900
11200
9000
9000
9100
9200
8900
69400
6400
6400
6100
21700
6200
9100
6100
6400
6100
10400
7200
8100
7000
7100
7300
7200
7900
7500
7300
26900
7700
7500
8200
8000
44500
8100
7800
8200
9100
9400
9200
8200
8700
9800
9900
8900
9300
9000
39000
10300
10700
8700
10200
12500
10200
10200
8900
9000
8700
223400
7600
6400
13400
6000
6500
8300
6300
6300
6200
9900
7000
8400
7000
7300
7100
7200
7200
7400
7200
35000
8100
9600
8100
8800
39700
8100
8000
8100
8700
11400
9600
8600
8500
9500
9800
8700
9000
8700
40200
13900
9900
9000
10100
8900
10000
11000
8100
9300
9200
67700
6300
6100
6200
5900
6300
8300
6100
6300
6000
10000
7000
13200
6400
7400
7500
8100
7500
7700
7400
9200
8300
7700
8400
7400
8900
59200
8100
8300
8700
9600
9300
8800
8500
9500
13800
8800
8900
8800
41200
10300
10300
8700
11200
8900
13700
9900
8800
9200
9000
74600
6200
6000
6200
5900
10600
8100
6300
6400
6200
9000
8000
7100
7100
7300
7400
7400
7200
7500
7600
8900
8000
38200
8000
7800
8800
7900
8200
8000
11900
34800
8600
8500
8800
8900
37800
8700
9000
9200
10900
10200
9400
7600
9100
8800
10000
10800
8700
8900
8600
173200
6900
6000
6100
5900
6500
8300
6100
6500
6100
9700
7200
7300
7200
7300
7100
7100
7500
7400
7400
9300
7800
9800
7800
8100
7900
8100
8300
8200
8400
31800
8500
8900
8700
8900
39900
8900
10400
8800
10600
9900
10300
9100
9200
10100
14400
9800
9500
9100
40800
73100
6300
6000
6200
6000
6400
8200
6100
6400
6200
8800
7100
7100
7200
7300
7300
7200
7200
7400
7300
12400
8100
7800
7800
8200
8000
8000
7700
8100
8900
31900
8400
7500
7700
8500
38000
8700
8500
9100
10200
9700
13900
8500
8300
8800
10000
9000
9100
8900
40900
70700
7600
5900
7700
6200
7600
7800
6200
6100
6400
10100
22100
8600
7500
7200
14400
7600
10200
7800
9100
10100
13400
9300
8600
8600
8800
8500
7900
8800
8700
10300
9400
9100
9500
12500
10100
9000
10200
9300
10400
10000
8700
9800
8900
8600
12500
38500
9100
10700
9300
169100
9000
7900
7700
6000
5900
8100
6200
6000
5700
8800
7000
6500
6400
6900
10800
7300
7200
6800
7300
8600
8200
8900
7800
7600
7500
7600
7600
7800
7800
10900
8500
7900
8100
9200
9600
8300
10700
10000
10800
10700
9200
7900
9400
8800
10400
40700
8300
11400
9500
72900
8000
10700
7500
6200
5700
7500
6200
6000
6000
9100
6800
9000
7400
8100
7600
7400
7700
7800
7300
8100
7600
7600
7800
7600
7700
7500
7900
7800
11900
10600
9800
8300
9500
11100
11200
8800
11300
10000
11300
11100
8900
6500
8500
8000
9100
35700
8600
10700
11800
65800
7700
7700
8100
5800
5800
8100
6200
6200
5900
9400
8200
6700
6800
7800
7300
6900
6900
7100
6800
8100
12600
7700
8000
7900
7800
10300
7600
8000
9400
10800
10300
9700
8700
8600
8500
8600
11200
8800
8900
9900
8700
8600
8600
8800
13200
39800
8600
12000
9500
168400
17900
8500
8200
6100
6100
7900
10600
6200
6300
9300
7800
7000
7200
7700
12300
6800
7200
6800
7300
8300
7600
7700
7400
35100
7600
7800
7900
7700
9100
10100
8800
9600
8500
8500
8400
8800
8500
8400
13900
9600
8400
8500
9100
10300
12700
10300
10400
9200
9700
69200
8100
7800
7900
6100
6300
8200
10400
5900
6400
9100
7400
7200
7100
7600
7300
7000
7000
7100
7200
8300
8100
7500
7700
7800
7800
7900
7800
8100
10200
10500
12200
14200
8800
8500
8800
8500
9000
8700
8800
9800
8500
9900
8700
10300
10600
8600
10600
8600
10800
71000
6000
5700
24400
6000
6500
17800
5900
8900
6300
