16600
4100
7500
2900
3900
2600
9400
9400
8200
3200
5400
3700
6900
3300
3800
2500
3000
2500
2700
2100
2500
2200
2800
2200
6700
4700
4000
3500
3200
3900
3300
2900
2800
2800
2800
4200
9700
5100
3900
3700
2800
2900
2900
2900
2800
3400
3400
3200
7600
4300
4000
3100
2900
5000
2800
2500
2700
2500
9800
4700
6800
3900
3900
5100
3200
2900
2600
2500
2700
4100
2600
2700
6200
4600
3900
4100
5400
2700
2800
4600
2800
2900
3200
2500
8100
5100
3700
3000
2500
2400
2700
3300
2800
2400
2700
2600
6700
4500
3500
3000
2900
2700
2700
2600
3500
3000
3000
2600
10800
3800
4000
3200
2800
2600
2800
3400
2500
3200
2600
2600
