11100
4200
3300
2400
3700
2700
3100
7300
8000
2500
3400
2400
8300
4500
4900
3400
4800
3100
4300
3000
4800
3200
4000
3600
7700
4500
4300
3900
3700
3200
5200
3400
3800
3500
3200
3100
6800
4100
5000
3300
2900
2700
2900
5200
8400
2900
2800
2800
4800
3400
2800
2100
2900
2100
2100
2000
2500
2100
2100
2200
5600
4600
3800
2300
2100
2200
2200
2600
2200
2000
2000
2900
11900
3500
2700
2200
1700
1600
2000
2500
1700
1600
2800
1600
7800
4200
4100
2800
2700
5700
2600
2400
2400
2500
2600
2400
6500
4700
3200
3000
2500
2800
2600
2400
2300
2300
2300
2400
5800
3600
3600
3000
2900
2400
3300
2400
2300
2700
2400
2500
