15100
4100
4500
2500
3000
2800
3200
6600
6200
2500
3000
2500
8300
4800
4800
4800
4400
5700
4200
3700
4400
3200
4500
3200
8700
4900
3800
2800
2800
3700
2800
2700
3600
3000
2800
2800
14300
6400
4000
3100
3300
4100
2700
3200
2900
2700
2900
2800
6900
4600
3800
3200
2800
2900
3500
3200
2800
2700
3100
2800
18100
3800
5200
2400
2800
2800
8200
2600
4300
6300
3500
3100
5900
3100
2700
2400
2400
3300
3300
2500
2300
2300
2100
2200
410800
26900
3800
474000
13300
2600
5800
2900
2200
1900
1800
2300
4000
1800
2000
1200
1200
1200
1400
1100
1500
1300
1200
1200
2000
1500
1400
1100
1400
1800
1200
1100
1800
1200
1200
1500
