23400
5700
28000
3100
8500
2600
11100
6900
7900
2600
4100
9600
5100
3300
2600
2200
2500
2200
2100
1900
2200
1900
2000
2000
4600
2700
2500
2300
2000
2300
2100
1900
2800
2500
2100
2000
9200
5100
4200
4300
3500
3000
3800
3000
3100
3000
3200
3000
7300
5400
4100
3600
3600
14400
3300
2900
3100
3200
3000
2700
6000
3800
4300
3600
2700
2400
2500
3800
2900
2500
2700
2400
5100
3000
2300
2000
1900
1800
1800
1700
2900
1700
1800
2000
5500
2700
2300
1800
1800
1700
1800
1800
1900
1800
1800
1700
3900
2400
2300
1800
1700
1900
2300
2300
2500
2100
2300
2300
7000
3900
3100
2700
2600
2300
3900
2400
2600
2800
2400
2300
