18500
5300
7000
3500
5700
3000
12800
11100
8400
3300
6000
4500
16100
5100
6400
5300
6800
5100
6000
4200
6000
3500
5600
3400
7800
4500
3900
4400
3500
3000
3000
2800
2700
2700
4000
3400
6800
4200
3300
3100
2800
2700
2800
2900
2500
2600
3500
3000
11700
3000
2300
1900
1900
2500
1800
2100
1900
2100
1900
1800
4900
3000
2500
2900
2400
2500
2900
1900
1900
1800
1900
2700
4500
2600
6300
2200
2100
2100
1900
2700
2800
1900
1800
1800
7200
4300
4400
3900
3400
2900
2800
3000
2600
2700
2600
4700
6800
4500
3600
2700
2600
3200
2300
2500
2800
2700
2600
3100
17800
3900
3100
2600
2300
3100
2300
2300
2400
2200
2200
2200
