14600
3700
5500
2600
4100
2800
9100
8700
7000
2500
4100
2800
7500
3500
5100
3100
3900
2700
3900
2400
3800
3100
4000
2400
6600
4600
3600
3500
3200
3600
3900
2800
3100
2900
3700
4600
6700
4300
4000
3500
2600
3300
2900
2500
7900
3500
3400
7100
14200
4000
3400
3500
3300
2700
2600
2600
3000
2800
2600
2700
4800
2600
2300
3300
2000
2600
1900
1800
1900
1900
2900
2000
5500
3800
2300
2000
1900
1800
2900
2900
3200
2400
2500
3700
11700
4300
3000
2600
2500
3700
2900
2500
2600
2400
2600
5000
28300
3600
2600
2500
2100
2100
2000
2000
2800
2100
2100
2100
6100
3500
2600
2300
2100
2000
2800
2100
2000
2000
2000
31800
