15800
4600
5500
2700
4300
2500
9300
9300
9000
2800
4200
3200
7400
3700
4400
3800
4400
2600
4400
2700
6300
2400
4200
2800
7200
10100
5300
3800
3700
3100
3200
2900
2800
7000
3700
4100
7000
4700
3800
3200
2900
2700
2800
2700
2900
2900
2700
2700
6300
3300
2800
2100
2100
2100
2000
2000
2300
2000
2100
2000
3800
2500
5900
8400
3900
2800
2800
2300
4700
2100
2300
2200
4400
2800
2200
2400
2400
3300
2300
2000
2100
2100
2900
2600
4200
2600
2300
9400
2700
2100
2000
5000
2200
2300
2100
2000
3800
2700
2200
2100
2300
2000
2000
5100
2100
2000
2600
2100
3300
2800
2200
2000
2100
2200
3200
5200
3000
2100
2100
2800
