16400
4200
6100
3300
4600
3000
8900
19600
7200
3200
4200
2900
8300
5200
4700
3300
4400
3500
3500
8700
4100
3000
3600
3200
7600
4500
4500
4200
3600
5500
3200
4000
3900
3500
3000
4900
6400
4000
3800
3000
3300
3100
2700
2500
2600
2600
3100
2700
6900
4300
3900
3200
3200
2800
2800
2700
2700
2600
2700
2700
5500
3700
4700
3000
3000
3900
2700
2600
2600
2500
2500
2300
7000
4200
3300
2600
2600
2600
3300
2500
2600
5500
3000
3700
8000
3900
3300
3300
3700
2800
2500
2800
2400
2600
2400
5400
6900
5100
3600
3700
3000
2700
2700
3000
2800
2600
3600
2700
7100
139400
12400
3100
2400
2400
3500
7900
2200
1700
2400
1800
