91000
48400
20300
10800
1200300
17600
16400
6800
33000
7400
16000
4900
16400
5300
25000
10400
14000
6300
24000
7000
6000
4500
8900
10200
22600
14600
14200
9100
24800
6900
4600
4700
9300
8600
12100
34300
32000
7000
30100
7200
9000
4600
14400
6200
16400
5800
23700
19000
24600
7500
4500
4800
9300
5500
10800
5600
22000
11100
17600
20600
16500
11300
10900
12200
14000
17400
21300
44600
69900
8900
9400
8100
8700
8500
9500
9400
9400
39600
67900
6700
8300
26600
7800
7800
8500
9800
9200
38400
69600
8500
7500
7500
8200
7600
7700
8200
8900
38100
78600
7700
13000
7500
7500
38200
8000
10300
9600
10100
60200
6100
7300
7200
7200
23600
7700
15500
9900
9200
24800
33600
8200
7100
7800
8100
7800
18600
27600
11600
24200
10100
7300
7400
10200
12000
8400
10300
29600
11100
25000
12300
8200
8400
18700
7700
8200
9400
41700
16700
31000
17400
8000
7900
8100
7400
7900
8000
24900
11200
23500
9400
7200
7700
7300
7300
7900
26500
8300
11200
23300
10900
7700
8000
7600
8200
8000
8300
9200
13900
42900
9900
8000
7000
9600
7500
8500
19600
8400
7700
24500
5600
7000
8100
8900
7400
8600
7900
8900
7900
21000
5500
6600
6800
7000
9000
7800
7800
10200
7600
21300
5600
6700
6400
7500
21200
12300
8900
8100
7900
20100
6000
6800
6800
6900
7900
10000
8100
8300
8200
28300
5800
7100
6800
7200
15000
9300
10400
8600
7800
25000
5600
8800
7300
7800
7800
8700
8400
9200
8400
22900
6700
7100
7200
7300
7700
9000
8600
8500
9100
22100
6400
7400
6900
7600
7500
8100
7900
8300
7700
23400
6100
6900
7000
7600
7500
7800
10500
8300
7900
24500
6100
6900
8500
7400
16200
7400
8900
7600
7700
22200
5900
6900
7700
6800
7100
8700
7600
7800
9000
22200
5800
12700
6400
10800
6900
6200
8700
8000
8400
35700
4000
6100
5500
4400
4200
5400
6100
6400
4500
11600
3700
3900
5200
6600
4000
3900
7000
4700
5300
11000
4000
4900
4700
5800
5100
4400
4200
5900
4100
20600
3500
3900
3900
6800
3900
5100
4100
4700
7200
9400
3700
7900
3700
4900
4700
3900
3900
5400
5700
10700
3700
8000
2900
3500
4000
6100
5200
3700
3100
7000
8900
3300
5900
3300
2900
6000
4200
3400
3000
7800
2400
3800
2500
3000
8700
4300
4000
7400
2800
6400
2300
3000
2400
2800
2700
4600
5700
4900
3000
7400
2100
2600
2200
3400
2500
3000
4100
4200
4000
5600
2500
2600
2200
2400
2400
2800
3000
9500
4500
5900
2200
2600
2500
2800
2500
2700
3900
3200
2600
6100
2300
2500
2500
2400
2500
2600
3300
3300
2500
5400
2300
2300
2300
2400
2500
2500
3200
2700
2400
5500
2100
3000
6500
4900
2400
3000
2700
2700
2600
5300
2100
2400
2300
2500
2500
2700
2600
2800
3500
5600
2100
2300
2600
2400
2300
2600
2600
2700
4100
5600
2200
2500
2400
2500
2600
3600
3100
2900
2800
9200
2500
2300
2400
2400
2500
3400
3700
3600
2600
7200
2300
2300
2500
2400
2400
3300
3000
2800
2800
7100
2400
4200
4400
2700
2400
2500
3300
2700
2600
7100
2300
2600
2300
2900
2400
2700
2600
10700
3100
6900
2100
2700
2500
2500
2300
2500
2600
3500
3600
5700
4500
2800
2400
2700
2300
2400
2600
2600
3200
5800
2200
2400
2500
2400
2300
2500
2600
2600
3100
5600
2200
2500
2200
2400
2400
2600
2300
2600
3200
5400
2200
2400
2300
2300
7000
2500
2500
2800
3400
5500
2200
2700
2500
2900
2300
2500
2500
2600
2400
5400
2100
2500
2300
2400
2300
2600
2500
3000
2800
5300
2700
