54700
23200
23000
4200
10200
908900
44200
10800
20300
36500
14000
4200
7300
4100
12900
18200
17300
7500
26000
25300
6800
5200
6900
6900
29100
14100
15900
7300
22100
24500
6700
7700
14900
6500
10200
4600
16000
7000
17300
24600
5600
13400
4200
6800
7900
4400
9600
17800
16800
34200
4400
3800
15100
8400
8200
4900
13000
38400
17500
8900
8500
7300
26600
8500
8600
10400
14100
55500
26900
5600
6300
6500
11500
6600
12600
6900
10000
47300
28000
5100
6100
7000
6500
6100
7500
6800
8700
47200
22500
5000
5800
5300
11000
8300
9200
8800
10900
62300
32300
7200
15500
24800
8900
8800
9000
11500
11900
37800
34800
7100
10700
8200
8900
11300
9200
9800
12700
9300
33000
40300
10000
25100
22700
10100
10000
9000
9900
11600
30100
7300
23400
8400
21400
12000
9400
8700
9300
9100
28900
7400
8800
29200
8600
23700
8800
9100
9700
10200
30000
6900
8600
28300
8100
25200
23800
17200
9700
8300
28000
6100
7300
14500
19500
25700
27600
10000
9000
8100
25300
6900
7500
7400
7800
23900
21500
10400
8900
8300
22800
6300
8200
7600
8500
7800
8800
8200
8900
8100
42200
5900
9300
8000
7500
7600
8200
8000
9700
7900
47000
6200
7200
7400
8100
7800
8200
8500
8700
8200
38500
6300
6600
6800
7000
25000
9600
9300
9600
8100
39800
6000
7300
7300
7900
7800
10900
8100
8700
8700
39400
11100
8000
4700
4900
5100
5300
6500
5800
5300
16100
20400
7100
11500
5500
6900
5800
5700
6300
5300
18000
4000
4900
5400
5300
5800
5400
6000
5500
5800
17300
3900
4900
4700
5000
6100
5600
5400
5600
5100
17200
4400
4600
4600
5500
5200
5500
6300
5500
5200
17700
3900
4800
4600
4900
5100
5500
6000
7600
5900
16900
5100
15200
3300
3700
3200
3500
4900
10200
2800
14000
2800
3700
2300
2400
2400
3700
2500
2800
3700
9100
3200
8300
4200
5000
3900
4300
4200
6100
4600
10600
4000
4200
3800
5600
4200
4200
5700
4700
4400
11900
3900
4100
3700
6400
3700
4400
5600
4500
4400
52500
7500
5100
7500
5000
4500
4800
5700
6600
4200
13000
3500
4300
5700
4500
6200
6000
4700
5000
4500
13000
4000
5400
5900
5900
6100
5200
7600
6800
6700
12700
4200
6100
4300
4700
6000
4700
6200
6400
4400
13200
3800
4400
3900
5800
7800
8200
7200
4900
4700
18800
4200
4500
4500
4600
6400
12200
4800
5000
4400
10600
3700
4000
3600
5000
4800
4600
4300
4900
6200
11800
3800
4400
3800
4400
4700
4800
4300
4700
8400
10800
3900
4600
3900
4400
4400
4700
4200
4800
7500
18300
6200
7200
4000
4200
4100
4400
3900
4400
5900
10300
7300
4300
4100
4400
3900
4600
4500
4500
5700
10800
5600
4300
3700
4100
4600
4800
4800
7700
14700
10500
5400
4400
4300
4200
3900
4600
4300
4300
4500
13900
5600
4600
4400
10600
3900
4600
4500
4700
4500
10000
5900
4400
6300
3900
3700
4400
4100
7600
4200
9300
3400
3900
3800
4200
4200
4300
4100
7600
4200
9700
3400
4000
3700
4200
5000
4400
4100
7100
3900
10000
3600
5700
4000
4200
4500
4300
4400
12300
4000
9600
3400
4200
3800
4600
4500
6600
4100
4800
4200
10800
3300
3800
3600
3800
4100
4100
4100
4100
4100
12600
3800
4100
3800
5000
4200
29700
4300
5400
4600
10800
5900
4100
4000
4600
4100
24500
4200
11500
4300
10600
5700
4000
3700
4200
4600
19700
4700
5600
4200
10900
5400
4500
5600
3900
3900
4500
21300
5300
4200
10200
4300
4300
3900
4300
3900
4400
7200
17100
4600
9900
4700
4500
3800
3700
4000
4100
4500
23800
4200
12000
3600
