57400
22900
11200
892300
11800
23000
21700
21500
19300
74800
11800
5700
5800
22200
13300
23100
30000
10800
13000
100900
6700
5600
21000
8100
11500
21700
30800
10100
13800
63900
9300
5100
5400
6000
6600
35500
29300
10800
15700
75700
4000
3600
3600
3800
6400
28100
7300
26300
9400
49500
21100
3100
13500
3400
6000
31000
7000
23200
34100
10900
7100
6100
30400
8300
7100
8700
8600
7400
25000
5200
5900
10400
33600
9100
14600
12600
9900
9700
25100
6900
8600
9300
13400
28100
10100
17000
10900
10100
26300
7200
8500
9700
9200
9500
35200
14700
11700
10300
27200
7000
7800
9100
8500
8500
44000
12000
10700
13500
28700
8300
10300
8100
9500
8200
31800
11000
11000
16900
24800
6300
8300
7400
8100
7800
8200
8400
8600
10300
26400
6500
7000
7000
7300
7400
8000
9000
8200
7800
26500
9800
6700
7200
7400
7400
8200
8000
8500
8000
28300
16200
7200
7000
7500
7700
7900
8200
7900
7900
23300
11200
6900
7000
7200
7700
7900
8200
8000
7900
24300
7100
6800
7200
7300
7400
10200
7700
8000
8000
23400
5800
7700
27100
7500
7800
8500
9600
8700
7800
25800
5900
7500
27200
7300
7700
8100
7700
8100
7600
22700
5600
10900
8600
8400
24700
7400
7500
8200
7600
22900
5500
6700
6800
7500
38400
10100
8200
18100
9600
21600
5700
6900
6500
7000
27400
7900
8800
8500
8100
22600
5800
6800
6500
10300
31600
8100
9900
9100
8100
22100
5900
8200
7200
7500
7700
7400
8800
8400
8000
22600
5800
7000
7900
7300
7200
8200
8800
9100
8800
25200
6000
7200
6500
7200
7600
7800
7800
8200
7400
22200
5600
6900
6600
7200
7200
7700
8100
8200
19300
27100
6200
6500
10200
7100
7300
8400
7700
7900
10400
22100
6200
6700
6700
6900
8400
8100
7600
11700
7700
25200
5900
8000
6900
8100
7400
7700
8700
8200
15200
23300
8200
6900
9200
7100
8200
7700
7600
9400
9100
24000
7700
6700
8300
9500
7100
7700
8600
7700
9000
22800
8400
7900
6800
7000
7200
8500
7600
8900
8600
21600
8400
7400
7600
7900
7000
7400
8800
7400
7400
23800
7600
9100
6500
7000
7100
8600
8000
7700
8800
21500
8600
15500
3100
3300
2500
2700
4600
9900
4800
10000
2300
2500
2200
3200
2400
2600
9200
4000
6800
6100
2200
3300
2200
3000
5800
7300
3100
2900
3900
5900
2000
2700
2300
2600
2500
2400
3300
2600
3700
5600
2000
2700
2200
2700
2300
2600
7400
2800
3600
8100
2900
2200
2100
2400
2200
2400
2600
2800
3100
5500
3800
2400
2200
2600
2300
5100
2400
4100
2500
5400
3500
2200
2100
2500
3700
3100
2300
3400
2300
5300
3100
2200
2200
2300
2200
2300
2300
3000
2200
5600
3000
2200
2000
2200
2100
2900
2500
3300
2300
5200
3200
2100
2100
2200
2300
3200
2500
2500
2400
33100
10400
5300
10100
4100
4000
14900
4400
4600
5400
13400
3800
5000
4200
4500
4300
4600
4200
4800
4000
9700
3700
4200
3700
4000
3900
5200
3900
5200
4000
9800
3500
4200
3800
4200
4200
4200
4100
4400
4000
13100
3600
5600
3600
4100
4100
4300
10000
4300
4300
8100
3500
3400
3900
4200
3800
4700
3800
4900
4600
21500
4400
4400
3800
3800
7000
4700
4300
4500
4200
9800
3500
9500
31000
7100
3100
6400
3200
3400
3200
8600
22800
4100
2600
15700
2500
3800
2800
4600
2500
7300
13100
3400
2300
2500
3700
3800
2800
3400
2900
7400
11500
3100
2300
2400
3500
3700
2800
2700
2400
7000
11500
2900
2200
2500
3200
3600
2800
3800
2700
6900
13000
3200
2200
2400
6400
3900
2700
4700
2800
17800
2400
