73400
10200
22700
5900
5700
894600
13700
33500
14300
62500
15400
5700
12600
5400
6800
20300
14800
29800
12400
48200
5200
7700
27600
5400
5700
19700
9500
35400
12200
123600
11200
8100
13300
7500
12200
21900
10400
32500
14100
62500
5200
5100
11600
5100
8700
19800
6500
68500
21400
57400
10400
7800
9000
5300
10700
19800
6900
35400
10200
46700
9800
32700
39400
10400
11100
14700
10900
11500
29100
6300
8000
27500
35700
8600
10300
10200
8700
11000
29900
6800
7600
23400
8400
39900
11800
11100
8700
10900
25600
6200
11300
7500
7700
31800
52400
8300
8400
12400
24800
5700
8400
7300
6900
30900
32900
9700
11000
10600
27000
13800
10900
6900
7000
30500
32700
8200
11600
12000
21800
9200
7800
6700
7300
7100
7400
22900
8000
8200
22800
6100
6500
8300
7100
6800
7800
21100
7600
7500
24100
6200
7500
6600
7000
6900
7600
21400
10400
7300
24600
6400
18700
6900
6700
6800
7500
7400
7600
7200
22300
5900
6500
6500
6700
6800
7200
8100
7500
20200
21700
6300
6400
6800
6800
6900
7500
7400
7400
21200
22600
23300
8500
13400
7100
6900
7100
10100
13500
45300
24000
7300
8700
24000
6400
6200
6400
6800
8300
41500
22100
4600
5400
5800
6100
6300
6600
6600
7500
37800
22200
4600
5600
5700
6100
15600
8000
13600
10300
39300
22000
4700
5200
5700
5900
6800
9900
6600
21500
28600
21900
4900
5300
5600
5600
7200
6600
8500
6300
6300
20500
25800
8000
6300
7400
7400
6500
6700
6900
9300
19400
4600
5500
6300
5700
7000
7100
6800
6900
9000
20300
4500
5100
6900
7200
5800
7100
6200
6300
8100
18900
5400
5200
5300
7400
5800
6100
8500
6300
14900
19900
4400
6200
6100
7300
7000
6200
8300
7600
6700
19800
6000
5200
6100
6400
6100
7100
7400
7300
6000
20500
6700
5800
5400
5500
5700
6300
31100
6800
7100
19100
4700
5900
5200
5700
5900
7200
20200
7400
21000
11700
2500
2200
2700
5900
2400
2600
21800
2800
5100
6400
2100
3300
2900
14800
3300
2500
2500
3600
2400
6300
2900
2300
2200
3500
2400
2400
2500
3800
15200
7400
2200
2800
3200
2400
2300
3400
2400
2900
16500
6400
5600
2600
2500
2700
2400
2700
2800
2800
2700
6800
2200
2400
2200
2700
2300
2600
2800
2600
2600
7100
2700
4500
2400
2600
3000
3000
2500
2700
3100
6500
2300
2500
2100
2500
2800
2600
2500
3000
2500
7800
4900
2100
2100
3500
2500
2700
2700
2700
2600
6500
2100
2100
2200
2600
2600
2900
2700
2800
2600
6500
2400
2500
2400
2700
2500
10600
3400
3200
2600
6600
3700
2300
2100
2700
2300
3200
3200
2700
2800
6400
3400
5100
2200
2400
2600
3200
3000
2900
2500
6500
3800
2400
2500
2300
2900
3800
2500
2700
2700
7800
3600
2200
2300
2300
2600
2800
2500
3400
4000
7300
3400
2800
2700
2400
2500
3400
2600
4300
3700
6400
2600
3200
2800
2800
2400
3000
2600
2900
2800
6500
2300
2600
3300
2500
2600
2900
2500
3000
2600
6600
2200
2300
2500
3000
3000
3300
2600
2700
2600
6300
2400
3200
4100
3100
3200
2700
2700
2800
2500
6500
2100
2200
2500
2900
2900
5800
2500
3100
2600
6300
2300
2100
2300
3100
2800
2700
2600
3900
2700
7300
2300
7400
4000
2500
2500
2600
2400
3200
2500
6400
3400
2300
2700
2700
2400
2600
2600
2600
2500
6600
3300
2200
2400
2500
2900
2700
2400
2700
2400
6200
3300
2200
2800
3100
3000
2500
2800
2700
2400
6300
3000
2100
2400
2400
2900
2800
2600
2700
2600
6200
3300
2300
2700
3100
3300
2600
2700
3200
2500
6500
2100
