73900
37700
912600
32300
32500
15300
21200
43600
25000
57300
17200
4400
18000
23300
21500
20800
11200
38400
35400
55700
4700
15900
10000
22600
24600
24600
10600
39600
52600
65000
4800
36300
10500
4500
24700
20000
12900
39300
23600
55300
6200
2900
5800
15000
11400
22400
17200
13900
16500
38600
2700
10600
6300
13900
17600
22700
14500
13400
8300
40700
6200
5800
7100
7500
9700
31900
51500
31300
17400
4500
5400
5300
6100
5700
9800
19200
30300
44900
24100
6700
7800
5700
7100
8000
13300
32700
46000
55000
25500
7300
10200
7500
12600
8000
8000
26600
38800
39600
30300
5900
7200
6800
26200
7800
8400
26300
34000
44900
24300
6100
6800
6700
7500
7400
7500
8100
12300
27600
52800
842600
10000
7800
9700
7400
11600
7500
9100
257400
29700
8300
8100
7200
7800
7100
12300
8100
8200
12300
22100
5700
7300
6800
7300
8000
14900
7800
8200
11400
25500
5900
6900
6900
7400
7800
11500
7800
8300
11300
22100
5900
7000
7000
7200
9800
8000
7800
11500
7600
23700
5700
6800
6900
7100
7800
7800
7900
13500
7600
21900
12800
11800
9300
11700
7000
6500
6100
10800
6700
40500
3800
5000
4400
4800
4400
4800
5600
5100
5000
15700
3600
4600
4400
4900
4700
4800
4600
4700
19000
13900
3500
4100
3700
3900
4000
5000
4000
4500
4000
12900
3600
3700
3800
4200
4400
3800
4100
4600
4000
9800
3400
4000
3800
4000
4000
4200
4300
4300
4100
9700
3600
4800
4000
4400
5400
5000
4400
4800
7700
9200
10100
4900
4100
3800
4000
4600
4700
4500
6500
9900
3800
4000
3600
4100
4200
7500
4500
4500
6700
10200
3800
4100
3800
4100
4000
4100
4700
4600
7500
9800
3600
4300
4000
4000
4200
4300
7200
5000
4100
9100
4900
3800
3500
3800
4100
4000
4400
4600
4400
9600
16100
4400
4100
7600
3900
4400
4900
4400
7600
11200
3600
3800
4900
7700
3900
5100
3900
4300
7500
11200
3500
4800
3800
4100
4400
6600
3900
5300
6800
12300
3700
3900
4000
5200
4100
4400
4800
6000
5900
8100
4800
3900
4400
4000
5900
5200
4800
4500
5100
8900
3500
4800
3600
3800
5200
4200
4000
5500
4100
9000
7500
4500
3700
5000
4700
4000
8300
4200
4000
9400
3400
4800
4000
4000
4300
3500
3700
4000
3900
9600
3200
4900
3900
3900
10300
3900
4000
4000
3900
9200
3400
4500
3600
3900
5000
3700
3600
3800
3700
8900
3400
4700
3800
3800
3700
8600
9500
4400
4100
9100
10700
4300
3900
4000
4300
4200
3900
4200
4300
9600
3500
5000
3900
4400
3900
4400
4400
4300
3600
9300
8400
3900
3900
4200
3800
4400
3900
3700
3900
9700
6200
3600
3800
4200
4200
4500
4300
4600
4100
14200
9300
4000
4800
4200
4100
4300
3900
4400
4000
9500
6900
3900
3700
4900
4000
4100
3900
4500
4100
9600
5700
4000
4000
6100
4100
4100
4000
4600
4100
10600
3700
4800
4100
7800
4200
14200
3200
157400
9800
11100
10900
5000
4200
10000
4200
10300
4900
6000
10700
11700
3800
6700
4500
5500
4600
8500
4600
5600
4500
11200
4200
9200
3800
4200
2800
5800
3700
3000
3300
6200
2400
2900
2700
2800
2500
5200
2900
5500
3100
6000
2300
3000
2400
2600
2700
4200
2800
9600
2600
6300
2300
2900
2500
2700
2600
3700
2700
2900
2900
5900
2400
2500
3200
3000
2500
2900
2600
2700
2500
5700
2400
2500
2300
2700
2600
2900
2600
3100
2700
5700
2300
2400
2100
2400
2400
2600
2300
2500
5500
5200
3000
2400
2100
2300
2600
2500
14300
7300
5300
10700
3700
4000
2900
4300
4400
4400
7000
5700
4300
9900
3600
