63600
24400
867600
22600
24800
5500
6900
10600
23400
32800
10500
4300
14000
5000
23200
5400
6000
9300
21100
32700
4400
4300
4900
16000
17000
5500
5900
9300
19700
28900
4200
4200
4600
47200
22500
12400
9700
8400
22600
25500
3800
3700
4000
4400
14100
8400
21800
5200
22800
27800
7400
10600
13800
4400
38600
11200
51800
40200
28300
19500
15100
10900
14300
18200
12500
12400
18900
11200
36500
61900
12300
9700
10200
13600
8500
7900
8400
7500
33700
31700
9700
6900
7600
8300
8300
8500
8500
7600
26100
21100
6800
7000
7400
7300
7800
12100
11300
7400
24900
22700
9100
6900
6900
7200
7700
12400
8300
8200
31300
21100
9100
9900
6900
28000
7400
12600
8100
7800
20900
5400
6700
6500
7000
6900
7800
7600
8200
7800
24100
6800
5800
6000
9800
7300
6900
6700
6800
6500
22000
6200
5700
5800
6700
6400
6700
6600
11100
6500
28700
7100
5400
5800
6300
6100
6500
8000
6600
6400
57100
10900
13800
7000
7500
7100
7700
8600
11300
8000
31300
7500
7100
6800
7900
7300
7500
7900
10600
7900
26600
4600
7400
29200
10000
7300
7700
11900
8200
7900
32500
16900
7000
25400
9900
7400
7700
7700
9600
7800
30800
19200
7100
6600
9200
25000
7500
7800
8400
7400
28100
17900
5900
5500
6100
32100
10200
7300
7100
6500
31200
19400
5700
5600
6100
22700
9000
11100
11400
6600
27200
16600
5700
5600
7800
23500
9700
7600
6900
6400
35300
4900
6400
5700
6200
6100
6300
10600
7200
6500
35900
4600
5500
5800
5900
6000
7200
10500
6800
9600
37200
4500
5400
5600
6200
6000
6400
10400
6700
6400
34200
4600
7500
7100
6600
6100
8100
6600
6800
6500
36400
4400
6100
5700
5900
6100
6800
6600
6800
10300
34400
4700
5500
5800
7300
6100
6600
20800
6800
10600
20800
4600
5800
6800
5900
6000
6300
7300
9200
6500
19900
4400
6800
7100
6000
6300
7400
6400
9400
6600
20400
8600
8200
5800
7500
6100
6600
6800
10100
6400
22500
4400
5200
7000
6000
6000
7400
6500
10300
7200
19000
5600
5400
8000
7300
6100
6400
6600
7500
6800
21300
4400
5200
5700
7000
6000
6300
7400
6300
6200
22000
4600
17600
2900
2700
2600
4200
2900
9900
3300
12100
5000
2600
6100
2700
4100
4100
3200
3000
2800
9400
4300
3600
2600
2700
3500
4200
2700
2900
3800
8900
4200
2600
2600
2600
3700
2800
3000
3900
2700
7100
6200
2500
2700
8100
2700
2800
2700
3500
2700
7300
3700
2700
2600
2700
2600
2900
3000
4600
2900
10100
2100
3100
2600
2600
2900
8600
3200
3400
2900
7400
3400
2500
2500
2500
2900
5100
2900
3500
2900
7500
2400
2700
2700
2600
2600
10500
2900
3000
3100
7800
2200
2600
2500
2600
2700
2900
5200
3100
2800
7200
2500
2600
2500
2600
2800
2900
3000
4700
3000
7300
2200
2500
2500
2800
2600
2800
3300
4600
3000
7500
2200
4400
2700
3100
4000
4300
4400
10500
8000
16400
4000
5300
4600
5300
4300
6000
4900
5200
7000
10400
2200
2900
3400
2800
2600
2900
2700
3200
4500
11200
2300
4100
4900
3100
2700
2900
3000
3100
4600
10100
2100
3000
2600
2700
2800
3000
2900
4500
3100
9800
2400
2700
2500
2800
2700
2900
2800
4800
2700
7600
5000
2900
2600
2600
2700
3700
2700
4400
2700
7400
5700
2800
2400
2600
2800
3500
2700
3200
2700
7200
4100
2600
2500
4600
2800
2900
2600
3300
2600
7400
5300
3100
7000
2800
2800
2800
2800
2900
2700
8700
3700
2600
2500
2700
2700
3000
2700
3100
2900
7300
9300
2600
2600
3000
2900
2800
3300
5700
2800
7600
2200
