1264000
44300
21700
18500
8500
6600
19300
53300
16300
46000
16600
17300
16000
17000
8200
7100
11700
27500
13500
46900
5700
5100
25900
27600
7400
6300
11600
26700
31800
48500
5800
7100
34200
6000
28500
29600
12900
24800
17100
47500
5800
5200
23000
6500
15400
16800
11900
32100
14200
46400
5700
5400
21400
5800
20000
20900
11500
27400
15000
55600
16100
11300
40700
13100
30300
13900
14900
35500
26900
12800
9600
9200
29300
12300
27200
10300
9900
28700
25700
31300
8400
27300
8500
9200
27000
10000
9400
26100
24800
14200
8200
13800
8000
9300
35600
29500
9300
31100
24800
10400
25100
7600
7900
10200
24200
8200
26500
9600
36000
21500
8200
7300
7600
10700
28900
9100
30900
8800
24800
18900
8700
7500
7400
8000
17600
29200
9200
50400
29600
6900
8600
8000
7900
7700
13000
31600
9400
64200
359700
12200
9500
8000
8700
290200
14600
44600
9100
55900
60400
12200
32900
11200
5800
5400
17400
26400
5900
36800
20600
4200
5000
10000
5100
5200
5800
19000
8300
29300
20300
5400
6800
4800
5100
5500
5500
5600
14300
20200
18200
19000
5400
4800
5300
5300
7700
5500
6100
5400
20700
4700
4600
4500
5100
5100
5500
5800
5700
5100
22400
4000
4500
4500
5200
5000
5400
5400
5600
5200
18200
3800
4400
4600
5000
4900
5500
5600
5400
5100
18900
3800
4500
4800
4800
5000
6000
5600
5500
5300
18000
3900
4500
4800
4800
5000
7400
5400
5500
5400
16700
4000
5200
4900
4900
7800
5300
5600
19000
15400
16900
4200
4500
4900
5300
4900
5300
6300
16900
15300
16300
3800
5300
4800
5100
5300
5400
5500
15700
31300
10400
2300
2300
2500
2600
2300
2600
2900
13300
13300
5900
2100
11600
2400
2700
12300
2500
2500
3500
2600
7400
2100
2800
2500
3400
2400
2600
3500
2600
2600
20900
8000
2600
2300
2700
3700
2600
2400
8600
3900
6500
2200
2100
2200
3000
2400
2600
3200
4400
2400
6400
2200
2400
2700
2500
2400
3500
2400
4600
3400
6100
2200
3100
2200
2400
3300
2700
2500
5200
4300
5400
3100
2300
2800
3400
2400
4000
3600
2700
2500
6400
2200
2600
2200
3200
2300
2800
3500
2600
2500
44400
9500
5800
4200
4100
10200
5100
4700
6300
10200
21700
8700
4100
3900
5200
6600
4800
8500
4700
9400
15800
3700
3900
5500
4100
5300
4400
4200
4800
7400
15100
3400
4000
4100
4300
4000
4700
6300
4500
8300
15700
3300
3600
5000
4900
3800
4300
8300
4700
4600
15700
3600
3300
6300
4200
4000
4400
15000
4900
4600
10200
8600
5200
3900
4100
3800
4300
4000
7500
4300
9500
4100
4400
3600
4000
3800
4300
4000
6800
4300
8800
3200
4000
3700
3900
4000
4200
4000
7000
4200
13700
3900
3800
3800
3800
4100
4000
4000
7200
4000
9200
4000
3800
3800
4300
3800
4200
3100
6300
3900
15300
3500
4100
3700
4200
3800
4000
4000
4300
4100
12200
3000
4800
3900
4400
3700
4500
17500
5800
7300
9500
3800
3800
3600
4500
4400
4500
5900
4800
6500
11300
4200
3900
3900
3900
4900
4500
5900
4800
6700
9900
3600
5200
9200
4100
4000
5900
4300
4400
6200
10100
4300
3800
3800
3900
3800
6000
4300
5200
9800
9500
3100
4000
3600
4300
3700
4500
3900
4400
5600
9300
5800
4700
3700
3900
3900
4200
35400
4600
3900
9600
4300
4000
3600
3700
4100
4200
19800
4700
3700
9700
4300
4100
3600
4100
4100
4400
20800
4600
4500
10900
3700
3900
19200
4000
4000
4300
4000
4000
4200
9200
3500
4100
3700
4000
3900
4500
4000
4200
20200
9500
3600
4000
4700
4200
3700
4200
4200
9300
19900
7500
3200
