50100
879500
6500
34800
13600
77300
22900
5400
20200
9200
19800
13000
4200
29900
9600
44100
9100
6400
17900
11800
16300
14500
4500
43100
6400
48800
12400
151500
38700
15100
19900
6000
17800
31000
21000
40900
17600
6400
22500
11100
5000
4600
4800
25000
6500
178600
27400
62900
22400
11800
4200
3600
4200
23800
5100
56800
10400
37900
13000
21300
32700
8800
8600
11300
8000
7700
18400
10400
28300
12200
16300
9200
10100
12800
11900
10600
15600
15300
34100
19700
14300
8700
11400
11200
10000
11400
14000
14100
28500
12300
9800
8800
11100
11100
10000
13100
14200
13200
18400
7500
7800
10200
7700
7400
6600
19500
9500
9700
31800
17700
13600
8400
13600
10900
9600
13000
11000
9600
31500
12400
10000
8900
8200
8400
8900
27400
12100
40000
27800
7200
8800
8000
11900
8200
8600
18100
11500
33300
26500
7000
8600
7900
8200
8400
8800
11500
11800
31700
1048300
15800
15500
8000
8300
23900
6400
5100
16600
99900
19400
4600
7100
4700
5200
5400
56400
18400
9200
12300
13900
4400
5500
4500
4100
4700
5000
5200
4800
13400
12300
29400
4600
3300
3200
2900
3400
3600
3400
4900
6200
2500
3000
3000
2800
4800
4300
3400
3800
6200
8800
2700
2700
2400
3200
2600
3000
2700
3200
4000
5700
2300
2400
2400
2900
2600
2900
2800
2900
7900
5500
2300
3200
2500
3300
2700
3000
2800
3000
2900
5700
2900
2600
2400
2800
2600
2900
2900
3100
2700
5900
3200
4700
3400
2800
16200
3400
2800
3000
2800
5800
10000
2600
2500
5200
17400
5400
3600
2900
4000
5600
12900
13200
2700
3700
2700
2700
2700
3800
2700
6400
9000
2600
2900
3600
2600
2700
12300
2700
2600
6400
8800
3400
2500
2700
2600
3800
13800
3200
4000
6400
9600
2600
3300
11200
3000
3800
11100
3700
2700
5500
3100
3200
2500
3400
2400
4300
4400
3100
4600
6200
13500
2600
2600
2600
3900
3600
3100
3700
2700
6500
15000
2700
4400
2700
2500
4700
3200
3600
2600
5900
11900
2400
3800
3600
2500
2700
3400
2900
2500
6800
21300
5000
3300
2700
3400
2700
2500
5300
3400
7000
13300
3000
3500
2600
18300
2700
2600
8100
3400
5700
2300
2900
2500
3500
2400
2900
2500
3000
3600
7500
19600
2700
8500
3300
2700
2600
2400
2700
3100
6100
2200
2400
2800
2600
2900
2500
2500
2600
3300
5200
2100
2400
2300
2400
5400
3500
2400
2700
3800
12300
3200
3500
4400
4300
4200
5800
4100
4800
4800
10400
3300
4000
3800
3800
4100
5900
3800
4700
4000
13300
5100
3200
2500
3500
539900
7200
4600
5200
4500
10600
3900
4500
4200
12900
26600
5100
4300
5400
4100
10000
3800
4500
5600
4200
24200
4700
4400
8100
4300
10000
3800
4500
4100
4500
4200
6300
32800
5100
4300
9900
3600
3800
4000
4300
4400
6100
25100
4900
4500
10600
3700
4000
5600
4200
4300
6200
27700
9900
4400
10100
3900
4900
3900
4300
3700
6300
4400
4400
4100
9900
3800
4100
4400
4100
3900
5700
3500
4200
4200
11000
14300
4000
4100
4400
4300
6700
4200
4900
4400
10600
4000
5800
10800
7100
4200
4500
4700
4800
4300
15000
3800
4600
4400
4400
4400
4800
4400
10800
4500
10400
3800
4300
4100
4300
4700
4700
4400
6600
4500
10600
3800
13000
4800
5200
6800
5300
4600
5600
5000
11300
26100
4600
5400
4400
5600
4500
4300
9700
4700
10500
17200
4600
5100
6000
4100
4700
4300
4800
4600
10400
17600
4100
4300
5600
4300
4300
6100
4800
4400
9900
18000
4100
3800
5900
4000
4800
6200
5000
4400
11900
26400
3900
4100
5400
3900
4400
6000
5800
4200
10300
20300
