23900
1100
1100
2200
1400
600
600
500
600
600
1300
500
600
500
600
1000
1000
600
500
700
600
600
500
600
600
800
700
600
600
600
800
700
900
600
5600
600
600
600
600
600
700
600
700
500
500
500
800
800
700
600
700
600
500
600
600
500
600
600
700
500
500
500
800
700
700
600
800
600
500
500
500
600
1000
600
700
600
700
4100
700
700
700
600
600
600
500
600
800
600
600
500
800
600
600
600
600
800
3800
900
700
600
600
900
1600
700
600
600
600
600
1700
800
700
700
2200
700
600
700
700
600
600
600
600
600
600
1600
600
700
600
600
3900
700
700
700
600
700
900
600
600
600
600
600
800
700
700
700
900
800
700
700
700
700
700
800
600
700
700
600
600
900
600
700
900
600
600
700
600
600
800
700
600
600
700
600
700
600
600
700
700
1000
600
600
600
600
600
800
600
700
600
600
600
11100
700
600
2700
1000
700
600
700
600
700
600
600
1100
600
600
800
600
600
700
1000
600
3400
800
600
700
700
600
600
600
600
600
600
1300
600
600
900
600
700
600
800
600
500
600
600
600
800
500
600
600
600
700
1000
600
600
800
700
600
600
1300
600
600
900
600
700
600
600
1500
700
600
700
600
600
700
600
600
600
600
600
1500
700
700
700
600
700
700
600
600
600
600
800
700
600
600
600
600
800
700
600
600
2900
800
700
700
800
600
600
600
700
600
800
600
600
600
600
600
900
1400
700
600
600
1200
600
600
600
500
600
800
600
600
500
600
800
800
500
700
500
600
700
3800
700
600
600
600
600
600
500
600
700
600
900
600
800
600
500
600
800
600
500
600
600
600
800
600
700
700
500
500
800
600
600
600
500
500
700
600
600
600
600
600
600
600
600
600
600
600
600
500
700
600
600
600
600
600
800
600
2000
800
600
700
500
600
900
1200
600
600
600
500
600
500
600
600
700
700
600
1000
500
500
500
3400
600
600
600
600
600
800
500
500
700
600
700
600
700
500
600
600
600
800
600
600
600
700
600
600
700
600
600
500
800
600
700
600
600
600
800
600
600
600
600
600
800
600
600
600
600
700
500
500
500
600
600
500
600
600
500
600
600
700
800
500
600
600
600
600
500
600
600
600
600
600
600
600
1400
700
600
700
900
600
600
700
700
600
800
700
500
600
500
500
700
600
500
600
600
800
600
600
600
500
600
700
600
500
600
500
700
900
600
1600
700
600
700
700
600
600
600
600
600
500
600
500
600
600
600
600
800
600
600
500
600
600
1600
700
600
600
600
1100
700
600
600
700
700
500
600
700
600
600
600
600
600
800
600
600
600
600
600
800
600
600
600
600
500
600
600
600
500
500
600
1300
3500
1400
1000
900
1200
1000
900
900
900
1000
1100
900
900
900
800
900
1600
900
900
900
900
1000
1300
1000
900
900
900
900
900
900
900
1000
1000
1200
900
1000
900
900
900
900
900
900
900
900
900
1200
1000
1000
1000
1000
1200
900
900
900
900
900
1200
900
900
900
900
900
1100
1000
1100
900
900
900
1000
800
1000
1000
900
1100
900
900
1000
1000
1000
4900
1100
2200
1000
1000
900
1200
1000
900
900
900
900
1100
900
900
900
1000
2900
1100
600
600
500
1100
600
600
700
600
600
600
600
600
600
700
800
600
700
3300
600
600
700
600
600
800
600
600
600
600
500
800
700
600
600
600
600
700
600
500
500
600
600
600
600
600
700
600
800
600
600
600
600
600
700
600
600
600
600
600
900
500
600
600
1800
800
600
600
700
500
600
800
600
600
600
600
600
700
600
600
700
600
600
800
600
600
600
600
600
600
500
500
600
600
600
800
1900
700
900
700
600
600
600
600
600
600
600
700
600
600
600
3600
1000
600
600
600
600
800
600
600
600
600
600
800
500
600
600
500
900
800
700
600
600
600
600
600
600
600
600
1600
700
700
600
600
1000
1100
700
600
600
600
500
500
500
600
600
600
600
800
600
600
800
600
700
700
600
600
600
600
800
600
900
900
700
600
800
600
1000
700
700
700
600
600
700
700
600
800
600
700
600
500
700
600
2800
1100
600
600
600
900
600
600
600
500
800
600
700
600
600
600
1400
700
600
600
500
500
600
500
700
500
600
800
600
500
500
600
1000
700
700
700
600
600
600
900
600
600
600
500
600
800
600
700
1000
600
600
600
600
600
600
600
600
3800
600
600
600
600
600
800
900
600
600
500
800
500
500
600
600
600
900
600
500
700
600
600
900
700
600
600
600
600
600
600
600
600
600
1000
500
600
500
600
