18200
1300
700
800
600
600
600
600
600
700
1000
600
1800
700
800
900
1000
700
800
500
600
600
600
600
800
500
800
700
600
700
600
700
1300
800
600
400
700
500
500
800
600
600
800
500
800
500
600
700
900
700
700
500
500
600
800
600
600
600
700
800
500
600
600
800
1000
700
600
600
600
800
600
600
600
600
900
600
500
600
600
6800
1500
700
600
600
500
600
500
500
600
600
900
600
600
600
600
900
2800
900
900
700
600
700
600
600
700
800
1300
600
600
700
700
600
800
600
700
800
600
700
600
700
600
900
700
600
600
700
800
600
700
700
600
600
600
600
600
600
600
800
600
600
600
700
800
600
700
700
600
600
800
600
600
600
600
600
900
700
600
700
600
700
600
600
600
600
600
600
500
600
700
700
600
600
700
700
900
500
700
700
700
700
800
600
600
600
700
600
900
600
600
700
700
700
3200
5600
1600
700
600
600
600
900
600
600
700
600
600
600
600
700
1100
700
700
700
600
700
600
500
600
700
700
600
600
600
700
900
1300
600
600
600
800
600
600
600
600
600
700
600
700
600
600
600
1200
600
600
600
600
600
600
600
600
800
600
600
600
700
700
1600
800
700
600
600
800
600
600
600
600
600
600
600
500
600
600
600
900
1800
600
600
600
600
800
700
600
700
600
600
4900
700
700
600
2900
1200
900
700
700
600
600
700
800
700
600
500
600
600
700
600
800
600
700
800
600
500
600
600
500
700
600
600
600
600
500
800
800
600
700
600
600
700
600
600
600
600
600
700
600
500
500
600
700
800
600
600
500
600
500
800
600
600
500
600
600
4600
700
1200
700
600
800
500
500
600
600
600
800
500
600
600
600
500
700
600
800
600
500
600
600
600
600
600
500
600
500
500
700
600
600
500
2400
1300
700
800
600
600
600
600
600
800
500
500
700
500
500
900
700
600
600
500
900
600
600
600
600
600
800
600
500
600
600
600
900
600
700
500
600
700
600
1000
600
5900
600
800
600
500
500
500
600
700
700
600
600
600
600
800
700
600
600
600
600
600
600
1100
800
700
600
600
600
600
700
600
700
600
600
700
600
500
700
700
700
700
700
600
600
700
700
500
600
600
800
700
600
700
700
1200
1900
800
700
600
600
600
700
600
500
500
700
500
500
500
600
600
700
800
600
600
500
500
700
700
600
600
500
600
600
600
600
600
600
600
600
900
600
600
600
600
500
800
500
500
500
500
600
800
700
600
600
600
600
700
600
600
600
600
600
800
600
600
600
1800
900
700
600
600
2700
700
600
600
900
600
600
600
600
600
800
600
700
700
600
600
700
700
600
600
600
600
700
700
600
700
600
800
2400
900
600
800
600
800
500
600
600
700
600
600
600
600
500
800
800
600
600
600
700
500
500
600
600
600
500
500
500
500
600
600
600
600
700
600
500
500
500
800
600
600
600
600
700
600
600
600
700
600
700
1400
500
600
500
600
600
500
600
600
500
5200
700
600
700
600
500
1100
600
500
600
600
500
900
500
600
500
600
600
800
2200
700
600
600
600
600
600
600
500
600
500
800
500
700
600
600
1800
800
700
600
600
900
600
600
600
600
700
600
600
600
600
700
1300
700
700
600
600
600
600
700
600
600
600
600
900
600
700
700
700
800
600
700
700
600
600
500
600
600
700
700
700
800
600
700
700
700
600
900
600
700
600
1300
700
900
600
600
600
600
700
5500
700
600
700
600
700
1000
600
600
600
1400
700
600
600
600
600
700
700
700
600
600
600
600
600
600
600
600
600
600
900
600
700
600
1800
1000
700
600
600
800
600
900
600
500
600
700
600
800
600
500
800
700
600
600
600
600
600
600
700
600
600
500
600
600
800
600
900
600
500
600
600
600
600
600
600
500
700
1500
600
600
600
600
800
700
600
600
600
700
600
600
600
600
600
600
600
600
600
600
800
600
600
600
600
800
500
600
600
600
600
800
500
600
600
600
700
800
600
500
700
600
600
800
600
600
600
600
600
700
600
600
2700
1000
1100
700
700
700
600
800
600
600
600
600
600
800
600
500
800
600
600
600
600
600
600
600
800
600
600
600
700
600
800
500
1100
600
500
800
600
600
600
600
600
700
600
600
500
500
600
700
1000
600
600
600
400
700
600
600
600
500
600
800
600
600
600
600
900
600
600
500
600
1800
700
800
600
500
600
600
600
500
500
500
900
700
900
600
500
500
700
500
800
600
500
600
600
800
600
600
