26300
9300
1300
1000
1100
1000
1100
1100
1000
1400
1600
1100
1400
1100
2300
1300
9300
1200
1100
1100
1000
1100
1100
1000
1100
1100
1200
1100
1100
1100
1100
1300
1600
1100
1200
1100
1100
1300
1200
1000
1200
1200
1400
1100
1200
1200
1100
1500
1800
1100
1100
900
1200
1000
1100
900
1100
1000
1500
1100
1000
1100
1000
1500
1200
1000
1100
1100
1000
1000
1000
1100
1100
1000
1400
900
1000
1000
1200
1500
1300
1100
1200
1000
1000
1000
1200
1100
1100
1100
1400
1000
1100
1200
1100
1500
3900
1400
1200
1500
1100
1100
1000
1100
900
1000
1000
1000
1100
1200
1000
4100
1700
1100
1000
1200
1100
1100
1100
1000
1000
1100
1000
1000
1000
1200
1000
1200
1500
1000
1000
1000
1000
1000
1000
1100
1000
1000
1000
1300
1100
1100
1000
1000
1300
1000
1000
1000
1000
1000
1300
1000
1000
1000
1100
900
1000
1200
1000
1000
1200
1200
1100
1000
1000
1200
1000
1000
1000
1000
1000
1300
1000
1100
1000
1000
1100
1100
1000
1100
1000
1100
1200
1100
1000
1000
1000
1200
1000
3000
1100
1100
2900
1000
600
600
1000
800
800
700
600
600
600
700
600
600
600
600
1200
800
600
700
600
700
600
600
500
600
600
600
700
600
500
600
800
600
800
600
600
600
600
600
800
600
600
600
600
500
5200
700
800
600
600
600
800
600
600
2300
600
600
500
600
600
1700
600
1200
1100
600
600
800
600
600
600
600
500
800
500
500
600
600
600
1100
700
600
600
1200
600
600
600
700
500
600
500
600
600
600
600
500
3400
1100
800
800
600
600
700
600
600
600
800
600
700
700
700
600
1200
2100
600
600
600
700
700
600
1700
700
600
600
600
600
600
600
900
600
900
600
700
600
700
700
700
700
600
600
600
600
800
500
800
700
700
700
900
600
600
600
600
600
800
600
600
600
600
700
1300
700
700
600
600
600
800
600
600
700
700
600
800
600
600
700
700
600
700
700
900
600
600
600
600
600
800
600
600
600
600
700
1700
700
600
600
1300
600
600
600
600
600
800
600
600
500
600
500
600
600
600
600
600
800
600
500
500
600
600
900
600
600
600
600
700
600
600
600
600
600
700
500
700
500
600
500
700
500
600
600
700
800
600
600
600
500
500
800
600
600
600
600
600
700
500
1100
700
1000
500
4800
600
600
600
600
600
800
600
600
600
600
500
800
600
600
600
600
500
800
600
500
600
600
600
800
500
500
600
500
2700
900
600
700
500
800
600
600
1000
600
600
900
600
600
600
600
700
900
600
600
600
600
500
800
600
600
500
600
600
700
500
600
800
600
700
700
600
600
600
500
500
800
600
500
600
600
600
600
700
700
600
600
800
500
500
600
600
600
800
600
600
600
600
1200
1200
600
600
500
500
600
800
500
500
500
600
700
600
600
600
500
600
700
600
600
600
600
600
800
600
600
600
500
500
800
600
600
2800
1000
700
600
500
700
600
600
500
500
500
600
500
500
600
600
900
1000
700
700
600
600
700
500
600
600
700
600
700
600
500
500
600
600
500
700
600
600
500
600
900
500
600
600
600
700
800
1300
1300
600
600
500
600
600
600
600
500
800
500
600
500
1900
600
800
700
600
600
600
500
800
600
500
600
600
600
900
600
600
600
600
700
500
600
700
600
600
5100
700
600
600
600
600
800
600
600
600
4200
1400
1100
1400
1100
1000
1100
1000
1000
1100
1100
9100
1200
1000
1000
1100
1200
1400
1100
1000
1100
1100
1000
1700
1500
900
900
1000
1000
1200
1000
1000
1200
1000
1300
1000
1000
1000
1000
1000
1100
1000
1000
1000
900
1000
1200
1000
1300
1000
1000
900
1300
900
1000
1000
1000
1000
1200
2000
1000
1000
1000
1000
1500
1100
1400
1000
1100
1000
1300
1700
1000
1100
1100
1100
1200
1000
1100
1000
1100
1100
1300
1000
1100
1000
1000
1000
1200
1100
1000
1100
1000
900
1200
1000
2900
1100
1000
600
600
600
600
4700
600
600
600
600
600
800
600
600
1900
800
600
900
600
600
600
500
500
800
500
600
600
600
600
500
800
500
600
600
800
500
500
500
600
500
800
1200
600
600
700
600
1200
600
600
5500
600
600
500
600
500
700
800
500
1000
900
700
1200
1000
800
1100
1100
1100
1100
800
900
800
900
800
900
1000
900
1000
800
1100
600
600
700
600
600
800
600
700
600
500
500
6100
700
600
600
2400
900
1200
1000
900
800
800
900
900
900
900
800
900
800
6800
1000
1300
900
1000
1400
1200
1000
900
2700
1300
1300
1000
600
600
600
700
500
1200
700
600
700
600
500
600
600
600
500
600
600
600
600
600
500
1400
800
600
900
700
600
900
1300
1000
1100
1100
1000
900
1100
900
900
1200
1100
1000
1000
900
900
800
1100
1000
1000
1000
900
1000
800
1200
1400
2100
1300
1000
900
1200
700
900
1100
1000
900
1200
1000
900
1100
800
800
