22500
4500
1400
1200
1200
2900
900
1200
1000
1000
1700
1100
1200
3900
1300
1600
1300
16100
1000
1000
1200
1100
1100
1100
1200
1000
1400
1200
1200
1000
800
1200
1300
1000
1200
1000
1000
1000
1100
900
900
1100
1100
900
1000
1100
1200
1300
1300
1100
1000
1000
1100
1100
1100
1200
900
1100
1400
1200
1100
1100
1100
1400
1200
1400
1100
1100
1000
1000
1100
1100
1100
1000
1200
7600
1000
1000
1000
1200
1600
1000
1100
1000
900
1000
1100
1000
800
1000
1200
1200
1000
900
1000
1200
3000
1100
1000
600
600
700
600
600
700
600
600
500
500
1000
600
600
1100
700
600
500
700
600
600
700
500
600
600
600
600
900
600
500
800
600
800
500
700
600
600
4700
600
600
600
600
500
800
600
500
700
600
800
600
600
500
600
600
800
500
600
600
600
900
600
600
700
600
800
700
600
600
500
600
600
600
600
600
600
600
700
600
700
800
700
500
600
600
600
700
700
700
600
600
600
900
700
600
1800
800
600
600
600
800
600
600
1000
600
600
800
600
800
700
600
800
1000
700
600
600
600
600
5000
700
700
600
1300
700
800
600
600
800
600
600
600
600
700
600
700
800
600
600
500
600
600
600
700
900
700
600
600
700
600
600
600
800
500
600
600
500
600
800
1300
900
600
500
600
800
600
500
600
600
600
900
1300
600
700
600
600
1300
700
600
600
500
800
600
600
700
600
600
800
600
600
600
600
1900
700
700
700
600
800
700
600
700
600
600
600
600
600
800
700
700
600
600
700
600
600
900
600
600
600
600
600
800
500
600
600
700
500
600
500
600
600
600
800
600
600
500
600
700
800
600
600
700
600
600
800
500
600
600
600
600
800
600
700
600
700
600
800
800
700
700
600
800
600
600
600
500
600
500
600
600
500
600
600
700
700
600
900
700
600
600
1200
600
800
700
600
700
600
600
4800
1400
900
700
900
600
600
600
600
600
900
700
600
700
600
700
600
800
700
700
700
900
600
600
600
600
600
800
600
600
600
600
500
1000
600
600
600
600
500
600
500
600
700
600
700
600
600
600
600
700
700
600
700
600
600
700
600
600
700
600
600
700
800
600
700
700
700
600
800
700
600
600
600
600
900
600
600
600
600
600
700
700
600
600
600
600
5200
700
700
600
1300
600
900
600
600
600
600
2900
1200
800
600
800
500
500
500
600
500
700
700
600
500
500
600
1400
600
600
600
600
600
5400
600
600
600
600
600
500
600
600
600
900
700
600
600
500
600
500
600
1000
500
500
600
500
600
1000
600
800
600
600
600
800
600
500
600
600
1400
800
600
500
600
600
900
1300
600
600
600
600
3100
800
600
500
500
600
700
600
600
600
600
600
800
500
600
500
600
500
800
3300
600
500
500
700
500
500
1000
1700
800
800
600
600
600
600
600
600
500
500
600
500
700
500
600
900
600
600
2200
700
600
600
600
600
1600
600
700
600
600
600
1900
700
600
600
500
500
1500
600
600
600
500
500
1500
600
500
600
600
1600
600
600
500
600
600
1500
600
600
600
500
600
1500
600
600
600
600
600
1700
600
600
600
500
600
600
600
600
600
500
1500
600
600
600
600
600
1500
700
600
600
600
500
1500
700
600
600
600
600
1600
14800
800
800
700
600
600
600
800
800
600
600
600
700
800
600
700
800
600
600
900
600
600
600
600
600
800
500
600
600
700
600
900
700
600
600
600
600
800
700
600
600
600
600
900
600
600
700
600
700
1500
700
600
700
600
600
900
700
700
600
700
900
900
700
700
800
600
700
800
700
600
700
600
600
900
600
600
600
600
800
700
600
700
700
600
900
600
600
700
1500
700
600
600
600
600
600
600
2500
900
700
600
600
600
500
700
600
600
800
700
600
800
600
600
800
600
600
900
600
700
500
700
600
600
500
500
600
500
600
600
700
600
600
700
1300
600
700
600
600
800
600
600
600
500
600
900
800
600
500
600
600
700
600
500
700
600
1200
700
600
600
600
700
800
600
600
600
500
900
600
600
600
500
600
800
600
600
600
600
900
600
500
600
600
600
800
600
600
600
600
600
800
600
500
500
2200
900
800
700
700
700
900
600
700
700
600
700
600
600
600
600
900
900
600
500
700
600
800
500
600
600
600
600
800
700
600
600
900
700
700
1300
800
700
700
700
900
700
600
600
600
600
900
800
800
600
700
600
600
600
600
600
500
600
600
600
600
500
600
600
800
600
600
700
600
5200
700
700
600
600
600
900
600
600
600
600
800
700
600
600
600
500
700
700
600
600
600
600
600
700
600
600
