11900
2100
700
600
7200
700
600
500
600
600
2800
800
700
600
1100
2200
1200
800
700
800
700
600
600
600
600
700
900
700
700
600
600
800
900
700
600
900
3800
700
600
700
500
800
800
600
500
600
800
800
1300
900
1000
600
600
600
700
600
800
600
800
700
600
800
700
800
800
900
700
600
600
600
500
800
500
500
700
900
600
600
600
800
1000
700
600
600
600
5200
700
600
700
600
800
700
600
600
600
800
2800
900
1000
600
600
600
700
600
700
600
600
600
600
900
600
600
1400
600
800
500
600
500
500
500
700
1100
600
600
600
900
500
600
900
500
700
700
600
500
600
600
700
600
600
600
500
800
500
600
700
600
600
600
600
600
500
600
600
700
600
600
600
700
800
500
700
600
600
500
500
600
600
500
600
700
600
500
600
700
4700
600
600
600
700
500
600
600
600
500
600
700
600
600
600
700
800
600
3200
700
700
700
900
1000
700
700
600
700
800
600
700
700
700
600
5500
600
600
600
500
500
500
600
600
600
500
700
600
500
600
500
800
700
600
600
700
600
500
800
600
600
500
500
600
600
600
600
900
600
500
700
600
600
500
600
600
600
600
500
700
4800
600
1200
700
700
600
600
600
500
500
600
800
500
600
600
500
500
800
600
600
600
1300
700
600
500
600
600
1100
800
500
600
500
600
600
800
2000
700
700
900
600
800
600
600
700
800
600
600
700
600
700
800
800
600
600
600
600
700
700
700
600
600
500
600
600
600
600
600
900
700
600
600
600
600
800
600
600
600
600
700
800
1300
600
600
700
700
800
600
600
600
600
600
600
1000
500
600
500
700
800
700
700
700
600
600
800
700
600
600
600
600
5000
700
600
600
600
600
700
600
800
700
700
600
600
600
600
600
600
600
700
600
800
600
2600
700
600
700
600
900
600
600
900
600
600
800
600
500
600
500
800
600
600
600
600
500
800
500
600
600
600
600
5600
700
600
600
900
600
800
700
1500
600
600
500
800
500
500
600
500
600
800
600
600
600
600
500
700
600
600
500
600
500
600
600
500
600
500
600
1100
600
600
600
600
600
600
600
600
600
600
500
700
600
600
600
600
600
600
600
1100
600
600
600
600
600
600
600
600
600
500
600
3400
1300
900
800
900
1100
900
1300
1000
1000
900
1000
1000
1200
1000
800
1200
1000
1200
1000
900
900
900
900
900
900
900
900
1000
900
900
1100
1500
1000
1000
900
900
900
900
1000
900
800
900
1100
900
1000
900
900
1300
900
1000
1100
900
900
1100
1000
900
1000
1000
900
1100
1000
900
1500
2100
900
1200
900
900
900
1000
1000
900
1100
900
900
1000
900
900
6000
1000
1000
900
1000
1100
900
1000
1000
900
900
900
1300
1000
900
900
900
3500
1500
1300
1000
900
1000
1000
1000
1200
900
900
900
1000
1000
1200
1000
1000
900
900
1100
900
900
1000
1000
900
1100
1000
900
2200
900
1000
1000
1100
900
10000
1100
1000
1200
900
900
1000
2700
900
1100
900
900
900
900
1200
1200
900
900
900
900
900
1100
8800
2200
4100
1000
900
1300
900
900
1500
1000
1200
1000
1200
1000
1000
1000
1300
1000
900
800
900
1000
1500
1000
1300
1100
900
900
900
1100
1000
1100
1000
9300
1000
1100
1000
1000
1000
1000
3200
900
700
600
600
600
800
600
600
600
600
500
700
600
600
700
1000
600
800
700
600
600
700
600
500
600
500
500
600
600
600
800
900
500
600
500
7700
600
600
600
600
600
800
600
600
600
500
600
900
600
600
600
600
500
600
500
600
600
500
600
600
1400
700
600
700
600
600
600
600
600
600
700
600
600
500
500
600
600
600
600
700
600
600
800
500
600
500
500
600
800
500
600
600
600
600
600
2100
800
700
600
1200
600
600
600
600
600
500
800
600
600
600
800
800
1000
600
600
700
500
600
500
600
600
800
600
600
600
600
500
1100
600
600
600
600
800
500
600
500
600
600
800
1500
600
700
600
900
800
700
600
600
600
500
800
700
600
600
1300
700
500
600
600
800
900
600
600
600
600
600
900
600
500
600
600
800
700
600
600
600
600
800
600
600
600
600
500
800
600
500
600
500
600
800
600
9200
4100
1000
900
1300
900
900
1000
900
900
1000
2000
900
1200
900
900
1200
900
1300
1200
1000
900
800
1000
900
2000
1000
1000
900
900
1200
1000
1500
900
1000
1000
1100
1100
1100
1000
900
900
1100
1000
900
900
800
900
1300
900
900
900
900
1400
900
900
900
900
900
1100
900
900
900
1000
1200
1200
900
1000
900
1000
900
1200
1000
900
900
900
1200
900
900
900
1300
900
1300
1000
1000
900
900
1000
1300
1000
800
900
900
1000
1200
900
