16500
1500
1100
1600
1200
1000
2500
900
1000
900
1800
1100
900
1000
1000
1500
1600
1100
800
1200
1300
1400
1100
1000
900
1200
1200
1000
1000
1000
900
1100
1400
1100
8300
1000
900
1100
1000
1000
1300
1100
1300
1000
1100
1000
1100
1400
1200
900
1000
1300
1000
1000
1000
1200
1000
1000
1200
900
900
1100
1100
1300
1400
1000
1100
1000
900
1000
1200
1000
1000
1000
1200
1200
1000
1000
1000
1300
1500
1100
1100
1000
1100
1000
1100
900
800
1000
1200
1100
1000
900
1000
1300
3400
1200
2200
1000
1000
900
1000
1000
1200
1000
800
900
900
1300
900
900
3000
1000
900
1000
900
900
900
900
1100
900
900
800
1000
1100
800
900
1200
900
1100
900
900
900
900
900
1100
1000
900
1000
900
1200
900
900
1200
900
1000
900
900
900
900
900
900
1100
900
900
900
1000
900
1000
900
900
800
1100
900
900
900
900
1000
900
900
800
900
1200
900
900
1000
900
900
1000
900
900
900
900
1900
1300
900
900
1000
2800
1100
900
2800
700
700
600
800
500
600
500
900
600
800
600
500
500
600
600
900
600
500
600
600
1100
500
500
500
1100
600
800
600
500
600
500
800
800
500
600
500
500
500
800
600
500
600
500
600
600
600
700
800
600
500
800
600
600
700
1800
500
600
600
600
900
500
500
1400
800
800
600
600
500
600
500
700
600
500
500
1300
600
800
500
400
600
600
600
800
600
600
600
800
600
800
600
600
500
500
500
700
2400
900
1000
800
600
600
600
600
600
600
500
600
600
1000
500
500
700
1800
900
600
600
500
600
500
800
600
700
600
600
600
700
600
700
600
600
600
800
500
600
700
600
500
700
600
500
500
500
600
1000
600
600
600
500
500
700
600
500
600
500
600
600
600
700
600
700
800
600
600
500
600
500
4600
700
600
600
600
600
700
600
600
800
600
600
500
500
500
900
600
600
500
500
600
1100
700
600
600
3400
1400
900
1000
1000
1000
900
1000
1000
1200
1000
1100
900
1100
1000
1300
1100
1000
1100
1100
1100
1500
1200
1000
1000
1100
1200
900
1000
1000
1000
1000
1500
1000
1000
900
900
1100
6800
3400
1100
900
1000
1000
1100
1000
1000
1000
1100
1100
1000
1000
1000
1000
1000
1000
1000
1100
1100
1000
900
1000
1200
900
1100
900
800
900
1000
900
1100
900
900
1200
900
800
900
800
1100
900
1000
1000
1000
800
800
1000
1000
800
900
2200
1000
1200
800
800
900
900
3600
1600
1100
1000
1000
1200
1200
900
1000
1000
1000
1000
1000
1000
1100
1000
1100
6900
1000
900
900
900
1000
900
1000
1000
900
1000
900
1200
1000
1000
1100
1000
900
1100
1000
1000
1000
1000
1000
1100
900
1000
900
900
900
1200
1100
1100
900
900
900
1000
1100
900
2400
900
1200
900
1000
900
1100
1700
1300
1100
900
1000
900
1000
1000
1200
1000
900
1000
1000
1100
1200
900
1000
1000
900
1000
1200
1000
1000
1000
1000
1000
1100
1000
1100
1100
1000
1000
1800
2800
900
700
700
500
900
1400
600
600
600
500
600
800
600
600
600
600
500
800
600
700
600
600
600
500
600
500
600
600
600
600
500
800
600
600
700
600
500
500
600
600
800
500
600
600
600
600
800
700
600
500
500
500
700
500
600
600
700
500
800
500
600
600
600
700
800
500
600
600
600
500
4800
600
600
600
600
500
600
600
500
600
600
600
600
500
500
600
500
600
600
600
600
600
600
500
800
1600
700
600
1000
600
600
500
600
600
800
600
600
600
500
600
1200
1100
1100
600
700
600
600
600
500
500
500
800
600
600
500
600
600
800
700
700
500
700
600
600
600
600
600
600
700
500
600
600
600
600
1100
600
600
500
600
600
800
600
600
600
500
600
900
600
500
700
600
600
900
500
1400
600
600
600
800
600
600
500
600
600
600
700
600
600
500
600
700
700
900
500
600
600
800
600
500
600
600
2200
800
700
900
700
600
600
700
600
800
700
4400
700
700
600
6000
900
600
700
700
700
700
600
600
700
600
700
600
700
700
700
600
1000
1200
600
600
600
700
600
600
600
600
1800
600
1300
1000
800
600
800
800
800
700
3300
600
500
600
600
600
1300
600
800
600
500
600
1200
600
900
600
600
500
500
600
800
600
600
600
600
800
600
600
900
600
600
900
600
600
700
600
600
900
600
700
600
600
800
600
2900
700
600
600
800
500
600
1000
500
700
600
600
500
600
500
900
1400
700
700
600
600
500
600
600
600
600
600
800
500
500
500
600
1000
600
600
1500
600
700
4800
700
600
600
600
600
600
600
600
500
800
700
800
500
600
600
600
600
700
600
500
600
500
500
700
500
700
600
600
800
600
600
600
600
500
600
600
600
600
500
700
700
900
600
600
700
700
600
600
500
600
600
800
600
600
600
600
600
