22500
3400
800
600
600
600
1000
800
600
600
1000
600
1700
700
800
800
1000
600
800
500
600
600
700
700
500
600
800
500
500
800
600
700
700
700
600
500
600
500
600
700
500
500
600
600
600
600
600
800
700
800
600
500
500
500
700
600
400
500
700
500
600
500
600
700
900
600
500
600
500
500
700
500
600
600
700
800
600
500
600
700
7000
800
500
600
500
600
600
600
500
600
700
800
600
600
600
700
3800
1700
1200
900
1300
1000
900
1000
900
800
1100
900
800
1800
1200
900
1200
900
900
1200
900
900
900
1100
900
1000
6400
900
1000
1100
900
900
1300
1000
800
900
1100
800
900
1000
700
1000
1200
900
1000
1000
900
1200
1300
1100
1000
1100
1100
1200
900
1000
900
1000
1000
900
1000
1100
1000
1000
1100
1100
900
1100
1200
900
900
900
900
1000
1000
1000
1000
1400
1100
900
1000
1000
1000
1100
1300
1000
1900
1000
1100
1000
1200
1100
1000
2700
1200
1300
3800
1300
1100
1300
1100
1100
1000
1100
1000
1200
3000
1100
1000
900
900
1000
1400
900
1100
1000
1100
900
1000
1000
1100
1100
1100
1000
1000
1000
1000
1000
1800
600
600
500
600
600
800
600
600
500
600
500
700
600
600
600
800
800
600
600
500
600
600
9400
800
600
600
600
600
600
600
500
900
700
500
600
500
600
500
500
600
500
500
600
700
1000
600
500
700
600
900
600
600
600
600
600
1300
600
500
500
600
500
600
600
2400
700
700
600
500
900
600
700
500
900
600
600
600
600
600
600
1100
1100
600
600
700
600
600
600
600
600
600
600
600
600
600
500
900
600
600
600
600
600
800
600
600
600
600
1100
800
500
600
600
600
500
900
600
600
600
500
500
800
600
500
600
600
600
4700
600
600
600
600
500
500
600
600
600
600
500
700
600
600
600
500
600
700
500
800
600
600
500
500
600
700
500
500
500
500
500
700
600
2500
900
600
1800
600
1000
600
600
600
1600
600
600
500
500
500
1600
1300
600
600
600
600
600
500
600
700
600
600
500
600
500
600
500
1700
600
600
500
600
500
1500
600
600
600
600
500
1500
700
600
600
600
600
1600
600
600
600
600
600
600
600
600
500
600
1600
600
600
700
600
600
1600
600
600
600
500
600
1400
600
600
600
600
1500
600
700
600
600
600
600
600
600
700
600
600
600
500
500
600
600
600
3500
1400
1200
1000
1400
1000
1000
3900
1200
1100
900
1100
1000
1000
1100
1100
1300
1100
1100
2600
1100
2400
1200
1100
1100
1100
1100
2300
1200
1100
1100
1100
1100
2300
1100
1100
1100
1100
2400
1200
1100
1100
1100
1000
2300
1100
1200
1100
1300
1200
1000
1100
1000
1000
1100
1100
2300
1200
1100
1100
1900
1100
1000
1700
1200
1100
1100
2400
1100
1100
1100
2000
1100
1100
2400
1100
1000
1100
1100
1100
2400
1000
1000
1100
1100
1100
1100
1200
1100
1100
900
2400
1100
1100
1000
1700
2800
1100
800
700
700
800
700
700
700
700
600
600
600
600
600
600
800
600
600
600
600
600
600
700
700
600
600
600
700
900
600
700
700
800
700
600
600
600
700
700
600
1400
600
600
600
600
600
600
700
700
600
600
800
600
600
600
600
600
900
600
600
600
600
600
1000
600
600
700
600
600
800
600
500
600
600
600
800
600
600
1300
800
600
800
600
600
700
600
1900
700
600
600
600
600
1800
600
700
2900
2200
700
700
600
600
800
500
1100
600
600
700
900
600
600
700
900
900
700
600
600
600
600
600
700
700
600
700
700
500
800
600
800
600
600
600
1400
600
600
600
600
600
800
600
600
600
600
800
600
600
600
600
600
800
600
600
600
500
500
5400
700
700
600
700
800
900
600
600
600
600
700
800
600
600
600
600
600
800
700
700
800
600
700
700
600
600
600
600
800
600
600
600
600
600
800
600
1600
900
1200
600
1000
600
600
700
600
800
600
600
600
600
600
900
900
700
600
600
800
600
600
600
600
600
800
700
600
600
600
600
900
700
700
600
600
700
800
700
600
600
600
600
600
600
600
600
800
800
1500
700
600
600
700
800
600
700
600
600
1000
600
600
700
1100
700
1200
700
600
700
600
600
700
600
600
600
600
600
700
600
800
600
600
900
600
600
600
600
900
600
600
600
600
700
800
600
2600
700
600
600
600
600
800
600
500
600
600
500
1500
1100
600
600
800
800
600
600
700
600
600
800
500
500
600
500
600
5200
600
600
900
600
600
600
600
500
600
600
700
600
600
600
600
500
800
700
700
600
600
1000
500
600
700
700
600
700
500
500
600
500
500
700
3500
1200
1600
1200
1000
1500
1100
1000
1100
1200
2100
1400
800
1100
1000
900
1600
3200
1200
1200
1000
1100
1300
800
600
700
900
1100
1200
1000
1100
3800
