16300
4100
1000
1100
700
600
1100
700
600
900
1000
700
700
600
600
1100
1100
700
1400
800
600
600
600
500
600
900
1200
800
900
900
800
1000
1300
1100
700
600
600
1300
600
700
600
600
800
600
600
7600
1000
1700
1300
1400
1100
1200
1400
1100
1000
1300
1100
1000
1500
1200
1200
1000
1000
1400
1100
1500
900
900
800
800
1000
1100
900
900
4700
1200
900
1000
1100
1600
1000
700
600
600
600
600
800
500
600
600
800
900
600
600
600
700
3000
1000
800
600
1100
700
1000
700
600
600
600
700
600
700
600
600
1000
1100
1000
600
600
800
700
600
600
700
700
1000
600
1200
700
600
1100
700
700
700
600
600
1000
700
700
600
600
900
600
800
700
600
1000
700
700
700
700
600
900
600
700
600
600
700
800
700
600
700
700
800
700
700
600
600
900
700
600
700
700
600
1000
700
600
600
700
6100
700
700
700
600
600
900
600
600
600
700
600
2200
1100
1100
2800
1100
700
600
700
600
600
700
600
1400
600
600
900
600
600
1200
1000
700
700
900
600
600
600
600
600
800
700
600
500
500
600
800
800
600
600
600
700
600
500
600
600
600
800
600
600
600
700
1900
1300
700
600
600
500
600
600
2000
600
700
4800
700
600
600
600
1100
800
600
600
600
700
900
800
600
700
600
800
600
600
600
600
700
700
600
700
600
600
600
500
700
1300
600
700
600
700
600
600
600
2700
1000
1000
1700
700
1200
700
500
600
500
500
700
700
600
600
600
900
1900
800
600
600
700
600
600
600
500
600
600
600
5000
700
700
800
600
600
800
600
600
600
600
600
800
600
600
600
600
700
900
800
600
600
700
2100
600
600
600
600
500
600
600
600
700
600
1000
700
700
600
600
600
700
600
500
600
600
600
800
600
600
600
600
600
600
600
600
800
600
500
600
700
600
700
600
600
600
600
500
1700
900
700
600
800
600
600
600
500
600
800
600
600
600
600
600
800
600
700
600
600
600
600
600
600
600
600
600
800
600
600
600
1000
800
700
500
600
700
600
600
700
600
600
500
600
600
900
600
900
600
600
4800
700
700
600
600
500
700
800
600
600
600
600
800
700
600
1900
700
600
600
600
600
500
600
600
700
800
600
600
600
600
800
600
600
600
600
600
700
700
1100
600
600
900
600
700
600
8100
700
700
600
800
600
900
600
500
600
600
900
600
600
600
600
1100
500
600
600
500
600
600
600
600
600
600
600
800
600
600
600
700
600
800
600
600
600
600
600
800
600
600
500
600
600
5900
600
600
1200
1000
700
3100
1000
900
1000
1200
900
1000
800
13900
800
900
1500
1500
900
900
1000
900
800
900
1200
1800
1100
1000
1000
1000
1200
17300
2200
1300
1500
800
800
600
600
600
700
600
800
3500
600
600
500
500
3100
2700
1000
1300
600
600
500
600
600
800
600
600
600
600
600
900
800
700
600
600
600
500
500
500
600
600
600
600
900
600
600
600
600
700
600
700
600
600
800
600
700
600
600
600
600
500
600
600
600
1000
600
600
600
600
600
600
600
600
600
600
600
600
800
600
600
600
600
600
500
500
600
500
600
600
600
600
600
600
600
500
1900
600
600
600
500
800
600
600
600
500
600
800
600
600
600
600
600
3500
1400
1100
1100
1000
900
1000
1200
900
1000
900
900
900
800
900
1000
1300
1000
900
900
900
900
1000
1000
1000
1100
1000
2000
1000
900
900
1100
1100
1000
1000
900
1000
1200
1000
1000
1000
900
1000
900
1000
1000
900
1000
1100
1200
1000
1000
1000
1000
900
1200
900
900
1000
1000
900
1200
900
1000
1000
1000
1000
1300
1000
900
900
1000
900
1300
900
900
1400
900
1000
6100
1100
1000
1000
1000
900
1300
1000
900
1000
1100
1000
900
900
1000
900
1000
3400
1600
1200
1000
1100
1100
1100
7200
1100
1200
1100
1100
1100
1100
1000
1100
1200
1100
1300
1000
1000
1100
1200
1100
1300
1100
1100
1100
1100
1100
1200
1100
1500
1100
1100
1000
1100
1100
1100
1100
1000
1200
1100
1100
1100
1100
1100
1300
1400
1100
1000
1100
1200
1000
1100
2200
1100
1300
2000
1100
1100
1100
1000
1300
1700
1100
1100
1000
1200
900
1000
1100
1000
1000
1200
1000
1000
1000
1000
1000
1400
1100
1000
1100
1000
1000
1200
1100
1000
1000
1100
7400
1000
1000
1000
1000
2800
800
900
700
700
700
700
600
700
600
800
600
700
700
600
600
1000
700
600
700
700
600
600
700
600
600
600
900
700
600
600
600
1200
800
600
600
700
600
600
600
600
600
600
600
600
600
600
600
1100
600
800
600
700
600
600
600
700
600
600
700
700
700
600
600
900
600
700
700
900
600
600
600
600
700
800
600
700
600
600
600
800
600
600
600
600
900
1400
700
600
700
700
6000
700
600
700
700
