79100
1268700
17800
112700
8300
98600
13300
15000
11300
10800
11100
11300
14800
16300
12400
13000
129300
109400
98600
20700
17700
18500
16000
17500
16000
172000
17100
17800
22900
23300
17600
19400
25500
186600
23500
203300
156700
21800
20800
20800
21400
238100
22500
22400
22600
22800
22600
24100
158000
27700
247000
211300
27100
29400
303400
31100
28500
196900
137400
319200
31100
29900
25600
27900
222500
32600
297600
38400
32300
273300
30400
298700
309500
33700
365300
35300
30900
35100
370200
327600
34200
25700
7500
10000
9000
8600
9900
9200
34300
9000
9000
9500
9700
10000
10000
10700
39900
43400
40600
13900
13500
14100
13700
16400
14000
81000
15000
15100
16800
16100
15200
15900
22000
84000
20600
84800
74400
19900
19500
19700
19900
92200
20500
20600
21600
21400
20600
22700
78500
26200
115900
104000
26300
32200
124500
16700
13100
101700
42000
129900
13200
15500
13400
13300
115700
18200
130300
19100
18300
166800
15600
140100
144300
16400
178000
16300
16400
15600
195600
194600
8500
10000
4200
5900
4300
5200
5000
5200
29300
4500
4500
4900
4700
4800
4800
5400
10100
16500
11500
37600
25100
20000
7400
7500
8300
7100
10100
18500
7800
8900
7700
8100
13400
61900
12300
64300
52600
10300
9800
10500
9900
80100
10500
10200
12100
10300
10200
10900
60600
15200
86600
81600
13400
14700
129400
16000
12100
82800
35600
110600
12200
16300
17100
13900
119200
23700
69400
12900
11500
70300
10300
73500
89800
10600
93400
11700
10600
9900
103000
94200
9100
5400
2900
3600
2900
3300
3300
3300
9300
2900
3400
3000
3000
3000
2900
6600
8400
21600
21100
26300
15400
18100
17800
5400
4700
4400
4600
26900
4800
7000
4900
5200
24100
30800
30200
8800
6200
7300
6200
6500
7000
40900
6900
6300
7700
7900
6600
7000
29500
10100
46700
42400
10800
9300
55600
10200
8000
48100
21900
62900
8300
9800
8400
8400
48600
11200
66000
11900
11300
65300
10300
74900
77800
10300
89500
14100
10200
10400
98100
112200
11800
10400
11500
3800
2800
3200
3600
3500
21200
2900
2900
3200
3000
3100
6200
3600
6300
10000
7400
24800
19300
13500
4600
4900
4800
4600
4900
11100
4600
5700
4900
5100
29000
23100
24800
14700
6300
6500
6500
12700
6200
43500
7000
6400
10200
7900
6900
19500
10200
46100
9300
53900
34500
8500
8300
8300
14000
40300
8400
10100
8400
8400
8300
9200
51900
11300
60500
11200
11300
64100
10200
76500
73700
10600
92200
10400
10400
10200
107100
94000
16000
12100
2700
3300
2800
3000
6000
3300
22600
3000
2900
2900
3000
2900
3100
3500
5900
22000
22000
25800
25900
11900
4700
5000
4600
4700
4600
39700
4700
5600
4800
5100
23900
43100
25400
9000
6500
6600
6500
6600
6600
47700
6800
6300
7700
7800
6600
14200
9800
52800
9800
53500
56600
8400
8400
8100
40000
40300
9400
8800
8300
8800
8200
8500
33800
12200
65400
71100
9900
14100
79400
12300
45200
83600
29300
63000
10600
12800
10500
10500
11700
6800
7300
6500
6600
6600
118200
23000
15700
15500
14800
15200
15400
15900
15400
134600
17900
16400
80200
16700
16600
17000
17300
17000
17100
16600
17000
10600
9800
9900
124100
10100
50700
11400
12500
11200
78000
68300
12900
11700
11600
68300
52100
11400
13300
11900
12600
11700
50200
13000
13000
12900
12400
15400
54400
42500
12800
52100
12500
13000
12700
14700
67700
15800
207400
17900
15800
27000
13600
13200
14400
15100
14500
14100
11200
11100
15000
11100
12800
12900
13500
11900
74100
8300
7500
7900
7700
8000
8200
7900
7900
7900
7900
8700
8100
8900
10400
11200
34700
10600
9400
10300
10500
9700
10600
10500
9500
10600
10500
12300
103100
11000
36700
11100
12400
11100
60900
30500
13000
11700
11100
64300
56200
11300
11000
11900
12400
11800
40400
12700
12200
12900
12300
12500
54000
45400
12400
52300
12500
12800
12600
15700
65300
14900
142700
13100
14400
18200
9900
9500
10100
13000
10100
10400
10300
10400
12200
10000
11900
13100
12000
7900
51200
7600
10500
7600
30600
8400
8100
7800
8000
7800
7800
8100
7800
8600
9900
9700
10500
10000
9300
9300
84900
9700
10200
9600
9900
10000
11700
9700
9400
48600
33200
11200
15100
11100
59400
30900
12400
11600
11300
63200
51900
11100
12600
14500
12400
12100
39800
13000
12200
12900
12500
12700
56000
42400
12600
54700
12300
13000
12500
14300
66300
15300
143600
5600
14200
13400
4300
4600
4200
7400
4700
4700
5600
9400
12000
4700
5900
5700
32600
5600
5600
5400
5300
5500
24700
5400
8100
5500
7000
5600
6600
6900
5400
6000
6500
6200
7400
6400
6300
6000
24200
25300
9500
6300
6200
6400
6600
6300
42000
33700
7200
6700
41300
7000
9400
7400
6800
36100
6800
7200
7000
7100
6900
8700
63900
7100
33400
10300
9500
7300
7000
6700
37800
29500
7200
35300
7200
7100
6900
10900
46000
9000
83100
4700
8700
12400
4300
4200
4200
4600
4200
4700
4600
4500
5900
7800
5600
5500
9200
5400
5600
5500
5200
5300
6800
5500
5300
23300
5600
5700
5600
5800
5600
6400
10200
6200
6900
6200
6100
6000
22900
6200
7100
6400
6200
6200
6700
6400
6900
37000
7600
7900
24400
6600
28200
7100
7000
6700
6700
45400
6900
6700
7000
9900
64900
7100
25000
6900
7700
7000
47500
25100
8300
35200
8900
46000
37900
7000
38900
6800
11000
7000
81100
4600
8800
12100
4300
4200
4300
4300
4400
4600
5000
4400
5700
4700
5300
10500
12000
5500
5700
5600
5300
5600
5500
5600
5300
5600
7100
5600
5600
6000
5600
6200
6800
6300
6800
6300
5800
8700
23400
6300
6600
6400
6200
6400
6700
6500
6400
32800
7700
19000
27100
6700
6900
6900
7000
6800
7100
7000
7000
6800
7200
34700
65500
7000
27800
7300
7500
7000
45200
21700
8200
6800
6800
48700
37800
7100
7100
7200
8100
7200
101500
4400
4500
4500
4600
4400
16700
10100
4400
12800
4600
6200
4900
6200
22400
10000
9600
5600
5800
6100
5800
5500
5600
5600
8400
5700
5500
5700
43300
37600
41600
48400
7000
6200
9100
6400
6100
6200
66100
6300
6400
6300
7000
6400
6700
45100
87800
6400
7700
7600
7300
8600
6800
6800
6900
6900
7400
7400
7200
7500
7100
10200
7100
9800
13700
9200
33700
6900
9400
7900
9900
7900
9200
7000
9400
8200
7000
8200
10000
41000
80100
4600
4400
4400
5200
5600
4700
5400
5800
4800
5200
4700
8000
4600
5300
4500
9300
5700
5400
5700
5600
5500
34900
5500
5700
5500
41500
6100
44300
5800
5600
50500
7400
11300
6300
6100
5900
10800
97200
8700
9900
9000
6900
6100
6500
56800
87100
6500
7500
7900
9800
7300
6800
6800
6800
6900
7400
7200
6700
7500
7000
7000
6800
7100
9400
7300
31600
6700
7000
7100
7400
7000
8100
6900
6900
7000
7000
6800
7000
41100
78700
7500
4300
4400
4900
5400
4500
5300
4600
4400
5000
4700
5200
4700
5100
4600
9100
5600
5300
5700
5700
8200
5400
6000
5800
5400
42000
6100
35600
50700
5800
5600
6600
6300
6900
8900
6500
6000
6400
7100
7400
6300
6100
6400
73000
35900
86700
49100
7400
7400
8100
9500
6900
7600
7000
6800
7400
7000
6800
10500
7200
7200
6900
7100
9100
6600
29300
6800
6700
7000
7500
7000
6800
6800
6800
10300
7100
6900
7000
41200
77500
4300
4100
4500
4900
5300
4800
5100
4500
5600
7900
4700
5300
4700
5100
4500
11100
6600
5600
5400
5600
5500
5500
5300
5600
5500
5400
6000
5700
5700
5500
9100
6400
6200
6700
6100
6400
6200
6500
6800
6400
6600
6400
6500
42500
35800
45800
48400
8800
6700
6900
7000
6700
6900
70800
6700
7100
7000
8100
7100
7600
45500
84000
7100
11600
6600
29000
6800
6800
7500
7500
7000
6900
6800
6900
8600
7200
6800
7000
43100
77900
4300
4200
4300
4900
5200
4300
5100
4500
4300
5000
4500
5100
4600
5100
4500
11600
5600
5600
5300
5600
6000
5500
5500
5600
5500
5600
6100
6300
5500
5700
5800
6400
6100
6300
6200
6400
8800
6500
6500
6200
29000
6400
6300
43700
36300
42300
51800
7700
6900
6700
6900
6800
7000
65300
6800
7000
7200
8400
7000
10100
46500
84000
7100
7900
7600
7000
7500
6900
7100
41900
7100
7600
7200
7100
7700
7100
7000
7100
7100
78100
4300
4200
4100
5300
8500
4400
5000
4600
5100
4900
4500
5500
5100
5000
4600
9500
5600
5600
5700
5500
5800
5600
5400
5500
8400
5800
6100
5800
6000
5800
5700
8400
6400
6700
6400
6500
7300
6700
6700
6300
6300
6400
6400
47800
38100
43000
50500
7300
7000
6900
8200
6900
6700
68500
6700
6900
7000
7800
7100
7600
46000
86100
7100
7800
7500
7000
7600
7000
7000
7000
6900
7800
7000
7500
7800
7100
7100
10400
7200
83100
4500
11100
4300
4600
4600
5600
4500
4600
4600
4300
4800
4700
4500
4900
13800
8500
5700
5800
5600
5800
6000
5800
7400
5800
5700
5900
5700
5600
5900
5800
6000
7000
7100
22200
7000
6100
7100
7100
7200
7500
6700
6400
47200
7400
7700
7300
7900
8600
9800
6900
6900
6600
6900
7000
7200
6900
7200
8300
7200
7400
7400
7500
7900
8400
7200
7800
9700
7100
7700
12100
12200
8500
7100
9000
7100
8200
7200
8000
9100
82700
5500
11700
7500
13900
4700
14200
11700
4500
5000
4500
4700
4500
5600
32000
4800
9100
5800
5800
5700
8500
5800
5500
5500
5500
5600
5400
5700
7200
5900
5500
6400
7200
6000
19600
6200
6100
6200
6000
8900
6800
6700
6700
45800
6200
6700
6500
6900
7800
7200
6600
6700
6700
6800
6700
9600
6900
6800
7600
7100
7100
7000
7000
8600
8900
6700
7600
6700
6800
6900
6900
6700
7100
9700
8500
7100
7800
7100
7800
7500
78500
5600
11500
4400
12500
4400
14300
15600
4700
4800
5500
4500
4600
5500
32400
4600
9100
5800
5700
5700
5900
6200
5800
5700
5500
5800
8300
5700
5600
49700
5900
5800
6400
6400
19500
6000
6900
10200
6800
6200
6700
9100
6200
6500
6500
6400
6600
7600
7800
6900
6700
6900
6600
6800
6900
7000
7300
6900
7600
7100
7000
9600
7100
7700
34900
7200
7300
6900
7000
6700
6800
6900
7100
6700
7000
8500
7900
7200
10500
7300
79600
5700
11200
4300
12200
4500
13200
11700
4400
4400
4200
4600
4300
7900
32100
4800
8100
5800
6800
6300
5800
5600
5400
6000
5500
5500
5500
5700
5800
5600
5800
5600
9000
9000
114500
12400
8800
7400
7300
7100
6800
7200
6900
6700
6900
7100
6800
7400
11700
7800
42300
7000
6900
7600
7100
7000
8200
8200
7200
49300
7100
7600
7000
7800
12400
7300
7900
6900
7200
7100
7100
7000
7300
7500
7200
7000
8000
7200
8000
7300
81800
5600
11900
4500
13500
22200
13900
12900
4200
4800
4600
4500
4700
8000
32800
4500
9300
8900
6400
5800
5800
5500
5600
5600
5500
5800
5600
5600
5800
5700
5800
5600
7000
6300
6200
6200
6600
9200
6700
6900
13900
6700
6100
6300
6400
6500
6200
7000
8200
7600
34300
6800
6900
6700
6900
9600
7900
7600
7100
46400
7200
7600
8300
8500
8400
6600
6800
7100
7000
9900
6900
7100
6900
7000
9200
6900
7300
7100
7200
8300
84200
5300
11200
4500
12700
7100
13700
11900
4400
4600
4400
4600
4300
5600
33200
4800
9000
5700
5300
5800
5800
5600
5500
8300
5700
5600
5400
30900
5600
47000
5800
5500
6500
6000
6200
8700
6800
6700
6600
6100
6300
6300
6200
6400
6300
6500
6400
6800
7700
6800
19600
6800
9400
6800
7100
7000
19800
7700
7200
81800
7300
7700
7200
7600
10800
6700
6800
6900
6800
6900
6800
30600
6900
28400
8200
7100
6900
7000
7000
7800
80300
4500
5200
5500
4700
4500
4300
4500
4600
4700
4700
13600
13600
4900
5800
4900
9300
8400
6400
5400
5900
5700
5700
5500
5700
5800
5500
5900
27300
6000
6000
7300
7000
6400
6700
8800
6700
6000
6400
6400
6400
6200
6400
6700
6500
18300
6700
6800
8000
8000
7200
6900
6600
41500
6900
7100
7500
6800
7500
6900
7200
7100
7100
7100
9400
7300
6900
8100
8800
7900
6800
9300
11100
9400
7400
45000
8000
8000
8100
7500
79900
4600
7600
4600
5800
5200
5400
5500
4400
4800
4700
5400
14200
5500
4700
4900
31100
5700
8200
5500
5700
5700
5500
5700
5500
5600
5600
5500
5900
5700
6000
5500
7400
6000
6500
6300
7700
6300
8600
6100
6600
6200
6000
6700
6400
6300
6400
8200
7500
7900
6600
6700
6700
38200
6600
9300
7300
6900
7300
7000
15700
7100
7000
7000
8900
7000
6900
7600
7700
6900
6800
10300
7500
7000
7000
37900
7200
7400
8600
7400
77200
4600
4400
4500
5300
7900
4600
5200
4600
4600
4800
5400
14100
5500
4800
4800
8400
13400
5500
5500
5600
5600
5500
6000
8300
5700
5500
5700
5900
5800
6100
5800
6600
6100
6700
6200
6600
6200
6400
6400
6200
6200
6400
7000
31900
6800
6900
6500
8200
8200
7000
6900
6600
38000
6800
7000
7300
6700
10100
6900
7100
7000
7100
7000
9000
6900
6700
7700
7800
7000
7200
7800
7500
9800
7000
36800
7100
7200
7700
7100
80200
4300
4500
4400
5400
5100
4400
7800
4300
4700
4600
5200
13600
5400
4700
4900
8300
5500
5800
5600
5400
5700
5600
5900
5400
5700
5700
5400
8500
5800
6000
5700
6400
6000
6500
6200
6900
6200
6100
6300
6200
6300
6100
6600
29300
9200
6800
38000
7300
6700
7500
7000
7300
6600
7000
6800
6900
6900
6700
7400
7100
9600
7500
7600
9100
6900
6900
7500
7700
6900
6900
7500
7500
7100
7000
39500
7100
7000
7200
7100
77300
4500
6600
4500
5100
5100
4500
5100
4500
4500
4500
7900
13500
5300
4800
4600
7800
5700
5600
5400
5600
5500
5900
5900
5700
5600
5500
5600
6100
5800
8600
5700
6400
6100
6600
6200
6600
6300
6100
6300
6300
6300
6100
6600
27400
6900
6700
6300
10000
6900
7200
6700
19000
7300
7500
36400
7000
6900
6700
7500
7100
7100
7100
10300
8000
8200
7000
7000
6900
38300
6900
7000
7700
7000
7700
7000
7200
9600
7100
7000
78800
4300
4400
4200
5700
5000
4200
5200
4300
4600
5800
5200
13500
7900
4600
5100
7700
7100
6200
5600
5500
5600
32500
5900
5600
5700
5700
5700
5700
5800
6100
8300
6500
6000
6600
6200
6600
6200
6200
6100
6900
6300
6900
6900
27600
7000
7300
6600
10200
6900
7300
6900
7700
6900
6600
6800
7000
8200
7100
7600
7100
7100
7100
7700
7900
10800
6800
6900
7200
38100
7000
6800
7700
6800
7600
6800
7000
7000
7000
7100
80800
4600
5400
13300
6000
5100
4700
5700
5800
4800
4900
15100
4900
5300
5100
5200
9500
5700
5600
5900
5500
5700
5800
5700
5500
6000
5700
18100
5900
5900
7200
5800
7200
6300
9100
6100
6300
6800
6700
6800
6200
6800
6400
7800
6500
6400
6500
48000
7900
7000
10100
6900
7100
7200
7100
6700
14200
7400
30000
7100
7700
7300
7300
7200
8600
7000
7200
9700
7100
7100
6900
7200
7000
7100
29000
7100
6900
8200
7900
7100
78500
4300
7300
4300
4800
4600
4500
4500
4300
4600
4600
12100
11800
4600
18100
4500
8300
5900
5700
5600
5800
5700
6800
5800
8500
6900
8200
7200
6300
7800
8100
5700
10400
7000
5900
6300
8700
8600
7400
8900
6200
8900
8600
9100
15500
6400
6500
48100
7700
6800
7500
6600
6800
6900
6900
6700
6900
6900
32200
7000
7600
7600
7300
7200
8300
6800
6900
7000
6800
6800
6800
7200
7000
7600
42300
7200
16500
8700
8400
7700
85400
4400
4400
4100
4400
4400
4200
4500
4200
4600
4600
4400
23800
7400
23200
4700
8000
6500
5700
5400
5800
5500
6100
5800
5700
6000
6100
5600
42000
5500
8500
16500
6800
6200
6100
6600
6400
6200
6700
6400
6200
6700
6600
6900
6400
6500
6500
7100
10300
7000
7400
6600
6900
6800
6900
6800
7000
6900
28900
7200
9000
7300
7200
7200
10600
6800
6900
6900
7300
6800
6900
7000
7100
7000
35000
7000
6900
8100
7600
7100
83100
4300
4300
4000
4800
4300
4300
4300
4200
4600
4600
4300
10500
4600
13400
4400
14800
6300
5400
5600
5800
8200
5600
5900
5700
6100
5900
5700
6000
5800
5600
5900
6500
6300
6200
6600
6100
6200
6700
6400
6300
9300
6300
6700
6500
6300
6300
6300
9800
6900
6600
27800
6800
6700
7600
7400
6800
10700
6900
7100
7100
7000
6900
42700
8300
6900
6900
6800
6900
6700
7000
6900
7000
6800
31000
6800
7500
8200
7900
7000
79600
4500
4300
4100
4300
4200
4400
4400
4400
4500
4400
7000
10000
4500
12500
4600
7800
5800
5600
5700
5700
5700
5600
5900
5700
6000
5800
5800
5800
5900
5600
8500
6500
6200
6200
17600
6300
6300
7100
6300
6400
6700
6200
6600
6400
6400
6300
6500
8000
9500
6600
6800
6800
6900
8700
7500
7200
8000
7200
7000
7100
7200
7200
43300
10600
26900
10000
7100
7600
6800
6800
7100
7000
7100
28900
10800
7900
7200
7300
7300
393800
4700
4900
4200
4400
4400
4200
4400
4200
4400
4500
4300
10400
4500
15300
4400
7300
5900
5500
5600
7000
15300
5500
5700
5600
5800
5500
5700
5800
5700
5500
5800
6500
6600
5900
9200
6300
6200
6500
6200
6000
6600
6300
6600
6400
6100
126600
7100
8400
7100
7600
12500
7400
6700
7400
7600
6900
9000
7200
7100
7200
7400
9100
42700
8000
7100
10100
6900
6900
6800
6800
7000
7000
6800
28100
6900
7600
7000
7100
7000
80500
7300
9300
4400
4500
4900
4400
4600
4500
4500
9500
4900
4400
5400
6800
4500
9500
5700
5900
5500
5400
5600
8800
5500
5700
5600
5500
5900
5700
5500
5800
6200
6700
6300
6200
6000
6400
6400
6300
6000
19200
6400
6600
6300
9200
6400
6800
6800
7900
6900
6900
7400
6900
7100
8600
6900
6900
7000
6700
6900
7100
7600
10000
6900
8500
7200
7000
7500
15900
7200
7100
6900
7000
7200
7600
7100
7100
9400
94400
7600
77300
4700
4300
4500
4200
5400
5200
4500
5300
4600
5300
4900
5300
8000
4800
4800
8500
5600
5900
5600
5800
5600
6000
5900
6100
6200
12700
6200
6200
6100
6200
6300
7000
6600
10600
6500
6600
7000
6000
6200
12800
6600
7000
6500
7500
6900
7200
7200
8600
7600
9300
7200
7000
6700
10000
6900
7400
7000
6700
6900
7200
7600
6900
7100
8300
6800
6800
7300
7600
6900
6900
6800
9800
8900
7700
7100
8600
12600
82300
7200
81200
4400
4200
4300
4000
5200
7400
4500
6200
5400
13800
5700
6400
6400
5500
4700
9800
6500
6500
5500
6600
6900
6600
5500
6700
8800
5500
5800
5700
5900
5700
5800
6400
6300
6700
6700
6200
6200
7700
6000
6500
6400
6300
6400
6800
6400
6300
9800
8000
6700
6600
7200
6700
6700
7500
7000
6900
6600
6900
7000
7000
7500
6900
7200
10800
6900
6600
7300
7500
6900
6800
6900
14900
7200
7600
7100
7100
8200
47500
7000
82400
4400
4500
4300
4100
5600
5500
4300
5000
4600
5100
4700
5200
5300
4600
4600
13300
5900
6100
5700
5800
5500
5500
5600
5700
5800
6200
5700
5700
5700
6000
6300
6800
6300
6500
6000
6200
8800
6200
6200
6400
6500
6100
6300
6300
8400
6300
7100
15200
7100
7200
7300
7100
7900
7200
7300
7400
22800
14400
29500
8000
7600
8300
8200
14800
7700
7300
8400
8300
7700
7200
7500
7300
7700
11600
7700
7400
10100
132300
6900
79700
4500
4700
4300
4000
5100
5100
4500
7900
4500
5000
4700
5000
5300
4400
5200
10000
5800
5600
5700
6000
5700
5500
5600
5800
5800
5500
5800
8700
5700
41800
5800
6400
6200
6600
6100
6200
6200
6300
5900
6400
6400
6400
6100
6400
6400
6200
17600
7600
7000
6700
6900
6900
8100
7000
6800
7000
7000
7300
7100
6900
7100
7700
7600
11100
7000
6900
7500
7000
6800
7400
7100
6800
7000
6900
6900
6900
8300
6800
7100
82500
4200
4900
4200
4400
5100
5200
4500
5000
4400
5200
4600
5400
5200
4400
4700
9400
5700
5700
9000
6000
5700
5500
5600
5800
6000
5500
5800
5700
5700
5700
6300
6500
6200
6600
6500
6200
6200
6300
6000
9700
6500
6400
6200
6400
6600
6500
7100
7400
6900
6800
6600
6900
7400
6900
6900
6800
6900
7400
12500
7100
6900
16600
7700
8900
6900
6600
7600
6700
6700
7700
6900
6900
6900
8100
6800
9700
7600
7100
7300
76300
4400
4500
5200
5200
4600
4700
4500
4600
4600
5300
4700
4500
8500
13300
4600
9900
5700
5800
5700
5600
14300
5700
5600
5600
5500
6200
5600
5500
5700
5800
6100
9500
6000
6400
6300
6100
6000
6300
6100
6400
6100
6400
6200
6200
6300
7000
6700
7900
6800
7700
9700
7300
33500
6900
6800
7200
7400
6800
6700
6800
7100
7000
6900
8400
7700
6900
7800
9500
7000
7000
6900
6900
6900
7000
7100
30400
6900
8000
15900
87700
5100
4700
12600
11500
6900
4400
4700
4300
4500
4400
4500
4600
4600
4800
4700
9000
5900
5600
5700
5500
5600
5500
5500
5600
5600
5700
5400
8400
5900
5600
5800
6500
6000
6400
6100
5900
6100
6100
14900
6500
6200
6200
6100
6200
8900
7200
6600
10700
6900
7800
7300
6700
33600
6600
6800
6700
7300
6700
7400
6800
7000
6800
7000
11300
7500
6800
14100
6900
6600
6900
8500
6900
6600
7000
7000
29000
7000
7900
7200
81500
4300
4300
4400
4900
4200
4400
4300
4300
4300
4200
4500
4300
4500
4800
4400
8900
5700
5600
5600
5600
5400
5300
5500
5700
5600
5900
5900
5600
5600
5700
5800
6700
6300
6600
6000
6300
6300
6100
6200
6200
6300
6200
6400
9600
6400
6300
7000
8100
6800
9100
7700
6800
32100
6900
22300
7000
7700
7000
7300
9800
6900
7100
7200
8300
7400
6800
7400
6600
6800
7000
6900
6700
7000
6800
7000
28800
9800
7800
7100
81300
4200
5800
4400
5000
4400
4400
4300
4500
15700
4800
4900
4400
4600
4500
4600
9000
7100
5500
6800
6600
6600
5500
6300
6700
5500
6700
6700
75500
5700
6700
7400
7300
6100
7300
7000
9100
6400
6000
6300
6200
6200
6100
20800
6600
6100
8100
7000
7100
6700
7200
6700
6800
6600
6800
6800
9600
6900
6900
6800
6900
6700
7800
8100
7900
7300
6500
7300
6800
6800
7100
6700
7400
6800
9500
6900
28500
6700
7800
8100
76400
4400
4100
8800
4900
4400
4200
4500
4500
4300
4300
4400
7400
4400
4400
4600
7900
5700
5500
5700
5700
5200
5500
5500
5500
6000
5600
5500
5600
5700
6300
5500
6500
29600
7000
6000
6300
6200
6200
6100
6200
6400
6300
6200
6400
6400
6400
6900
7300
6500
7200
6800
9400
6700
6800
6700
6900
7000
6800
7300
6900
6800
7900
7600
8400
6700
8100
7300
6800
34900
6900
6800
7100
7900
6900
6900
7000
7100
6900
7100
77200
4400
4100
4300
4900
6900
4200
4300
4300
4300
4200
4400
4400
5500
4900
5000
7500
5700
5600
5600
5600
5700
5600
6000
5700
5600
5500
5700
5700
5600
8300
5800
6200
6200
6300
6100
6300
6200
6000
6300
6300
6400
6200
6400
6400
6200
6400
7500
7200
6800
9800
6800
6700
6600
6900
6800
6700
6900
7100
7000
6800
7000
7800
8900
8400
6900
8200
7300
9400
32300
6900
6900
6900
7500
6800
6700
7000
7400
6900
7000
80400
5300
4400
7500
4200
4600
4600
4400
4400
4300
4600
4500
10100
4400
5800
4700
9500
6700
5900
5600
6400
5900
8800
5900
5600
6000
5700
6000
5800
5900
5800
5700
7100
6300
6200
6800
8500
6200
6200
6600
6400
6400
9100
6300
6500
6400
6400
6400
7900
7500
7000
6900
6900
6600
6900
7400
7000
7100
7200
16400
7500
10300
7500
8200
10000
7300
7500
7600
8100
8200
8500
8100
7600
7600
7700
130300
7200
33100
7300
7100
77900
4600
4600
4500
4500
4700
4500
4500
4500
4600
4500
7200
5600
4700
4700
4800
8300
5700
5700
5700
5600
6300
5400
5700
5800
6000
5700
7000
6000
6000
5800
8500
6800
6200
6300
6000
6200
7000
6300
6600
6100
6300
6400
6400
6200
6400
6400
6400
7400
7300
9400
19200
7000
6600
6700
7400
7100
6900
7100
6800
7000
6900
7100
6900
9000
6800
6700
6900
10400
7900
7800
7500
7100
11500
7100
45400
6900
32300
7200
7100
80300
4300
12800
4800
4300
4400
4400
4100
4500
4500
4300
4600
5400
4600
4500
4600
8600
5600
5500
5700
8500
5600
5400
5800
5600
5700
5600
5700
6100
6200
5600
5700
7100
6400
6100
6900
6700
6500
6400
9600
6200
6300
6400
6600
6400
6300
6500
6500
7700
7100
6700
6700
6900
6800
6600
7400
7000
7000
9400
7000
6900
6900
7000
7000
8900
6800
7500
7300
7700
7400
7700
7500
7100
7200
9700
116700
7200
31600
7400
7300
77600
4500
4400
4700
4600
4300
4500
4400
4500
4500
4200
4500
5500
4700
4700
4500
8300
5700
5800
5500
5800
7100
5600
5600
5600
6400
5800
5600
6100
8700
5900
5600
7000
6700
6200
6400
6500
6300
6200
6400
6200
6100
6300
6700
6500
6500
6300
6500
10600
6500
6600
7000
7100
6900
6900
8000
7100
7100
7500
7200
7000
7200
7200
7900
9100
9700
6900
6900
7400
8900
7700
7700
6900
7000
7100
42900
7100
31300
7100
7100
77100
4500
4200
4600
4500
4200
4500
4400
13500
4700
4700
4300
5500
4600
4700
4600
7900
6700
6900
6600
6600
5600
7000
6800
6500
7000
5700
6500
6900
9100
6000
5800
7000
6500
6100
6600
6600
6800
6300
6400
6400
6300
14900
6900
6600
6700
115300
6500
7400
6900
32900
7000
6800
6900
7000
7500
7600
7100
6900
7000
7200
9600
7200
7000
7900
7800
6900
6900
7000
6900
7000
8000
7200
7000
7100
7000
7100
7000
9700
7100
80400
4400
4300
4300
4400
4500
4200
4400
4300
4300
4400
4500
5200
4600
4500
4700
8500
5500
8300
5600
5600
5500
5500
5900
5600
5700
5800
5500
6800
6100
5700
5900
6800
6400
6100
6500
6500
9400
6400
6200
6300
6800
6300
6600
6200
6800
6400
6300
7400
6800
6700
6700
7000
6900
6900
7400
10100
6800
7400
7200
7100
6800
7200
7100
7800
7300
7100
6800
6700
6800
6900
7500
7100
6900
9500
6900
7000
7000
7000
6800
81000
4300
4500
4500
5100
5100
5200
5500
4400
4600
4500
15800
4700
10100
4600
16400
10000
5600
5600
5600
5900
5400
6000
6000
5800
5900
5600
5700
8600
5900
5600
5900
8200
6500
6200
6300
6400
6500
6800
6300
6200
6500
6400
6300
6700
6600
6400
10200
8700
6900
6800
7400
7000
6900
6900
7400
7100
6900
7500
7100
7600
7200
7200
7200
11200
7100
6900
7000
7900
6900
7900
6900
7200
7000
7300
7200
7400
7200
7400
7300
80300
4900
4400
4600
4600
4300
4600
4600
4500
4500
6100
4700
4500
4700
5500
4800
8400
6000
5600
5800
8800
6300
5800
5500
5900
5600
5700
5900
5600
5700
5900
5700
7100
6200
6600
6100
6000
6500
6800
9100
6300
6100
6300
6500
6400
6300
6400
6900
7800
6800
6800
7300
6700
6900
6800
7400
7000
10200
7600
7000
7800
6900
20400
7400
8500
6800
6800
7100
7400
7100
7500
7000
7000
7000
10000
7100
7100
7100
6900
7200
78600
4500
4500
4300
4600
4400
4400
4500
4400
4500
5700
4700
7300
4500
5200
4800
9000
6000
5700
6400
13300
6200
6000
6000
6100
6100
6200
6300
6000
6100
6300
6200
10200
7000
6500
6600
7100
8300
7200
6800
7200
7200
6800
6900
6800
7000
6900
6800
8700
7500
20600
7400
7000
6800
6800
7400
7000
6900
7400
7100
7600
7100
6900
7100
8100
6800
7000
9600
7500
7100
7400
7100
7100
7000
6800
7200
7200
7300
7500
7800
77400
13600
4600
4300
7200
5900
4400
4500
4500
4300
5400
4400
4500
4500
5600
4400
9300
6000
5800
5700
5800
5600
5500
5700
10400
5800
5600
6000
5800
5800
5700
6100
7300
6400
6100
5900
6700
6200
7400
6300
6700
7000
6600
9300
6500
6300
6500
6400
8300
7000
7000
6900
7000
7100
9000
7100
7000
6800
7200
8800
7300
10000
10900
9000
8200
6700
7500
7000
7400
7300
7700
6900
7400
7200
7200
7100
6800
7000
9900
7400
76900
8000
4700
4700
4700
4600
4800
4500
4900
4700
5500
5000
4700
5200
5700
8000
20200
9800
7000
6800
6500
6400
5800
6300
23900
6400
5800
6300
6200
6100
6100
6100
7200
6800
6800
8700
10300
6700
7200
6900
6700
6800
6400
6500
6300
6500
6400
6500
8200
6800
7000
6900
7000
9500
11200
7100
6900
7000
7000
6900
7100
7000
8700
7700
9100
6900
7100
7500
7000
7000
6700
10300
7100
7000
7900
7000
7900
7000
7200
7300
80800
4300
4200
4800
4500
4200
4500
14600
4600
5500
6100
7100
4500
5500
6100
5600
9100
6800
5500
5700
6600
6600
6500
7000
6900
6600
6600
5800
6700
9400
6000
5700
6700
6000
6100
6300
6600
6200
7100
6200
6700
6800
7000
6500
6400
6300
6600
6500
10800
6900
6700
6900
6900
6900
7400
7000
7600
8400
7100
7000
7100
7100
6900
7700
7900
9500
6900
7400
7100
6800
15700
7600
7100
7100
7500
7100
7600
7100
7100
7000
81000
4500
4300
4600
5200
4600
5100
4600
4700
4600
4600
4700
4500
4700
4700
4700
