64600
16200
1381600
49900
10500
7900
8800
12700
8900
9300
12100
15700
10700
11500
11000
135800
27900
222500
17100
21900
16500
17900
17300
78300
18000
20200
24500
18800
18800
18300
17800
19900
29100
113000
22100
21800
21900
22500
21900
25400
23400
27200
24100
190500
24600
24200
26800
25700
87600
149100
27700
28600
33600
32200
29000
28900
29400
29700
30800
31300
29500
180500
143600
28500
324200
37600
43800
34200
35700
35000
42500
47900
43300
38600
38300
38800
39000
40200
36800
36700
36300
14400
8900
9100
10100
9200
12100
10300
17100
72500
11300
12800
12600
10700
12200
12400
23300
106400
16000
16100
15900
19200
15600
53800
16800
18900
29400
19800
21900
19300
18600
21600
34400
60200
24200
23500
25500
23700
23300
26500
22600
24700
24000
108700
24300
23900
26700
26500
70200
107400
10500
10600
15300
11000
10700
11000
11500
11100
9300
13600
10700
109400
83800
12100
158600
11700
30400
9400
9500
9400
9800
13300
10900
10500
17900
12800
13300
16200
12600
13200
12800
2500
2400
2500
2400
2300
3400
2500
12200
13000
3800
5000
4400
3900
4600
4100
47800
27700
21200
12700
5100
3900
3900
6600
4300
4000
14800
7100
16300
4800
4300
22200
9300
37500
6000
5400
5700
5300
5300
9600
5700
6000
5700
51000
5900
5500
6600
5600
31900
62300
6900
7200
9200
7300
7200
7300
7100
7200
10100
7300
8900
54800
44400
7400
100900
8700
11300
8400
8800
8900
9000
9200
8500
9100
11700
8600
10300
10200
9100
8700
3000
3500
2500
2300
2500
2400
3600
2500
2500
2500
2400
3100
2700
2500
2800
3200
23600
20800
11800
9100
4900
3900
4100
6000
7100
4200
4400
4900
4300
4600
4300
22800
8600
53000
6700
5900
5900
5700
6500
52800
5900
6900
6000
8900
5900
5800
5600
5700
30400
77700
9200
7500
9400
8100
7100
8300
7300
7500
7800
7500
7100
65800
44100
7800
102600
8900
11500
8500
8700
8700
8800
10400
8700
10200
9200
8600
8600
10000
8900
8600
10600
2500
5100
2200
2400
2200
3400
2400
2500
19100
2400
3100
2800
2500
2700
2500
17400
9000
25500
19100
4500
4100
3800
6200
4100
4100
3800
5600
4100
4500
4100
24100
7900
49100
5700
5500
5600
5500
5500
33900
5500
6700
5900
5500
5900
5500
5400
6000
10200
50000
17000
7200
7100
7000
7000
8400
7100
8400
7100
49600
7300
7200
9000
8400
103300
8700
14000
8600
8800
8500
8900
8700
8800
9000
8900
8700
8800
10000
8800
9000
2600
2400
2400
2200
2300
2300
3300
2400
2500
2400
2500
3100
2700
2400
2900
2600
8500
9500
11800
9100
4400
4000
3800
6100
3900
3900
4000
4800
4200
4500
4300
21000
7900
49300
5700
5600
5600
5500
5300
35200
5400
8100
5800
5800
5900
5700
5500
6000
11000
46100
17100
7200
7100
7300
7100
8400
7100
8500
7200
52100
7200
7900
8400
7300
32900
74700
19900
21400
12300
8800
8900
8800
9200
9200
8800
8500
11700
54300
41300
9100
9800
5400
5100
4800
5000
5100
6900
5600
5300
5100
6000
7100
8100
5500
7000
6700
7800
6300
6600
7100
6600
6400
6800
6900
6300
7400
181800
22900
17400
16000
18700
19900
19900
20600
19800
17000
17600
76700
17300
610700
28000
26100
30900
26300
27400
26700
21700
41500
36400
18800
19300
21400
16800
19500
17700
17500
190800
19600
16800
118900
17800
18500
16600
19500
288800
34400
27000
20000
17600
58400
20600
17700
40000
17600
17700
17400
17900
59200
18000
20300
19900
17800
14900
15300
17400
16500
17000
15000
16200
16900
15200
16500
17800
17100
17400
17000
20600
20000
17700
19800
19700
18500
19800
19700
23500
19600
97700
18600
17200
17500
18900
21600
25400
20800
22700
21000
22700
76200
24800
181800
22200
22700
21900
19900
22100
21700
24600
22500
38700
23500
24700
23800
26600
25400
23000
23300
191400
27200
23500
107300
28900
22700
21500
21300
210800
18100
17200
18800
17000
55200
20100
17700
39800
17800
17500
17400
18300
59400
17900
20300
17700
13600
12900
12900
13400
13500
14600
12900
12700
13700
13300
13500
13500
14100
13800
13400
16400
19200
15700
15900
15700
73500
16100
18800
16400
16500
17200
16600
16500
17500
16600
17200
22600
18600
24000
19400
20800
70700
17300
136700
19200
18600
19700
19500
20400
19300
21900
23900
24400
20500
22500
21100
20400
23300
21000
23100
170900
23100
21600
87100
20900
21500
21800
21400
202800
17500
17300
19200
17100
41900
19800
17400
38300
17300
18100
17600
16400
48200
18400
19900
16300
13800
12500
13000
14000
13100
14100
12900
13300
13500
16900
13100
13500
14200
14200
13800
17700
16100
17500
52500
57600
16500
16300
16700
15600
16400
20800
17000
16500
79000
16400
17100
20000
20300
19400
18600
19100
18700
18900
19100
18900
20400
76000
19000
20100
19500
19700
22600
23400
21000
22100
22700
20800
23000
21000
24200
133300
22500
21100
169900
28400
28300
20400
23500
232800
11700
14100
13100
16500
32300
12600
11300
22400
11200
11100
10900
11200
29900
11300
12700
11300
8300
9900
7100
11000
7500
10700
7100
9200
7200
6700
9400
7000
7200
7100
7000
9000
8600
8200
8600
8400
31000
11500
9000
8600
8900
9700
9500
8900
8800
8900
8900
11600
10200
10400
10200
10600
10200
10200
10600
12800
11400
66900
10900
10800
10300
10300
12300
14700
11600
12800
11600
15000
30500
39700
64200
11900
11900
11600
12000
11600
11800
16500
12000
87600
10300
10300
11300
10100
24400
11600
10200
20200
10400
10600
10300
12200
30200
10600
11700
10300
7300
6800
6800
7200
7000
7200
6700
6700
7100
6700
6900
6800
7000
7400
15700
15300
15300
9800
8900
9100
8400
8600
8800
8400
8500
9400
8900
8700
8700
8600
8900
10800
10100
10400
13000
10500
10300
10300
39900
10300
11400
35200
10600
37200
10500
50000
13900
14400
12000
12500
11700
12200
30600
11200
68900
14200
11600
11500
11900
11500
11700
13200
49500
87000
11600
11900
10100
10400
11100
13800
17300
24700
11600
10300
18100
10400
10300
10400
10200
10000
6800
17700
6700
6500
9800
7600
7500
6700
6800
6800
6800
8700
7500
7300
7000
9200
8500
9100
8600
38400
8500
11200
10200
8600
9200
8400
8900
8700
8400
9400
9500
11500
10200
11400
10100
10400
10700
10200
10600
10100
13300
31900
11800
10700
46200
10400
12000
13100
35800
11600
11600
11600
33800
11500
11600
12500
12700
11900
11900
11500
13400
11600
11600
85100
10400
10400
18000
17000
11400
10500
11600
17000
20100
12200
21000
12500
11100
12700
20500
23900
10000
10800
6800
6600
6700
7000
7300
6600
6800
6800
7400
6800
7000
7200
6800
9300
8500
9200
10100
41000
8300
8600
9300
8900
9300
8700
9000
8800
8700
9600
9700
11500
10800
11500
10100
10500
10200
12900
10500
10300
10400
33600
10500
10700
46500
10200
11400
13300
36700
14000
11600
11400
32200
11400
11600
12600
12700
11700
11800
11300
13600
11700
11600
87600
12900
10300
16600
15900
10000
10400
10400
16600
20700
11800
19300
12000
10100
11900
20100
27600
6800
6700
6400
8100
7400
8100
7100
6800
6800
6900
7600
6900
6800
7200
6800
8700
8500
37400
8800
8500
9300
9200
8900
9000
9100
8700
8900
10700
9400
8700
9100
11300
10100
11800
10100
13100
10300
10000
10600
10800
10400
34700
11600
10500
45500
10400
11800
13100
36700
11200
12100
11400
31000
11500
12500
12800
12700
11600
11600
11500
13200
11400
11700
86200
10300
10100
18100
15700
10000
10300
10200
15300
19200
11500
19300
11700
10000
11700
22100
8800
6500
7900
6600
6700
6500
7000
7600
6700
6600
8200
7300
41500
6800
7100
7400
8700
31700
19400
8700
8200
9200
9100
8700
8600
8500
8400
8900
9800
9300
8700
8700
10900
10000
13900
10400
40800
10300
10300
10600
10400
11300
10500
10600
10700
10400
11400
14000
12900
34200
11500
11700
11400
31200
11300
11600
12600
13700
11700
11900
11600
15700
11600
11700
84000
10000
10200
17500
16200
10300
10200
10200
15500
18700
11400
18500
14300
10200
11900
23600
9400
6700
6900
6600
27500
6700
7200
7800
6900
6700
6900
7400
7400
8200
11900
7700
8900
8600
19900
8700
8400
10500
9400
8800
8700
8600
8700
8900
9300
9300
8600
9000
13400
10400
11300
10600
65100
11700
10300
12500
10700
11600
12600
13100
38000
10300
15500
12300
12900
11900
13000
11400
11500
11800
11500
11600
11600
11800
35400
11900
11500
60900
13700
18600
113300
11300
10500
18700
16600
10300
10200
11600
16600
20900
14300
21400
11800
10100
12200
21600
9700
25000
6600
6600
6700
6700
9100
7900
8600
41700
6900
7500
10800
7000
8600
7700
8700
10300
19700
8700
8400
9000
9200
8700
8300
8500
8600
44600
9200
9100
8700
9000
11300
12000
13000
10500
42300
58100
14500
13700
21400
18700
18600
10800
10800
10400
11600
11700
12800
11600
12900
11600
11400
11600
36700
12000
11600
11600
36500
12900
38300
49400
12400
14600
88700
20000
10700
12900
10600
16000
10400
10500
11700
11900
10600
10300
10200
12500
10300
10400
10500
7000
9300
6700
7500
6800
7800
7600
6700
6900
6800
6800
8700
7100
7200
7000
10300
8400
8500
9400
9300
8600
8400
11600
9300
8800
8400
9000
8800
8800
9500
9000
11600
10300
10500
10300
10500
10400
11400
10600
10300
11200
13400
10300
11700
10500
10500
11500
13600
13000
11700
12600
11500
11800
11400
12300
50200
14600
11700
11600
11700
13000
11500
12000
84300
11000
11500
9900
10100
16900
10400
10100
25400
10400
11500
12600
12900
12400
11600
10400
10500
7600
7500
8100
6700
8300
8200
6700
6700
7500
8600
7100
7700
9500
10100
7400
10200
8600
8300
9500
10300
8500
8300
9100
9200
8600
8800
8800
8800
8700
9300
8900
11100
13100
10600
12000
11000
10700
10400
10400
10300
11200
10700
10500
13200
10300
10400
13400
13900
13300
11600
15300
12000
11700
11400
11600
52900
11900
11500
11600
11400
13000
11300
11900
84100
13100
12100
10000
10500
17900
10400
10200
33500
10700
10200
10500
11800
11500
12000
10700
12500
6800
6800
7400
9200
7000
7100
6700
6500
6500
7600
7300
6600
6800
7200
7200
8800
8500
8500
8700
9400
8700
9400
10000
9000
8600
8700
8900
8500
8600
8700
9000
13200
10400
10500
10200
10300
10400
10400
10300
12100
11400
10700
10500
14300
10500
10300
11400
14300
12900
12300
13100
11800
11700
11500
11800
46100
11600
11600
14600
11900
13200
11900
12000
91600
10900
11700
10100
10000
15500
10600
12400
19200
10700
10200
10400
16600
11700
10400
10700
10000
8200
6900
7400
6900
7000
7100
8300
7000
6600
8000
7300
6900
6600
7300
7100
11600
8500
8500
8700
9200
8600
10800
9800
8600
8800
10400
9100
9200
8600
8800
9100
12300
10400
10500
13900
10700
10100
10300
33000
11400
10500
10900
10200
10900
10600
11900
11100
13200
12800
11700
12700
10500
7400
7300
7700
49300
7400
7300
7300
7500
12000
7400
7500
78300
4500
5400
7400
4700
9700
4500
4600
13300
4600
5000
4400
6100
5700
4800
4900
8800
5800
5400
6200
5600
6000
8200
5700
5800
5700
5700
6000
5800
5800
5600
6000
6400
6300
6500
6300
6800
6300
6800
7600
6600
6600
6300
19500
7000
6500
6300
6500
8400
6900
7100
7500
7100
6900
6900
8800
8300
6900
7200
7300
7200
7000
10400
7300
8400
7000
7000
7100
7000
7000
8800
6900
7500
7900
7200
7200
7700
7300
43800
9100
84500
4700
5200
4400
4500
9500
4600
4300
14300
4300
4600
4900
6000
8600
4800
4900
9000
5700
5700
5900
5500
5900
5700
5700
5600
5900
5900
6000
5900
6200
20600
6000
6500
6300
6300
24200
6900
6400
6700
7300
6500
36100
6800
6500
6400
6300
9300
6500
8100
6800
6900
7400
6900
7000
6700
7100
7600
7100
7000
7600
7000
7100
7800
7200
10800
7000
6700
6800
6800
6800
6800
7000
7000
7600
7000
7000
7700
7200
7200
7700
131700
9200
5200
6600
5800
5100
4800
5100
22300
6300
6800
7500
7300
9200
7500
7900
34400
6100
6000
5600
11700
5800
5300
8400
8600
9900
9900
9000
10900
10100
9500
5900
7100
6000
6200
6100
6700
6700
6200
6300
9100
34300
6500
6300
6300
6400
6500
6400
8800
6900
7300
6700
6700
6900
35300
6900
10000
7400
32200
8900
7100
7600
6900
7300
32200
6800
7700
6900
7200
7000
10300
7300
7000
7400
7200
7100
7100
8200
7200
46500
80100
4800
4600
5300
8200
4500
5800
4700
4500
5200
4600
4600
4400
5700
4500
4800
8900
5800
5500
5600
5300
5500
5600
5600
5600
5700
8500
5500
5800
6100
5500
7800
6700
6100
6200
20600
6600
6600
6200
6200
6000
32800
6200
6300
6200
6300
6400
6300
7500
6800
9300
6800
6700
6600
34800
6700
6700
7300
34400
6900
6800
10200
7500
7600
29900
6800
7300
6900
6900
6700
8800
7000
7000
7100
6800
7100
7400
9600
8000
48600
84700
6800
4500
6000
6300
6700
8000
6900
4300
5900
5500
4400
8900
5500
4600
4500
10900
5800
5700
5600
5500
6100
5700
5600
5800
5600
5600
5800
5800
5900
5600
5900
6400
9000
6100
6400
6200
6200
32000
6400
6100
6400
6400
6400
7800
6600
6800
6300
8200
6600
7300
15900
9600
6900
36500
6700
7000
7300
32900
6900
7100
7400
7200
7100
32600
7100
7400
6700
6800
6900
7800
7100
6900
6700
7000
7000
7100
7600
7100
45400
80500
4400
4600
5500
5100
5100
5600
4300
4400
5100
4500
4700
4600
5400
4400
4600
9000
5600
5700
8600
5800
5400
5800
5800
5700
5600
5800
33200
5700
5600
5800
6000
6500
6100
6200
6300
6100
33500
6400
6700
6100
6400
6400
6300
6700
6400
6700
6400
7400
6500
6800
6800
7400
7300
7000
6800
9500
37000
7000
7200
8100
11100
12100
11700
45700
7500
7500
7400
6800
7000
14700
12000
7800
7000
7000
6800
10000
9500
11700
56800
101600
5000
7200
8900
12000
7300
7300
6900
6800
8300
7200
7200
7400
8200
4700
4500
9700
5800
5700
21700
30800
11700
12100
10900
11000
38700
18100
10900
13700
10400
10200
10500
12000
11200
11200
11500
11300
11300
11400
11000
11000
84800
11900
14900
11700
16700
11500
11400
13200
11900
12200
11900
13400
13800
14200
13700
12900
62200
12700
12900
12800
59100
12900
12800
14300
12600
16400
12500
12100
12700
68700
12600
12800
13800
61900
16700
12800
13900
13300
12900
165700
8400
8200
9400
9300
8300
9300
8200
8400
10500
8800
8500
12200
9700
8300
8700
12700
9900
10300
10100
9800
9800
10200
10000
9800
9600
9800
9700
9800
9700
9700
10000
13700
15000
16600
10600
10700
11000
11000
10600
10800
10800
11900
11700
11100
11100
11900
11400
12500
11200
11600
11700
12500
16200
11900
11300
11700
60900
12200
12500
14400
12500
12000
12500
14100
12000
13200
11800
12000
10500
97000
13400
13800
14500
59200
12600
12300
13400
12000
12500
205200
8900
9400
7100
7600
7700
9100
7800
7800
8100
8300
8200
7900
9700
8600
34100
15100
9700
9900
14100
9900
10400
10600
10000
10500
10000
10400
12900
10400
10200
31500
10400
11900
11300
10900
11100
11200
11700
10700
11300
18300
11200
12000
11000
11700
11200
11100
11600
13300
11800
13000
15400
12700
12800
12300
12200
14700
13000
16300
37400
13000
13000
12300
14500
15800
12900
68600
13400
12500
13200
13400
71700
12700
13100
13000
15600
12900
13200
14100
13100
158400
8900
8000
8000
8400
7900
12400
8500
8200
8500
8800
23900
10000
10300
8900
8800
17100
10100
9900
10000
10300
9800
10400
10100
10000
14000
10100
10100
10100
10000
10600
10500
12300
11500
11100
11300
11200
11200
11700
11700
13400
11700
12100
11700
12800
11400
15300
32800
14300
12200
12500
13200
12300
12500
12100
12200
12000
12900
11900
13000
12200
12200
12300
17300
15000
11500
66500
13100
12400
12000
20000
169800
14100
12300
17900
12800
33100
13100
13900
12100
153400
9200
8300
7800
8100
8100
8200
8000
8300
8100
8700
25300
15400
10400
8600
9400
13500
10500
9400
10100
13300
9900
10100
10200
9900
10100
9700
10100
10400
10000
10800
10500
18200
10800
40400
10900
11000
11200
11600
11400
11400
10300
17100
11000
11600
10800
10700
11500
14300
12200
15400
13700
12000
13400
11800
12800
14000
14300
13400
14100
12100
21800
34500
17700
19400
12000
72500
13600
12800
13600
13900
67500
12900
12700
12600
12600
12800
12500
13500
17900
232500
9900
8500
8100
8900
7800
8100
7700
7900
7800
8300
25400
10300
9900
8900
8200
17300
15500
9900
9300
10400
9800
10500
9900
10500
10200
12700
10100
9800
10700
10500
10200
11300
11100
12200
10800
11600
16300
12300
11400
11600
10400
12100
10900
11500
12400
11700
11300
16600
12000
11800
12100
12500
12300
11900
12500
19700
12900
13600
12600
13700
12800
14300
12500
16400
12400
66000
13600
12300
18300
13500
146700
14300
13900
13700
14100
12800
12700
15100
13600
232000
9800
8100
13200
8500
7500
8700
7800
7900
8400
8400
24900
9800
10400
9900
9100
14800
9700
9600
9700
10300
9700
10200
14300
10100
10400
9700
10300
11200
12500
10500
59800
11600
11000
12500
10700
11100
11600
12600
11700
16500
12500
12500
11500
11000
11400
12300
11300
13100
12400
12000
12700
13200
13100
12500
11700
17900
13600
14600
18400
13700
13100
13700
13900
15300
13100
13200
13700
13300
13400
12000
12600
12500
14500
73000
16700
14600
13100
14300
17800
239500
11600
9600
7700
11900
8100
8000
7800
7700
8000
8500
24700
9900
10400
8000
11100
12700
9700
9100
9700
10000
55800
13500
9800
9600
9600
9600
9700
9800
9500
10400
10100
11100
10800
11800
11000
11000
11600
11500
13000
11300
11000
16900
11500
15700
19100
14600
16600
19300
18300
18500
16900
15900
11300
20600
12000
14000
12000
13800
12400
12800
17000
13400
12400
14300
11900
12500
13000
11900
13000
12400
12100
12100
15200
12000
12900
12200
16200
12400
13600
314800
15600
37300
10800
8300
9400
9300
25200
8200
8500
8100
14400
8400
8100
9700
8500
16000
10000
9900
9400
9700
9700
8700
9800
10100
9600
9800
9800
9800
9800
10100
10900
16300
48700
12600
10900
10600
10900
10900
10400
10700
11100
10700
10900
10900
10700
11500
11100
13200
11100
11800
15600
11500
114900
11800
11800
15600
12700
13000
12000
12000
11900
15400
13300
15600
14000
12800
12200
74400
13200
12900
12200
12700
12500
12600
14000
12500
12900
12900
16400
252400
9200
8300
8100
38700
8600
8400
10100
9100
8700
8100
12800
9000
8100
8500
9100
13900
10800
10800
9900
10000
9800
11300
11700
11500
11500
14700
11500
11600
11800
11400
11500
13600
49200
13000
12500
12500
12500
12500
14100
12300
12500
13200
13200
13500
13100
17300
13600
14800
13600
14000
13500
14100
47300
13900
14200
13900
14200
14300
14000
14600
14900
15100
16500
19900
14900
13500
14000
72700
13700
14000
14000
13700
14100
13600
14500
14100
13600
14100
15000
236800
10100
7900
8100
32900
7600
8000
9200
8000
8100
8200
9900
8600
8100
8500
8500
13400
10300
9400
11800
14100
11900
9600
9400
9800
9100
9600
9800
9700
9800
9500
10100
11800
10100
11400
12000
11100
11100
11300
13400
52000
11500
11200
11300
11600
11400
11500
12400
14000
12100
15200
12700
12100
46600
13400
12800
13900
13000
13400
17900
13500
13000
14000
13900
16900
14300
13000
12900
70000
13400
13600
15200
12900
14200
13900
15300
17300
14200
14200
14600
273100
9200
8800
8600
34000
8600
8800
10000
8900
8800
8700
10600
9300
9100
12400
9500
13400
10800
10900
10700
10800
11000
10900
11200
11600
12300
11100
11500
11400
10900
11100
13100
13500
42000
14100
12100
11400
13500
13300
11200
12500
13100
11200
11500
12300
12700
11100
13200
13700
52500
12000
12600
12900
15300
11600
11900
11800
12000
11700
12600
12900
12500
14500
13600
16300
13900
14000
13300
66400
12300
16500
12500
12400
12400
12700
13600
12600
12500
13000
14300
266700
8900
8700
9000
35400
8800
8900
13600
8700
8800
8600
12700
8900
9100
9000
9900
13400
10900
10900
11100
10900
10700
11100
11300
11100
9400
10800
11700
11400
11000
14600
11700
13200
12000
12800
12200
12400
12100
12400
12400
12300
12300
14300
12800
12700
175000
12900
13400
17400
50700
13400
13700
13600
13800
13600
13700
15400
13600
14000
14000
14100
14000
15700
14100
15300
17200
12000
13100
13500
47600
13800
13600
13600
13800
13900
13800
13600
14200
14200
14200
250900
10100
8000
11900
34600
8600
9100
9800
9200
8700
8700
10700
9100
9200
10900
9100
12400
11200
11000
10600
11100
11200
11100
11200
15300
11400
11000
12100
11700
11400
11500
11900
13300
12300
13300
12200
12600
12700
12400
12400
12700
12500
12500
12900
13000
72300
14000
14000
14500
49400
13300
13200
13500
13300
13200
13000
12800
14200
12200
9100
7100
7200
11500
7400
8300
6600
7000
7100
6600
25400
6900
6900
7300
7100
7200
6900
7000
7200
6800
7200
152700
6100
4600
4200
18600
4600
4400
4800
5300
4200
4700
5400
4500
4700
4800
5800
9300
9400
6100
5800
5600
5600
6100
6100
5400
5900
6500
5600
5700
6100
5500
5800
7000
6400
6700
6600
6400
10700
6100
6400
6300
6500
6300
6500
6400
6200
10200
6700
8300
6900
6600
6800
6900
7000
6700
6700
7000
10300
7300
7100
7600
7600
9700
7400
8500
6900
6900
8200
63700
22400
32000
7700
7200
8500
7000
7200
7600
7100
7100
7200
144400
5400
4700
4800
7900
4400
4700
4800
4400
4700
4500
5400
5400
4500
18400
4600
7800
5800
6000
5300
5600
5600
5900
8700
5500
12100
6000
6100
5600
5700
5800
5500
6800
7100
6600
6400
6100
6100
6500
6100
6200
6500
6000
6200
9000
6500
6200
6400
8300
6800
6800
6600
6600
6900
6800
6500
7200
7800
7000
7500
7500
7400
10400
7000
8000
6600
6800
7200
26600
22000
29600
7500
7100
7000
9900
7000
7700
6900
7000
7200
146300
5800
4300
4600
5000
4600
4600
4600
4400
4500
4700
8100
5300
4900
17400
4900
8300
5600
5600
5600
5200
5500
5900
7200
5400
5600
5800
6100
5500
5700
8400
5700
6700
6600
6800
6600
6100
6300
6600
6000
6200
6300
6400
6100
6200
6500
6400
6300
8000
9300
6800
7300
6500
6700
7000
6700
6600
7800
6900
7000
7400
7300
7600
7300
8300
6600
6800
9800
25300
23000
29600
7500
7000
7200
7200
7200
7500
7200
7100
7700
144700
5500
4400
4500
5100
4500
4500
4800
4700
4400
5000
5100
5300
4800
17400
7400
8500
5500
5600
6900
6900
6500
6100
5700
5700
5300
5800
6000
6100
5800
5500
5900
6400
7800
7300
9300
6400
6000
6600
6300
6200
6500
6100
6900
6500
6600
6100
6400
7600
7300
6600
7500
6700
6800
13000
12700
11600
11800
12300
12100
11800
12200
13200
10700
8400
6900
6600
7700
25500
24400
29400
7800
6900
6900
7100
7200
7500
7200
7100
6900
147800
5200
7300
4400
5200
4500
4800
4400
4500
6000
4500
5100
5200
5000
17200
4700
22900
5600
7000
5500
6700
27400
6400
6500
6500
6500
5600
6600
6800
6700
5600
6800
7300
7300
8400
7500
7200
6100
9300
6300
6200
6500
6100
6500
6500
6400
6000
6400
7500
7600
6600
7100
38200
6900
6800
10100
7200
7100
6600
7000
7000
7000
7500
8800
9500
7500
7000
7000
6800
7200
7800
7800
7000
10900
7200
7100
7600
7700
7100
7400
143400
5100
5700
4400
5200
4400
4700
4800
4300
7300
4500
5500
6000
4600
18300
4600
7500
6100
5900
5500
5600
5600
5900
6400
5500
5600
5900
8600
5700
5800
6300
6200
6800
6600
6600
6500
6100
6200
6700
6500
6300
6100
6300
6500
47900
6500
6400
6500
9500
7500
6900
7200
7100
6900
6600
7000
6900
7200
6700
6900
6900
7100
7400
7000
8600
6700
6900
6800
7000
6700
7300
6700
7000
7900
6900
7100
7600
7500
7000
9900
146000
4900
4400
5200
9300
8400
10200
5500
4500
4800
4700
5300
5300
4800
4800
4700
11200
5800
5700
5400
5500
6000
5700
5400
5800
5800
5800
5800
5800
5700
5600
5800
6900
6600
10000
7000
6000
6100
6300
6200
6200
6400
6500
6200
6500
6900
6600
7100
25900
7900
7000
7100
9400
7700
6900
7000
7500
7300
7200
6600
7000
7200
30300
13700
24100
11300
11000
8500
7500
9000
11400
7900
9900
7600
7700
7900
9700
6900
7300
7400
154000
5000
4500
4500
4900
4300
4600
4600
4500
8400
4700
4900
4800
4700
4500
5600
9200
5800
5700
5500
5500
5600
5700
5800
6000
7900
5900
5400
5700
5800
5500
8500
6700
6300
6800
6700
5900
6100
6200
6300
5900
6300
6400
6100
6400
6700
6600
6200
32200
7400
6600
6900
6800
7500
7200
6700
7300
7000
7000
6800
7000
7200
8000
7100
8300
6800
10200
7700
6800
6800
7000
8200
7200
7300
7000
7200
7200
6800
7200
7400
149500
4700
4200
4300
7300
4300
4400
4700
4400
5400
6300
4900
4500
4600
4400
5800
8800
5700
5800
5700
5400
5500
5700
5900
5700
7100
8400
5700
5600
5700
5800
5600
6500
6200
6800
6000
6200
6800
6400
6400
6300
8000
6900
6500
6100
6400
6500
9100
25700
7500
6600
6600
6900
7400
7200
6800
7400
6900
7100
7100
6800
7200
8100
7100
10900
7000
7900
7500
6900
6700
6900
8700
7200
7100
6900
7300
7100
7100
7000
7200
145200
4800
4500
4200
4400
4600
4200
4600
4300
5700
4400
4500
4400
4500
4800
5600
8400
5800
5800
5800
5900
5700
8300
8700
6300
5800
7300
5800
5800
5600
5800
5800
6600
6000
6600
6200
6300
6600
6100
6300
6300
6300
9400
6200
6300
6600
6100
6200
7500
6600
6700
7400
6800
6900
6600
24900
6800
6900
7600
7100
6800
10100
7500
7100
8100
7200
7700
7400
7000
7000
6900
7000
7200
8300
6900
7200
7100
7100
7000
9700
143000
4500
4400
4100
4400
4500
4300
4600
4800
5400
4500
4600
4700
4500
4600
5300
20500
9100
5600
5800
9100
5400
5700
5800
5900
5500
5500
5800
5800
5600
5800
8400
6700
6100
6700
6300
6100
6700
6100
6400
6500
6100
6800
6500
6400
6500
6300
6400
7800
7900
7700
10400
7100
6700
6800
7000
6900
6700
6900
7000
7200
7800
7200
7200
36500
7700
7800
7600
9600
7900
7200
6900
7800
7300
7100
7200
7100
7000
8100
6800
367200
14100
9000
8300
7800
13400
8300
8300
8600
11100
8700
8600
9200
9100
8600
10600
14400
11500
10600
10100
10600
14500
10400
10700
11500
11500
11300
13900
12300
10600
11800
12200
13900
12900
13600
11700
12100
13800
11400
14600
13700
12900
13300
11100
12500
13000
12900
11200
18000
11800
14400
13100
12400
12500
12200
12700
12700
12700
12400
12900
13000
13900
14300
12600
57100
14800
12600
12600
12500
13500
12500
12600
13300
13000
12600
15000
12800
12700
15100
14100
283600
14000
10300
10400
8700
10300
8800
10600
9400
8800
8900
9300
8900
9400
9600
9200
16200
11700
11300
10900
11200
15600
11500
11000
11500
11500
12200
11500
12200
12000
11800
12700
13400
11400
13100
11600
14100
13700
13000
12600
13400
16100
13100
12800
13200
12800
13700
13400
15800
14000
14100
14600
14300
14100
13700
15800
14100
14400
14400
18700
14600
15600
15100
14700
16500
14500
14300
13800
13800
13900
14400
15200
14600
14700
15400
14300
14100
17500
15900
14500
272200
9800
10000
10300
10100
8800
8700
8000
9200
10100
10000
9600
9100
14400
9600
11000
14900
10600
12200
10900
11700
12000
11800
11500
11600
10900
11300
11900
11600
12000
11200
12000
13300
16100
13900
12700
12500
12300
12400
12800
13500
12700
13000
12900
13100
12100
15200
13400
15500
14100
13600
14400
13600
13800
13900
15400
14000
14300
14100
15200
14500
14500
15300
14200
16300
13900
13900
14100
14200
17300
13800
16900
14200
14300
15400
14200
14500
14600
14600
14400
263700
9300
10200
10100
13700
9200
8600
9000
9100
10300
9500
9100
9300
10700
9600
9300
14900
11100
10900
10600
11400
11400
11600
11200
11200
14800
11500
11700
11200
11400
11600
13500
14300
12600
13100
12500
12800
12800
12200
12400
12600
12700
13700
12700
17200
12700
12900
13100
15300
13700
13900
14800
14100
14200
13600
13800
13500
14500
13900
14500
14500
14600
15600
18300
16900
14000
14000
14200
13700
14100
14200
15200
14200
14400
15100
14400
14700
14000
15800
19000
262000
9500
10000
10300
10100
8900
8700
9400
8900
10100
9000
8100
8400
10200
9300
11100
17600
11100
10800
11100
11300
11100
11300
11200
11100
11400
10900
11800
11600
12100
11500
11200
13100
12500
13500
12500
11700
12100
12500
12700
12800
12000
13500
15000
13700
13100
13200
13400
14700
14000
14600
13900
13600
13800
13800
17600
14900
14300
13700
13200
14500
14400
16100
18800
16500
9000
7900
8800
8400
10300
8500
10500
12700
8400
10100
8900
9000
8700
9900
9000
61600
5800
6700
6500
6600
6300
5300
5600
5900
9700
5400
5300
5400
6700
5300
5400
8900
6500
6100
6200
6000
6600
6700
6100
6700
6500
6500
7200
6300
7100
10100
6300
7600
7000
7100
7200
7200
7000
7200
7300
7200
6600
8200
7300
7900
7400
7500
7300
8900
11000
8800
7800
7900
8100
8000
7600
9000
7600
7800
8200
7800
7900
8500
8200
10900
8300
9700
12700
8700
8400
8500
10400
8100
8200
8600
9400
8800
9000
8600
8500
56700
5200
6300
6200
10200
5400
5400
5300
5200
6600
5400
5400
5800
6700
5800
5300
8800
7000
6300
6200
7000
6400
8600
6800
9900
6000
6600
6800
6500
6400
6400
6700
7400
7300
7500
7000
6900
7000
7200
7200
7100
7100
8000
7400
11200
7200
7100
7300
8800
7600
17500
8200
14800
8100
14900
7800
15100
10600
15700
11300
10800
8500
9000
24700
10600
8600
8400
9700
8600
8500
8400
8900
7400
8100
8100
9500
9600
8600
8300
8300
67000
5500
5500
5100
5200
5400
5200
6800
5200
5500
6400
5500
5200
5000
7700
6600
