77500
1207700
8400
25700
8700
7300
7900
8000
8200
8400
8400
9100
9000
9000
9900
10100
167500
14300
88000
14600
12800
13000
13300
12800
13100
13200
17800
13900
15400
14200
14300
15100
260100
16800
16800
20000
16800
18200
17400
17500
17600
18700
18000
20300
19200
19100
347900
21900
143000
21600
21800
21500
175700
23500
26100
23400
22600
28500
28200
25600
27800
720000
130100
109000
291700
207600
212700
29600
188900
30900
28700
33100
27400
27900
28200
477700
28900
30500
78200
29600
18200
16500
11100
13200
7900
15700
14400
7600
7600
8600
8100
9000
8800
26800
9300
9100
76700
11800
45300
11900
11700
13100
12000
12300
13000
13000
12800
13700
14200
13900
14000
15800
129100
16700
16400
17400
16100
16800
17200
17200
17400
18000
18000
18200
19300
18300
150900
20300
108300
22000
21400
21000
110700
22900
23400
23000
22600
23700
23400
24300
24500
332600
72200
74400
222100
158300
160600
27900
141000
29000
28600
27000
27600
27700
28100
245600
29500
32900
54300
29100
7400
9500
9100
9900
7400
11700
11900
7800
8600
8600
8100
8700
10500
19500
9100
9600
12600
40400
11500
36000
16600
12800
12500
12800
12800
13300
20200
20100
13600
14400
15300
15200
107200
22500
21600
24000
21800
22700
22800
23100
23500
24900
23700
28700
26500
23800
166400
25000
88300
30300
29400
27900
111200
18100
14600
14300
13500
14900
14100
14600
14700
350400
73400
75400
194400
134300
130800
16000
105200
19000
17600
16400
18400
15600
15700
305600
15300
18300
89500
11300
4500
9900
5700
5400
3400
6000
6600
3000
3100
3300
3100
3400
3300
9300
3300
8400
9800
40900
7200
30900
14200
5200
5200
4900
4700
5200
17000
13800
4900
5400
4800
4900
36700
7000
33400
14900
9800
6600
16500
6500
6800
11900
6500
7100
7900
9900
6800
14600
40700
8000
8300
8000
43000
9400
9400
9200
8500
9200
9000
9200
12400
157400
32300
32800
132100
107500
108800
15300
99900
19000
17600
14900
15400
15500
16400
277200
11300
12800
30100
10700
4900
6600
10700
11000
3600
11400
11100
6400
3200
3600
3100
3600
3600
14700
3300
3500
7000
29400
4700
12900
10600
5100
7200
5200
4800
5300
19900
16700
5000
5500
5000
5200
38800
6800
25400
13300
15300
6700
32700
6800
11500
17100
6800
7300
7800
6900
7000
20100
61600
15700
16000
9300
8300
8300
9700
8500
8500
8600
8900
8400
10000
10400
115300
9300
79200
59600
58700
10200
51100
11900
11500
10300
10500
10400
10300
142700
10100
11800
31900
10500
4300
7400
8900
9900
3400
11000
11900
3000
3100
3700
3300
3500
3300
18600
3100
3300
5800
30800
4600
15600
13200
5300
4700
5000
4800
5200
18800
18200
4900
5300
5100
6600
38800
6900
28100
22200
15900
6600
14100
6600
20700
20100
6900
7000
7900
6800
7000
29500
56500
16500
17000
9300
8300
8100
8500
8400
8500
8600
8700
8300
9800
8700
86400
9000
36900
9800
10300
10200
49800
12800
11200
11700
10400
11400
10500
11400
11300
176700
52000
33800
14800
10500
11000
11600
10900
15400
10900
10800
9300
7700
7800
248200
31400
23000
22600
22200
27800
24600
24300
24100
24800
522000
22900
11900
10000
112800
17800
17700
119800
19300
18200
15800
22600
13900
11600
12200
11800
11700
150300
80300
17100
12300
13100
12300
13100
12100
12500
12100
27100
13400
14500
13100
51700
13100
13000
16000
13400
13500
46300
15200
72400
14100
54900
13900
150200
11600
16000
12900
10300
13600
10500
12600
23200
11700
10900
13900
12600
26200
11600
12800
13700
8600
7900
8400
8100
8600
8200
8600
8100
10000
54000
8900
8500
11900
8500
8000
12200
10800
10000
9600
9800
50500
9700
11200
9900
38300
10100
10000
52900
11000
10800
10300
12800
13100
11700
12000
11700
12000
133000
76300
12800
11900
11800
12200
12600
12100
12300
11900
16100
15700
14300
13000
44100
12700
13100
12800
13300
13000
45400
13000
74900
14000
54600
14000
140400
10400
15500
12300
10200
12700
10400
11900
22800
10400
10800
13100
11400
21300
11600
12400
11900
8700
35200
8700
8100
8300
8600
10600
8100
8100
8100
8900
8900
8700
8300
8300
10400
10300
10000
9900
9800
10600
50700
29300
26500
18800
10600
60100
65300
10600
10100
10200
13000
12800
12000
12100
14400
11600
130900
83900
13900
8600
8700
8600
12200
9000
8400
8800
10800
9100
9100
8600
42900
9100
8400
8400
8600
8100
43300
9100
65900
9700
51100
10000
144600
4800
9400
8600
4700
6100
4900
5700
14000
4900
4800
6200
5700
14900
5600
6500
11900
9800
31000
7000
7000
6900
6900
7000
7100
6700
8100
7900
7400
7500
7300
59900
10400
7600
8400
7600
7400
8100
36800
7600
7500
8300
7700
53500
7700
7900
10400
7900
9500
8300
8400
7900
8300
46600
8500
10000
8800
74000
11100
8300
91300
8900
9500
8700
10600
8900
9100
15200
48400
7400
7700
7300
7200
6900
31400
7400
52800
8200
37900
11400
79400
4700
9900
5400
4800
5600
6800
5500
13900
4600
4900
6200
8200
14800
5900
6200
9700
6100
5600
5900
7500
5900
6000
5600
5600
5700
5900
5900
6100
9100
46000
5900
6700
6300
27900
6200
6500
6800
6500
6400
29900
7000
6700
38100
7200
6900
6700
6600
8300
7300
7200
6900
7200
37100
7700
7700
7100
27900
7300
7200
35300
7800
8500
7600
9000
10600
7100
36400
7300
7100
91800
55400
9300
7700
7300
7400
8200
7300
7500
7400
78600
4500
9000
5600
4600
8200
4800
5500
13900
4800
5200
5500
5500
15000
5500
6200
9600
6200
5900
6000
5800
8600
6000
5800
5600
5800
5900
6200
6300
6300
6200
6600
6700
6500
6500
6200
6500
6900
7000
9000
6500
7100
6500
38900
6600
6800
6700
6900
8200
6900
7000
20800
7100
38500
7100
7700
7100
27700
7200
7300
37200
8200
8600
7600
10800
8200
7200
7300
7100
6800
90300
54900
8600
7700
7200
7300
8000
7400
7500
7200
103500
5600
5800
4700
22600
5600
4800
15400
5700
4600
13300
4800
20700
6500
15600
6600
11800
6300
5800
7400
5900
5900
5700
5800
6300
5700
6800
6000
6000
5800
6100
6000
7100
6600
6400
6200
41300
38200
6300
6800
6800
6600
6600
6500
6800
28300
6600
6600
7900
7600
7200
7100
6900
7700
7000
7200
7100
7700
7000
7300
7300
7700
7300
8300
9400
52300
32600
7800
7100
7700
7800
7300
7300
6900
8200
7000
7400
7200
10300
43500
80400
4700
4800
4700
4600
5000
4700
12400
4800
16400
4900
4800
4800
8000
6200
4900
9400
6000
5800
6000
5900
5700
5800
5900
6000
6300
6000
6100
6200
6100
5800
6000
6800
8900
6300
6200
38100
38200
6200
6800
6600
6500
6500
8000
7000
28300
9100
6600
7800
7300
6900
6800
6900
7400
6900
6900
7000
7100
6900
7200
7200
7600
7200
7100
12600
47300
30900
7700
7100
7600
7600
7100
7100
7000
10600
7200
7000
7200
7300
43600
77500
4600
4400
4500
4600
4700
4600
12300
4600
19900
4700
4700
4600
5400
4800
4700
8700
6000
5800
5800
5800
5800
6300
5900
6000
5700
5900
6100
6200
8700
5800
78700
28200
6200
6200
6400
6500
6900
6400
6400
7000
6500
9400
6500
6600
6600
6700
6600
7800
7200
7100
6700
7400
7600
8300
7000
7300
7200
7100
7000
7100
10300
7200
7500
8800
47500
30400
7700
7100
7500
7700
7200
9700
7100
7900
7300
7000
7100
7200
42600
78900
4600
4700
4500
5000
6200
4700
14600
4500
15200
4600
4500
4800
5700
4900
4700
8600
6100
6000
6100
5800
5900
5800
5600
6100
6000
5900
9000
6400
5900
6100
12100
6900
6300
10200
6500
9900
8400
8800
7800
10300
9200
10100
10600
9300
7400
6800
9600
7500
7100
7000
7000
36800
39600
6900
7900
7000
7100
7400
10600
7400
42600
7300
7200
9000
52200
31500
7600
7500
7900
7600
7200
7000
7400
7900
8800
7300
7300
7000
41100
82600
4700
7200
4400
4800
4600
4500
18700
4600
12400
4700
4800
4600
5400
4700
4700
10100
6100
16600
5700
6300
8600
5900
5800
5800
5800
6500
6300
6100
6100
29300
6100
6900
6500
7000
6400
6700
6900
9200
6600
37700
6400
7000
6600
29900
6600
6700
6800
8000
6900
7100
7000
37500
35200
7100
8000
7900
7300
7900
7400
7200
27900
7400
7200
10900
7300
7000
7000
7100
8100
7200
7200
7100
7400
7100
7100
7400
7900
7300
7300
83300
4500
4400
4500
4400
4800
4800
10500
5100
11900
5200
4600
4700
5400
4800
4600
8500
6100
5900
5700
5700
8500
5800
27100
6400
5900
6000
6000
6100
6100
6100
5800
6800
6200
6300
6300
6400
6600
6300
9200
6700
6600
8200
6900
6700
6700
38100
6800
7600
6800
7000
7100
34000
41300
7200
7700
7300
7200
7200
7000
7300
28600
7100
7200
8000
7100
6800
7000
9700
7700
7100
7100
6900
7700
8200
7300
7300
7800
7700
7100
82500
13400
19800
6200
4600
7100
6300
4700
5500
5700
6400
4700
5600
5500
4600
14100
8700
5900
5700
5700
8400
5800
5900
5800
5900
5900
5900
5800
6200
5900
5800
6500
8700
6400
6400
22800
6200
6300
6500
9800
6600
6900
6400
6700
6500
6400
6900
6500
8000
7200
7400
7600
7100
7000
7700
7100
7200
10200
7200
7700
7900
7900
9600
7400
8500
7300
7900
7300
7800
7300
8500
36200
51400
8100
7400
7500
7300
7400
7600
8100
91900
7500
4800
9900
5000
4800
4500
5800
4900
4900
5000
4800
5100
4800
14100
5100
9200
6600
5700
5900
5800
8600
5700
5800
5700
5900
5800
5800
5800
5900
5800
6500
6800
6300
6300
23000
6300
6100
6500
7500
9200
6800
14500
6500
6500
6600
7100
6400
8300
7100
7400
7500
7100
7000
7700
8000
7000
7700
9800
7600
7200
7600
8400
7800
8300
7100
7500
7000
7600
7200
7700
33500
52900
7800
7300
8000
7600
7700
7500
8100
90000
4800
7300
9200
4600
4700
4600
5600
5000
4600
4900
4900
4700
4700
13600
4700
8800
5900
5900
21000
5400
8100
5900
5800
5800
6000
6000
5900
5700
6000
6100
6100
6600
7000
6400
6800
6300
6700
6500
7300
6600
9600
6600
6400
6900
6500
6600
6600
7600
6900
7500
7500
7100
7200
7600
8100
7200
7600
7100
10000
7300
7700
8000
7800
8300
7200
8100
7000
7700
7100
7600
32500
52500
7800
7400
7200
7300
7100
7800
8200
90500
4600
4600
11800
4800
4400
4600
5600
5000
4900
4700
4900
4800
4700
13200
4900
8600
5800
5800
5700
5900
6200
6100
8600
5900
6100
5800
6000
6000
6000
5900
6200
6600
7200
6400
6600
6300
6900
6500
6500
6700
7200
6600
9100
7100
6800
6600
8400
7600
7000
6900
22700
6900
7100
7200
7600
7200
7700
7200
9800
7200
7300
7900
7400
8400
7400
7600
7100
7800
7200
7700
33600
52100
8000
7500
7400
7300
7400
7400
8000
90300
4700
4500
9600
7500
4600
4500
5700
4900
4800
4500
4900
5000
4500
13400
4900
8600
5800
6200
24800
5600
5700
8500
5800
5600
6000
5900
6000
5800
5900
5900
6000
6500
6700
6500
6200
6400
6900
7200
6800
6400
6900
9200
6600
7000
6700
6400
6600
8000
7600
7100
42800
7000
6800
7000
7700
7200
10200
7100
7200
7100
7400
7900
7400
8300
7100
8300
8100
7300
7100
8200
7200
35500
8000
7400
7700
7200
8000
8300
7500
92700
4600
4600
10100
4400
7300
4600
5600
4700
4700
4700
4600
4900
4800
12900
4900
8500
5800
5800
5600
5900
5600
5600
5900
5700
9100
5800
5900
5900
6300
6000
6100
6800
6600
6300
6300
22400
6800
6500
6400
6400
9300
6700
6500
6900
6800
6400
6700
7500
17500
7100
21800
7100
6900
8200
8300
7100
10100
7200
7300
7300
7100
8000
7200
8100
7100
7700
7600
7300
7200
8000
7100
7300
10400
7300
7800
7300
8000
8200
7400
88000
4900
5300
4800
5400
4700
6500
10800
18200
5600
5700
4900
13100
5000
6500
5600
8900
6500
7100
6800
5800
6700
6600
5800
6700
8700
6500
5900
5900
6000
5900
5900
6900
6100
6300
6300
6200
6400
6500
6300
6500
6600
6500
6900
7600
43900
6800
6500
8300
7200
7200
7700
7500
7300
29900
7200
7200
6900
7200
7300
7000
9700
7300
7400
28200
29000
7100
7200
7200
7100
7500
7800
7900
7700
7400
10000
7400
8100
8000
7900
194200
5400
4500
4700
4400
4700
5400
5700
10200
5600
5000
4800
4700
7700
5500
5400
8000
5900
5600
6000
5900
5900
5600
5900
5800
5800
5700
9400
57200
20700
14900
11700
14800
20100
24500
13500
13900
14300
13800
16500
13900
13600
13200
14600
14200
70300
13500
13800
16400
14200
13800
18700
15300
14900
63600
14600
14300
14600
14500
14100
14800
14700
15600
14800
56700
64800
14200
14300
14400
15700
16100
14900
14800
16000
15800
14300
14700
17000
16100
15700
295800
10200
9100
8900
9100
9200
8900
11600
19200
10700
9700
9300
9700
9500
11100
10900
14900
11100
11500
11800
15600
11700
11600
11700
11400
11600
11900
11900
11700
13500
12000
12100
13400
12600
13900
79900
13300
12900
12700
18700
13500
14800
14500
13700
13500
12900
13600
13500
17700
14200
14500
16800
15600
14400
71200
14400
17400
14600
14600
14700
14800
15100
15700
15100
55700
58700
14300
13900
16000
15500
14700
18800
14600
15500
14700
14800
14900
15900
15800
15800
249500
9800
8500
8400
8200
8200
8800
9700
22200
9900
8700
8300
9200
8800
10400
10500
14500
11800
11700
12200
12200
11600
11500
11900
57900
11700
15600
12000
14300
12200
12300
11900
13400
13000
14200
13000
12600
13300
13000
13100
12800
13300
13800
13300
13400
13400
13700
17300
15000
14100
14100
13900
14400
13900
14300
14300
16400
14900
14700
15600
15500
67600
16800
15200
59600
59000
14000
14400
14600
14800
14700
15700
16300
16000
14500
14600
15000
16100
19400
16200
261800
10000
9000
10800
7700
8400
8700
9900
17300
10300
9000
9500
8100
9200
10300
10600
18900
11300
11000
11100
11700
11400
11800
12000
11900
11500
48500
12000
11900
12200
12200
12200
12900
14600
17100
12700
12900
13100
13100
12600
13100
13500
14100
14400
13300
13700
13500
13700
14600
14300
14100
13700
14200
14300
18400
14600
14200
14600
14600
15800
17200
65700
15500
15100
16700
14100
14100
15400
15300
17500
61700
14600
14700
14300
14200
14500
168900
14900
14800
14800
269500
10300
9000
12900
8700
9200
9000
10500
19100
11200
9700
9500
9500
9700
10600
11200
14700
11400
12000
11900
12300
11700
11300
11800
15200
11500
11500
12300
12100
12100
12100
20400
13200
12800
50200
12900
13100
13300
12300
9500
6900
6900
8200
9900
7000
6900
7700
7000
7900
7300
7400
7000
7300
7400
7400
7200
7400
7500
7500
8000
8100
34900
8400
8000
9100
7600
8700
18600
8000
7500
29800
7500
7300
7300
7300
7400
10300
7500
7500
7600
166000
10000
4700
4700
4600
4800
4800
5400
4700
5500
4900
6300
5000
9100
7200
5900
9400
6300
5900
5800
6300
6000
6000
5800
6100
6000
5900
6100
6200
6200
8000
9100
7200
6500
7200
8400
7200
6900
8100
6500
6700
6500
6400
7100
6800
13100
7100
273400
11800
24400
7400
7300
7300
7100
7300
8600
7400
7500
7400
7500
7300
7400
8500
7700
8700
9600
8800
7300
8300
10000
9200
8400
8700
9000
8600
8700
9100
8600
9100
45300
155600
6300
4700
4800
4900
12000
4900
11000
4900
4800
5000
4800
4900
6000
5100
13900
12200
9100
6100
5800
5800
5900
6500
6200
5700
6200
6100
6600
5900
6000
6100
6200
7000
6400
6800
6500
6400
6400
9200
6600
6600
6400
6600
7000
6600
6900
6700
64600
8000
25400
7100
7000
7200
9900
7300
7000
7300
8700
7200
7400
7400
7400
7800
7400
8500
7800
9000
7300
7200
7100
8300
7200
10400
8400
7400
7400
8000
7500
8100
42800
142300
6000
4600
4700
5700
14600
4500
10700
5400
4900
4600
4900
4500
5800
6200
13100
9500
7500
6000
5800
5800
6000
7300
6200
8600
6200
6900
5700
6100
6100
6000
42000
7000
7500
7600
6600
7200
6500
6600
6500
6700
6500
9500
8200
7000
6600
6800
6900
7700
72200
7200
7600
7200
7100
7400
7300
7400
9800
7700
7500
10100
7400
8600
7600
8600
7800
7800
7200
7100
7300
9100
7400
7700
7700
7500
7500
7900
10100
8100
42400
146600
6100
5100
4600
5200
11000
4900
10500
5000
4700
4800
7400
4800
5900
5000
14200
9600
5900
6200
6800
5800
5800
5800
6100
5700
5900
6000
5900
5700
6000
6100
9300
6900
6300
7400
6600
8300
6800
6500
8000
6600
6500
6600
6700
6700
6700
6800
6800
7500
7100
7300
6900
10000
7500
7400
23600
7200
7200
7400
7900
8200
7600
8000
43600
8200
7700
10500
7300
7300
7200
7900
7200
7900
9300
7600
7900
8000
7900
8100
115000
144300
6000
4600
4600
4500
11100
4600
10700
4700
5000
4500
4800
4800
5900
5100
13200
9200
8900
6300
6000
8600
6000
6000
6200
5900
6300
6000
5900
6000
7700
6500
6500
14300
10100
8900
6500
7100
9700
6700
6600
6600
6500
7000
7200
6900
6800
6900
7000
7700
7400
7300
7500
7100
7400
7400
7300
7300
10400
7400
8000
7700
7600
9200
48800
8400
25600
8500
7700
8100
8700
7600
10300
7800
7500
63000
7500
7600
7600
7800
7600
147900
12600
5200
4800
6100
11400
6100
10900
4700
4800
4600
7600
4900
6600
5000
12600
9600
6300
6100
6000
5800
6000
6000
6100
6100
6200
6500
40500
7000
6400
32100
6100
7300
7100
7400
9400
7100
6600
6700
6700
6900
6700
7900
7200
6900
6700
6900
7000
7600
7300
13900
7200
7300
7400
7300
7100
10300
31100
7400
8100
8000
7800
7900
116400
8200
23800
7300
7300
9700
7100
7300
7200
7400
7100
7400
7300
9100
7500
7300
7500
141800
5500
5300
4400
4700
4500
8100
4700
5300
5400
5100
4900
5500
4900
5700
13000
9900
6000
6000
6400
6100
6000
5900
6200
5900
9300
6400
6200
5900
6200
6100
6100
7600
6700
7600
7100
6500
6500
6900
7100
6700
6600
6700
7100
6800
10000
6900
7700
8600
7600
7200
7400
8000
7400
7100
8000
30200
7400
7100
7900
7400
7600
10600
7700
9800
7400
7500
7300
7500
7300
7400
7500
8100
8100
7500
7800
8100
7600
38100
7500
146700
5100
5400
5500
4800
5600
5500
5000
5700
4800
5200
5700
15200
5500
5800
5200
8600
6200
6000
6000
5800
5800
6400
6000
5900
6100
6200
5800
6000
6200
6200
6300
8500
6300
8100
7900
7500
6400
7400
7700
7600
7500
8200
8200
8200
8100
6900
8000
12300
8000
7000
7900
10000
7500
7000
7800
29800
7300
7100
7900
7500
7400
7900
7400
9200
7000
7200
7100
10000
8500
7300
7300
8100
8000
7600
7500
8000
7600
110500
7300
285100
23600
33700
8500
7300
8000
8400
7900
7700
7800
6600
8900
21000
5700
5900
5300
16200
6200
6100
9400
5800
5900
6600
6100
5900
5800
6100
6000
5700
6000
6000
5800
6900
6600
8300
7500
6900
6500
6300
7000
10100
7500
6800
6600
6500
7000
6900
6900
8200
7600
7200
7200
7300
7400
7200
7800
30000
10000
7900
7900
7300
9400
8100
7400
9500
7500
7200
7300
7400
7500
7100
7400
8000
8300
7400
9900
8000
7600
42700
10700
171100
5500
5500
5200
4700
7100
5700
5000
8500
4700
4700
5400
13000
5500
5700
5100
10400
5800
5900
5800
5700
6000
6300
6100
6000
6500
6000
5900
9000
6000
6100
5700
7900
6500
7000
7100
7000
6300
6500
7000
6700
7000
6500
6800
6600
6700
6600
6800
10600
7200
7200
7700
7200
6900
32300
7800
7300
7100
7400
7600
7200
7900
8000
8000
12500
7300
7000
10400
10400
10600
7300
7300
7900
8100
7500
7500
8000
7600
86600
10600
148000
5100
5400
5300
4700
7500
7100
7300
7900
9200
5000
5400
12900
5700
9400
5000
9800
6000
5900
5800
30700
5900
6000
5900
5900
5800
5900
6000
5700
6100
6000
5800
9600
6500
7100
6800
7100
6600
6300
7100
6600
7000
6600
6700
6400
6900
6800
6800
8000
7300
7300
8200
9700
7000
7300
7800
7300
7200
7500
7500
7400
7900
8000
8200
8300
7300
7500
7200
7000
7900
10000
7900
29500
7200
7300
8000
7800
7600
7300
9000
146100
5100
5300
5300
7400
5200
5200
4800
5300
4800
4600
5300
11600
5500
5600
5000
9500
6200
5900
6000
5900
8500
6500
5800
6100
6000
5800
6000
6000
6100
6000
6800
6800
6600
7100
7100
7300
6700
6300
7000
6800
9600
6600
6700
6500
6800
6700
6800
7900
7100
7300
8400
7400
7100
33700
7800
7500
10000
7600
7600
7400
8000
8400
8100
8700
7300
7200
7000
7100
7500
7300
7900
29600
9900
9100
8000
7600
7600
7500
7900
145200
4900
5000
6500
4800
4900
4800
4600
5700
8300
4900
4800
5700
5000
10700
5300
10400
5700
5800
5800
6300
25800
6200
5700
5900
6000
9600
6000
6100
5900
5900
6300
7100
6800
7300
6500
6500
6400
6700
7100
8000
8400
6500
6600
6800
6500
6800
9600
8700
7500
7300
7200
7600
7300
7600
7100
7500
7400
35700
7100
7400
7900
8000
7500
11300
24300
7300
8000
7500
7500
8000
7500
7200
7400
7500
7600
7400
7300
7600
38500
154100
5000
4700
10000
5500
4600
4800
4700
4600
5200
4700
5700
4700
4800
4800
5000
7900
5900
8900
5800
6000
5800
5900
46000
5900
5900
6100
6200
6100
7400
6100
6000
7200
6800
6900
6500
9400
6400
6500
6900
6800
6600
6300
6700
6700
6500
6800
6700
8400
7000
7200
6900
7500
7200
7600
7000
10000
7700
35000
10700
10300
12700
12000
9200
8900
23700
7300
7100
7400
9100
11000
7700
7500
7300
7400
7500
7500
7200
7700
38300
146400
5200
4500
9800
5200
4500
5900
5500
4700
5800
4700
6300
4700
6100
4900
6100
10800
6000
8400
7000
6800
6000
6700
7300
7200
5800
6700
7100
8900
5900
6100
6000
6600
6200
7100
6500
6900
25900
6800
6700
6600
6500
6900
6800
6700
6700
6800
9600
8500
7200
7100
7900
8000
7300
7900
7400
7200
7500
97900
7300
7500
7900
9300
11500
8500
23400
7200
7000
7200
7300
8100
7500
7300
7100
7400
7500
7400
7200
7600
36900
143200
4800
4500
9400
5100
6000
4700
4700
4500
4800
5500
5400
4700
4800
4800
4900
9600
8900
6500
6000
6000
6000
5800
6000
6000
5900
5900
6200
6200
6100
5900
6200
6800
6500
7000
6600
7100
28500
7000
6700
6600
33000
7700
6600
6900
6900
6900
6800
7800
7800
7300
7200
7300
10100
7300
7800
7900
7300
7400
7500
7400
7300
8200
7500
8500
23900
7200
7300
7300
7300
10500
7600
7400
7400
7400
7600
7600
7500
7400
33800
144700
4700
4500
9400
5100
7300
4600
4700
4600
4700
4700
5400
4900
5600
5000
4700
9100
5900
6000
5800
6000
5900
5900
6000
6000
5900
5900
6300
8900
5900
6100
6100
6600
6700
7300
6600
6900
26500
6900
6600
6700
6600
7100
6800
6900
6700
6900
9700
7700
8100
7300
7400
7200
7100
7400
7700
7400
7300
7200
7300
7700
7600
7800
7600
9100
10200
7500
33300
7800
22800
7700
7200
7600
7300
101800
7400
7600
8100
10600
7800
141300
4500
4600
9700
5500
5600
4600
4600
4600
4600
4800
5200
4900
4700
4900
4700
9100
8900
6300
5700
6200
5900
5800
7900
6000
5900
5700
6300
6100
6000
5800
6100
6600
6400
6800
6600
6900
28600
6800
6600
6600
6700
6900
6600
6900
7000
6700
6800
7700
7700
7100
7200
7300
8800
7200
8200
7400
7300
7300
7200
7400
7300
8000
7300
8800
7000
7700
7200
7700
7300
7800
7300
7000
7200
36700
7500
10200
8100
7300
7600
145200
9300
4400
4600
4700
4400
7100
4700
4600
12300
4700
5500
4800
4600
4900
10300
10400
6900
5900
6100
5900
6000
6500
5900
6200
6000
5900
5900
10400
6300
5900
8000
7400
6600
7800
6600
6600
7100
6500
6600
6700
6700
6400
7100
6900
6900
7100
6500
8200
7400
7300
7000
7800
7100
7200
7700
7500
8100
7700
7600
8200
7600
8300
7800
11700
7600
7400
7200
8100
7900
7500
7500
7400
7700
9100
15500
11900
12300
8500
11700
175500
6800
4900
4900
4900
4500
4700
4600
4600
4900
5600
4800
4900
4600
4800
5900
9100
5900
5600
6000
5900
5600
8500
5700
6100
5600
6100
5800
5700
6000
7900
7100
9800
6300
8800
6400
6300
6800
6300
6500
6400
9200
6300
7100
6700
7800
7500
8100
7700
7000
7000
6800
7400
6900
7000
7500
7100
7400
7100
9700
7800
7000
7900
7500
8400
7000
7000
6800
7500
7500
7100
7200
7400
7700
7300
7200
10100
7300
8100
7200
142800
6000
4600
4700
4700
4500
4500
4800
4600
4900
4800
4500
4700
4700
4600
7600
9200
6900
5800
5700
5700
5500
5500
5700
5600
5600
6400
5900
5800
6300
6100
6200
7600
6300
7100
9600
6600
6400
6800
6500
6900
6600
6700
6400
6500
6600
6600
6500
7800
9000
7100
6700
7500
6800
9600
7500
7100
7600
7300
6900
7800
7100
7800
7100
8300
7500
7000
6900
7700
7500
9700
7100
7200
7200
7400
7100
7000
7200
9100
7500
145100
15700
6700
3400
2700
2800
2800
2500
6700
3800
2800
3600
4900
2700
3500
2700
6200
4400
5600
5500
3000
4100
4200
4100
3300
4300
4500
4200
3200
5800
6500
3700
4400
3700
3600
4100
3400
3500
4200
3700
3600
3400
3500
3700
3600
4900
3800
3700
4600
6700
4000
4000
3700
4500
4000
4000
4100
4100
4400
5100
4100
4300
4400
4400
5500
4300
4000
6600
4600
4600
4000
4300
4200
4100
4300
4000
4200
4400
4700
4300
28000
3500
3000
5500
2800
2900
2800
2600
2800
2600
2500
2900
2600
2800
3000
2600
7500
3600
3300
3300
3300
5900
8600
3200
6800
6000
7700
3300
5900
5900
8700
10500
8500
4700
3500
6400
4500
10100
7800
3900
3400
3700
3700
3700
3400
3600
4400
4200
4800
4100
4600
4100
4100
4600
4200
4100
3900
3900
6700
4500
4100
4100
4500
3900
5000
4300
4300
4000
4800
4200
3900
4900
4100
4800
4000
7200
5000
4100
4400
4400
29100
3400
2900
2800
2700
2800
2500
2800
3000
2700
3100
3000
2600
2800
5500
2800
7600
3600
3400
3300
3300
3300
3000
3100
3300
3000
3200
3400
3300
3300
3400
3400
4000
3600
3700
6900
3800
3500
4000
3600
3600
4000
3600
3700
3500
3400
3700
3700
4300
4100
3800
3700
4000
4600
3900
6700
4000
3800
3900
4400
4100
4100
4600
4000
4900
4400
4200
4100
4500
4000
3800
4900
4000
7700
4100
4100
4700
4200
4200
4200
27900
2700
3000
2900
3400
3400
2900
2600
3200
2800
2600
5400
2900
2800
3600
3000
14800
7700
3300
3400
3500
3200
3200
3500
3400
3200
3400
3500
3300
3100
3300
7200
4600
4200
4100
3600
3700
3500
3600
3800
4800
3800
3600
3700
3800
3600
3600
3800
5700
6800
4700
4100
4100
4200
4500
4300
4600
4000
3900
4200
5500
4300
4200
4500
5600
4200
4300
6900
5100
4500
4800
4300
4500
4300
3800
4100
4800
4100
4200
4300
29900
3100
3800
2700
5700
3600
3600
2900
2800
3500
3300
2900
3100
2800
2900
3000
6500
3400
3400
3300
3000
3500
3400
3300
3100
6200
3600
3400
3500
3100
3300
3400
4200
4000
4000
3800
3600
3400
3700
3600
4100
3800
3400
3600
6400
3700
3400
3800
4800
4000
4100
3700
3900
3900
4300
3800
4400
3900
3700
4000
4000
4100
4000
7400
5500
4000
4100
4100
6400
4400
4600
4300
4200
4200
3900
4100
4700
4100
4400
6800
28000
2900
3600
2600
2800
3400
3800
2800
2700
4100
2700
2800
3000
2800
4600
4900
8700
31800
8600
4500
4300
5000
3800
3200
3400
4000
4000
3700
4700
4900
6300
5000
7200
8700
7600
23700
9100
6200
5500
17200
5400
5200
5100
5500
5500
5600
6000
30700
10600
5800
18800
4800
4400
4200
4900
4200
8300
4100
4300
4600
4400
4600
5600
4600
5700
4400
4200
4200
5000
4400
4500
4400
4100
4000
7000
4300
4800
4500
6600
4100
30300
2600
3800
2600
3300
3400
3400
2800
2700
3600
2800
5700
2700
2900
2800
2700
7200
3500
3400
3100
3200
3400
5600
3200
3100
3800
4700
3500
3100
3400
3200
3100
7200
3600
3700
3700
4100
3800
3500
4000
3600
3900
3600
3600
3500
3600
3900
4300
4600
4600
7100
4300
3800
3900
4100
3900
4700
3900
3800
4000
4000
4000
4000
3900
5300
4100
4300
4200
7500
4300
4700
5100
4200
4000
4800
4200
4700
4300
4300
4000
28400
2600
3400
2800
2900
6000
3600
3000
2500
3700
3000
2900
2600
2900
2900
2800
6800
3400
3400
3200
3100
3400
3400
3100
3400
3600
6800
4800
5800
6700
4800
3300
6100
3700
4500
4500
5000
3500
4300
4800
4700
4700
4600
3400
4400
4700
7500
4200
4400
5500
4700
4100
4000
4000
4200
3800
4400
4000
4500
4200
4000
3900
3900
4400
8900
4100
4900
4300
4100
4100
4600
4100
6500
4700
4400
4600
4400
4100
4300
5000
30600
2800
3500
3000
2900
3500
3300
3000
2600
3400
2900
2900
2600
3000
3100
2800
5800
3700
3800
3100
6200
3500
3200
3000
3200
3600
3600
3200
3400
3300
3400
3300
4500
3500
3700
3800
4000
3700
3600
4000
6500
4000
3800
3500
3600
3800
4000
4300
4500
4300
4600
3900
3900
4100
4200
4100
4900
8400
5300
4200
4100
4100
3800
4200
5400
4400
4800
4500
4400
4100
5000
4000
4900
4200
4100
7900
6700
6300
6300
7300
42800
3100
2900
2900
4100
3100
3500
3200
2700
3000
2800
2600
3500
5900
3000
2800
