68200
2104300
11100
10700
9300
20700
9300
12200
231000
12200
52900
10300
11000
11400
13400
20000
224700
195800
12000
147800
145800
143900
19100
11900
14200
11900
193000
11700
11600
16800
12300
12800
184000
133500
177100
41900
45100
16600
15600
15600
274100
16500
18600
16100
51900
16100
16500
16500
141000
18700
19900
229300
18600
213400
208200
19500
19500
25300
19900
20400
21900
19900
20100
22000
24900
233200
22500
29200
24800
261400
28200
52900
37100
28700
33100
27100
32500
29100
29100
30300
20300
42300
10500
15400
7600
7500
20500
14400
7900
17800
7400
7400
20200
8400
35300
7700
63300
65400
10600
62300
67700
67700
12600
11400
11600
11200
99400
11500
11500
11900
12200
12000
95300
80800
116200
23700
34700
15400
15500
15300
168700
15500
19200
19700
32500
15900
16300
17600
109000
18400
19600
161900
18400
140500
184400
21000
19000
22200
20200
23800
22000
20200
20100
45500
26300
193200
26800
24700
24400
231200
23400
25400
25900
27800
24700
23400
24500
24300
24600
25400
8000
5600
5800
33500
6800
7300
46300
7100
7600
6900
12000
7200
7500
8000
96900
7700
11800
39100
10300
14800
10200
11600
10700
11000
83600
11300
65600
11300
11700
11500
12100
12100
62500
51300
69000
20100
25700
17300
15700
16300
104300
16200
21800
16200
24900
16200
16600
16800
65100
19300
19600
96900
20400
82500
96700
19700
19200
22000
19900
20300
21900
10100
9200
10300
13800
101000
10700
11600
12200
111900
10600
13000
16200
11200
10800
10300
11400
10900
10300
12000
4300
9600
8800
11200
3800
5000
15200
11400
5400
18200
3700
3200
14400
4000
28500
4000
6500
36300
11200
5500
5100
6400
16900
5000
58600
7900
30900
5200
5300
5100
17100
5200
45200
59100
17400
43300
48900
47300
8200
8200
7700
7600
59500
7200
7200
42900
7000
7400
47400
9200
9800
77800
8700
61800
76700
9300
8600
10500
8600
9100
10400
9100
8800
10100
13200
79400
10700
15000
12200
94500
10300
17000
12000
11000
10800
10600
10600
10900
10500
11900
4200
8000
6100
11000
4200
4500
15300
7500
3600
15200
4700
3200
23500
4200
26000
3300
6300
25100
8300
5600
6000
9900
9500
4900
45700
5000
26200
4900
5400
5100
13100
5200
38700
32100
13400
30800
35500
31700
8000
8000
7700
7400
47300
7000
7100
17900
6900
7300
44900
40200
71100
15600
24600
10200
9600
10400
104800
13100
14800
12700
20200
9100
9800
13400
17900
115800
12100
11500
12300
89900
14800
13700
12300
11200
11900
11400
10900
10700
10600
14000
5200
7300
4600
6200
3700
4100
7900
6800
3900
11700
3600
3200
9500
3900
12100
3900
6800
24700
7300
5600
4900
5700
8800
5200
40700
5000
16400
5200
5200
5300
11700
5200
32200
36700
6900
35500
37100
40600
8100
8100
7500
7200
42800
7000
7200
7300
6900
7300
59400
35600
49900
11900
22400
9900
10000
9100
75200
9200
10200
9100
19400
9000
9000
9300
80000
37500
23200
165100
20000
116900
132200
18700
19200
23900
18500
19200
23400
19800
19500
22500
19800
13700
13200
13500
13500
19600
14100
13900
13700
14600
14300
348300
28300
293100
18900
16500
20200
19800
26300
19400
18500
18900
130800
17200
16300
17100
18600
21400
20600
20700
21000
19500
24100
81400
48800
72600
23200
22000
22300
122500
23200
24300
106800
96400
24300
22900
20900
21800
180500
23900
25200
78000
94000
24900
21300
23900
22300
22900
23000
22000
230700
26400
23400
29800
334500
18700
33700
21400
38200
21600
17900
34100
20100
18100
23500
21700
18300
18000
43100
38900
22000
15800
15500
15600
15300
16100
15300
15700
15500
15500
14600
16200
19600
17000
15900
285400
21000
20400
19700
19400
19200
19500
105500
20500
18900
19400
20300
20100
20800
20800
20800
19500
23800
72600
48000
76900
22700
23300
22000
119700
18900
22000
101900
79700
19300
18900
18400
19500
172400
18100
19000
73500
90900
18100
17300
24500
19200
18600
17700
17500
227000
19400
17900
19300
325900
10100
30500
12600
32200
12800
15500
28800
11300
10400
10200
25500
10300
10300
45700
42200
17700
12000
12600
11600
11700
11600
11500
13500
12600
12300
81400
12100
12400
13200
12500
12400
19500
12900
13400
13800
13900
13900
14600
13800
14800
14100
14400
100500
14500
111200
14200
14400
15900
53200
39200
53600
15500
15500
14600
81600
20100
16100
82400
66900
16000
15700
15400
16200
123200
23800
17400
55900
66000
16100
15200
16200
16200
15900
15100
15600
164300
23100
18000
16300
209800
10100
25200
12000
29700
12200
14500
26200
11100
11600
10100
13300
10100
10100
34100
30200
15900
11700
12200
11600
11800
50800
11800
12500
12500
18300
12500
12200
12200
12800
12500
13300
14600
14600
63900
13000
13100
12600
19300
105200
13700
14300
14200
98100
13700
107200
13700
18900
37600
15600
14800
14600
15000
14800
72200
15400
14600
14900
15000
86800
17200
16400
15600
15200
120600
15500
15900
54800
69500
16100
16300
16200
16700
15400
15000
14900
162100
16600
15300
20800
203400
9300
24700
11600
29500
12100
9500
25900
11100
9900
9900
16600
9800
9700
34900
30300
15400
12000
13800
11900
11700
11700
47100
11800
12400
61200
83000
12100
12100
13300
12200
63300
14300
13100
14700
13200
13100
13200
13900
17900
13700
14400
13900
140600
13400
102200
12000
13800
19700
16200
14900
14600
14800
14800
139300
16100
15100
15100
15400
15000
15900
18200
17300
17400
22000
58500
40500
56100
14800
15800
16200
89600
16100
16800
62300
68500
27500
18300
12800
13300
103400
8200
32800
9000
24800
11200
8000
22800
6400
5300
5200
7700
5100
5100
19200
21500
10100
5900
6700
5800
5800
6000
25700
6200
6300
5900
5800
5900
9300
6500
6100
6000
12000
6500
6600
6800
6700
6600
7000
6700
6600
7100
6800
46100
6600
52500
6700
6700
7900
7700
7200
7100
7100
39600
32900
7800
7300
112300
18200
17300
18100
17500
17100
19700
18800
59100
40800
61700
16400
15300
16100
89800
16200
17300
80700
150400
17100
16000
16700
23500
329700
10000
12000
29800
22100
11700
9800
11700
17300
10400
28700
10800
53800
12200
10500
27800
17200
12900
12900
12900
12900
13300
14000
20600
13200
13300
13900
14000
13700
13700
13600
13500
16000
14300
14500
14200
14600
15100
14200
14300
60500
19900
14800
15600
14800
15200
15000
14800
17300
16200
60200
15700
16700
15800
79500
16200
21300
16700
17100
16200
92100
16100
16300
18200
18300
15800
16800
15900
15800
17400
95400
16000
17500
16200
15900
16000
15900
16300
16200
17800
276500
11300
10200
10200
10600
15200
10200
33300
26100
10400
9900
10500
29200
10400
15200
10700
16900
12800
12800
12800
12800
12600
12800
12300
13200
18300
13100
13000
12400
14200
12800
13000
16100
14000
22600
14100
14500
15200
14200
14300
60400
14200
16400
20600
14800
15800
15400
15100
17000
16600
212700
17100
16200
16000
80700
16100
16100
16100
22700
16300
92500
16600
16800
16800
18900
15400
16800
15800
16700
16600
90900
15600
22400
15700
15700
16800
16700
16100
16300
17200
386000
11500
9800
9700
9700
11300
10200
37900
25700
10400
10100
10100
28300
10400
12100
10100
16800
12400
55600
12400
12600
12500
12400
12400
18200
12800
13900
12800
12700
13000
12800
12900
13900
13900
14200
13800
13900
13800
13900
15300
14600
14200
15300
15200
19300
14500
14700
16100
17400
15800
60400
15900
15500
14800
77900
15800
16500
16300
16800
21400
92100
16100
16000
16000
17400
14900
16400
15000
41100
15600
196600
16400
23600
15900
16400
17000
16500
16100
18200
17500
168500
7000
6400
5000
5000
5000
4900
22000
13400
5000
8000
5200
15400
5200
6400
5300
10900
6200
6100
6100
6200
6000
6300
6200
30600
44800
6200
6800
7800
6700
6200
18800
8400
7000
9200
6800
6800
6800
6700
7600
6900
70000
9800
12800
7900
7300
9900
16300
9000
7700
7800
7500
7600
10400
8000
7600
29700
12500
7700
8300
7500
10000
8400
7700
8900
7700
8200
7700
7600
7600
43600
7800
13700
8700
10300
7700
7900
10100
10300
10600
146400
6500
4800
5000
7800
5500
5200
23400
37400
6900
5500
4900
27000
5000
7000
7900
10900
6200
6400
6400
6200
6600
6300
6100
6100
8000
6700
11100
6200
9400
7200
6500
7100
6600
7000
6700
7200
6700
6900
7700
6900
8900
7700
7400
7000
7100
7200
8600
9700
8700
9100
8500
8600
9600
8800
7500
35000
7600
8600
10400
9300
9400
9200
14300
9400
7900
64900
8300
7600
7600
35800
8200
9100
7900
9700
9100
45300
8100
42900
8200
173200
12500
8400
8200
6700
6600
5200
15300
17800
6500
5600
4900
14800
4900
7800
5300
15100
6200
6400
6200
5900
6000
6400
6200
6100
7100
7100
6200
6400
12200
6400
6300
7100
6700
6900
6800
6600
7100
8300
9800
7100
6700
7400
7700
7400
7100
6900
47300
8800
7500
7900
7300
7500
8100
7600
7600
27900
7600
7600
8200
7500
8400
12900
10400
10600
7700
30800
7800
7500
7600
36800
7800
7600
162700
9100
7900
39200
8200
8300
34100
83700
5300
7700
7100
5100
5100
17700
7200
5800
4800
5000
5400
5300
5300
5200
8100
11700
6100
7600
6400
6500
6400
6200
6100
6500
6100
6300
6400
8400
6200
6600
128700
9500
7300
6600
7400
7100
7000
6700
8300
7400
7400
11800
7000
6800
7000
9700
7300
22200
7700
7600
8100
7500
7900
8200
7800
7700
7500
7800
12700
7900
8800
36900
9000
9200
19800
21300
7600
8900
7900
7700
8400
13100
7900
8500
9400
8000
8600
11600
7900
87100
5400
4900
6300
4900
5200
12400
19100
5300
5100
4900
5300
5200
6300
5100
5300
10600
6500
6200
6200
6000
6700
6800
6300
6300
6300
6100
6700
11500
8100
49800
7700
8900
7300
6700
6600
6600
6800
6800
7000
7300
7300
7600
6900
11400
7600
7500
7000
58100
7700
9700
12000
11100
7800
8900
12000
7800
11800
13100
10600
11200
14300
46100
14000
18300
35700
36000
12900
11300
24400
12600
8700
9600
16800
8600
8200
7900
8600
9700
8100
86500
5100
5000
6200
5100
4900
12400
12200
9500
5100
5100
5300
5100
6000
6300
5300
10400
6300
8400
6200
5900
5900
6400
6200
6100
6300
6200
6700
6500
6300
10800
6800
7500
7200
6800
7100
7300
7100
7400
7300
6700
7100
6900
6900
7000
7100
7600
51100
23800
7700
7500
8000
7600
8000
7800
7600
8500
7600
7600
7900
7700
7700
101200
8000
9000
23600
21300
8100
8700
7600
7700
7500
8600
7800
12900
7800
8300
8700
9300
7700
89300
5400
5100
5800
4800
5100
11900
12200
5600
6100
9500
5200
5200
6300
5400
6400
10100
6200
32300
6200
6100
6300
6200
6200
6700
6100
6800
6700
6400
6200
10800
6800
7600
7200
6800
7100
7300
6700
7300
6900
6800
7000
6900
7000
7200
7000
7500
53400
8800
8000
7500
20600
7700
7300
7500
8100
8100
9800
8300
7800
7800
7900
12800
7800
9100
19400
41900
7600
11100
7800
7600
7700
8300
8300
8400
8100
12000
8600
9000
7800
89400
5400
37600
8300
7100
7100
17300
18700
8800
27800
8000
35900
14200
19200
8600
8400
18600
10200
10700
9400
8800
8900
8900
6700
10300
6400
6800
7400
10400
9600
8600
9700
10800
17300
11200
10700
10400
8900
11900
8800
7800
11200
10400
34500
7900
7300
11100
61800
38700
9100
8000
7800
8200
8000
7900
8000
8800
8800
11800
7800
8300
8100
11900
10700
33800
9300
9300
9900
9100
9600
8400
9000
10200
9400
9300
9300
8100
9300
59700
8700
94700
5600
5400
6200
5500
5200
12300
13100
5200
7200
5400
5300
5300
6300
10000
5400
10300
6500
6300
6300
5900
6300
6600
6300
6500
6800
6500
6800
6800
124900
11500
7100
7900
7300
7000
7300
7800
7500
7800
7100
7300
7400
7500
7300
7600
7300
7800
53200
8600
8400
7800
7800
8000
7700
8300
8100
12000
8500
8500
8700
8100
8400
8700
12400
22200
7800
8100
9000
7800
8200
8100
8000
32500
8500
8100
8200
8200
8000
59500
8300
86100
8800
8800
4900
6700
5200
7900
5200
6000
5400
6100
5200
5500
10800
6800
5400
12000
6900
7200
8400
6800
6100
6700
6600
6600
6800
6400
6700
6600
6300
6700
6500
12900
7600
37300
7200
7200
7300
7000
7300
7200
6900
7300
7500
7400
7300
7300
7900
10100
12600
7700
7800
8000
8000
7600
8000
8600
8700
8100
8100
8200
8700
7900
8100
9400
8100
9400
7800
12200
8100
8100
7700
8100
9100
8200
8200
8200
8800
8400
8400
83500
5100
5200
6500
5200
16200
5700
10900
13500
5100
5100
5000
12700
13200
5400
13500
10600
6600
6700
6300
6500
6400
10900
7900
7000
6500
6700
6600
6700
6600
6600
6900
8300
8100
26900
7700
7000
7100
7100
7200
7000
11300
7300
7200
7300
7400
7400
7900
8400
8300
7800
7700
7800
7700
7900
8100
8900
10500
8100
7900
14200
9000
8300
8900
9700
7800
7900
7800
8100
7800
9400
8000
8100
8600
8300
8000
7900
8900
12500
9600
83200
5100
5100
6200
5000
11300
6700
11600
12800
5300
4900
5200
12100
18000
5300
13400
10000
6600
6700
6500
17300
6400
6500
6500
6900
6300
6500
8200
6700
6400
6700
6800
7500
13100
7500
6900
7200
7200
7600
7200
26800
7600
7300
7200
7500
10900
7400
7400
8500
8200
12500
21000
8100
8600
7800
7800
8700
8400
8100
8300
8200
8600
8000
7900
9300
7900
7900
7800
7600
12300
8700
7900
7800
8800
8100
8200
8200
8300
8000
8300
86300
5300
14600
6400
4900
15500
4900
10600
12800
5100
5100
5200
11900
12400
5400
12900
9900
6700
6800
6500
6300
6500
6700
10800
6900
6700
6800
6700
6600
6400
8000
6900
7400
7000
7200
7100
7000
7200
7600
7900
7400
9300
7400
11800
7200
7700
7300
7400
9000
7900
28200
7600
7800
7800
7900
7600
7700
7900
7900
7900
8000
12500
8900
8800
9100
8000
7800
8500
7900
7900
7900
8100
8100
8400
8100
8000
7900
9500
8100
12300
85500
5000
5000
6100
5000
10900
5000
10100
12100
5100
5100
5000
11500
12100
9400
13500
8900
6400
6400
6500
6400
6800
6300
6400
6700
6800
6500
6600
6600
6400
6500
8400
7500
7300
11500
7100
7100
8600
7500
7000
7200
7800
7200
7300
7100
7300
7300
7200
8700
7900
84100
8200
12400
7800
9100
8600
8000
7800
8000
8100
8100
8100
8100
8600
8900
8500
8000
8100
8100
9500
8000
12300
8800
8800
8200
8300
9500
9000
8200
8200
84000
5900
4900
6100
5000
11200
4800
15500
23000
5200
5100
5100
11700
12200
6400
12700
8900
6400
6600
6600
6100
6300
37200
6400
6800
15200
41700
6800
6700
6600
6200
6600
7100
6900
7200
26800
7100
6900
7500
9200
8600
8700
16800
7400
8500
8500
7800
8800
10900
7700
46200
8800
7900
9200
9500
7700
10500
13700
8100
8300
8200
8100
8100
8900
9000
8600
7800
9800
9400
9500
9000
22100
8700
8900
8000
12300
9300
8800
8000
42000
84000
5400
5000
4800
5100
4900
5300
5100
5300
5900
16900
5300
11100
5100
5400
6300
16800
9000
9500
9500
9400
9400
11200
10000
8800
10000
9300
10500
10400
10500
15500
11000
10000
7500
10200
10500
7600
7600
7100
7300
7200
7600
7100
7700
7400
8600
7700
7100
14100
8000
7900
7700
7900
7900
8100
7700
8000
8000
9000
8700
8300
7800
8200
8000
12300
8000
13000
8000
7700
8000
7900
8900
8700
8200
7900
69500
8200
8300
8100
8100
90700
9700
6800
10600
5800
9900
5100
5000
4800
5100
4900
5000
14500
5100
5400
5600
9200
6600
10900
6400
6400
6200
6600
6400
6400
6400
6800
7000
6400
6600
6600
6700
7600
7300
7300
8600
7300
6900
11500
7200
6900
7500
7200
7700
7300
7300
7500
7800
8800
7800
7500
7600
9300
7900
7300
7400
9100
11800
8300
7700
7400
7600
9200
7800
10000
7500
7500
7300
7400
7500
7800
8300
8300
7600
11700
137000
8700
7900
7900
7600
84300
9500
4800
10100
5700
9500
9400
4800
5000
5000
4800
5000
14000
5000
5200
4900
9400
6900
6400
6200
6000
6200
6200
6300
5900
6100
6800
10500
6400
6100
6400
6400
8500
6800
7200
7000
6800
6800
7300
6700
6900
7200
6900
7300
7400
7000
6800
11300
9000
7500
7200
7500
7400
7700
7300
7600
7600
7500
8200
7700
7400
7600
8100
7700
14100
7500
7700
7200
7700
7500
7700
8100
8600
7600
7600
61500
9400
9500
12100
7700
83400
9100
4800
11900
6200
9200
4900
4600
5000
5000
4700
5000
13000
5000
5200
4900
14400
6700
6200
6000
6700
6100
6000
5900
6200
6200
6400
6100
6200
6300
6300
6400
7100
6800
6700
6600
6800
10900
7300
6800
6800
7400
6900
7300
7400
7000
7000
7100
7900
7900
18900
7600
7900
7500
7400
7500
12100
8200
7700
8300
8200
7800
8200
7600
9700
7300
7200
7400
7500
7500
7300
8200
12200
7700
7400
145600
8200
7900
7500
7800
83300
9500
4800
9900
10500
9300
4700
4900
5600
4900
4900
4900
14000
5100
4900
5100
9600
6600
6200
5900
6100
6100
6000
6200
6200
10800
6300
6400
6300
6300
6100
6500
6900
6700
6800
6700
6700
6800
7800
6600
6900
7300
7000
7600
7400
6900
11100
7000
7900
7900
8100
7300
7900
33000
33700
7500
7300
8000
7600
12200
7900
7800
8300
7800
8400
7600
8000
7700
10400
7900
7700
7600
7600
9000
9600
8700
7700
7600
10100
9000
85300
10100
5400
11900
6300
10200
4800
5800
4900
9200
5000
4800
14400
5600
5000
5200
40600
6400
6200
5900
6100
6100
5900
6000
6700
6300
6300
6100
10800
6400
6100
6400
7100
7400
6700
6900
6800
23800
7300
6800
6800
7200
7000
7200
7300
7100
6800
46900
8100
10100
8100
7500
7900
7300
7900
7700
28100
8000
7800
8200
12100
8300
10100
7600
8600
7600
7400
7500
7400
7400
7400
7500
7700
7400
8500
7400
7700
7600
13200
7700
84300
4900
5000
5000
5000
5000
4700
5700
20500
5300
5100
17000
5000
5000
5200
6500
9800
6400
6100
5900
6100
6100
5900
5900
6700
6500
6200
6400
6100
6200
6300
8700
8100
6700
6900
11000
6900
6600
6800
7400
7300
7000
15300
7000
6900
7500
7000
6900
8500
7600
7600
7300
7600
8100
12100
38300
8100
7700
9400
7700
7500
7600
7700
124600
8800
7500
7300
13000
7500
7600
7600
8000
7300
7700
8300
7600
7700
7800
34400
7700
82800
4900
6200
4700
4800
11800
9400
5000
5000
4700
5000
4900
5200
4900
4900
5200
9000
6400
6100
6800
6100
6000
6400
6300
6300
6400
10700
6600
6300
17400
6400
6800
7300
6700
6700
6800
6700
6900
6800
7500
7200
6800
6800
7000
7700
11600
7000
7100
8200
7400
7100
7300
7400
9100
7400
37100
7900
7600
19400
7600
7700
7700
11900
47900
8800
7300
7400
8100
7400
7500
7500
7200
7700
7500
8200
7500
9000
7500
38800
7800
85800
5100
4800
4700
4800
11100
9500
4800
4700
5000
4900
4900
5000
4700
5700
9600
8900
6200
6100
6300
5900
6100
6700
6300
6000
6100
6200
6200
6100
6400
6300
6700
7300
7100
6600
7200
12800
7200
6600
7000
11300
39800
14200
12400
11300
11400
100900
44500
36400
34000
22000
11200
12200
11800
12400
72100
9700
8400
8200
8300
8200
11000
11100
69900
12400
9800
11200
14000
18700
9800
9800
10800
11800
12800
12600
13800
8200
8100
36600
8200
91300
5200
4900
5000
5000
16400
13000
5000
6300
8500
5300
8000
8600
9000
8300
5200
10300
6300
6100
6800
6400
6400
7200
6600
6200
7200
7500
11400
6600
6300
6500
6700
7500
25000
7200
7300
7100
8900
7100
6900
10400
7700
7200
7700
41400
7200
7400
7400
8500
7700
7700
8000
7700
8200
8200
9000
8500
8100
8100
7900
7900
18500
53300
8200
9300
7700
7900
10200
7700
7800
7700
7800
7500
7800
8800
13400
8200
9600
86800
8500
86400
5300
5100
5000
4900
12000
9500
6400
5200
5000
5100
5600
5000
5200
5100
6000
14400
6200
6200
7200
6300
6200
6600
6500
6200
6200
6200
6300
6200
8300
6700
7200
7500
7200
6800
7000
7400
11100
6900
7100
8000
7600
7300
7700
7300
7200
7300
7400
8500
7800
9100
7800
7700
7700
7700
8600
12600
8000
7900
7700
7900
8600
8000
8000
8900
7600
34900
7900
7900
7800
7900
43500
8600
8100
8100
8000
8300
8300
8100
48200
83800
5100
5600
4800
5100
15600
9800
5100
4900
5300
5800
5200
5300
5000
5200
5100
10500
7300
6200
6500
6100
6200
6400
6200
6300
6300
8200
6200
10800
6700
6500
7400
7400
7300
7000
7000
6800
24200
7300
7100
7900
7700
7100
7700
7300
119800
7300
7400
8400
24500
7400
7600
7700
8900
7600
8400
8500
7700
8000
9300
8000
8700
7900
12200
8800
8600
7700
7800
7700
7800
7700
38100
8500
7700
8700
8000
8100
7700
7900
54400
84000
4800
4900
5800
5000
4800
5100
4700
6900
5300
5800
6100
5300
5200
11300
5000
21500
9800
6500
5800
6100
8500
6100
6200
20100
6600
6300
114500
6600
6400
6500
6500
7700
11900
7800
7100
7100
7000
7100
6800
7000
7000
9500
6800
7200
7100
7100
7700
8700
8700
7700
7800
7600
12100
22300
9400
10500
12800
11500
10600
10900
11900
12600
11900
13400
8900
8200
9200
7700
7900
7800
10100
10100
9100
9500
9000
9400
11100
8200
9400
88600
8000
5900
5100
6100
5500
8400
16700
10200
5300
5200
5300
5200
6100
5400
13400
14100
8900
6100
6300
7500
30900
6800
6200
6400
6100
6400
10900
6300
6800
6700
6600
8100
6900
7600
6800
7100
7000
7100
6900
7200
7000
11000
10900
13800
11600
7900
9500
13300
8200
7700
7600
7500
7600
7700
7500
7700
8200
8400
8600
8100
8000
8600
8100
9600
12200
7700
7800
7500
7800
8100
7800
10000
8200
7800
7700
8000
9300
9500
8200
86100
9700
4900
6100
5300
4800
6200
5000
5200
4800
6400
5300
7700
5300
5400
12700
9800
6500
6100
6100
6400
16400
6600
11000
6300
6200
6300
6300
17700
7000
6500
6500
7500
6900
8600
6700
6900
6900
6700
6900
7400
7200
7400
38200
7200
7200
7200
7000
10500
8200
7700
9500
7700
7500
7500
7400
7400
16800
8500
7600
12400
7900
8400
7700
10200
7800
7700
7800
7600
7800
7800
7700
8500
8000
7800
8000
8100
9100
12600
8000
83900
5600
4600
4900
5200
4700
6400
5000
5000
4800
5300
5100
5000
5700
5000
12300
14100
14200
6700
6200
6200
6000
6500
6400
6300
6000
6300
6300
6000
6700
6500
6500
8100
7000
7300
6700
7000
11200
7200
6600
7200
7100
7500
52200
7000
16900
7400
6900
8500
9200
8600
7600
7200
7500
12000
7700
7400
9600
12000
10700
8900
7900
8000
10200
9100
7800
7700
8100
7500
7600
7800
7400
13500
7800
19800
8000
8200
9300
8100
8000
107300
12100
6500
7700
6700
5100
6200
5100
5200
5800
11600
5000
6400
5400
5100
13400
10100
6200
6200
6200
5900
7800
9700
8800
6200
7600
6600
5900
6500
6700
6400
7600
23700
6800
7900
7100
6900
6600
6800
6900
7500
7100
7600
85800
7700
7200
6800
7200
7900
11900
8400
7400
7500
7500
7400
7600
7700
7700
8900
7600
8600
8200
7600
8700
8700
8300
7600
12400
7900
8500
7400
7700
8500
8300
8300
7700
7800
7700
8500
7900
88000
5700
4500
9400
4700
4700
5800
5100
5000
4600
5000
4900
5100
5100
5000
12500
9300
6500
6700
5800
33000
6000
13400
6700
6200
6200
5900
6200
6200
6500
6100
6300
7200
6800
7200
6800
6600
6800
6900
6600
8400
7100
7300
39200
6800
7000
7300
7100
7900
22100
8800
7500
7300
7700
8200
7500
7600
7600
10100
7800
7700
12400
7900
8600
8900
8200
8300
7800
7500
7700
9200
8000
7400
8900
8400
8100
7600
7800
13400
17300
96100
4900
4800
4900
4700
4900
4600
4900
5900
5300
5200
4900
6100
6800
5200
5300
12400
6900
6400
6200
5900
6500
6400
6200
6400
5900
6300
6100
6000
6300
6400
6100
8100
7100
11300
6800
7000
19300
6900
7000
7000
7000
7600
6800
7200
7100
6900
7100
9400
8200
7800
8300
9700
12000
8200
7400
7600
7900
7700
8300
7400
7800
7900
8300
9500
8800
7800
7500
7800
7800
7800
13200
7800
8700
7600
8900
8300
8100
8000
8600
86200
4800
4900
5100
5800
5100
4700
5000
9900
5000
6100
5100
6100
5400
4800
6200
9500
6200
6200
6100
5700
6200
6100
15400
6500
6200
6600
6600
6000
10700
6500
6500
8000
6900
7000
6800
7700
6800
7700
6600
7000
6900
7400
6900
6700
7000
7000
6800
13100
8100
7200
7700
7400
16000
8300
7500
9100
7600
7800
8200
7700
7400
7700
8400
9100
12500
7800
7700
7400
7300
7900
7900
7700
8800
7600
7500
7700
8300
11500
8600
82500
6400
4600
6000
6700
6500
14200
5900
6700
6000
6100
4800
6800
6100
6200
6900
11400
7400
5800
7100
7100
5900
10600
6300
6500
5900
6400
6400
6100
6200
6100
6300
7400
6800
6700
6500
6700
7100
7100
6900
7100
23500
7000
6900
7100
6900
7100
7000
8900
7900
7500
7900
7500
7200
7800
7500
7600
7700
7500
7900
13600
7800
7800
8100
8900
8200
8000
7700
7900
16600
7700
7600
7700
8300
7600
7900
7700
7600
12000
10400
84300
4900
4800
4900
5800
4700
4800
4600
5800
4600
4800
5000
5800
5100
4700
10100
9500
6400
7700
5900
5900
6300
6000
5800
6400
6200
6500
6500
6900
6500
6500
6400
7600
6800
11500
6700
6800
7400
7300
7000
7400
7000
6900
7000
7100
7400
6900
7200
9000
7600
7600
7200
7600
12100
7600
7400
7600
8200
8600
7700
7700
7600
7800
8400
9000
9000
7600
7200
7500
7900
7700
12000
7500
8400
7300
7700
18700
7900
7800
8300
84500
4700
4800
5100
5600
4700
4800
5100
9900
4900
4800
5000
6300
5200
4800
5900
8600
6100
6300
6100
5800
11300
6200
5900
7600
6200
6600
6400
6100
6400
6500
6500
7400
6800
6700
6900
7000
7400
7300
7100
7100
6900
7100
6800
6700
7600
7400
7100
8400
7600
8100
7400
7400
7500
7800
7800
7300
7700
8200
7700
11800
7500
7800
7800
9300
8100
7700
8000
7700
7600
10400
7900
7800
16400
7900
8500
7800
12400
8100
8500
84300
5200
4500
5000
5600
5000
4700
4800
5500
4900
4900
4900
5800
5100
9400
5900
8600
6500
5900
6200
6200
6000
6100
6400
6600
6000
6600
6400
6300
6600
7800
6500
8100
6800
11800
7000
6700
7500
7400
7100
7400
8100
7100
6800
7100
7200
7300
6900
8800
7800
7800
7500
7800
12200
7800
7700
7600
7800
10300
8000
22000
7900
8000
8500
9300
8200
7600
8000
7700
9100
12700
7800
7700
7700
7700
8500
9800
10500
8000
8200
87400
5100
4700
4800
5100
4700
5100
9500
5000
6100
4700
4900
5900
4900
5000
5900
13000
7000
20500
6100
9200
6300
7200
8700
6400
6400
6000
6500
6700
6500
6500
6300
8500
6700
6700
7000
7000
9500
6900
6900
7000
7000
7400
7600
58300
7100
7200
7400
8600
19100
8300
7800
8000
8300
7700
7600
7700
7900
8400
8100
7600
8000
12400
7900
9400
7500
7800
8200
8100
7800
7800
7700
7800
8300
7900
9500
7900
8000
8800
12900
85500
4900
5000
4700
5800
4800
5200
4900
5200
5300
5900
4900
4900
5400
6000
5200
9800
6300
11000
6300
6300
6700
9300
6400
6200
5900
6200
6400
6300
6100
6500
6600
7300
6800
6600
6600
7000
7800
11400
6900
6800
6900
7500
7500
127000
7300
7200
7000
8400
7500
8000
7600
7400
8000
11800
7700
7700
7600
7600
7800
7900
8000
7600
7900
18500
8000
7600
9800
7700
7600
7600
7900
12000
8600
7900
8000
7700
8000
8600
8000
85200
4900
4400
4700
5500
4900
4700
5000
5100
4700
10700
5000
5100
5300
5900
5000
10000
6600
6200
6100
6300
6300
13200
6200
6400
6100
6200
6100
6400
44900
6200
6600
7200
7300
6900
6900
7000
6700
7300
7300
7200
7200
6800
7700
7300
6900
7200
11600
8700
7300
8000
7600
7600
8800
7700
7700
7600
7700
7900
7900
7600
8000
8100
7800
13500
7500
7600
9700
7700
7800
7700
7800
7600
8500
7800
7900
8000
7900
8900
8500
96500
6500
6000
4700
7800
5300
5800
4700
5900
5900
6900
6900
5000
6500
6900
6100
9600
7200
7600
7300
6200
6100
11200
6500
6100
6200
8000
6200
6100
6300
6500
6400
7100
7400
6700
7000
7000
6900
6900
7000
17500
7400
11600
7700
7700
6900
6900
7300
7900
7400
7500
7500
7300
8400
7400
7500
8000
7700
8500
8900
47800
7900
7600
8000
8800
8900
7700
8200
7600
14800
7700
7800
8400
8300
8200
12000
7600
7900
8500
7900
165400
5000
4600
4700
5500
4800
4700
4800
4900
4800
5700
4900
5000
4900
10500
4900
11300
6100
6300
5900
6100
6300
6200
6000
6200
6200
6400
6000
6300
6200
6200
6300
7100
7100
11900
6900
7000
6500
7200
7200
6900
7000
6700
7300
7400
7000
7200
7500
8200
7600
7500
7400
7300
12300
7700
7700
7900
7900
8300
8400
125800
8200
8600
8000
9700
7700
8600
12600
7500
8400
7700
7400
9400
10500
8000
7800
7600
8000
7900
8000
156800
4600
4700
4800
10000
4800
4700
5000
4600
4800
5600
5200
4700
5000
5800
5200
9300
5900
6200
6100
6300
6000
6100
6300
6300
5900
10800
6400
6300
6000
6500
6400
7100
7100
7600
6600
6900
6900
7300
7400
8500
7000
6900
7400
8800
11700
8800
7200
8200
7400
7200
7500
7600
8500
7700
7600
8800
7600
8200
8100
42300
12200
8600
8100
8500
7500
8000
7300
7500
8100
7700
7600
7700
7500
7400
7600
7700
7900
14100
11200
183800
5700
4600
5800
4600
5000
4700
5000
4900
5600
5200
4900
5000
4800
5800
4900
