60000
14000
1220500
7500
8700
8900
6900
6800
8500
6900
7100
7300
7500
7700
7700
8000
91200
35200
282600
77200
169700
17800
65000
18800
224400
358500
57500
16600
126100
13600
20000
144500
36600
127000
37000
147300
149200
188600
14900
15300
15400
17900
15700
20400
15600
16400
16900
60100
153000
18700
18400
19600
19000
18500
28400
20000
19700
19300
19600
153600
21100
19700
81600
20700
164700
24700
24600
26300
23800
22500
25900
22400
27400
23600
23000
23700
25000
23200
25300
23900
14800
22500
6200
20900
8000
17800
6300
7000
6900
6600
6700
7100
7500
28500
7600
8200
46600
28900
53600
45800
49400
11000
25900
10500
50500
64400
26400
11100
60800
11500
11800
67300
34600
77800
36600
100600
90000
110600
14300
18700
14900
16200
15600
16500
16600
16100
16700
45600
105500
17600
18200
18900
18200
17800
20000
19800
18800
18900
19700
123500
19900
19300
55200
19900
130400
24000
22800
23900
27500
21900
23200
22400
22900
23200
23000
23200
24200
23200
25100
23800
6800
5300
5800
5600
5800
5900
6300
6600
7200
6700
6700
6800
7600
8400
7400
8100
51800
19200
41700
10200
47200
11200
10900
75800
40600
59500
11100
11100
13200
11300
11400
58300
31300
72100
29600
78600
81600
111600
14400
14700
14800
15800
15200
15500
23600
17600
18100
40000
97500
18000
20300
19400
19600
18200
20700
24100
19300
20800
20000
104300
21900
19800
42300
20100
82800
25000
28200
23800
24100
22900
24500
71100
48400
64800
32500
32000
43400
36800
46600
48700
16500
35100
9900
20900
8000
26300
7900
9300
9200
33000
5300
4800
5900
49000
5500
6600
29200
15300
62600
7300
26500
9200
24900
46200
17400
26400
7700
7700
8500
8100
8000
95000
58800
26400
59000
29200
56600
10900
34000
10600
62600
54500
24700
7000
32200
7200
6900
35300
53500
8600
8500
10100
14100
8300
10600
9300
8600
8300
9100
90700
14700
13700
56600
13900
107800
20400
18200
16600
18300
17700
16800
14700
17000
17100
16600
17500
17500
15700
19600
16400
7500
13100
5200
30200
4700
14700
5300
6900
6300
12400
6000
6600
6500
23600
5700
6300
38800
42100
54700
8100
9100
9900
17400
8600
8500
9300
8500
7700
8700
7800
7900
8000
40100
33500
46200
19800
47300
13000
21700
10000
46300
61400
26100
17100
53800
11000
167500
81800
43500
97200
35400
51800
52300
51400
8800
8700
8700
10600
9000
8500
8700
8500
10300
25700
59500
13000
11500
10700
11700
11400
10400
10100
10300
10700
10300
15000
10600
10000
11800
11600
5000
4800
3900
5200
2900
5800
3300
3500
3500
3100
3200
3400
4200
9800
3400
3500
5800
4900
24400
5000
5200
5700
8300
4900
5200
5100
5000
5000
5200
5000
5100
5200
23900
12100
23100
11100
24200
6700
11900
6800
23600
36000
14100
6600
33400
7200
6800
29900
15800
43400
15900
48500
45700
50100
8500
8400
8500
9700
8800
8600
8700
8600
9900
19000
46500
18200
9800
11500
10000
9900
13400
11500
10200
10400
10200
52600
10300
10700
40800
10200
13100
7000
7000
7400
7600
7200
7300
7600
7800
7100
7000
7100
7200
7400
7200
7000
11100
12900
9300
8800
8700
8700
8700
8800
8900
9600
9600
212600
24600
17200
17800
16900
24900
18800
18800
18300
18900
18700
21300
19000
20200
446100
58300
40400
40800
30500
11800
77800
34300
14500
14400
13200
53300
13000
15900
12700
13300
13900
14600
82100
13300
18200
14700
13200
146200
12100
16800
16700
29700
22700
10800
18600
23100
11000
17600
10900
10600
10500
10900
10600
13500
8500
8000
7900
8000
8600
8200
8000
12900
8500
8300
8800
8300
9700
8400
8300
12300
11200
10600
10000
10300
10000
10000
9800
10500
10800
14600
86900
10500
10200
13700
15600
20900
15000
13600
11600
11700
12000
14400
11600
13000
44300
12100
15800
11900
13300
12100
65000
16600
13700
14000
17300
49900
13100
14700
12900
13000
13800
14100
69800
13600
15500
18100
14500
150900
12200
16200
16300
31500
17900
10800
18400
22300
10900
23500
12900
11000
14600
10900
10700
13200
8700
8300
8100
8100
8500
7900
9900
8700
8500
8000
8500
8400
8600
8200
69700
12800
10600
10000
11800
10800
9800
9800
10900
10500
9900
9700
10000
10600
10100
11600
10000
14200
24500
12200
14700
12300
11900
14900
11900
12800
39400
12000
11800
11900
12600
11700
49500
20000
13700
14200
12900
43500
12900
14600
12600
13100
13500
14200
75700
13200
14200
15600
14600
141400
11800
16100
17100
28300
17700
14300
18400
20700
10900
19300
10900
11200
10500
10800
10400
17000
57400
6600
6700
10700
7400
6500
6900
7500
11500
6800
7400
6900
7400
6900
7200
9400
8700
9200
10000
9400
9500
8600
13400
9200
8500
8700
8700
9200
9900
8800
12100
15200
10300
11500
10600
10100
10700
10600
10500
10800
16900
11200
50100
10600
11000
10600
11000
17800
15600
12900
11700
34300
13400
14800
12800
13000
13400
15400
62700
12900
13700
16300
11700
94000
11800
16400
16300
29000
17700
10600
18100
20800
10700
17200
10800
11800
10400
16200
10400
10500
7200
6900
6800
6800
7600
7100
7700
7700
7300
7100
9300
7100
7600
7300
7200
9500
13600
8600
10000
10200
8800
8700
10900
9500
8800
8600
9000
9300
9100
9000
9000
13000
10400
15800
10600
10500
11900
10700
12200
10900
11900
11000
50600
10700
11200
11000
54300
14300
11800
12000
11700
12100
11800
13900
34500
13600
32800
12100
16500
12300
11900
13200
38500
85500
11700
16000
16200
29200
22100
10800
18900
20600
10700
17500
10600
10600
10300
10800
10400
10500
6800
7800
7100
6800
7200
6600
6900
11900
7300
31300
7400
7000
7400
7300
36700
9400
8600
8300
8700
9400
8700
8400
9400
9400
8700
8600
8500
9100
8900
8800
8900
12900
10200
11300
10400
10300
10600
55700
10400
11000
11700
11000
77500
10400
11000
43300
10500
19300
11900
11700
36900
11800
11900
13500
11500
13300
32200
11900
13000
11800
13800
17700
38500
87200
12100
11400
10600
17000
10100
12600
11400
18500
11700
15900
22800
10600
11800
12000
10400
10900
6900
7400
7000
6900
6800
7000
8200
7900
6800
7200
11000
8200
7000
7100
7200
10300
8900
8900
9400
37600
8500
8600
31300
9500
10100
13600
42800
9000
8700
8800
8800
11700
10400
11400
11200
10500
11500
10500
11300
10800
10800
15300
11300
11500
11000
11300
10900
13600
11700
12200
29200
13100
36600
13300
16400
12100
12100
44600
11800
12300
13100
12200
13300
85400
10600
10400
10600
18900
14400
12200
11900
23100
10700
10400
10900
11300
13300
11100
10800
10100
8100
8100
6800
6700
6900
7200
7100
6900
6900
7400
6900
6700
6900
6900
7000
10100
8700
8700
9300
36500
8600
8500
31700
13700
8700
9200
43600
9100
13700
10300
8900
11900
10700
16300
13100
15600
17500
10900
18900
11400
10600
12400
11800
13300
11400
14900
11500
16700
17400
18600
42200
12200
41600
12600
14700
13400
12000
45200
12000
12300
13000
13500
14700
89300
11400
10200
15100
19600
10200
12500
10000
22800
10800
11000
10700
10800
13400
12700
10900
11600
6900
7200
6900
7000
7000
12200
226100
10400
8600
10000
8600
11400
46400
7200
7100
10400
8900
9100
8500
9500
31600
13000
8700
9100
9200
8700
44400
11500
9000
9000
8900
12100
10500
11400
11300
10500
15900
12300
11600
10600
11900
11300
11400
13300
12300
11400
10800
17600
13100
12200
29000
11800
35600
12800
14400
12200
13400
44500
12200
12400
13000
14000
13400
91200
14800
10200
10400
19800
10100
12100
11500
22600
10200
10200
10600
10500
12200
10700
10400
11400
7500
7200
6900
11000
7100
7400
7200
8100
7000
7500
7100
7200
7000
7300
7300
10000
8700
9500
8700
8900
8800
8700
12700
8900
8800
8800
8800
10300
8900
8700
8900
12400
11200
10500
11300
37700
12600
11600
35500
12700
11700
12600
47700
11600
11800
13200
10600
15100
12500
17400
27300
12000
28400
12600
11900
12100
11800
43400
12100
12600
13100
13000
16900
84800
10500
10200
10600
18300
10300
12000
11500
22100
33200
15100
23800
14700
21500
14500
22000
17400
10800
10500
10900
12500
10800
10100
10000
10200
7100
7400
9000
7100
6700
7000
7000
9700
8800
9700
33200
9700
8700
8500
8600
9100
39400
8700
8700
10100
8700
11600
8900
12600
10200
10500
15200
37500
10700
10400
32700
11400
13000
12100
46500
11600
10800
10800
14900
13800
28900
12700
12600
11800
12600
12100
14200
12100
11700
7300
16900
8400
11900
8100
7700
80100
4700
4800
4800
16500
4800
6000
4700
16200
6300
6100
4700
5000
11200
5100
5000
9100
5800
5900
5900
5500
5800
6500
5800
5500
5600
6100
6700
6200
5700
7100
45900
6800
6700
6800
6300
6400
6600
6500
6300
6600
6500
6600
6300
7600
6600
6600
6800
8000
7200
11200
7900
232600
15100
9700
40300
8500
32800
8100
46500
13400
7600
7400
7600
9200
9000
9000
8700
7200
8200
7400
8000
7400
7300
7200
8000
12000
7400
8500
7500
84000
4800
5100
9100
5100
26900
4800
4900
4800
4900
14800
4700
5000
10100
5500
5900
10200
5900
5900
5500
5600
5800
6000
5600
5900
5900
6200
5800
5900
6100
5700
6000
11500
6400
6300
6300
6200
6300
6400
7000
6900
7000
6600
6900
6700
6500
7000
8800
8100
7200
34200
7000
6800
7200
7600
7100
7200
7700
7200
7100
7400
7300
7800
7400
8400
7100
7100
13200
7200
7800
28400
7800
7900
9800
7800
7300
7300
7300
7300
52500
85600
4700
4900
4400
4800
5500
4900
4600
15100
4600
4800
4700
4600
4900
6000
4800
8700
6000
5800
9800
5500
5800
5700
5800
5600
5800
6100
19400
6000
5900
6000
6400
9200
6100
6300
6200
9500
7500
6300
6700
11200
6500
6600
6900
6600
6500
7000
6700
7400
8400
31300
6900
6800
6700
8200
6800
16000
12400
7200
7200
7100
7200
7900
7200
8600
9500
9900
13200
7500
7000
29100
10300
13800
8700
7800
7400
7200
7300
7300
52100
81600
4400
4600
4500
4400
5400
4700
8900
14300
4900
4600
15900
4900
4800
5900
4800
11300
6200
6100
6300
6000
6000
5600
5700
5900
5900
6200
5800
10700
6500
6000
5800
7300
6500
6400
6400
6200
6400
6400
6400
6200
6400
6900
6800
15900
6500
6600
6600
13300
6800
39100
7000
7000
7500
7400
7100
7500
7500
7000
10700
10400
10800
12000
10700
18300
10700
10400
12100
8800
7300
29700
7200
7700
14500
12100
11500
11600
11800
11300
57900
117500
10500
7900
8100
8800
8700
5500
5300
22900
7900
5400
7400
5000
5300
6100
5900
23200
10800
9500
18000
7000
9300
9500
11500
9400
6700
10100
9300
8400
8500
9600
31800
7700
6300
8600
11000
10900
10500
6600
6700
6300
8800
7300
34000
6500
6600
6700
6500
8700
7000
6800
7200
7000
6700
7100
12800
7800
7200
7100
9700
7900
7000
10300
10300
8800
7300
7100
8500
7100
7300
34200
7300
8000
9700
7900
7400
7300
7200
7300
53200
81700
4900
4800
4500
6600
6800
6000
4600
17100
6000
4500
6200
4700
5900
6800
6000
23400
6100
6400
6800
26300
6900
10500
5700
5700
5700
6200
5700
5800
6000
6100
5700
6700
6200
6300
6500
6300
6400
6400
7000
6300
6400
7700
11000
6700
6500
6400
6700
7900
7600
6900
7000
6800
7000
6900
7900
7700
7200
7000
7800
7000
56600
8200
8000
8200
7300
30500
7300
7200
7500
7600
7100
7200
7800
11700
7400
7100
7600
8100
7500
81000
4700
4400
4500
4500
5400
4600
4500
14400
4700
4700
4400
9500
4800
5900
4600
9800
7500
5900
5500
7800
5900
5700
5600
5700
5700
6100
5700
5900
6000
10700
5800
6600
15000
6200
19000
6600
6500
6200
6400
6500
6700
7100
6300
6600
6700
6700
6500
7500
6800
11600
7000
6600
6800
7000
7700
7700
7100
7100
7700
6900
7100
7700
8300
8100
7100
37600
7000
7000
7000
7500
7100
6800
7700
7000
7100
7100
7200
7800
7300
77200
4800
4500
9900
4700
4600
10800
4800
5600
6200
5400
5000
4700
14200
4700
19000
9700
28600
5900
6500
5500
5700
6300
33200
6000
5800
5600
5900
5900
5900
5700
8000
7700
6300
6400
15700
6900
10200
6600
9500
6500
10300
40600
6900
8700
9100
6900
6700
8100
7200
6900
7600
156900
15700
9100
9900
10800
10600
11400
8700
9800
7800
11400
8000
11800
11600
12700
8600
10600
14100
8900
7700
7700
7600
7500
8800
7800
7700
7800
7900
85100
13900
4800
5200
31000
9700
4700
6300
4900
5600
5000
5200
4700
5100
6000
5900
13400
6200
6100
5800
5900
5900
6000
6000
30700
5900
34000
6000
5900
6100
6100
6000
9700
6800
6400
6300
7000
6500
6700
6400
7300
12600
27500
6700
6700
7100
6600
6800
8300
7300
7100
7600
7100
7200
7200
7000
8000
12000
7300
9900
7400
7400
7300
7500
8800
7100
7900
7300
8500
7800
8700
7600
7300
7300
12000
7800
7600
8300
7600
7700
84700
10400
4700
4600
5800
4600
4800
5500
5000
5300
4800
8800
4800
4800
6200
5700
30400
6400
6000
6100
5700
5900
6000
6300
5900
6000
18200
6400
5800
10600
6100
5800
6900
25500
6500
6900
6300
6400
6600
34200
7100
6800
6700
6700
6700
11200
6900
7100
8500
8400
7300
7600
7300
7200
7200
7200
8300
7900
7500
8200
8900
7500
7400
11500
8500
7300
7300
7300
7800
7700
8900
7500
7200
7400
7300
7300
7600
7300
7500
11700
78800
10200
4300
4700
5300
4600
4500
5300
4900
5300
15000
5200
4600
4800
5700
5800
13600
6000
7800
5900
5900
6000
6100
6000
6200
6100
6100
5800
6100
6100
6300
6000
6900
26100
6300
11000
6600
6600
6600
33500
7100
6700
6800
6500
7400
6800
6700
6700
8900
7000
7100
11000
7800
7300
7300
7400
7300
8300
27400
7500
7500
8000
8800
8000
8700
7100
7300
11500
7800
9000
8500
7600
29000
8000
7500
7500
7600
7400
7700
7700
220200
11100
10400
4900
5500
4900
6100
5600
4800
5400
4700
5100
4800
4800
5800
5900
9300
6100
6100
6100
5800
6100
10100
6100
5900
6000
6000
6000
6300
6200
13700
6300
6900
26400
6500
7000
6300
6500
6700
39000
7000
6700
6700
6800
6800
6800
6900
8200
8800
7200
7400
7200
7800
7500
7200
7900
7400
9900
30200
18300
8800
9000
8700
8700
9400
8600
8400
10100
8600
8600
8500
7400
13400
8200
7600
8700
7700
7700
7700
7500
82300
42400
5200
5000
6100
6500
8200
7900
14100
8100
7900
19600
13300
10500
12100
11600
17600
12200
11800
11200
11700
11800
14500
11900
11800
12100
12100
11900
19200
13100
11700
12100
13300
54200
12800
14000
12600
13100
13200
71600
14500
13400
14100
13100
21400
13700
14300
35100
17600
13900
14200
13900
15700
14400
14500
14300
14600
16300
55800
15000
19600
15700
14900
14600
17200
14200
20900
16100
14000
14600
50200
14900
15700
16000
15600
22300
15200
16000
14900
15000
196100
9900
9400
8800
10500
10200
12300
9900
9800
9600
9300
14600
9700
9300
9900
10000
17700
11800
11700
11300
11900
12200
12000
12400
12300
11900
11100
12600
12200
11900
11900
17900
14600
16200
13300
26800
12900
14100
13200
13400
13200
13600
13700
13700
14000
14000
13500
14400
15900
14100
55800
15300
14800
15000
15600
15100
15100
15100
15100
15600
15400
15000
15200
28900
16500
14500
15800
13900
69300
14600
14900
14500
67200
17400
10900
11800
8600
8500
11800
12100
87800
5000
4700
4900
19100
4700
4900
4500
4500
4600
5000
4800
4700
4900
5000
5700
10800
6200
6400
6200
5800
24400
6200
5700
5900
5900
6000
6400
6800
6400
6300
6200
7100
6500
6400
6500
6600
6400
6400
6800
6500
6400
6700
6700
6800
6600
7100
7400
12200
7000
33600
7400
7900
7200
7900
7300
7400
7500
10200
7300
7600
7400
7300
7500
8700
11700
8100
7400
32300
7300
7400
7100
7300
7400
7500
8400
7500
7800
7700
7600
83000
8900
4700
14900
9800
4600
4500
4700
4400
4700
4800
4600
4900
4600
4700
5700
9300
6400
6200
6000
5800
5800
5900
5900
10300
5800
6300
6300
6200
6200
6200
6300
7100
6900
6500
6600
6800
6700
6700
16800
6900
6800
6500
7100
6900
11000
6900
7400
8100
7200
24200
7500
7200
7400
8100
7600
7500
7400
7600
7700
7600
7700
7500
11500
8700
7100
8000
15800
32700
7200
7400
7300
7300
7400
7400
8200
7500
7700
9500
7700
82600
4600
4400
4600
9200
5000
4600
4500
4600
4500
4900
4800
4500
4800
4500
5700
11400
6100
6400
6100
5800
10000
6000
5700
6000
12500
6200
6600
6100
6300
6400
6200
7000
6700
6600
6600
6500
6600
7100
6700
6400
6800
11200
8800
6900
6800
6900
7700
7900
7300
7200
8700
7200
24400
7200
18400
7500
7300
7500
7500
12600
7600
7600
8300
8400
7300
8000
7400
30100
7200
7500
7200
7500
7400
7300
9800
8000
11500
7500
9100
79200
4600
4600
4400
9200
4600
4500
4500
4400
13800
5200
4600
4900
4600
4700
5400
10000
10200
6100
6100
5900
6200
5700
6000
5900
5900
6000
6400
6200
7000
6700
6300
6800
6500
6600
6400
6500
6600
10500
6500
29400
6500
6700
7700
6700
6800
6700
7300
7900
7000
7100
7200
7200
7100
7300
7400
11400
7300
7400
7300
7500
7500
7500
9400
8500
7200
24200
7300
7200
7800
8000
15500
7600
8800
7300
8900
8900
8700
7500
8600
81200
5700
5200
5600
10000
4500
5600
4500
8600
4600
4700
4700
4600
4800
4600
5600
9000
6000
6300
6000
7600
6100
5900
5900
6000
6000
6000
6300
6300
6300
11200
6100
7100
7100
6500
6500
6400
6500
6600
6600
6400
6700
6600
7100
6800
6500
6700
7400
8400
7200
28600
7300
8900
7300
7200
7400
7200
7100
14500
7600
7400
7800
7400
8000
8300
7100
27600
8300
7200
8300
8600
8400
8400
8200
7200
8700
8400
8500
7300
8400
81700
4600
6700
5800
15200
4700
4600
4600
4600
4700
4600
5600
4800
5000
4800
4900
15200
9100
8900
9100
9900
10800
9600
9400
9600
28000
10600
17300
8500
8800
13500
62400
8900
9900
12300
9500
8700
20000
12100
9600
9700
9400
9900
9900
9500
19700
13300
31900
26700
11400
10700
11000
10500
14100
12400
12100
11200
11400
11000
10800
10700
12000
11300
9600
21200
14700
11900
12100
10300
8200
7500
7300
7700
46900
8300
8300
7600
8100
8300
13700
80000
5200
11800
4700
4900
4800
4800
4900
4700
5900
5900
7200
8100
8400
8300
29600
13500
15200
9800
9300
9800
9500
9200
9700
9700
9300
10000
10600
10300
78500
10100
9200
10900
9400
6400
7700
11700
6800
6500
6800
6600
6800
6500
10800
8400
9300
8700
8500
10300
9500
11100
7400
7300
7200
7100
14800
7300
7700
7200
7300
7200
7900
8100
8200
8600
7400
8700
7200
7100
7400
7500
7200
7400
47800
8500
8200
7600
7400
8200
8200
82000
5100
11200
4600
4500
4800
4800
4700
9900
5800
4800
4800
4900
4600
5000
18600
9900
6300
6000
6000
22100
6200
6600
6100
5800
7300
6400
6000
6100
11700
6300
6000
6700
6400
6500
6900
7100
6700
8200
6500
6500
7200
7000
6900
6900
6700
6900
51800
7800
7500
7100
7700
7100
7000
7200
7300
7100
7300
7300
7400
7200
8000
8000
9000
8500
11800
7600
7100
7200
7300
7300
7100
7300
43000
8200
8100
8900
7600
8200
8400
86600
5600
12000
4600
4400
4800
5000
5900
4700
5800
4800
4700
5200
4900
5000
18400
13100
6500
6000
10500
5900
6600
6300
6100
7400
6200
6800
6300
6100
6000
7100
6300
9100
6500
6500
6300
6500
7100
15000
6600
6600
11500
6600
6400
6800
6800
6700
47200
7800
6800
7200
7600
7600
7800
7200
7600
7500
12400
7200
7300
7400
8200
8400
7400
8300
8400
15100
7700
7600
8700
7500
8400
7300
42700
12600
9400
7800
7500
8400
8100
81500
4700
10800
4600
6000
4700
4700
5800
4500
5600
9000
4400
4800
4500
4700
20600
9000
5800
5800
5700
5700
5700
5700
5900
7000
6500
5800
6000
5800
5800
42900
6100
6600
6300
6300
6300
6200
6300
6400
6200
6400
7100
6600
6900
6300
6900
7900
46000
13800
9000
7500
8300
7400
7500
16800
8000
7400
8100
7000
7500
7200
7200
9500
7300
7900
12600
7100
7200
7000
7100
6800
7000
7100
7200
6900
7200
7300
8000
7700
7300
82700
4900
12100
4500
5500
5600
4700
4400
7200
5400
4700
4500
7000
4700
4800
18800
9400
6100
7100
6000
5600
7200
10600
5700
5600
5800
7600
5900
5900
7000
5900
6400
6600
6600
6400
8100
6400
6400
6200
6100
6300
6900
18100
6500
50400
6600
6400
45800
7500
6700
6800
7500
7500
7300
6800
7400
8400
6800
10900
7100
7100
7100
8200
7200
8000
7600
6900
6900
6700
6900
6900
7400
6700
7000
7400
7000
6800
11700
7700
7300
77400
4800
4900
4600
4500
4300
4800
10500
4500
14300
5400
5400
4900
8100
10100
5700
11100
6100
5500
6300
5800
5800
5700
5800
5900
7400
6200
6200
6000
5700
6500
6100
6900
29000
6400
6300
6000
6500
6400
6800
6600
6400
6400
6400
6800
6400
7300
6700
8500
7100
8900
6900
8200
8000
8100
33100
8300
28400
8300
7800
8300
8300
8300
7300
11800
13300
7700
7400
7700
6900
7100
7300
7600
7800
7700
7900
7200
8000
7400
7300
82400
5600
4600
4600
4800
4700
4700
8100
14700
4700
4800
5500
5100
4700
5800
5400
8800
5800
5600
9900
7300
5700
5700
5900
5700
6100
5700
5800
5800
5800
5700
5900
6800
18600
6400
6900
6000
6400
10300
6700
6400
6200
6400
6400
6700
6300
7100
7100
8200
6900
6900
6800
7000
7100
7100
33300
7100
26000
7200
7200
7800
7200
7200
8700
8200
7700
7300
6900
7600
6800
7100
10900
7700
7800
7700
8200
7700
7700
7200
7200
79700
5600
4500
4600
4600
4700
8900
6300
14000
4600
5900
5600
4900
4600
5500
4800
8600
5900
16800
5500
5700
7000
5800
9700
5700
5900
7200
5700
5900
5900
7000
8600
9500
9400
9600
34600
9500
9800
8500
9800
9600
7500
6500
7000
11400
6800
6500
6600
8200
7000
7000
6700
7700
7400
7200
29800
11300
40900
10100
11500
14500
12200
12700
7400
8700
8200
9400
6900
7700
7200
7000
7000
7500
7800
7700
12100
7300
7700
7300
7300
81500
6000
4500
4600
4500
4600
4700
6600
14300
4600
5000
11100
4900
4600
5600
5800
40200
6000
5800
25300
5900
5700
5800
5600
6000
5900
5800
5900
5800
5900
9900
8000
7000
6400
6400
6600
6200
28100
6200
6400
6400
6400
6400
7600
6600
7600
6600
6500
12400
18900
18500
7100
6900
7000
6800
7700
7000
7100
7100
6900
7700
7100
8300
7200
8100
14300
8100
6900
7600
6800
6900
7100
7500
7500
7600
7700
7300
7500
7300
7200
85500
6700
4500
4900
4600
4500
4600
6300
30800
4700
4800
5800
5000
4700
5400
4900
8600
10300
6000
5600
5900
5700
5900
5700
5800
6000
6200
6000
5800
6000
5800
5900
6800
6100
7000
6800
6300
10500
6900
6400
6700
6300
6400
7000
6400
6500
6600
8000
7500
24500
6900
7000
8300
7000
7100
11600
7200
7200
7200
7000
7700
7200
8400
7300
8900
6900
7700
7100
7100
7200
7300
32800
7200
25600
8600
7500
7200
7200
7300
10000
90200
34400
15700
6600
5900
11400
9700
16000
39300
6100
8100
7800
6200
6200
7200
6000
10900
7000
6800
7000
6700
6200
7000
7000
13800
7100
7200
7500
7600
7000
7200
7000
8300
7100
7600
8100
8200
7800
10000
7900
7600
7500
7700
8300
7900
12800
11000
7700
9500
44800
8100
8100
8000
8500
8000
10000
8500
65500
8900
8800
15200
8700
10500
8500
11800
9000
10200
9200
11600
8500
9100
52800
9100
45300
8900
14100
9000
9100
9300
9700
68500
7400
6800
5900
6800
5900
5700
6000
7200
6800
7000
12000
6900
8100
6100
5900
12400
7500
7600
7200
7300
8300
7300
7300
7400
6700
7600
6800
7200
7600
12600
7400
9000
7400
8000
8000
7600
8700
8600
8300
7700
8100
7500
7800
8000
8300
8700
8100
15600
8300
8600
8700
8700
8100
8700
11100
9200
9400
76400
9200
9900
9000
8700
8800
16200
50300
9400
8700
9400
10200
9300
13600
9600
9100
9300
9300
9500
9600
9500
9200
76300
5700
5600
6000
5600
6000
5800
7200
6000
7600
5600
5900
7300
6100
5700
7600
10500
6500
6700
9400
8500
6800
7800
8000
7800
6600
8300
7800
6800
8300
8300
7700
9900
8900
7600
9100
10300
9000
9300
13900
13700
11200
8200
7600
8000
8100
8800
8500
11000
9100
8800
8700
8700
8400
8300
9400
9800
14700
76800
8700
9700
8800
8800
8600
11200
51400
9800
9900
9400
10900
9500
15500
9100
10000
9500
9300
8700
9100
9500
9400
58800
5500
4200
4700
5100
4100
4900
6400
5100
13200
6700
6200
7700
7100
6000
7900
11300
6800
7600
7000
6900
7100
7100
6300
7600
7400
7500
8100
7200
13000
7700
7100
8500
7200
7800
8000
8200
7900
8100
8200
8100
7900
8200
7100
7700
8200
8900
8100
14300
8500
8700
9400
9000
9200
9000
9600
9600
10700
75200
8600
9900
9200
9200
9400
17200
51300
10600
9700
9600
10700
9600
10700
9900
9700
9500
9700
9600
9900
9900
9600
74400
6200
6000
5700
6000
5500
5200
7400
5300
7300
5200
5900
7100
6300
5800
7800
9600
7000
12100
7600
7100
7100
7100
6900
7000
7100
7000
7500
6700
6900
7800
7400
8500
7800
7900
8000
7900
7600
9000
12800
8000
7600
8000
7700
76000
8000
8700
7600
9800
8600
8700
9700
8900
9800
9000
14500
8700
9600
9200
8800
9200
8900
10000
10000
11500
51100
9100
8900
9200
10800
14800
10600
9400
9200
9600
9300
11000
9400
9600
9800
68500
6500
6000
5700
5600
5800
5800
7000
5700
7800
5700
6100
7100
6200
6100
7400
10300
6900
7000
7600
17400
7400
8600
8500
8900
45700
7500
7100
8100
8400
8600
7200
9900
9200
9600
9400
8100
9400
9600
8600
13400
8400
8900
8100
7900
7700
8300
8300
9300
8500
9300
9300
9200
9500
9700
10100
9100
14700
8800
8600
9000
8600
9800
8500
11400
9200
8800
9500
8900
9200
9100
11100
10200
10600
81000
9800
10400
9100
9100
9100
68700
6200
5800
5600
6000
5500
5600
7200
5800
7200
11000
5700
7300
5600
5700
7200
10200
6800
6200
7000
6800
6800
6900
6900
7400
7000
6800
7000
7100
7000
12200
6900
7900
7800
7900
7600
7300
7500
8900
8100
7200
8500
8300
7500
7700
8200
8800
8100
9500
8100
12800
9400
8300
9900
9100
9300
8600
9400
8400
8200
8500
8800
9400
8900
10700
9000
9100
13700
9400
8700
8600
10200
10100
10200
89200
12000
9700
9200
9300
9000
64600
19800
5700
5800
5600
7000
5200
7200
5600
6900
6200
5700
6000
6100
5800
5700
12600
7300
6600
6900
12600
7600
6700
7000
7000
7400
6900
7100
7100
7100
6900
7100
9400
8000
8100
8700
7700
8300
7300
8300
12900
7900
7700
7800
8100
8900
8000
8200
9900
8300
8500
8700
8700
8700
8600
8400
8600
9500
8600
13300
8700
8600
8800
8800
11700
9200
8900
8700
49300
9300
10100
9300
9000
9700
9500
13900
9200
9300
10300
8800
65200
5700
5400
5300
7200
5900
5700
5600
7000
5700
6300
5700
6100
5500
5900
10800
10600
7300
6900
6900
6800
6500
7700
6600
6700
6300
7000
7000
7200
7100
7100
7400
8500
7700
8000
13700
8200
8700
8000
8600
8000
7900
7800
8000
7700
8500
7200
8000
10200
8700
9700
8000
8000
8200
8400
8600
8700
8900
8300
8400
8900
9000
8900
9200
11600
8700
8600
9400
50500
9200
9900
13900
9100
9800
9000
9300
8900
8800
10200
8800
54400
5300
6800
4600
6000
6300
5200
5100
5900
6400
6200
5900
6400
4800
6200
6200
11000
6200
6900
7900
7900
5100
7200
6900
6200
4300
4700
4600
3200
4300
4400
7800
6800
3800
3400
3500
3900
4000
3700
4000
3500
3800
3600
3800
3800
4000
3500
3700
5200
8400
3800
3800
3900
4000
5400
4100
4200
4700
4300
4200
4000
4200
4200
4400
5700
4200
4100
4300
30000
4200
4700
4100
4100
4700
4200
4100
4100
4200
4800
5000
28100
3000
2500
2600
7300
2800
2500
2700
3400
2700
2600
2700
3000
2600
2700
2800
6900
3600
5800
4700
4100
3300
4500
5500
5000
5200
8100
3100
3300
3300
3200
3100
4300
3700
3800
3600
4000
4100
3500
4000
3800
4000
3700
3500
3900
4000
7800
3500
4800
4000
3700
4300
3800
4200
3900
4400
4100
4000
3800
3900
4200
4500
4200
4000
9200
4100
4200
4200
23700
4300
4600
4400
5000
4900
4600
4000
4200
4300
4600
4300
33300
2900
2500
2600
3400
2800
2400
2800
3400
2900
2600
2700
3000
2400
2800
2600
7800
3400
3400
3200
3100
7100
20300
3300
3300
3300
3100
3400
3400
3100
3300
3300
4600
3700
3700
3500
4000
4000
3600
8300
3900
4200
3600
3700
3900
4200
3900
3700
5000
4400
3700
4300
4000
4300
3900
4600
4200
8100
4200
3800
4100
4400
4200
4100
5600
4500
4200
4400
4100
3900
4200
4300
4300
4800
4300
8400
6500
4400
5500
4500
28300
3000
2500
2700
3400
2800
2400
2700
3200
2800
2500
2600
2800
2500
2900
2600
10300
3700
3400
3200
3100
3400
3500
3200
3200
3400
3300
3100
3300
3500
3100
3200
4200
3600
3700
3500
7700
4100
3300
3800
3700
3900
3600
3500
3700
3900
3800
3400
4500
4000
3700
5900
3700
4300
4000
8400
4100
5000
4100
3900
4100
4600
4600
4200
5400
4000
4100
4200
4200
3900
4300
4300
4300
8700
4600
4300
4100
4300
4200
4400
27500
2700
2700
2800
7700
2600
3400
3000
2800
3500
2900
2400
6800
2700
3600
2500
