59700
22600
7800
8700
8400
1425200
20100
16800
9700
9900
10300
17500
11300
10500
11800
12000
123600
83300
17800
131400
17400
160200
53800
19800
18900
19500
18600
19400
94200
21200
106500
21300
103100
89000
159000
29000
27000
94800
25000
25700
158900
34900
51500
20500
26300
20400
21600
21100
171500
26300
24900
28000
23500
24200
25900
137900
23700
23500
24500
27500
25200
24200
24500
25200
32900
216200
27900
108000
114300
41000
38500
30900
29700
28200
28500
29300
31100
30600
30300
33700
39000
11300
8300
8000
22900
7600
7700
7900
11900
9200
8800
8700
8900
10200
9300
10700
37500
40100
12500
52300
12300
62700
30000
15200
13000
14900
15100
13900
43400
15100
45400
15600
57700
43000
78700
19500
19200
57400
19400
19300
18200
18100
21900
19900
18900
19200
19300
22100
142100
22800
27700
24800
24900
25700
37100
101900
26100
27100
29600
31900
24800
25800
27500
26700
34300
174000
32400
91900
92000
23100
10900
11600
10600
12000
10600
11600
12700
12100
10400
11700
15500
2800
3300
2800
25200
2800
3100
21100
3000
3800
3300
3000
3100
3700
3000
3000
11900
5400
4600
25100
4800
41600
7400
5100
4700
5300
5900
5800
36400
5200
6000
4900
35000
29400
56600
8500
7400
32500
7200
7600
6900
6500
8400
7000
7200
6800
6900
6600
91100
8800
14000
8300
9600
10000
9800
68800
9200
8500
9100
9400
9000
8500
9500
8400
14000
142600
10400
131200
113400
17400
16800
137000
18500
16700
16600
16200
19400
19100
16300
18200
5500
4400
11400
4400
4300
4800
4900
17900
4700
5800
5300
4900
4900
5800
4900
8600
17500
11900
7400
33200
7500
29300
8800
7900
7500
8200
9000
9000
32900
8300
11000
7700
41800
39800
12300
59800
23800
57200
57100
10400
10600
10000
10200
10600
31600
10500
59000
10300
120800
13000
16700
12500
17400
15000
13500
98500
13100
12700
13700
14200
13700
13100
16500
13300
27500
183500
13800
79000
125300
16800
16200
18800
10700
10100
10300
10400
12100
11600
10700
15600
3700
2900
3200
5900
2800
3100
3200
23300
3200
3500
3300
3400
3100
3700
3400
3200
5400
5000
4800
8600
4800
15000
6800
5100
4700
5700
6000
5700
5100
5200
6500
5000
20000
18500
7500
22800
6500
23100
17200
6800
7200
6700
6800
7000
22400
6800
34900
7300
40500
21900
37600
9600
9500
28100
14700
9700
15300
8500
10700
8600
9100
8500
8900
9200
16800
67500
10100
35500
34000
10100
12000
9800
10200
10100
10400
10200
11600
15000
10500
11500
8800
2900
3300
3000
7800
3100
3100
3100
3100
3500
3300
3700
3200
3800
3000
3100
15400
16300
15700
15900
5000
18300
6200
5000
4800
6500
5600
6700
4900
6100
6000
5800
20900
19800
8100
21900
10500
25800
13100
6500
7700
6700
7500
6900
15900
16100
23900
8600
22500
18000
33000
9200
9500
21800
8400
9400
8700
8300
10700
8500
8600
8400
11500
8500
43800
10900
12200
12100
11200
11800
10400
74800
10400
10300
10600
14600
10100
10900
10500
10100
20200
14600
7000
6800
8300
10600
10400
6800
6800
6700
7600
6800
7200
7000
9800
7000
10400
8800
86200
23300
16900
16700
127900
17000
19200
17200
17200
17100
17100
17200
17400
19700
20200
18600
19800
20800
19300
66500
46000
12900
11900
43200
12600
12000
11700
11900
12100
13000
21700
52900
13100
12800
13200
14900
66100
42400
97100
13000
15100
14600
14100
13200
121300
13100
158600
10500
16300
11500
10200
19000
17700
10200
10300
17200
10700
18200
15000
21800
23800
10400
11100
8000
8200
7900
7900
7700
8100
8800
7900
8000
9100
8300
8000
8500
8300
8300
11700
10500
28000
9500
9700
11200
51500
9800
10500
10200
9800
9900
10100
10500
10200
12600
12800
11100
12600
13200
12300
54200
44300
12700
11800
42100
12300
13000
11700
12400
11900
12900
14700
47500
13500
12800
13100
12700
56200
43200
95600
12900
14600
12800
16200
13200
122500
13100
161800
10500
16000
10100
10200
19200
17100
11700
10900
16700
10800
18000
14900
21000
23600
10300
10400
8200
8500
7900
8000
7700
8000
8400
8000
8000
9000
8200
49100
11400
8000
8200
10200
10000
27300
9600
9800
10700
11700
9800
9800
10000
10400
9800
10500
10200
10000
9900
15500
11900
12500
12900
12300
54200
45800
20000
16200
39500
15300
12000
11400
11700
12000
14200
14900
48900
13200
12800
13100
12700
55800
42100
98200
13000
14600
12900
14000
13300
121400
16600
152500
10500
17600
10100
10600
18000
17400
11000
10600
16600
10500
19200
12800
25300
24100
10300
11900
8300
8300
7800
8100
8100
8000
8000
8200
8900
9200
8100
8200
8400
8400
8500
39200
10100
11000
9700
11600
16400
14900
43600
9900
11600
11000
10100
13700
10400
10000
13100
19700
11700
29700
11800
11500
11500
53900
11500
12700
11900
11800
44000
31400
85000
13900
13300
18800
53500
16500
19500
21500
20200
99800
72100
113200
17200
15800
12700
14200
12900
118600
13300
162100
10300
16700
10400
10000
18400
17400
10000
12400
16900
10400
18100
12800
20900
26800
10300
13500
8300
8100
7900
7900
8200
8600
8100
18100
6800
9300
7000
58100
34000
7200
7000
9100
27600
9300
8400
8400
9500
9300
8600
8500
8900
9100
8500
9100
9000
11600
8900
12000
10400
24700
10600
10300
10700
83000
12200
11700
10600
10300
13200
43200
45900
10900
10400
16000
14800
14500
13700
13100
69400
37900
14800
12400
34400
15200
12800
11800
11600
12700
17200
100400
10200
16400
10200
10100
18700
17300
10100
10600
16800
10600
17900
12000
22700
28200
10300
10300
8200
6900
6700
46000
6800
6600
6800
26000
6800
7900
6900
6900
7100
6900
7200
8800
8700
8400
8500
8500
9400
9200
8500
31100
44300
9300
8500
9200
11400
10000
8800
12000
10200
25200
31500
10200
10200
41100
10400
11500
10500
13000
10600
10600
10400
10900
10400
35400
23000
13300
13400
12900
42300
38500
13100
13100
32700
12800
11900
11600
11700
11900
13100
109200
17600
11700
10500
10000
10500
20500
15200
28200
10300
12600
10500
11300
11700
37900
10400
11200
7000
7100
7100
7200
7200
6900
6900
6700
6800
7200
7000
7400
7100
7100
7100
9400
8800
11400
8600
8500
8700
8500
8700
10200
9100
8700
8600
9100
9500
8800
8900
11400
10200
13600
48800
16300
14100
15000
14300
16400
11800
10700
12000
11100
11000
11000
11000
39900
12000
12200
11500
16800
13500
44400
11700
12100
11800
12200
11700
12300
13200
12500
12100
87200
10200
10300
10800
11800
11700
11600
11900
10400
19200
10400
21600
10900
10700
10800
10300
11300
7200
7300
10500
7000
7100
7200
6900
7100
7200
7600
7200
7300
7300
7500
7200
9500
9000
8900
9300
8900
9000
8800
9000
8800
11500
9000
9000
9300
10200
12000
9400
11600
11100
11500
33600
11300
10300
11000
10700
11800
10800
10700
11800
11000
11000
11000
10800
40900
11800
12100
11500
12000
13300
47000
11700
12200
11800
12700
11800
12400
13200
12200
13400
84800
10100
10900
10400
11700
11600
11500
14600
10600
18800
10500
20400
10400
10600
10800
10300
10300
7300
7400
7400
6900
7000
7100
6900
7200
7100
10200
7200
7200
7300
8400
7200
9500
9700
8800
9200
9400
9700
8700
8700
8800
9500
8900
8900
9000
9700
9000
11700
11600
10700
11400
32000
11700
10600
11100
10500
11800
12300
11100
11800
11300
10900
10800
10600
42800
11900
12000
11800
12100
13300
43500
11900
12100
12200
12100
11900
12300
15800
12500
12300
85400
10100
10600
10400
11800
11600
12600
13300
10500
18500
10400
23000
10400
10600
10800
10200
10300
7700
7400
7400
7200
7100
7200
7000
7200
7300
7700
7200
7400
7300
7300
7200
9700
12400
8800
9200
9400
9700
8900
8700
9300
9300
8700
9000
9000
9200
8800
9100
13200
10700
10800
10900
10600
10600
10900
31500
11100
10400
10700
11200
11800
11500
11400
11200
42600
11700
12100
11700
12100
13500
43600
11900
12000
11600
12400
13200
12400
13200
13200
12500
86700
10400
10500
10300
12300
11600
11500
11700
10500
18000
10600
19800
10300
10700
10700
10500
12500
7200
7200
7300
7000
7300
6900
8400
7200
6900
7600
7300
7400
7000
7300
7200
9000
9500
9200
9300
10300
12100
9100
8900
8900
9400
9000
40200
9000
9300
9000
9100
11400
10500
10700
10600
10800
10600
13400
10700
11200
10700
11500
11100
11900
12700
11000
11500
13200
11600
14500
33000
12900
11700
14700
11900
13000
11900
12100
12900
12300
12100
38100
11900
86100
10200
10400
11300
13100
12500
12400
12600
11300
19800
11100
21300
10300
11700
10700
11300
11600
8000
7300
8700
10500
10400
7700
10400
7300
7000
7700
7300
7900
7100
7300
7200
9000
9600
30700
9200
9400
9600
8900
8700
11600
15500
8800
9000
15000
11000
9100
9000
11600
10500
10700
12000
14300
11000
11000
10500
41900
11000
13800
11400
11900
11800
11400
11100
13500
11800
13200
33800
13400
11800
13700
11900
13200
14700
12700
13000
12400
12200
12700
12000
195400
10800
10600
10300
10300
12600
21500
14400
10400
10100
10700
10400
10400
12400
10700
10800
10600
7600
7300
6900
7100
7000
8600
7800
7200
7600
8600
10400
8600
7500
7300
7300
11200
9000
9700
8600
9300
8900
9500
9500
9600
9100
8900
9200
9100
9400
9000
12000
26300
11300
10600
10600
10400
10600
10700
10600
10700
10700
11500
10900
10900
10900
12600
14300
13600
12100
11900
13100
12100
13000
12000
13000
12000
12000
42000
12100
40000
8200
18500
8100
171400
5300
14600
4900
6000
6600
20300
4800
4900
4800
6000
8500
5100
4900
5100
4900
9200
6200
6400
6100
5700
5800
5800
5700
5900
5900
6200
6600
5900
6200
6100
6600
10200
6700
6900
6600
6700
6500
13100
6900
6600
6900
7200
6900
6600
6900
6900
6900
21300
10200
7300
7100
7200
7300
7200
8500
7800
7200
8000
7700
7300
7600
8700
8100
9500
7400
8600
10100
7100
8300
7700
8000
7500
7300
37900
8300
32900
7700
8700
7800
149500
4600
10700
4700
5500
4800
19600
4700
5000
4900
5700
4800
4900
4900
4600
4900
9100
8800
5900
6200
6100
6100
5900
5900
6100
6000
6200
6300
6200
6400
6900
6100
7100
7100
7200
6700
7300
6400
9400
6700
6700
6500
6700
7000
6800
7400
6800
6900
21100
7900
7300
7200
8800
7300
7300
10000
8000
7100
8000
7400
7400
7500
8400
8100
8700
7300
7100
7300
7300
8200
7500
8000
10200
7700
36500
7300
32700
7600
8400
7800
144900
4700
9400
7400
5400
4600
19200
4800
4800
4600
5700
4900
5000
5100
4900
5000
8800
6200
6000
6100
6100
5800
6000
8700
5900
5900
6200
6100
6000
6100
6100
6000
6700
6800
7000
6300
6400
6400
6600
6400
6600
6600
6600
6400
9300
7200
6900
6800
8400
7200
7100
21500
7600
7100
7800
7700
7800
7400
7300
7600
10200
7700
7900
7500
8500
7300
7300
7100
8000
8100
7400
7800
7300
7200
37300
10000
32500
7500
8200
7500
144200
4600
9400
4600
5300
4700
18700
4400
7600
9000
5900
6700
4900
4800
4700
4900
9300
6100
29000
6000
6000
5700
5800
6100
6200
5900
6200
9000
6100
7000
5900
6100
6700
6800
7200
6500
6300
6600
7800
7200
6500
6700
7000
6600
6700
7000
6900
11000
7800
8000
7100
7000
7600
7200
7700
7800
7900
7100
7500
7500
7500
7500
7900
7700
23700
7700
7800
7400
7300
7200
35700
7500
7600
7500
8500
7600
7500
7700
8300
11100
147900
4800
9100
4400
5300
4500
18800
4600
4500
4700
5400
4900
4900
4700
7500
4900
8500
6200
6000
6100
5800
6000
6000
5900
5900
5900
6200
6300
6200
6900
6100
6000
26700
6800
7000
6300
6600
6600
6700
6300
6600
6600
35900
6700
6800
7000
7000
6700
9600
8100
7000
8000
8600
10400
10500
8600
8800
10000
40500
16200
11000
11700
12400
10000
30000
8700
8000
8400
11400
7100
7300
7400
7500
7100
8400
7300
7400
7600
8000
8400
155100
5100
9700
4600
4800
6200
4700
5400
4800
4700
13400
4900
12200
5000
5800
5200
12500
6000
6800
5900
5700
6000
6200
5900
6300
6100
6300
6000
36100
6200
6200
6000
7300
6600
9800
6600
6500
7800
6600
7100
6700
7000
6700
6900
6800
6600
6600
39500
8100
7700
7200
7300
7800
7400
7300
7300
9800
8000
7700
7300
7300
7500
7900
7500
9100
7400
8000
12600
7600
7200
8300
7200
7600
7500
7600
8100
7600
7300
7500
7800
145100
5200
4900
8300
4800
4800
4700
11400
5900
5300
5000
4700
6000
4900
5000
5100
8700
6000
6100
5700
6100
34300
8700
5900
6200
6100
6100
6200
5900
6100
6200
6100
6900
6500
6800
6500
6400
6400
6700
6900
6600
6900
9400
6700
6600
6700
6700
39600
7800
7700
7400
7200
7700
7200
8800
7400
7700
7900
10500
7400
14600
8600
8000
10300
11600
9200
11000
11600
11200
10800
12100
9500
7200
7400
7400
11300
7500
8000
7200
7900
143900
4700
4800
5400
4700
4600
6100
11200
4700
4800
4700
4800
8700
4900
4700
5200
9100
5800
6000
5900
6100
5800
5900
6100
6000
6200
6100
6200
6100
6100
6400
6200
6800
9200
7700
6600
6600
39900
6500
6700
7100
6700
7100
6800
36700
6800
6800
6700
11000
7600
7300
8800
7800
7400
7000
7400
7700
7900
7800
7400
7500
7800
7800
7500
8600
10300
8100
8400
7400
7400
8400
7500
8000
7600
7700
8300
7700
7700
7700
7700
146800
5000
4400
6600
4900
4800
4500
10700
4700
5000
4600
4800
5900
5000
4700
5400
9300
6100
5700
5900
7100
9100
5700
6100
6200
6200
6200
5900
6100
6100
6200
5900
6700
7800
7700
6600
6900
6400
6500
6600
7200
9500
7200
6600
46100
7000
6900
6700
7700
7300
7000
7200
8700
7300
7100
7800
7200
10500
7400
7600
7400
7300
8000
40600
8300
7200
7700
8400
7400
7500
8100
7500
10300
7400
7500
8100
7600
7500
7500
7800
146800
4900
4600
5200
4900
4800
4600
10700
4700
7900
4700
4800
5600
5000
4800
5100
9400
5900
5600
5900
6200
6000
5700
6100
6200
6200
6200
6000
6200
6400
8700
6100
6800
6500
7500
6700
6700
6400
6700
6700
7000
6700
7000
7600
35700
6800
6700
6500
10800
7000
8600
7500
7400
7200
7300
8400
7400
7700
7500
7900
7500
7400
8000
68600
11000
7900
7400
7300
8100
7200
7500
7500
8500
8000
8000
7600
7600
7700
7700
7700
145900
4800
4400
5400
4500
4700
4600
13000
6500
8000
7900
7600
8700
8600
7500
7300
9500
26000
6600
5800
6200
5700
5900
6700
6200
6000
6300
6200
6100
6000
6200
6100
6800
6600
7900
6500
6500
9300
8500
8800
10100
9500
12100
9900
53100
9600
9000
6800
7600
7000
7100
7500
7200
7100
9900
8200
7300
7800
7500
7600
7500
7500
8400
40400
8400
7800
7400
7400
8100
10800
7800
7200
7900
8200
7900
7400
7600
7500
9100
7400
146300
4800
5300
6300
7600
4600
5700
4900
4900
4700
5000
5500
5000
4600
4900
5100
10400
5800
7100
7200
6700
5800
6700
6700
9100
6400
6100
5900
6100
6000
6100
6100
7100
6600
7400
6600
6600
7100
7800
6600
6700
7000
6800
6700
6700
9600
6900
7300
8000
7700
7100
7200
7300
7100
7100
7400
7300
7200
7700
8600
7600
7700
8000
7300
11400
7300
7300
7400
8100
7400
7200
7400
8100
7600
7500
34300
8400
7400
7700
11500
144700
5000
4600
5700
4500
4700
16400
5900
5500
4700
4800
4700
4700
5000
5000
4800
8900
8300
5800
6000
5900
5900
5800
5900
6200
6000
5900
6800
6300
6400
6200
6100
7400
6600
6800
6900
6500
6400
6900
6600
6900
6900
6600
6500
6700
6600
6500
17900
10200
7500
7200
7200
7100
7300
7300
7200
7100
10100
7900
8700
7300
7200
7900
7400
8600
7300
7000
7200
7800
8300
7400
7200
7900
7800
7100
106500
8400
7800
7700
8300
142600
4700
4600
5500
4500
4300
15800
4700
4300
7300
5200
4800
4800
4900
4800
4700
9900
6400
6000
5700
6100
6000
6000
5800
6300
6000
6100
6300
6000
6400
6200
8800
8100
6600
7300
6300
6700
6600
7500
6700
6600
7000
6600
6500
6800
6700
6800
6600
7800
7400
10300
7100
8300
7300
7200
7200
7000
7300
7700
7200
7200
7200
7800
7300
8400
7100
7000
7100
8200
10000
7400
7400
7900
7500
7200
32700
7900
7400
7200
8300
141200
5800
4500
8100
4500
4800
17900
4700
4500
4600
4500
4700
4600
4800
5600
4600
9000
5800
6000
5900
6000
5800
6000
5800
6100
8700
6000
6100
6100
6300
6100
5800
7100
6300
7300
6600
6600
6600
6400
6700
6800
6900
6400
6700
6900
9700
6700
6700
7400
7000
7000
7100
6800
7100
7600
7400
7200
7700
7300
7000
7100
7200
7800
7700
11100
7100
7200
7000
7800
7200
7200
7300
7800
7100
7200
33600
8400
7500
7300
10700
142000
4600
4400
5400
4600
5700
16200
4500
4600
4700
4500
4700
4600
4900
4800
4700
9800
5900
8900
5800
6000
5900
5900
5600
6200
5900
5900
6200
6000
6300
6200
6000
6700
6300
7200
6400
6600
6500
9100
6500
6600
7000
6600
6600
6500
6700
6800
6800
7400
7100
7000
31700
7200
7000
9200
7100
10100
8000
7400
7500
7300
7600
7800
8000
8200
7700
7200
7200
7600
7300
7300
7300
7200
7400
9700
7200
8100
8400
9600
8100
144400
4600
6000
6200
5300
4300
24200
4700
4500
4600
4700
8000
6700
5200
4900
4600
9500
5800
5800
6200
6200
6000
5800
5800
6200
6000
5700
6300
9200
6400
5900
5900
6500
7000
7300
6500
6300
6400
6400
6400
6200
6800
6600
6600
6700
6400
6600
6600
9900
8500
16800
7000
7000
7100
7600
7200
6900
9200
7400
7200
7300
7800
42700
7800
11500
7600
7000
7000
7000
7200
7000
7200
7300
7000
8000
7100
7200
7400
7200
7200
144200
7400
4400
4500
5400
4600
4500
4800
5500
4800
4600
12000
5700
4600
4800
5700
9500
5700
5700
5800
5500
8800
5800
6000
5700
6400
5900
7600
6000
6300
6300
5900
7000
6700
7000
6700
6800
6800
6600
6500
9600
7000
6500
6500
6600
6800
7000
6900
7900
7300
7400
7100
7700
8700
7500
7300
7600
7400
10000
8100
8000
7800
7900
8200
8500
7300
7200
8000
26400
7200
7300
7400
9000
10000
8100
7600
8200
7600
7600
7600
147600
12600
5300
4900
9600
5600
5500
5700
4700
6000
5600
4800
5900
5800
6700
5900
8400
6700
6500
6500
5400
6600
6700
5800
6600
8400
6700
5800
6900
8900
6400
5900
6900
6600
6700
6700
6800
6600
6500
6300
6700
6800
6500
6400
6500
6800
6900
7000
10400
7000
7000
6800
7600
8100
6900
7100
7100
7200
7100
7700
7700
7300
7700
7900
11800
7000
7100
7700
24600
7000
7600
7500
7400
7200
7900
7400
8000
7400
7600
7400
144600
12900
5200
4700
9400
5400
5200
4700
4600
4800
5000
4700
4900
4900
5700
4900
11600
6000
5800
5900
5600
5700
5800
6100
6000
7700
5900
6000
5800
6000
6300
6200
6700
6500
6900
6400
9900
6600
6300
6700
6400
7100
6800
6500
6700
7100
7300
6800
7900
7100
7000
7100
7700
8000
9900
7100
7100
7000
7100
7900
7900
7100
8000
7900
8400
7000
7100
7700
24500
9800
7700
8600
7400
7100
8100
7400
8000
7600
7500
7600
144600
12200
5100
4500
12200
5700
5300
4500
4800
4700
4700
4800
4800
4700
5600
5000
8900
5900
5800
5600
5700
5800
5700
5700
8500
6300
6400
5900
5900
6000
6000
6000
7300
6400
6900
6200
6400
6700
6700
6600
6900
7200
6800
6600
6500
9900
7100
6700
7700
7500
6900
7700
7800
7500
7400
7900
8000
7700
7500
7200
7300
10200
8400
8300
8500
7100
7100
7800
24600
7200
8600
7700
7200
7100
8000
7300
10800
7300
7600
7500
142700
12100
5200
4400
9200
5300
5300
4400
4700
4700
4800
7400
4600
5000
5700
5500
8300
5900
5700
5900
6100
5600
5900
6000
7400
6100
5700
5800
5900
5800
6200
5900
9500
6500
22800
6200
6400
6500
6400
6300
6500
6900
6700
6500
6400
6900
7100
6600
7500
7400
9700
7700
7600
7600
7200
7500
8100
7800
7600
7500
7400
7300
8500
8400
8100
7100
10000
7300
7800
8400
7600
7200
7400
7800
7100
8200
7900
7400
7600
8000
144000
11700
6100
4500
9400
5200
5200
4800
4600
4400
4900
4700
4500
4900
5700
5000
10300
8800
19000
9500
6300
6100
6100
6200
7300
6500
6400
38900
6300
9400
9500
7200
7300
9900
7300
6400
6300
6600
9800
6900
6300
7100
6800
6500
6600
7000
7100
6400
21000
7600
7200
7500
7600
7500
9900
7300
7700
7600
7400
7200
7100
7300
8500
7900
8300
7100
7100
7100
7600
8300
9900
7200
7200
7300
7600
8200
7800
7300
7400
7900
152600
4600
5000
5400
9900
7700
4900
4700
4700
4700
5600
4900
5500
4800
6500
5100
10900
5900
5800
5700
5900
5700
5800
6000
6000
9000
6800
6000
6000
5800
6200
7900
7000
6900
7200
6900
6500
6900
6300
6600
6600
6600
6400
6700
6700
6700
7100
9700
8300
7300
7000
7100
7200
7200
7700
7500
7300
7200
7100
7200
7400
7200
7800
7400
8400
10500
7500
7700
7400
8000
7400
7400
7100
7300
7400
8100
8800
7700
7300
7500
145500
4400
4400
13900
4500
5400
4700
4800
13900
4500
4800
4500
4700
4800
4500
5100
9500
5700
6000
5900
5800
6000
6000
5900
5800
6000
8800
6000
6100
6000
7700
6000
7000
6500
7100
6400
6400
6300
6400
6500
6200
6600
6600
6400
6600
6700
7000
6600
10800
7200
7100
6800
7200
7100
7500
7200
7100
7200
7300
7200
7900
7400
7900
7400
8300
8000
9900
7100
7100
7700
7100
7200
7200
7300
7200
7900
7100
8800
7500
7300
141200
4700
4200
9800
5500
6000
4400
4500
13900
5400
4700
5500
5500
4600
5500
4800
10000
6700
5700
6600
6600
5600
5800
6800
6800
5800
7000
8800
5800
6200
6200
7400
6300
6700
7100
6400
6400
6200
6500
6500
6800
6600
6600
6600
6700
6600
7100
6900
10800
7200
7000
7200
7700
7100
7500
7200
7400
7300
7200
7500
7500
7400
7700
7600
8200
7600
9800
7100
7200
7900
7300
7300
7200
7100
7300
7800
7500
7500
7400
7500
140500
4500
4400
9900
4300
8000
4400
4500
13000
4500
5000
4700
4600
4600
4600
5000
9600
5700
6000
5800
5600
5900
6000
5900
5800
5900
6000
5800
8900
6100
6000
6200
6700
8200
7100
6300
6500
6400
6500
7500
7100
6900
7100
6900
6600
6800
7000
6900
10300
7500
7100
7000
7200
7200
7200
7100
7100
7300
7000
7300
7300
7400
8400
7300
8100
7600
7200
9800
7300
7700
7200
7200
7300
7300
7200
8100
7600
7500
10300
7400
140200
4600
4200
9600
4500
7700
5300
4400
12800
4400
4500
4800
4800
4400
4600
4600
9700
5900
6000
5700
5800
5900
5800
5900
6000
5800
6000
6200
9200
6100
6800
6200
6600
8100
7400
6500
6500
6100
6600
6500
6800
6900
6600
6700
6700
6700
6900
6600
10700
7600
7000
7200
7200
7200
7000
7400
7600
7100
7200
7400
7400
7100
8200
7500
8500
7300
7300
8700
10600
7300
7800
7300
7400
7100
7400
7300
7500
7000
7400
8800
142700
4700
4400
9600
4200
5100
7400
4700
12900
4500
4800
4400
4800
4700
4500
4800
8200
5800
5900
5700
5600
22600
5900
31400
6600
8700
5900
6000
7400
6700
8800
8700
10300
9400
7000
6500
6500
6300
6400
6700
6900
9500
6900
6400
6900
7100
10100
6900
7800
7900
7000
7200
7100
7000
7100
7300
7200
7100
7200
7300
7300
7400
8500
7600
8400
9800
13800
7500
4400
4400
4700
4400
4000
4200
4300
5400
4200
4200
4300
4000
28100
3400
2800
2400
2800
6400
2600
2700
2600
2500
2800
3300
3100
2700
2600
2500
9900
4700
3100
3200
3900
3300
3000
3200
3200
7300
3200
3300
3200
3000
3400
3300
4700
3600
3700
3500
3600
3400
3500
3600
3300
3300
3700
4400
3600
4000
3700
4000
5200
4200
4100
3900
4200
4700
4200
3900
4000
4000
4200
4000
4200
4100
4200
4700
8300
4400
4200
4500
4300
4100
4700
4100
6000
4300
4900
4300
4300
4100
4000
4400
31300
3000
2800
5700
2800
3400
2500
3800
3600
2600
3500
4000
3000
3500
2800
2900
6100
3200
3300
3400
3300
3100
3300
5900
3600
3100
3300
3200
3100
3300
3700
3400
4100
3600
3400
3500
3500
3400
3600
3500
3300
3500
3600
4300
6200
7000
3700
4000
5000
4000
3800
4000
4000
4500
4000
3800
3900
4400
4000
5600
4000
4100
4100
7300
5400
4000
4100
4800
4300
4200
4600
4200
3900
4700
4700
4200
4300
4000
4100
4300
32000
2900
2600
2900
2900
3400
2400
4000
3800
2600
3400
2800
2900
3500
2700
2800
7000
3400
3400
3400
6100
3500
3100
3500
3800
3400
3100
3400
3400
3200
3500
3500
4100
3900
3400
3700
4000
3700
3600
3400
3700
6700
3900
3800
3400
3800
5100
3600
4800
4100
4000
3800
4100
4300
4000
3700
3900
4000
4100
3900
4000
6600
4100
4500
5300
4000
4700
4800
4200
4200
4600
4000
4000
4200
4600
4200
4100
4100
4200
7000
28500
10800
6400
2800
2800
3400
2600
3400
3500
2700
3400
2800
3000
3300
2600
2900
7200
3300
3300
3300
3300
3100
3200
3200
3900
3200
3200
3200
3200
3300
3600
3400
4200
3400
3500
3700
3900
3800
3400
6300
3700
3900
3400
3700
3600
3500
3600
3700
4400
4100
3900
3700
3800
4000
4000
3800
3900
3900
4500
6100
4000
5300
6300
5900
6900
4000
5100
5500
5300
5100
6200
5000
4000
5000
5500
5200
7400
4000
4100
4300
27900
2700
2400
2700
2600
3300
2400
3300
3400
2600
3300
2800
2800
3400
2600
5700
6400
3200
3600
3400
3300
3200
3300
3400
3600
3200
3200
3500
3300
3300
3500
3300
3900
3400
3600
3900
4000
3700
3300
3500
3700
4000
3400
3500
3700
3600
3400
3700
4600
6800
4800
4100
4000
4100
4000
3900
4100
4200
4200
5000
4200
4600
4600
4700
5300
4100
4400
6800
4200
4800
4200
3900
4000
4300
4400
3900
4100
4200
4400
4700
28300
2700
2700
2700
2800
6200
2600
3500
3200
2600
3300
2700
2800
3200
2600
2600
6300
3400
3600
3200
3200
3100
3200
3200
3600
5900
3200
3300
3500
3200
3600
3400
3900
3500
3400
3500
3900
3700
3600
3400
3800
4600
3600
3600
3500
5200
6700
3500
4600
4000
3800
4000
4200
3900
3800
3900
3800
3700
4000
5100
3800
4500
4400
4700
7700
4200
4300
4100
3900
4900
4200
4300
4300
4200
5800
4100
4200
4300
4400
4700
28400
2600
5600
3400
2700
2800
3700
2500
2700
2800
3300
2800
2600
3000
2600
2800
23800
3800
3500
4200
6300
3400
3400
3100
3400
3400
3400
3100
3200
3400
3200
3300
5500
4000
3500
4100
3600
4000
3800
3600
6300
4100
3900
3500
3900
4000
4600
3900
5000
4200
4200
4300
4700
4200
3900
4100
4200
4200
3900
6900
4700
4300
4100
4700
5800
4400
4400
4700
42900
4400
28500
149300
5500
5000
5000
4900
4600
4600
5100
4500
29200
3000
2700
3400
5700
3000
2800
2900
3000
2800
3900
3100
2800
3000
3000
3700
6700
3900
16000
4200
3500
3500
4100
3200
6100
3600
3300
3300
3500
3500
3600
3800
4700
4000
3600
4100
3500
3700
3800
3700
3400
3600
3800
6200
3600
3600
4000
3900
5100
3800
3800
4000
4400
3900
3600
3700
3900
4100
4000
3700
4400
4100
6700
4700
5800
4500
4300
4900
40900
4200
29000
49300
4300
4800
5200
8000
6600
4600
4800
4400
30100
2900
2500
3600
2500
4000
3000
2700
5700
2600
3600
2900
2700
2700
2900
3500
7100
3600
3200
3400
3400
3100
3400
3400
3400
3100
3300
3400
3500
3100
6400
3800
16000
4400
4000
3900
3700
3800
3900
3400
3600
3800
4000
3800
3700
3600
3600
6400
5100
3900
3800
5700
4400
4000
3800
3800
4000
4300
3900
3800
4300
4100
4200
4500
8300
4400
4600
4700
118500
4500
27000
39500
4400
4700
7500
5000
4400
4600
4800
5100
29300
3000
2600
4900
2500
2800
2800
2600
2800
2600
2600
2800
2600
5400
3000
3500
6500
3400
3100
3300
3400
3500
3200
3400
3400
3100
3200
3500
3400
3100
3400
3600
18300
4500
4000
3900
3800
4100
4100
3800
4000
3600
4000
3800
3900
3700
3700
4000
5500
7100
4000
4900
3800
4000
4200
4000
3800
4000
4400
4200
4000
3800
4500
4200
5700
4200
4200
7700
41000
4200
64600
38900
5000
4700
5200
4700
4400
7100
4900
4300
29000
2900
2800
3500
2600
2800
3000
2600
2900
2900
2800
2800
3000
2700
2800
3500
8900
3600
3500
3200
40400
3300
3300
3400
3400
3200
3200
3600
5200
3200
3500
3900
15200
6200
4800
4800
4500
4600
4800
4700
5100
3700
5000
4500
4700
39500
4500
90600
6100
4200
4100
4600
4000
3900
3900
4000
4100
4000
3900
4000
4100
4200
5100
4300
7900
4600
4200
4300
4700
4200
4300
4200
5500
4300
4600
4300
4800
5700
4500
5100
31600
2700
2700
3400
2800
2500
3000
2600
2700
2900
2700
2800
3000
2600
2800
3400
5500
3400
3100
3300
3100
5900
3200
3400
3700
3400
3100
3400
3300
3100
3300
3600
15300
4500
3800
3800
3600
3700
4000
6400
4100
3600
4000
3700
3700
3500
3600
3900
5300
4100
3800
4500
4000
4000
4200
5400
3900
4700
6700
4200
3900
4000
4600
4100
5400
4500
4000
4200
4800
4400
4300
4400
4300
4200
4400
4500
7500
4500
4400
4900
29200
3000
2500
4000
14200
2900
9400
13400
2500
3300
6100
3600
3000
2600
3500
2800
