1735400
15500
6900
7200
159900
24500
115200
13600
10900
10200
10900
11100
11000
11900
11500
11900
18200
84700
34100
110300
141000
16200
16700
16000
16100
212200
17700
17100
17500
19900
18000
20200
141200
31700
20700
129900
23000
20500
55400
22400
22300
24400
22500
24700
24700
23900
24200
284800
161900
156700
145000
25800
25000
175800
25900
26000
25500
190300
231100
35700
28500
30000
31700
262900
177500
173900
30200
156200
126600
145100
26800
28400
24600
25400
27400
25900
25500
26200
27400
28100
29100
16400
14500
12100
20500
7100
7000
6600
6800
6900
7500
7400
7400
10800
26100
8300
15600
28400
18000
41100
42700
11800
11800
11100
11300
53000
13200
12200
12400
17700
13100
17800
60600
17600
14900
61800
16000
15700
29900
16300
15800
16600
16200
19800
17500
17900
17600
109200
81100
79700
81700
20200
21600
87400
20100
20900
20300
98600
109700
10000
8900
10800
10000
123900
100100
113600
11000
124900
106000
124700
12300
14200
10800
11200
12900
10600
11000
11200
12200
11200
17000
18300
2900
3700
3100
3900
9400
3100
3000
3000
3300
5200
3300
3800
42000
3400
17200
5200
7400
5800
50100
5100
28200
5000
5100
4900
5500
5100
5000
5100
5300
5000
60000
13800
10600
74600
11000
10800
28100
13800
10800
11500
10900
13100
11400
12800
11000
148400
95200
92600
102200
14300
12900
126200
13700
13900
13500
98600
87300
14900
14000
17600
17400
112800
88500
95300
16500
117100
88500
102600
19000
21100
18500
17200
18700
15100
15700
16500
24400
19100
23000
22100
4300
5500
4500
5700
13100
4600
4600
4800
4800
4900
4900
6100
45700
9800
32800
7900
8000
7600
58100
8000
40000
8000
8500
14700
8300
10800
7900
8000
10700
8200
14100
40400
39200
67300
40200
9800
9700
10500
9600
58200
10100
9700
10100
9300
10300
12100
93500
56800
56900
13800
13500
65000
13800
14000
13700
83300
92400
15500
13700
17900
15800
124500
91100
95900
16300
97300
88900
102300
19100
21100
17300
16600
19800
23300
16900
16700
18400
19200
5200
4800
4500
5500
4700
6100
104900
4700
4700
5000
4900
4800
16000
13600
5200
5200
18900
7600
7700
7600
29400
7500
34900
8100
7600
8800
8200
8000
8000
7900
11700
8000
17100
73000
68800
36200
38200
10000
10100
10800
10000
47700
10400
10100
10800
10300
10800
17500
49700
16800
12500
105700
20100
14200
94300
14000
13700
14500
13600
17100
13400
16300
14000
94900
85100
78500
17100
83200
76200
103000
18900
21000
15800
23200
19700
16600
17100
17200
18700
17300
13500
7900
9400
7600
11400
6100
25000
4900
4900
5000
5300
5400
5300
6000
16000
5300
26000
13500
8300
14300
33400
7800
44800
7900
8200
8000
8500
8100
21600
8000
8800
7800
16500
37200
32000
40100
49800
16600
10600
10800
12700
47800
10600
10800
11400
10800
10800
13200
44300
17200
18600
61900
19200
13300
53800
13900
13500
16700
13500
16200
14900
18700
13400
92800
73100
57800
54400
15700
16000
60000
15800
51400
15700
69700
71000
15900
23200
20500
18700
90000
21200
12000
11800
13100
12500
12600
12300
13100
12200
12000
18800
12400
12100
13500
12800
13100
17100
17500
16500
15800
14900
14900
15200
16000
14500
15000
17600
15100
14900
15500
23600
16400
19100
19100
17200
17700
18000
20000
18000
20900
17900
287700
39000
227700
31700
31300
23900
24700
44400
95800
22200
22500
24300
22200
28200
22300
22500
267900
134800
23900
25100
95700
22500
105000
362800
19000
16900
19000
17200
30000
16200
19000
16600
32400
16900
43200
17400
18800
38700
24500
23500
14700
14600
15400
15700
15100
15100
14600
15800
15000
14700
14500
13800
15000
15100
15700
18600
18700
19100
17300
26800
17200
18200
18700
18900
17400
19000
17300
18100
18100
20700
18100
22100
22600
20600
34500
20900
21900
20300
29800
20600
115900
20700
121500
21700
20600
22100
23100
29100
62700
30900
22700
24000
22500
25200
22700
22200
221800
124100
23700
24300
102800
22700
105300
308900
18500
18300
19300
16700
28000
16300
16700
16500
30700
23700
43000
16800
16700
42000
21300
18600
12700
12100
11900
12300
13200
12000
13200
12200
12600
12400
12400
12700
13200
19500
13000
15600
14800
15500
15800
16700
14900
14500
16200
14300
14100
14600
14300
14300
14300
15900
14000
17900
24500
16300
16400
17100
18600
16700
19300
16700
86800
16700
71800
17600
17100
18700
19100
35400
50800
18100
21300
21200
18600
22700
18700
25200
145000
87600
18800
20500
67100
18800
71900
192100
17400
15800
17600
22000
26000
15200
15500
15300
29000
15700
41000
16800
15400
33300
16400
17200
11900
11600
11400
11600
12400
11800
11100
17600
13000
11600
11600
12000
12800
11900
12000
14500
13700
15300
15700
16600
13800
69000
15100
14400
13900
14800
14200
14500
14800
16000
14400
17700
16700
18000
16600
16900
16500
19900
20100
18000
83400
21900
20100
18700
18300
21100
20300
32300
57300
19700
20800
23500
19600
26100
20100
20900
187100
89300
20400
21800
71300
20300
76700
208300
19700
17300
20100
17000
28100
16100
16800
17400
30800
16900
42400
17400
17400
37700
17300
18600
66400
12200
12300
12000
12600
12500
12500
12300
12600
71700
12300
13000
16400
13500
12900
15500
73400
15700
16700
43200
15000
15600
16600
15400
15100
16700
15300
15300
16000
17500
15600
24800
18300
19400
20100
18400
17600
17700
21500
17400
18700
19800
18000
19100
18900
20000
19600
21500
21800
25100
20100
21600
23100
20100
24200
76000
81300
84000
62500
57700
12300
14100
13300
89100
10800
10500
11500
10500
15800
9900
10400
10100
18500
10900
27900
13800
10600
21100
10700
11300
6400
6400
6400
6400
6800
6800
39500
6600
6900
6700
8600
6900
12800
6900
6800
8500
8300
8200
9000
8400
8300
8300
9000
8400
8200
8500
8300
9100
8600
9500
8300
15000
10200
10900
12000
10400
9800
10000
11100
10100
10400
11700
10200
46700
10300
11400
10800
12300
17400
28900
34400
11200
14000
11000
13100
11300
41300
11400
46300
11200
11600
12500
12700
89200
17300
11600
10000
11700
10200
12200
10100
10000
33700
19900
10000
12200
17700
10000
18900
11400
6800
6700
6300
6600
7000
6500
6800
6600
47600
6800
6800
7300
7300
7300
7200
10000
8500
8500
24500
8100
9100
8800
10100
8400
9000
9400
12500
8400
8700
9000
9100
11600
10500
9800
10800
64400
10100
10800
10500
10200
11300
10100
37800
10400
10300
10400
10300
12900
28200
11200
11600
34000
13400
11300
12400
15900
40000
12300
11700
12900
12000
11500
42000
111400
10600
13900
28600
15900
18000
14500
13200
39100
24800
14700
56000
16300
15900
18000
18600
17800
11800
11500
17500
11200
12200
10900
11300
11600
15500
13900
11300
10500
11500
11700
73600
16300
12800
18000
41100
20300
14600
13900
13200
13500
13500
14900
13500
13500
13800
15000
13900
20700
17400
15200
26000
169700
15600
14400
13100
13400
13800
13200
60200
13300
13400
14600
14000
17500
44700
14700
20700
68900
16900
14600
14600
14400
75000
16100
14900
16000
15100
14600
86200
235600
9400
8700
20400
10800
10700
9100
10600
40600
20500
9000
37100
15200
9400
11000
12900
25500
12200
8400
24100
6900
6200
6400
6200
6500
6500
9400
10400
10300
10200
13600
9800
17100
11200
11000
10200
9300
10200
11000
10000
9300
83200
11400
20500
13800
16700
11500
10600
16100
18900
13700
13000
118300
23000
35300
16500
14600
14200
27300
65800
12500
12000
11800
20300
16400
38000
11700
11900
47600
24800
13000
12700
12200
111200
28700
42200
21300
8900
8300
201400
253500
14500
8800
23200
10400
9800
8500
9400
48500
19300
8500
35300
8500
8400
11400
12500
15800
10500
10000
10200
10300
10300
9900
9800
9900
10100
16900
10300
10300
10500
10600
64600
12900
50000
10800
10900
11400
10500
12100
11400
11500
123700
11400
12900
14100
28300
14100
12500
11800
10000
10600
27700
7300
8700
12800
7600
7400
7100
8100
7500
7500
7700
9200
7700
9500
23800
8500
9700
31300
14100
7700
7600
7300
42800
10600
7800
8600
7800
7600
43100
110800
5700
4800
14100
5900
5800
4800
5600
26300
14400
4900
23800
5300
4900
6000
6100
12100
6600
6200
7100
5900
6700
8300
79200
14500
10900
11100
10500
10900
10500
11000
11400
12600
11500
11400
20700
38000
11500
11000
11200
46600
234400
9200
10300
13000
11300
12400
12600
14400
10200
51800
28000
9200
95900
135500
46100
31100
54600
43400
30800
19900
18200
15600
18400
27000
14100
14700
16200
135000
13400
14200
12900
13100
13300
13400
73400
14200
22000
14100
16900
211000
10300
9300
22000
10500
10600
9500
11600
43000
21500
17100
40300
9600
9500
11000
11000
20700
12300
18000
103300
8700
6500
6200
6200
6200
5800
6300
13100
6100
6400
6200
6200
34200
6700
6800
6400
6600
21500
6600
6600
6800
48100
37600
7000
8200
6900
7600
7400
8900
7600
7400
50300
7500
8200
7700
12600
7300
7400
8700
7600
7700
7500
7300
7900
9000
177900
10200
9000
77800
8000
53600
8600
8000
7900
7400
33300
7600
43200
8500
7600
91800
27700
14000
9500
34500
12300
9200
8800
9100
25200
10700
9300
10700
9600
9500
43200
21200
20400
10400
11000
11900
10600
11000
12300
86000
11600
11300
11100
11800
40800
11900
11800
13900
13000
12200
12100
19800
12200
14100
12600
12300
16200
13100
35100
12500
11500
12100
12000
15200
12800
12000
12600
13400
13200
22800
12800
13800
12700
89900
15200
13300
13100
12900
28600
22200
27500
63500
75500
14700
62900
13700
15600
73500
13800
13900
13600
13700
14100
14000
75600
186600
10100
9300
9300
24900
8900
9100
9200
9200
10700
9400
9200
9300
9300
10500
10900
16100
10900
10700
16800
12900
10800
11500
11900
10700
10900
10900
11400
10700
10900
87500
12200
13200
12800
12100
11500
12100
18800
12200
12300
12600
12600
13500
12300
10700
12400
39500
13400
16700
13600
13500
13500
14000
13600
16600
20200
15800
14700
70100
15600
13900
13700
13500
13900
17600
15400
61400
53300
13900
53800
14100
14000
74400
14100
13900
15100
13900
14400
14200
78000
184400
11400
9400
9200
23000
9100
8800
8800
11000
11300
8800
8900
9100
9100
9500
8900
16800
10800
10200
10200
10100
17300
11800
10800
12900
10900
10900
11000
10500
10800
12200
10500
12500
33100
12300
11900
11600
11500
12100
13100
101100
12500
12000
11900
12900
12100
12000
12200
16900
15300
13100
12700
14000
13700
16000
13600
21200
12000
65200
15000
13300
31700
15600
15100
18100
13400
61400
42500
15600
58100
13300
13100
60900
12900
12500
12700
12400
13600
12000
66700
167700
10400
8600
8800
31700
8800
8800
8900
8800
11700
9100
9300
8700
9600
9200
9100
16900
11000
10400
11900
10900
199800
13700
11100
10900
10800
12800
19400
10700
10900
11300
11400
13000
11500
11900
11800
13500
11700
11400
15800
90600
21800
13700
12000
17000
13900
14000
13600
16600
15200
15900
14100
12900
13600
14100
14000
20400
13000
13400
13300
12700
12900
13200
12700
16700
12400
76000
44000
16700
59800
13400
13300
135100
13800
13900
13400
13300
13400
13900
74800
167300
16500
9300
9100
22600
8400
8700
9100
8300
10900
9000
8800
9300
9200
9200
9000
16300
10500
11300
10000
10700
10600
10500
10800
21400
10800
57800
19300
11100
11000
11400
13500
11900
11500
11900
11700
11000
34800
11400
13500
83400
120800
12100
12200
13500
12400
11700
11800
16400
28300
12300
65700
65800
12300
19900
12100
11900
11600
13500
13100
14000
12100
12700
13100
15700
14100
39000
12100
14400
19300
15500
12200
13300
12500
63800
14600
12400
12200
12300
12400
164700
9800
9000
15600
23000
8200
8900
8500
8400
10300
8700
9000
8600
8800
8700
8800
15100
9800
9600
9700
21800
10600
10500
39300
12000
17300
11200
11800
11000
11800
10700
10700
11900
11500
11200
11500
11700
11300
12000
13100
162100
13100
12400
15600
13900
13000
12700
13000
15000
13900
14100
13600
13600
35400
16000
13500
13400
13800
14800
21600
14100
13600
13800
13700
17100
25600
13100
11500
18800
24100
20000
13200
14200
12300
80200
15200
12700
13000
12600
12700
157700
9300
21700
16200
8500
14700
7500
30700
18900
26100
7400
7800
8000
7800
8300
20000
13400
6400
7600
6300
6900
9100
9700
9300
9600
9200
8800
9000
9100
16600
25200
16200
23100
17600
17300
13700
14100
13700
13800
14100
13900
12900
16700
15500
13900
13900
14200
14000
18600
24200
14500
15400
16500
14900
17300
22300
22800
14700
14200
14100
13500
13800
13400
13200
17000
22800
13000
15900
48500
12900
16400
13200
13300
85800
13600
13800
17400
13100
15900
13800
178700
11000
8900
8800
9900
10000
9000
9700
7600
7900
7800
8600
8600
9000
8600
10800
16800
10400
11500
11600
10600
19300
11700
11900
11600
11600
11200
11100
41800
20500
11200
10800
13100
11800
11700
12000
11900
11800
11600
11900
12100
12000
18400
13100
12500
11400
9700
11300
15600
12400
11800
12600
13800
12500
13500
12900
12300
31900
14000
23800
13300
13400
13700
13500
17500
13000
13400
13800
71800
13500
13500
13000
15000
203000
14900
13700
13000
15000
13400
14100
154500
10000
8400
7900
10400
9500
7900
8500
8500
8200
8400
7900
17100
11700
8500
10900
20200
11600
10000
10100
10300
11400
10300
11100
10700
10900
10500
10400
11100
10800
10500
10700
12300
20300
12500
12000
12000
11300
12200
11800
12300
12600
11900
12100
12900
38900
13000
12700
16400
12800
12900
12800
21700
12800
15300
13400
14300
13300
14100
14400
13800
14400
14300
13900
17100
13500
13200
13500
63500
13800
15000
14200
13300
75600
34700
13800
12200
13200
14100
13300
156100
9000
17300
8400
10200
9900
7900
18100
9400
8900
8600
8700
8900
9100
9600
10900
15600
10800
11300
10400
10600
11500
10600
18400
10100
10400
11300
10900
10900
11700
11100
11100
33800
12000
12500
11400
12300
15000
12000
11400
11800
12700
12100
19700
12300
12300
11900
12800
15200
12800
12500
15300
12800
12600
12700
12600
13000
12900
12500
48600
24400
18800
23800
16400
20700
14800
14300
14500
48200
13900
15200
15500
15000
88700
15300
15700
21600
15600
15700
15800
200400
9600
9500
9600
11200
10700
9700
9700
9900
9900
9600
10100
10000
9900
10200
13700
18400
11900
13800
12900
11600
13300
13100
13300
13300
12100
13600
13500
12900
13800
14000
14300
15100
13100
14900
14200
20000
13000
13400
13300
13000
14200
12700
13900
13800
13100
12900
13300
15200
49000
14600
12700
13000
12800
13000
14200
20000
13000
13400
14400
13500
13200
13100
209700
13100
26000
8200
8000
8900
7900
16300
8300
8500
8700
8700
8700
8300
8500
22200
8500
87200
5300
5200
5900
6100
10700
5000
5000
5300
4900
5000
5100
5200
5300
5100
6000
10500
6700
6000
6300
5900
6500
6300
6400
7000
6400
6700
10700
6400
6700
6400
6400
7500
6700
7300
7200
17900
7200
7100
6700
7200
7500
8300
7300
7200
7200
7900
12100
8400
7700
7600
7500
7800
7500
7500
7600
7800
7600
7600
8600
7600
7800
7900
7900
10300
7700
12100
9700
8300
7600
9300
7900
8400
8000
8500
8600
8200
8600
8000
8000
90100
5300
5100
5000
10300
5100
5100
5000
5100
12800
5200
5400
4900
5300
5200
5100
12500
6500
5900
11400
6300
6200
6500
17600
7000
6700
6700
6300
6500
6700
6500
6200
7900
7400
6800
7100
10000
8400
11700
7100
7900
7300
7200
9200
7100
7400
7400
7400
8600
7900
7700
7700
7800
17700
8100
7900
8400
12600
7700
8000
7800
7800
7700
48200
10400
7800
7800
7800
35200
8200
12500
12600
8000
8100
8100
8200
8200
7900
8100
8200
90000
5200
11500
6100
5000
4700
17400
5100
10100
5200
5900
5300
4900
6800
6700
8700
13300
6700
6300
6300
6200
6300
6700
6700
6500
6600
6200
7700
6700
20700
118500
30300
42200
10100
39400
22800
25800
17000
16800
13500
15000
40900
14600
14300
13800
13300
12600
14200
24600
14500
14700
14700
15100
17900
15000
15000
16100
15100
14800
15000
14800
15200
15300
229600
39400
24100
24100
16500
71900
33500
15400
18200
15500
15400
15600
16200
15700
15400
15500
15700
210100
9700
21100
11100
9600
9600
9600
9400
11000
10500
9900
11300
10200
10900
10300
11600
16400
12400
11100
17000
11500
11900
11700
12000
11800
11300
11300
14300
13100
11700
11600
11400
13200
12100
11500
11800
11200
11900
13200
18200
12700
12600
12900
12000
12000
12900
12400
12200
15000
12900
13900
13100
13900
13600
14000
14000
14800
24600
13800
13200
13700
13700
13700
86900
17700
13100
13100
12800
62300
17200
20900
17300
13800
13800
13700
14000
14200
17100
13300
13500
158400
9600
20600
10100
9500
9500
9000
8600
14900
8900
9000
9500
10000
9000
10000
10600
14600
13300
10600
10500
10600
10600
10600
10900
10700
10700
10600
11700
11200
18400
11500
12100
13200
12300
12300
12200
12200
12300
13000
12500
13100
12900
14000
12300
185600
15200
19300
12800
14700
13100
12900
13400
14700
13100
13500
13500
14400
13600
13500
13500
13400
14000
13900
14100
23000
13900
15900
13500
62000
14700
13400
16200
13600
30400
13900
14000
15300
13800
14100
14400
165600
10100
21200
10300
8800
8500
8900
8600
8700
8900
9200
8900
8900
8900
9300
10400
15000
10600
10500
17300
11000
11100
10700
11100
11000
11400
10900
11000
11800
12400
13000
12300
19100
12600
12500
12600
12500
12800
13400
18000
12700
12400
13200
12400
12400
13000
12700
12300
15600
13400
13200
14400
14300
14400
13900
13600
22600
14300
14600
14600
91300
15300
15200
15100
17000
14700
14300
14400
15600
14800
14800
14500
21600
14900
14800
15000
15000
14800
15000
96200
194900
9500
24200
11800
10900
10300
9300
10300
9500
10400
10800
9600
10500
10700
9600
12100
17300
16900
13000
11200
12500
13000
11700
13200
18600
12600
12200
12000
12300
12300
13000
12700
15700
13300
12100
12800
12800
12800
13800
13300
14300
14000
14100
19800
20600
15000
14200
14800
33000
14200
13400
13900
15400
14100
14900
14000
16600
14500
14200
14300
14600
22400
15300
15700
17100
14600
13400
13500
15000
15200
17300
15400
16200
15000
14800
14900
15100
15400
28000
204100
202200
10000
9500
9200
20600
10700
9000
12000
9100
9600
9400
10000
9600
20200
15900
10400
21600
11800
10000
10500
10400
10900
10500
10700
13100
10700
11600
10700
10700
11000
11100
11700
13700
12100
11700
17500
28400
13700
13500
13100
13700
13300
18000
13900
13900
13100
13100
13300
15100
13400
14600
13300
14600
17400
19900
66200
14000
13900
13800
14500
15100
14000
13700
15000
33000
14200
14500
14000
15300
15000
20400
14500
16100
14700
15600
17300
78900
15100
15300
16300
194700
9500
8900
10500
9400
14700
9100
9400
9100
9500
11200
9400
11200
9700
9800
9700
14900
11500
11400
11300
11600
11400
24200
11600
11600
11700
11500
11800
17100
12000
12400
12400
14400
13000
12700
12900
13100
13100
14900
13200
13300
13200
13300
13500
12900
13400
13200
13600
20900
14200
15100
14500
17200
15500
14300
68300
14200
14200
13600
15300
14500
14400
14500
15000
21400
13500
14300
14000
14900
13700
13900
14000
15200
14100
14300
14400
193600
34400
22700
18400
221000
10800
9500
11000
9800
10800
10000
9700
9700
9600
10000
10200
11500
10300
10300
10100
16200
11700
12200
12100
18600
11600
12600
12000
12200
12000
12300
12400
12300
12500
12600
12900
13600
13700
12800
13600
14100
13600
13700
13500
37200
20100
14300
14300
13900
14100
14700
14100
16800
14700
15400
14700
15800
15400
14800
76100
14700
14100
20100
16100
16600
16300
15900
15000
17600
15200
15000
15100
15900
16300
15200
15300
16300
15100
15500
20800
83200
15300
15400
17000
204200
9600
9400
10600
9600
9500
9800
9600
9500
9800
9600
12000
16400
10100
9800
10100
16000
11300
11700
12000
12600
12100
12600
12000
12200
65300
13900
13200
12300
12400
12700
18300
14900
14000
13500
15200
13900
13900
13600
13500
12100
13700
14100
14400
13800
13500
14000
13800
15800
14300
19700
14800
14500
14800
15300
15200
36300
15500
14400
15400
15400
17300
15200
16100
17400
14700
14800
14400
21800
14600
44400
15400
16700
15000
15200
15000
197800
16000
15600
16800
178800
10000
8800
15900
10600
8600
9100
8700
8800
8700
9100
10300
10900
9400
8900
10500
16100
11600
10600
12100
11900
12100
12700
12100
12000
11700
18100
12300
12300
12500
12800
13000
14000
13800
13000
13200
13500
14100
13700
13600
13900
13700
14400
14300
35600
14300
20300
14100
16800
15100
14800
14900
14900
15000
15000
15400
78800
15200
15500
15600
15400
15600
16000
21000
16900
21000
15900
15200
15900
14800
15400
72400
15300
16100
15600
16800
16700
15800
21000
15600
210500
10500
10000
10600
9500
8300
9200
8800
9300
8800
8800
10500
10800
9800
10200
10200
16300
11900
18000
11700
11800
11900
12300
12000
11700
11900
14500
12200
13700
11900
13100
43800
14300
13700
13000
13300
13200
14100
13500
19000
13700
21800
14700
13900
13900
14100
14800
14100
15600
14600
14200
14800
16800
15200
15000
14400
14700
15200
20500
27900
15800
15600
15500
15200
16900
14600
15700
15600
16100
15100
14800
71600
14900
14800
16800
20500
14900
14300
13800
14000
198200
9600
9200
19900
11300
9300
9400
9500
11100
9200
9500
9600
38300
10800
9800
12400
17400
27300
11800
12300
11800
11500
12200
11900
11700
12300
14700
12400
12200
12700
12200
12200
20200
13000
11900
13000
12300
11600
12000
12500
12200
13200
12000
13100
13200
12800
13100
13100
16600
54800
15200
14100
13900
20300
14100
14100
14300
14300
14000
15000
15100
16000
13700
13700
20100
12400
13200
14600
12700
12900
14300
12800
19000
13000
12900
13100
200500
14400
47000
13600
166000
10800
10000
9900
9800
8500
9600
15700
8700
9000
9300
8300
8500
8500
9300
9400
14000
11300
10400
10800
10400
11400
10600
11600
11200
11400
11300
11100
10600
17400
11300
11500
13500
12000
11100
12000
44900
12000
11400
11200
11700
15800
14700
12900
21100
15300
20900
17600
22400
27400
20300
14300
11100
23300
13900
14200
13900
13100
13500
12900
15200
13800
13700
13700
62200
14300
13300
14300
20200
14500
15800
15100
14800
15000
14000
14200
83000
16300
16500
14100
172700
10700
10300
16100
9800
8600
9600
9900
8600
9200
9800
8700
9000
8700
9100
9100
14500
11000
10700
10100
10100
11800
43200
11800
11300
17000
11100
11200
10800
11100
11500
11000
16200
11900
12300
12200
12100
11700
13200
13100
13800
14600
13300
13500
13800
13800
19800
13700
16900
14900
15000
15200
36800
15100
14300
15300
14900
15100
17600
15600
15000
15400
15600
15300
26000
14900
15000
16900
14900
14900
16000
15000
15300
15500
15200
15400
94900
15700
17300
16000
206900
10700
11100
10700
32100
9500
9800
10000
9300
9600
11600
9800
9800
10300
9700
12500
16100
12100
11700
11000
11600
18600
11900
12800
12100
12000
11800
11900
12100
12000
12200
12500
14400
14000
13200
13000
12700
12800
13000
13000
51400
14600
18900
14300
13500
13900
13900
13800
15800
15300
14300
15100
14400
14300
14600
14500
14800
15800
15100
15100
14600
14900
20200
15700
30900
16700
14300
14500
44600
15200
16300
14700
15000
21000
13600
14900
213700
17700
22100
15100
204700
19300
10500
10800
10300
9400
10400
10900
9700
9600
10800
9500
9600
9800
9700
10000
24900
14600
12000
11600
11700
12200
11800
12200
11500
11900
32700
12900
11900
12300
12100
12200
14700
13000
14000
13400
13000
13100
18200
12600
15300
13500
13500
13800
13600
13400
13800
14200
15400
14800
14400
15300
14700
15000
14600
26100
15000
21200
15200
14600
15200
15500
94500
15600
17000
14800
14900
14400
15000
15100
14800
15300
15100
15300
21300
15500
14600
15100
15400
15000
204400
10100
10800
10700
10500
9800
12400
11200
9800
9600
36300
15600
9300
9100
9600
10200
17500
11700
12100
12100
11600
12700
11500
14000
14300
12500
12000
12500
12400
12400
12500
12600
14400
19800
13300
13500
13000
13400
12200
12700
13100
14300
13700
36500
14200
13800
14000
14300
15700
17400
14800
15600
20400
15000
14700
15000
15000
16300
15300
15100
15100
15500
13700
14600
16100
14400
26300
13800
14400
14700
14600
20300
27100
14700
16800
14800
14900
15200
15000
15400
195700
9400
8900
8900
9200
9100
10600
9200
9700
9100
15100
9300
30000
9800
9900
9900
18200
13300
11500
11300
11900
11700
11500
11500
12000
12200
11800
11700
18000
12000
12400
31100
14700
13200
13300
13500
15600
13200
13400
13500
13000
14400
13700
13600
13300
13700
13700
13600
22100
14400
14500
14400
15400
14300
14600
14800
14700
16200
15200
16100
53200
16600
15200
15300
23900
14900
14800
14800
14700
15000
14700
16100
15200
14700
16500
15500
15200
15300
15700
15200
203400
9600
9000
9600
9100
9400
10700
9400
9700
9500
11100
9700
11200
9400
10000
11600
26800
12400
11900
11500
11400
13400
13400
13500
11400
13200
12900
13600
12100
13800
13100
11800
16200
12700
14500
14700
14400
14200
12600
14300
14400
19900
13100
13400
13500
13600
13100
13800
41900
14600
15800
14500
15600
14700
14500
14500
15100
16000
15200
15900
21300
15800
15300
15400
17900
14800
14600
14500
14600
14600
14700
16000
14900
16300
16300
17800
21100
37000
15700
15400
197800
9500
9100
9100
9300
9000
11200
9400
15700
10100
11000
11200
11700
9800
15500
10200
15100
11900
11900
11900
12000
11600
11700
11600
11700
11700
11600
12300
12100
12200
12400
12100
13700
13500
18200
30000
13500
13200
13200
13500
13600
15000
13500
13500
14000
13800
15100
14800
16900
14400
14500
14700
15200
14700
20000
15000
15100
15800
15100
16000
16200
16100
15800
40400
19200
15000
15600
15000
15000
14900
20300
16000
14900
14900
16300
16400
15400
15500
15800
15500
210700
10000
9100
9300
9000
9200
9900
14300
8800
9300
10700
9600
10900
9800
10100
10000
14500
12100
12000
11700
11500
34900
12800
12200
12000
14100
12100
17900
11800
12300
12500
12300
14400
13700
13400
13000
13200
13000
12800
13300
13700
13800
13800
13400
13500
13600
14400
19800
15700
14900
14800
27000
14800
16200
14300
15000
15000
16200
16100
15400
15200
15100
15300
18900
23700
16800
15000
14600
14300
15000
15300
16400
15300
15200
16700
16000
15800
14900
15300
15000
199700
9800
8900
31600
9400
9700
11100
15800
9400
9800
10800
9900
11000
9900
11700
10100
15300
11800
11500
11700
17300
11900
11300
11600
11500
11700
12000
12800
12200
11700
12100
12500
13900
18800
13200
13000
12200
12600
12500
33100
12400
12200
12600
12300
12100
12400
13500
13200
14700
13900
14100
15700
20900
13900
15500
15100
29100
21500
18600
18900
11200
7700
7600
7300
10200
7100
7200
25700
8200
7500
12700
7400
9100
8300
7300
8500
8200
8300
7700
7600
162100
4700
4700
4800
4500
4600
10200
5000
5100
4600
5600
5000
5600
5100
5100
4900
9300
6200
7500
5900
5800
6000
7000
7300
6100
6000
5700
11600
6100
6100
5800
6100
7200
6800
28400
7000
6600
6200
6700
6700
6600
7400
6800
6600
6800
6300
7200
11500
8000
7000
7100
7700
7300
7200
7000
7100
7500
7900
7400
7300
7200
7300
26900
7800
13400
7100
7300
7200
9300
7400
7300
7300
7000
8300
10000
8400
8000
7900
7600
7500
159800
5300
4600
4700
4900
4500
4900
5700
5000
4800
5700
5500
5100
4800
5000
5000
10900
5900
11100
6100
6300
5800
6000
6400
6000
6000
6100
6100
6500
6800
6100
6300
8800
6400
29400
7000
7000
11800
7000
6600
6700
6800
6700
6600
6900
6900
6900
6900
8300
7300
7800
8200
7700
7300
7200
7600
12600
8200
38500
64700
7600
7400
28700
7800
32200
7700
7300
11900
7600
7600
7400
7300
8700
7400
7600
9400
7800
7700
8300
9900
161100
9800
8100
9400
4800
4800
4700
4600
4800
10600
5800
4900
4900
7100
6200
4800
9700
6000
6000
6100
5800
6100
6900
8400
6100
10500
6200
6000
6100
6200
6200
6000
7500
6300
28700
6700
6600
7000
6600
6300
6900
6800
6800
6500
11600
6900
6900
6600
8500
7300
7800
7400
7200
7000
7200
9100
7900
11500
35400
46000
7500
7300
28100
7900
31600
7600
7200
7300
7500
7500
7200
7200
13400
7400
7500
7600
7500
7500
7400
7400
156200
6100
4700
7500
4600
4500
4600
4800
5000
5400
5500
6500
5700
4800
7900
4800
12600
7100
9000
5900
7600
7200
7200
5800
7000
8100
7500
7000
6100
7200
7200
13300
7300
6800
29100
7000
9200
8800
7000
9300
7000
6800
6800
6800
7400
7300
7100
6700
8700
13600
7800
7300
10100
7300
7600
10700
12600
15200
135800
40200
7500
7300
28100
13100
36200
7900
11100
11300
11600
12300
8000
7400
8500
7200
7400
7700
7500
7500
7400
12000
157000
5800
4700
4600
4500
4700
4500
4600
4700
5600
4700
4700
4900
4700
7700
4800
10300
9000
8000
7400
7700
7900
39100
5700
6100
7600
6400
6200
6000
6200
6300
6300
7100
6600
29200
7000
7000
6800
6800
7100
6700
6700
6700
6700
7200
7200
6900
6900
7900
7300
7700
7300
10200
9600
7400
7000
7400
37000
16400
13700
197800
18400
43600
15300
61600
21300
13300
13500
13600
13900
13700
13600
17300
13700
14700
13900
14400
13600
13800
14000
249200
12600
14800
8900
9100
9200
8800
8600
8700
10200
9000
9300
9500
9200
10800
9500
16100
13800
11000
11000
11200
10800
11000
10500
15100
11500
11300
10900
10800
11300
11400
11000
12200
11300
43800
12800
12800
11800
11900
12200
12300
12100
13200
16900
16400
13700
12700
12800
14700
15100
14500
13600
13800
14400
13700
13700
13700
13300
13300
13400
13600
13000
46800
14400
16700
14800
14800
13900
13600
13300
19900
14100
15000
15400
73200
86300
15300
116000
15300
13700
251800
13000
9100
8600
9200
8800
9200
9200
9000
15700
9400
9300
9200
9100
11100
9400
15900
10200
10400
10200
10300
10600
10400
10200
10700
10500
10600
10900
10600
11000
15600
11500
12300
11600
42600
11900
12400
11800
11900
12900
12100
12200
11400
12400
12700
12700
12200
12400
18100
13400
13700
13200
13200
13900
13100
12900
14600
13400
13500
13300
13200
16200
48000
15500
16200
13900
18900
15400
13400
13400
13200
13500
14700
14200
68900
80600
14200
13600
13100
17200
289400
11100
9200
8700
8200
8700
8600
8300
11100
8600
9000
8500
8600
8700
8400
9100
