1065500
13200
4900
52200
5100
144900
9100
7300
7400
7100
7500
7800
7800
8000
9900
8400
90100
67900
11700
74100
11900
13000
11200
245100
18400
16000
285200
18100
16300
183900
17000
17700
29700
244900
21200
19100
20200
19700
19600
23600
20200
23500
374800
367200
315000
22800
22100
256600
186300
30300
253200
34400
28200
28100
25500
264400
30100
306500
27300
28400
29900
27300
27400
28900
187000
89100
240600
82600
43700
35000
31800
91200
31600
33400
125200
37300
98400
38600
34800
33800
35600
11500
8300
23100
10400
25500
9700
8800
8900
25800
9500
27500
10100
9800
11000
10900
68900
48400
13600
56400
15700
15300
14700
116200
15000
14800
140700
16200
15400
72000
16100
17600
22900
102600
19700
21200
20300
23400
21100
23800
21600
23500
145000
151500
148700
22400
22700
139100
103600
18600
124900
12900
14400
14300
12300
144000
14400
159700
13000
13500
12600
13400
13500
13800
107000
75500
100100
34100
22400
18400
16300
42400
14800
15500
69800
18700
48600
18600
18800
20500
18300
5000
4900
7400
4700
22800
5300
4400
4500
35600
4700
32800
4700
4700
5200
5000
13100
37500
7400
13000
35400
63200
8000
8500
7400
7500
7600
58300
7500
7400
9000
8200
13400
66400
10000
9600
9800
9700
9600
11800
9700
10800
123900
117900
126800
10500
9800
100500
85400
18500
239000
12600
10600
14300
9800
85100
9900
93500
8400
8800
8100
9300
8400
8700
55900
43900
75800
29500
15100
15900
11300
27800
11200
11400
38600
12300
32600
12200
12700
12400
15800
4900
3800
11100
4600
24800
5000
3300
3700
33900
3500
38800
3500
3200
3800
7300
16700
18200
6600
8700
19900
48900
6000
5400
5000
5100
5000
31900
5300
5100
6200
5600
28600
31500
7800
19100
7900
27900
6800
69000
6900
6700
49800
7100
7400
32600
7000
7600
49300
10400
59500
11600
10100
9900
8600
73900
9900
76400
9500
9100
8900
9200
8900
11700
55100
25300
54500
21000
12700
12200
10900
25200
10600
11300
41400
12100
30600
12300
12500
12500
11300
3400
3600
5500
3300
16900
4400
3000
4600
29100
3500
24200
3400
3300
3700
3600
9500
7500
6500
8800
8100
45300
5200
5300
6100
6100
5100
10800
5100
5200
6100
5900
22400
20100
8200
21500
8100
25400
7300
67800
8200
6900
50500
7100
7300
31600
7100
7800
11800
56900
26200
9100
8600
8800
8600
10500
8600
10500
81500
74700
74300
9400
9400
68400
51000
27600
58800
21800
12800
12400
10700
26000
10500
12500
39600
12100
31500
12100
12400
16900
3500
3900
3800
6900
3400
3600
3600
3100
3300
3200
3200
3500
3300
3200
3800
3500
9900
13900
7300
9000
13200
24700
9500
5300
9000
4900
5200
17500
5300
5100
6100
5600
23100
36100
7100
22200
9200
33600
7100
39300
6900
7000
44100
7000
7200
38700
7300
7400
15100
38200
8900
8800
8800
8800
8700
10300
8600
10300
78100
75000
69500
13700
9000
66100
47400
12600
70300
12000
12300
12400
11000
72400
12200
86900
11200
10600
11000
10700
11100
11000
11900
7600
7300
7200
7500
7200
7700
11700
7400
8100
7300
7300
7500
8300
8200
8000
10600
9800
11700
10100
9600
138400
125300
19000
18600
17900
19100
18700
19100
18900
187900
14100
14300
12600
13600
17000
12900
12600
14100
66300
13900
13400
53400
56200
13200
12600
144800
12900
26200
46500
55900
14700
13900
14200
13700
15300
19200
122100
14000
14100
60400
15400
14000
15200
207600
12300
11500
12500
14100
11000
23400
17600
19900
11800
11500
11300
28700
11200
11700
13100
14400
8800
8600
8400
8500
8500
8600
9200
9200
8500
8800
9000
8900
9400
9000
9000
15900
12500
11300
11200
11100
40400
39600
11600
10500
10500
10600
11100
11200
10900
82000
12300
16100
12800
14300
13400
13900
13400
14200
47800
15900
13800
49500
48400
13500
13100
138300
13400
18300
48500
59500
16000
13800
14000
13900
17100
14100
120700
14500
14200
63800
15800
15200
15400
199200
11600
12800
16800
15700
11900
28100
24700
18100
11500
11500
11100
25700
12500
11700
13000
12100
8800
7400
7100
36800
7500
9000
13200
7300
7200
8500
8000
7600
8000
52500
7600
10000
9300
9300
9700
30100
13800
9600
9600
9800
12200
11400
10000
9300
10600
10200
10900
12700
12400
12400
11400
11500
11200
11100
41000
12200
11500
36200
35400
11900
11600
102100
12000
24800
40600
44300
13000
13100
12800
12900
14300
12500
95800
12800
12900
43900
14400
14200
14600
125400
16200
11400
12400
13000
10900
21900
17300
18800
11400
11600
11900
23500
11500
11700
13100
11700
7200
11500
8100
7200
7000
7500
7800
7000
7300
7700
7800
7800
8000
7700
7600
9900
9100
10900
9600
9200
37600
9200
9400
9300
10100
48900
9600
52900
10200
10700
10400
61500
11300
12500
11800
12200
34400
33500
12400
11200
11800
11600
11400
16700
11600
58200
11900
15700
37100
43300
12900
12400
12600
16800
13900
12500
83100
12600
12600
43000
14100
12700
14900
132400
11600
11900
12300
12700
11000
22600
17000
17700
11500
11500
15600
23900
11400
11400
12800
11000
7000
7300
7200
7200
7000
7600
7700
7000
28200
7700
7500
7300
12400
7700
8000
32700
9600
9000
9600
9300
37900
9200
9500
9400
10000
13600
9500
9400
10600
10000
10300
12300
12500
12800
12700
12100
32200
33300
16900
11600
11400
11500
11500
12500
43100
57400
12100
34900
12700
17700
12900
12200
39400
12700
37100
14100
13100
38500
37200
17000
13200
98000
12900
127500
11700
11300
12500
17300
11200
21800
17000
17700
13100
11700
11200
24400
11500
11700
12800
11500
7600
8000
7300
7300
7000
13800
7900
7300
7000
7800
8100
8600
9000
8100
7800
10200
9300
8900
9500
24500
9200
9200
9400
13700
10300
9600
9500
9500
10000
9900
10300
12200
11200
12400
11700
12000
53600
34600
12500
11000
11400
11700
11300
12900
11500
55500
11800
37200
13500
13400
35900
12600
12600
12400
36700
13600
13100
35800
189200
15200
51000
111600
13200
96500
18600
25500
10900
11700
11200
11300
13700
11100
30500
11700
23400
20400
13300
12100
13000
11200
12100
7400
7800
7100
7200
7600
7000
29600
7100
7800
7400
7200
7700
8000
8000
35200
30500
11000
10600
9100
10200
10200
10700
9500
10400
10300
9600
48900
10300
9400
11500
43200
11100
11900
11900
12500
11300
10900
11400
10900
11700
11400
44600
11600
12100
11400
12400
18400
13800
35600
12700
12400
36500
13600
12500
12600
39500
12300
15100
16800
13000
12500
53200
108000
11300
16000
10700
12600
10700
11100
11000
18600
12500
24800
11100
11600
10900
25500
12700
11000
7500
7000
28800
7500
7200
7700
7100
7400
7400
7500
7300
11900
8100
7900
7400
34600
27500
9900
9300
9200
9600
9100
9700
9200
9300
9100
9700
48400
9200
9400
10400
36300
11800
11400
11900
12300
11100
11000
11400
11200
11300
11500
48300
11700
12200
11400
12400
14800
14300
42900
12800
12500
36300
17800
12500
12600
38800
12400
12500
12400
12600
12400
51500
111700
14900
15200
10800
12200
11000
10900
11200
19500
11300
19600
11200
11100
11200
24700
12500
10700
7200
7100
7200
7400
11800
7300
7500
9200
41600
7300
7200
7500
8100
32600
7600
9800
9800
9400
9000
9100
13300
27300
9300
34800
9200
10000
9300
9200
10100
9500
10300
36500
11200
11000
16300
12400
11500
11100
11300
11100
11100
11400
44100
11200
12200
11400
12200
14300
13500
39000
12700
13600
35500
13400
12500
12300
39600
12500
12500
12500
12600
12500
56200
107800
10900
15600
11000
12300
10900
11300
11100
19200
10900
19900
10800
11200
15500
24200
12300
10700
7500
7300
7200
7800
7300
7400
7200
7400
7400
7400
7500
7600
8000
7500
8100
9800
14300
9200
9300
8900
9200
9100
9000
32000
9800
10200
9300
9400
11700
9600
10300
41000
30400
12400
11300
11100
10900
11200
43700
8100
7900
7900
39700
47900
7900
7600
12200
9500
8200
30400
7800
7800
33400
8500
12300
7800
34200
9100
8100
7700
7700
7800
45900
104800
5200
9300
9200
5900
5000
5000
4700
11900
5300
13800
5200
4900
5300
17700
6100
10100
6200
6000
6000
7700
6500
10300
6000
5900
6100
6400
6400
6200
6600
6200
6100
7000
7500
7500
6800
34700
28000
6800
11300
29200
7000
7200
6700
6900
7200
6900
7600
32000
25200
8500
7400
12100
7500
7400
7500
7400
7900
8000
7600
44500
7500
7800
8600
32600
7700
7600
12600
9100
7500
7400
46300
28900
7800
7600
40300
7500
8400
7600
13000
103200
5000
9700
4900
6000
6300
4900
4900
12000
5700
13600
5300
5100
5300
22300
6100
8200
18100
6000
6000
6000
20400
5900
6000
6300
5900
6400
6100
6000
6300
6100
10700
7100
7000
28200
6800
6500
6700
6600
6400
28900
6600
7000
6900
7300
7700
7100
11800
35000
25200
8200
7400
7400
7200
7500
7600
7500
7400
7500
7700
41700
11900
7800
8600
35100
7600
7500
8500
8800
36700
7700
7700
7500
51000
8400
41600
7600
10100
8200
8400
85800
5800
10500
5000
4900
15100
5900
5000
4800
12500
4900
5000
4900
5600
5100
17500
9900
8500
6100
7100
7100
7200
30800
6000
6100
6100
5800
6100
6200
6500
6100
6200
7700
6800
35200
6700
6800
6600
6700
6700
7100
6800
6800
7700
7100
7000
6700
6900
8500
7200
7400
7400
7400
7300
7400
8200
7900
32200
44000
7900
7500
8200
7800
57400
9100
7300
8200
7300
39500
44800
8100
8100
7600
8100
9000
79600
7800
7700
7800
8400
91700
4800
4900
4700
5100
4800
4800
11300
4800
4800
17100
4700
5000
6400
14100
5300
8600
23600
10800
5900
5800
6100
5900
5800
6500
6200
6400
6100
6100
6300
6100
6700
7700
6500
39400
6500
6600
11200
6800
6500
7300
6800
7000
7600
6800
7000
6900
6900
8400
7800
7300
7100
7400
7300
7300
8500
7300
37200
39900
7700
7600
7400
7900
56200
9300
7400
7900
7900
50700
40100
8100
7700
7500
8100
8400
80700
7600
7700
12900
9200
85500
4800
4700
4700
4800
4800
4900
10700
4900
4900
16600
4900
4800
6600
13900
5100
13800
6100
6000
5700
6000
6300
5800
5900
6400
6300
6200
6200
6100
6300
35600
6300
6900
6700
7200
11100
7200
7300
24500
6800
6600
6800
6800
7600
6800
7500
7200
7000
8100
7300
7200
7100
7300
12000
7500
8300
7900
32700
39100
7600
7500
7500
7600
55500
9400
11600
8000
13300
39300
39600
8100
7600
7600
8100
9700
82100
7800
7400
7800
8400
88000
4900
4600
4700
4900
4600
4800
10900
4700
4900
16400
4900
4900
11100
15200
5100
9200
6100
5900
5800
29700
5900
6300
6100
6400
5900
6300
6200
6100
6100
6200
58100
7000
6600
7100
6500
6700
7000
24200
6800
6800
6700
6800
6900
6600
7600
7000
11300
8400
7400
36700
7300
8500
11300
7500
7500
8000
39900
7400
8900
7500
7700
12100
7600
8700
7400
7800
7500
39100
40300
7900
7900
7500
8100
8200
82600
7700
7600
7500
8500
88200
4900
4900
4500
4900
5200
4900
11100
4500
9700
19200
4900
5200
6200
14100
5100
8700
6100
6800
6100
6200
5900
6100
6200
6500
6000
6400
6400
11100
6300
6200
6400
7000
6500
7600
6600
6700
7300
28600
7700
7200
6700
6900
6800
6700
9100
7100
11300
8000
7300
37300
7300
7400
7500
7400
7300
8100
40700
7600
9000
7700
12400
70500
7700
8700
7200
8100
7400
8000
7300
7500
9000
7700
36400
79400
7800
7700
7600
7900
57500
87700
4800
4900
4600
9300
4700
4600
10900
4800
4700
17200
4700
5100
6200
13900
5000
8500
6000
5900
6000
6000
5800
6200
6100
6100
10500
7100
7600
6300
6800
6100
6200
7300
8800
7200
6700
6300
7000
24800
6900
11100
6800
6900
7000
42800
7200
7000
7200
7800
27000
35900
7200
7500
7500
11700
7500
8500
7700
7600
8500
7800
7700
7500
7700
8600
7100
39600
7600
7300
7600
7500
12800
7700
34500
40000
7700
7400
7300
7600
56200
84800
4900
9700
5000
15300
14100
6100
5300
4800
5600
6100
25800
5500
5200
5200
6000
11000
10700
6800
5900
6100
6000
6100
5900
6400
6100
6200
6300
6200
151600
14500
15500
14400
12500
12200
14100
11500
11400
19100
11600
12300
11600
11700
12300
11900
15000
12400
12100
14800
12800
12600
13400
59800
13600
20700
14000
13200
15400
12700
12600
13200
13800
13100
13700
15900
12800
12700
58400
13100
18600
12800
12500
14400
56800
13900
13000
13900
13200
12700
14800
162300
10300
8300
13600
8800
8500
21000
8700
10100
8700
10900
9200
8600
8700
8700
8800
13800
9900
10400
10100
9600
10000
9800
15600
9900
10000
10100
9900
10100
10700
10400
10300
13300
11000
11300
11300
11600
11500
11700
11500
12200
11700
11100
11500
16500
11300
11900
11700
14800
13000
12600
15700
56200
13100
12600
13300
12900
12800
12600
12600
19000
14200
13500
14200
16000
12900
12400
57600
12500
12900
12400
12400
13500
63200
14300
13300
14000
13700
12800
12800
162400
10300
8200
8300
8800
8600
19800
8400
9500
13800
12800
8800
8300
8200
8700
8700
14100
10900
10300
10600
9900
10000
10200
9900
10100
10200
9800
10400
10300
10900
10100
16200
11200
10300
10000
9200
10200
10800
11300
10800
11600
11300
11400
14500
11400
11300
12600
11800
16200
18100
12400
13200
53800
13000
12600
13500
12700
12500
12500
11700
12800
14100
13100
14400
21400
13300
12800
61900
13100
12800
13700
13100
14000
55300
14200
13300
14200
13900
18800
13000
163100
10000
8300
8300
8600
8500
19800
8700
10100
8600
10900
9200
8400
9000
9300
8800
19600
10300
10700
10500
10000
9700
10000
10100
9900
10200
10400
10300
10500
11000
10800
10700
13600
11300
11700
12300
17800
11500
11400
51700
12000
11100
11500
12200
11700
11700
12200
11400
13400
12600
12300
12600
12800
18000
12500
13100
13400
12400
12800
13700
14800
13000
14500
13800
15900
12900
12700
59900
17900
12900
12600
12600
13900
56600
14100
12600
13600
12900
12800
12800
164000
15800
8400
8400
8900
8800
20700
8800
9900
8500
11100
8600
7900
8400
8600
8600
13500
9800
10300
9900
10100
11100
15800
10100
10500
10300
10100
10300
10400
10700
10200
10600
11500
11100
11400
11100
12100
11300
11400
11500
11800
11400
11500
17300
11900
11800
12800
12000
13500
12500
54100
12100
15300
12600
13100
12200
13900
58100
18600
14100
13000
12700
13700
12900
15300
13800
12300
13700
55000
13500
12700
13600
18500
13000
14400
13300
13500
14300
13400
14500
160200
9400
8100
8600
8200
8300
19300
8100
15200
7900
10300
8400
8200
8400
8200
10900
12500
9900
10600
9900
9500
9400
9300
9500
9700
9600
9800
10000
9900
9800
16000
10100
11100
10800
44100
10600
11100
11000
11300
11500
11400
10900
11500
11600
11100
12700
12400
11100
18400
11800
11800
11900
12000
11700
11800
11900
12700
12100
12200
12600
11900
11900
13100
12200
14200
16700
11700
12300
52100
12500
11900
12700
13900
12100
12200
12400
12200
12800
11900
13200
156300
8200
7700
19600
7400
8000
7900
7800
9500
18800
9500
8100
9300
8200
10000
7900
15500
10000
9100
9900
41600
9500
9900
9400
9700
9400
9700
10500
10000
13600
11500
11700
13300
11700
17500
11500
11800
25600
13200
13200
13500
13200
13500
12700
14700
11700
11400
12700
15000
15200
12700
12600
11900
13900
64700
14900
56700
13800
13900
83500
14500
13400
14100
79700
58200
12700
11700
13000
13600
12900
12000
11700
12400
12000
12100
12300
12300
12100
12600
12900
161000
10100
8400
8200
8000
19700
7900
8400
8100
8200
7800
10500
8600
9500
9500
8900
13800
10000
9300
45000
9900
9800
10500
10200
10300
12500
10000
11100
13200
10800
10100
12500
12300
10700
11400
11200
11000
11300
16900
11100
10800
11300
11500
11300
12400
11800
11400
12000
14200
11800
11800
11800
11700
11700
55000
18400
63100
11600
11800
71700
14100
12600
12500
57200
50100
19600
12700
13100
12900
13100
12800
16100
12300
13900
12600
12500
12300
12800
12600
13300
153200
16000
8300
8300
8100
18700
7500
8400
8000
8200
8000
9800
8100
12300
9600
8400
14100
10900
17400
9400
16400
15900
15700
23200
17300
16400
15400
10600
9900
10600
10500
12000
12000
11100
11600
10500
41000
11700
11400
10500
10900
11400
17100
11100
11700
14200
12400
11900
14500
12200
12400
11900
12900
12800
55500
12600
48900
33600
13300
67100
9300
7800
7700
33200
30700
7700
7600
8400
14600
8100
7500
7500
7400
7500
7600
7600
7500
7700
7600
7800
99900
5600
4600
4700
5100
10900
8900
4800
4700
4700
4400
5700
4900
5400
5600
5000
10600
6200
6000
5800
5900
5700
6100
6000
27300
10300
5900
6200
6100
6900
6300
6300
37800
6400
6800
26500
21600
6700
6300
10500
6500
6600
6400
7000
41700
9100
7400
7000
53500
7900
6900
7000
7100
7100
7000
7300
11900
7600
7900
8000
7400
7900
7200
8300
28800
7300
7400
7900
7700
7700
7200
11700
7500
7400
7400
7900
7100
40500
7700
7500
81200
5200
4500
4500
4400
10300
4400
4800
4600
4800
8800
5600
4800
5600
6500
5100
9800
5800
5700
5700
5800
5800
12100
6100
6200
6100
5800
6000
6200
6300
5900
11900
7000
7900
7000
32400
28300
7900
6400
6500
6900
6300
6400
6600
6700
8400
7000
6800
12100
7000
7000
7300
7200
6800
7400
7300
7100
7100
28200
7400
7400
7600
7300
34500
9500
7000
11100
7300
8200
8000
30500
9600
28100
7400
7600
44300
8700
7600
7300
32300
80500
5500
5700
4500
4700
10400
4500
4700
9000
4600
4800
5400
4800
6800
13500
4900
9600
5900
5600
5400
5700
31800
6300
5700
5700
6000
5900
5600
5900
10300
6100
5800
6600
7900
6900
6300
36900
6600
6500
6100
6300
6900
7000
6400
6600
7600
7100
11100
7800
7000
12900
7500
7200
32900
7400
7200
105900
17100
10900
8000
11300
11800
8200
9500
21000
8300
7700
11100
7400
10500
46300
10900
31800
7000
7200
41700
14000
11100
7400
31900
99100
5000
4900
5400
30600
5600
4900
4900
4700
9100
4700
4700
4700
4600
4800
5200
10700
6100
5800
5500
6200
6000
6000
5600
5900
6500
6600
5700
5800
5900
5600
6000
7800
6400
6200
6600
6300
6300
6200
6500
37400
9100
7200
6900
6500
6700
6800
6800
8000
11100
7200
7100
7600
8300
8000
7200
8400
8000
7200
7700
7300
7900
7500
7500
8800
11900
7700
7500
32000
7800
7100
8500
7400
7100
7400
7500
7200
7500
7500
7500
82400
7000
5700
5700
4500
7600
6500
6200
5900
6600
4700
4800
6800
17400
6600
5900
10800
10200
5600
5700
6000
5700
5600
5900
6200
5900
21000
6400
6000
6500
6400
5900
7600
6600
6500
6800
6200
10700
6600
6200
8500
8300
7000
6900
7300
6300
6700
6800
7900
6700
6900
7100
7400
8000
7900
11700
7400
7500
7200
7600
7000
8200
7300
7500
8600
7900
6900
7200
7100
7300
7200
12100
7300
7200
7000
7300
7200
7400
7400
7200
80900
5700
4300
4500
4400
5200
5200
9200
4800
5300
23300
4800
5700
13600
5500
4600
8700
5900
6000
6800
11100
8800
5900
6200
5900
5800
6000
6100
5600
6300
6000
6100
7000
6300
6100
6800
6900
6600
7100
6500
6700
6500
6600
7100
12400
6500
6600
6900
7900
6800
7000
7000
7400
7400
7700
7200
7300
7700
7400
7800
8500
13800
7400
7100
8900
7800
7100
7100
8400
7300
7200
7600
27400
8100
7300
7100
7100
7400
11700
7600
79000
5300
4400
4500
4500
5100
5200
5000
4700
5800
4800
5000
5600
17900
5400
4500
9200
5800
5800
6000
6100
5700
6500
6100
6300
6700
5600
6200
5800
6200
6300
6100
11300
6500
6400
6300
6900
6300
6600
6300
6800
6400
6600
6600
6400
6500
6700
6700
8100
8400
11200
7600
7000
7200
7300
7100
7200
7300
7900
29200
7600
7500
7300
7500
8600
7800
11900
8600
7400
7200
7100
7800
7300
7700
7400
8300
7200
7400
7500
7400
79400
5200
9100
4400
4400
6600
5200
5300
4500
5400
4600
4800
5400
14000
5400
5800
11600
5600
5800
18800
13000
8000
5800
8100
6900
6600
6000
6200
5700
6300
6100
6200
6900
6400
7600
11500
7000
6700
6800
10600
6700
6300
6600
6800
6600
6400
6700
24000
8800
7100
7000
7400
7100
7000
7000
7000
7200
7200
12400
7800
7600
7400
7100
7400
8400
7200
7000
7200
8100
7700
8400
7700
7300
8000
11700
7900
23300
16900
7600
7700
79400
5400
5100
4400
4300
6500
5300
6900
4600
9900
4600
4700
5400
13900
5400
4800
8800
5800
5600
5700
6000
5700
6100
5900
6100
5800
10200
6300
5600
6200
6100
6700
6800
7900
6900
6400
6800
6400
6700
6600
6800
6400
6400
6600
51300
6800
6700
6700
8200
7200
7000
7600
7300
7200
7300
7100
7300
7400
7900
7900
11800
7700
7900
7300
8800
7000
7100
7100
7800
7600
8400
7300
7000
7900
7900
11900
10200
8300
7600
7400
83400
5400
4700
4500
4600
4700
4500
5400
4500
4600
4900
4600
8900
4800
4900
4700
10200
5500
5700
7300
5700
26200
6200
5500
5800
5700
6100
5700
5800
5500
5900
6000
6800
10600
6100
6900
6500
6400
6100
6200
6900
6800
32100
37700
6700
6300
6700
6700
7700
11200
7100
8300
7000
7600
7100
7200
7200
7500
6900
7300
7300
8500
95400
7800
8400
6900
11100
7800
7000
35700
7300
7200
7100
7200
7300
7300
8400
8000
35100
7300
83900
4600
4400
23600
4500
4200
4300
5900
5800
4300
4600
5300
4200
12600
4400
4800
8600
5800
5700
5400
9800
5300
5500
5400
5300
5500
5600
5300
5500
6800
6000
5600
6800
7100
6100
6400
5900
6000
6100
23500
6400
6400
35500
116900
6300
6400
6100
6300
7500
6500
6700
7300
7000
7400
6700
6700
7000
8800
7900
7400
7900
8100
44000
6900
9900
7800
7700
23100
8000
37800
6600
7800
11300
8300
6700
6900
8100
7600
51400
10600
78500
4100
4100
4200
4000
4400
4000
4500
9200
4500
4300
5100
4500
11700
4700
4700
8400
5700
5700
5400
5600
5500
28500
5600
5800
6200
5600
11400
5800
5400
5900
5900
6400
6100
5900
6200
6300
6200
5900
6200
6300
6100
6200
6400
36600
6100
10200
6500
7300
6800
6600
7800
6600
7200
6800
27600
7100
7300
6700
7100
6900
6800
42800
11300
8400
6600
6600
6700
8200
110000
7100
6800
6600
7000
8900
7000
8100
7600
38400
7100
79500
7700
6800
4100
8000
4300
4200
4200
8700
23600
6000
8100
4200
12400
4400
4700
12400
5500
5600
5400
5400
5200
5400
5500
5700
5400
5700
5500
5500
5600
6500
5800
6200
5800
6100
6000
6700
5700
10100
6300
5900
6000
6300
31500
6300
40100
6300
6500
7100
6400
6700
7100
6800
6700
6600
8300
11200
7300
32700
110900
6900
6900
7000
6900
8300
6900
6700
6500
6800
39400
6600
18900
7100
6900
10900
12700
11100
7600
35100
7400
109700
4200
4100
8600
4100
4400
3900
4500
5000
4300
4200
4900
4400
11600
4400
4400
12500
8900
5700
5300
30700
5500
5400
9900
5800
5700
5900
5700
5600
6100
6200
5900
6600
6000
6500
6100
6300
5900
7400
6200
6100
6000
6100
6400
10100
6200
6300
6500
7100
6700
6500
7200
6700
6800
6700
6500
7300
7300
34200
40900
6700
6900
6800
6900
7700
6700
6700
7400
6600
7400
6500
6700
6800
7400
6900
6900
6600
7100
46200
94900
80500
4600
4000
4200
4200
4000
4200
4300
5000
4300
4300
5000
4200
15300
4800
4800
7200
5300
5500
5500
6100
5100
5500
6100
5400
5600
5500
5200
5500
5600
7300
5600
7400
8400
13500
9000
8800
8400
9500
8400
9100
9500
9500
9200
9700
6600
6600
6400
7000
6500
6500
7200
6800
6500
6800
11100
7200
7200
31500
36700
6900
6600
6900
7200
7300
6700
7400
7300
6700
11400
45100
6600
6700
7200
6800
6900
25300
7200
114600
6900
81900
4500
4000
8800
4200
9800
4400
4200
4500
4100
4300
4300
6700
5200
12400
4300
11400
6200
5700
5200
11600
5500
8200
5500
5600
5300
5900
5700
5500
5600
5700
5800
6800
6000
7200
6200
6000
7000
6000
5900
6300
11600
6400
6300
6200
6900
6400
6300
7700
6900
7300
6900
7000
7200
6600
6800
7200
44100
7500
7100
6800
6800
7800
7700
8700
7100
6700
8300
7100
6900
7000
7000
6700
6900
9500
11200
6900
8100
6800
6900
80000
4900
4300
5500
4200
4400
4400
4400
4600
5300
4400
4400
4700
4400
8800
4900
8700
5400
5400
5400
26600
5700
5700
5200
5400
5600
5400
7400
5400
5600
5700
5400
6700
5800
6100
10300
5800
7100
5800
6100
6100
13700
6200
6500
6200
6900
6200
6100
7700
6500
7100
37700
6800
7100
11400
6900
7000
37000
7300
6800
6900
6900
7100
7400
8500
6800
6400
8400
7000
10800
6600
6700
6900
7500
6800
6700
6900
7600
6900
7000
79300
5100
4100
4900
4400
6500
4500
8600
4400
5500
4300
4500
4400
4300
4700
4400
8100
5500
5600
5600
5300
5400
5600
5200
5600
5600
5500
5800
5600
10000
5800
6900
6300
6500
6000
6100
6100
5800
6700
6200
6100
5900
6700
8500
6500
6000
6400
6600
8900
7800
7900
6600
10000
9500
9100
7700
9400
38800
8300
7000
9400
10700
6900
12200
12500
6500
20700
7000
7200
6800
6500
6800
6900
8200
6700
7000
6900
7700
6900
7000
82200
4300
4200
6200
4600
4100
4400
4400
4100
5100
4400
4400
4300
4600
4500
4400
8600
5700
6000
5300
5400
5400
5300
10500
6200
5600
5300
5900
7200
8900
9200
78900
13700
11200
9800
6600
6400
9300
10200
6700
10200
10500
13000
135700
6600
6400
6500
6700
7300
6700
6800
6400
6800
7900
7500
7000
7000
7400
7300
11500
6900
8100
6900
7700
8600
6800
6700
7000
6700
6700
6700
6800
6800
6900
6800
7100
7100
11900
7100
6800
80800
4800
4400
5100
4300
4200
4500
4700
4500
5300
4500
4300
4800
4600
4300
4700
13900
7400
5600
5500
5100
5300
5500
5400
5300
5500
5500
5900
5400
7200
9800
5400
6300
6400
6100
6000
5900
6300
6200
6000
6000
6100
26500
6600
6000
6300
6300
6700
7100
6500
8600
10900
6800
7400
6800
6800
6600
7200
6900
7200
7000
7600
7000
7100
7900
6700
7600
6900
11100
7400
7500
7000
7200
35700
7700
6900
6800
7000
7500
7600
78400
9600
4100
5100
5600
4500
4500
4400
4500
5200
4300
4600
4600
4300
4500
4700
8000
5400
5400
5300
5100
5500
5700
5300
9800
5600
5200
5800
6300
5700
5400
5600
6200
6500
6100
6100
5700
6000
6100
5800
6100
6700
6500
6000
6200
10200
6500
6500
7200
6400
6500
6800
8000
7700
6900
6500
8100
7400
44200
8000
6900
7500
7100
11300
7800
6800
7200
6800
7000
7300
6700
6800
7300
36100
7400
7000
6700
6800
11300
7600
82100
4700
4100
4500
4500
4200
4500
4200
11400
4800
8400
4700
7900
5500
5300
6600
19500
11200
7200
5400
5700
12000
5500
5300
6100
5800
5500
6100
5600
5600
6000
5900
8100
6300
6300
6200
10600
6200
6300
6000
6400
6300
6900
6300
6700
6300
6900
6600
8400
6500
7500
6800
6800
7200
11300
7000
7800
6900
7000
7100
7000
6900
7100
7200
8400
7200
7200
6900
6900
7600
7900
11800
7600
7100
7000
10100
7900
7200
7000
9200
78800
4500
4500
4500
4300
4700
4200
4200
9200
5500
5900
4600
4800
4600
4800
4500
8800
5600
5700
5800
5400
6100
5500
5500
5700
5700
6900
5700
9700
5900
5700
5700
7000
5900
36500
6400
6200
5800
6200
6000
6400
6000
6700
6100
6700
6500
6400
6100
12400
6800
7200
6900
6800
6700
6800
7000
7300
7000
6900
6700
6900
7100
32300
7100
8200
10600
6900
9400
9600
11300
12600
8400
7700
6800
6900
8300
7600
7100
7300
7800
83200
4500
4000
4300
4500
4300
4400
4600
4300
5500
5800
4400
4700
4800
4500
4700
9300
5700
5300
6200
9800
6000
5700
5300
7800
5900
5700
7000
5600
5800
6000
5600
6800
5900
6100
6000
6100
5900
6100
6100
11000
6400
6300
6900
6200
6300
6700
6500
7500
6500
7500
6700
6800
7000
6800
6700
7400
6700
11400
7200
7100
6800
8100
7000
8100
6800
7100
6700
6800
7500
7600
7600
7400
7100
11000
8800
7600
7300
6800
9000
77500
4200
4200
4400
4200
4300
4300
4200
4500
5100
5200
8500
4500
4400
4700
4400
8300
5600
5500
5700
5300
5500
5600
5500
6000
5900
5400
5700
5700
5700
5900
5700
10400
6400
6100
5900
6000
6900
6400
7400
6700
6200
6300
6600
6500
6500
6900
6300
7100
6700
8300
6700
8000
8100
8100
6800
7800
7900
8600
8200
8600
8300
8200
6900
9800
8200
7900
7900
11100
7400
7300
7300
7900
6700
7100
7500
7500
6900
7100
7600
79700
4500
4200
8300
4500
4200
4200
4400
4300
5300
5200
4300
4400
4700
4400
4500
8600
5900
5500
6000
6000
5800
5700
10100
6300
5700
5700
5800
5700
5500
6000
5600
6600
6200
6200
6100
6200
6300
6200
6300
6800
6300
6100
11400
6300
6400
6900
6500
7300
7900
6900
7000
6900
7200
7000
6900
7100
6900
7600
7000
11600
7300
7100
6900
8300
6900
7400
7000
6900
7000
7000
6900
7600
7100
6800
6900
7200
11200
7300
7000
76200
4100
4200
4300
4300
4400
4600
4200
5700
5200
5100
4400
4500
4400
4600
8400
8100
5600
5500
6000
5700
5400
5600
5700
5800
5600
5700
5800
5700
5700
6000
7200
6600
6200
6100
5900
10400
6200
6200
6100
6800
6700
10100
7100
6600
6300
6900
6300
7200
6800
6700
6500
6800
6800
10900
6800
7500
8100
7500
7000
7500
7300
7200
6900
7800
6800
7300
7000
6900
6900
27400
7200
12000
6800
7000
7100
7300
7000
6800
7000
76800
4100
4200
4400
4700
5400
5000
5000
9300
4500
4500
5300
5200
4400
4700
5200
