57600
14700
6800
6600
1301900
19400
18100
13300
12200
9300
8800
155300
11600
11300
11100
13200
27200
173000
16800
149200
17600
105100
111100
19500
223200
162200
16600
19700
81400
17800
16900
17800
160800
103400
24000
24500
326700
27800
26300
404500
174200
25600
24600
400400
23200
23800
248000
23900
34300
363600
27800
29700
130100
29400
130600
294300
134100
29000
28900
140900
33600
29800
335100
30800
105600
351800
32800
132900
33400
37100
31700
31800
32100
31600
142900
35200
33900
39700
155800
36700
24100
23400
9200
22900
16200
18600
9600
9400
9500
10200
10100
10100
10400
11900
11000
10900
22600
71700
21200
67600
16300
52600
53900
15500
89100
102600
16500
17600
39300
16800
17400
17200
72700
48700
21800
27900
114500
23100
22900
156500
72600
22800
24900
166300
22900
23700
111900
24600
37800
155300
27200
28100
100800
30300
72500
139500
77700
29000
29700
88800
32300
29600
191400
27500
56000
177600
17100
63400
16900
19500
17700
17400
17700
18000
78200
22500
19400
17700
91300
17400
20500
19600
5900
4500
4900
4500
29000
37800
34100
5100
4800
4600
4600
5700
4900
5000
21100
7100
18300
25400
20000
6900
7500
8500
8900
8500
7400
35900
7700
8100
7600
8800
52700
38000
11000
13000
90100
20700
12000
109900
53400
11700
11200
128500
11300
11000
86800
10300
25200
127700
13100
14300
45600
14100
54300
121700
65900
14500
13300
70500
21500
13500
174200
16200
50300
151500
15500
57800
15500
18000
15700
15700
15800
16500
77400
16700
16000
16400
80800
15900
25800
26800
6400
7700
5000
4500
40000
37500
38400
5300
8000
4800
4900
6300
5100
10300
9400
7700
10600
16300
18700
7100
7400
8800
16500
8400
7300
41000
9000
7600
7400
8700
17200
80400
11800
80100
10500
34600
29700
16000
106800
97400
10700
12600
23700
10600
27200
12500
21900
114900
13400
14200
49200
16700
59100
112800
62000
14600
14800
72800
16700
14400
166400
14600
58300
156400
16900
59500
17100
20100
17700
17900
17900
22200
74900
19600
17300
17900
84200
17900
26300
25900
6100
4600
4900
9500
37500
8600
41600
5200
4900
4900
4800
5700
5300
5200
27200
7700
26500
31700
17900
7800
7700
9100
9000
9600
8100
28300
8500
8000
8300
8900
14400
40200
12000
50900
11900
53700
30900
38600
60400
56500
11000
12900
24300
11400
49900
11400
74200
40500
15500
17500
106300
16800
16800
119800
63800
16500
16200
135700
14900
56700
85500
15100
56900
157700
17100
59500
17100
19800
22600
17300
17800
18500
228100
18900
17900
20300
87000
19800
8500
18300
5400
22300
4900
13100
10100
8600
4600
5000
4700
5500
4900
5500
4800
5100
8600
7300
7400
7300
25600
9800
8000
9300
9800
9500
8300
62300
8900
8500
35400
11600
26100
43400
16300
53200
12800
30500
29700
10400
64000
51700
11900
13300
22400
11400
11400
11200
64000
71400
17000
17700
112700
18400
18300
116600
67700
15700
16200
119700
13700
14800
87300
14000
24000
125800
16500
19400
64000
19700
65200
114800
71000
22300
17400
80600
19700
18600
156700
17500
19500
13900
14000
13500
12200
13500
11900
14100
12000
14100
13400
13400
13700
14000
14100
14100
20200
16600
245600
222100
30900
31200
233600
22600
20800
21000
20900
18800
21200
21700
21500
25500
24500
22600
21300
21800
21500
24100
23100
234500
23000
21900
22600
23800
31700
22400
23800
22200
36400
86200
25300
26300
28300
78200
82300
129100
107200
23200
98400
25200
109900
107200
24200
28900
329200
20100
17000
19400
17000
34900
32200
17200
17700
20200
30200
19700
23500
18100
33700
41700
20600
15600
15300
14800
15300
15000
15500
15500
15000
15600
15300
15600
15000
15700
15500
22100
24100
19600
85700
89700
18300
18000
105100
19300
18700
18400
20200
23400
20000
18300
19700
18700
23600
22100
21400
21400
20800
21400
22200
182600
26800
20500
20400
22300
20900
21300
20300
20300
25600
77000
20400
19300
15500
77900
76900
119600
102400
17400
93000
18900
99000
105400
17200
17500
327600
10700
9200
10600
9200
25500
23800
9500
9400
10300
27000
11100
10000
9500
24300
34300
18200
13300
18700
11900
11200
10400
10900
11900
10900
9800
11700
74800
66200
11600
10300
12000
12500
25600
14200
13900
13700
13600
13800
13300
16300
18900
13100
60900
13300
13200
13100
13000
16800
16200
14300
14000
14200
14300
15400
138700
14500
14700
14500
15400
15800
14800
15000
15100
21000
62000
15600
22300
14300
55400
58900
84200
73200
14300
66800
16200
74200
72500
15400
15200
192600
10500
8900
10400
8400
24700
29000
9100
9400
10600
23500
12300
10100
9600
23900
33000
16000
11200
11100
11100
11600
11200
12400
11500
67500
64700
11300
11800
11700
11800
11500
11400
12300
11700
13400
12100
11500
11700
17300
11900
11700
12200
13000
12200
11900
12200
12300
12800
15200
13600
59100
59200
12600
18900
74600
14300
12100
13100
12700
12400
16700
13300
14100
13100
17700
52200
20300
16100
12200
49200
51100
77500
73100
18900
94900
13100
65500
68700
13900
13400
164000
10800
8300
9900
8100
33700
25600
9700
9900
9700
34900
10300
9000
8900
22700
32000
17900
10000
10200
10000
15500
10200
11300
10400
10100
10200
10500
10600
10200
10800
10400
11000
11900
11300
12500
12100
90400
11900
12000
12100
66000
11600
11700
11300
11800
11900
11700
11300
17700
15200
69900
64200
13400
15000
76800
15400
14600
59700
14600
14800
15500
91500
16000
15200
16700
15400
14100
72600
124300
14500
20000
127400
15500
14300
14800
15900
15500
14700
14600
15200
207200
10200
9100
10300
8900
27400
24200
9500
9900
11200
22500
28600
28000
10000
36800
36900
30600
15800
11400
13600
10600
10500
10600
10900
10400
10200
10400
10200
11100
11000
10400
14100
59300
57400
12700
11600
11300
11200
11400
11400
12500
11400
11700
11500
15600
11500
11600
11800
15400
15600
60400
61900
14500
12600
70100
15400
87200
13800
77100
13500
14500
13300
13800
13100
15000
16200
12500
12700
12600
13100
13900
122600
13100
12900
69200
14100
13900
12800
13000
12900
166700
21100
15500
11400
8400
18700
19100
27800
23700
11400
20600
10400
21100
21700
8800
8900
15600
10300
10100
10300
9900
12200
10000
10100
10100
11100
10500
10500
11000
10300
10500
10700
12200
36900
17200
11800
11700
11500
11400
11800
11600
11800
12000
11600
12200
11800
11900
12000
14000
98700
19000
13500
12100
12700
12400
12700
12800
14500
12700
13700
12800
13500
13800
13100
49800
64300
12400
13400
12200
15700
12900
12800
65700
12700
12400
12800
211400
98700
13300
13000
164300
10900
9500
8400
21800
18900
55400
19100
8700
8500
10000
9100
24200
9100
8700
8800
13700
10800
9700
9700
9800
9900
9800
10000
9900
10200
15800
10400
10600
10100
10600
10600
12200
35600
11300
11000
10700
10600
10500
11000
10600
10800
11000
13500
17100
12300
11700
11900
13900
91900
12800
12100
11600
12000
12300
11900
12000
12000
12100
18300
11900
13000
13500
12300
46100
58600
12300
12700
11800
13100
11900
12600
69400
12000
12900
11800
204900
92800
12800
12800
270900
10700
9100
8400
21700
20900
48800
18400
8400
7900
9400
8500
21500
8400
15900
8300
14200
10200
9800
32400
9600
10400
9700
9600
9500
10200
10300
12800
10100
10300
10600
9900
11700
10700
18800
11200
11000
11300
11000
11200
11200
13200
11400
11500
11300
11100
11200
11700
13900
98800
13500
13400
12100
11700
14700
11900
12000
11800
12900
12800
12200
13100
15100
13600
48600
64600
12200
13300
11800
13200
12000
12400
68200
12800
16200
12800
211700
97800
13100
12900
272600
7600
5700
5100
32700
14700
30300
10400
5000
4800
5600
4900
11000
4600
4800
4700
9800
6000
5800
5600
5300
5900
5500
7800
5400
9900
5900
5600
5600
5600
6100
6300
7300
6100
6700
6200
6200
6200
6300
6400
6500
6800
6300
6500
6500
10700
6700
7000
7900
20700
7500
7700
7100
23400
7000
7000
6800
7100
11000
7100
7500
7100
7700
32700
26000
30600
6900
7800
6800
11800
6900
7100
34700
6900
6800
7400
99800
48400
11500
7100
156100
5700
5400
4400
10800
10000
20400
10100
4700
4700
5100
4600
15200
4500
4900
4500
7400
5800
5600
6000
5600
8100
5600
5500
5800
5900
6000
5700
5700
5700
6100
5800
6600
10500
6700
30000
6200
6300
6000
6300
34900
6800
6100
6700
6400
7800
39900
11200
8100
20000
7300
7200
6900
6800
7100
29600
7100
35100
6900
6800
11900
7100
7700
7200
8000
49700
7900
7700
6800
7100
7200
7100
7000
7000
11100
7900
29000
8900
8600
45800
146100
5500
5200
4400
11700
11600
23800
11200
4600
6100
6200
5800
11300
5600
4700
5800
9100
5700
5600
6600
6600
5700
9700
5700
5300
6900
6300
7700
5800
5600
5900
5700
6700
21300
6900
6300
6000
6300
6200
31800
6400
6700
6700
6300
6300
6400
6300
6800
23900
19600
7500
7300
6600
7000
10700
7100
6700
7100
7000
6900
7900
7100
7600
7300
29800
53800
7600
11700
6700
6800
7000
6800
7200
6800
6900
7600
7000
7700
8900
38800
167300
9700
4700
5200
4400
5500
4400
4800
12800
4900
4400
4800
26400
26500
4600
4700
9900
6800
5800
5700
5800
5700
30600
5800
5800
5900
5800
5900
5600
10200
44400
41800
7400
6300
9700
8100
6600
6500
6200
6300
6600
6300
6300
11800
6600
6900
6600
6600
9200
7200
7600
7000
7900
7500
6800
7100
7700
7600
7100
7500
7000
11600
8500
9500
9200
7300
7200
7200
6800
7400
8000
10200
7400
6900
9800
7200
12100
8500
8000
7200
147800
5000
5400
5600
10900
12600
9700
4600
4500
4400
4900
9800
4800
14500
4600
5400
8600
6200
5800
5800
5900
5700
5800
26700
5900
5600
44200
5900
6100
43600
6100
6500
7000
6500
7200
6400
9300
7600
6400
8000
10900
6400
6900
7100
6500
7000
6700
6300
8000
6800
7600
8000
8700
7600
8000
7000
7500
9400
12800
7000
7000
7100
8200
7300
9100
7100
7000
6800
7100
7000
8900
8800
7000
7100
7600
11600
8500
7200
10000
7400
147800
5300
5300
5200
11200
14100
9300
5000
4500
9300
5000
5600
10500
16700
7100
9000
14200
10100
8500
5700
7100
5800
5800
5400
5900
5700
5700
6100
10500
6000
5800
6000
7700
8000
7000
6400
6700
6600
28200
6900
6500
6800
6600
6800
11200
6800
44300
40700
7800
6700
7400
7000
7000
6900
6900
6800
7800
12100
6800
6900
7000
7200
9500
7200
8900
6800
6900
7100
7000
7100
7500
8200
7200
11000
7500
7200
7700
7300
7900
7500
145700
4900
5300
5300
9700
11600
13300
4500
4500
4600
4500
5500
4500
13700
4600
7100
9100
5700
5600
5700
5600
5700
5600
5700
6500
9700
5700
5800
6100
6000
5600
5900
7300
6800
7100
6300
6700
6700
29300
6900
7500
7100
11300
6800
6600
6400
42700
40600
8700
7000
9100
7100
7000
7000
6900
11300
8700
7000
7300
7900
7100
7600
7700
7300
8500
6900
8900
7300
7000
7300
7800
12400
7200
7000
7500
7300
8100
7200
7600
7200
146300
4800
5300
5000
10200
18000
9600
4500
4600
4600
4900
5400
4700
13100
4500
5600
8400
5800
6500
5800
5700
5800
5600
9500
5800
5400
5800
5600
6100
5800
5900
5900
7300
7100
6800
6400
6700
6700
28500
11300
6400
6700
6600
6700
6500
6400
41900
41400
7400
7700
8700
7000
11100
7100
8800
6800
7200
7000
7000
7800
7200
7600
7800
7200
8000
6900
8400
7000
7000
11500
9100
11900
28400
12300
11900
8700
7600
7800
10300
7800
169000
6500
7900
8100
13100
14400
11200
5900
4800
5900
6200
6800
7900
16700
5100
6900
12100
7400
7100
7400
6400
12300
7300
6300
6600
8800
6000
5900
7000
8000
6100
5900
7900
6700
6800
6100
6700
11400
124500
7900
6700
6600
6400
6800
6600
6600
42000
39200
28900
7100
7400
7000
6800
6900
7200
6900
7000
7000
7000
8100
7100
7600
7700
7200
12200
7000
7400
6800
6900
6800
6900
8300
7800
7900
6800
7200
115100
7200
12300
7300
145900
9000
4600
4400
4700
4400
5100
6500
4700
6200
8300
4700
6100
17200
5500
4900
10200
5700
6600
5900
5700
5600
5700
5800
5600
6000
7000
5900
43100
6000
5700
5900
7200
6300
7000
6300
11900
6500
6200
6300
6100
6500
6500
6500
9300
35400
6600
6900
12200
7000
7100
6900
6900
6600
7000
7400
7000
7000
6700
7100
7700
7200
7700
7000
10300
7200
11400
7900
7100
6900
6900
7700
6900
39400
7200
7100
6900
7100
114400
8700
155500
5500
4300
4600
4500
4500
5400
5700
4600
4700
4600
15300
4900
15100
9600
4700
33200
6000
5700
5700
5600
5500
5800
5700
5900
5500
7500
6200
6800
5700
6200
6100
11100
6200
6700
6200
7900
6300
6200
6100
6100
7100
7000
6600
6900
37600
6600
6800
7900
6800
11300
6900
6800
7100
8000
7400
7000
8500
6900
7300
7700
7200
7800
7000
8400
8400
7000
7500
11800
7000
6800
8000
7000
38300
7000
7000
6900
7600
112000
8600
150100
5600
4400
4500
4400
4300
5700
5100
5100
4900
4600
14900
4700
14100
5500
4600
9700
10000
5900
5500
5500
5600
5300
5700
5800
5500
5800
6000
6200
5800
6200
6200
6700
6400
7200
6800
6500
10500
8100
6500
35600
6700
6200
6500
28500
6400
6500
7900
8700
6800
6900
6900
6800
11000
6900
7500
6900
6800
6900
7100
8100
14900
7800
7200
8500
7100
6900
7600
6900
6800
7200
12000
7100
39000
7100
6900
7100
7200
111300
8500
151100
9500
4300
4500
4200
4400
5200
5100
4600
4500
4400
13900
4700
13600
5200
4800
9300
5800
5800
5700
9500
5800
5400
5600
5700
5600
5700
6000
5900
5700
6100
6100
6600
6400
7300
8200
7700
6700
6100
6400
10600
6800
6300
6300
26900
6200
6800
6500
7400
6900
7300
6700
6800
8600
7000
6800
7000
7100
11400
7200
7700
35700
7900
8100
8900
6900
6900
7500
6900
6700
6900
7400
7000
43200
7100
7000
8400
7100
109300
8400
142300
5700
4200
4400
4100
8300
5200
5000
4600
4500
4400
13500
4600
13700
5300
4700
10000
5900
5700
5700
5700
5800
5500
9800
6800
6400
5700
5900
6300
5700
5900
6100
6600
6400
7100
6700
6700
6300
6300
6200
6400
6800
10400
6400
27000
6500
6400
6500
7500
7000
6900
7000
6900
6700
7000
7500
7000
7000
7100
7100
11800
41200
7700
9200
8400
33300
7200
7100
6900
7100
7100
7600
7100
11800
6900
7200
7900
116300
7500
7400
143900
5400
4300
5100
4300
4400
5100
9000
4700
4500
4400
13400
4600
13300
5300
4700
8700
5900
6000
5600
5900
5600
5400
5700
5800
6900
5600
7000
7100
6900
7200
6000
8700
6200
8100
7800
7600
7300
7600
7200
6200
7800
7400
7900
30800
6500
41300
6700
7600
7100
7000
6800
6900
7000
7000
6900
6900
7200
7000
11000
7700
35900
7400
7600
8000
6800
6900
6900
6800
6800
6900
7400
7100
7000
10800
6900
8000
7100
115900
7300
143100
4700
4400
5400
4600
4500
4500
5400
4500
15800
4500
4700
4700
4700
9900
6400
8800
5600
5500
5400
5900
5900
5400
5300
5800
5600
5500
10200
5800
5800
5600
5700
6800
6300
6800
6000
6100
6800
6100
8300
6300
6500
6400
6500
6400
6500
6200
6500
11700
6900
6900
7500
7500
6900
6700
7300
28900
7400
7700
42500
6900
7100
11900
7300
31500
7000
6900
7000
6700
7700
7000
116200
7200
7000
7200
7200
12000
7200
7200
44700
143500
5200
4700
5300
4300
4700
4600
9700
11600
4500
9000
4700
11600
4600
4800
4500
8100
6000
5800
5700
5500
5500
5600
5500
5600
5900
5700
6100
5700
5700
5500
5800
11600
6000
6700
6100
5900
6300
6100
7500
7400
6500
6300
6100
6300
6500
6200
6300
7700
6600
6700
7200
11600
6900
6700
7300
28000
7400
7600
74500
7000
6800
7500
7100
38200
6700
6800
6800
6900
7600
7000
38100
8300
7000
7000
7100
7700
7100
7100
51400
148100
5200
4600
5500
4400
4400
4600
10000
10800
4600
4400
4700
11300
4800
4600
8900
8100
6000
5800
5600
6800
5600
5600
5700
5600
5900
5900
6300
5700
5600
5500
5500
6400
6100
6800
6000
6700
10200
6100
6100
7300
6400
7900
6700
6300
6400
6500
6800
7500
6700
6400
7200
7400
6600
6800
7600
102900
7800
7600
41800
7600
7000
7300
7000
31400
6700
6600
6800
10900
7500
6900
37500
6900
6900
7000
6800
7700
6900
7100
115000
147700
5400
4300
5200
4500
4800
4500
9500
10700
4600
4300
4800
10900
4600
4600
4400
8000
5600
5600
5500
10000
5700
5500
5500
5600
5800
5600
5700
5700
5600
5800
5800
6600
6200
6900
6200
6700
6300
6300
6300
6800
10500
6300
8100
6500
6300
39700
6500
7400
6900
7100
26800
7000
7000
6900
11900
6900
7300
7000
7000
6700
7300
7600
7000
30900
6700
6800
6800
6800
7600
6900
119400
7300
6600
7100
7000
8000
7100
7000
43700
140900
5200
4300
9100
4300
4400
4300
10200
11100
4400
4500
4500
11000
4400
4700
4500
8200
5600
5800
6800
5600
5600
5600
5300
5700
9700
5700
5500
5700
39900
5500
5700
6500
6200
6900
6100
6600
6200
6100
6000
6700
6200
6300
11000
6400
6200
6500
39300
7500
6800
6700
6900
6900
7000
6600
7600
6900
7100
6800
7000
7100
11600
7600
7300
8200
7000
6800
7500
8200
6800
6900
7500
27700
8700
8700
43000
8100
7000
32800
8000
145100
6200
6100
9200
4500
4300
4500
9300
12200
4500
4400
4700
10900
4600
4500
4600
62600
5700
5900
5300
33600
5500
26100
5600
5400
5700
5700
5700
5700
5500
5600
5800
6400
6600
6800
6200
6500
6200
6000
10200
6600
6300
6200
6600
6400
6400
6400
6300
7200
8200
6800
6800
6700
7000
6800
7700
6900
6800
7000
8000
6900
7500
8500
8100
8900
7900
7600
8500
9500
7900
7800
8400
29100
8500
12000
40900
6800
7000
7000
7000
166600
4600
4400
4600
4300
5200
4300
15500
4400
4600
4500
4500
5400
4800
4500
13200
8400
6000
5400
5800
5700
5500
5700
5600
5400
6100
6100
10300
6000
5700
5800
5900
6800
6300
7300
6300
6100
6300
6800
6400
6300
6800
6500
6400
6400
6600
40700
6900
8100
7000
7400
6900
6900
7500
6900
6800
6900
6800
7200
7100
7700
6800
7700
12900
8800
7100
28700
6900
7000
6900
7700
6800
7000
7000
7200
7000
7300
7400
7200
11400
143900
4800
4500
4700
5400
4700
4300
4600
5900
4800
4500
4800
4800
4600
4700
4600
8100
5900
10300
5500
5700
5700
5800
5500
5800
5900
5800
6000
5800
5700
5900
5700
6900
6000
7200
6200
6200
6100
6500
10800
6500
6700
27500
9600
8900
22900
58000
11300
15100
11800
13700
11400
29800
34600
13400
16700
8300
9300
16900
13900
8900
11300
10600
13900
12300
11400
130800
7000
7100
7300
7600
14400
7200
6900
7300
7100
7500
7400
7300
7600
152100
4900
4600
4500
5700
4800
4700
4500
10900
4600
4700
4500
4900
5100
4600
5100
9600
6200
5700
5700
5700
5800
5500
37600
5700
6200
5800
6100
10000
6000
5700
6000
6900
6200
6700
6200
8900
6500
6400
6200
6500
6800
7400
6900
6600
6500
6300
8300
12700
8600
7400
6900
6700
7000
6900
7000
6900
7000
7000
7000
7700
6900
8000
7400
10200
11200
29200
7000
6800
6800
7600
6800
7100
7100
7000
6900
7000
7200
7300
7500
153100
5100
4200
6300
5400
4600
4500
4800
5900
4800
4500
4700
4700
4500
4700
4700
8900
6100
5900
5500
5800
5800
10100
5500
5700
6000
6600
5900
5800
6700
5800
5800
7400
6300
6900
6100
6100
6300
6500
6200
6400
6600
7000
10900
8600
6700
6400
8200
7500
7100
7800
7100
6800
6900
7800
6800
7100
7700
7800
7100
7000
12800
38200
8100
9700
7200
82900
7100
7000
7300
7700
9200
7700
7100
7000
12000
8500
7300
7000
7600
147400
5100
4600
4500
5600
4700
4500
6000
6600
4500
4700
4900
4500
9100
4700
5700
9200
5600
5800
5800
5700
5600
5700
5700
5600
5800
7300
6300
5500
5700
5800
5900
6600
6200
6900
10800
6500
7800
6400
6400
6200
6900
7000
6800
6600
6500
6300
8800
8800
6700
7400
8800
7000
7000
15500
11200
11100
8400
32200
7300
7200
8000
38500
11200
9100
7400
8000
12300
8500
7100
7500
7800
7700
7100
7200
7500
8100
7300
7400
7500
153100
5200
5200
4700
13900
4700
4500
4800
5700
4900
4600
4600
4800
4700
4900
6000
9500
6100
5800
5600
5700
6000
5800
5700
5900
8700
13800
10500
5900
9500
9600
10200
9400
9200
11200
10700
11000
10800
11100
11200
11100
12200
12100
12000
11800
11500
17700
11900
13400
12000
13400
12100
12500
12300
13100
13000
11500
66400
13200
11000
10800
11800
71100
13200
15200
11400
12100
9500
7200
8600
7100
7100
7300
6900
8000
7400
8000
7300
9500
12800
161100
4900
11800
4500
4400
4700
5500
4700
4600
4500
4900
4500
4900
4900
4500
6300
17400
10500
17400
9500
8700
9200
8200
6000
5700
6900
5800
5700
5900
5900
6800
5800
7900
6400
7900
6600
9400
6400
8100
9200
7900
8500
6700
7900
8000
7900
7600
6500
11000
8500
8700
8700
7500
11100
7100
6900
12100
7400
7900
7300
8100
7200
7600
7300
8800
7400
7100
7700
6900
7900
7000
9200
7200
11300
7500
6900
7200
7300
7400
7300
155700
4800
6900
4700
5500
13600
4500
5400
5700
4800
8900
4700
4700
4600
4900
4900
9300
5700
5600
5900
5700
5500
5900
5700
5700
5400
5700
5900
5600
5900
6000
7700
11500
6200
7400
6400
6300
6100
6700
6400
6800
6600
6300
6700
6300
6500
6700
6500
9500
7000
11300
6900
6900
7800
7000
6900
6800
7000
7500
7100
8200
7200
7600
7200
8700
8800
7100
11500
7000
7700
7000
6900
6800
7100
6900
7100
7200
8300
7300
7200
147800
5000
4300
4400
9500
12600
4600
4400
5800
4600
4600
4500
4500
5000
4600
4700
9300
5800
5600
5900
5600
5600
5900
5700
5400
9900
5800
6100
5700
5900
6000
6000
6900
6500
6700
6200
6300
6400
6200
6500
6500
6800
6500
6500
6200
10800
7100
6700
8100
8900
7700
6700
7600
7900
7000
6900
6900
6900
7700
6900
7600
9100
12300
7400
8400
7000
6700
6900
7000
7600
6900
7000
6900
6800
7000
7100
7100
7000
8300
7300
146500
4900
4400
4300
5300
12000
4400
4500
5400
4600
4800
4700
4400
4700
4600
4600
9300
5800
10300
6200
5500
5800
6000
5900
5600
5900
5900
6700
7400
6200
6000
6000
6700
7700
6800
6300
6300
6500
6200
12200
6700
6800
6600
6800
7100
6500
6900
6600
8500
6800
7200
7200
6900
7100
7500
7000
11600
7700
7100
7500
7200
7300
7600
7400
8500
6900
6900
6800
6900
7700
8600
7200
7100
12000
7100
7000
7200
8600
7200
10500
151800
5200
4400
4400
5400
11100
4600
4200
5700
4600
8800
4700
4600
4500
4800
4800
9800
5800
5600
5700
5700
5400
5900
5700
5300
5400
5600
5800
5700
5900
6000
5900
10800
7800
7400
6300
6200
6100
7900
6600
6400
6700
6600
6300
6400
6300
6900
6600
8300
6900
7200
11400
6900
6700
7600
6900
7500
7400
7000
7400
7100
7200
7500
6900
8300
6900
7500
7000
10900
8100
7600
7000
7600
6900
8000
6900
7600
7100
7000
8700
145500
4900
4200
4400
9800
17700
4600
4400
5300
4600
4600
4900
4400
4600
6400
7200
11900
8900
7800
9100
8800
9200
9100
5600
6300
10300
5700
6700
7200
6000
5900
5800
6600
7800
7200
6300
6000
6300
6300
6100
73500
7000
6500
6200
10900
6500
7000
6400
8500
7000
7300
7300
7100
6900
9400
7100
7600
7500
7100
7400
6900
11700
7900
7200
8100
7300
8200
6900
7100
8400
6900
8700
7200
7200
7700
7100
7800
11400
9300
7300
142300
4900
4700
4400
4600
5300
6100
4600
4500
4600
5300
5600
5600
4500
4700
4800
10300
6400
6000
5800
5700
5600
5700
5600
5900
5500
6000
5700
5800
5800
6100
6000
8900
6400
11500
6200
6700
6300
6400
7900
6500
6500
6500
6800
40800
6500
6500
6600
8300
6900
7000
12400
7500
6800
7100
24000
7100
7000
7000
7100
7200
7100
7600
7300
8500
7000
7900
6900
6900
12100
7300
24500
7000
7100
7200
7000
7000
7200
7100
7400
146100
4600
4500
4700
4300
9300
4700
4600
4300
5200
4700
4500
4700
4600
5600
4600
9100
5700
5700
6000
5400
5700
5600
5900
5600
5700
10000
5700
5600
5800
6100
7300
6900
6600
6600
6200
6800
6200
6200
6300
9500
6600
6100
6600
41000
7500
7500
6400
10000
7900
8000
7800
6800
7800
7800
75800
7800
6900
8000
8000
8200
7800
12200
7200
8500
6700
6600
7000
6900
10000
7300
24600
6900
7400
6900
7200
6900
7000
7200
11200
144200
4500
4500
4400
4500
5200
4500
4400
4300
5100
4600
4500
4700
4500
5600
4600
8200
9700
5600
5500
18400
5700
5300
5900
5700
5600
5600
6100
38000
5700
5900
6000
6700
7700
7500
10400
6100
6100
6200
6200
11300
6600
3900
3400
3600
3900
3300
3500
6100
4100
3900
3700
3800
4200
10000
26000
3700
5700
5300
5400
4600
5000
4000
3700
5600
5500
4900
3900
3800
4800
3900
25200
4100
4100
4100
3800
3900
4100
4100
4000
28700
2700
2500
2800
2400
3200
2600
2900
2300
3200
6900
2700
2500
2700
3500
2500
6200
3300
3100
3000
3200
3100
2800
3300
3300
3200
3000
3400
3200
2900
3300
3400
8900
3600
3900
3400
3400
3400
3300
3400
3700
3600
3700
4100
3400
3700
3600
3600
26200
5200
10500
5400
6400
5200
5200
5100
5400
5000
6400
6000
129800
4100
3700
4600
5900
4100
3700
8600
4100
4800
4300
21800
3900
3800
4200
4200
4000
3900
3900
4300
31600
2700
2800
2600
6700
3200
2800
2500
2500
2900
2600
2400
2800
2300
3300
2500
6700
3000
2800
3300
3200
3100
3900
4300
4200
3000
4100
4200
3000
3900
4300
4500
21500
4600
5000
4600
3300
7400
3700
3300
3800
3400
3800
3400
3200
3800
3700
3400
4300
3800
4200
3500
4200
3800
3700
3800
3600
7900
3800
4600
36200
3600
3700
3900
5900
4000
4100
3900
3900
5500
4100
25100
4000
4000
4000
4000
3800
4000
4100
4200
29700
2800
2500
2600
2600
3400
2500
2700
2500
3200
2500
6800
2900
2300
3300
2700
5300
3100
3100
3300
3200
2900
3000
3400
3300
2900
3300
3100
3000
2900
3400
3500
7900
3400
3900
3500
3400
3500
3200
3400
3700
4200
3800
3400
3200
3900
5700
3500
4400
3900
6000
4100
8400
3900
3800
5300
3700
3900
3800
4300
116900
3700
3700
4000
5900
4100
4200
7900
4100
3900
4300
21400
4100
4200
3900
4100
4200
4100
4000
4000
29000
2700
2500
2600
2900
7500
2900
7500
2700
2700
3300
2700
2500
2700
2700
2500
22300
10800
3300
3600
3400
7700
3500
7300
3500
3200
3300
9100
3400
3300
3600
3600
10500
3800
4400
4100
4100
4200
4100
3600
3900
9500
4400
4200
3900
4600
8800
3900
6200
4000
4300
6000
5200
4100
41100
4400
4100
3900
4000
4700
4600
9000
16400
10800
12300
11500
6800
6600
6800
7400
7300
9200
7900
8100
75500
15600
7800
7300
7800
7600
52300
5200
5700
6100
4800
4700
4600
4800
4500
17300
4300
10200
5500
4200
4600
18400
17200
6200
5200
5300
14000
5800
7400
5100
5500
5100
5100
4800
5200
5400
5700
11300
7300
5600
6500
6500
5800
6100
9000
6200
6000
5700
5800
6500
6000
6600
5800
6200
8900
12200
6500
7200
8100
6500
149300
7300
6200
6500
6500
7800
7300
6500
6600
6300
16600
7300
6800
7100
9700
6700
6800
8400
7900
7900
54800
8300
7000
7100
13800
6900
52100
4900
6000
6800
4800
4800
4800
4500
4500
16100
6100
4600
4500
4700
4800
22900
10200
5300
4900
5100
5300
5400
4900
4800
5300
5200
5200
4900
5200
5300
5500
5200
6700
5600
5700
7900
6900
7800
5500
7800
6900
7400
6900
7600
5400
7500
7300
7100
11400
7600
6300
9200
13000
6400
61200
6700
6300
6400
6100
7900
7000
6300
6400
6500
12000
7100
6800
12300
6700
6900
6600
7600
6800
7400
55700
7600
33700
9400
8400
9100
63400
5500
6000
6400
5800
5400
5000
5000
5000
16900
5100
4700
4900
4800
4800
17800
10400
6200
5700
11400
5300
5600
5400
5800
5500
5100
5400
5300
5500
5100
5900
5700
6800
6500
5900
5500
5600
6700
5800
12200
6100
5600
5600
6500
6100
6600
6400
175700
10100
6800
7800
7500
7400
7200
13000
10200
7000
6700
6900
7400
7100
8400
7200
6800
9800
7400
7100
6900
7200
7200
7200
13800
8800
8500
58000
9100
8000
7500
8300
7700
62100
5600
6000
12400
5400
4500
4700
4800
4400
17300
8100
4500
5200
4700
5700
17600
9800
5700
5600
5600
5500
5800
57500
5400
5900
5700
6100
5400
7100
5800
6300
5300
6800
5800
6100
6400
6000
6700
5700
7000
5900
11500
5600
6600
5900
6400
6500
6400
7500
6500
7400
7200
7200
8400
6200
6300
6400
6400
6400
13100
6400
7300
6800
6800
10100
8100
7300
7800
8900
6700
71800
11900
12900
9400
6400
8400
8500
7400
7400
7700
54700
5000
6100
6600
4900
5100
5100
4600
10900
16600
4800
4900
4700
5000
4900
18100
9500
5400
4800
5000
5000
5400
4700
5400
5900
5100
5300
5200
11000
5300
5400
8300
6400
5900
5800
5600
5900
6500
6000
6400
5800
6000
5900
6700
5900
6400
5900
5900
13700
6300
7100
7400
7000
7000
6400
6100
7500
7200
6300
7000
6000
7300
6200
6700
15300
6600
7100
7900
9000
6900
176600
8100
7200
7100
7200
8600
8300
7400
13200
7000
54700
5000
5000
28200
4900
4800
5000
6200
6100
6200
16100
6000
5100
10300
5500
4700
