1645400
52600
29900
13300
9400
9600
10200
10400
19300
14400
11800
11200
11500
12600
11900
12200
64500
21400
17300
25000
17400
24400
277000
18100
17100
23200
17900
166100
21000
372000
18500
20800
81700
22900
22000
20500
20400
21900
26600
22300
23200
25700
23100
24700
335600
22900
23800
23900
130400
134400
277700
29200
29300
34800
69200
62700
31300
33800
30100
31900
30700
29600
30700
85900
214400
308800
40400
35200
33200
36700
34800
39600
228700
38800
35300
37900
40600
45300
39000
39400
30700
16300
9800
11100
10200
10000
10600
11000
10900
10500
10500
44700
12000
54000
12600
13700
35700
25900
17500
18400
15400
17200
147900
23500
18700
19900
17500
86200
21800
159700
20300
18800
63800
24000
21500
22500
21300
22100
34000
26100
21500
22100
25500
25000
172200
26700
26100
27300
121200
114000
192400
32100
28400
31200
56000
49500
29200
35100
32400
13600
13800
13300
14000
47400
127100
227400
16500
15600
15100
14900
15800
22300
145400
16500
15800
15900
19700
16200
16100
22000
22900
22700
9800
5000
3300
3000
3400
3600
3000
3400
3600
82100
5700
68000
5400
4400
72400
31900
11100
7900
8200
8200
52700
8100
11000
69300
8600
8400
8000
8900
7900
8700
45900
11700
9900
10800
9900
10200
13600
10000
11000
10300
10300
11200
144400
11000
11300
11000
96900
96000
153800
12700
13300
15100
35900
32300
18900
16300
13600
15200
13600
13900
13500
41900
118900
202400
15900
16500
17000
17100
41100
33400
164600
18100
17700
22000
20100
16600
16400
18100
56300
5100
5400
7200
4900
5300
5100
5500
5100
5300
6100
5500
5000
5200
5600
11500
52500
33000
9400
7800
7500
14400
40500
8100
10200
8400
7800
7900
9100
8400
7900
8100
38600
16200
13100
13100
10200
9600
93600
10000
10700
11800
10100
78000
14500
148200
15400
10300
70200
56000
100600
15400
13200
14700
23200
24200
13500
18300
14100
12900
13500
10200
14100
20800
45600
91000
10600
10400
10000
10300
10800
12500
56300
14800
10700
10400
12400
10800
10800
11900
5100
6100
4500
5500
3700
3500
3200
3600
3100
3100
3600
11900
3000
12500
3300
3500
23600
11600
5500
9500
7100
5300
10100
4900
5900
13900
4900
5000
4900
5400
4800
5000
37500
12900
8000
8400
7600
6800
55400
6600
15600
8900
6600
39000
9100
80400
7100
6900
25300
17100
8800
8300
9000
8200
12200
8500
8700
15900
9100
8600
66400
8900
9700
8800
73500
59300
10300
10100
10100
10300
10300
12000
48400
10500
10700
10900
12100
10600
14700
13100
7100
3100
3200
3800
3000
2800
3300
3300
3000
3300
3400
3100
3800
4100
3100
3300
29600
8900
5900
4700
4900
5200
11000
4900
5800
6500
4800
4800
5200
5300
9100
5100
17500
9600
7500
7900
7000
6600
39200
6300
7100
7600
6600
28900
8500
66000
7000
6700
16800
11200
8400
8500
8400
8300
10000
8200
8800
14700
8700
8800
54500
8400
8800
8700
33400
31900
48200
10100
14100
11600
30500
22300
10400
12100
10400
11900
10100
18200
10500
30900
12200
11900
8900
6900
6500
6900
6800
6700
7000
7100
7200
8100
7200
7200
7800
7300
9500
152200
26300
22200
17400
21300
25000
22400
23700
25300
20200
155200
19100
18300
16900
11100
13300
73200
12100
11900
11600
11700
12700
11900
12200
13100
12800
12300
11800
13900
13500
11900
26300
14500
18900
13100
76900
13600
50300
47300
13500
12900
13400
70300
18900
81100
13800
51400
149500
13600
19400
19200
16300
10700
11100
10300
12000
11700
19900
10700
11600
19300
13100
21700
13400
8000
8600
8000
8200
7800
11900
8600
7900
7800
8400
8500
8700
8300
8100
8500
10400
40400
9600
9700
9500
10000
10600
13700
10000
11000
9900
57000
10700
11100
10600
10400
12900
47800
11500
12100
11800
15600
12700
11700
12000
12400
13100
12200
11800
12500
13000
11900
15700
12900
13900
14100
62800
12600
39700
34800
13200
12900
13100
47600
14500
81100
13600
51500
214500
30400
37000
33800
28200
20300
18100
17500
18300
20800
42800
17200
31500
34600
22200
38200
21200
15500
16500
15100
15400
15600
19200
16400
15900
15500
23100
80100
16400
16300
16000
16600
19700
20400
19300
18500
18300
19000
18800
18600
19100
21000
126500
18600
19100
20600
19600
19900
23800
111500
21100
24300
22100
21900
23500
22000
22100
22100
28400
22700
21800
23900
24200
22500
28500
23500
25400
23700
132300
23300
85400
70800
23700
24600
24200
97500
26400
161700
24600
104300
334600
20200
27400
30700
27700
19700
17400
17400
18000
19800
34400
19700
19600
33000
26400
36900
20800
15300
16500
15600
15500
15200
15500
23400
14600
20100
14600
13800
14500
14000
13800
14900
23400
17900
17400
16200
16500
16600
16200
16200
16300
16900
16500
16400
16500
17600
80500
17400
20800
68100
19300
19300
19100
19200
21800
19400
20500
19200
19200
91400
21500
19600
19700
21000
35300
24000
22900
21300
88100
21000
63700
59200
21800
21500
21400
75500
24300
115400
22300
78900
204700
20700
29000
37000
27200
17500
17700
17500
18300
21400
33700
18000
22400
34400
21300
35200
17200
13800
14400
12800
14900
14800
14000
13900
13300
14500
14900
13000
15500
16200
15800
15700
17600
18600
68200
17200
15800
21700
16000
16300
16300
16900
16500
16700
16300
17200
16900
172400
82300
63800
19000
19400
18800
18700
21300
19300
19900
19000
20300
89100
19700
20000
21500
26100
58500
72900
21200
67900
22600
20700
23000
20600
21800
21200
28000
20900
21300
23400
23600
21200
202500
20600
26300
32200
26600
17600
17400
17300
17700
24800
33500
17600
19600
32900
21600
36900
17100
12900
13900
12700
13100
13000
13000
13700
13200
18200
14100
13000
14100
67800
13300
14400
16600
17400
15900
17100
73000
16600
55400
16500
16300
17500
16300
16700
16800
17300
16700
16600
20800
63400
18800
19300
20600
18800
20900
24000
20200
84500
19200
89300
21000
21400
21000
21600
23500
82400
21000
20300
21000
20500
23400
19500
21400
20800
22900
21000
21300
24700
23100
20900
205600
17800
19600
35000
33900
27400
27200
26300
17900
17300
19700
31000
19300
46600
18300
36600
16800
16800
10400
10300
10700
10500
11800
10900
11000
53400
10800
10800
12300
11400
11100
11500
19300
12400
13800
14000
13600
13400
13200
13600
13500
14200
13800
15700
13500
14700
13600
14000
17200
14200
59400
14800
14400
16300
15700
15900
15100
15800
15000
15100
15000
16200
15400
15300
17300
20600
16300
15000
15200
46600
15900
97200
14800
16600
15000
16200
80600
15400
15400
102400
193100
9500
9300
30300
26500
10200
10700
14700
9400
12100
11200
9300
9200
9900
33000
33200
14200
46800
11300
9600
11300
11100
11000
11400
17000
11800
10600
11500
11700
12200
11800
11900
12800
12900
13400
15700
12600
12800
13000
13700
14300
13300
13100
18600
13700
13100
13700
13800
16900
15500
54200
14700
14300
15500
15400
15400
14700
14300
14800
21100
14900
16000
15000
14800
17100
15600
14800
14500
16600
46000
15800
137600
10100
8600
8100
11700
41500
7800
8100
47900
82300
11700
5200
16100
14300
4800
5800
4900
4900
7200
4700
4800
5000
4900
18100
18500
10000
6300
11000
6100
5900
5900
6000
6000
5900
6400
6000
6800
6200
6500
6200
6600
7100
7800
6900
6400
6700
6600
12200
7200
7400
26800
6900
6600
7300
8100
7100
6800
8900
7600
27000
7500
11400
8100
8000
8100
8000
7600
7400
7600
7700
8200
7700
7700
10400
8100
7500
7500
12000
23600
8200
55400
7700
7700
7800
8300
38300
7600
7600
50900
82200
4900
4900
15400
14700
4700
5700
4600
6400
6400
4600
5500
9400
5100
17600
18300
10200
6000
6300
6300
6100
6000
5900
24800
6200
6500
6200
6300
6100
11200
6200
7200
7200
7700
6800
6800
6600
6800
7300
7200
6800
27800
6900
6900
7900
11900
7200
6900
8100
7400
7800
8000
8500
7600
7600
8200
7800
7600
7600
7500
7700
12400
7700
7900
9000
8300
7600
7400
8000
23400
8200
48300
7600
9500
8800
147800
84700
16600
11900
57100
97000
5500
6700
23300
17000
5100
6800
5000
5100
7700
5000
4900
5500
5200
19300
36300
10100
6600
6500
6200
12100
6300
6000
6200
6200
6600
46800
6200
6600
6800
6500
7600
24100
8000
7800
12100
29500
37100
7600
9900
7200
29100
9200
6900
7700
7900
7500
9000
13500
7800
8400
9000
7800
7600
7700
8500
7800
7700
8300
8500
8000
8000
7900
7900
15100
28800
31700
7900
9400
8800
8900
8600
8000
9600
7800
7800
7800
8800
12600
8400
86300
5600
5000
18000
16800
5300
6600
5100
6200
7700
5700
6700
5200
5400
26000
21600
13700
6500
6800
6200
8200
6800
6200
30900
6700
6600
6300
6200
6200
6700
6400
11100
7700
7500
7100
6700
7000
7000
11600
50000
14000
57300
13200
13200
10400
7200
7100
46000
12200
7500
7800
11100
7400
7500
7200
7900
8500
7300
51600
7500
7500
52500
7600
7300
9700
7500
41100
7100
7200
7900
7900
8000
12300
7300
8500
10600
7200
8100
8800
7600
84300
5600
4900
4800
5600
9800
5600
19700
4900
4800
4800
5500
14400
4800
5000
17900
10900
5900
5500
7600
6600
8200
8500
16300
10400
6000
6100
6900
9000
9700
6000
6200
7100
32100
7700
9100
10900
10000
8200
6400
6300
11100
46900
7100
6500
6800
6700
6700
9500
10600
13300
11600
11400
12000
13200
15200
120200
17200
14500
14000
21100
12900
13200
15000
15900
13500
14200
12300
51000
11300
19600
14100
13000
13000
69600
14300
14300
13900
13400
14300
165700
10500
10800
25500
8500
8400
10100
8900
10200
10000
35300
10600
10600
10400
11000
49900
18800
12400
12500
11900
12000
12000
12900
12900
20700
13900
14200
13800
12700
13000
12700
13600
15000
62900
11500
12000
11700
11700
12200
11700
24300
12100
91300
13400
11900
12100
11900
14000
14900
12900
13700
13100
14200
12600
11500
16900
83000
14900
14300
24200
14000
13200
15500
14100
17700
14500
14700
13400
54600
13400
13700
20000
13900
14100
68900
13300
13800
13900
13900
14800
181500
10400
10500
23700
9400
14500
9600
8700
9000
10000
20000
9100
9000
8900
9300
40700
16400
12000
10600
10100
10000
10000
10300
10100
10100
16200
9900
10700
10600
10200
80800
11000
12100
11600
11100
11400
11500
11100
10500
15300
9400
11900
18500
12700
12600
61900
12400
12200
14700
13200
13700
12200
12700
12800
12800
13000
75700
19500
14100
13200
13200
13200
13400
13300
15200
14200
16200
12700
52800
13000
12800
12900
20500
13100
67200
13100
11500
11000
11000
15900
165500
9100
9600
23800
8200
8400
15100
8500
8900
10000
21300
8700
8900
8900
8800
41200
16000
11300
10200
10200
10300
10100
10200
10500
10700
18900
12600
10700
69500
11100
10900
10600
11800
11700
11400
11700
11400
11600
11600
24500
12100
11600
12700
18300
12200
12300
12000
12200
14700
195800
13600
13100
13200
13000
14100
13200
12900
12000
88900
14200
12700
13600
15600
13200
15400
14100
14000
12700
50000
12500
12500
12600
12700
15200
75000
15500
13500
14900
15100
16500
168600
11000
11100
25900
9900
8500
16800
8600
9000
11700
21200
9200
8800
9000
9400
42300
17300
10600
14300
10400
10000
10200
10400
10300
10600
11300
16800
11000
11100
11700
11000
11400
11900
11800
11100
11400
11500
11400
147100
14600
14400
11800
12400
18600
12000
11700
11900
11700
13700
59800
12600
12900
12700
13200
13800
12600
13100
13300
90700
14200
13200
15500
12500
12800
14800
12600
15000
12800
12600
12700
52700
13100
133500
14500
14300
13200
13200
13300
15900
13300
163800
8900
9400
23300
8500
8100
9900
8400
15000
9800
20600
8700
8700
8900
11200
36900
15600
10000
10400
10100
10100
9900
10100
10300
10500
10800
11000
16700
10600
11600
11700
10900
11800
12300
10600
11600
12000
11300
11600
13400
11900
12000
12600
18200
67200
13000
11700
11700
13200
58900
13000
12700
12800
12700
13700
12700
12900
13600
89600
15600
13600
13000
13200
15800
14700
54500
13800
12900
12800
12800
12900
12900
80200
14400
13900
13000
12900
12800
13500
110800
163000
10800
15600
8800
19100
8400
9600
8600
8500
8600
24400
8800
8900
8800
9000
10400
17600
10900
11400
10300
10700
10400
15800
10700
10500
13100
10500
10100
10600
11300
10900
10600
12100
11700
12200
11400
11000
11100
11200
11100
11000
11600
17500
11700
11800
11500
12000
12200
14600
68800
12400
12400
14900
12500
12600
13900
12200
18300
12900
13100
12800
12900
13500
13100
15800
12200
12500
12400
37500
13200
12200
13000
19000
12200
12400
12300
12400
85400
12300
12800
154200
10900
8400
8300
8200
8200
16800
10100
10100
7800
8700
8200
9400
8500
8800
10300
14200
10100
10100
10500
10300
8800
9000
9500
9200
16000
10000
10200
10000
9800
10000
10500
11500
10900
11100
12500
12100
12600
13100
12500
14900
12700
13700
13100
12700
18300
16000
14000
13800
73000
13300
12800
12600
12900
11800
13500
12900
12600
13000
19100
12700
12700
14000
14600
16200
12700
12600
12600
38700
13000
11800
12700
12500
11800
17300
12200
12300
111800
13800
13900
157500
11100
11300
8100
8300
8200
9600
9500
16300
8600
8700
8100
9900
8700
8800
10200
14400
10300
11200
9500
10400
52800
10800
9800
10100
10400
10300
18200
10500
10700
10400
11100
14800
11100
11300
11600
12400
11300
10900
11300
11700
12500
11700
11800
11700
11500
12000
18000
13700
133700
12800
13100
12000
16300
12600
13800
12500
12400
13100
12700
12600
13200
21400
13800
18600
12800
16100
13300
40700
13900
14100
13800
13900
12800
13000
13100
12900
95500
13400
14200
152100
11600
9500
8300
8500
8400
9500
9700
9500
8400
8400
14800
9500
9200
8900
9900
14200
10200
10900
10100
10500
10200
9500
10600
9900
10900
10300
10700
10400
10600
10000
17200
12100
11200
11000
11700
12300
11400
11400
49400
12400
12400
12000
14200
11500
11400
12100
11900
13900
12300
19400
12300
41600
42800
13500
13500
12600
12600
14200
13200
12900
12900
15600
14100
23100
13100
12500
56200
41000
14300
12900
13600
13600
12600
12300
12400
12400
192500
13300
16700
172100
11300
8700
8700
8800
7500
9800
9700
9500
8500
8500
8600
9300
11700
8500
11500
13300
11500
14500
11100
11700
9800
11100
11300
11100
32900
11800
11800
11500
10000
11500
12900
13500
17100
11100
11200
11900
11500
11400
11400
11500
12000
11400
11600
12800
11600
13500
12000
14100
16000
14100
12700
18400
12200
13500
50500
12500
12900
14300
13800
87200
13000
13900
13700
38800
82400
13900
12900
12400
12500
12700
13800
12500
12700
13300
12800
12700
12500
14300
13600
161600
20900
9200
8700
8200
8100
9600
9500
10200
8800
8800
8500
9400
8900
8400
9600
19900
11500
12100
10700
11000
9700
10300
10500
10200
10400
10500
11000
10800
10600
10600
11500
12200
13700
12200
17000
12700
12400
12000
12100
12500
12200
13400
61200
12900
12600
14000
13100
14800
13400
14500
13700
13900
13800
19200
13700
13300
13600
17300
14500
14300
14400
14900
15500
15100
75900
13700
19600
13800
13000
13000
14800
57200
13100
12700
13200
12700
12900
17200
13700
160000
8600
8200
13200
16600
9300
8300
10200
9500
8300
8500
8400
8700
27600
8300
8800
15200
10200
10500
15600
9900
9900
10000
10100
10500
10200
10200
10200
10700
10800
11500
10700
12600
10800
11000
11500
11700
12500
11300
16700
11100
11300
11400
11300
11800
11000
11300
12000
15600
12500
12000
12100
12400
12800
12000
12600
12400
15100
18200
41300
13200
13000
12900
13000
14500
56900
12600
12400
12400
12400
12300
12500
12300
13400
19700
12800
12700
13100
13800
12600
167500
9100
7900
8000
8300
8100
9600
22900
8400
8100
8500
8400
13800
8500
8200
34700
13600
10000
12300
9600
10200
10300
10300
10500
10600
10700
10300
11100
10500
10500
10500
10400
18200
11000
11000
11000
11500
11400
11100
11100
11000
11000
11200
11800
10800
11500
11500
12900
13500
11700
18100
12200
12300
12900
12300
12200
12400
12400
12500
12200
12200
13100
12500
12700
14500
57800
20000
13900
13400
13500
13900
14200
13000
14700
14400
16000
36500
14000
14500
13100
174900
10100
8900
14400
9100
8500
10700
43500
8500
8900
8800
12300
9400
9000
9400
30500
14600
11700
10800
10800
10900
12000
11200
35000
14700
7200
8800
6700
7000
6800
6500
8200
11300
17400
18300
13400
12100
16800
15700
13800
10700
9700
17700
10100
12300
12100
26500
25800
13500
11400
14700
14100
13100
11800
10400
10300
10100
11900
10300
11200
11000
17800
9400
7900
9500
33600
7600
7400
7500
7300
10700
7500
7400
8300
8400
7400
7600
12300
8600
7700
85500
5000
4900
4700
5300
4800
5600
11400
4800
5000
4600
4900
4700
4900
4900
18400
9800
6100
5700
5800
33200
7000
6100
6100
6600
6500
6200
6300
6400
6200
6400
6400
7000
6400
7100
11000
6700
6600
6600
6700
7200
7000
6900
8100
6800
7200
6900
6900
8200
7100
7400
41500
8400
12900
7600
7500
8600
7400
7200
7500
7400
7300
7400
7800
8600
45400
7300
7200
7300
7100
11500
7500
7400
7900
8200
8300
7500
7700
8200
7600
667600
9900
26400
4800
6700
6800
11200
17600
4700
4400
4700
5600
4600
4800
4700
13200
10600
6300
5800
6100
6000
6300
7000
6400
6200
6200
11000
6000
6400
6200
6400
6200
7100
6400
7100
6800
6800
6600
7200
6900
7400
7200
7000
6700
6900
7200
11600
7000
8700
7100
7400
7400
9600
8000
7300
7500
7400
7600
7400
28500
8000
7600
12000
8200
8800
7500
8200
7600
8100
9200
7800
7400
7400
9100
7400
9400
8800
8700
8700
7600
93000
6400
6500
4600
5600
4600
7700
13400
4600
5700
5600
4800
5800
9300
4800
12600
10600
6400
5800
5800
5700
6200
7000
6200
6300
35800
7000
6300
6400
6000
6000
6200
6900
11800
7200
6700
6500
6500
6600
6700
7100
6700
8000
9300
10400
9800
9400
9400
12800
12300
20700
11300
16300
10900
11200
11200
8300
7200
7400
7400
7300
8100
7600
8000
8800
7700
7500
7200
7400
12800
7400
7300
32800
7200
7400
7400
7400
42600
7200
7500
83500
10500
8900
4600
4700
4800
4600
4900
4700
6300
5600
5000
4700
5100
5700
5000
17100
9900
9900
9600
9700
8900
9300
8800
9600
8100
8800
8700
8300
8200
9000
8100
9900
8700
9000
10400
10800
12900
11000
10000
9500
9000
16700
11900
9300
13900
11100
10200
13200
10700
10100
10000
10900
11500
11200
11800
10900
49700
19600
9900
10600
9100
7800
7700
9700
84200
8400
7400
7600
8100
11900
93100
84200
28600
23300
13900
15400
16800
16600
15700
193700
9800
9000
9500
9600
9100
9500
11300
9400
13000
9600
15100
9500
9800
11200
9700
15600
11600
11800
11600
11400
11200
11600
11700
11800
11600
11800
12200
12200
11500
48100
12300
18800
12700
12900
14300
13600
13500
13600
13800
14000
13200
13300
12900
14400
13500
14200
13700
16000
14100
18700
14100
15600
14400
14800
14500
14500
69900
15500
59700
15700
15100
14300
14700
16800
71200
15300
14100
14100
14400
14300
14600
14500
14400
15000
14800
16700
16000
16200
15900
200700
9700
9100
8900
9100
9200
15700
13700
9400
11100
9200
9200
9000
9300
10400
40300
19100
11000
11400
11200
10900
18700
11300
10800
11300
11100
11800
11300
11300
11500
11500
11800
13300
12300
12000
13800
12400
12700
12200
12300
12200
17600
13000
13500
13100
15200
12600
48600
15500
13900
13600
13700
14600
13800
14000
13700
13600
70400
15100
14200
13800
14300
14400
14400
15900
64600
15000
13600
13900
13700
14000
13700
13800
18900
13900
13800
49800
15900
15400
15200
175400
9500
8400
9000
8800
8300
8700
8800
8400
10300
14800
8700
8900
9300
10400
9300
14900
10800
11400
11400
11200
10800
168100
11400
11100
12100
11800
11400
10700
16400
11700
11900
13400
12500
39900
12600
12600
13800
12400
12700
12700
14300
13300
13400
13200
13100
12600
12600
19000
13300
13200
12800
14100
13900
13400
13200
13900
13700
13900
13800
12500
9600
31500
7700
9400
38000
8000
9400
7400
7200
7200
7300
7200
7200
7300
7200
7300
8100
8000
7900
82800
4800
4600
4800
4500
4900
4600
4600
4600
6000
4800
4500
5000
5000
6200
4800
9200
5800
6000
11100
5800
6000
5900
5800
5600
5800
6200
7400
5800
6000
6000
6100
7100
6600
6200
6600
6400
6500
6400
6300
10600
6500
6900
6900
6900
6700
30000
6800
7800
7100
7600
7200
7500
7500
7500
11200
7900
7400
7200
7300
7200
7400
8000
7500
8100
7000
8100
7100
8100
7300
7300
7100
11500
31400
8200
7500
7200
7400
7300
7100
646800
5900
4600
4700
4700
4500
4400
4700
4400
9500
4500
4700
4600
6000
5600
5000
9200
5600
5700
6000
5800
5800
6000
5800
5700
5500
6000
5900
5800
6400
6000
6700
7200
6500
6300
6200
6300
6500
7000
6400
6400
6500
6800
7100
6800
6600
6500
6600
11700
6900
7000
6900
7500
7500
8000
7200
7600
7200
7200
7100
8500
7300
7800
8100
8400
7000
22500
8400
8600
8200
8100
8000
7200
33900
9300
8200
8100
8200
7200
8300
83400
10600
5800
4800
4800
4600
4900
4900
4700
4900
4800
4700
4900
5700
5600
5600
10100
6100
5600
10800
5900
5600
5700
6000
6000
6400
6700
6000
5900
7500
6200
6500
6900
6900
6600
6600
6200
14700
10400
11000
6400
6600
6400
6400
6300
6600
6600
6900
7800
7000
7000
7300
7400
7300
6900
26400
7300
38500
7000
7100
7200
7100
7200
7300
9000
7200
7700
7700
7000
6900
6800
7200
7200
7400
12000
7400
7800
7200
7400
7600
77700
4800
4500
4800
4500
4900
4600
4600
4700
22200
12300
4500
4800
8900
5500
4700
11300
10400
5800
5400
5500
6000
5700
5500
5600
6000
5900
5500
6000
6000
5800
5700
7000
10700
6200
6300
6200
6500
6100
6300
6200
6400
6100
30900
6700
6400
6400
7000
7800
6600
6600
7200
7300
11300
7000
7000
6800
35000
7100
7500
7200
7100
7300
7000
8700
6800
7600
6800
6900
10800
7000
7500
8500
7200
7900
7300
7800
7100
7300
7100
80300
4600
4400
4300
4400
4500
4400
9400
4600
4500
11100
4600
4500
4800
5400
4800
8900
5600
5800
5600
5800
5600
5700
5600
5500
6100
5900
5900
9900
6300
6400
5900
6500
6600
6100
7600
6300
6300
6100
6700
6400
6400
6100
6400
6400
6700
6300
8600
12000
6900
6900
8000
7400
6800
6900
7000
7100
33500
7600
8900
7100
7100
7200
7200
12900
7000
7400
7300
6800
14800
10800
8900
7100
6800
7900
6900
7600
7100
8800
7300
82400
4800
6400
5800
4400
4700
4300
5000
4800
5700
20100
5300
7600
4700
7000
5600
9500
6400
5900
5700
6200
6100
7600
11400
7300
6200
6400
6100
6500
6700
7100
7200
8300
7000
8800
9500
10600
10400
9700
10600
10400
81700
9800
11600
9100
7700
8400
8400
11200
10300
12100
10400
8900
8900
8800
7100
6700
7000
7000
7100
6900
11500
7200
7700
8800
7000
8400
7100
8700
7000
6700
7200
7100
7100
7700
8000
7700
11200
7300
7300
80300
4800
4300
4500
4400
4500
4400
4300
4500
4400
11700
4400
4700
4800
5400
4700
9700
9600
5700
5700
5600
5500
5600
5500
5500
6100
6000
5800
6100
5800
7300
5900
6500
7300
6700
6500
6600
10500
6200
6700
6400
6200
6200
6400
6400
6600
6500
7200
7500
7300
7100
7000
7000
7400
7200
7100
10900
6900
7100
7000
7000
7100
44900
8100
8200
7300
7000
7600
7600
7000
7100
6900
7100
42000
7200
7100
7100
7300
7200
7100
76300
4600
4400
4300
4400
4500
4400
4600
4300
4400
10600
8700
4600
4800
5200
4700
8300
5400
5700
6100
7900
5900
5600
6400
5600
5900
5800
5500
5900
5900
5900
5700
6500
11700
6200
6300
6500
6100
6300
6500
6500
6100
6300
6400
6400
6400
6600
7100
7300
9300
22600
7300
11000
7300
7100
6900
6900
34300
6900
7000
7000
7100
6800
7700
7900
7000
7500
7400
11500
7100
9200
6900
7000
34300
7000
7000
7000
7100
6900
7000
78500
4600
23300
8700
4400
4700
4400
4500
4600
4500
5700
5200
5300
4800
4900
4700
10400
6600
6200
5800
5700
6300
10700
5600
5900
5700
6000
5700
5800
6000
5700
5800
7400
6200
6100
6800
6500
6600
7100
6400
6300
6500
10700
6400
6700
8500
6700
7000
7700
7600
6800
7000
8000
7200
6800
7900
7800
7400
7200
7700
9000
7200
10100
9200
10900
27000
8800
7000
8100
8200
8200
8300
7100
8100
8300
8900
12000
7400
7300
7200
81100
5000
5000
4500
10100
4400
8000
4800
4800
4600
4700
4600
5800
6000
9100
5100
8700
5700
5800
5900
5700
5500
5600
5700
6300
5500
6000
5700
6500
5600
5900
6000
7100
6300
10700
6600
6500
6500
6200
7600
6400
6400
6100
6500
6800
6500
6300
6900
7800
17100
10300
6900
6900
11300
7400
6900
7300
6900
6600
7500
7100
6900
7500
7300
8400
86500
6900
6800
11100
6900
7000
7100
7000
7600
6900
8100
7000
8500
7600
7100
116900
4500
4400
4400
9500
4400
5900
4700
25800
6300
4700
4600
5400
5000
4500
4800
9100
6500
5700
5900
5900
5600
5600
5600
5700
5800
10600
5700
5900
5600
5800
5500
6500
9200
6900
6700
6400
6400
6200
6300
6400
6500
7700
6600
6400
6400
10900
6500
7900
7400
6900
8700
8300
6900
7100
6900
9300
7200
6800
7500
7100
7500
7500
7200
12800
48100
14200
10600
9900
7600
8000
7700
10000
7600
7300
9100
7900
7400
7600
7600
93600
5200
4700
4700
14900
4200
6300
4600
4600
4400
4600
4600
5300
4900
4400
4800
9400
5500
5800
10100
5800
6000
5400
6800
5500
5400
5900
5600
5800
34900
5900
5900
6400
6200
6400
6600
6100
9400
6600
10500
6200
6400
6800
6400
6300
6200
6500
6400
8000
6600
6700
7200
16600
7500
7000
7100
6900
11000
37300
7500
9500
7300
7000
8100
8300
23900
7000
6900
7000
6900
7100
7000
7100
6800
11500
7900
7100
8400
7100
8900
77600
4600
4500
4300
9600
4300
5800
4700
4600
4300
4600
8600
5300
5200
4700
4800
9000
5800
5700
5700
5600
7000
24700
5400
5500
5500
5700
5600
6200
6900
5600
5800
6400
6300
6500
6600
7300
6400
6300
6100
6300
6300
6700
10800
6200
6300
34300
6700
7800
6800
7600
7300
7300
7400
7000
6900
6900
7000
6900
7100
7600
7000
11800
7700
8100
7400
6900
7000
6800
7000
7200
7100
7600
7300
7000
39400
8700
7200
11900
7400
79900
4500
4500
4400
9500
4200
5800
4600
4500
4300
4600
4300
5400
4600
4600
4800
7800
9700
5800
5800
5600
5600
5600
5700
5500
5600
5900
5800
5800
5800
5800
5700
6400
31900
8200
6700
26900
6200
6300
6200
6200
6900
6800
6400
6300
6200
6400
6300
7900
6700
6700
7200
7200
7300
11300
7000
6800
6900
6900
7100
7300
20400
7300
7600
7900
8000
6700
6800
6700
6500
7300
6900
11500
7200
7000
7600
7100
8400
7700
7300
79900
11500
7200
6700
7000
6400
6800
7100
6700
12200
6200
8300
5500
4600
5000
6400
11500
5900
6100
6400
6600
5700
5600
5500
5600
5700
5500
5900
5800
10100
5700
6600
7100
6400
6400
6400
6100
6300
6200
6700
9300
7300
6800
6700
6600
6800
6900
7200
12800
7300
7500
7200
7300
7000
6800
7100
7600
7600
7100
7100
7200
7700
7700
7600
12700
7400
7000
9400
6900
7000
7000
7000
7800
7300
7500
6900
7300
7200
7200
7100
660800
6700
4900
4700
4800
4700
4400
4700
4700
4600
5500
4600
4800
5600
5000
4700
8400
5800
5500
5600
5500
6100
10000
5400
5700
7300
5700
5500
6100
5700
5800
5600
6800
6100
6000
6300
6300
6000
22000
7100
6400
6900
10800
6900
6600
6700
6600
6500
8500
7100
6900
7000
6800
6900
7200
7000
7300
7300
7200
6900
8600
8500
8600
8500
11100
6900
28400
9500
8100
8000
6800
8000
8600
8000
8400
8200
11400
7000
7100
7200
77200
5400
4600
4500
4300
4400
4500
4400
4700
4500
5100
4700
4500
5600
4700
8700
8900
5900
5400
5700
5600
5500
5400
5600
6300
5900
5500
5800
6100
7200
5800
6000
6600
6300
6600
10200
6800
6300
6400
6300
6300
6400
6300
6800
6500
6400
6500
6300
8100
6800
7000
7100
7000
6600
25900
7200
7500
7300
7000
7000
7000
7500
7800
7500
8100
7000
6700
7000
6800
6900
11100
6800
9300
7100
7100
6900
7100
7000
7000
7600
80300
5500
4500
4400
4500
4300
4500
4800
4600
4600
4400
4700
4600
5200
5100
4500
9000
5800
5500
5400
5600
5600
5800
5400
5700
5700
5800
5500
6100
9800
6000
5700
6600
6200
8100
6300
6600
6300
6300
6300
6400
6600
32400
7100
6500
6600
6500
6600
11500
7000
6900
6800
6800
6900
6900
7500
6900
8200
7600
7600
7300
7600
7500
7500
12200
6900
6800
7100
6800
6900
20000
7700
7800
7100
7300
7100
6900
7200
7000
7100
81000
5200
4500
4300
4500
4800
4400
5100
4600
4300
4600
4500
4600
5300
5000
4600
8300
5800
5600
5600
5400
5700
9700
5500
5800
5700
5700
5400
6600
6000
5900
5600
6400
7700
6500
6200
6500
7500
6600
6300
6100
6100
6400
10800
6600
6200
6400
6500
7300
6900
6800
6700
6800
6800
6800
7400
6900
8600
7600
7700
7200
11900
9900
7600
9600
7400
7100
8900
7100
7000
6900
7100
7600
7500
7000
7100
7100
11800
7700
7600
77300
5300
4600
4400
4400
4400
4500
4300
4600
4400
4300
4700
4400
21500
4900
8900
7500
5500
5300
5500
5600
5300
5600
5500
5600
5600
6000
5600
6100
5600
5800
5900
6400
6000
6300
6200
11200
6300
6300
6100
6400
7900
6500
6700
6300
7100
6600
6500
7700
6900
6800
7000
6900
7000
6700
7400
11400
8000
7500
7400
7300
7400
7400
7000
9000
6900
6700
7000
6800
6800
6800
6600
11500
7400
7000
27400
7500
7700
7800
7600
78500
4500
4600
4600
4300
4600
4400
4400
9700
4500
4700
4700
4600
4700
4700
4500
