1173500
45800
13700
6400
6300
11000
16300
7800
12800
7000
7400
15800
7700
7800
8600
9300
16000
112900
15800
114400
12400
117200
12800
13900
12700
11500
11700
12500
13500
12200
12800
18400
136500
116600
15100
16500
180900
208400
31900
353400
25100
28100
23700
22700
22600
22800
349900
24700
33800
226800
51400
263100
31500
26100
34400
29500
27600
25900
32000
31600
350100
27800
30400
30700
254500
49400
38400
370100
34200
385700
127400
31500
31600
31800
37400
33200
349200
32800
33100
32200
34900
8700
8000
21400
9600
23800
17100
11000
9400
9200
9200
10300
9800
9700
10500
10200
16900
73900
15600
92400
15700
104000
20500
14100
14600
14600
14000
16100
15400
14900
15500
16500
120700
106300
19700
23500
106700
123600
19500
123800
20800
25100
21600
19900
20000
23800
178300
23100
29100
178400
43200
93800
26200
24200
27100
25500
24600
24500
36700
27400
156900
19900
20600
22300
83100
24300
25900
110400
24400
105700
41900
23900
23900
24100
25000
23900
106300
28800
25500
24900
15200
6900
6100
14100
6500
15000
16400
16000
3900
3000
2900
3500
4300
3900
3500
3200
35300
13400
10200
9300
5200
5100
5500
5000
5700
5000
4800
5600
5300
17700
5700
4900
39000
33400
6800
7600
39300
43000
6700
47400
7300
7600
7300
7000
8100
7100
59100
6600
12700
53700
17800
46700
9800
10400
14300
17800
11200
32700
12700
20100
118900
9000
9900
11200
99000
18500
15600
95700
14000
131400
30200
11500
12200
11200
11500
10400
115700
12200
10900
10600
3800
3800
3100
19700
3100
20900
23400
2700
7400
3100
2800
3400
3000
2800
3600
5200
24000
7100
4500
6100
5100
4700
11600
5000
5900
4700
16400
5600
4900
4800
5200
21000
13100
23200
8000
51000
7300
48000
9400
6500
7800
6400
6500
8700
7600
7300
7500
8600
12700
42300
18700
42800
11300
12600
10000
9200
8500
8500
10000
9700
123000
10200
9500
17800
54200
14200
13300
69600
12100
93400
31400
10200
10500
11000
11400
10500
93800
10400
10600
10500
6000
3700
3300
11400
3300
11200
13200
3000
3500
3100
3000
3600
3200
3100
7700
3300
16300
9300
7500
4700
5000
4700
5600
4900
5800
4900
7400
5500
5200
12200
5500
5000
8800
26800
12000
33300
7300
35800
6600
11400
6800
6400
6700
7500
7400
7100
11000
7500
32800
34200
8700
9400
27500
49500
8600
34700
8800
9600
8900
8400
8900
8600
49500
9400
47400
11300
11400
64000
15700
68300
24700
10200
10500
11900
11300
10600
71600
10300
10500
10400
9700
3400
3200
12700
3100
13600
18500
3100
3300
2900
3000
3200
2900
3000
3200
3100
19100
8300
6800
4500
5000
4600
5400
4700
5700
4700
4800
5200
5200
11300
5200
8900
8900
22700
7500
36700
7700
37700
10500
10300
6700
6500
6600
7400
6600
6800
8000
7300
31300
41100
8700
13100
26900
46000
8500
32200
8800
9500
8800
8400
12800
8500
46100
8600
13200
53900
37400
42400
11400
10100
12800
11300
10400
16600
11300
12400
66200
10300
10400
11400
12000
6700
7200
6800
6800
6700
11600
6900
7100
6700
7400
6900
6800
7300
6800
6900
10500
8300
9700
8400
8600
8900
8500
153500
24300
16900
17400
17100
17000
173300
17900
16900
19900
137700
15700
17100
12100
75700
11800
11300
13300
11400
51000
11800
12500
11900
11600
11800
32600
16800
13300
12800
88400
54300
13100
42900
49300
12800
12900
12600
14000
13000
14900
13000
165300
21500
29500
14500
12000
11600
24600
11200
10500
12700
22900
29900
39700
11800
10600
10500
14700
7900
7700
8200
8000
7600
7900
9000
8300
7700
8100
8400
8000
8700
8000
8000
14900
10500
9400
9700
10000
10300
9600
42500
158300
14000
15600
10900
11600
74500
11400
17000
13600
71800
13900
14400
12300
56400
11400
11500
12800
11700
46100
11900
14700
12100
11500
11800
14900
14200
13000
12700
96100
59600
13000
42300
43900
12900
13100
12500
14200
14400
14800
13100
165400
21300
29700
10300
11600
11500
24300
11200
10400
12800
25700
31900
38600
12500
11800
10300
13400
9100
8700
9300
7800
9000
8800
8600
9200
12200
8500
8500
63900
8700
8100
8100
10600
9600
10300
9400
9900
10100
48100
9800
10000
11100
10500
9900
10000
9900
9900
10000
12700
72500
12700
12400
11600
58100
11500
11500
13100
11600
41000
11700
12300
12100
11600
11700
20700
13900
17800
12800
87400
53500
13200
41800
44000
12600
13200
17200
13900
12800
14300
13400
159400
22700
31000
10200
11800
11400
27900
11900
10300
12700
22600
28000
33300
11400
10500
11700
13200
8200
7600
8200
12000
7900
7800
8500
8300
8000
7700
8400
7900
8800
7900
8200
10500
38100
10900
29800
10000
10100
9900
9800
35400
9700
11100
9900
51800
10200
10000
9900
12500
11600
15700
11500
11700
12700
11700
43700
12800
11400
12000
11900
11800
68400
12600
11900
18700
14300
13500
12900
85600
53200
13200
42100
52800
19000
13200
11500
13000
12200
13400
11800
103200
21800
27600
11400
15600
11100
25600
11200
10400
12300
21900
28700
43200
13800
11000
10300
17300
6800
6600
6900
50000
6900
6800
7300
7500
6900
6900
7300
6900
7900
6900
7800
13400
8700
14800
8800
8800
9000
8600
8600
9000
8500
9600
8900
37700
8800
8800
12800
11700
10400
10600
10300
10300
11600
10600
34000
11600
10300
10600
10900
11900
53400
11400
10500
13100
43900
12800
13200
11600
41500
11900
38000
13900
11500
33100
11700
12900
40100
13400
13000
107400
20600
27500
10300
11400
12600
23600
11100
10500
12400
21400
28200
36400
11000
10900
10300
11900
8100
6700
7400
26200
6900
6900
7100
7100
6800
6900
7200
6800
13500
6900
7100
9500
33900
10400
8900
24000
9200
8500
8500
8900
8400
9800
8600
50500
8900
8700
9300
11300
10300
10600
10300
11600
11400
10600
33100
11600
10500
14700
44300
10600
48200
11400
10600
27600
45300
17200
13100
11800
40600
11600
33100
13200
11600
71500
34800
13100
38900
12100
11700
86300
12200
10300
10500
28900
31200
10500
22800
16600
10700
10300
10400
12200
10500
12600
10600
33900
6800
11100
6900
7200
6700
7200
6800
6900
7000
6800
6700
41900
60000
6900
8300
13400
8300
8200
67000
9500
8600
8200
9300
9000
8500
8400
8700
8900
9300
51800
8800
11500
10100
10400
10200
10100
12300
11000
11200
10400
10500
34400
10200
89700
12000
10400
11900
37400
11400
11800
12400
15600
11500
47800
11300
12000
12400
11900
11400
11900
11500
12000
12700
83800
11600
11000
20500
15600
9800
11800
11100
10400
11500
12200
12400
22400
19900
20200
12700
10500
33000
6500
7500
7600
6800
10900
41600
18300
7300
44100
7900
7700
31400
7300
8000
10800
10100
8900
76400
8900
8400
8400
9300
8800
8300
10900
10200
9000
9200
47300
9100
15100
10700
10400
9700
10600
13900
11100
11300
10700
10400
35000
10500
88400
11700
10200
11500
38100
12800
11600
12600
12700
11400
43700
11300
12100
15500
11900
11300
11700
11700
12100
12700
83200
11700
11200
22800
15500
9900
10000
10000
10600
11300
15400
11800
20400
21100
22800
11500
14600
19800
7900
6900
6800
6500
7800
25500
11300
6800
6600
7300
46600
7100
8200
7600
31900
9300
8300
8400
9400
9700
9300
8900
12800
9000
8400
10600
42100
87000
8500
8500
11400
10000
10500
14300
10400
11300
11000
11200
10600
10100
34200
10100
84900
11500
10700
16000
39800
11700
12100
13000
13200
11400
44700
11500
11900
11300
11900
11500
16200
11700
13100
12600
86000
11600
12400
20500
27200
10400
11000
10800
11200
11200
12000
12400
27800
20500
20700
12300
11400
6800
6700
8500
6800
7900
7100
6700
7100
6800
40700
7600
12500
7200
7100
7300
31600
8500
34000
8600
9600
8600
9400
8500
8800
8700
8600
8600
105000
67500
8800
8600
11100
10000
10600
74400
10300
11200
10300
11900
10700
10400
10500
10500
11700
11800
49800
10400
40800
11500
11900
12500
12800
11500
43000
11500
11900
12700
11600
11400
11700
15600
12000
12800
86000
12900
5300
19900
10100
6500
4600
4700
12300
7100
9400
5600
25200
22100
14000
6300
10500
7500
7500
5800
5800
6200
5600
5600
7100
7200
5700
5900
5500
5800
32600
6200
29900
6100
6300
7500
6700
6300
6700
6200
6300
6200
6100
6900
44600
74600
39800
6800
7700
6700
6700
68100
7200
11200
7000
7700
6900
7100
7800
7200
7000
7600
45600
7300
8300
7000
7100
7100
6900
13400
7700
8400
7800
7200
31000
7100
79900
8000
7200
8300
84300
5500
5200
15600
10800
14500
4900
4800
4900
5500
5800
5900
17600
14800
19100
6300
9700
6100
6000
5900
6200
6200
5900
6100
6100
6200
6100
6700
6300
6500
7100
6900
64900
6900
6600
57100
6700
6500
6900
6500
6300
6200
6400
6500
39600
62300
6300
6400
7200
6900
6800
65900
7400
7000
6800
7500
11300
7100
7200
7500
7200
7800
47400
37100
7800
7000
6900
6800
39100
7600
7600
8300
7300
7000
30500
7100
129800
9400
8500
14000
125200
5600
5500
7400
6100
16700
14800
4800
5200
5300
4800
5200
10100
5700
5500
6200
10200
6100
5700
5400
5500
5800
5600
5700
8200
6000
5800
5600
6200
6100
5900
7800
9500
7800
7400
6200
7500
7800
7500
7400
7300
7800
6300
7600
7400
7500
7400
6500
10800
22200
6900
7000
7800
7000
6900
7100
7500
8400
7500
7300
7800
7300
7200
7100
13300
7200
34900
8900
8000
7000
7200
9600
37900
7300
7900
7200
6900
7600
11300
7600
78000
4900
4500
4600
4500
4500
4700
4500
4400
24300
4800
4700
4700
29600
4500
5100
9800
5800
5500
5700
5800
5500
6000
5800
5900
5800
5600
5900
7400
5900
5700
6700
7200
10800
6200
6600
6600
6800
6300
6300
6200
6700
6800
7300
6500
6500
6300
6600
7700
18000
11700
6800
8000
6800
17600
7400
7900
7500
8000
7600
8500
7700
7500
8200
10000
7500
41700
8300
8200
7600
7600
7900
43500
9700
8600
7400
7700
7600
7600
10400
82000
4600
4400
4500
4400
4500
4600
5000
4500
23000
4700
4400
4600
24300
4700
4900
13800
5800
6100
5600
5500
5900
7700
6000
5800
5500
5700
5800
6100
5700
5800
7400
6800
6200
6200
6100
6200
10700
6300
6400
6800
6700
6500
6400
7000
6900
6600
7000
7800
17200
6900
7400
11800
6900
6800
6900
8600
7100
7400
7000
7500
7300
7100
7100
13300
6800
50100
17400
13500
7200
7000
7300
38200
7200
9000
7000
7000
7100
7000
7300
82100
4500
5000
4600
4300
4500
4400
4500
4400
23200
4600
4400
4600
24200
4700
4900
9000
5700
5600
9300
5500
5600
6000
5800
5700
5700
5700
5800
5800
5700
5900
6200
6700
6700
6200
6200
6100
7800
6300
12400
11100
6900
14200
6900
7300
7200
7000
7500
20000
8200
7300
7900
7900
8100
10200
11100
7100
7500
7000
7500
7100
7100
7100
7300
8600
6900
34100
7400
7500
13400
7300
7400
37900
7200
13000
7300
7100
7000
8400
7300
78000
4500
4600
4100
8500
4500
4400
4600
4500
23100
5800
4600
4800
24000
4900
5000
9400
5700
6300
5300
5900
5600
10100
5600
5800
6100
5800
5800
6000
5800
5800
6000
6600
6100
6400
6200
6200
6800
6800
6900
8100
6900
10700
6500
6700
6700
6400
6700
7700
8000
7200
6900
9400
7400
7000
7500
7100
7800
7100
11600
7300
7200
7100
7300
8200
17400
7000
7000
8100
7200
7000
7000
7800
7200
11900
38600
7900
7500
34000
7100
78500
4500
4600
4200
4500
4500
4500
8700
30100
24800
4600
4400
4800
25000
4700
4800
8800
5600
5600
5300
5800
5900
5600
5700
5700
9700
5600
5900
6000
6100
5800
6000
6700
6300
6100
6300
6100
6600
6300
6100
6700
6700
23700
6700
7000
6800
6400
6900
7700
7400
6900
6700
7300
7500
6900
7000
7000
8000
7200
11600
7200
7000
7100
7400
7900
17700
6800
6800
8000
6800
7200
22700
7900
7100
7500
46900
7700
7200
7200
7100
79700
4700
12100
4500
5300
4600
4600
4800
26300
4800
5400
14300
4600
14100
4600
5000
9000
5800
5900
5600
5600
7300
5700
5500
9900
5700
5800
6000
5700
5700
19700
6400
6900
6700
6200
6200
6100
6100
6400
6000
6300
6200
6300
6100
6500
10600
7000
6400
7800
7300
6800
7000
6800
6700
7400
6800
7300
6800
7300
7400
30000
9000
7200
8400
10900
8200
26700
9400
8200
32200
8600
8100
8300
49500
7200
7200
7300
7200
7700
44100
81200
4700
4300
11200
9100
4400
5400
9900
4800
4600
4500
4700
5300
5100
4600
14900
10000
5900
5800
5700
5800
5800
5500
5600
5900
5900
5500
5700
9700
5700
5700
6100
6800
6600
6300
6200
6300
5900
6300
6200
6200
6300
6300
6400
6200
6500
6800
7100
11600
6600
7100
6700
6600
6800
7300
6900
7300
7100
7500
6800
37700
7700
7300
7000
12800
6900
26900
7700
6800
30000
6800
7100
9600
45800
7100
6900
7700
11900
7800
44600
77400
4300
4400
11200
9200
4200
5400
5200
4500
4600
8600
4500
5400
4800
4800
4500
9500
5800
5700
5600
5600
5700
5800
7200
6100
5800
5500
5700
5700
5700
5500
6000
10500
6600
24200
6400
6100
6800
6400
6200
6100
6300
6400
6300
6300
6300
6400
6900
8500
6600
6700
10600
6900
6700
7700
7000
7400
7100
7300
7000
29400
7700
24100
8800
8300
6700
28500
7500
7000
29400
7500
6600
7100
42600
7000
7200
7100
7000
8000
48800
77900
4200
4300
11700
11400
4400
5200
5000
4600
4400
4700
4400
5300
4700
8900
4600
8600
5800
5800
5800
6100
5800
5700
5800
5700
5700
5700
6100
5600
5900
5900
6200
28600
11300
6300
6200
6200
6700
6100
6400
6400
6400
6300
6700
6500
6900
6300
7200
7600
7700
21900
7000
10900
6900
7000
6700
7100
7000
7000
7000
6900
8600
7700
7800
8200
6800
25600
7400
11600
29600
6900
6900
7000
42200
6900
7200
7100
7200
7600
43500
81600
14000
4300
11000
8800
4400
5100
5200
4900
5700
4500
4600
5200
4700
4500
4700
8400
5500
10000
5700
5700
5700
5500
5700
5700
5600
5600
5500
5600
5700
38900
6000
6500
6500
6300
6100
10400
8600
7100
6300
8100
6500
6500
6500
6200
6600
6600
7000
7400
7600
6800
6800
6900
6800
7800
11000
7200
6700
45900
7200
7100
6900
7600
7200
7900
7000
7200
6800
7100
23600
11500
30100
7700
7300
8000
7100
29100
7700
7500
7900
77000
8300
4300
11000
10100
4200
5000
5100
5600
4600
4400
4600
5300
4700
4500
4600
9200
6000
5900
5600
5800
9700
5800
5600
18400
5900
5800
5600
5900
5900
5800
6200
6600
6500
6300
6200
6300
6700
6200
6300
6300
10500
6900
6600
7000
6700
6900
7200
7700
7600
7100
8000
7300
7100
7700
6900
7000
7100
7100
8300
7100
11400
7800
7300
8100
6700
6800
6900
6900
6900
7500
7100
7500
7100
7400
7100
44700
7700
8000
7600
90600
4300
9600
5300
4400
10900
4600
4700
4500
17100
15400
4800
4700
4600
5600
16500
9300
5700
5700
5800
5700
5700
5700
5600
5500
5900
5800
5600
10000
5800
5600
6700
6900
6300
6300
6200
6100
6700
6200
8100
6200
6500
6200
7000
11000
7300
10400
9100
16800
10800
108300
8300
7400
7400
7300
7600
7500
7000
6900
7100
7100
7000
6800
7000
8600
11400
6700
6900
7000
7800
7000
7600
6800
62300
7000
7000
7200
7000
7300
48500
76500
4400
4300
4200
5200
4500
4600
4200
4300
6300
8200
4800
5400
4600
4900
4500
8800
5600
6900
6500
5700
6600
6500
6600
5500
6600
6500
7300
5700
36200
7100
5600
8600
5900
6800
6900
7100
6000
7300
10700
6000
6200
6100
6300
6200
6700
6400
6400
7400
6700
28200
7400
6900
6800
6800
6700
6900
10800
17600
7100
7000
7000
6900
7100
8300
7000
6700
6600
6800
7500
8300
7800
7700
66400
6800
7000
7000
7100
7000
44000
77600
4200
4300
4200
5500
4300
4400
4200
4400
10000
6100
4700
5300
4500
14100
4800
8800
6300
5600
5500
5400
5500
5400
5700
5700
5700
5900
5700
6900
5700
5600
10000
6800
6400
6200
6500
6500
6100
6400
6200
6500
6300
6500
6400
6300
6100
15600
6800
7800
16900
33900
8100
7100
7800
7300
7200
7100
7400
7300
7200
7400
7400
7600
7400
10100
7500
7200
7000
14900
7300
7100
7400
6900
61800
7000
7200
7000
7100
7100
43700
80900
4400
4100
4300
4900
4900
4500
4300
4400
5700
5600
4600
5200
4600
4700
4600
8300
5500
5600
5600
5400
9800
5800
5800
5300
26000
5600
5900
5700
5500
5700
5700
6600
16100
6200
6500
6600
6500
6300
6000
10600
6400
6300
6400
6200
6400
6500
6700
7600
7000
6700
6900
6900
6900
6700
7000
6800
6900
6800
7200
11200
14500
7400
6900
7900
7000
6900
6800
6700
7300
6900
6800
6900
141300
11300
6900
7600
7100
7000
43300
78700
4500
4100
4300
4900
4300
4500
4200
4400
5600
9500
4500
5200
4600
4500
5300
8100
6700
6200
6100
5700
5300
5400
5700
5400
5500
5600
5900
5500
5700
5700
5600
10900
6100
6300
6500
6600
6200
6200
6200
6700
6500
6300
6200
6300
6400
6100
6900
7400
6700
7200
6800
11200
6700
6900
7100
6900
6700
85700
7100
7000
8800
7200
7200
9500
6900
28800
12400
30800
6900
7000
7000
6700
7100
36600
6800
7000
7200
11600
17400
82500
4400
4900
4200
5000
4400
4200
4300
4100
5700
5900
4400
5000
4700
4600
5800
8500
9700
5700
5400
5800
5600
5300
5900
5700
5600
5600
6000
5700
5600
5500
5800
6600
7000
6100
6500
6700
16000
10500
6300
6700
6500
6300
6600
6400
6500
6300
7000
7600
6700
6800
6900
6900
6700
6900
7100
6900
6800
10800
7500
7100
8100
7100
6900
9700
7400
27100
7900
6900
7000
7000
7000
6800
7100
11700
7000
6900
7000
7200
7100
267400
25300
16200
14300
15200
24000
14600
14600
14200
75100
14800
15000
33900
8300
5300
19800
9800
5500
5500
5600
5300
6000
5500
5500
24000
6100
96400
44500
5600
5800
5800
5700
6800
6200
19900
5900
5900
6100
6000
6600
6700
6600
6200
6300
6500
33700
6500
6900
8000
6800
7000
7200
7000
7800
18300
7000
6900
7000
6800
7500
6900
7100
11500
108800
8600
7200
6800
6900
6700
7000
6900
6800
6900
7100
7100
6900
7800
7000
11200
7300
78900
4500
8700
4500
5200
4500
4600
13000
4600
5500
5400
4400
4500
5200
5400
9200
9100
5800
6100
5700
5700
29800
5800
5600
5700
5700
5700
5800
5600
40400
5900
9700
6900
6200
19600
6200
6000
6100
6000
6600
6600
6500
6800
6300
6400
36200
6700
12400
16200
7200
7800
7200
7300
7700
7400
9800
7500
7400
7700
8100
7500
9800
7700
141700
8900
6900
6900
6700
6900
8600
15900
7000
7200
7000
7000
6700
9300
6900
7100
7100
82800
4400
8700
5500
7800
5500
4300
5400
5300
7900
6500
4400
5600
6100
6200
5600
9500
6700
5700
23800
5600
5600
5800
5800
5600
5700
5700
5800
13400
6000
5800
5700
29000
7800
6200
11000
6500
6700
6300
6200
6400
6500
30000
39700
6400
6400
6200
6300
7600
11100
6600
6700
6900
7400
6900
6600
6700
12900
7100
7400
7000
6900
7100
122400
8000
11000
8800
7000
6700
6800
7000
6800
6800
6900
6900
6900
7700
7100
6900
7000
79100
4500
10300
8900
5100
4300
4200
4500
4400
6600
5300
4400
4400
14800
5400
4600
9300
5800
5600
5600
5700
5700
5600
9700
5700
5700
6000
5500
6800
5800
46900
5600
7100
6200
6100
6200
6500
6600
6200
6200
10100
6600
29800
74600
6400
6600
6700
6600
7300
6800
20200
6800
6900
11000
6700
7400
8800
7500
6800
6900
7000
28900
7100
7500
7900
6800
6800
6800
6500
10700
6900
6900
6900
7000
14500
7100
7700
7100
6800
7000
80200
4400
8600
4400
4900
4500
4300
8500
4500
6200
5200
4300
4700
5100
5200
5200
9600
5800
5400
7500
5700
5600
7400
5800
7900
5900
5600
11500
5600
5500
5600
7700
14000
6700
6000
6100
6100
6500
6300
6000
6300
6500
30700
45700
6400
6300
6400
6400
7600
6700
19800
6700
6700
6900
7000
8900
7400
7700
6900
10900
6800
108100
8900
7800
7900
7000
6900
7000
6900
7600
6800
6900
7100
7000
7000
12700
7300
6800
7100
48800
82100
4800
9400
4600
5100
4500
4500
4300
4600
5300
10000
4600
4400
5300
5400
4600
9400
6000
6400
5500
7300
5900
6000
5800
5800
6000
5800
6000
6300
6000
10300
6400
6700
6100
6200
6300
18000
6600
6100
15700
7000
7200
33300
82800
6300
11000
6600
6300
7300
17900
23000
7000
6600
7100
6800
7500
7400
7400
7100
7000
7000
33700
7200
8100
8300
7000
7100
6900
7000
7400
6900
6900
7100
7000
7500
9600
8200
11200
7200
56400
86400
5000
8300
4500
4400
4500
4700
4700
4300
4600
4600
4500
5400
9000
4800
5000
11000
6700
6000
6100
6300
6000
5900
6000
6100
6300
6700
6000
6100
6000
8600
5900
6700
10500
6200
6300
6100
16000
6500
6100
6400
6500
6200
6200
8600
6700
6600
6500
8500
7300
6600
6700
10800
7000
6900
7000
7000
6800
7000
7000
7600
38700
6900
7700
8600
15300
7400
7500
11000
6900
7100
6800
7100
7900
7200
7000
7100
7800
7300
8100
78500
4800
4500
10600
11000
12400
5300
5200
4700
4800
4400
4800
4800
4900
4900
4700
9900
5500
5600
5300
5500
5500
5500
13100
6200
10100
5700
5400
5700
5800
5900
5600
6600
6100
5900
6400
6200
6000
6000
6100
6200
6300
6000
6300
6700
10600
8000
6400
8200
7200
6800
6700
6500
13200
7000
6900
6800
6900
6900
6900
8000
36600
11300
7900
8500
6800
6800
7900
6800
7000
6900
6800
6800
7500
7000
7000
7100
7700
7100
11900
76600
5600
4300
10400
5000
12500
12500
5200
4600
4400
5000
4700
5000
4800
4700
4600
13100
5500
5500
5600
5600
5400
5600
5500
5900
5500
5600
5800
5500
5800
6000
5900
6400
6600
6400
6200
6400
10800
6200
6200
6000
16400
6600
6300
6300
6300
6300
6500
8100
7400
8100
6700
7300
6800
6600
6900
8800
7900
6700
7900
9000
38800
8400
9000
10000
6600
7600
7700
7700
14800
6900
8000
11400
7700
7200
7000
6700
7600
7100
7600
77100
4700
4400
29800
5100
15600
5200
9700
4500
4500
4700
4700
4700
4800
4800
4500
10200
5800
5600
5600
5400
5600
5700
5400
6000
5800
5700
5500
6500
10300
6100
5700
6500
6700
6500
6500
6600
6400
6300
7500
6300
6600
6300
7000
6300
6300
9700
6800
11800
8600
6900
7300
8300
33900
6900
7700
7000
7400
7100
7200
7600
7000
7100
7200
13500
6900
7100
6700
6600
6900
7000
6900
6900
7800
7000
7100
7000
7700
7300
7800
81800
4500
4400
9700
5100
10700
5000
5100
4600
4600
4600
4700
5100
4900
4600
4700
8800
5600
5500
5600
9800
5500
5700
5600
5800
5600
5600
5600
5800
5600
5800
5800
6300
6500
7000
6500
6600
6300
6000
6200
10200
6600
6200
6300
6300
6800
6100
6500
7300
6700
6800
7400
7000
6800
6700
6900
6900
6900
6700
8500
11700
7000
7200
7200
8500
7400
6800
7000
6600
6900
7000
7000
6800
6900
7500
7100
7500
94900
7000
8200
79800
16500
11700
9700
8800
13700
8100
10500
4600
7100
13500
7500
6800
7000
4800
4700
10200
5300
5700
6200
5700
5700
5900
6600
6400
5900
5900
7800
5900
5900
6000
5700
6700
6500
6600
6500
7300
6500
6400
27300
6200
6900
6600
6400
6300
6700
6700
8100
9100
11000
6800
7500
6800
6900
6900
6900
6800
7000
7000
7100
21300
7500
7000
7200
8500
7600
7400
11200
7200
7100
27400
14100
7300
7500
7400
7500
8200
36600
7900
8400
96000
4800
4600
4300
4500
4400
4400
4500
4900
5600
4600
4700
5000
6200
5000
5400
11000
6500
21500
5900
5600
5600
5600
5500
5800
5700
5700
5600
5800
5800
6300
5700
7000
6100
6200
6300
6200
6100
6700
10900
6300
6600
6600
6500
6200
6500
6600
36800
7700
15800
7100
7000
6900
7000
6900
11100
6800
8600
123600
8600
8200
7700
7500
7900
13000
7700
7200
6700
7000
29000
7200
6900
7000
6800
7000
7200
7800
8000
7200
7800
79300
4600
4600
4400
9600
4500
4500
4600
6300
4600
4400
4700
4700
4600
4600
5700
9100
5600
5600
5600
5700
5800
5500
5700
5900
9700
5900
5700
5800
5600
6000
5700
6800
5900
7500
6600
6200
6600
6800
6600
6300
6500
6700
6500
6200
10700
6400
34900
7900
8100
6900
6600
6800
6700
7000
6600
7100
7000
36800
11500
7600
7000
7000
7200
17600
7900
6700
6800
10700
37600
7400
7300
7500
7800
7500
12400
8400
8400
9100
7300
81100
4800
4400
4300
5300
4400
4400
4800
6000
4500
4300
9100
4800
4500
4700
5500
9200
5800
5800
5500
5800
6300
5500
6400
5800
5700
5800
5800
5700
6000
6300
10300
7100
6500
6000
6200
6200
6300
35100
6300
6200
6500
6300
6600
6500
6500
6900
8100
11500
7200
6900
6900
6800
34700
10400
7400
7100
7700
39600
8000
8200
7700
8600
7200
13400
7700
7100
8500
7200
30300
8300
8600
7800
11000
11100
13700
8100
7800
7300
7300
87500
4700
4400
4200
5300
15100
4800
4500
5800
4500
4400
4600
11800
4900
5000
5400
10200
10700
5700
5700
5800
5800
5900
5700
7300
5700
5900
5900
5600
5900
6400
9300
6900
6100
6200
6300
6500
10000
9200
19300
18400
131700
16700
9000
8500
114500
9200
8500
9900
8700
8500
8500
7100
8700
9200
14100
7900
7900
8800
7900
7800
10000
7500
40700
10600
9000
7600
7400
7700
59300
7900
7700
7800
7200
7800
7800
8300
8400
7800
8100
87900
5000
5000
4600
10400
4800
4900
5000
6600
5000
4700
4900
5200
4800
5000
6000
11000
6700
6300
5800
6100
7300
7100
7300
7500
6000
7200
25900
7500
6100
7500
7500
8600
8000
8000
6600
12500
7100
6700
6400
8300
7000
6900
6800
7000
7100
7500
7200
8200
7400
8200
7100
7300
7500
8000
12100
20500
8100
7900
9800
7700
7300
7500
39000
9200
7200
7500
26000
7200
12700
7600
7700
7600
7500
125100
8600
8500
7600
7600
7900
86900
5200
9300
4700
6000
4800
4800
4900
6300
5100
4800
18400
5400
4900
5000
5900
9600
6700
6500
5900
6400
6400
10800
6400
6300
6200
6500
8100
6400
5900
6600
6500
7200
6900
6700
6500
6800
6900
6700
6600
6900
7600
12000
6900
19200
7300
7600
7200
7900
7600
7500
7200
7300
7600
7800
8000
7600
7900
8000
7700
12600
8000
7500
38300
9100
7700
7300
7500
7500
7500
9000
7500
7300
15100
47600
8700
8400
7700
7800
8000
87300
5900
5000
4700
4800
9700
4900
5100
4900
4900
9400
5000
6100
6100
5200
5400
12000
5800
6000
6100
5700
6000
5900
6600
6500
6000
6400
6500
5900
6200
13200
6100
29200
8700
7100
6700
6700
6900
6600
7200
6900
7100
7400
6700
36100
7000
7000
12700
8700
7500
7500
7100
8100
30800
7500
8400
8200
7700
10000
8200
20100
8000
7800
15300
9500
7800
9200
10000
8400
7400
7400
8200
8700
7600
8200
7900
8500
7700
8000
7500
88500
6000
5000
4800
4800
6600
5300
4900
4900
5000
5600
5800
5000
5300
6000
5300
10000
25400
6200
6200
5900
6000
6600
6300
7900
5900
6200
6100
6000
6000
6600
6300
7400
6600
7100
6400
6700
11100
6900
7100
6600
6700
7100
7000
35600
6900
6900
7400
8200
34300
7500
7400
7900
33900
7300
8300
8000
7500
7600
7500
8200
7400
7700
10200
9100
7500
7500
8200
12200
7500
9300
8200
8200
7700
7400
14000
8200
8800
30100
8100
83700
5400
4700
4500
9300
6400
4800
4800
4600
4800
5600
5800
4700
5100
5700
5100
10100
6500
5900
7500
6100
6100
6000
6100
10600
6100
5800
6000
6200
6300
6600
6200
7000
6700
6700
6800
24300
6900
6700
35100
7200
6700
11600
7000
7000
6600
7000
7000
8300
7200
7300
7300
7800
100200
7300
8300
7900
7400
12100
7700
9600
8200
7500
8900
35000
7400
7700
8100
7400
7500
7500
8000
8200
7800
12100
7500
9900
7800
7900
8700
87100
5500
5000
4500
4700
6500
6200
4900
4600
4700
5100
10500
5000
5100
5700
4900
10200
6300
6300
5900
7900
6400
26100
6900
27000
6600
5900
6100
6300
11000
6500
6200
7300
6800
6700
6800
6600
6700
6800
6900
7300
6700
7300
6600
7100
7000
7400
6700
12500
7200
8500
7200
22200
7800
7800
8100
7700
7400
8200
7300
36400
8200
7700
8400
13300
7200
7300
8300
7400
7400
7500
8000
8700
7600
7900
7700
8100
7700
7400
7500
85500
6500
7400
5900
15900
8400
4700
6200
6000
4700
5900
6700
6000
5000
7900
5000
11700
7300
10500
6100
5800
6300
6300
6300
5900
6000
6000
6100
6000
6100
7000
6400
7000
6500
6400
6600
6700
6400
6500
11800
30800
7100
7400
6700
6800
7000
8500
9000
8200
7400
8100
7100
7400
7500
7500
7800
7700
7400
12600
7400
36100
7600
7400
8400
8400
8200
7400
7600
27100
41200
7600
13600
8100
7800
7500
7400
8500
7500
7700
8600
87400
5600
4600
4800
4400
10400
5100
4600
4800
4800
4700
5500
4900
5100
5600
5100
8700
6200
6400
6100
6100
5900
6100
6300
6300
5900
23900
6500
6300
5900
6600
6400
6900
6700
6800
6400
6700
6900
6900
6600
7200
6800
8800
7200
7000
6700
11700
6900
7800
7300
7900
7400
7600
7400
7200
7900
37500
7800
8000
7600
36000
7500
12000
8200
8600
7700
7400
10200
8400
29400
7500
8600
8400
7400
7500
7500
13300
7600
9200
8600
91400
5700
5700
6800
5700
6300
4700
6000
5800
4800
5000
21400
10900
5100
5100
5400
