1736000
118300
43700
7000
7400
8200
8100
10000
10000
8700
9100
9100
9800
57500
10900
11300
74600
77900
14500
217300
19100
124800
20100
16700
16400
17600
18900
19100
16900
142300
25200
60200
114100
24200
93200
17000
17300
21500
17600
23300
17800
18100
18700
245000
18900
19000
19200
19500
106500
147000
21300
179000
154100
22300
21800
22400
22700
23000
23400
25000
23500
23300
23900
24200
222500
386400
251900
262100
28800
37600
27100
335000
28900
28000
27700
28600
28100
29200
32800
31700
40400
12200
12100
6900
7900
13000
7400
24600
7700
7900
8400
8300
9100
9700
9600
25400
40300
33700
11000
67500
12800
46100
12400
13100
12400
13000
15300
14400
13200
77500
18900
53200
383000
24500
95400
23700
21800
22700
18400
24400
17600
17700
18700
125100
18900
18600
19100
20000
77900
94800
25500
155200
140200
24000
24100
28000
26500
41500
37900
35400
30800
31600
31000
30200
211500
248900
190900
298000
48600
36400
35600
245400
47800
38700
37400
36900
37600
37100
43500
38300
29100
29600
10500
4300
5200
4500
12500
42900
4800
13100
5700
5100
4900
4700
6300
26200
42800
34900
17800
7800
15700
42000
8200
16600
8700
7900
7300
8000
8600
42900
7800
9500
54200
10500
51600
10400
10000
12300
10000
13000
10600
10300
10700
125500
10500
11100
12300
11100
61900
78000
13000
91200
79200
13500
12500
13800
13100
13700
15900
16200
14000
14500
13000
13800
132800
121600
90200
133800
18000
15100
21900
181700
17800
18600
15700
16200
16000
15900
20000
16500
5000
16400
15900
4300
5400
4600
17000
10800
4600
16500
5500
4700
4800
4800
5700
32100
15000
35200
13600
7500
19700
12400
7200
25300
8900
7600
8300
7500
8700
27400
7600
9000
34400
25500
10200
63200
11700
40600
9800
11500
9900
10300
12700
19400
10100
90500
12200
35800
54900
62300
12400
80200
70200
18600
13000
13000
12600
13300
13700
15600
12700
13400
12800
13700
89500
115300
90800
142600
18200
15200
15800
167400
17600
22200
17800
15900
15300
15200
19700
15900
7700
8700
4000
4000
5100
4400
14500
9100
4300
16800
5300
4400
4800
4700
5400
5400
14700
20600
11900
7400
7300
11400
6900
7700
8100
7800
7300
7200
8500
31000
7800
11000
32200
28100
15400
45700
11400
36200
9000
20200
11000
9800
13400
12700
24300
53500
13000
34200
54200
14000
56500
13300
27700
15200
12500
16200
12800
13000
13000
93800
12600
13100
13900
14300
86000
101900
77700
121800
17700
15100
20900
158200
17400
15800
14800
15700
15500
15400
19300
16000
16400
6500
4000
4400
4800
4400
15300
8900
4600
10900
5100
4700
4800
4800
5400
5300
13800
23500
12600
7700
7200
11400
6700
6500
7100
7700
7100
7600
8900
51900
7400
14400
30300
39500
29100
61200
11400
36400
10700
38800
10200
9800
12500
12800
63500
78400
16200
36700
50600
14900
56300
14900
22300
17000
14400
25700
14500
14700
14500
97100
15100
15500
15000
15300
63300
70400
17100
109100
69600
27600
17800
50400
26200
54300
26800
19800
17600
17400
23000
69200
17300
12700
12700
12500
12500
13500
12800
14800
14000
275100
31500
25100
30000
26000
24300
24800
28700
27100
28500
22500
121700
17900
17900
20000
18800
20100
18600
130900
23600
20700
18900
19800
49200
23200
21800
20400
21300
77000
27700
22200
21900
22700
21700
22300
24800
23100
21700
114000
31500
68300
22800
80200
25000
23500
25800
75100
23700
23700
147400
24400
23500
24200
205800
24900
344700
19900
24400
17900
21400
54100
18200
29500
36100
17800
46400
18000
18200
20500
17700
83900
18700
15200
15600
15000
14900
15100
15100
15900
15400
15900
15100
113900
15500
15400
15500
20700
19500
18400
18400
18900
95500
18100
18700
20400
20100
28200
18200
119800
18500
19200
20800
19300
52300
22400
21700
21200
20500
74600
23400
22400
20900
22700
22100
21800
23500
22400
21600
117500
25200
71200
22500
78000
23300
24500
25900
68300
23800
23800
152500
20900
24000
24000
209400
18300
325400
10500
10100
8700
16500
34700
8800
23100
27600
9500
36700
9600
9800
12000
10000
72500
17500
18300
14000
13700
13800
13600
14300
13800
14100
14000
14000
14900
169800
15100
8300
7300
8200
8600
7600
8100
14200
8400
7700
7500
8200
59600
52600
7600
7800
7600
7700
7700
22300
13200
8600
8300
8200
36900
13600
7200
7000
8900
8700
7300
8200
7200
7300
36700
11600
31600
7400
26600
7000
9500
7900
24600
7200
7300
42000
7200
7400
11600
64900
7400
82400
5400
5100
4500
6000
97800
7700
36800
42300
8800
46500
9300
9000
10900
8000
104400
13300
9700
10200
9600
9600
9600
16400
9900
9400
9800
13300
9500
9500
8500
9500
9500
8000
6600
7400
6300
42100
7100
6700
6400
12200
40000
6700
6500
6400
7500
6700
6800
7900
7300
18100
36800
38000
6900
7000
7600
7200
7200
7200
42100
7400
7400
7100
7600
8600
25800
7200
32300
7300
7300
7900
25700
7700
7600
47800
7300
7300
7200
71800
9100
88600
6400
6100
4400
7900
21500
4500
13200
15400
5900
23600
4600
4800
6100
4800
37400
9300
29700
6100
5900
5800
5500
5700
40200
5700
5800
5500
5700
5800
5900
5800
5900
23600
6300
6100
6300
6200
7900
25000
10300
7000
37700
6400
6500
6200
6400
6400
6600
7500
7000
6900
6800
33000
6700
27900
7600
6900
7200
7100
38400
7800
7400
7100
46300
19600
11900
7000
7000
8100
26200
7700
7100
7300
7800
7100
7200
7800
7200
7000
37300
86000
5300
5400
4300
6100
18600
4300
10900
14600
4700
18600
4500
9000
6000
4700
35500
24400
6500
6200
6000
5700
5900
5900
5800
5600
5900
5800
5700
5900
6300
5900
6100
7000
6300
6800
6400
29200
7000
6400
6500
7100
37300
6500
11100
34700
6800
6700
6600
8400
7000
7100
7100
32700
7100
41000
11800
7300
7100
7200
38900
7200
6900
7200
7200
19600
8100
7100
7200
32700
52500
7800
7100
7500
7800
7400
38500
8000
7500
7700
41000
107400
9300
4600
9700
4600
4600
5500
9500
4600
4700
15800
4800
21500
4900
20500
4900
9000
5800
5700
5600
7000
5900
5700
6000
5800
13000
7400
6300
5900
5900
5800
10200
26100
6300
6500
6400
7400
6700
6300
6600
6500
6300
6800
6600
7000
6500
6700
6600
7900
11700
7200
7300
7300
7100
7200
7100
14100
7700
8200
37300
7300
7100
7200
7300
9500
11300
34700
7300
7900
7500
7300
7300
7400
8000
7500
7400
8000
35400
7200
9800
79400
4800
5300
5500
4700
4600
5400
5500
13800
4800
5500
21300
19400
5500
15900
5700
9700
5800
5600
5600
5700
5700
6400
5700
5800
5900
5700
5900
5900
5700
5800
6100
30100
6300
6500
6500
6700
6800
6400
6700
6800
6500
6800
6700
6900
6800
6600
6700
8000
12100
6900
7200
7000
7300
6900
7000
7000
7000
8300
36800
7100
7000
7400
7300
10800
7100
37600
7100
7700
7200
7100
7300
6900
7900
7100
7300
7800
34200
7100
8700
83400
4600
5200
5100
4600
4900
5200
5400
13300
4700
5300
21800
13800
9500
14800
5500
8900
29300
6000
6900
8100
10000
8600
10100
5900
31100
9300
9200
8600
9100
6300
11000
6800
6200
6600
6500
7500
8100
6600
7700
11600
9600
8000
11700
10300
10400
10000
8900
10900
9100
7600
12400
7100
7000
7100
7000
9400
8300
13400
48500
9300
7300
8400
10000
11100
8900
39400
7300
8100
7200
7200
8300
7100
7700
7300
7300
7900
34600
7200
9100
83900
4700
5200
5200
4700
4500
5000
5400
13100
4600
5300
21100
13600
5400
19200
5700
9100
6000
5700
5800
5500
5600
5700
33100
5700
5500
5900
6500
5800
5600
6000
6500
10800
6400
6500
6400
6500
6200
6400
7300
6700
6400
6400
6900
6800
6400
6800
6700
25900
6900
8500
7300
7600
7700
6900
8900
7800
7400
7600
7300
10800
10900
46100
21800
20200
13800
79700
15200
16300
15100
14900
12800
15000
16600
15600
15800
16700
76600
14200
18400
197400
9100
9500
9900
9000
8800
9800
10100
25800
9300
10300
39600
28400
15900
26600
10000
13300
10000
10400
10800
11100
10100
10600
10400
10200
10700
10800
11000
11000
10300
10500
10900
12300
17000
11600
11000
11600
11300
11300
13100
11600
13900
10800
13300
12600
11100
11300
10700
54600
11900
12000
64700
12700
12700
12000
11700
12800
12500
14300
12700
13100
13700
13500
13500
15400
17000
13300
22100
13800
13200
12900
11900
12500
13400
14400
68500
12900
67000
14500
14400
193700
9400
9600
10500
8800
8800
10300
10400
26700
9400
10200
39200
24900
9700
34700
10800
14200
11000
12600
11400
10900
11000
10100
10500
10000
69800
11000
10900
70100
16100
11000
11700
11900
11300
11300
10900
11300
11600
11100
12300
10900
10800
12800
12000
11000
10900
11300
11400
180900
14800
15300
13500
14100
12900
12900
12200
12800
12500
13200
14000
16700
13100
12800
12500
21800
14700
13600
13700
13600
13800
13900
13900
13500
13700
16300
93700
14100
13600
16800
14000
196300
8700
22100
8300
9700
8400
8100
25100
27300
10200
8900
9000
10100
26900
8600
11400
24200
15900
16200
12100
13500
8700
9700
5800
5500
5700
5700
6100
6100
5900
5900
12400
12600
7900
9700
8900
11200
8500
7400
6200
9900
10200
6500
6400
6400
6400
6600
6400
8300
7500
7300
6700
11200
7000
7300
6900
6900
7100
7000
6900
7600
7500
7200
7000
8400
28400
7500
40400
6900
6800
7500
9400
9000
7200
7000
7200
7000
6900
7400
8100
110900
4700
4300
4400
4500
16700
5400
5400
4600
5600
4800
4800
4700
5500
4800
13000
9100
6900
9900
5600
5500
5600
5500
5600
6400
5700
5800
5600
5700
5700
5700
6000
8800
6100
6100
6100
6500
6200
6200
6000
7900
6800
6600
6300
6100
6800
6700
6200
7700
7300
7400
7000
6700
6500
7500
6900
6800
6700
6800
11200
7600
7500
8300
8100
9000
111800
7400
36300
6900
6900
7300
7600
12000
8800
7100
8700
6900
6900
7200
7700
106000
4500
4400
4400
4300
14900
9200
5300
4600
5400
4700
4500
4700
5400
4800
12800
9100
5700
5400
5600
5400
5200
6000
5500
5800
5500
9800
5800
5500
5600
5700
6100
7000
6300
5800
6100
6300
6000
6300
6200
6300
6200
6300
6700
6300
6000
6400
10700
7600
7300
7100
6900
7000
6900
7300
7000
7200
6800
7000
7100
7500
7400
7000
7000
11800
27000
7500
36100
7700
6900
7300
11200
8100
18400
11600
9400
9200
11000
15500
7900
149800
8300
7000
4400
5300
24700
5800
5200
4700
5500
4600
4900
4600
8100
6300
19400
14100
11600
7900
8600
16600
21900
18600
18100
18800
13400
10000
10800
7700
8400
10100
10800
18500
9100
9900
8900
18100
40600
24400
14600
15200
11500
11000
12500
11600
11500
11600
12600
14300
12200
12100
11900
20700
12200
12400
10900
12800
14400
13100
13000
16400
12800
13500
13400
15800
54300
12900
71200
13900
12300
13300
13800
13900
12700
12800
12900
12800
12700
12800
14200
205000
9500
8100
8300
8300
28900
7900
8100
6800
8300
10200
9100
8400
9900
8800
23700
13600
10400
13800
11300
9900
11000
11000
9600
11300
11200
12300
11400
10000
11300
11200
12300
13500
12200
11000
12200
12100
11100
13300
16700
11600
46000
11600
12200
11700
11800
11900
12500
14200
15900
12400
12300
12400
12700
12800
13200
12200
18800
12700
12700
13100
12600
12500
169600
16100
13700
13500
14800
12400
12000
13300
12400
18500
12800
12600
12500
14400
13600
13200
13800
178500
9300
8000
8200
7900
31200
15000
9600
8400
9600
9700
8200
8700
9600
8600
23800
14800
10100
9800
9400
8900
10100
10200
10000
10400
16100
10800
10500
10600
11200
10600
10900
12500
11600
65900
10800
11100
11100
11100
11300
17100
11900
11300
13100
11400
11500
11600
12300
13500
12700
12600
12500
12400
12600
12500
12300
12600
13600
12800
18300
12800
12800
15200
13000
13900
13600
13200
12100
12100
12500
13400
12600
13600
12300
12600
59400
14200
13400
12800
105500
163700
18500
9800
21000
8000
8100
9500
9600
15600
8500
8700
8400
8800
8900
8400
10100
16100
10600
11200
10500
10200
10600
10500
10600
10000
10700
10200
15900
10100
10200
10400
11200
62100
11700
11300
11600
11400
12100
11700
12000
11500
11500
11600
11700
11500
12500
17000
12000
13400
12500
12000
12300
50200
14300
12600
12400
12800
15100
12500
13900
13500
11800
10400
17900
15000
13400
13200
12500
13500
12500
12600
12600
12600
12700
12900
12900
14100
13700
12900
18300
163100
9600
8800
23600
8300
9700
8900
9300
8200
26400
8700
8500
24700
8700
11200
8600
20200
10200
10200
9900
9800
10000
10600
9800
12700
10300
10100
10900
10300
10300
10900
10700
53600
11300
17000
11600
11200
12100
11700
11600
11800
11500
11700
11700
11700
12600
11500
11800
15200
12600
12300
12700
58200
13000
12600
12700
12800
12800
13700
13000
12600
13000
13300
13900
14900
13300
13100
12500
13200
17800
13000
13100
13000
13000
13100
13300
13800
15600
12800
13200
163000
8500
8700
23200
8200
14600
8200
9500
8500
26200
8800
8600
25200
8700
9000
8800
13600
10200
10200
7500
8400
8200
9300
9700
10000
15900
10300
10600
10100
10100
10800
10700
11700
11600
10600
12500
10900
11500
11100
11700
10800
11700
10900
10900
11100
56800
13100
11500
14400
12200
11400
11900
47300
13000
12500
12400
13800
12300
12700
12900
18400
13100
12900
14600
14700
13100
13500
12700
13500
12600
12000
12300
14200
12400
12400
12400
13600
18400
12400
12400
152400
8200
7800
22600
7500
9200
7900
9200
7800
53400
9500
11100
32400
8900
9100
9100
18000
9700
9900
9500
9500
10200
10100
9500
9600
10000
10200
10600
10200
10100
10700
11100
11600
8900
9800
11000
10200
11100
44300
11500
13500
11500
10800
11500
11400
12400
12900
12500
64700
12400
13600
14500
12900
12800
12200
12100
12400
12400
12600
12500
12900
13600
12700
13100
14200
13300
21500
12300
13500
12400
12100
12400
12400
12800
12400
12400
14000
13700
13000
12000
137000
8400
14100
75700
8800
9700
8000
12100
8200
27200
8600
7900
25200
8100
8400
8600
13400
9600
9700
9600
9700
9200
10000
9800
9900
9600
10300
10300
10200
9700
10200
10300
11700
13900
12300
11600
10900
12000
11000
50800
11700
18000
11500
11700
11000
11000
11500
11300
56500
12100
11900
12400
12100
13300
13300
12100
11900
12300
22000
12200
13100
13800
12300
13500
14000
12200
11900
52700
50000
13400
11900
11800
12400
12600
16000
13700
14000
14100
12100
16100
157000
9100
9700
24900
9500
11100
9500
11100
8400
33500
9700
9200
26200
8900
8700
8100
12800
9500
9400
9300
13200
162800
10800
9800
10000
10600
10100
10600
10800
55400
10500
10600
11500
13100
10800
12100
11300
11400
11100
12200
11600
12400
13000
11400
11300
11000
18000
11400
56400
12800
12400
12500
12600
13100
12800
50200
13100
13000
74000
12100
12100
19900
12000
12000
15100
12600
12000
11500
47900
12900
12200
12000
11800
12000
13500
12200
12800
17800
12300
13600
151500
9300
9300
9400
9200
8100
8100
7700
8300
8500
31700
9100
10200
16700
8400
9100
155500
10100
10200
10600
9700
10000
13100
10000
9900
10000
10500
10600
9300
63500
11200
10600
12200
11300
11400
11500
62700
12200
12900
11800
11900
11400
11700
12700
12100
11100
11700
19200
15000
12700
12800
13600
13000
41300
13600
13500
13800
13600
71600
13000
13300
18800
14000
13500
14700
12200
12500
12400
15800
13300
13100
12100
38100
13200
13500
12000
12800
18400
12700
12400
159600
8900
8200
8200
8300
7800
10700
8000
8400
8400
9800
11600
7900
8700
8600
38100
14500
10000
9800
154800
10700
10100
9500
10500
10100
12800
10200
9600
45000
11000
11500
17700
12300
11400
11100
12100
58500
11800
12500
11300
11600
12500
13200
13100
12400
11800
11800
12300
21100
13000
14800
12400
11800
42400
13000
13900
12000
11900
70600
41200
14200
13700
14800
18600
15700
12500
12500
12300
13600
16800
13800
13300
13400
13300
14800
13500
13200
13100
13400
18500
152400
7900
7800
7900
8300
7800
8400
8000
8300
8500
12400
11000
8400
8900
8100
33600
21500
9400
9600
9700
9800
9300
9800
10300
9700
9700
10300
9800
9500
10300
9900
9100
124300
10900
11400
17800
10700
11300
10900
11900
11700
11200
10800
50800
9600
44200
10200
11700
12300
18400
12200
12300
12100
41300
13000
15700
12600
12200
66300
12300
12500
12600
13200
12800
21000
11300
11700
12400
12900
14000
13900
12400
13400
13700
14000
12900
14700
13000
13100
14500
162900
8900
8200
8200
8800
8100
8400
8600
8200
8400
9800
10800
8000
8700
8800
30900
13200
9200
15900
12800
10000
10100
9600
10500
10200
9100
10200
9900
10100
10500
10200
10100
129400
12000
13200
12000
10600
17900
11800
12000
11900
73600
12300
12100
11600
61100
13400
12700
14500
46600
13200
13600
55000
12400
13300
12600
11300
12200
12700
15900
12900
12600
13800
13000
14900
18000
12000
12700
13900
13900
13700
12900
13300
13600
13500
13700
12800
12800
13000
11200
160800
9400
8400
8300
8500
8100
8300
8300
8400
8600
10000
10900
8800
8800
8500
29200
14300
9800
10100
9700
42500
10300
9800
8900
8800
9000
12500
8700
8500
8700
8200
8200
121300
11500
12000
11600
11200
12000
11000
17400
11800
11700
11400
11400
11400
58200
12100
13900
13300
12400
12100
51700
58300
17600
13700
12200
11500
10500
11400
12200
12900
12400
12700
13300
16300
13500
12400
12200
13400
50100
13700
13200
13000
13200
71600
13800
13300
13000
13900
13500
167900
17300
9800
9000
8500
8700
8800
8400
8900
9000
10300
11200
8700
8900
8900
31800
13400
12800
11400
10000
11300
11300
9800
11500
11100
11300
12100
10100
11500
181200
11600
10400
54800
18000
12200
22100
13600
11400
12100
12000
11700
11600
11500
11700
11600
62400
12200
12000
13400
12300
17900
13200
59600
12900
14000
12700
12600
12300
12900
13000
13600
12600
12900
13200
14600
13000
19000
12400
12200
46000
12800
13100
12300
12000
164800
12800
11800
12500
14600
13200
169400
8900
8400
8100
9300
9400
9600
8700
8300
9400
9800
8400
8800
8800
8600
8800
24200
10100
10400
10400
10000
10300
10500
10700
10400
11400
9800
10100
10100
10100
10400
12800
12500
11000
12000
10800
11000
11500
10800
111200
20600
14900
14600
15700
14700
14700
14800
15000
18400
15200
15300
18500
18800
16800
90700
47400
14800
65400
14700
15200
15200
15200
15000
15200
18000
15700
148900
21800
14500
14800
14900
14300
14400
14900
14800
14800
14800
14900
15900
14900
199100
9500
9000
9000
8800
8700
27700
4500
5300
22000
5000
4600
4500
4800
18700
4700
10500
5500
5600
5700
5700
5400
5700
5700
7800
5800
9900
5700
5600
5800
5700
5600
6500
6200
6500
6400
5900
6000
6100
35000
6200
6300
6100
31300
7100
10600
6400
6700
8400
6800
6600
6700
6700
7300
35000
6900
6800
29700
6900
6900
6900
10800
8500
6900
8700
7400
121100
7600
6800
6800
6900
7500
6900
7100
7000
11100
7000
7000
7800
7300
77600
9200
4300
4400
4300
4400
15300
4600
6500
5200
4400
4700
4400
4700
22200
4500
9900
5600
5500
8100
5800
5700
5500
5600
5600
5800
5600
5900
5700
6200
5900
7700
6700
6600
6000
11400
6600
8600
6300
6300
6300
6100
6100
6400
56200
6500
6400
6300
8000
8100
6800
6600
6600
11300
36900
6700
6800
28300
7500
7200
6800
7000
7200
7100
8300
7400
53000
7300
6800
6800
6700
6900
7100
6900
6800
7000
6900
7600
8400
7100
79500
9400
4300
4500
4200
6000
11000
4500
7000
5400
4600
4400
4400
4400
14200
4500
9600
7500
5700
5500
5400
5600
9600
5600
5600
8200
5900
5600
31400
5600
5900
6000
7800
6200
6100
6400
6200
6100
6300
6300
6200
6400
12300
12700
6100
9400
9700
9100
11000
10200
11000
11400
44500
11800
9000
231300
8700
7400
14300
8200
7500
7300
7300
7300
9500
7700
50000
7600
7100
7500
7200
7100
12100
7400
7200
8600
7300
7200
8100
7400
88000
4800
4200
4500
4500
4300
11300
4300
5200
5100
9000
4500
4600
5000
14000
4800
9400
5400
5600
5900
5800
5400
5800
7700
5600
5600
5900
5900
6000
5800
5900
10000
6800
6600
6500
6300
5900
6100
6200
6200
6000
6300
6300
6200
27600
6400
6100
6600
7100
7000
11400
7500
7000
6700
6700
107300
7000
7300
7000
7600
8300
7500
40900
7300
13200
6900
6800
12700
6700
8000
33000
6800
15100
47700
7200
7000
7100
6700
7200
7100
83800
4800
4400
4200
4400
4100
11500
4100
5200
5200
4500
4600
4300
4700
12600
4600
9000
5300
5500
11300
5800
5200
5400
5700
5400
5400
5600
5700
5400
5600
41200
5700
6600
5900
6200
6300
5900
6300
10300
6200
8000
6400
6200
6200
6100
6200
6100
6300
7100
6600
7500
9900
6900
6800
6400
112500
6600
6900
6900
7400
7000
6700
7000
7100
8500
6600
6500
6700
6600
7400
32700
6500
6800
31600
7200
8000
7800
6700
8000
7900
80900
6000
32200
6400
4200
5700
5300
4400
8700
4300
4300
16300
5200
4400
5500
4600
11500
5900
5500
5500
5400
5600
5500
5400
6600
5800
6400
5800
5800
10500
5900
5800
7000
6000
6000
6300
6600
6400
7100
5900
6500
6400
6400
6100
6400
6300
6400
8200
12100
6800
6600
6500
6800
6700
8400
7500
6900
7100
6800
38900
6700
7300
7100
172400
45100
10900
13300
12000
8400
8100
9100
7400
9100
6900
7100
7000
6900
7700
7100
7100
85400
6300
7000
7000
7000
7100
8700
7500
4800
4500
4500
4900
4600
5300
7800
8200
12800
8900
7600
12000
7700
9100
8000
8800
10900
46500
13100
9800
9400
9600
6000
9700
10900
9100
14800
12600
13100
12200
11200
16600
11800
10800
11000
11200
11200
11100
11900
11600
13600
11500
11900
12000
14900
11900
13200
12900
12300
11700
12000
78300
12600
12200
12300
66500
14000
11900
11800
13300
12000
12600
11500
10100
15700
13300
11100
11100
11900
12300
9800
11100
129900
9300
7600
6300
6700
8100
9200
9200
37600
13200
6600
7300
7800
8900
7400
8100
13100
9000
8100
8200
8800
9400
9400
9900
9800
9900
9800
10100
9700
8600
9700
15600
11400
10800
10900
10600
10800
10700
10600
10900
11500
11100
12500
11800
11100
11100
11700
13800
15700
11600
16900
12500
10900
11600
11700
12400
11000
10500
11500
166800
12700
12500
11900
78200
22500
11900
11600
12900
11300
13000
12400
61700
12300
12500
12400
12400
12200
13500
12100
12500
150700
10100
8000
7200
6700
7500
9400
8800
7400
7700
8700
7600
10300
10500
8000
8100
13100
9500
9500
8100
9500
17000
9500
9700
9700
9500
9500
9800
69400
48300
10000
9100
11200
11300
10600
10300
10200
10700
10000
10000
18000
11100
10800
12600
10100
10500
11800
11900
12900
11800
11800
12300
12600
10200
9300
78700
13400
7100
35600
7100
9000
7000
7100
7000
8900
6900
6900
7700
7200
7500
7500
7000
7000
7700
17600
13800
7100
7700
7000
7000
86800
9000
7600
7200
7100
7200
8100
8000
7700
6800
4300
9500
4500
6200
4400
4800
9100
5300
5600
5300
5300
5700
5600
5700
5700
5400
5600
5900
5800
5500
5600
5700
11100
7300
6000
5800
5900
6100
5700
6100
6600
6300
6200
8600
6200
8400
33600
6900
7400
6700
6800
11200
8800
6900
8100
6800
7400
6700
6800
6800
6800
6700
6900
7000
7900
6300
6700
6800
7000
11100
10000
7700
6800
6900
6900
88100
8500
7200
7100
48600
97000
10500
4500
4200
4100
4200
5400
5000
4200
4300
4500
4200
4500
5200
4400
4900
8900
5600
5300
5500
5600
5700
5200
10100
5500
5500
5300
5900
5700
5800
5800
5500
6300
32000
6200
6000
5700
6100
6000
5900
6400
6100
6000
11000
6500
6400
6600
6400
7200
6600
6300
7200
7100
6700
6800
6800
7000
7900
7100
6900
6900
11800
7200
6800
7800
6700
7200
6600
6500
6700
6800
7200
7100
6900
6600
41000
6800
11000
7000
111500
80100
4700
4300
5500
4600
5200
5300
4500
4300
4300
4800
4900
4600
9500
4600
4900
10600
6500
5600
6100
5100
22400
5600
5500
5600
5400
5300
5600
5600
5400
10200
5700
6600
7800
6300
5900
6000
6500
6100
5900
6500
6200
6400
6100
6300
6200
6300
6100
7900
8500
7100
7900
7900
8300
7900
7000
8200
7800
6800
7800
8300
8000
7900
8400
10700
8200
10400
11600
6900
6500
6800
6800
7400
6900
6900
32100
8700
9000
7100
7200
653300
9500
4300
4300
5200
4700
4300
5400
4400
4800
5100
4600
5300
4500
4800
4900
8500
5800
13600
21700
9600
5500
5300
5600
5800
5400
5400
5500
5900
5800
5500
6900
8600
6200
6000
5900
5900
6400
19900
6100
6500
10200
6400
6200
6000
6200
6100
6000
7600
6600
6300
6600
6800
7100
6900
6600
6700
6800
6800
6600
7200
10900
6900
7600
10100
6800
25000
6900
9900
22900
11300
10200
13100
14100
15700
71800
19000
15600
14200
12800
168400
10800
8300
10300
10700
9400
10000
10600
9600
9800
11100
9700
15900
10000
9900
10000
16700
11400
11000
11400
11300
10900
12400
12600
14000
12000
14900
14100
14000
13400
13400
12900
14000
20800
13600
13400
14300
47800
14300
13400
15100
14400
13700
12700
14000
13800
15300
14000
16500
17600
15500
15700
14900
15900
14600
14800
14000
16000
15500
14700
22200
16300
14700
16100
17500
14300
14400
12700
12900
20600
14900
17100
19900
13200
12600
171700
16300
17000
16000
16000
103600
4700
4400
6500
10000
6300
4700
5900
4700
4300
4900
4500
5200
4700
4400
4500
8600
5800
5700
5200
5600
5500
5300
5500
10400
5600
5400
5500
5800
5900
5400
5600
6600
6600
6300
6200
5800
23000
6400
6000
6300
6200
33100
10700
6500
6500
6200
6200
9400
6500
6800
6700
6800
7300
6700
6700
7300
6800
7700
6600
6900
6900
11000
6800
8900
6700
7200
6700
6500
6700
18100
6900
7600
6600
6700
32400
6700
11500
6800
6800
79500
4200
4200
5600
5200
4300
4400
5100
4500
4300
5200
4200
5200
4600
8700
4600
9100
5900
5600
5200
5500
5600
5500
5300
5500
5400
5500
5200
10200
5900
5700
5300
6400
6300
6000
6100
29200
22100
6500
6400
5900
6200
6200
6100
6200
6500
6500
6000
9100
6700
6900
6800
9300
7400
6700
8600
7500
7300
7000
7000
6800
6700
6900
11000
8000
6600
6800
6800
6900
7300
6800
6600
6700
6900
6900
7000
7400
7100
6800
7700
82400
4500
4200
4200
5000
4500
4200
5300
4400
4500
5100
4600
5400
18900
4700
4700
8500
5700
10100
5600
5500
5200
5400
5600
5700
5300
5500
5500
5800
5600
5600
5800
6300
6600
6300
5900
6100
26000
6500
6200
6400
6700
6000
6300
6500
6900
6300
6400
7300
6500
6600
6900
8700
8800
6500
6700
11400
6800
6900
6800
6700
6800
6900
6900
7800
6700
6800
6800
6500
7900
6900
6600
7000
6900
10800
26500
7700
6800
6900
7500
78400
4300
5100
4200
4500
4100
4500
4500
5100
4700
4400
15200
4400
5300
4400
4700
10500
5400
5500
5700
7300
5300
5600
6500
5800
5700
5400
5600
117300
5600
5700
6300
7000
6700
6200
6000
6700
6300
6100
5900
6100
6500
6500
6400
6300
6500
6700
10600
7900
6900
6700
6900
7200
7400
6700
7000
8400
7000
7500
7100
64600
11100
45100
7400
8500
6500
7000
7100
8100
7600
7800
7200
6900
7000
7000
7100
8100
7300
36900
6900
79000
4500
4500
4500
4200
5200
4400
4600
4300
4400
6000
12800
4600
8700
4700
4400
8600
5800
5400
18600
5700
105500
5400
5600
5600
8600
5900
5300
5800
5800
5800
5600
9300
6000
6900
7400
8800
7500
6000
7200
7300
7800
7300
6200
7500
7500
7700
7400
8400
7800
35100
7200
6500
7200
6800
7000
6700
6600
7300
6800
64300
7000
6700
7000
12500
6900
6700
6500
6600
7400
7800
6800
6600
7200
7000
7000
7700
7100
32300
7700
81900
4500
4400
4200
4300
5000
4400
4100
4300
5000
5200
11600
4600
4800
4500
4600
8800
5800
9800
5600
5500
5400
5500
5500
5600
5300
6000
5800
5900
5700
5700
5600
6800
6300
6200
6400
6000
6600
10500
6300
6600
6300
6100
6200
108800
6300
6000
6800
7600
6900
7500
6800
6600
7500
11000
6700
6700
6800
10500
9900
90100
7400
7000
7000
8500
18500
9300
6900
15900
11800
7700
7100
7100
7200
6800
7100
7500
7000
33200
7700
82600
9100
4300
4500
4100
5300
4200
4500
4300
4300
6700
12500
4500
4600
4700
4200
8900
5800
5400
5200
5500
111400
5200
5900
5600
5400
5700
5700
5900
5800
5500
5800
6700
6500
6300
6500
6300
5900
6400
6400
10700
6500
6300
6200
62700
6400
6500
6200
7700
6600
6800
6800
7100
7500
11200
6700
6900
7300
6900
7100
7000
6900
7700
7000
8200
6800
6800
6800
6600
7400
7700
11800
6700
7000
7300
6800
7400
10000
32200
7100
104900
4700
4300
4100
4400
5000
9400
4300
4200
4500
5100
18700
4600
4700
4300
4500
9200
5800
5600
5600
5900
5400
5400
5600
5500
5400
5900
10000
7500
5900
5500
5700
6600
6300
20800
6500
6100
6000
6800
6200
8000
7000
6300
6000
19300
6300
6300
6600
7500
6800
6400
6800
7300
6800
6800
6900
6600
7500
6700
6900
9000
7300
11600
7200
8400
6900
6900
6800
6900
8000
7100
6700
6800
7000
7600
7100
26800
11200
7300
7100
80200
4600
4200
4300
4200
5100
4100
4300
4400
4200
5200
8200
4600
4300
9000
4400
8200
6200
5700
5600
5400
5600
5400
5700
5300
5600
6000
15800
39100
5800
5700
5800
6600
10700
6300
6400
6100
6000
7000
8500
6800
6400
6000
6200
15500
6300
6200
6400
7400
6500
6700
11200
7300
6900
6800
6600
7500
31500
7200
7000
7000
7000
7800
7000
8000
6900
6700
6600
6800
11300
6900
6800
6800
6900
7700
7000
25700
6900
8100
7000
80900
4500
4300
10000
4600
10900
10100
4800
4100
4600
4600
4300
5100
6300
8300
4600
