64200
1263500
21000
59900
8400
143400
10400
9800
23600
9500
13200
73100
13400
71500
14800
16500
96100
58300
33800
22100
18700
19000
21200
162300
18800
19500
23800
20100
126500
20800
21800
22400
122200
25800
140700
24600
147000
170700
26900
27300
211000
192200
219000
26500
27400
27300
27900
27900
162600
170700
71600
37400
41800
281500
129800
39500
162000
156500
33300
32700
39100
174700
31600
31800
45800
269500
35200
61400
246100
142500
445800
34000
168600
163600
160700
30100
28800
27700
32300
28700
25500
35800
8600
7300
7400
7200
26400
8300
7500
7600
8300
8400
8200
8600
12200
9200
40300
20600
21900
12700
11700
14100
12200
55700
13800
13400
15900
15000
43600
13700
14800
15600
52900
20600
68400
16800
70400
69100
18000
18000
73500
74100
88600
20600
18400
18600
19900
19900
77200
89300
77300
41700
32000
223000
131600
29800
95800
141000
27500
23800
25500
89000
24000
24000
37300
155200
117100
30500
121000
52700
87800
31400
89000
93000
95300
28100
29000
28200
33900
30700
8300
38700
8700
7500
6900
6900
7900
8200
7700
8100
8200
8400
8800
8900
9100
9400
19800
28900
20300
15400
21300
23500
17200
12700
14900
15100
15700
22100
14700
21700
14400
14600
39200
17500
41600
16700
44500
51600
17100
18300
53200
62700
55800
18500
18600
20600
20400
19700
45800
41200
10800
10100
10600
51800
31200
9900
33600
35500
8200
8600
10000
38000
10100
8400
13900
69300
9800
16600
55800
30600
63600
10400
68400
67200
238500
16400
23200
10900
14700
11400
16400
19900
3700
3600
3000
7000
31900
3500
3000
3100
3000
3000
3000
3400
3400
4500
12700
20900
19000
20400
5300
30400
25700
5000
6800
28200
5400
11400
5700
12300
4700
5800
37800
16300
10400
7600
14400
8300
6800
38600
16100
6300
9200
6600
23300
7000
7800
7900
33000
36500
10400
10200
13400
49000
28300
10000
30900
32700
8700
8600
9700
40000
8300
8700
22800
60700
9600
12000
55800
33700
61000
10200
105300
68900
61300
11100
11400
10900
13400
11500
17400
25600
6300
4000
6200
3100
3500
3800
3100
3100
3300
3100
3200
3400
3300
3600
7700
41500
20000
6400
16400
13400
5000
5500
7000
5300
6200
12000
8600
11800
5300
5700
19900
12800
10900
9000
11400
11200
7100
64600
12100
6800
9000
7100
20300
7400
8400
8600
23800
10600
27300
9100
32500
32500
8800
9000
39700
41700
40400
9100
8900
9200
10200
9600
16600
54200
10400
12800
49700
28900
56800
10800
61600
62200
62400
11000
11000
11000
13000
11300
7400
12000
4000
3600
2900
2900
3200
3200
3100
3600
3000
3000
3100
3100
3100
3800
16200
20300
10900
5100
12000
13000
4800
5200
6400
5100
5900
10400
6000
10500
5000
5400
17600
24600
9700
7900
25700
8900
6900
44400
28000
7000
9000
7000
20500
7200
11200
8400
23200
10800
26800
8900
28700
32100
8600
9400
36200
63300
39600
9200
9000
9200
9100
9500
45700
54500
12600
15000
14100
69400
56200
14800
30900
32400
10500
12400
13400
34600
11800
13800
11700
7300
89200
64600
18400
16900
17400
16400
16000
16100
17800
15800
16900
137300
17000
16400
19100
18200
17700
17900
18800
43400
10100
58300
58000
10400
11000
10600
55300
11600
10400
12200
13900
12200
12300
13500
66200
42400
12200
15300
15300
12400
12800
12100
13700
14500
12500
14000
25800
15400
44000
87800
85500
57200
13400
13700
13800
102100
15900
63900
16500
13700
15200
15300
159100
11700
27000
13100
28600
12600
13400
11400
10600
12800
27300
20300
12000
22100
11500
21500
13400
22900
27700
11400
8400
8200
8400
58200
8500
8400
8500
8300
8500
8900
8600
9000
10900
10900
9900
10400
10100
41500
10400
55700
54000
10400
10300
10600
51800
11300
10600
12100
18600
12700
12500
13600
59700
40300
12500
12600
13400
12500
12300
12300
13500
13800
12800
15800
14900
13800
42900
88200
84200
54200
16200
13800
13400
102900
15500
61300
16000
13900
15600
16600
153800
11700
27000
12700
27000
12500
16500
11500
10600
11300
27400
20900
11400
25000
11200
21500
15000
8500
8300
8200
8100
87600
9200
8400
8400
8400
50800
11900
8500
9300
8500
8800
10400
10300
26900
29900
10600
9900
10200
10700
10600
10200
11500
61100
11300
59000
11200
11000
14100
12200
12200
13500
61900
43700
12300
12200
14500
14000
13900
12300
13300
14000
12500
13900
19800
14100
43900
90700
84500
54600
13100
13800
15600
105000
16300
64800
15600
14100
15200
16200
154000
11600
27000
13900
27100
14200
15400
13100
12000
15000
64300
25200
15000
24600
13800
24600
17500
11400
10300
8500
9500
11500
8900
9100
10100
8600
8600
8400
8600
9000
8600
8900
10500
12100
27800
33200
10500
10400
10100
13900
10800
10100
11900
10800
11500
63200
12100
61700
13500
12700
12400
44400
13600
41500
12600
59800
56800
14200
16100
14800
54800
15000
12900
19600
14900
14400
46700
90000
83900
54300
9400
8800
9100
113300
23600
51200
12900
7900
9300
9900
110000
8800
31700
10000
32500
10100
7700
5100
4800
5100
23500
14800
8600
20800
5400
15200
11300
6200
5900
7100
5900
6200
5900
26600
39300
6100
65100
6000
6100
6600
6200
7900
6800
6600
19700
23800
7600
6700
6900
6700
29000
6800
8200
6800
7300
70600
7500
6700
8300
7100
7300
7300
10200
28400
7400
39000
94500
7300
8200
37600
40000
9300
7800
9200
9900
7700
7400
10300
42200
31600
10500
7400
9500
7600
7400
7700
8700
9300
7700
7700
84000
5000
21900
6300
23600
6100
6500
4800
5000
5000
21300
13600
5000
15900
5100
15100
10600
6000
5900
8900
5900
35700
39000
6000
5700
6000
6700
6000
6100
6500
6100
6200
6900
6400
22100
21100
34400
6600
8000
6800
6800
6600
7600
6600
7400
47900
7500
41400
7800
7300
24800
8700
7700
60000
7300
41100
41500
7300
7500
7500
38600
8500
7700
10600
9800
7900
7300
9300
63100
28700
9300
7500
8700
7300
8000
7400
8400
9600
7500
7600
87300
14700
10300
18500
16500
12400
4600
4900
4700
20400
7200
15000
8600
18000
6500
6600
10200
6100
7500
6000
5900
5900
5600
5900
6400
5900
5800
29100
6100
8900
6400
5900
8000
6400
6700
6600
6400
6500
6700
6700
6500
6700
6600
8000
6900
7500
6700
6700
38300
31400
118100
52000
34400
7400
7600
8700
12100
8200
7700
7400
7500
9200
13800
7800
8900
7800
8200
7500
7500
8200
7500
8500
8300
9200
7700
7500
7500
7700
7500
7500
111500
12500
20000
14200
4600
6000
4700
6200
5000
22000
4900
8900
4900
8400
4900
21800
35400
5900
5900
6000
5900
6200
6100
6000
5800
6000
6000
6700
6100
9000
6200
6500
8000
6500
6600
6400
6200
6300
6600
6700
6500
6600
6700
6500
6800
6800
6600
6500
39200
29800
7200
36700
33800
7100
7800
7400
7100
7200
7300
7200
7900
8300
10300
7700
9000
7400
8200
7300
7300
8100
7300
8200
8000
8400
7600
7400
7300
7500
7500
7400
109700
11900
18900
13600
4500
5900
4600
5800
4900
23900
4800
8700
4600
6200
4700
21500
9400
6500
5900
5600
6300
6300
5900
5900
6000
6000
5900
6400
6100
5900
5900
7400
7800
7500
8700
7800
7600
6500
7600
7700
8200
6500
7900
30800
7800
7700
6900
7800
41000
29400
7300
38400
31900
7200
7300
7400
7200
7200
8200
7300
7500
8300
10100
7400
8400
7600
7900
7400
7300
8200
7500
8100
8200
8300
7600
7500
7300
8200
7800
7300
107800
12000
18600
13600
4500
6100
4600
5700
4800
21800
4700
9200
4600
6200
4800
20900
9900
6000
5600
6000
6200
6400
5800
5800
26300
6000
6000
6400
6000
39500
32600
6600
6800
6700
6400
7000
6400
6500
6600
6500
6600
32000
6800
33800
6700
6800
6700
6800
8700
7000
7400
7400
7000
7400
7400
7300
7200
7200
7300
7200
10200
7600
7600
7800
8600
7300
8000
7300
7000
8100
7200
8300
8000
8300
7400
7200
7400
12400
7700
7500
106600
12300
20000
13200
4400
5600
4600
5700
4800
24900
4700
6000
4600
14700
5200
21900
9500
6100
6100
5900
7000
7000
6200
6000
5800
6100
5900
11100
6200
6200
6100
6000
7100
6700
6600
6900
6400
6700
6600
6900
6500
6700
6900
30200
6800
6900
6800
9700
10400
7300
7200
8800
7900
7500
7200
7500
7500
7300
7900
7500
7600
7400
7500
7500
37900
30600
7300
38100
33700
7000
7500
7600
7300
7100
7600
7300
7400
11400
7800
7500
106300
11900
18700
14000
4500
5800
4800
5700
5400
24400
4700
5900
4700
6000
5500
21500
10400
6100
6100
5900
6400
6300
6100
5900
35500
8800
6700
6400
6300
6200
35900
6000
6800
6700
6600
6900
6500
6600
6700
7200
6900
6700
8400
32000
7100
6800
7000
6900
8900
7300
7500
7400
7200
7300
7400
7500
7300
7400
7400
7500
7400
7700
10400
7700
48800
51900
7300
37100
41600
10400
7300
7500
27100
8700
7600
7400
7200
8800
39500
7600
83400
5100
6000
7600
4600
6000
4900
6700
5900
6000
21300
5000
13900
5000
4800
5100
9200
5900
5600
8800
6000
6500
6200
6000
6400
6000
34600
6900
6600
7500
6200
6300
7400
7400
7100
6700
6600
9600
6700
7400
7000
6700
7000
6800
6900
41100
6900
6800
8100
7500
7500
8600
7400
10400
7400
8400
9400
7700
7400
7300
7700
8600
8200
7800
10000
8900
7400
7700
24000
10500
7600
8300
7400
34700
7600
7900
7500
7800
7800
9200
85400
4900
6200
8100
4900
5000
5100
4800
4900
4700
5500
7300
6600
5100
4700
6700
9200
6000
6200
5900
5800
155400
6000
6100
6000
6700
6600
6800
6500
6300
6200
6700
7500
7200
6700
6400
6600
6700
6400
7400
6800
12500
7100
6600
7300
41100
6700
6600
10300
7500
7100
8500
7100
7300
7200
8200
7500
7200
10200
7600
7600
8500
7600
7400
10500
8600
7500
7300
23700
7400
7400
8000
8000
37300
7400
7400
7700
7700
7600
8700
83400
5000
6100
4800
4500
5000
7000
4900
4600
9300
4900
6900
6500
4800
4800
6400
9100
6000
6100
6000
6000
6000
5900
6000
6100
6400
6400
6600
10400
6300
6100
7000
6900
6700
6500
6600
6700
7400
7400
41200
7400
6900
121800
9700
8600
6900
6900
7900
10200
7400
8300
9200
8400
8300
8300
9300
8000
8400
8300
9000
7500
12400
7500
7700
10000
8400
7400
7300
23800
7500
7400
7500
7400
34200
7600
10700
7800
7600
7900
9400
85600
4900
6400
4600
4700
4500
4900
4500
4800
4800
4600
7300
9500
5000
4800
6700
9500
5800
6600
6000
5800
5800
5900
5900
5800
6700
6600
6600
6300
5900
6100
6100
9800
6600
6400
6600
6600
7400
7300
6900
7500
6500
35100
6900
7500
6700
6900
7700
8400
11200
7100
7300
7500
7400
7100
8500
7400
7500
7600
7500
7400
41700
7500
7500
12400
8600
7200
7300
23100
7400
7400
7500
7200
35200
7500
7700
7400
8300
7800
12500
87100
4800
5900
4600
4400
4700
4600
6000
4800
4600
4700
6500
6200
4600
4800
6100
8500
5900
6600
5800
5800
5800
5900
5700
5900
6600
6500
6600
6000
6400
6100
6100
6800
6900
6700
7200
6300
10100
8200
6800
7500
6900
34700
6600
7400
6900
6800
7100
7900
8900
7300
35000
7300
7300
7400
9600
7700
7400
7300
7500
7500
40800
7500
8200
23900
13600
7600
8400
7400
7500
7300
8800
7500
7500
7100
7500
7800
8600
7700
7700
85400
4600
6200
4600
4600
4600
4800
4700
4500
4700
4500
6800
6200
4900
4900
7400
8900
6200
5900
6000
9200
6000
6000
6000
6000
6400
6500
6700
6200
6700
6200
6300
7000
6600
6400
6700
6500
10300
7500
6800
7500
6900
121900
7200
7500
6900
6800
7100
8000
8300
7400
7600
7500
10800
7600
8500
7600
7300
7700
7500
7600
41600
7400
7600
8300
7400
7300
8800
10100
7300
8200
9500
7400
7500
7800
7600
7500
8800
7600
7600
86600
6300
5000
7900
10400
4700
4800
4800
4900
13500
4800
5000
5000
6600
5100
6500
8700
6200
6500
6000
5900
6500
6100
5800
9500
6200
6400
6000
6200
6200
7700
6700
7100
6600
6500
6200
7300
6700
7500
7500
6600
6700
9000
6600
6900
10700
7600
7200
8100
7300
8100
7500
9600
8500
7500
7500
8200
7600
7600
7400
7500
7600
7700
7400
11800
7500
7500
7400
8200
9100
7300
7400
7600
7500
7400
7400
7600
7400
8800
7900
89000
14400
4800
4800
4600
4900
20000
6400
4800
6200
4600
13700
19700
19000
4800
5200
12300
6200
5800
6100
6000
5900
6000
6400
6100
5800
6800
6100
5900
6200
6100
6300
6900
6600
6400
6500
7400
9400
6700
6800
6600
6900
7000
6800
6700
7300
7300
7000
8200
7200
8400
8500
7500
8100
7400
7900
10900
7600
7800
7400
7500
7400
7600
7600
8800
7200
9400
7500
7400
9000
7400
7300
7600
7600
7400
7300
10700
8100
7500
7600
88600
13300
4800
4500
4700
4400
19800
6200
5000
6600
4800
17400
19900
18600
5000
4900
9600
6300
6000
5800
6000
6000
6000
6400
6100
6000
6000
5900
6200
6300
6100
9300
6900
6700
6400
6600
6800
7400
6900
6600
6900
6800
7300
7600
6700
6900
7100
7500
8400
7400
11200
16800
7500
10200
7900
7500
8200
7600
8100
9400
7600
7500
7500
7300
9000
7200
7300
7200
7400
11400
8400
7400
8000
7500
7400
7500
7700
7400
7500
7700
84900
12100
4600
4600
4400
5400
26200
9700
7800
6200
7300
20000
25200
25300
7500
7800
10100
6000
5700
6000
5900
5900
6100
7900
7000
6000
9700
7400
6000
7300
10200
8700
7700
6600
7400
9300
6700
9700
7700
7500
7600
6700
8400
7700
9900
6800
7100
7600
7800
7300
7300
7300
8200
7400
7200
7400
7400
7100
7500
8100
7800
8400
9700
10500
8600
7100
8800
7200
7400
8200
7700
8900
8000
8300
7400
7300
7600
7500
7500
7500
87000
12300
4600
4500
4700
4300
18200
6000
4800
6000
4800
12900
18300
18500
4900
5400
9700
6000
6300
5700
6000
6200
5800
7900
6200
6100
5900
6100
6400
6200
6300
6200
6800
6400
6600
6700
6700
10100
6700
7500
6700
6500
7400
7000
6700
6700
7000
8200
7800
7400
7400
7300
9400
7500
7800
7500
7400
7200
10400
7600
7500
8400
8200
7800
8200
7500
8300
7400
7400
8300
7500
7600
8300
7600
7400
11800
8300
7700
7300
7700
83200
27200
4900
4900
4700
5600
22700
6300
4900
6200
4800
16100
17900
18800
5000
4800
9700
6100
29600
6000
5900
5800
5900
6600
7700
7500
80400
6100
6000
6300
6000
6200
6800
6800
7200
6400
6800
7400
6800
6600
6700
6700
8000
6900
6600
6800
51600
7700
7800
7400
7300
7100
8400
7200
7400
7500
7400
7200
7600
7800
7400
8600
11700
47800
8200
7400
8400
7700
7300
8300
7600
7400
8400
7500
7400
7200
7400
10400
7700
7300
82900
4800
4500
4800
4700
6300
4600
4900
4800
4700
4900
5000
4900
19000
4800
5100
10000
6500
6300
6100
6000
7000
6400
25300
6200
6400
6100
6000
6200
6200
5900
6400
7400
9500
6500
6900
7200
6800
7500
6800
7200
6500
6900
7700
6800
7100
6700
7000
10000
7300
9000
7800
11300
7300
7300
8400
7800
7500
8400
7500
7700
8400
83500
9000
32800
7800
7300
7600
7400
7600
8800
14100
7500
7700
7800
7900
7700
7400
7800
7700
88600
6900
5700
5000
4800
4900
10900
4700
4800
4900
4700
4800
4600
4900
5000
6800
29700
8800
6300
6100
6000
6500
6800
5900
6200
6600
7400
8000
6000
6300
6200
6000
7200
6500
6200
6600
6500
6400
10200
7100
6700
6600
6600
7700
6600
6800
6900
6700
8300
7200
8200
7200
8500
7600
7700
11100
7600
7200
8500
7300
7500
8400
40600
8600
29700
7400
7200
56800
8200
7600
8900
9700
7500
7700
7400
7700
7700
7600
7800
7500
89100
6600
4600
7700
4800
4500
11100
4800
4600
6400
4900
4600
4900
5800
4800
6800
8900
6600
6400
5900
5700
6100
6400
6100
6000
26500
6600
6500
5900
6200
6300
6100
8000
7200
7200
6700
7200
7000
7400
25200
6900
12900
6800
6800
6800
8500
6700
6900
8200
6900
8300
7100
8400
7200
7300
40800
7900
7800
8400
10400
7600
8400
74400
8800
30500
7400
7200
9400
7600
7400
8600
14400
8300
7700
7600
10000
7600
7000
7500
8600
78800
5900
4400
4400
4800
4400
10000
4400
7600
4600
4400
4500
4400
4700
4500
6200
9100
5800
6200
5400
5600
5800
6300
5800
5600
5800
5800
6300
8500
5800
5800
5700
7200
6800
6900
6100
6900
6400
6800
45500
6300
7100
6800
6500
8900
6400
6400
6500
7500
6900
6700
39500
6600
6800
8000
6800
7000
6900
7100
8100
9900
7100
6900
7100
26200
6900
6700
6800
6900
6900
7900
35100
7400
6900
7100
8700
8000
7000
10400
10900
84100
6800
5400
5200
4400
5200
15900
4500
5500
5300
4400
5400
4400
5000
7300
6400
9000
5600
6000
5400
5700
5600
6100
5600
5800
5900
5900
5900
5700
7000
6100
5700
20900
9900
7300
6600
7300
6900
7000
42900
6900
7500
7000
6900
7200
6900
6700
6900
11100
7100
7200
7300
7300
7100
8700
7100
7300
7400
9700
8700
17500
7700
7500
8000
8500
7300
11600
7600
11500
7100
15000
9200
7500
7600
8700
7500
7600
8700
142300
9000
85000
6400
5400
4700
4500
4500
10100
4800
4500
4800
4700
4700
4700
4800
22900
7100
10300
5900
6300
6000
5800
7400
6600
6100
7400
6300
6200
6600
5900
7700
6300
6000
7600
11100
7200
6600
7100
6600
7000
24600
6500
7200
6600
6800
6800
6700
7500
6900
7900
7200
9900
7200
7300
7300
8400
7400
7400
7200
7500
8600
7900
7600
7500
7500
8400
7200
8300
7400
11800
7200
7400
8500
7400
7900
8500
7300
37400
9000
36900
8900
105200
4900
4700
9700
4900
4900
6300
7200
4700
5100
4700
4900
4900
4800
5000
5000
11200
9800
6200
6000
5600
5900
6100
5800
6500
6000
6100
6000
6600
6100
6100
6000
7300
6800
8300
7300
6800
9700
7400
6700
6800
7500
7400
6900
7600
6900
6800
7100
8300
7300
7200
7400
8100
7400
7300
7400
10100
8700
8400
7700
41700
10900
8000
7800
10400
7700
7200
7700
7700
7500
7400
10600
8900
8600
7700
130000
9000
8000
7700
9900
84200
4800
7900
4800
4800
6100
4900
11400
4900
5000
4900
5300
4900
4900
5000
12100
9800
6000
5700
6600
28600
6500
6100
5700
9300
6100
6100
5900
6100
6300
6300
5900
7300
6300
7200
7200
6700
6900
7300
6700
6400
8000
7300
9800
8300
7000
6900
6700
8300
7300
7000
43900
7500
7300
7100
7300
7200
8200
8300
7500
42600
7700
7400
7600
10200
7400
7100
7500
7900
7500
7100
7400
8700
10000
7700
50100
8800
7800
7800
9800
679000
4700
22300
5000
4700
4700
4800
11000
4700
7800
5200
6000
5000
4900
5000
12000
9700
6100
6100
6700
6000
6700
6100
6100
6700
5900
6200
6200
6100
6700
9600
6200
7700
7400
6700
7400
6600
6400
7400
7300
6900
6600
7000
7000
7700
6800
7000
6700
11100
7300
7100
7300
7500
8700
7200
7500
7400
8300
8600
9600
100000
7700
7300
7600
13000
7600
7800
7600
7400
7600
7300
8200
8800
8800
7600
46800
8900
7900
10500
10100
85100
4600
4900
4900
4600
4800
4800
10700
4700
4900
5000
4700
4900
4800
4900
11300
11800
6100
5900
6200
6100
6400
6100
5900
6300
40600
6300
6000
6200
6400
13900
6400
8600
7200
6600
6700
9600
6300
6800
6800
7000
6500
6800
7100
7500
6500
6800
6900
9200
7300
8100
7900
7400
7500
8700
10500
39400
8400
8100
7500
8400
7800
7400
7400
9900
7500
7000
7200
7500
10300
7600
7100
8900
8500
7600
92800
8700
7700
7800
9700
88300
4600
4800
4800
4700
4700
5000
10600
23800
5000
5100
4800
4900
5100
5400
11300
9000
6000
6000
6600
6000
6400
8900
6200
6800
5900
6200
6200
6300
7200
15900
64000
7600
7400
6600
6500
6500
6500
6500
8100
7700
7700
7400
9800
8300
9500
9700
6700
9700
9500
8900
8900
8300
8300
10800
8200
7200
11600
8200
7500
8400
7600
7600
7300
8600
7500
7300
7400
7200
7400
7400
44300
7700
11700
8900
7300
40900
7500
7600
7600
83800
5000
4700
4600
4600
4800
4500
13400
4700
5100
4700
4700
4900
4700
4900
11000
7700
5900
5600
6000
6000
6000
5700
5900
6100
6100
5800
6100
6100
31700
9300
6800
7600
8400
6700
6300
6500
6500
14000
6400
6700
6600
6500
6800
7200
7000
6900
6500
8000
6900
10700
8000
7100
7400
8100
7300
7200
8200
36800
7800
8400
7500
7200
7700
8300
8600
7000
9900
7300
7200
7100
7300
34200
8600
10300
7500
124800
7600
7200
7500
98600
4900
11700
4500
4900
4500
4700
4700
6200
6100
4900
12500
6200
5000
4700
31500
11100
6000
5900
5900
6400
6300
6200
6100
5900
5800
6700
8800
6200
5900
6500
6700
7400
6500
9700
7200
6700
6700
10500
6500
6600
6800
7000
6500
7400
8100
7700
40400
9700
8600
10200
7600
7600
7100
8500
8300
7300
7400
7600
7400
46600
7700
7500
7400
9900
7200
10200
8100
8700
7600
7500
9300
8800
7600
7700
7200
39300
9300
7800
7500
85700
5300
11300
5000
6600
6400
5100
4700
6600
5200
6500
5100
4800
4800
6600
9600
10300
6100
5900
6400
5700
7900
6600
6300
6300
5700
103000
10400
6400
6200
6300
7600
7800
6900
51400
8000
6800
6300
10500
6700
7000
6900
16200
16200
11300
11900
8200
7900
11400
12800
12300
7700
7400
7200
8600
7300
7500
7600
7500
8100
35500
7600
32500
7800
9300
7500
10400
7500
8700
7500
7400
9000
9000
7300
7400
7500
7500
8700
7300
7800
90000
5300
11300
4800
6300
6700
4800
4900
6700
4900
6600
4900
4700
4800
6300
11600
9900
6000
6000
7900
6000
8000
6600
5700
6000
5900
6000
5900
5900
6000
5800
6700
7000
6700
6700
11100
7500
7300
7400
6900
6800
6500
6700
7500
6800
7000
7600
8300
9700
8400
12500
7600
7300
7400
8300
7400
7300
7500
7000
7300
33600
9400
15000
7800
8800
7200
11500
7100
8600
7300
7000
9100
8900
7200
7300
7500
7300
8400
7500
7600
704600
16700
55600
4600
6600
6500
4600
4800
6200
5000
6900
4700
4900
4600
6400
10800
10600
5800
28000
6400
5600
5800
6400
5900
5700
6000
6000
6000
6200
6000
6000
6400
7300
6400
9600
6700
7300
7100
23100
6700
6500
6600
6700
7900
6800
6600
7700
7500
7600
7100
7000
12900
7500
7200
9100
7200
7400
7400
7400
7000
8600
9200
8700
7700
8700
7000
27600
10400
8800
7100
8700
9000
8500
7400
7400
7600
7200
8800
7700
7400
87100
4600
11300
4800
8700
6200
4800
4600
6400
5000
6200
4900
5000
4500
6500
6300
13000
6200
5800
6300
5700
5700
6400
5900
6700
6000
6000
6100
5700
6100
6100
8200
7000
7000
6500
6600
10200
7100
7300
6900
6600
6500
6700
7400
6900
6900
7500
7600
7700
7100
7600
8000
7700
9900
17300
7500
7400
7100
7400
7400
8400
9400
8700
7800
10300
9100
7900
9100
8400
8300
9500
8500
8300
8600
7200
8300
35400
8400
7500
10900
85500
8000
10100
4800
6200
6400
5100
5300
6400
4800
6300
4900
4800
4900
6300
6800
12400
6100
5700
6200
5900
5900
6600
6600
5800
6000
6100
6200
27200
6100
5900
6700
6900
8000
9900
6600
7500
7300
7400
6900
6700
6400
41300
7800
6900
6900
7900
7800
8200
7000
7000
13700
7100
7300
9100
7000
7500
7300
7500
7300
8900
9200
8800
7700
9900
12100
16400
7400
7500
7000
9000
50600
7700
7600
7200
7500
30700
7800
7300
7500
85000
4900
4500
4700
6500
4600
4900
6600
6300
4900
4700
5200
4900
6800
4800
7900
11000
6800
6300
5800
5700
6000
5900
6100
6000
6300
6000
6000
6000
7100
6400
6100
11000
7200
7700
6500
7100
6700
7400
6600
6500
6800
6700
8400
6900
7200
6800
6700
8900
7400
7100
7200
7300
7500
7500
8800
7500
8400
8000
7700
7200
7600
7700
7700
10100
7700
8600
7300
7600
7500
7400
7200
8900
7600
7200
44200
7800
7300
7400
7800
91700
5100
4700
6500
6200
5000
4800
12400
11600
6600
4800
4900
4600
5100
7400
5100
10600
9000
6100
6600
5900
5900
5900
10200
6600
5800
6200
6400
6200
5900
6200
6000
7800
7200
7300
6300
9500
6700
7200
6700
6500
6700
6800
6900
6400
6800
8900
6800
8200
7200
7100
7000
7000
7400
7400
11500
7500
8100
7500
7500
7200
7400
7600
7500
9700
7400
9000
7100
7400
7300
7200
10000
8600
8100
7400
81700
7700
7400
7200
7700
89700
5000
4500
6300
9000
4900
4800
11400
10900
6500
4600
4800
5000
4700
6700
5000
9200
5900
6200
6400
5800
5700
9500
6000
6300
5700
6300
6200
6300
6000
6300
6200
7400
7500
7200
6700
6500
6700
8000
7400
7300
10100
6800
6700
6600
7400
8400
7000
8300
6900
7100
7200
7200
7000
7300
12700
9200
11300
10500
13100
10000
13000
209200
11300
12300
7700
9600
7500
7600
7200
7200
7300
8400
7600
7600
37900
7400
7500
7400
7600
87100
4800
4800
6000
6100
4300
4700
11700
14600
6200
4700
4300
4700
4700
6100
4900
9500
5400
5800
29200
5900
5600
5800
5700
6100
5500
5700
9200
6100
5800
6000
5900
7500
6500
6900
6100
6500
6400
6400
6900
6900
6800
6200
6500
6600
6900
9300
6500
8500
8000
26900
7300
6900
7200
8000
7300
7400
7300
7700
7200
7400
7300
9000
9600
13000
7300
7900
7100
7200
6800
7000
7100
8300
7100
7100
30000
8800
7200
10200
8400
80600
4400
4700
5500
6000
4400
4600
11000
10800
5800
4700
4400
7300
4800
6000
4800
14000
5400
5800
6200
5800
5700
5500
5600
9000
5900
5700
5800
6000
5900
5800
5900
7100
6300
7100
7900
6300
6500
6300
7000
6800
6800
6400
9100
6400
6900
6600
6600
8400
7600
8400
7000
7100
7000
9600
7400
7300
6800
7200
7300
9900
7100
7300
7500
8500
19800
29200
10900
6700
9500
7200
9300
7400
8400
7300
9800
8700
7200
7200
7500
82200
4500
4500
5900
9200
4800
4400
11100
10300
8100
4500
5500
4500
5500
8000
4700
9200
6500
6700
6100
5800
6600
7000
6000
7000
6500
6900
6700
5700
8700
6300
5900
7100
6400
6800
6100
6400
26700
6200
7100
7100
7800
6700
6400
6600
10100
6900
6600
8500
7700
7800
6900
7000
7400
8100
7200
7300
7000
7200
7300
7200
7000
9900
7500
8300
6800
6700
7000
7100
7000
7800
9200
113500
8700
7100
7500
10000
7300
7300
7100
82500
4900
6100
4600
4700
4400
4700
4700
29000
5100
4900
12900
4900
4800
4900
5000
10800
5900
5700
5400
5700
5700
5600
5700
5900
5800
5600
5800
6000
5800
6500
7400
9900
6900
6800
11600
6300
6200
8300
38300
11300
7100
22700
6800
6400
7000
6800
6500
12200
6900
7000
7100
7600
6900
7200
6800
7100
7100
7900
7000
7100
7100
7300
7200
8600
6900
6900
10000
7200
7200
7400
7300
8000
7200
8900
7300
7100
7200
8600
7300
94700
4500
7300
4500
4500
4300
5600
4600
4400
5600
5400
4800
4400
4600
4400
5700
8400
5500
5800
5700
6100
6100
5700
8700
5900
5800
5900
5800
5600
36200
7900
6000
7000
6800
6800
6300
6200
6300
6500
23300
6600
9600
6600
6400
6600
7200
6600
6400
9300
7000
6900
7000
7700
6900
6900
7000
7200
7200
41100
7500
9800
7500
7200
7200
8400
6900
7000
7000
7100
6900
8300
7200
7900
7200
7200
6900
7300
7300
10900
7400
94800
4600
4200
4300
4600
4200
5900
4300
4900
5600
5400
4400
4600
5100
4500
8600
8400
21200
5600
5700
6200
5800
5700
5700
5600
5800
5500
13400
6000
6000
6500
5700
6800
9100
6300
6400
6200
6200
6400
6300
6300
6300
6500
6400
6300
6600
36600
6900
8600
7200
7100
6800
12500
6800
7100
7100
6900
7100
7800
7100
7500
7300
7100
7300
8500
7000
6800
7000
7100
7100
12200
7000
8100
7100
6900
41600
7400
7300
9300
7800
92400
4400
4300
4500
4300
4300
8400
4700
4600
6000
4700
4500
4700
4500
6000
5700
9500
6800
7500
10200
7400
6000
5800
7400
5600
5900
8900
5700
5800
5900
6500
5800
6900
35400
6600
6400
6200
6300
6700
6600
6300
6400
6500
6400
6400
7200
10800
9800
9900
8700
10700
7000
9700
10600
11200
36100
11800
34400
13300
11900
12300
39500
13100
17000
15800
11900
11900
12000
12000
11800
11700
13200
14800
11700
12400
12500
12200
12100
14200
11100
195100
9600
8600
7100
8100
8200
10100
8100
8100
10200
8000
8200
7900
8300
8400
10100
14600
9400
18200
11900
11300
10800
10300
10900
11700
10800
12000
14700
11900
11300
11600
11300
12600
12000
11500
12100
35900
11600
16100
16700
15000
12900
12900
13100
13300
13000
12900
12100
15700
15600
14200
13500
13100
12700
13200
48800
17400
14600
13700
13600
13500
15200
13600
13700
18500
12300
12600
12500
13200
12700
12700
12600
14200
16000
20200
13500
12600
12500
12800
67600
192400
8500
8000
9500
7900
7800
9500
7400
7700
13400
8900
9900
8000
8400
7900
10300
13900
9700
9300
9200
10100
9400
8900
9600
9300
9100
9100
9400
9000
9100
14800
10700
11200
12700
10100
10200
10300
58000
13500
11200
10500
10500
10500
10600
10800
10900
12100
10900
12900
17300
12700
12000
12300
12700
12700
45000
14000
14100
13100
13200
13100
14300
13400
13100
20500
11600
12500
12300
13400
12300
12700
14100
12500
12800
14100
12000
12900
13000
12900
14300
175200
9600
7600
8900
8900
16100
7700
8900
11000
9200
8200
9300
9400
7800
12100
8100
