72800
1651400
25700
78100
70300
76400
246300
11000
10200
10200
10400
10700
10400
11600
11400
11200
23700
229400
122000
118500
16200
145600
18200
16700
16000
18200
16700
19400
16300
16600
231100
20100
23300
22100
20300
23700
20200
20100
21000
20900
21000
26100
25200
30700
22200
22100
22400
367700
31800
325600
310800
33600
25100
28500
26900
26000
239800
23500
155400
204600
24000
23100
252500
25000
60900
136100
28000
25100
25700
220500
113800
30300
27300
24400
27900
26100
24100
24300
26100
26600
35000
9900
6500
5800
7200
22100
34500
23200
7100
27200
27500
7600
29200
7900
8000
7800
16200
90100
44800
42100
12400
54000
12100
10800
10900
11000
11400
12200
11300
13000
83000
16400
27900
26000
23600
15300
21600
20900
22000
17700
15100
15700
17200
17800
16900
16000
15900
161100
27300
150100
136700
19100
18400
20800
19900
20600
137500
21300
74500
143100
21000
21500
147000
21700
48500
108400
25100
22100
22200
173100
90200
27500
23000
23400
25100
23400
24000
23900
26500
24500
6400
5700
6100
5600
6400
18200
6600
38400
7300
42000
20500
7100
21700
7700
7900
7800
12300
69400
11200
22200
23200
30300
117900
10700
29500
12000
12000
13100
13800
12100
13200
12500
15100
14600
13700
14100
14300
14500
14500
20100
15100
15800
17400
17300
16000
16000
15900
89000
21400
88300
60000
18500
18100
22900
21600
21400
82600
21000
56400
88600
20900
21400
102500
21900
36900
49500
13200
10300
10500
94900
46100
11200
10300
10900
12500
10600
10600
10900
12000
14800
3400
3000
3300
2900
3600
3400
3400
14400
3100
14400
3000
3000
3100
3500
3300
3700
6500
40200
5800
13900
18600
15800
54100
5000
4900
5100
5300
4700
5000
4900
5300
5200
9200
56500
29800
36300
6900
29500
7700
7000
6400
6900
6600
7800
6900
6700
50900
8200
11400
69500
50000
8500
8100
10200
13700
10000
69900
11900
42900
110100
11100
11100
80100
14400
21100
41600
13900
10300
10400
86000
45300
10700
10300
10800
12300
10500
10500
10700
12000
11400
4000
3100
3700
3300
3600
12700
3500
32700
3600
30700
14900
3500
15500
3800
3700
3400
7100
56400
7800
11700
12600
12800
60800
4900
5000
5200
5400
5100
5000
5000
5900
5100
10600
55200
25700
45700
7000
27700
7900
7000
6900
6900
6900
8100
7100
6900
40700
8500
9600
8800
8200
8800
8100
8700
8300
8800
8400
9000
8600
10700
8800
8800
8600
106900
19200
38000
16700
10300
10700
89900
36600
10500
10300
10800
12900
10200
14800
10500
12100
10600
6100
2900
3600
2900
3600
5600
7400
7000
3300
7200
3100
3000
3300
3600
7800
3200
6700
27700
6100
15300
11600
11700
35400
5100
4900
5000
5300
12900
5100
4900
5800
5000
12700
34600
20600
23500
6700
22000
7700
6800
6500
6800
6500
11400
8200
6500
33800
8100
12400
11700
8100
12000
8300
8500
12300
8500
8400
8700
8400
14600
8500
14900
8700
64000
12900
62400
41200
9900
11000
11900
11700
11900
54200
16600
42100
60000
17400
11900
65200
12000
10900
161600
22700
16000
15500
15500
14900
15400
15600
15600
15300
15200
15500
16400
116300
15200
100500
17000
20300
10300
9900
10600
10500
11000
10600
10100
11000
10100
11000
10300
70700
10600
49100
13300
11900
42000
47700
11900
11800
12000
12000
13500
12000
13000
16000
11900
11900
12300
22900
55200
72700
13600
13400
45600
17300
13400
14700
61400
50400
103900
14300
15100
71300
13400
152000
17300
18200
10400
15300
10400
10500
10600
10600
12600
10900
10600
10800
24200
12600
19000
44900
8300
8700
9100
8600
8900
9300
8600
8300
8000
8800
8200
8100
13000
8400
45800
39500
10400
11000
10000
9800
10600
10200
11000
10000
10100
14300
9900
10800
10500
54200
10100
25600
13200
13000
36700
37700
15800
11700
12100
12100
13600
11700
13400
12000
12000
12300
12200
14400
46800
78200
13400
13000
46400
12800
13100
12800
61200
50200
107800
13000
14900
65400
13500
143900
16800
17900
10300
19200
10300
10300
10600
10300
12500
11300
10400
10600
19600
12300
19000
11400
8200
8700
9000
8200
9000
9000
10100
9400
9300
8100
39700
9300
9900
9300
8300
11200
49700
11200
11900
10800
71000
11100
10000
11700
10300
10400
17600
10600
11200
46900
10300
26100
17200
11700
33000
37400
11600
11700
11800
11900
13300
11700
13000
12100
11900
11800
12000
18400
46400
75200
29200
34600
91100
30000
24000
24400
146600
100200
243200
21800
25800
132900
24100
260300
35100
35900
15600
24500
15900
15600
16200
15600
19800
16500
15900
17600
32000
20400
30500
16700
18400
12800
12800
11900
13400
11700
11800
15000
12900
12200
12000
14100
13000
12900
12600
14800
76200
41700
16300
47700
14400
15100
14500
16200
14800
15200
14500
17300
16500
60000
14800
65100
16900
19100
16800
48600
19500
17700
21100
17700
18200
17400
18700
23200
17500
81900
18800
20400
65100
103100
19800
18400
63500
24900
19700
19100
85200
70300
142500
18900
25200
94200
19600
171900
28300
31700
15500
25800
15700
17700
16000
15700
20000
16200
15800
16600
33500
26400
31100
15500
11400
12300
12100
11800
13000
11900
50800
11800
11600
11800
14200
125100
13200
12300
88400
15000
118800
15100
18100
13500
51700
15900
14900
16500
13700
13400
14100
14500
16300
58700
15500
58000
17300
25300
17200
16900
21400
17200
20600
17200
89700
17600
17100
19900
17600
132000
18100
45500
21500
18200
51900
52500
69000
18500
18700
26800
21400
18400
21900
19200
19400
20800
18900
175100
29100
29800
15500
24600
16100
14700
22000
15400
19700
15900
18300
16500
32700
19700
31200
15800
35700
13600
12400
12100
13100
11700
17300
12100
12100
12100
11600
11800
12500
11700
12300
65600
66200
16600
16300
14400
12900
13700
19600
16400
14700
15300
14600
14600
16500
59100
15100
60200
17400
19400
17500
17400
24900
17400
20800
17700
17600
56700
17200
20500
17700
77400
18200
50300
22500
18400
50500
52600
18700
20100
18700
18600
22100
18300
21700
18500
24400
18600
19200
173300
30900
38000
30100
15900
26400
15700
16200
15400
34200
40000
59500
29800
19900
36900
16000
18900
12000
12000
12000
11900
13700
12200
12000
12800
12500
11200
12000
18200
12600
12000
12800
15100
14300
63800
14200
14300
14300
14600
14500
16000
17100
14700
15700
15200
20600
15800
15200
21400
17900
17200
61200
73000
18900
17000
53500
19400
67600
17200
17100
19600
17200
17600
17400
21000
18700
18500
18400
18500
118100
26000
21700
18500
18800
18400
18800
18600
19400
18700
19000
213400
32900
15500
16000
18800
15600
15100
26200
15200
15800
19000
15700
16200
15800
15600
15800
15500
12800
11900
11800
12000
12900
11600
11300
13800
12000
11800
12400
17300
12400
12600
11600
15000
13400
61100
13700
13700
13900
14200
21100
15500
14100
14600
15100
13900
16200
16500
14200
25900
17400
16900
59800
71800
19300
17500
53300
17400
66900
16600
16300
17400
17300
19500
19100
21600
18000
18500
19800
17800
118300
23800
21800
17800
18200
17700
18600
19800
20100
19700
20000
208000
32200
15900
15300
20200
21500
14100
26100
7400
10800
17500
8800
8800
8100
8300
9100
13700
34300
9900
33000
10100
10700
10400
10000
16800
38900
10700
10600
10500
11100
10700
10600
12000
11600
11200
11200
15000
11400
11600
11900
13100
13800
11800
11500
13300
18700
11800
12500
23800
12800
13000
59800
68600
14400
13600
55300
12300
63300
13000
12800
12800
12600
13300
12800
15000
13000
13300
12700
13000
118700
19700
15200
13200
13100
16400
13000
12600
13600
13600
12900
195600
24200
8500
8600
11500
16700
8800
19900
9000
10600
14400
9200
9300
9100
8700
8600
14400
9900
9900
10400
10200
11300
10600
10800
10600
10600
10300
16300
10400
11100
10700
10700
12900
11300
48000
10700
56800
14400
12000
12300
13700
12200
61900
13500
13100
11600
65300
12100
13300
12000
61000
12400
12500
13000
19300
12500
17900
13600
12500
20200
12800
164000
12700
11800
12600
7900
8100
7800
7700
86500
10500
46100
8800
8000
8000
7700
7900
8200
7900
7900
113600
14100
4800
9900
6500
5100
5000
12000
5000
4900
6700
5100
5500
4900
5100
5000
10100
23500
6100
27100
6200
12300
6500
6100
6300
6400
6100
6300
6600
16700
6400
6500
9900
7000
7600
6700
6900
16800
6900
7000
7800
7000
11800
6800
7700
8600
7800
6900
8100
7600
56000
7700
7600
9600
7700
7700
9100
13400
20300
8800
7800
8000
9900
8100
10700
7800
7800
34200
38600
8700
12400
28800
7900
33200
7900
7800
7700
8000
8100
8000
112800
13700
4800
5900
6700
5100
5000
11300
4900
9400
5900
4900
4900
5900
14500
5700
9900
5800
6000
5800
5800
6200
7900
6100
10000
5800
6200
6200
6000
29500
6100
7900
6800
6600
6500
6200
6400
6400
6500
6400
7100
6400
8400
7300
7400
6500
15300
6800
7500
7200
33000
7000
8200
28200
7200
7000
8200
7100
11300
7900
7300
9200
7500
7500
9900
8700
7200
34100
39500
8000
7100
32000
7000
29900
8900
7400
8100
7400
7700
7200
81400
4400
4500
4600
4500
22700
4700
6300
4600
4800
11400
4700
4700
4900
4800
5000
10400
5900
6700
5800
28200
7000
6000
12200
5900
7500
6300
6300
6100
6300
5900
6300
7100
6700
16700
6500
7400
6300
6500
6600
7100
7000
10600
6500
6700
6600
6800
6500
9000
7100
7100
7800
7200
8000
38200
7800
7300
11200
7100
7300
7300
7300
15100
7600
8800
7300
7100
7000
9200
10500
8600
7800
7200
7200
7100
46800
7600
7300
7100
7300
78600
6600
4500
6000
4600
4800
11500
4800
4700
8600
16000
6500
5100
4700
5100
6300
9900
6000
5900
5700
16300
5900
5700
7200
27100
5700
10500
7300
6200
5900
6700
6700
7000
6500
6300
6400
7000
6400
6300
6700
7000
7300
7600
6600
7000
11000
6700
6500
9000
6800
7100
8300
7300
7900
37900
7900
7300
7200
9000
9000
9000
8300
8300
9200
10900
8100
8900
9300
7200
10300
9400
8100
8200
8200
7100
48200
7400
7300
7200
7200
85100
6300
5000
5800
4400
4600
11800
4700
4600
4900
20000
5900
5000
4800
5300
6200
9100
6100
5800
5900
5600
5800
5800
5800
6000
6000
6300
5700
6100
6700
11700
6100
6600
6100
6900
6700
27800
6700
16700
6400
6300
6300
9200
7200
6700
6700
6600
11300
8400
7000
6800
7900
7000
8000
36800
8000
7600
8900
7300
7200
7100
7300
11300
7200
8300
6900
18000
7300
7200
8200
8400
7000
7100
7300
7200
45700
7200
11600
7400
9400
80700
6100
4600
5600
4700
4500
11700
4700
5000
4900
15600
5800
9900
4800
4800
6300
8300
5800
6000
5800
5700
7400
7500
6500
13100
6000
6700
5900
6100
5900
6500
6100
11000
6400
7100
7000
30200
6600
7100
7300
6500
6600
7300
7200
6600
37500
7300
11300
8300
7100
7100
7200
7900
7200
16200
7400
8300
9200
7400
7300
7200
7400
7500
7200
13500
7200
6900
7100
7200
9800
8800
7300
8500
7300
7200
42500
7500
7000
7500
11400
79700
6200
4600
5600
4700
4600
11900
4600
5500
5200
15600
6000
4800
4800
9000
6100
8200
5800
6400
5900
7200
5600
5800
5900
5700
5800
6400
6000
6100
6000
6600
6000
6700
6400
11400
6300
28000
6300
8200
7200
6600
6500
19600
7100
43300
6800
6700
7400
7600
12100
7000
7000
7800
7000
7000
7100
7800
8000
7100
7200
7300
7300
8500
9000
9000
7100
11800
8000
7400
8300
45200
8400
7500
7100
7300
7300
7400
7300
7300
9000
84000
6000
4800
5700
4700
4600
12400
4600
4600
4700
15200
6000
5000
4700
5100
6100
13500
6500
7400
5700
5800
5800
5600
6100
7900
6100
6500
7700
6100
7200
6500
7400
7300
11000
8100
6600
28200
6500
6500
28700
6600
6600
7300
7400
6900
6700
7100
7300
11700
6900
7000
8300
8000
7300
7200
7200
8000
7900
7900
7200
7200
7300
9300
8600
13000
7200
7100
8100
7200
8100
115800
8500
7100
7200
9300
7300
7200
7100
50400
7500
81300
4600
5300
5600
4500
6600
6500
5900
4800
4900
4700
17100
8900
4700
4900
5300
11600
6000
6500
5600
5700
6100
5700
6000
6600
6000
5800
5800
6000
6300
6200
6100
7000
12200
6600
6900
6600
7300
7200
6900
6700
6500
6700
7200
6600
6800
6700
7500
8800
7300
7100
7200
11800
7200
7300
6900
7300
7200
7000
7200
8200
8900
7900
7500
8700
7200
7000
7100
8100
58400
8100
7200
7600
8800
7500
7500
10300
7700
8700
7400
95500
10200
5900
5500
5800
5600
5700
6400
5700
7500
5600
5800
7200
5700
6600
5200
8900
5900
5800
5700
5900
7200
5900
9600
5900
6100
6000
5800
5900
6400
6100
6200
7000
6400
7000
6900
6500
6400
8000
6500
6500
6500
6500
10900
6400
6700
6800
6600
11000
7100
7100
6900
7200
8900
7300
7100
13000
7200
11800
10900
12500
13300
13400
7300
8900
9100
7200
8400
8100
38300
7900
7200
7200
8400
7400
7200
8700
8000
8900
8600
81300
4600
4800
4800
4700
4800
4900
4500
4900
6100
4800
4800
4800
6500
4900
6100
9400
6800
5700
23900
7700
6800
5700
6700
6800
6800
6000
6900
7000
7100
5900
7000
7600
7200
10800
6300
6400
6700
6500
6200
7200
6600
6600
6600
6600
8800
6900
6700
9100
7100
17800
6900
7100
11100
7200
6900
7200
7500
7000
7400
8100
8700
8000
7800
8900
7200
6900
7100
8000
118000
8600
7200
7200
8200
7400
7500
8500
7500
9800
7400
86000
5000
9300
4600
4700
4400
4700
4700
4600
6300
4600
4800
4800
4800
4900
5000
8200
5900
5800
5900
6300
5700
5900
5800
5700
9900
5900
6000
5700
6400
6100
6000
6800
6400
6200
6300
6500
6500
7500
6600
7200
6900
6600
8000
6500
11400
7100
6600
7600
7100
7100
7900
7200
7100
7900
7200
7000
7300
7200
8100
7300
7400
7400
12400
8500
14500
7200
6900
8200
37600
8200
7300
7000
9400
7600
7100
13200
7300
8400
7400
77600
4700
4700
4400
4500
4700
4500
4700
4800
6100
4900
4700
4900
5100
4900
9300
9800
5700
5800
5900
8000
6000
5700
5700
6600
6000
5800
5900
6100
6400
6100
6000
6800
6600
6600
10600
6300
6700
6600
6500
7200
6500
6500
6600
6500
7400
6800
6500
7800
6800
7200
9100
7400
7200
12400
7700
7200
7100
7000
8200
7300
7300
37300
7400
9200
7200
7100
7200
7300
11000
7500
7000
7300
7300
7300
7300
8400
9500
8300
9300
77500
4800
4500
4600
8600
4500
4700
5100
4900
7400
4700
4800
4600
4900
5000
4900
8000
5900
6100
5800
6900
5900
5900
5800
6000
6000
5900
10200
6000
6400
6000
6100
6700
6300
7100
6200
6300
6400
6500
6200
9100
17200
7100
6400
6400
7100
7100
11100
7700
7000
6800
7900
7000
7100
7800
7300
7100
7100
7800
9900
7300
7400
7900
7300
12900
6900
7100
7600
7200
6900
7700
7100
8800
7100
7200
7700
8000
9000
8100
7500
83300
4600
4700
4700
5700
13500
5900
4700
4700
6100
5000
4900
6100
5100
6000
5000
13800
6100
5600
5800
5700
5500
5800
5900
5600
5800
6400
6000
5800
7000
6100
96000
6900
6600
11500
6900
6300
7300
6600
6600
6300
7300
6700
7200
6700
31700
6600
7000
7800
7100
8000
34000
8500
7300
7200
7100
7300
7300
7900
8100
7500
7200
7600
8200
9600
16400
20200
7100
8400
7000
8400
8500
7300
7400
7500
7500
38800
7200
7300
114800
79400
4800
4800
6300
4600
5000
6000
5400
5000
10900
5200
4800
6500
9100
6700
6300
8700
5800
5800
5600
5800
5800
5800
5600
5900
5800
5700
6500
6300
6000
5900
53300
7100
6100
6900
6900
6500
6900
6500
6300
6400
7400
6500
7100
6600
31900
7100
6600
11900
7100
7800
29200
7800
6900
7000
8500
7200
6900
7400
7900
7300
7400
7200
12100
9300
9300
20300
7200
8000
7200
8200
7400
7400
7400
7300
7700
42900
7400
7600
43800
78200
5300
4800
5900
4700
4900
5900
4900
4600
9500
11000
7400
10400
9100
6800
6700
11000
7300
39500
6600
6400
6200
7300
9400
6000
5800
13800
6100
7000
6000
6000
6000
6800
7200
6300
6500
6400
6500
6300
8400
6600
6600
7300
6500
7000
7500
11500
136700
8000
6700
8100
29300
7800
7200
7100
7100
7200
8900
7400
9800
8500
20200
8400
9100
12500
10900
22400
7100
10300
8100
9100
8300
12500
7200
7300
7400
38500
7400
7200
49300
77800
4800
4600
6100
4500
10100
5900
4900
4700
4700
5000
4800
6000
5700
5900
6000
8500
5900
15900
6200
5800
5900
5900
5700
5900
5900
5900
5600
6500
6200
6200
5900
6700
6400
6300
6700
6300
6200
6400
6500
6300
6600
7300
6600
10900
7300
6700
123900
7900
16200
8000
7900
7100
7700
7300
7000
7100
8000
33900
8000
7300
34200
7300
7400
9400
8900
20400
7100
8000
11500
8200
7200
7300
7300
7300
7100
38700
7400
7400
121000
82300
4600
4700
5900
4700
4900
5800
4900
4600
4800
4700
4900
5900
4900
6200
6200
8900
5800
5700
10300
5900
5900
5600
5800
6000
5800
5800
6000
6500
6000
5900
6100
6700
18500
6500
6500
6200
7000
10500
6400
6700
7700
7300
6700
6600
7300
6600
49800
7700
7000
7800
7800
7100
12500
7200
147000
7200
8300
7000
8100
7400
32500
7600
7300
12400
7700
8300
31500
8700
7300
7200
7500
7200
7400
7400
13500
7300
7400
7400
8400
77300
4800
5200
5900
4700
4700
6000
4800
4700
4700
4800
9200
6100
5000
6000
6200
8600
5700
6000
5800
5900
5800
6000
6300
5900
6000
6000
6000
6700
6200
11000
6200
6700
7300
6300
7400
7500
6400
8200
6700
6700
6600
7300
6500
6600
7700
6900
55700
8200
7200
8300
7800
7200
35200
7600
7100
7300
8200
9000
8000
7400
115000
11600
7600
8100
7100
8400
31100
8500
7200
7000
7200
7200
7200
7400
8300
11500
7500
7300
8500
82100
7300
9500
4600
6100
4700
6000
22100
4900
4900
9200
4900
14400
5000
4800
16200
11900
6400
9400
6000
6100
5700
6400
5900
5800
6000
6200
6000
10400
6000
6700
6000
7400
6700
7100
6400
6500
6500
6500
6400
6700
7400
35400
6900
7400
6700
6600
11000
8300
7400
7100
8100
7200
7700
7300
8000
8300
7300
7100
40500
9100
11800
8600
7600
10300
7300
7500
7300
8400
7200
25600
8700
7300
7400
42000
7400
8800
7800
7700
7700
87100
4900
4800
4900
4700
4700
5100
14300
4700
4800
5000
10500
5000
5200
4800
4900
9300
6500
6100
5800
6300
5700
5900
6000
5800
5700
5900
6400
18500
6300
10800
6000
7100
6500
7100
6200
6300
6500
6400
6300
6600
7300
6500
6500
7300
7300
6700
6900
12100
7300
7000
8000
7100
7100
7300
8100
8400
18800
7400
116500
7600
7400
8500
11800
10000
7000
7200
7300
9900
7500
7100
8500
7200
7200
37500
7400
12700
7500
7500
7600
78800
5000
4500
4900
5100
4600
4900
14400
4700
4800
4900
6300
5000
30400
4900
4800
9500
6500
6000
5700
6300
6000
6200
6100
5700
5900
6000
6300
6500
5900
6500
6200
7300
11500
6400
6500
7000
6500
7200
6400
6600
6700
7200
6700
6700
18500
7600
6800
8000
7300
11200
8000
7100
6900
7200
8100
8100
7300
7000
39800
7300
7300
8400
7500
12800
8200
7200
8100
10400
7100
7100
10500
8200
7300
53900
8800
10000
8700
12200
7600
78800
4900
4500
4700
4600
4300
4700
13600
4600
4800
4900
6300
4900
5000
4800
4900
13400
6400
5900
6200
6300
5900
5900
6000
5800
5800
6600
7700
6400
6200
6300
6000
19100
7400
11000
6400
6600
6500
7300
8200
6700
6400
7500
6500
6700
6700
7400
7000
7700
7100
8000
7200
11900
7300
7300
7100
7200
8300
114100
7500
14300
7500
7500
7500
9800
7400
7200
7200
8300
7200
7200
8400
8600
7300
51400
10800
13400
11900
13000
12700
85000
5000
4400
4900
5800
4400
4800
13500
4700
4700
4800
6400
4800
4900
4800
5700
9600
6400
35300
6000
6300
5800
6000
7500
5800
6000
6000
6300
6400
6100
6200
6000
7600
7200
6600
6300
6600
11200
7300
6700
6600
6400
9500
6600
6600
6800
7500
7000
7800
27000
8000
7100
7100
7200
11900
35500
7300
8200
7300
7300
8400
7500
7600
7900
8300
10000
7100
8700
11700
7200
7300
8500
8400
7300
7300
39800
7400
7700
22900
7700
81700
4900
5100
4600
4400
4600
4900
14800
4700
4800
4800
6600
4800
4900
4800
4900
8500
6200
5800
5700
6100
10300
5900
5700
5900
5900
110200
6200
6700
6500
6300
6500
7500
7100
6500
6300
17500
6700
11200
6600
6400
6600
7200
6600
6800
6500
7300
6900
7800
7000
8000
6900
6900
8600
7100
7100
7000
12200
7100
7300
8100
7300
7400
7400
26600
7300
7100
8600
6900
6900
7200
8100
12000
7200
7800
39800
7200
7300
8600
7200
78900
4900
4900
4800
5800
9900
4700
5900
4800
4900
13500
4800
6300
5000
5100
4900
10200
5700
5800
6100
8500
5800
6100
22700
6000
5900
6600
5900
5700
6000
6500
6300
6900
6600
6300
6600
7000
6500
6300
6500
6600
7300
6500
6600
10800
6700
6600
6600
7900
6800
7000
7000
7200
18100
7200
7900
7000
7200
46000
7300
11900
8200
9600
8300
8700
7300
7300
8000
8200
7400
7400
7100
7200
7500
7500
7300
7300
11900
7500
7800
78000
6000
4600
4900
5600
4900
20200
6200
4700
4700
5000
4700
5000
5000
4800
9200
8500
5700
6100
5800
6000
5600
6000
6000
5800
5600
5800
5800
5900
5700
6200
6100
6600
6400
6400
6100
11600
6400
6600
6300
6300
25000
6700
6400
6600
6600
6700
6500
8100
7000
6800
7000
7000
7700
7200
12300
7200
7000
89300
7200
8300
8000
8000
8200
8400
7000
7100
7100
8200
22500
7300
7200
7000
7200
7200
7200
7200
7000
7400
7500
77200
5800
4600
4500
5700
4600
8800
6000
4700
4700
4900
4800
4900
4800
4700
4900
9800
5700
5700
5900
6000
5700
5900
5900
5800
6000
5700
14900
10100
5800
5900
6300
6500
6400
6200
6500
7600
6600
6400
6200
6400
6500
6400
6500
6600
6600
7300
6700
11600
7000
6700
6900
7400
7500
7100
7700
7100
34500
44900
7200
7800
7800
8100
12100
8400
6800
7000
7000
8000
7200
7200
7200
7100
7200
7200
7300
7200
7000
7400
7400
89200
6700
5400
5400
6800
5300
5600
7100
5600
5400
6100
13000
5800
5700
6200
4800
8700
6000
6800
5800
10400
5800
6200
5900
5800
5800
5800
5900
5700
7200
40800
6000
6600
6500
6300
6500
7200
8000
7500
8100
6500
7500
7700
7900
6500
35400
8400
7800
8400
8000
8100
8100
8700
8000
8000
7000
11200
7300
7300
7200
7200
7400
7400
7400
8300
6800
6900
7000
8100
7200
7200
7100
7000
16400
11500
7300
7400
7600
7700
7500
76300
5600
4600
4700
5900
4600
4800
5800
4700
4500
4500
8800
4900
4700
4800
4700
8400
5800
5800
7100
6100
5900
6100
5800
5800
5900
5600
6100
5900
5900
5800
13800
6600
10500
6800
6500
7000
6500
6400
6800
6500
6500
6600
6400
6600
6600
7300
6600
7300
7100
6800
6900
7500
11300
7000
7100
7000
7300
7300
7200
23700
7400
7300
8000
7900
7000
7000
8300
7200
8000
7100
12400
7200
7300
68800
7300
8100
8100
8600
8200
76100
5600
4600
4500
9700
4400
4700
5800
4700
4700
5100
4800
4800
4900
4800
4700
7700
24000
6200
5700
6200
5800
6200
5900
6100
10000
6000
5900
5800
5900
6100
5900
6600
6400
6400
6600
7000
6500
6200
6500
6500
6400
6600
6500
6700
6500
11500
6800
18000
7300
7100
7000
7700
7000
7100
7000
7100
7500
7300
7000
7300
7200
7400
7300
12000
10700
7500
6800
7100
8100
6900
8100
6900
7100
42700
7100
8000
8100
21100
8300
76000
4600
4500
4700
5900
4600
4800
4500
4700
4600
4800
4800
5300
4900
5600
4900
9400
6600
5900
5700
5700
130700
50000
25000
9000
10200
6400
6700
6800
9700
11200
11000
10400
7000
16400
9800
26700
7200
7100
6500
6500
6600
7100
7200
6800
6500
6700
7000
15500
7300
7100
7100
12800
7400
7000
7200
9500
7200
7400
8400
7500
7400
7400
7400
28300
7800
7300
7300
7100
11700
35000
32700
14900
14300
14000
16800
83800
13400
14500
13100
161300
27300
12900
10300
11200
9400
9200
7800
9300
8800
9000
11200
8700
9100
9300
9000
14700
10500
10600
14800
10400
16900
35500
12100
9700
11700
11000
11000
11000
11200
11500
11200
13100
12400
13100
12400
13200
13700
13300
12400
18700
12900
13500
13800
13000
12900
15800
13800
15200
13900
13800
13900
27600
14300
13600
13200
14100
14100
19700
16000
14500
14600
14500
14400
18300
13900
13900
13600
13900
14000
18100
14100
13800
15200
19300
16100
68800
14100
14500
14500
175300
11300
13500
9500
11800
35500
9200
14300
9400
9300
9500
11700
9000
9100
9500
9400
13400
10500
10900
11400
10800
10400
11100
11000
10700
11800
10700
16600
11200
11500
11300
13300
12400
11500
12200
12600
12300
12500
12700
14000
29200
13100
12800
13300
14100
13300
19200
13300
15200
14200
13700
14100
15500
14700
14200
14400
15700
14200
14300
16300
14700
14700
14600
15200
23200
14000
14500
13300
26400
13800
15100
13600
13300
13800
13200
15500
58900
13100
18500
12800
155000
11200
10900
9100
10200
8800
8500
8500
8500
8300
8900
10300
8100
14300
9200
9300
13700
10100
15100
12000
11400
10700
11000
11000
9900
10900
24500
10600
10600
10700
10800
10500
12200
11600
17800
11800
11800
11600
12200
12200
12400
12000
12100
12400
13400
12000
15400
13100
14800
13400
14900
13400
20500
15500
15300
14000
38500
13900
16100
15400
14300
14100
14400
16100
17700
13100
14000
13600
20700
13900
15700
14000
13900
14200
13900
16100
138300
14300
14400
14600
181600
16500
11700
9100
10800
9000
8700
9200
9200
8900
20800
11500
9300
9200
9600
12800
14000
10600
11200
11300
12900
12500
12500
11100
14100
13500
12600
12400
11400
12900
13100
12600
59600
12500
12600
12300
12500
12600
12600
13700
12700
12600
12700
13000
47300
13500
13600
14400
14200
18800
15900
13200
14100
14600
14800
13800
13300
12800
14300
14100
13000
12800
12900
14200
14700
18200
12600
12400
14500
12400
12600
13500
30900
14100
13200
15000
13000
12400
12900
12100
160200
11900
11200
9300
11000
8600
8700
9500
9400
9500
9400
14600
8000
8400
9300
8700
13200
10400
16200
12000
9900
10000
10800
10400
9900
11100
10100
10100
9800
10300
10600
44000
12000
10900
10100
10600
11800
10700
11100
21200
11500
12500
11400
11500
12500
11700
13300
11700
13400
12700
13800
12700
13700
14100
14000
18400
12600
12300
15300
32300
13600
12700
13000
34000
17400
13500
12800
12600
14900
12800
12600
19400
13100
12500
12400
15100
12500
12300
12800
13000
149100
11100
8200
8100
7900
8100
10100
13500
8200
8100
8600
11100
21100
8600
8800
8900
16900
33800
10300
10100
10100
10800
9900
10600
10300
15800
10500
21300
11300
11900
12000
16200
18000
19100
17900
16200
18500
19000
19000
11600
12500
12000
12000
18100
13400
12700
13000
13700
32200
14000
40000
14200
13700
16800
13700
13400
63800
14300
18800
13600
15400
15200
15200
15800
15100
15100
13300
12900
12800
14700
51800
21300
16200
13400
16900
13500
13200
13300
56000
14600
162800
18900
9500
8900
8700
8400
14800
9400
11100
11300
10000
9600
9000
8700
9200
11800
15900
11000
11200
10400
10400
11500
11500
10300
17600
11300
11300
12100
11100
11300
11200
11500
13300
12100
12000
14400
49300
12900
13600
12200
12800
12200
18500
13200
11900
12300
12200
12400
15000
12600
38500
12700
13100
12800
13100
13000
166400
18900
13300
13100
15400
14800
14900
32500
16500
13000
12900
13400
13300
15200
59000
14800
12900
12300
16900
12900
13700
13300
15800
15800
164100
18200
8600
8900
14600
8400
11200
9100
10600
11200
10000
9300
9300
9500
9300
11900
15300
11200
10700
10900
11300
25500
10600
16500
11200
11000
10900
11900
11400
11100
10900
10900
12500
12100
11800
14300
11900
12900
12000
13000
13000
12900
12300
13000
11800
12000
12300
13200
14500
13000
38100
13400
40300
15000
12900
13400
73800
14500
13700
13700
15700
16600
16300
15300
16900
13700
13600
13600
13600
15500
58200
15200
13600
13700
17100
14000
15300
14100
16000
14900
189300
15900
8800
26000
8800
8600
8900
9100
10700
11100
9000
9200
9000
9200
9100
11000
14200
13000
10700
10900
10600
11400
16200
11000
11200
11100
11000
11700
11300
11300
11200
11300
12400
12000
11900
35800
12300
12900
12400
31000
13500
13600
12400
13400
12600
12400
12800
13300
14200
13200
13200
13400
13400
13400
14800
13600
19900
162100
13600
14600
13100
13200
13500
13300
15400
12500
13200
13400
50200
15700
52900
14400
13900
13100
16800
12700
14600
13300
15200
13100
157200
17600
14200
8800
8200
8400
8300
8600
11000
10700
8800
9200
9000
9000
9100
11300
16300
10700
10600
10500
10600
11300
10900
10200
11600
85900
58100
13700
11600
11400
11300
11200
13300
12700
11800
11900
12900
13600
12000
17100
18800
15200
11500
18000
11900
13800
13800
14700
15800
13100
15400
17400
14500
14100
16400
32600
24000
26200
12700
14200
44000
14200
9200
21000
11300
9800
25700
8900
8500
31000
16000
8300
37500
7800
8100
8100
10400
13500
9800
9200
87200
14800
5400
5700
5000
5000
5400
5300
22600
22700
5900
5200
5300
5400
5100
6300
11400
18200
11900
10700
13800
19400
10400
9900
10200
10200
10200
11000
11000
10600
10900
11100
12500
12100
11200
11400
11500
12300
11500
12000
18700
12500
12300
36800
12000
11900
12300
12200
17200
12300
12400
12700
12400
12300
13900
12600
14900
12600
12800
13800
12800
13400
12900
14000
15500
12500
39200
12600
79400
14600
13600
20200
110800
14400
13600
12700
14800
14600
14200
13800
151500
9600
8400
8700
8800
15500
18400
9800
8900
9000
11700
9200
8800
8800
10800
9000
