1431300
29300
111900
20300
11800
11400
12500
15400
12700
13000
17400
14200
14700
14400
16800
15400
33900
187200
107400
22100
20200
22000
26500
20600
21600
22300
21500
176900
17500
16900
15500
16600
142800
61200
20600
18400
18000
20100
18900
22100
19700
93100
19800
21100
20000
21400
21300
20800
26900
184000
23200
23300
157300
25200
24000
129600
25500
26100
92800
25400
25500
25100
26000
27900
111000
125100
28800
109100
28600
64900
28800
29900
29600
30300
34700
32600
36900
30600
30600
31400
20100
13900
8500
26700
8200
8100
10400
37700
8900
10600
8600
9200
9600
10600
10700
14700
15900
92200
48900
12800
18100
13900
13000
13400
13600
17200
13800
57900
14900
21100
15100
15300
110800
58400
18100
17900
17900
24100
18500
19100
23000
62700
19800
20200
19900
20300
20800
21500
44800
157700
24100
23100
126000
23500
23700
88300
25100
23900
89000
24800
25300
24800
26000
28300
93400
96200
31100
103500
30700
32700
29800
31000
32300
30500
32800
33400
35800
32700
35000
32800
7600
8200
9000
29200
8000
7500
9000
25700
8900
9100
8700
9200
9600
10100
10100
11500
40300
14200
28600
14000
33900
18800
36500
14200
13700
14200
16100
14700
15400
15700
16500
7200
83600
29700
7000
7600
7000
8800
7900
7000
8500
46300
7800
8500
7300
7200
7500
7400
15500
108900
9000
9100
89900
8800
9200
59900
9400
10400
43200
9100
9800
11000
9800
11200
60300
64900
11300
71500
10800
13200
10900
11100
11000
11000
11400
11300
12900
11300
10800
12700
13200
3500
3800
8100
13600
3100
3800
9300
3400
3700
3200
6500
3300
3600
3900
4300
22800
5900
19800
6400
17900
5400
20600
5400
5000
5400
6600
5500
5300
5700
5300
6400
9300
60900
32700
7400
9300
7400
7400
7400
7000
9000
7200
48400
7200
8800
7700
7500
12400
110800
9500
10200
125400
9300
10100
38800
9500
9300
30400
9900
9600
9000
9900
14500
38000
40000
11600
40300
10600
13600
10800
11000
11200
11100
11300
11100
15900
11400
11200
11100
7900
3700
3700
11900
9700
2900
4100
15300
3200
3500
3100
3600
3200
3700
3900
3800
21600
5500
15500
6200
20500
5600
19600
5100
6500
6600
6200
6000
5400
6000
5500
8000
9200
57400
22200
7200
8300
6900
10100
7100
7100
8700
7000
44400
7200
8500
7700
7800
53100
27000
9500
8900
9100
13500
9800
9100
11100
43100
10800
9300
9100
9100
9300
10900
35400
35700
10800
42000
10700
13300
10800
10800
11100
10900
11300
11400
12800
11100
11000
11100
3400
3800
4000
13200
2900
3000
3600
18800
4200
3400
3100
4400
3200
4600
3700
4800
22000
5300
17000
6800
18400
6200
4900
6000
5000
6200
7500
6400
5300
6600
5400
7100
11900
30500
20700
7100
8200
7000
7100
7500
6900
8700
7200
26600
7300
8700
7600
7300
73800
18500
9000
8900
9000
10800
9200
9000
12500
23300
9500
9100
9500
9000
9800
9300
16800
52200
11300
11100
42200
10900
10600
34200
11200
11100
28000
11200
14300
11600
11000
13700
19400
7000
7300
7300
6600
8100
6700
164500
24300
17100
16000
19600
107000
16600
16400
16100
20300
61100
19100
18000
19400
20100
12100
10500
15200
10800
11100
71500
63800
11000
10700
82100
14500
15900
15000
11900
12500
11300
18000
64100
117400
11800
15600
12000
11600
119200
12100
11700
23100
50600
31600
13200
14800
56800
47000
14300
13100
12700
13300
69400
16100
12900
13100
13000
188300
10400
13400
21100
16300
21900
13200
10300
10800
10200
10700
17900
25900
33400
10300
29600
44200
8000
7800
8200
9300
11100
8100
8000
9800
9900
53400
9000
8400
21300
9100
9100
12600
35300
14200
10300
11400
10700
11300
10600
12500
10500
9700
57400
49900
10200
9700
80400
12700
11900
12500
11900
12600
11400
13700
58100
96900
17100
11500
10800
10300
87800
12000
21900
20700
44600
26700
12900
13300
42700
34900
12800
14500
11500
12000
53300
12100
11800
12100
11700
128600
11700
16000
22200
16500
22200
10500
11000
12000
9900
10400
17500
24700
48900
11000
31200
24700
6900
6500
7000
7400
7200
7200
8400
6900
6800
6600
7800
7600
7200
6900
7500
19500
11600
11200
8700
36600
10600
8600
36800
9500
9900
42200
11300
31000
9200
8800
54400
11900
11900
11800
10900
12000
10400
15100
43400
89200
13300
12800
11500
11300
94600
11900
11400
14400
44500
40100
11500
14600
44200
34200
13000
11700
11500
12000
51200
11900
11800
12100
12300
123300
11500
12400
20300
15000
20400
9800
10300
10400
10300
10500
17800
24900
35100
10100
27700
8900
6800
6800
6700
7200
7100
6800
6700
6700
6800
6800
7600
6700
7400
6800
10900
9800
8900
9700
10000
8600
10400
8600
36200
9400
10000
44200
8300
33400
9400
40400
42600
12800
30700
11300
13000
11600
10200
11900
10300
12400
10900
11900
82800
41500
10600
10900
91900
13600
38400
24600
12800
15200
43200
38700
14000
12700
12300
13500
54200
12900
15500
12400
11700
122500
10000
12200
20000
15100
20300
10000
10300
10400
14300
10300
17500
24400
33400
9900
28500
9300
6700
6500
6900
7100
7000
6500
6600
6800
6500
9300
7600
6800
7100
62400
7400
9800
20000
9100
8500
8400
10400
33400
36500
9400
9600
8500
8400
30500
9000
8600
8500
15200
30400
11100
10400
11200
10200
11600
10300
12100
10700
10300
44800
42200
10500
64100
55000
13200
11700
13300
11600
16100
11500
14500
44900
84400
11600
13200
11500
11900
86800
12200
11600
119000
11000
12100
19800
17600
20100
9900
10000
10400
10200
10300
17300
23900
31700
10200
28800
34300
7100
6400
9700
7100
7100
6500
6600
6600
6500
6600
7400
6800
6900
6700
7400
30900
23000
9100
39900
8500
9900
23600
36200
9300
9700
9100
8500
31100
9200
11300
8600
12900
54100
11200
10400
11200
10100
11500
10100
11800
13800
10200
44400
38400
10400
10800
54200
13200
27000
16600
11900
13300
11300
14000
43600
81900
11300
16100
11600
11600
84000
12000
42400
160700
19800
22000
10300
12400
18200
20300
12000
10800
11300
10700
22900
10500
15600
33000
14400
30100
55300
11100
10800
11300
13200
10400
12000
10500
17000
11500
11500
10700
11300
10000
10500
18500
10800
12500
11100
11000
12700
10200
10700
11300
11500
11000
11400
11200
11100
12700
13000
45300
13000
14500
14800
14600
12600
12500
14300
14700
18300
65700
13000
14600
12800
13400
13100
19200
15600
13300
13100
12900
12400
12400
14600
64900
12400
13100
12500
16400
18100
18800
16400
191700
8800
8700
8500
8200
8200
27600
8000
8100
7900
29800
16400
13600
24100
11800
9500
16400
10500
29500
10400
10500
10100
9600
11000
11300
10100
14600
10300
10400
11100
13200
11300
12500
11300
12600
13500
10700
10900
10900
10900
11300
11200
10700
11000
11000
11100
15700
12400
32500
13300
12700
14800
14000
12900
12200
12300
14200
15600
62900
11100
13500
15100
12800
12100
17100
14000
12000
12100
12100
12300
11800
14500
70600
16100
12700
12400
15800
12700
12600
15400
181700
8700
7900
8100
7400
8700
28900
8800
8600
8000
29000
11900
14200
25200
11200
8500
14400
9800
9900
10400
10600
9800
9600
13900
10800
10100
13000
9800
10300
10700
10300
10500
11400
32600
10100
10900
11100
10600
11100
11400
13000
17200
12700
12500
11600
12700
12300
11700
33300
12300
12200
13900
14200
12200
12600
15000
18400
16100
65800
13100
14700
13400
13500
13300
15500
15300
13300
12400
12800
57700
16000
10900
43000
11000
11300
10000
13000
8600
7500
13600
107400
8400
4800
4700
4800
4800
14100
4600
4500
4800
15900
6300
8600
13700
6700
4800
10500
17900
6000
6500
6400
5900
6000
6100
6500
6000
6500
6400
6200
6400
6200
7000
9500
20900
6500
6500
6400
6500
33700
6500
6600
7600
7800
7700
6700
8600
6700
7000
8000
10700
8300
7400
7300
7200
7000
7200
7800
7200
7100
7400
7500
7500
8600
8800
12000
8600
7500
7200
7200
7200
7100
8700
33600
7400
7500
8700
9600
7600
10600
8900
94800
4400
4600
4700
4400
4600
13800
4500
4600
4400
15800
6600
10200
14200
6600
5100
9200
6000
5800
6200
6300
6200
5800
6000
6200
6100
5900
6000
6000
8800
6000
6300
6800
18500
6400
6400
8100
6400
6600
31200
6300
7700
7400
7300
9600
7600
6800
6800
8100
7300
8200
7400
7300
7200
7200
7200
7400
7100
7300
8200
7500
7400
11200
8700
18900
7400
7300
8400
8600
7400
7500
7400
10500
9300
37200
7600
8800
7900
9200
7800
96400
4600
4500
4600
4500
4500
13700
4400
13700
5400
15400
6400
6800
13600
6300
4900
10200
5600
5700
6100
6100
36300
5700
5900
6300
6000
6100
5700
34400
6300
5800
6700
6900
18100
6500
6400
6500
22900
6400
6500
7100
7600
7400
7400
6700
7400
6900
6900
7900
7100
8000
7300
7300
9900
7200
7300
7300
7300
7300
7400
8000
7500
8400
8700
18900
7100
7100
8500
11000
7300
7400
7400
8700
8600
36000
42800
8900
7700
8200
7600
81100
6200
4800
4400
4800
4700
4600
6700
11800
4700
4700
4700
7100
4700
4800
9000
11400
6400
5800
5700
5900
5600
6500
35200
5700
6000
6400
6100
5900
5800
5900
6000
9900
6500
7200
6300
6400
7300
6700
6500
6200
6500
6500
7100
6600
6800
6600
6700
7900
7700
7100
9800
7200
7500
7200
8300
7400
7300
7100
7300
7200
52900
7400
7600
9800
7300
7500
10800
29100
7200
7000
7800
31600
7200
7300
8000
7200
7200
7800
15400
83100
6100
4400
4600
6400
4600
14300
4600
4700
4500
6000
5800
4700
4800
6000
6100
10600
5600
8700
6100
5700
5700
5500
6200
5600
32200
5800
5800
6100
5700
5700
6500
6800
6300
6900
6100
9600
7100
6500
6400
6400
6800
6700
7200
6700
6600
6600
6700
7900
7100
7000
7400
7100
7100
9800
10800
6900
6800
6900
7700
7000
50500
6900
7100
14400
6900
10400
12800
35600
7200
7500
7400
37800
7600
9500
7100
6900
7000
7000
7100
170700
6300
4400
4700
11300
4600
14300
4300
4600
4300
5900
5700
4600
4400
5700
6100
7600
5400
5900
5900
5500
8300
5400
6000
5700
5500
5600
5600
6100
5800
5500
5700
6600
6100
6700
6200
6200
6200
6900
32900
9100
6600
7200
6500
6100
6300
6500
6400
7500
6900
6900
6700
6800
6900
6900
8000
7400
8600
7000
9700
7200
49000
7200
7000
9500
7500
6900
7800
28000
6700
6800
6900
32200
8000
7900
9600
6900
8200
7900
7900
160600
6800
4300
5200
7800
4400
16600
4300
4600
4400
6200
6200
4600
4500
6000
6100
9000
5500
5700
5800
5600
5400
5500
5800
5700
5400
8400
5700
5700
5700
5700
5400
6300
6100
6800
6100
6100
6200
6700
43700
6200
6300
6900
6400
9300
6300
6500
49100
7800
6900
7600
6800
9200
7700
6900
6900
6700
7000
7000
7600
10000
7200
7700
7200
9500
6800
6800
7900
27800
6700
6900
6800
29100
7000
9600
7200
6900
7100
7200
7100
145300
5700
4300
4500
6000
4400
14900
4200
5200
4300
8700
5700
4500
4500
5600
6000
7900
5200
6400
5900
26200
5600
5400
5900
5400
5600
5800
5500
8600
5700
5600
5500
6300
6200
6800
6200
6000
6300
6900
32700
6000
6300
7000
6500
6400
6100
6300
6500
7200
7300
7900
6900
6800
8000
28100
7000
7300
6900
6700
8000
7000
7000
10100
7200
7900
6900
6900
6800
6600
6900
6900
8500
6900
7000
7000
6900
6900
49000
10500
7200
146200
5500
4700
4500
6100
4500
12800
4300
4400
4300
5900
5700
4400
4400
8500
6000
8400
5900
5900
6100
5700
5700
5500
6100
5400
5600
5900
5600
6400
9400
5800
5700
6800
6300
6800
6300
6200
6300
7000
32100
6200
6200
7300
34100
9000
6500
6400
6400
7400
6600
8100
7000
6800
8100
6900
6900
7000
7000
7200
8000
7100
7100
10300
7200
8000
6800
6800
7000
6800
6900
6700
8800
7000
6900
7000
6700
7000
50300
6900
7100
145900
4800
4400
6000
11000
4400
4300
4500
11100
4600
4300
4700
4700
4500
7300
4800
8600
6100
6600
5500
5600
5700
7200
7200
5900
5400
6000
5900
6100
6200
6000
5600
7100
9600
7000
5900
6300
6300
6000
6400
6400
7000
39900
7000
7400
32900
6500
6500
10400
6900
7100
7100
8000
7300
8000
7200
7000
6900
70400
9400
7900
7900
10700
7200
9400
7300
8200
8100
7100
7000
6900
7000
7100
7100
6900
7200
7200
7600
7200
7200
144000
4900
4400
4500
6000
4800
5200
5700
7200
5100
4900
4600
4700
4900
4700
5000
11800
5600
5600
5400
6000
6000
5400
5700
5600
5400
5700
5600
6100
5600
5700
6200
6900
7000
6700
6100
8800
6200
6200
6300
6200
7100
38400
7500
7400
95200
7100
7100
8000
7600
10200
7300
8400
7400
8100
7100
6900
7300
69300
6900
7000
7100
7700
7100
12400
7000
7900
8100
6900
6800
6900
6900
6900
6800
7100
7000
7200
7500
7100
7200
144700
4600
4500
4300
5800
4500
4400
5800
6100
4600
4700
4400
4500
4400
4700
4700
7400
5700
5600
8100
5900
6000
5600
5500
5500
5600
5700
5600
6000
5800
5700
6100
6600
6800
33000
6000
6100
9000
6300
6100
6300
6400
7100
119000
7200
7100
7000
7800
8200
8300
6700
6800
10800
6800
8000
6800
8600
7300
69600
6900
8700
7400
8500
6900
9400
9500
8000
8100
7000
6700
7400
6900
6900
6700
7100
7000
7100
6800
7300
7100
142100
4500
6900
4400
5900
4500
4300
5800
5900
4600
4500
4600
4600
4400
4600
4600
7900
5500
5600
5400
5900
6600
6600
5500
6500
6400
6600
5500
6800
6600
5700
6700
7400
7500
6600
7100
7000
6200
7300
7000
7300
6100
9100
41300
7300
7200
7300
6300
7800
8000
7000
6900
8000
7100
6700
6900
6800
7900
149600
8200
8000
35200
8300
7000
10900
10100
14600
17600
92300
24600
12900
7800
7600
9500
8100
7900
8000
7500
9100
8500
152100
4700
4500
4400
9800
4800
4400
5800
5900
4700
4600
4500
4600
4500
4700
4700
8000
5700
5600
7800
6200
6100
5500
5700
5500
8400
5700
5500
6100
5800
5900
5900
6800
7100
6800
6300
6200
6300
6100
6100
6500
6400
7100
6400
9500
7100
6300
6500
8700
9700
7200
6500
6700
6800
7400
8200
7000
8000
44300
8000
8300
110200
7900
7200
7900
6700
8900
7200
8200
7100
8300
7100
6900
7100
72500
7300
7000
7100
7400
7200
145700
4900
4500
4700
5800
4500
4300
8600
6300
4600
4500
4600
4500
4500
4700
4500
9900
5700
6300
6300
6200
6100
5600
5500
6700
6200
6000
5600
9300
5900
5800
6300
6800
6800
6800
6400
6300
6300
6200
6300
6400
6400
7100
7100
7000
7100
7000
9100
8000
7800
9200
7100
9000
8300
7100
6900
6900
8000
39900
8000
8200
38400
7900
7300
8300
7000
6800
7200
9100
6900
9500
7300
7000
7100
74400
7500
6900
7300
12500
9000
195300
5600
6000
6200
4800
4400
4500
5100
7800
4500
4500
4700
4800
4500
4800
6500
9800
5700
5500
5500
5600
5600
5300
6500
5600
5700
5500
5700
8500
5700
5800
5900
6700
6200
9100
6400
28200
7400
6400
6200
6800
6400
6200
6400
6100
6400
9900
6800
7800
6900
7000
7000
6700
7900
8200
7100
7200
6900
7100
7000
7200
8300
8900
6900
11200
7200
9000
7200
8000
7000
7000
6900
7400
7100
7200
7000
7100
7100
7300
7100
146500
4800
4500
4200
4600
4300
4700
4600
14400
4400
20500
4900
18100
6000
4800
4700
8400
5800
5700
8300
5500
5600
5700
5800
6000
8800
5700
6400
5600
5700
5700
5500
6900
6000
7300
6000
105200
9700
6200
6200
6700
6400
6000
6400
6300
6400
6900
6200
7600
6700
6500
6500
6900
9000
8300
6700
10500
6900
6900
7400
7000
7100
9600
7600
8300
6800
6700
7000
8100
6800
7000
7000
7100
6900
9700
7000
7000
7000
7100
7200
143000
4700
4300
4400
4100
4300
5700
4400
11700
4500
17700
4300
19200
6000
4600
4400
9100
6700
5900
5400
5800
5500
5900
6100
5900
5700
5900
5700
5700
5600
5800
8300
6600
5900
7800
6700
6200
6200
6100
7000
27200
6300
6100
6400
6300
6500
6300
6500
10500
6900
6700
6700
6900
7600
14100
7000
17100
7400
7300
7700
7600
7600
11100
7600
8700
7200
10600
7600
9600
7300
7300
12600
20500
7500
7500
7600
7300
7500
7700
7900
176100
9000
6900
4700
8400
4700
4600
5000
19500
15500
18700
4700
17000
6700
4800
4700
9200
7100
5900
5700
5700
5600
5600
8600
6000
5800
5700
5700
5700
5900
5500
5800
6700
6300
7100
6200
6100
6300
6100
7000
6400
6100
6300
8900
6300
6300
6900
6500
7200
6800
7600
8300
28700
8000
6800
6900
7500
7700
6900
9800
6900
7100
8500
7200
8100
6800
6900
6800
8100
6900
6600
7000
7100
7100
7000
6900
7700
8200
8100
7200
145400
5500
4300
5000
5100
4200
5200
4400
13200
4200
21100
4300
17200
6700
7700
4800
8900
5900
5700
5600
5400
5700
6000
5900
5900
7200
5700
5800
5500
5800
5600
5500
6400
6100
7000
9000
6200
6400
6200
7100
6400
6100
6300
6400
6300
6300
6500
6500
7200
6700
7400
7000
29400
10400
7200
7000
7600
8300
7400
8400
7200
7200
8500
7300
7800
6900
7000
6900
7300
8100
11300
7100
7100
7000
7300
6900
7100
7100
8400
7200
144000
10500
5400
4400
4100
4300
4400
4300
12000
4400
18800
4700
16200
6200
4700
4500
8300
5900
5900
5400
5600
8300
5900
5600
6000
5800
100400
5700
5700
5800
5500
5700
6600
7000
7200
6100
6200
6400
6400
9700
6200
7700
6300
6400
6100
6500
6500
6400
9300
6900
7400
6800
28000
8700
7100
6600
10400
6900
8800
7200
7100
7500
8400
44800
7800
6700
6800
6600
6800
7900
8500
35400
6900
7000
7000
7000
7100
7000
8200
8000
142600
4600
4200
4500
5600
4400
7300
4300
4600
4300
4500
4500
4400
4500
4700
4600
9200
5400
5500
5600
5400
5600
5600
5300
5400
5700
5600
5400
6100
8500
6300
5900
6900
6100
6900
6200
6300
6100
6300
6700
6100
6200
6300
6800
6600
6600
6800
6200
10500
7000
6600
7000
6900
8400
8200
69600
7000
6800
7800
8100
7800
7200
7400
10800
9800
7000
7900
7000
8700
6900
7000
7300
7100
6900
8400
8600
7200
38200
7300
7100
143100
4900
4600
4400
6100
4300
11100
4700
4700
4500
4800
4600
4600
4800
4500
7500
8400
5600
5300
5700
5600
5300
5500
5900
5500
5900
5500
5500
5700
7200
5900
5800
6600
6100
6800
6000
8900
6300
6000
6700
6300
6400
6100
6800
7000
6400
6700
6400
8700
6900
6700
6500
6800
7700
10900
34900
7000
6900
7700
7800
8000
7100
7600
9500
9700
6600
8000
9400
8100
6900
6800
6900
7000
7000
8200
8100
7000
34600
7100
7100
153800
4300
4400
4400
6000
4400
10700
4300
4500
4600
4600
4600
4700
4400
4600
4500
8800
5600
5500
5500
5600
5500
5400
5700
5700
5900
5500
5600
5600
5800
5900
5700
6700
6200
6700
6600
6100
6300
6200
6000
6100
6400
6200
6400
9900
6500
8300
7000
7700
6600
6900
6700
6700
8500
8100
32500
6700
7000
7700
10400
8100
6900
7500
7700
9200
6800
7700
7000
8200
6900
7000
7200
6700
7000
10800
8000
7200
110600
7000
7200
140600
4700
4200
4500
5800
4500
10800
7300
4300
4600
4600
4300
4700
4600
4500
4700
8800
5500
5600
5700
5600
5300
5700
5700
41200
6300
17700
9100
6000
6500
6200
6300
8100
6700
6900
6700
6500
6700
6500
8700
6200
6200
6200
6400
7100
6500
7100
9700
7300
6800
7000
6800
6700
6600
6900
7700
7000
7000
6900
8000
7100
6900
8400
7000
11900
6900
7900
6800
8200
6800
7000
7100
6900
6900
8300
8300
7300
37300
7100
7000
139800
4600
4400
4200
5900
4200
10700
4400
4300
4300
4600
4600
4500
4600
4400
5100
10800
5600
5400
30700
5400
5300
5600
5700
5600
6100
5700
6800
5900
5700
5800
6100
7000
6200
9300
6100
6200
6300
6200
6200
6300
6400
6200
6600
7200
6600
7100
7100
7400
6800
6700
6700
6800
6900
7900
8500
7800
8200
6900
9600
7000
7100
10100
7000
9500
7700
6600
7600
8000
9200
11700
60000
7000
6800
8200
8200
8900
7100
6800
8300
139100
4500
7700
4400
5700
4400
11200
4200
4400
4600
4500
4600
4700
4300
4600
4500
7100
5500
5600
5500
5500
5500
5400
6300
8400
7200
5600
5600
5700
5400
5700
6500
6700
6200
6500
6300
6200
6300
6000
6300
6200
6300
6400
6400
6800
6200
9800
6800
7600
6700
6800
6800
7000
27900
6900
7500
6900
6900
7100
7800
7200
7200
11000
7100
7600
6700
6800
6600
6800
8000
8400
34300
6900
6700
8600
7800
10800
7000
6900
7900
141500
4500
5900
4600
6000
4300
4500
4800
4300
4600
5900
8600
4600
12600
4300
4700
10200
5500
5500
5600
5800
5900
5800
5700
5400
5500
6000
6400
5800
6000
8600
7100
7500
6300
42200
6700
6700
8200
7600
6800
6500
7100
6900
7100
7700
7800
8000
6700
11800
8700
7000
6900
7700
8000
7000
6900
7100
8000
7000
7000
7100
7200
29900
8300
11300
7200
6800
7500
8200
8600
7100
6900
7300
7200
7000
7200
7000
7100
7100
7300
145000
4700
4600
4500
6000
5000
4500
4900
7100
4900
17000
6400
4900
4800
22900
4800
8400
6000
5900
5700
5700
5500
5700
5600
5800
5400
5800
6200
5700
5800
5900
6100
8000
6300
32900
6100
6100
6100
6900
6300
6000
6300
6300
6400
8600
7800
6400
6400
8700
6600
11100
6800
15500
10400
11000
9800
10000
12200
7000
7500
7200
7000
29800
8400
8500
7000
6900
6900
11100
8600
7000
6800
7100
7000
8400
7300
7000
7100
7100
7200
141300
4500
4300
7200
6900
5100
4400
4500
6600
4700
16100
6400
4600
4800
19300
4600
8500
5900
5700
8600
5500
5500
5600
5500
5500
5800
6900
6100
5500
5800
5700
5700
7300
6200
29400
6400
6800
6900
6400
8900
6400
6200
6400
6800
7000
7100
6600
6300
8800
6700
6700
7200
7800
7800
7000
6900
9500
7900
6900
6900
7000
7000
33900
91400
24600
14100
13800
13700
18300
16200
20200
28100
14000
15600
13200
13100
13500
13100
13000
13200
242500
9600
8100
8300
11200
9000
8200
8400
17700
9100
35300
13300
8800
8700
37500
8900
15700
15000
10800
10800
10100
10000
9700
10000
14600
10600
10100
11100
10200
10200
10300
10300
13000
11300
46900
11900
12500
12900
12000
12000
12000
11800
11900
17100
13100
14900
11500
11900
13700
12500
12500
11900
12400
12100
14900
12900
13000
12900
12900
12600
19400
14600
49200
13400
15300
12800
12100
12800
15900
17100
14700
13300
13400
12700
13200
13000
17100
12900
12400
13000
230800
9000
7900
7900
12700
8700
8300
8200
12300
8700
31700
15600
8900
8600
37900
9200
15200
10600
10500
10200
10100
9300
10300
9700
9800
10000
10100
10900
10000
10500
14500
10200
14500
10800
47600
11000
12100
12000
11400
10600
10800
11000
11100
10900
11900
11700
10900
11100
17300
11800
11600
11500
11600
11500
13200
12000
12000
12000
12300
12300
13500
14100
41000
12300
15400
15500
11600
11500
13800
13400
11800
11800
11900
13500
11900
12000
11700
12000
14100
13800
226300
9300
7600
8000
10100
8400
7700
7800
11600
8200
29700
11000
8300
7800
40600
9400
14000
10900
10700
9300
11900
10300
9300
11200
11000
10600
9700
11800
10600
10700
9400
11000
14000
10000
46300
11700
12200
12100
11100
10900
11100
10800
72400
12200
14900
12600
11900
11600
14100
12700
15300
11000
11500
11100
13200
11900
11700
12000
11600
12200
13900
13600
43500
15300
18400
13500
18000
13500
15700
18000
13600
13400
13700
16100
12500
12500
191500
13800
14900
18900
220500
9600
8200
7700
9900
10000
7700
7600
7200
8000
8700
8100
9300
7800
8300
8300
18100
11200
9800
9800
10200
9600
10000
10000
13800
10400
10400
9800
9100
10200
9900
10000
10600
10200
54900
13200
11700
10100
10400
10500
11300
10500
11000
11100
11900
11800
10700
12400
13800
11900
13900
11900
21900
12300
12200
12200
13900
12200
12000
12400
12400
12700
48900
13000
17200
12200
11700
12400
12300
17600
12300
12300
15000
12500
12000
12500
12200
17600
12600
12900
223100
9400
10800
8000
50800
8200
10600
10400
7900
13500
8400
10800
8300
8600
8400
11000
14300
9600
9600
9400
9500
9300
18200
13200
13800
12500
17600
16500
15500
17500
16300
11400
15000
11000
50500
13100
13600
11300
11500
11500
12800
16600
11600
11000
12700
11600
11800
12600
14300
12400
14300
12600
14000
12200
12100
12200
13600
12300
16500
12700
12300
13200
47800
13500
17200
12400
11900
12300
12100
12200
12000
12700
15700
15400
13400
12700
18300
16300
13700
13900
230300
9700
10600
8600
30700
8200
10200
10400
7900
15600
8700
12300
9100
8300
8600
10800
13600
9800
9600
9400
9600
9900
10000
9300
13400
9900
11000
10700
9700
14700
10100
10000
12900
11000
48900
11000
12800
11700
11600
11600
12600
12300
11000
11000
11300
11400
11400
11100
19100
12900
14500
14800
13400
13100
13200
13000
14000
12900
12900
12800
13800
13900
45600
13500
22500
12600
14200
12600
12800
12900
12700
13200
15400
12500
15400
15400
13600
15300
13300
13600
230900
9700
10800
8000
18700
7800
10200
10400
8300
12900
8200
10500
8700
8200
8400
15700
14200
9400
9500
9400
9400
9500
9800
9700
10100
9700
22700
10600
10000
9600
10000
10000
12300
10600
45200
10300
15800
10800
13200
10800
12200
13000
10500
11000
10900
11500
10900
11100
13400
11600
13100
13000
11800
11500
15500
11900
13100
12100
13400
12200
14300
12300
42400
15700
16900
14700
12200
11900
12100
12200
16400
12500
14100
12700
12300
12100
12400
14900
12300
12800
221400
9200
10400
8300
18700
12000
10700
10300
7800
10400
8000
10400
8000
8200
8500
10400
14600
9600
9400
9300
9300
13600
10000
10800
11200
10400
10000
10300
10700
11200
13100
9700
14500
11100
46700
16600
12600
11700
10700
11600
12500
12300
11300
11600
11300
11700
11300
11500
12900
13500
15800
14900
13800
17600
13700
13300
17100
13300
14200
13900
15800
14300
44900
15500
15600
13400
15400
13500
15100
16000
13100
13000
15600
14000
14100
14100
13600
14600
13700
13800
252400
8400
10900
8800
23100
8700
10800
10700
8600
10900
8700
10900
8800
10800
8800
11200
12600
9400
9900
9700
10100
10000
13500
44000
11000
9800
10600
10800
9700
9800
10200
10700
12200
10600
44700
11100
12400
11600
11100
17100
12000
13600
11500
11600
17000
12100
11900
11600
14000
12300
13900
17100
12600
14300
12800
13800
17100
14800
14200
15300
17400
14300
46700
17200
17600
14600
17500
13400
17700
14700
14800
13500
19400
14000
12900
12500
13100
14200
14000
14200
264300
9100
8800
8600
8900
8800
8600
8400
15200
8600
8300
8800
8500
11500
8800
9000
15000
11000
10600
10100
10100
9800
9900
11200
13500
11400
11000
15000
11600
11300
11500
12700
14300
13000
48200
14400
48800
13700
13500
13100
12300
13100
13500
13400
13400
16100
13700
91300
14400
16500
14500
13800
13300
13700
14800
13700
15200
13900
14000
18900
14300
14300
44100
14700
16400
15300
14100
23600
15600
13700
13700
13600
13600
14200
13800
14300
13900
17700
16400
14100
246100
9400
8400
8300
16900
8000
8400
7800
8200
7900
10700
9500
8500
15000
8100
8300
14000
10400
10000
9600
9800
10500
9800
10000
10300
10200
12000
10500
10100
11000
9500
10100
11900
15700
45900
11600
39900
10900
11100
11000
11100
11400
11200
11200
10900
11600
12800
169300
18500
13900
13500
12800
12500
12600
12600
12600
13800
12700
12300
14200
12400
12800
43000
13200
14900
14600
18000
14500
14300
12800
12500
12500
12700
12900
13400
12800
12500
12600
14600
12700
227400
13900
8200
8100
18300
8200
8100
8100
8200
8200
12700
8400
8500
10900
8400
8700
13400
9700
9700
9500
9900
9600
14300
9500
10000
11400
10900
11000
10800
14100
79500
10900
11800
12900
47600
43600
12200
15800
12200
12100
12500
12400
11900
12100
12700
12700
13800
13400
17200
14600
14100
12400
13200
13700
13600
16900
14800
13900
13600
15600
13400
13200
44500
14200
15700
12800
13600
15700
38800
14000
13900
13900
17600
14200
14000
14200
13500
12800
15500
14900
243100
9900
10100
8500
18300
8600
8500
8500
8700
8400
15500
8600
8700
11100
8800
8700
14100
10000
10200
10100
10200
9700
9700
9900
9800
9700
9800
11100
10100
14900
10000
10100
11200
11600
47100
11800
10900
11000
11200
11100
11200
10700
10900
11800
11300
11300
12400
12600
17800
13500
12300
12400
41800
14000
13400
13200
13100
14000
13800
13400
13000
13100
44600
191200
17200
13600
13800
15700
15200
16000
13800
13900
14800
14100
14200
13200
12400
13900
15300
17500
257100
9900
8500
9200
18300
8800
8800
8800
9000
8700
11500
8700
8800
11100
8600
9300
18500
10300
12400
10700
10700
10700
10800
11000
11000
11100
11000
10500
10100
10800
12500
10700
12300
12300
45100
12400
15200
11500
11900
12100
12100
11900
11900
11800
12100
11900
13400
13300
13700
14000
12800
12700
41600
16000
14000
12300
12400
12100
12700
12300
12500
12700
44600
82200
16400
14300
14100
12200
20600
13900
12900
13300
14400
15300
12400
14300
12600
12600
12700
13100
251700
9700
8100
8300
22700
8700
8400
9100
8800
8600
12400
8900
9200
18200
8400
12400
16400
14600
16400
17100
17100
15800
10700
10900
10600
15600
11100
11300
10900
11300
11200
11200
12300
11900
47200
12400
44200
12200
13200
11500
11500
11700
11500
15600
12400
11500
13900
12500
14000
13600
12800
13000
45300
16600
12600
12900
14300
12900
12900
13000
17100
12700
43100
167900
14900
13500
13700
11600
12100
12000
13700
11500
13600
16000
11800
14700
12700
12600
13200
12900
229500
9600
10400
10700
10100
7800
7700
8000
7700
8300
11100
7400
9100
8200
10200
8000
