108500
1093500
7100
5800
34200
7800
82000
7200
7200
7200
7300
7500
47000
7900
8000
8500
131700
38900
32000
48300
10400
48500
11400
10600
11000
17500
108300
11800
11500
11500
12600
12400
63700
134200
21400
14200
181800
14700
99800
14700
14900
15600
15000
15100
15500
291800
16400
16600
87100
18600
178000
206400
18400
19200
18400
19000
257600
20200
19100
19700
20100
204100
22700
20700
49400
132700
92200
84900
24600
226200
38100
35300
35200
278700
240000
32200
31600
35200
39700
43500
50500
25400
8700
7900
9000
93100
11300
10000
41700
9700
15600
9800
12200
10000
10600
11300
85600
32900
18100
35900
13500
36800
14600
22500
14700
16400
81200
15000
15200
15900
16000
15900
62500
143300
24200
18800
164500
19400
94900
20600
20000
20500
23800
19900
21000
226600
22000
22400
93000
24000
155800
187400
24000
24300
23900
24700
230500
27100
26500
25600
25300
223400
27400
27400
36700
114800
71800
80000
33700
70100
32800
32800
40100
143100
142200
16200
16700
27500
15300
20100
26700
11000
6100
4800
5400
12700
5100
4900
12200
5100
6300
5000
6600
5000
5400
5100
30400
35600
8700
7500
27900
11900
48700
8100
7600
7600
41800
8000
32200
8000
8800
7900
39500
73100
15100
10300
107300
10300
50300
10200
10100
10800
10200
10600
11100
170400
12100
10900
55900
13100
83500
98400
12400
13000
13200
12000
126700
16100
13200
13300
12800
131900
14500
12700
22900
108100
46200
51100
18400
43500
17900
23900
17400
113700
103600
15400
18800
21800
15100
20900
6400
28100
5500
4400
6200
28100
4600
6000
32400
6300
5700
6000
6100
4900
6300
8800
10800
45300
15000
15000
11300
10700
30000
7600
14700
19400
8100
9300
54400
7900
8200
7900
58300
27700
21000
19400
10500
19400
9800
9800
9700
12200
78000
10200
10500
9900
10800
26900
50800
13200
61700
79900
12800
12600
12600
12600
104500
13700
13600
15200
13800
113900
13100
13200
23200
67400
45800
43900
17700
43400
24900
17700
19700
90500
109900
15400
14800
18300
16100
21100
15100
12100
5200
4500
4900
19400
5000
4600
21500
4800
5600
4300
6200
4800
5200
4800
20300
35600
7400
7000
11300
9300
28600
7600
7400
7500
8100
7400
40100
7700
8100
7600
48300
37800
14100
21800
16000
19900
11000
10000
9800
12100
62900
10100
10300
10800
10600
66200
49500
79100
16800
38700
74000
12600
42600
13300
12600
13400
12800
13100
12500
126100
13400
13600
26000
64900
44600
45200
18100
46800
17500
17700
17700
94600
106300
14600
15400
17600
15000
18700
17800
17800
5700
19600
5200
4300
4800
4600
5000
4500
13000
4900
6700
5000
5100
5300
8000
20000
16100
16900
10900
9700
29400
7500
7400
20900
41300
13300
16400
7500
8200
8200
37300
18600
15400
44100
10200
19700
10500
10200
51000
19200
37100
9400
10500
10700
10300
10100
32500
74400
18400
13400
81900
13600
60100
28400
12900
13500
16300
13900
13100
147700
17200
15200
59800
14900
62900
83200
19400
15900
15100
15100
107800
22900
16300
15200
15600
107400
15500
15700
17500
12000
11900
335000
31100
23300
16700
16300
16800
16800
16200
16700
17000
16800
16900
17000
21200
18500
19400
18500
18100
15200
10900
11200
15200
11500
94400
15800
10500
12100
12100
10700
15300
14200
14100
55000
12000
12800
16400
14100
11700
12200
11600
13700
12000
11800
12300
11800
24200
18400
12900
13200
12700
13100
18600
15700
13400
13300
66000
15100
13000
13400
12900
16000
182800
16000
11000
12800
21000
11600
13600
11800
14000
18600
11600
11100
11900
11500
11300
11700
18100
8400
8500
8500
8600
8900
10900
12700
13300
65100
16600
17400
10700
12100
13700
14200
14300
11300
18100
10400
10400
11800
11400
10200
10500
10400
51200
10600
10500
11500
11200
10600
13400
13800
20000
42300
13400
13800
12700
15400
12500
13100
12600
13700
12900
12400
13100
12800
15800
21200
13800
14000
13300
13800
15200
16900
13800
13900
64100
16500
14200
14200
13900
21100
174300
15900
11800
18100
20800
11300
13300
11500
13800
18200
16000
11300
11800
12800
12100
12100
13500
8900
8500
8300
9000
8500
9900
17700
8900
8800
9000
8500
9700
9800
15300
10200
11300
10800
11000
59600
12200
10800
51500
11000
10700
10600
11200
10800
11200
10700
11100
12300
17300
15600
15100
45500
14000
14800
14500
14700
13500
12900
13700
16200
15300
18200
13300
12500
15500
16500
14900
14200
13400
13800
15500
17500
13900
14200
62800
20600
16200
15900
13700
17300
174500
16000
11200
12900
20300
11400
18200
14700
15100
26100
17200
16500
18700
17700
17400
11900
13500
8700
8700
8800
10200
8800
10700
9700
8500
9200
13200
8700
9900
9700
9400
9500
11400
10500
11400
45100
11900
10600
10800
10600
10700
11800
14700
22600
17900
15600
17200
11500
13900
11600
12600
11100
11600
12500
12400
41300
8100
7900
46100
8200
7800
13000
8200
7900
12600
13300
8400
7800
7700
7600
9600
9500
12700
8000
43500
9700
8000
8000
8000
9800
107600
10100
6800
11000
14800
5200
7100
5400
7300
11600
5000
5200
5700
5000
5900
5900
10300
6100
6800
6400
10300
6100
6400
7000
6500
6100
6100
6400
7600
7500
6800
6800
7600
7400
6900
30500
6800
11300
7000
8400
7100
6800
7100
7200
9600
7600
7000
7200
9200
7600
8800
7600
7600
13100
7800
7400
8000
8300
36500
7600
7900
8900
7900
8000
9100
9000
7800
34300
7400
9200
8000
8800
7700
43200
8000
8900
8400
8000
7900
7900
107900
9900
4900
6600
14200
5000
6800
5200
7000
11800
5100
5100
6000
9700
5000
5200
10000
6100
6200
6100
6200
6000
6200
6700
6300
6000
6200
6300
6700
6900
6800
7200
7500
11100
6900
33000
7000
6800
6700
7200
8300
7000
6900
6900
7100
7900
7900
8100
8900
7600
13000
21800
7500
8400
7700
7600
7700
7500
36200
7700
7800
8800
7600
7900
13500
9300
7700
30100
7600
9800
7700
10700
7800
7600
10300
8800
7700
42500
7900
7900
107200
7800
5100
5000
4800
9500
6600
6700
5000
5200
18500
7400
5300
5200
5100
7500
11100
6100
6300
6300
6200
7600
6300
6300
7100
6200
6500
11700
6600
6500
6700
6500
8300
7800
8800
9000
6800
7000
7100
7700
7100
7800
7800
7000
6800
7100
7200
7500
8900
7500
34100
7700
25400
7700
7600
7700
7700
7900
8400
52500
9500
9100
61200
9100
10800
8000
7600
9200
10800
12100
9000
7800
9000
7900
7900
64500
7900
8200
7900
8100
107100
5200
5100
5000
5300
6800
5300
6700
5100
5500
17000
5700
6800
5300
13600
5300
10000
6400
6700
6300
7800
7200
6300
6300
6200
6700
8000
6500
6200
6100
6900
6600
8200
7100
6800
12500
8700
6900
7100
11200
6900
7700
7800
7000
6800
7000
7100
7300
8300
8100
34000
11700
25100
7600
7400
7600
7500
7800
8800
47700
11400
8000
52300
12900
11500
7700
7400
8900
8500
7600
8700
9900
9000
7800
7700
74000
7800
10900
8100
8400
104000
5200
4800
4800
5200
6500
5100
6500
9600
5400
15700
5300
5200
5400
14500
5300
10400
6400
6400
6300
6700
6800
6100
6300
6400
7200
8200
6400
7900
9800
8200
7700
10500
7000
8000
8000
7900
9300
7900
8100
9000
8600
8000
9000
8200
11900
8200
7100
10100
7600
34800
7400
24700
7400
8200
7600
7700
7700
7600
52100
9600
7800
52800
9000
10100
8000
7600
8900
9000
7500
13400
7800
8800
7700
7600
65500
10300
8700
8300
9100
107900
5100
4700
4900
5100
6600
5100
6400
5500
5400
18000
5500
6300
5200
13900
5700
10400
11000
23500
6400
6500
7700
6500
6900
6300
6600
6200
6400
6400
6200
6700
7400
8300
6900
6800
6800
12700
7000
6700
8400
7700
7000
7100
7700
7400
7200
7800
91500
13500
7600
8000
9200
7600
8100
10000
8800
9800
8600
9300
33300
7900
12300
7600
8000
10000
9500
7700
8700
8500
7500
8900
7600
9000
7800
7600
67600
7900
8300
7600
8000
101800
6300
5400
4900
4900
7100
5000
11000
5000
5100
15600
5000
5300
5300
12900
5300
9700
7700
6100
6200
6700
33900
10900
6200
6400
7000
6500
7600
6600
6500
7000
6600
7100
6700
7300
7200
6900
6700
6900
7000
8400
7100
11400
7900
7300
7000
8000
7100
9300
8100
7600
9300
7400
7600
7800
8500
7700
8700
9400
7800
7600
8000
7900
8100
8900
7600
33500
34500
25000
12400
7900
8800
7700
8000
7900
47900
10000
8000
56100
9300
105500
4800
5100
5200
5000
6700
4900
6400
5200
5200
15900
5300
5000
5400
13500
9600
9400
6500
6000
6200
7700
6500
6200
6100
6300
6700
6400
6800
6300
7300
7400
6200
7100
6700
7600
11200
6700
13100
7000
6800
7800
6900
7000
7800
7100
43600
7700
7300
8900
7400
7600
13400
7400
7600
7800
8600
8300
8600
8800
7500
7600
7900
7700
7800
8800
7700
37500
8000
25900
7700
27700
7900
7600
7700
7800
50300
9900
12400
53000
9100
87600
5200
12700
6400
6200
5100
6300
5100
10600
5300
5200
19400
5800
5200
6600
5500
10500
6200
6600
37900
6600
6200
6300
10900
6400
6100
6400
6300
6300
6300
6900
6500
8100
6800
7000
7500
35400
7600
8500
7100
11400
7300
7100
8100
7900
7700
47800
8000
8700
7900
7500
7700
7500
7600
8600
11800
8100
8000
7700
8100
9000
9500
8100
7900
9600
8800
7600
24000
9000
13700
45200
10600
8000
43400
9000
10200
8200
39100
7900
7700
89300
7200
5300
5100
13800
5000
5300
18100
5200
5400
5100
5300
5400
5300
5400
7600
9100
8300
6300
7500
6900
6200
6300
6300
6400
6100
6800
6400
6300
6200
7800
45000
8700
11000
7000
8900
36100
7800
6800
7000
7000
7000
9200
8100
7800
7000
47700
12400
8500
7700
7500
7400
7400
7600
8500
7700
7900
7800
7700
7900
9700
10700
8200
7700
14100
8800
7400
24700
9000
9100
47100
9800
7900
42700
9000
8600
9000
42700
9100
7800
90200
8400
6100
4800
15300
5100
9800
17600
5200
5200
5100
5300
5300
5200
5400
6900
8900
7600
6500
6400
6800
6500
6100
6300
6300
10800
7000
73100
6500
6500
6500
6300
8100
7000
7800
37800
11700
7000
7100
7000
7200
7100
6900
7100
7100
7200
8000
7000
8200
8300
7500
7600
7800
7700
8500
11800
8500
7700
7800
7800
9400
8700
8300
7900
9100
8600
7700
22700
9000
13400
46000
9500
7700
40500
8000
7700
7800
40200
8100
7600
84000
6500
5100
4900
13000
4900
5000
17100
4900
5100
5100
5100
5300
5100
5400
12300
8800
7000
6300
6200
6700
6100
6300
6200
6400
6200
6900
6700
6300
6200
6700
6600
7900
7100
7400
59900
8300
9000
7000
7100
7100
7000
6900
7100
6900
7200
7800
7000
9900
9000
7700
12900
53600
8800
12200
12300
12100
10200
11400
14800
9600
7900
45200
14000
9700
10800
7700
22500
8900
8900
43700
9400
7700
43400
7700
7700
7800
52000
12100
10800
89800
11400
6100
4700
15100
5000
10600
25700
5000
5700
5300
5300
5200
5200
5300
6900
8700
6900
6700
6400
6800
6500
11000
6400
6300
6100
7300
6400
6400
6300
6400
6500
9800
12800
7700
42800
9400
9100
7000
7400
7200
7200
7000
7200
7200
7200
7900
42000
9200
8000
7700
8400
60400
8600
7900
12500
8100
7800
7600
8900
9200
8000
53200
9100
10500
22000
7900
12400
36700
7800
9200
7800
36300
7800
7900
8000
9600
9200
8100
12300
85700
6500
5200
4900
24900
5000
5000
15600
4900
5200
5100
5200
5300
5100
5700
11300
9600
6600
6200
6200
6600
6100
6600
6100
6000
6100
6700
6500
6200
6400
7100
6300
12100
6900
7400
34200
7400
7100
7100
6900
29800
7000
7200
7200
7200
7100
7700
11200
8700
7600
7600
8300
33400
8400
7800
7600
7500
8100
8100
9900
8700
7700
48500
9000
8600
27100
7500
7600
25300
8100
9000
7600
7800
7700
12100
7600
9100
9400
8000
7900
86300
6500
4800
14200
6500
6700
17500
7200
5100
11900
5000
5500
5300
11500
5100
5000
9900
6300
6000
6900
6200
6100
6100
6800
10900
6600
6200
18800
6500
6800
6400
6400
7400
7400
7200
6900
7000
8500
6900
6900
6900
7600
47200
7700
7300
7300
7000
7300
8400
7700
7500
7700
14900
12200
7800
9600
15900
7800
7500
7700
7600
13600
8000
8900
9100
7800
8700
7600
34800
23300
7700
7700
9000
8800
8900
9200
7700
9100
7900
7900
85800
5200
6800
4900
5200
5000
5100
5600
12900
13000
5300
14000
5500
5400
16100
5000
9200
6200
5800
5900
6100
6100
6000
6300
6300
6400
6100
6400
10900
7200
6700
6600
7900
7400
6800
8200
7000
6800
6700
6800
6900
7700
43100
7900
15300
11300
7100
7300
8200
7300
7400
7200
8400
7300
7600
7600
7400
7500
7700
7800
7800
7500
7800
8600
10900
8700
9700
8700
37800
25100
7600
8600
10900
10500
9900
10100
12100
9500
8000
7700
91300
4900
6700
5000
4900
5100
4900
4900
6300
10300
5000
9400
4900
5100
14800
5100
9300
6200
6200
6300
6100
6200
6200
6400
6200
6500
6300
6300
6300
7000
7200
26500
8500
7000
6700
8000
7000
8200
6500
7400
15400
7000
7000
7500
7000
8000
49500
7700
20200
11900
9600
7500
8300
7700
7500
7300
7500
7800
7300
7700
8300
7800
7600
8800
8800
7500
13200
7600
34000
22900
8200
7600
8400
10300
9300
7800
7500
8800
7900
11700
85800
5100
6600
4800
5000
5100
5000
4900
6100
10200
5000
4800
5400
5100
18400
5000
8900
6800
6100
6300
6300
6400
6200
6200
6300
6400
6100
6500
6400
6900
6800
6700
7200
6800
11100
6800
8300
7000
6900
7500
7000
6900
6900
7200
7200
7600
7000
7100
8600
8200
7400
7200
7500
11800
7600
7500
7500
8600
43600
8400
7900
7800
7700
8100
8700
7600
8400
9300
41500
23200
7500
7800
8700
8700
9100
7800
9100
9100
7900
7700
89600
4800
6800
5000
4900
5200
4900
4700
6200
10200
4800
5100
5200
5000
14000
5200
13100
6200
6200
6200
6300
6100
6200
6200
6300
6200
6200
6400
6300
6900
7000
7000
7200
6800
6900
18900
6800
11200
8400
7700
7000
7100
6700
31600
7000
7800
7100
7000
8200
8300
7700
7500
7700
11800
7700
8000
7500
8900
41500
8700
7900
7700
7800
20700
24100
7600
7300
11700
8800
7600
7700
8100
7600
7700
7500
8100
7700
7800
8000
9000
86900
10800
6400
5000
5000
5000
5000
4900
6400
10000
5100
4800
5100
5200
13700
5200
28300
6200
10300
6300
6000
6600
6200
6200
6000
6300
6300
5900
6000
6700
6800
6800
7000
6800
6700
6800
6900
6900
8200
7800
6800
7100
7500
7200
7000
8100
7300
7600
7900
8500
7500
7600
8600
7500
7400
7600
7600
13000
41900
8600
7800
7800
7800
7800
8400
7500
7300
9200
8700
7800
7500
7700
11900
7900
7400
7700
7800
7800
7700
8800
84600
4900
6400
4800
18100
8900
4800
5200
10500
6300
6200
5000
5000
6600
5300
14000
9700
33100
6000
6100
6800
10700
6100
6600
6200
6100
6600
6600
6700
6500
6200
6800
7500
7800
7500
6900
6900
7600
7300
7500
7500
12000
7100
7100
7100
8100
7700
7200
8300
7800
8600
7600
8900
7800
9000
7800
7600
12000
10900
35700
8900
7900
9100
8200
9500
9200
9100
8000
8800
12600
9600
8000
9300
7800
8000
8000
8000
49100
9500
8000
92100
6400
5300
6200
5400
5300
6800
5000
5100
10900
5400
6700
5400
7500
5400
5400
9300
6500
11100
6200
6300
6100
6200
6100
6300
6400
16400
6200
6800
6400
6300
31300
7300
7400
7500
6800
11100
6900
6700
7600
7100
7600
7000
7100
7200
8200
7700
6900
8500
7500
8300
7700
8400
11700
8900
7600
8100
7800
8700
36200
8900
8000
7900
7900
9200
9100
13500
7900
7800
7700
9000
7800
9300
10000
7900
7700
7900
70500
9400
9700
88300
6600
5900
5100
6300
6100
7700
6200
6000
11500
15400
8000
6500
8200
11200
5400
9300
6100
7100
6300
6300
6200
6000
6200
6300
6300
6300
6300
6300
6300
6200
6300
7100
35500
6800
6900
7700
7500
7000
8000
7100
6900
7600
6900
8500
7000
7200
8100
8800
11700
8300
7700
8500
7800
8700
7800
7500
7700
8700
36800
8900
7900
7800
7700
13700
8700
9100
7700
7500
7800
9000
7700
18100
8300
7900
7600
7600
51900
9000
7900
94600
5700
4800
4900
5200
6100
6600
5200
5000
10600
4900
11000
5400
6800
5400
5200
8400
6400
7300
6300
6400
6000
115900
6200
6100
6300
6300
10900
6200
6700
13700
6500
7300
32200
6800
6800
7500
7500
6800
7900
7200
7100
7700
7300
12500
7400
7100
8100
8300
38500
8900
7900
7800
7600
7800
8600
8100
8800
7800
19500
12400
9600
8800
8000
9100
9000
8900
7900
7700
7800
9000
7600
9200
12300
7800
7800
8400
47200
9200
8400
88800
5300
4800
5200
5200
4900
11300
5300
4900
10900
5200
6800
5200
7000
7400
5300
9600
6500
6600
6300
6500
6000
6100
6200
6800
6300
6300
6200
6100
7100
7100
6400
7200
30800
6800
6900
7600
7400
6800
7800
6900
7300
12000
7200
7800
7100
8300
18200
8300
8500
8700
7400
7600
7600
7700
8500
7700
8600
12000
7800
7700
9800
8700
126000
9000
7500
9000
7700
9000
8400
13900
7900
7600
8000
9000
35100
18300
8000
8000
12100
84100
5400
5300
5100
5200
4900
6700
5300
4900
10300
5100
8400
5200
6900
9500
5100
8500
6200
6500
6200
6200
6200
6300
6300
6100
6400
6300
6100
6200
6400
6300
6400
7200
35400
14100
8000
7700
7300
7000
7400
7000
6800
7400
6900
7700
7300
7100
7700
8800
8500
12400
7600
7500
7500
7500
8300
7800
8400
7600
7700
7400
9700
16200
8000
8600
31300
8800
7600
8600
7800
9300
7700
7400
7900
9200
44000
10200
12100
7900
7700
85900
6500
6500
5000
5100
5000
6700
5200
6500
5200
5300
5000
9600
13700
6800
5200
17000
10900
6000
6000
6100
16600
6300
6100
6000
40400
6300
11500
6500
6100
6800
7000
7700
6900
6700
7000
6500
6800
6900
6800
6700
7000
7000
6800
7000
8800
8700
12300
8800
7600
7500
7500
8100
9500
7800
7400
7400
7600
8600
7800
8700
9000
7600
8000
13600
9000
7600
7600
22100
7600
7600
7700
7500
33700
7700
7600
7900
34300
7900
7700
84200
4900
5000
19100
5100
6300
5000
4900
4800
10500
5000
4800
7000
5100
5400
17000
13500
10300
6700
6400
6400
6100
6200
6500
6200
6000
6300
6300
6100
6700
6500
121200
11800
6800
6700
6500
6800
22000
12800
30300
11500
10200
11100
10100
10200
12600
8000
8300
9100
11200
7400
7500
7500
7400
7500
7300
7600
7700
8600
7800
8500
8600
7700
8000
9200
8800
7900
23000
24900
7700
7400
7500
7800
34000
7500
7700
7700
30800
7800
7700
92800
4800
5800
10900
6100
4700
5900
4800
6000
11300
6100
4900
8800
5000
6300
13300
10800
7200
6300
6100
11100
6200
6200
6200
6200
6100
6800
6100
6100
6700
6400
6200
7900
6800
6500
6700
7200
6500
6900
6900
11300
39600
6700
7600
7000
7000
9400
7800
8400
7400
7200
7700
7400
7800
7400
20000
12200
7600
8500
7700
8600
8800
7700
7800
8800
8600
7600
7400
22100
7300
7300
12500
7700
32700
7600
7700
7700
29900
7600
7700
86400
5200
4800
9900
4600
9100
4700
4900
5000
19900
4800
5000
6500
5000
5200
11700
9800
6000
6500
6300
6500
6200
6000
6700
6100
10900
6700
6300
6200
6600
6200
6400
8600
6700
6800
6800
6500
6500
6800
6800
6800
39700
7000
13100
7000
7000
7900
7800
8100
7500
7600
7300
7500
7700
7600
7600
7600
7700
7600
7700
7600
13500
8600
8700
9000
8700
7700
7300
21500
7700
7600
8100
7700
118500
12100
7900
9100
30900
7700
7800
85700
4800
4600
9700
5600
4800
4600
4900
4700
10100
5000
9200
6300
5100
5300
12500
23000
5900
6400
6300
6300
6000
7000
6400
6100
5900
6200
6200
6200
6700
11700
6400
9200
6900
6800
6600
6700
6800
31000
6900
6900
38900
7100
7400
7000
11300
7700
7700
131900
11200
7300
7900
7500
7200
7400
7300
7400
7200
15400
7700
7700
10100
12800
8500
8900
7600
7500
7300
7400
7300
7500
7300
7200
7500
8500
7600
8900
8600
12200
7800
82300
4900
4600
10300
4400
4800
4900
4900
4800
9900
4700
4800
6500
5300
4900
13800
9900
5900
6200
7500
6300
5800
6000
6200
5800
6000
6000
5900
5900
6400
6200
6500
7600
25400
6600
6300
6500
6600
6600
6500
6800
38700
6700
7200
6500
6900
7400
8600
8100
7400
7300
7400
7100
37100
7400
7100
7300
7500
7500
7200
7400
8200
9900
8800
8600
7800
7200
7300
11900
7400
7200
7400
7300
7400
9500
7600
18100
9000
7400
7600
83100
6100
5000
4600
12800
4900
4900
4700
9600
10300
5000
5200
4800
10500
5000
4900
20000
6700
6900
8000
5900
5300
16700
11000
5800
6800
6900
6200
6400
6000
6900
6700
7900
6500
6800
7600
6900
6500
6700
6700
6800
6600
127000
7200
7000
6800
8200
7100
10200
7800
8700
8400
7400
8400
7200
7500
9900
11800
36500
8400
7700
7700
7600
41600
9200
7600
9000
8000
7800
12000
7700
7800
7500
7700
9200
42600
7800
8900
7900
7900
83200
10900
5200
5000
6600
5200
4900
5100
6400
15500
6600
6700
5200
26500
5300
6400
13700
6100
6000
5700
15800
5900
6200
6000
6500
6400
6100
6200
6100
6600
6000
6300
7400
6400
6300
10900
6500
6500
6300
6600
6500
6800
125600
6800
6700
6800
7800
6900
8200
7200
8200
26600
7000
8200
7000
7200
8300
7100
37200
8300
7900
7400
7600
38500
13600
7100
8900
7400
7300
7200
7400
7400
7300
7400
8900
40900
7500
13400
7600
7700
83500
6200
15400
5200
6200
4800
4500
4700
6500
6000
10900
6500
5000
12500
5100
6500
9400
6100
6000
5700
6100
6000
6300
6000
6100
6200
6200
6300
5900
8200
7300
7500
8000
7700
8300
6500
9300
6500
14200
8000
7800
8400
6500
7600
8000
126700
7700
7700
8200
7000
8300
8100
7700
8000
7200
7400
8300
7500
35000
13400
7300
7600
8500
53200
17400
8100
12200
8900
7500
7500
8700
7600
7400
12100
10900
47700
7700
9000
8300
7600
83500
6300
4700
4900
6300
8800
4800
4700
6300
6000
8400
6400
4900
12300
4900
6500
9200
6200
5900
5900
10900
6000
6200
114700
15000
7000
6300
6300
5900
6500
6100
6600
6800
6700
13100
6700
11900
6800
36500
6500
6500
7400
6800
6600
7300
6400
7900
8100
7800
7200
7500
12000
7400
7000
16100
7600
7400
7200
47700
7500
7700
7700
9000
7800
8500
7300
12800
7100
7300
7500
7400
7100
7200
7500
8900
75100
7300
9400
7600
7700
87200
6100
4900
4600
6200
4700
4800
4800
21000
6400
6200
6900
4600
17200
5200
6200
8900
6100
5500
6000
6900
6100
6000
5700
6100
6100
6300
6100
38300
6300
11000
6500
6900
6600
7700
6600
7300
6500
6500
6500
6700
7400
16500
7000
6800
6900
7500
7700
12400
7100
7400
7000
7300
7200
7200
6900
7200
7500
39300
7500
7100
7600
8300
7500
13100
7300
8400
8700
7400
8400
7500
8000
8400
7400
34800
8400
11900
9500
7900
121600
83800
5900
4800
4600
6200
4700
4500
4800
6100
10600
6100
6400
4800
12200
5100
6300
8400
6200
5900
5800
6400
5900
6400
6000
12200
6600
7900
6000
5800
7200
6100
6700
6700
6700
7400
6700
7400
6600
6700
6400
6700
12300
8100
6700
6900
6900
7700
7800
7900
7000
7100
7500
7300
7400
7100
7200
7200
7500
45000
7600
7200
7600
8900
7500
8200
7200
9300
8400
7100
8800
7300
7700
12800
7300
38100
8500
7500
7500
7500
39700
83000
4800
11100
4700
4800
11900
4600
4800
5000
4800
6700
12100
4900
7000
5100
5500
10500
6600
5800
6000
5900
5600
6000
6300
6700
5900
6000
37700
6100
6500
6200
6500
7400
11200
6400
6600
7200
7200
7200
6700
6600
6700
7000
6800
7400
6700
7100
7600
8100
8500
7200
7400
30600
7400
7200
7300
7400
7700
7600
33400
7800
7400
8600
7400
8900
7500
7500
11900
7500
7600
7500
7600
7400
7400
7600
7500
8200
7400
7700
7800
87200
5200
4900
4500
4700
11600
5100
6400
6100
6400
4700
4900
4900
5000
5000
6200
9300
6200
5700
6200
6000
5800
5700
5800
10600
34200
6000
6500
6100
5900
6300
6000
7000
6600
7100
6300
7100
7100
7400
6600
6700
6500
11100
6700
7300
6800
6600
6700
8300
8100
7200
7100
48300
7100
7400
7500
7100
7500
7400
39100
7400
7700
8900
7700
8800
7100
7200
7500
7400
7600
7100
7600
7400
8000
7300
7400
12400
7600
7300
7600
84800
4800
4800
4700
4400
5900
6200
6200
6200
5900
5000
4600
9100
5100
4800
6400
9700
6100
5800
6200
6400
5700
5900
5800
5800
5800
9300
6500
6200
5800
6200
6000
8400
6600
7700
7700
13700
6400
7700
7900
8600
7900
6500
39400
7700
12800
6800
8400
9100
12400
17200
9500
24400
7300
7000
7400
7300
7500
7100
33300
7200
7300
8300
7500
13500
7400
8000
7200
7300
7300
7200
7600
7100
7500
7400
7400
7200
7600
7500
7700
92400
11300
5400
5400
4600
5800
6200
6200
6000
6100
4800
4900
4700
5000
5100
6100
8900
5700
6000
6400
10300
5700
6100
6000
6000
5700
6000
6500
6200
5800
6100
6100
6900
6400
6400
6600
6600
98000
7400
6500
12200
6600
6700
34300
6700
8700
6900
7300
7900
7300
7300
23800
7900
8000
12300
7400
7500
7400
7400
8100
8200
7600
7700
8900
8900
7100
8000
7600
7500
7300
7400
9100
11600
7300
7600
7500
7500
7300
7400
7600
85100
6100
4800
4400
4700
5800
4800
5900
10400
5800
5000
4600
4800
4800
5000
6100
9400
6100
5600
6100
6100
10100
5700
5800
6600
5800
5800
6100
6200
6000
5800
6100
7000
6600
6400
6600
6500
6300
6500
6800
7300
7000
6500
39100
6500
7100
6900
7100
7700
7100
8800
7800
8100
8200
8500
7500
7500
7300
7500
12200
8300
7600
7400
7300
8400
8000
7400
7300
24400
7400
7000
7400
7500
7600
7100
113400
7700
10400
12400
9600
124500
9600
7300
7400
7400
9700
7500
11300
9400
15600
8300
7900
9300
8000
8000
10400
13700
9400
10000
10800
9700
8800
8900
9100
9700
8700
9000
9700
8700
18300
9800
8900
11900
10600
10500
9500
10400
12200
11100
10300
12100
10800
13200
60500
10400
11700
11100
20400
13500
10600
12300
12300
13000
13300
14700
12500
12100
12500
16500
12300
14100
13100
12600
11800
19600
14000
10900
11500
42700
12300
35200
13600
12300
12700
12700
58400
12500
12900
21700
12800
153600
8500
8200
8200
8500
8000
8200
8900
8200
8700
8700
8100
8400
9400
8600
8800
22800
11600
10500
10100
10200
10100
10500
10500
19100
10200
10400
11100
10500
32100
10600
184100
15100
19400
11300
11200
10900
11500
12500
11600
12800
16400
12000
11500
11800
12200
11800
11800
14400
13700
14300
19000
12800
12700
15300
14500
12900
13300
34900
13100
13300
13000
12900
13300
15000
13000
12900
12600
14900
47000
12800
13100
15200
13100
12700
13300
14800
13100
13200
15300
146600
9800
8300
14500
8500
8100
7900
20900
8500
8400
9500
8400
9000
11200
10000
8000
13500
9300
6400
5800
6000
6200
7100
5900
6300
6000
6100
6100
5900
6500
6200
48400
7400
7300
6400
6700
6600
6300
7200
6800
11400
7400
6900
6600
6500
9400
24200
7200
8200
7200
8100
7200
7400
7500
7100
8400
7200
7400
12700
7500
7700
7600
7400
7700
9000
7500
7500
7500
7200
23300
7200
7400
8800
7300
11700
8400
8800
7600
7800
9000
86200
4900
5000
4500
5000
4700
4600
12300
4700
4900
4600
9800
5000
6300
5000
4600
9900
6000
5900
6000
5800
6300
5900
6200
6500
6000
5800
6100
6200
6700
5900
10700
7100
20300
6600
6700
6800
6700
6500
6800
6800
6700
8400
7900
6700
6900
7100
139600
8800
7100
8500
7100
7300
7400
7300
8300
7500
7300
8400
7500
7400
16500
7800
7800
15200
7400
7100
7500
7200
22800
7300
7400
8600
7600
7400
7400
10500
7700
7400
11700
86200
4600
5600
5800
4700
5900
5700
12300
6000
4700
5900
6000
4600
8500
4800
5900
10900
11000
5800
6700
6100
6200
5900
5800
6300
6000
6000
5800
6100
6600
6300
6100
7300
7400
6400
6500
6700
11300
7000
6600
6800
6800
6900
7500
6800
7000
7000
45500
7900
8100
8100
7200
7500
11900
8300
7900
9900
8200
7600
7500
7700
7600
7500
7800
8800
7400
7300
7200
7200
27700
7500
7700
9400
7400
7800
7700
8500
9500
7700
9500
83200
5100
4400
4600
10100
4700
4800
11700
4800
4700
4600
5100
4600
6800
4800
4800
9600
6200
6000
5700
6100
6200
6100
6200
6200
10700
6100
6000
5800
6400
6100
6300
20600
7200
6900
6800
6600
21800
6900
6900
6900
6500
6800
12300
6900
7100
7100
127700
8000
8400
7300
7600
7800
7300
8500
7300
8400
12800
7700
7300
7500
7800
7600
7700
11900
8600
9000
7300
7400
8900
7600
8700
7400
7500
13300
7600
7800
7600
7600
7500
84600
4800
4800
4500
5300
4900
4600
11600
4800
4900
4600
4900
10100
6100
5000
4600
9500
6100
5800
6000
5700
6100
6000
18000
6200
6000
6000
33700
6100
6400
10500
6200
6900
6900
6400
6600
6700
6700
6300
6700
6700
6700
6400
7400
6600
6900
6900
50000
7900
8200
7100
7300
7300
18000
8600
7100
8300
8700
7300
7100
7400
7700
7500
7200
12700
7400
8400
8700
7600
7300
7000
8600
7500
7100
8400
7400
7600
7200
7700
7600
89700
4900
4800
4600
4700
8800
4900
13500
6600
6300
5000
4900
6100
5100
4800
6600
