827300
8700
8100
4500
5900
4100
11000
4400
6800
5000
6400
6600
11900
6200
11200
5900
7100
4600
7600
4700
6800
4200
7700
4700
6500
3900
3500
3400
3000
3300
3200
2800
3500
3000
3300
2800
6400
4000
3000
2800
3300
2800
2800
5600
3900
4800
4700
3900
6500
4300
3800
3300
2800
3000
2600
2900
2600
3100
2700
2900
6500
3600
3500
3100
3100
3200
2900
2600
2800
2900
3200
2600
8800
5800
4000
4200
3400
3700
5900
4600
4500
4500
3800
4300
14100
5600
4900
3600
3900
3400
3300
4400
3500
3600
9000
3400
7100
4800
3700
4200
3500
3300
4200
3100
3200
3100
3200
3400
7600
5300
3700
7100
6900
3800
3400
3600
3400
5600
3100
3400
