739500
9800
8800
4800
6900
6200
6500
4500
10700
4200
8600
5100
9300
4700
5300
16900
5900
3800
8000
3400
7800
3800
18900
4300
6200
4300
3900
3800
4000
3800
3200
3400
3100
3000
3700
3200
6900
4700
4200
3400
3400
2900
5100
4300
899400
5200
5700
3700
6200
4300
3900
3400
2900
3100
2800
3400
2900
3100
4100
3300
10800
5800
5600
5500
5100
4700
4600
5400
4400
4800
4300
3700
8200
5200
4700
6700
3800
3700
3400
10100
3500
3900
3500
4000
10600
5300
6300
4400
5200
3900
3800
5400
4100
4200
3700
5100
10700
5800
4600
4200
5000
7400
11500
3900
3600
3600
4000
3600
6500
4700
3100
3200
2700
2900
2500
2900
2600
3000
2600
3100
