730200
9100
8600
4700
6100
4300
8100
4500
10300
4000
5500
4600
9100
4600
5600
3800
5100
3300
7500
4100
4700
3400
5500
3900
6600
4400
3600
3900
3400
3200
4100
12200
4400
3300
3400
3900
6500
4700
3700
3500
4800
3100
2900
3700
903900
7100
6700
3500
5700
4900
3300
3300
2900
3400
2800
3600
3200
3100
2900
3900
6300
3700
3500
3300
2700
2800
2800
3200
2700
4400
2700
3000
5400
4300
3400
3300
2900
3100
3000
3000
3600
3100
2600
4300
5800
3600
3600
3200
3000
3200
2700
3700
2900
3700
3000
2700
6200
4300
4200
3100
5900
2800
2700
2900
2700
2600
5600
2800
6100
4400
3500
4200
3200
3100
3000
3000
2700
2900
2800
3000
