734300
9700
10200
5000
6300
4100
5900
5500
10800
4500
7400
5000
9200
5000
5100
3900
4800
3200
5400
3600
5100
3300
21600
6300
7000
4200
3400
3800
3100
3000
7900
9500
48300
5700
5800
4100
7100
4700
3300
2900
2900
3100
2700
3900
3500
3000
3000
2700
6000
6200
3500
3800
2800
3500
2700
3100
2900
3100
2800
3000
6500
3600
3000
2800
3400
2700
2700
3100
2700
3200
2600
2600
6100
4200
3000
3200
2900
3000
2800
3000
2900
3000
2700
3200
10900
5800
7200
4300
4800
4300
4100
6300
3900
3400
3900
12500
11200
15600
5100
5100
4300
4000
3600
3600
3900
3700
3600
9600
9800
6600
4500
4600
3700
4000
3600
4400
3500
4100
5200
4800
