779300
10300
14500
4700
6300
4200
5600
3900
9900
5500
6800
4200
9000
4700
4900
3900
5000
2900
4100
3000
4600
3500
4800
3200
6800
4000
3200
3500
3500
2800
2800
9400
4800
3100
2900
2900
6000
3800
3700
2900
3000
3400
2900
3500
2800
6600
2900
2700
5900
4400
3200
3800
2900
3400
3000
3000
2700
3200
2900
3500
5900
3900
3600
3000
3200
2900
3000
3100
2800
3100
2700
2700
5400
4100
2900
3300
2900
6100
3000
2900
3000
3200
2700
2900
9600
5700
6100
5600
5000
5000
5100
6100
5100
4300
5700
4300
16600
6000
4900
4200
4100
4000
3600
3400
3400
3900
4100
8300
9700
6200
4400
4600
3800
4300
4000
4300
3600
3900
3400
3800
