712000
10100
8900
5200
6200
4300
6000
4100
10300
9100
6400
4500
9300
4600
5200
3900
4600
3300
5400
3100
4600
3300
5100
3100
6100
4200
4100
3200
3000
2900
3100
10400
5500
3500
3400
3200
6100
4600
3400
3000
2900
3000
3000
4600
3200
3200
3100
3200
7100
4800
3700
3500
2800
3200
2900
3600
2900
3200
4000
4000
6800
4300
3200
3500
3300
3100
2800
2800
2800
3100
2700
2700
11500
6900
7300
5400
4200
3700
3400
6500
3600
5100
3700
4600
9900
5600
6300
4500
5000
4100
3900
5500
10300
5400
4300
5100
9700
5700
4800
4600
4700
3900
3800
3700
8900
4300
4100
4300
10600
5900
3800
3600
2800
3400
3100
3300
2700
6300
3600
3300
