1199400
10500
8900
5200
6500
4300
5900
3900
11000
3900
6100
3900
12800
6400
8300
5800
11000
5300
15000
5600
8000
5400
7900
6000
7400
4100
3700
3200
3400
3800
3100
9700
3600
3100
3300
3800
5900
4000
4100
3300
3500
3000
3400
3500
867400
5300
5700
3600
5600
4600
3900
3500
3100
3400
2800
3100
2700
3100
3700
3300
6200
3900
3200
3800
3000
3100
2800
3300
2700
3000
2700
2700
12500
6700
5000
5100
4000
4100
3600
4500
3600
4300
4000
5700
12500
6100
6200
4600
4500
5200
4200
7300
4900
4200
3700
3600
10900
6700
6100
5000
4700
7600
4700
5400
4900
4600
4600
4000
11000
6500
4500
4800
3700
8200
3500
4000
3500
4000
3800
4000
