731800
9000
8600
6200
6100
4200
6800
4300
9400
5500
6000
4100
8900
4300
7200
5400
4800
3100
4300
3000
4300
3200
21000
3700
6500
4600
3600
3200
3300
3400
2900
8600
4100
3500
3400
2900
5800
3900
3100
3000
3300
2800
2900
3300
1182200
20000
13600
10900
10100
7100
5400
5600
4500
5000
4500
5200
4100
4600
4000
5300
11400
10300
5700
5300
6000
6200
5300
5500
5300
6600
4900
4700
9800
6100
5300
5000
4300
4300
5800
4700
4400
4800
4100
4700
10400
6400
6900
5400
5100
4300
4000
7600
4700
4100
4100
3800
8600
3800
3700
2900
2700
2700
2600
2800
2600
3100
2800
2800
5700
6600
3500
3300
5300
3200
2700
2900
2500
3100
3100
3000
