1169900
13600
11900
6600
8700
5400
7500
5400
14500
5400
7500
6700
9100
4800
5300
3700
5000
3100
6700
3100
5000
3100
5800
3200
6400
3900
3400
3600
3200
4300
3300
3300
2900
2800
2800
2800
7100
3800
3600
2800
2800
3600
3000
3800
3000
2800
3200
2700
5700
4700
3600
3200
2800
3200
3100
3300
2700
3000
2700
3100
6200
3100
3300
2800
2700
2700
2600
3000
2900
3000
2700
2600
5900
4500
3300
3100
2800
3000
2900
2900
3600
4500
3000
3000
14700
5500
5500
4000
4500
3800
4000
5100
4800
4000
3800
3500
9600
7100
4500
5100
4200
5200
3800
3800
7700
4000
3900
3900
7900
4300
3100
3100
2700
2800
2600
3000
2600
3100
2700
3100
