841500
14400
12100
7200
11100
5600
8000
6600
8600
6100
13800
6700
13300
7100
8800
5400
7000
4700
6600
4600
6600
4900
7600
5400
8300
4300
4600
3200
4100
3300
3700
10900
3400
2900
3200
3000
6400
4500
3400
3400
3600
3700
3100
3600
3400
3200
4000
3000
7000
4800
4700
5400
3800
3500
19000
3100
2900
3300
2900
3200
10900
6300
4700
4300
4400
4200
4400
3800
4300
4500
7500
4500
10400
7600
5200
5700
4800
5500
4300
4700
4300
5100
7300
10200
10200
6900
6100
4900
4300
5100
4400
6900
4500
4300
4300
4300
10000
6300
5400
13900
9300
4600
4100
3500
4400
3900
4900
4100
8300
5000
3500
3900
3100
3700
2700
3000
2700
3200
2800
3200
