722200
10000
8400
4900
6300
5000
14800
4500
5700
4000
5500
6000
8000
4100
4800
4500
5000
2900
4600
3500
4400
3300
5000
3300
6300
4100
4000
3000
2900
3700
3000
2900
3000
2800
3200
2900
5900
4000
3600
3100
3700
3300
3300
3900
906000
4700
5200
3500
5900
5000
3500
3600
3600
3400
2900
3600
2700
3000
6900
3400
6600
3600
3400
3100
3500
2900
3000
2800
2700
3200
2900
2800
5900
4500
3100
4800
2900
3200
2700
3300
3800
3400
2600
3100
10100
5800
5200
4900
4900
4300
4300
5600
5000
4300
3900
3700
9900
5700
4800
4400
4100
3800
3800
3600
3800
3500
3500
7700
6800
4400
3100
3100
3300
3100
2500
2900
2700
2900
2700
3000
