744700
9500
8600
4700
6200
4300
5900
4000
10600
6200
6100
4300
16300
8400
10000
9600
9300
5900
7800
6500
8000
4900
38300
5800
7300
4400
4100
4200
3400
3300
3300
4000
3300
3000
3200
3000
6100
4300
3600
3300
3000
3000
2900
3800
900600
4900
6600
3400
5700
4800
3500
3400
2900
3200
2900
3600
2800
3200
3100
3200
6000
8900
3400
2900
2800
3400
3200
3300
2700
3100
3800
2900
5600
4200
3300
3900
3000
3300
2900
3100
3200
3100
2800
3100
10500
6400
6300
4500
4200
4100
3800
7000
4300
3900
4300
4000
10100
5300
4200
4000
3900
3900
3700
3700
4600
8100
3900
3600
9100
6300
6700
5000
4100
5400
4100
4500
3900
4600
3600
4400
