1080600
11800
12100
6800
9000
5800
11600
5900
14800
5700
8000
5500
9100
4200
5000
6800
5000
4600
4800
3100
5900
3900
20700
4800
6900
4100
3900
2900
2800
2800
3100
3700
3000
3300
2900
3600
6300
4100
3300
3000
2800
3400
2900
3300
2700
2900
3200
2900
10200
6700
5400
4900
4600
4900
4400
4400
4700
4900
4300
5600
6700
3800
3000
8600
2700
2600
2500
2700
2800
4900
3000
4300
5500
4100
3000
9000
2700
2900
2700
3100
3000
3100
2600
3000
9900
5700
5700
4300
4400
4000
3600
5900
4000
3900
4200
4100
9300
5300
4300
4600
4600
4200
3700
3700
3600
3400
3500
8700
10500
6900
5000
4900
4000
4700
3700
4200
3500
4400
3600
4100
