113200
21800
24100
697200
29900
18200
23700
23800
140100
29700
20400
21600
23100
26900
28400
21700
30800
19900
32600
28600
22700
20000
24700
21200
44100
64600
23600
23500
33200
17400
13600
13000
13700
12800
17600
18500
23100
23000
49200
68400
25900
23400
19300
40300
26300
27200
28000
19500
46900
21800
18000
21300
18600
17500
21600
29200
19100
14800
20200
15900
18900
16800
16700
21500
17500
22600
24100
17600
49700
15600
16600
16100
884300
25200
13900
14900
19100
12500
33900
11800
12600
11600
44500
21700
14900
15200
15000
12600
34800
11500
12200
11600
12600
12700
12000
19200
13100
12400
34000
12300
14600
11000
20900
18500
21900
13400
12300
10800
26800
10300
12400
10600
10600
12500
11300
11500
12100
13000
27300
10300
31900
17500
30900
12400
16500
12300
22100
24800
31500
11700
16100
10900
16200
11700
14200
11400
19600
13300
24500
11000
15600
13400
12800
11400
22900
12600
19100
13400
22300
14400
11900
10300
11900
10700
16100
12700
18100
14600
22200
10700
15200
11200
11400
10300
18100
15300
14500
11900
31000
12000
12700
11600
10600
10300
16000
11500
16400
11200
29000
14400
12600
10000
10100
8800
9400
10400
11100
11100
24600
10900
11400
8800
9200
8900
9100
8500
10200
8900
27200
20200
13000
9800
9900
14400
18100
12600
16900
17700
44700
15600
16000
12900
14500
13700
18300
13500
15300
13800
31600
15600
35000
11600
11600
9100
9000
8200
8700
13700
18900
16800
13500
8900
9700
8500
8800
8300
9300
8600
17200
9500
11100
12600
8600
10600
19800
10500
14100
9000
15300
8500
8300
7300
15500
15000
14100
13400
15300
13200
10900
7800
10400
7800
8400
7600
12600
9100
9700
8300
10600
9000
8700
19200
9000
8000
7800
12600
10400
9400
10800
7600
7700
20800
9700
8800
9100
10600
13300
9700
12700
8800
8000
7500
7500
7100
7700
11700
13200
9200
12300
7800
10400
9000
8500
9700
9200
8100
9000
14300
10000
7300
6000
6400
6300
11100
10100
6200
6800
14200
10500
6600
6300
6900
7100
6000
6500
6100
6400
10800
9600
7700
5700
5400
5700
6400
5800
7900
7100
12000
9900
6900
6200
6100
6100
9900
7000
10000
7600
6800
8800
5600
5600
5100
6100
5300
6300
7700
7400
6100
8100
10300
10300
8300
10100
6800
8100
7100
7300
6800
9600
5700
6200
5600
9700
7900
7300
6400
6700
6500
9100
5700
6600
8600
10200
23600
14500
12100
11600
10600
18700
10600
10100
9000
9500
12900
17700
14400
11800
11000
14000
9600
10200
8300
9400
11700
15900
12600
11000
10200
14000
16200
11100
9000
10500
14700
16700
11200
11600
10700
13700
9000
16100
12000
11700
17700
12500
11000
20000
30000
18300
21900
13400
9700
10800
15200
12200
11000
19100
13000
19300
22000
57600
10400
15600
12300
13100
8700
22400
10200
13200
20700
11000
8100
8100
7600
8200
12500
15000
10300
12600
15300
12000
9000
8700
8300
8600
15100
9800
8700
12100
15100
11800
35400
23400
10200
13400
17300
9700
8200
22700
7700
10600
12700
9900
8200
7800
7100
13000
9300
11400
6500
7400
11000
8800
6900
7600
6900
12200
8600
11600
6300
7600
7700
7300
29800
7800
5200
14100
4900
7200
7800
5200
8900
6700
8300
5600
4600
9700
5000
7000
4000
5000
6200
4500
7300
5000
8300
4900
4600
6900
4000
4900
8200
5400
7100
4900
4500
4800
5100
9500
6500
9000
5300
8000
4800
5000
4500
5100
5300
9800
5100
5100
5100
6300
4600
5700
4400
4800
8800
9800
8700
7100
9400
7200
6800
8100
6900
7700
7200
15900
7500
7500
7600
7600
7400
16500
8200
8500
9500
18300
7000
7200
7300
6900
6700
11000
7500
8800
7100
17300
7500
7700
9700
7600
7000
12400
8400
13100
7600
11800
6000
