111400
21500
19300
16800
18900
17700
22300
506900
117000
43200
27900
15000
27200
16500
17200
15400
22200
20500
31800
19800
14000
12800
16600
13700
19100
25800
17200
19500
36000
18500
16800
14500
16100
13700
15900
14300
15700
17800
35700
18600
20200
12600
19800
12800
21800
15900
19600
14700
32300
20900
18700
15300
18100
14000
15400
16800
16200
16600
18200
27000
20100
17100
19700
22400
22800
24400
27400
21100
53900
17800
17300
22300
927100
21400
31000
21000
30700
17700
41800
16200
15600
15300
27900
19600
19900
20900
22000
20500
42200
14800
17500
13500
14700
15100
21200
17400
17500
14400
34800
13200
13200
12300
23200
18000
21600
14800
18500
24100
33000
16200
13800
11600
11800
13300
12500
12800
17700
18000
36500
13700
24100
11300
72900
12400
12600
10300
11300
20400
30400
10500
11300
9800
10100
10900
10700
11700
11100
10600
24300
10000
10500
9500
10500
11000
10800
9700
10600
12000
21100
9900
11300
9500
10400
10500
10700
10300
11500
11800
22800
9300
10500
9700
14400
12600
11500
11000
10500
10900
27500
10300
11300
11700
10700
12900
10200
9100
9800
10000
20000
9700
12900
11600
9800
9300
10100
14400
22200
21300
26400
12100
9700
8500
9100
9000
9900
11500
12100
15800
22500
11300
9300
8300
8600
8200
10100
11600
14300
14900
23400
13300
9600
8700
12200
9200
12700
9000
11500
15700
22400
10200
19000
10600
9800
9300
9500
8800
10300
20200
27900
10700
9600
8400
8500
7900
8500
8500
11400
12400
13500
18400
12400
13100
10200
11900
9900
10000
12800
11600
24200
9900
13400
12200
9600
11200
9900
16700
10700
18100
26600
22000
10200
8100
12200
8600
9600
9100
9900
8500
16700
9300
10400
8100
12200
8900
9000
8600
13000
9500
26300
11000
10700
21900
11600
10400
10500
8800
9800
9200
18600
9800
12200
9000
9200
8700
9600
8900
9900
9000
11300
8700
14600
8300
13300
8100
8500
7100
20700
13300
12200
8400
7000
12600
12000
8300
8900
10800
23700
18600
17800
11100
11800
22500
20500
13900
13500
11100
22200
15900
18800
12000
11700
12400
18300
11100
19300
19100
26900
13300
18000
10700
12100
14600
17400
13300
20300
13200
13100
11000
15600
9500
9700
11300
16400
11400
39000
20400
17300
13000
29300
13100
55400
16200
11800
9800
18000
9000
9400
19900
17800
9500
20200
9000
10000
7900
9700
7800
8700
14800
13300
7500
8600
7500
7900
12100
9600
8400
9600
13900
20900
17100
9200
7700
7600
11900
11600
8100
8700
22300
17500
7500
8700
7400
7800
13500
9300
7900
8700
8000
12100
14700
8400
7200
7900
11800
12600
7500
7800
7600
11300
14200
13800
8500
9000
29400
9400
10700
9100
7700
10900
11100
10600
7600
8100
7700
7800
7800
8400
7900
12200
7500
11700
8000
10400
9100
8800
7800
8500
8800
12400
10000
8700
7200
9700
7700
9000
7700
8600
8000
11800
7000
9800
7500
9000
7500
7900
7900
7800
7600
11400
7000
7600
7000
8800
7700
8600
7300
7800
7500
11400
7000
17000
10700
14600
9100
8700
8100
8600
30900
21000
13700
8400
8500
13300
7300
7700
7200
8200
12700
17600
8400
8200
7700
7100
11200
7800
7200
8000
12200
17400
7100
8100
8200
7900
8100
12600
7900
8300
12400
18000
7500
8400
7100
7200
9400
14000
11500
5900
4000
10100
3600
4600
5700
5200
6300
7600
4000
4100
4200
6200
9300
6100
4400
4100
3600
10100
5800
4600
3900
6000
7400
4300
4000
4100
3600
5900
5400
4500
4100
5600
7500
4300
3800
3900
4000
5500
5900
4400
3700
6100
7300
4000
8800
4000
4100
3800
3800
4500
8300
6500
7200
3900
3700
3800
3700
4100
3700
5700
5600
6000
7100
3900
5100
4000
3800
3900
4000
71900
19000
8900
4300
