822700
45400
33300
26200
25200
28900
28500
20600
34100
21400
23400
13900
19700
26300
28600
27400
35300
16800
25700
23100
20100
14500
23000
15400
20300
33700
30600
19800
29600
17100
18100
16000
19800
14400
19400
26700
29700
20900
28300
33700
19600
12500
23100
14700
22100
23700
18600
23500
146700
27800
23400
22200
23500
18200
24100
29700
23800
29100
31400
20300
36900
20900
21900
23900
32300
26700
35800
29400
77100
21100
20300
21800
22500
24700
27600
23400
38800
34700
63400
20400
18500
20300
55700
27600
23300
18100
18500
21200
47000
15100
15900
19000
17900
15600
16200
18800
17900
21400
48600
26000
18500
28200
41500
21100
23800
15800
25600
15700
40500
13700
15500
19900
14500
14600
14800
17200
21500
20200
33600
20100
24500
12400
16900
12400
872700
19000
17300
25900
29000
42000
34300
14800
16100
13800
21200
14100
23400
18800
38000
15400
17100
13000
17200
13600
14700
17100
20400
15900
28900
13400
15900
12100
13400
11900
14500
23800
26600
19900
30900
14500
29200
13600
15300
13600
18100
14200
14600
15800
41600
16200
17000
12700
12700
18700
12700
12300
12300
14400
40100
13500
14700
12100
12700
14400
18700
13800
20200
14500
21000
13600
12900
12600
12100
17400
26000
14400
17800
13500
17400
18600
14800
14400
14800
12100
20500
13300
19900
15500
23600
13300
14400
13400
17200
13700
14100
17300
14900
13600
17700
14100
29200
12800
12400
11100
12100
13600
19200
12900
16700
11600
12400
11000
11600
11300
12900
13900
19500
13800
16400
14700
14500
10700
23600
10100
33800
25900
19300
12100
15300
10300
15300
13200
9700
9100
16400
14900
12900
7300
9900
5500
6600
5600
6300
6800
9500
6200
9800
7100
8800
5300
6400
5500
5700
8400
7300
6000
25900
7500
40000
6100
6300
6800
7200
9200
7300
6000
11200
7200
10400
6100
6300
5400
5400
6300
7900
5900
9400
11500
11800
6800
9900
7300
6800
6600
6300
5900
6800
7300
8300
6100
6100
8200
6500
6300
6000
5600
6100
5700
7900
5400
5900
5400
5900
5500
6100
6200
6500
5900
8300
5200
5500
5700
5800
5400
5700
5700
6100
5700
8400
5100
5900
5300
6600
6100
5800
5700
6000
5800
8000
5200
5300
5100
5800
5300
5700
5700
6100
5600
7800
5100
8600
7500
6800
6000
6300
6600
7000
9400
10300
6000
6500
5600
5900
5600
6100
6500
6800
10000
8600
5500
10800
8000
8300
13100
9600
9900
10300
14500
18700
9200
12000
8800
53800
12300
8600
8100
12000
12600
12400
7900
9000
7500
8500
7600
7500
7400
7800
12000
12500
14000
9800
7600
8000
8200
11900
7300
10000
8400
11100
12600
11700
8500
9000
8100
9300
7500
8100
8200
12700
9400
9200
15300
7800
7200
7200
7200
8900
7400
10700
6500
7500
6700
9300
7000
7400
6600
7600
7200
11000
6700
7400
7000
6900
7000
7500
8200
7200
7200
10900
6400
7300
6800
9700
7600
7000
7700
7000
7500
10600
6300
8900
7500
9000
6900
7800
7200
12500
6900
10400
6100
10300
8000
16000
7700
8200
7700
8000
7600
11400
23100
9500
9000
8300
7600
7800
7500
8000
7800
11300
10500
8100
8500
15200
6900
9700
6800
7300
6900
10900
9900
8600
11600
7100
6900
10700
6500
14800
7600
10900
9800
7500
6500
6900
6800
8600
6700
7600
7100
10600
14300
8000
7700
16100
33700
18500
7300
7200
7800
10200
5800
10600
8100
6300
5300
4300
4000
5200
4000
6300
3500
4600
4000
4100
3900
4000
4500
4200
9500
12200
5100
6200
6100
5900
6000
9400
13500
7000
6400
10300
5300
7000
6200
6700
6300
6400
6700
6700
6600
11300
5900
7500
6500
6200
6100
6200
6500
12700
6100
11200
5500
7200
6200
7000
6200
6300
6500
7500
13200
9700
5500
