165800
26400
23900
16300
516400
18900
28000
118600
57800
28800
21300
20200
24200
19000
32400
23200
29500
23600
34000
27200
21500
19000
26200
19700
44700
40000
24100
30700
36000
17100
16800
13900
14000
13200
17700
14500
19400
21600
49100
25200
19400
19600
23300
23300
25100
22000
38900
21500
40800
26500
19000
23000
18800
17800
20800
22000
34100
17100
19800
24700
23500
14100
15100
18800
15100
20100
21000
22000
56300
14700
16300
13300
14500
15600
15700
14100
15300
19200
45800
14500
14400
13000
25700
16400
14600
15500
22200
19400
63100
26800
14900
14600
15300
14600
13700
16900
13000
25400
42100
14900
15400
12800
25600
18300
20100
15200
15700
14300
39500
12800
15200
12400
13000
13600
13200
13200
13800
20500
29900
20800
19000
10800
11000
11400
893200
22400
11500
21100
27700
9300
9500
8000
9100
8100
8900
7900
8600
8800
25300
9600
9900
7800
9100
8100
13400
8200
11900
9300
22800
8800
8700
7700
17900
7900
8500
7500
8500
9900
23200
8300
8400
7300
8200
7300
10700
10300
10700
12700
17900
7800
8700
11400
8500
7900
7700
7300
8800
8600
22800
8800
20700
13400
9600
8600
8700
8300
29800
19300
21000
17700
13200
8800
9300
8800
9000
8000
16400
14600
18600
22700
10500
12200
9000
8900
11200
8600
25200
14800
19000
19400
10000
8300
8700
8100
8500
8000
13400
16800
16600
15600
21100
12400
9500
10000
12200
8800
8600
15200
15100
15300
14500
10700
9100
8400
9800
7900
8300
8000
16600
14800
11100
8800
16200
17100
11800
12400
9200
8400
10700
11200
8000
13000
8400
7500
8600
9900
8800
8600
10200
7800
7700
8100
8800
7500
8300
7600
8200
7600
10200
7100
7800
9000
8500
7600
7900
7900
7300
6200
8600
5200
5700
23400
8800
7500
7300
6300
6800
6200
9400
5700
15200
7100
6600
5700
6300
6200
7000
5900
8000
5400
8400
7200
6300
5600
6100
7600
7700
11100
22200
10900
6800
8200
7900
6400
5700
7700
6700
10200
12800
12300
7600
7300
7000
6200
6500
8200
7400
9700
14300
11400
7000
6000
6400
6000
6100
5700
6800
10000
13400
9700
7200
6000
6200
6300
6200
5600
6100
11600
19600
10600
7200
6400
6400
5900
6200
5700
6200
11000
9400
11800
9100
7000
6800
6100
10400
6500
7400
6800
9500
5900
7200
5700
6100
5800
10100
6400
6900
6900
9100
5900
6900
6000
10900
12200
14300
10100
25200
9400
14800
9100
15600
10100
10700
10200
10800
9800
11700
11400
15600
8900
12200
51100
17300
11600
8700
8300
14900
8700
16400
14000
11400
7700
10100
7700
7700
25200
15600
9400
12700
14100
14600
10400
9700
8100
13400
13700
13400
20400
15700
11900
10000
7800
10700
7800
14000
13400
11300
23700
14500
7700
8600
7500
7800
11500
11900
10700
9400
17200
12900
11900
8600
7300
7500
12600
10300
8000
8700
18800
13000
7300
15800
7400
7900
12000
9300
7400
13100
17900
13400
7900
7900
13000
9300
9300
8500
7000
12900
12100
13000
13500
15300
8500
8200
11200
10700
7500
14300
7500
10800
6800
8500
8100
9100
11200
7900
7000
8000
7300
10800
6500
8100
7100
7000
13900
8800
7500
7700
7400
11300
6600
7200
8000
8800
12300
9000
11800
10000
7900
11000
6300
7700
7000
7200
8000
223900
13200
6400
4900
6800
4500
5000
9100
6200
5200
4800
7000
4900
7100
6600
4200
8900
6300
4600
4200
5300
4500
16900
5100
6700
4200
4500
4200
4200
4300
5300
4400
8000
8400
6600
7400
6400
6300
9200
6800
7600
6700
10900
31800
11400
5700
8400
6000
5900
6200
11600
6300
10900
10000
10200
5500
6400
6000
6200
6200
6200
6100
10200
6700
10800
5700
6500
5800
6100
6100
6500
6100
10500
6400
14400
5600
