734400
29100
30000
24500
25400
28000
32200
20600
32200
23100
21100
14700
20600
24000
22100
24700
23200
16300
27400
21000
924600
23100
24800
16000
18800
31600
21200
16600
28200
20800
20100
15600
54400
23600
26900
27500
25700
18400
44700
19000
17300
15900
20300
14200
18300
23000
32700
44400
43000
30200
25700
23100
34000
25200
21100
20500
17500
25300
21000
16100
22100
17400
20700
27700
22200
27700
33800
19800
51500
26000
19900
18600
23600
19400
20800
19500
27800
19600
41300
24200
17700
30400
62100
36500
40300
35800
57600
24800
39800
23600
16300
15400
24800
23600
24700
21000
25100
21100
37600
22500
16900
16400
33500
20700
31000
19500
28100
20600
39400
31500
21000
17100
23400
18200
17300
18100
18800
21700
40800
16300
18100
15300
17900
16800
19200
13400
14300
26300
32600
13300
14300
11800
14800
12500
14200
13000
14300
14800
30700
16900
13500
12400
13400
13200
13400
12400
14100
21900
28500
15100
13100
10500
12100
11200
15500
12500
14600
14100
24600
11200
12600
10100
14900
10400
15300
13200
13500
13100
29300
12000
13400
12100
14500
10600
13400
10800
13900
11700
27300
12900
12900
9700
11400
9400
9800
9400
14000
12600
25100
14900
10200
9000
9200
10000
9200
8500
13000
16200
20300
10700
9200
8500
9100
8000
10300
8400
15300
14400
20600
10800
9200
8700
10300
8000
11800
8900
12400
11700
26400
10600
19400
10500
12200
9200
13100
9600
9700
15800
21300
9500
8900
8200
8200
7700
8200
8000
8600
7900
33200
13300
11700
9800
9200
7700
11400
12700
11500
19200
19000
10100
9100
11500
14800
8000
12400
11600
14300
14800
13400
9400
9200
7800
8700
7900
10500
8800
9800
21100
13700
9300
11200
8000
8400
7900
8400
10500
21100
17500
13200
8800
8700
22900
10800
9500
9600
8200
13300
9600
12800
21400
17500
12800
13700
12800
13400
12100
17100
13500
17800
19800
31500
18000
16100
13800
29300
14200
14700
12700
28500
40700
21300
17400
13700
9500
17500
15800
14300
10400
15100
18700
12100
10700
14000
9900
15500
12200
11700
7100
9400
14100
10500
8500
11100
7200
7400
6700
8400
6500
9000
12600
8700
7200
9600
10400
7000
6300
15700
7300
16300
12300
11200
7100
10500
7700
7000
7600
13600
7500
10600
6700
9400
7100
6800
5900
6200
6000
6600
7800
11400
5900
8800
8000
8400
9400
9700
8700
11600
16300
14300
8800
10300
8700
8900
9200
14400
10000
11200
13100
14800
9000
11100
8400
9100
8400
9100
8200
9500
19200
21500
8600
12000
9100
9400
9900
13600
10900
10300
10700
15000
17200
31000
10800
12000
11000
10100
9400
17300
9400
12600
11200
57300
12400
9600
8200
8500
7500
11000
7300
7500
7600
15700
6300
5700
11600
6400
5000
5200
4900
6700
4800
5400
5300
5000
4900
5600
4800
5500
4900
6900
10600
5400
5300
5300
4900
5100
5500
24600
6400
7400
4600
7500
8200
9200
7400
11600
8500
7600
8400
12600
6700
7700
8300
8700
14900
15800
8100
8300
8800
11100
6900
12900
8800
8700
8300
15200
10900
8000
8900
11600
7000
9300
12000
8100
7600
7700
7600
8100
7700
11000
6700
9800
8100
8000
16400
8300
7800
8000
7200
11700
6300
8300
8100
8300
17800
7600
4900
5200
4900
7000
5700
6000
4900
5100
4700
5000
4700
5100
6600
11800
5900
11500
8800
6000
7400
4700
4700
4800
5000
6400
4300
6700
7800
25400
4200
8300
4100
4700
4200
9400
3700
8000
4600
4200
4000
7400
5800
6400
9600
10700
5400
6400
6800
6700
7300
6600
6500
6700
6800
10300
5600
6200
7300
6800
12500
6700
7000
7100
7500
11700
12700
6500
6700
6400
6500
6300
6600
6700
6800
10700
5800
6700
7200
6500
6300
6500
12500
14200
4800
8900
4800
