114400
21300
22600
16600
19800
20100
22600
20200
29700
24300
17500
15300
19600
20200
19500
18300
23600
19000
23800
24800
15800
15200
20800
19800
21500
27900
23800
23900
24500
17900
14600
14400
14300
13700
16200
20900
21100
14600
24900
17600
14400
12900
14200
21600
17400
15300
19000
17300
20300
16000
15400
15200
23300
21300
15200
18600
16800
17700
18300
14800
20500
18000
18600
20600
18000
21900
23100
19200
45300
16800
17400
16700
17400
18000
17200
18500
20400
16400
37100
14800
22700
15400
19500
16900
18600
18000
17800
16300
35900
14800
14700
15100
16000
20500
21600
20400
22000
22500
34700
15400
15900
15100
23400
18300
21800
17200
20100
18400
39800
12100
16700
12800
12900
16200
13600
13300
25600
24600
32300
12300
15500
12400
11700
11900
12600
12000
1444100
35000
62400
12400
10900
9000
9300
8900
9200
8700
13800
11600
29600
10300
9600
8700
10000
8300
9000
9000
13100
11300
29200
9800
10200
8200
8700
8400
8800
8600
13300
11500
33300
15400
24300
9300
15000
8700
9800
10300
9900
10200
27400
12200
11000
10800
11800
8500
8200
8100
10500
9600
23300
9500
12600
9100
11500
8400
8700
7900
8400
12700
110200
12300
10400
10000
8900
11600
10800
8000
8200
12300
19100
12200
9100
8900
8400
7900
11300
8500
9500
14400
20700
9800
8800
7900
8300
7600
7900
7500
8100
17200
20700
11700
20900
9900
9400
9300
8900
9000
9100
8500
20300
10200
10300
8600
8700
8200
8400
8100
9200
8400
10600
16100
29600
9500
10500
7600
9000
7600
11900
8600
18500
8300
8800
23900
11400
9400
8700
7300
9200
7000
18700
7700
7000
7700
12400
7900
9600
7000
8200
18700
20800
9200
9600
9700
12500
8000
9600
7600
9600
7400
18400
8100
7400
8000
12900
8200
9200
14700
11900
7900
17600
7600
8000
10900
13800
8900
9200
7500
8800
7300
10900
8300
52800
15700
13500
8000
18800
12700
11500
7900
14800
29300
18200
8900
13500
6300
35000
23400
17300
6600
16700
5400
9900
11800
11400
7500
13500
17600
9900
6900
10900
5100
15800
8500
10500
6400
13700
10800
11000
5700
16400
6300
6800
5400
14000
6000
14200
5900
13500
10900
9900
4900
12600
5100
9800
5100
10200
5000
15700
11000
9600
13000
11800
4800
5000
11900
7000
4700
5900
9800
11100
4700
4100
3900
4600
6500
5800
4900
5300
9000
8600
6300
5600
4400
4500
4900
5800
4400
5600
8500
40200
12900
4600
4000
4200
4400
4200
12000
8000
9000
9800
4400
5000
4100
4300
4200
4400
13500
6600
5300
7400
8000
5100
4100
9400
4200
4100
7000
6100
4800
8300
8300
26700
8900
8900
39100
17900
12000
11900
7700
14900
11800
9000
6300
6900
8200
14300
13800
10300
7800
13100
6700
9900
6500
6500
6500
13000
11300
9600
7000
12600
6000
8900
6600
6700
6900
7000
20600
10200
7100
12600
6400
8000
6100
6200
6400
6600
17100
23000
157400
29600
5200
5900
4200
4600
4600
7200
10000
10100
7400
8400
4200
13800
7200
10600
6500
24800
9200
8500
14400
11400
12000
65500
17000
36500
11400
46600
13200
14200
21700
19000
19000
14400
10200
23400
17700
17900
9800
12200
16700
21100
18000
19700
11500
11700
22300
13900
7500
8200
12600
13800
10600
9800
6600
9700
5900
7200
6200
10700
6800
10700
10500
9600
6200
6900
6300
7300
6500
11700
7600
11400
12300
9400
6700
6500
6300
6500
6500
6900
6400
11700
7100
8000
6200
6300
6200
6700
6400
6700
7900
17900
6400
6800
5900
6700
6000
6300
6300
6600
6400
11900
7000
7100
6100
6300
6000
6300
6100
6800
6600
10700
7100
9200
5900
6300
6100
6400
6300
6700
6700
12200
6400
7300
6100
6900
6300
6500
6300
8900
6700
9800
5500
