108000
77700
27900
17700
19600
17600
531700
25300
36600
22200
16400
16000
15800
13600
18900
17900
23800
16900
25300
21900
14400
13500
16700
15800
15600
20200
21700
22900
26500
19600
14800
14000
13900
15400
16300
15500
21200
15100
51300
23900
16300
14500
14900
16600
26500
14900
19800
14400
26500
15100
11900
13900
13000
11500
12000
14100
13900
16600
26300
14900
24300
21900
26800
24100
19900
33700
46600
20200
56600
13400
21700
14300
14200
14600
16800
14900
16300
13600
32900
14600
13800
13000
15800
15300
15200
19100
16900
14600
34000
13100
14000
13700
13800
22400
14900
17000
16500
15800
31900
18000
14300
13900
19700
17400
20000
18700
15600
16000
75900
27300
17000
14500
13500
17100
14300
13500
13000
20100
31400
11700
15800
26000
26700
13300
915800
19300
13200
28900
32300
10800
14700
9600
11700
9700
10400
10000
10900
10700
28200
9700
10100
8500
8500
12000
11400
10100
11100
11000
25400
9700
9000
8600
8500
12800
10600
16600
11400
11900
25900
9600
7600
6300
6900
14000
13100
9200
9300
8900
30500
8700
8900
8500
6900
10500
9100
8300
8700
8700
23000
8300
19300
7300
123300
10800
11100
14600
9600
16800
21600
8600
10300
7000
15300
8800
9000
7600
8200
15100
12800
7400
7300
6800
12500
8500
9100
7200
10800
23900
12900
7600
7800
8300
9800
6400
11900
8400
8900
19000
19400
11700
55400
24000
16300
9000
14700
9700
10000
8200
11800
7400
8600
8000
10600
7400
13600
8500
8800
7700
9600
16500
11300
11000
9100
16200
8300
8300
8000
7200
22300
8000
8000
10700
8300
6800
7400
7400
12600
8700
17700
8600
7200
7400
8100
11100
9500
7400
8500
7200
16000
7500
7700
7700
7100
10200
8500
7200
8400
11800
19300
7900
6800
7300
7800
11600
9100
7400
8000
40800
23700
6300
5800
12200
5800
13700
7000
7300
6300
5700
7600
5200
17200
7600
12100
6200
7800
10600
7600
6200
19300
6000
10100
13600
9600
7800
6400
9500
13500
8300
20800
6700
5700
7800
9200
6300
5800
13000
6500
5700
14100
5700
5600
7600
9000
6300
9600
5700
6200
5300
13700
5300
6800
6700
9800
7800
14300
5600
5800
9700
13000
5700
5700
6900
9100
5900
18300
9900
5900
12200
9700
5500
13100
5600
15500
9200
5300
4800
5000
4900
7700
4500
5900
5100
10300
5700
5200
4900
5200
4800
7300
6200
7800
10000
5100
26500
14600
6600
6800
5700
7300
4600
7100
9200
5600
4900
12300
5400
5600
5000
6900
4500
7300
5000
5700
4900
9700
16700
5900
5600
7300
4500
6300
5300
12300
4800
27100
6300
5700
5000
6800
4700
27000
5800
4500
4200
4900
4400
5000
5900
16200
6300
7300
4300
4600
4100
5100
4400
5100
6000
6500
4000
5600
4300
4500
4400
4400
4300
4500
5700
6300
5700
4800
6200
4500
4200
4200
4400
4300
5300
6200
4200
4400
4200
5900
4800
4500
4400
4600
4700
6300
4400
4300
4100
10400
4700
4800
4200
4400
5000
6100
5200
7200
7100
8800
7300
9200
5500
5300
5200
6800
4200
5200
4900
7000
6400
10500
5200
5200
5000
6600
4200
10800
4800
4700
4500
9900
6900
6800
7700
8900
4300
7900
5100
4700
5000
17200
9100
11900
4700
6300
4100
10200
4200
4300
4200
6900
6100
8900
4900
8200
4200
5400
4300
4500
4300
7200
7300
8400
4800
6800
4300
6000
4700
4800
4400
4700
4300
4700
4300
6300
3900
5400
4100
13000
5200
4500
4200
4600
5300
6600
5400
4200
4000
4200
4300
4200
4100
4500
4100
10900
3800
4300
4000
4300
4700
4300
4300
4400
5000
6700
3800
12900
5000
5800
4300
4200
4300
4600
4400
6200
4300
4400
4000
4000
4100
4200
4400
4800
5500
12900
3800
