933900
35200
38400
24000
28100
122200
36800
23900
35800
24800
21700
19600
33800
20000
23000
24800
32400
19000
24600
19800
949400
17000
21800
14700
20900
30800
25400
16600
26000
17100
17400
14100
22600
20100
18500
15800
26100
18000
28300
45600
24100
13600
20400
13800
22800
15100
23200
24800
23600
15600
12300
13600
18100
13200
16200
16300
18000
24100
29500
16700
22500
18000
21000
25000
21600
31200
30100
21700
77600
43600
28700
18700
22000
21800
20500
25900
28100
19100
45700
26400
17500
15500
33100
20500
23300
25300
21100
15200
47500
24200
15000
14000
20800
16300
17400
18700
19300
16400
39200
22400
13900
12800
37100
19200
22100
16000
16600
25400
36200
21700
15700
14400
18800
16200
17100
15500
16600
30500
41300
13600
18800
16100
16500
13500
15000
17600
30800
37700
33500
14200
13600
15700
16100
12800
14900
22100
27700
22100
30200
13400
11300
11400
11900
16400
14200
16100
24700
22500
32900
13100
15000
14600
12700
17700
14900
12000
24800
22600
36400
15400
12300
19000
16000
17500
14500
13700
16800
21500
34300
13100
11500
12600
11300
15300
12600
10600
11800
18200
34800
24700
17500
11400
15200
16500
13700
11600
11900
11800
28500
11800
14100
17100
11800
19600
14300
11400
15500
10100
21000
13700
9900
13400
15100
11000
11900
13200
12600
10900
25800
9900
9100
10100
13400
9700
13400
17500
13200
10400
16200
10400
16500
15200
13200
11700
11100
17500
13300
15700
13900
9900
12300
9100
12600
12100
10100
14800
12200
10200
12000
10900
13800
9200
8500
11100
13100
16500
16600
10700
11800
13100
12400
11700
8500
9700
13100
19000
19300
20200
16600
9600
9400
8400
8600
8100
13200
154400
44900
25300
26500
14700
16200
13200
31000
16500
13700
26300
20300
19000
36200
23400
32700
71700
30400
27200
19200
13300
19700
19400
21300
12700
13900
11200
12200
12000
12800
14800
30200
18100
24300
10500
16500
13200
11600
11800
13800
11600
12900
28700
19600
21600
13500
11900
10800
11300
11400
10600
14500
17400
18000
21400
12800
12400
10400
11300
11100
9500
12200
15700
16200
19800
11600
11700
10100
9100
9500
16300
11000
14300
16000
17500
11300
9900
12300
10500
10500
14700
11500
10200
14400
18200
11300
9700
9900
9600
10000
15800
12800
11000
15000
21000
58600
13600
14700
9900
9900
8200
9300
8000
13300
7800
18800
7900
12500
8700
8600
15500
8700
8500
12100
8300
9400
7300
12100
9600
9400
8200
12800
7900
17400
8400
348600
12300
13300
23200
37500
15900
7800
5900
163700
61300
11900
7900
57600
12400
29100
9500
8400
68200
20800
16000
9600
46100
111500
10700
10400
6200
5500
5100
7800
4600
19700
5700
5000
4800
6400
4900
8400
5500
6800
12700
5600
5200
4700
5400
4800
4700
7500
4600
6800
9500
5000
9400
5100
4800
5000
4700
16000
5500
6800
6500
4700
4400
5100
5100
4600
4500
7100
4600
6700
4300
4900
4400
6500
4600
4700
4800
4800
4800
6800
18400
6800
6400
7500
6900
7600
7100
8200
7300
14800
6700
14100
9000
6100
5200
6400
5300
10500
5600
14400
4800
5800
7800
5700
4900
5500
13300
23000
4900
9600
3700
4700
3900
4200
3600
4400
3600
5300
3600
20400
5700
5000
5700
6300
5100
4700
3600
6100
3800
8400
3500
4800
13900
3800
3600
4000
6500
12000
4600
9500
3800
4400
14000
4100
3700
3800
3600
4300
4300
7700
3500
7400
24700
11200
3300
3500
3200
4100
3100
6800
3200
5900
3200
3300
3000
3300
3700
3300
3700
6200
3000
3500
5800
10800
4500
4000
3200
3100
3100
6900
2800
3400
3300
3300
3100
3600
3200
3500
9100
9200
3500
4100
3200
3100
3000
3800
3200
3400
3200
6300
2600
3200
2900
3200
3100
4500
3100
6500
4700
7600
4000
