973100
94700
59700
110000
30700
36800
31800
23600
35600
30500
17600
14700
20500
22900
20800
26200
22900
17200
25500
28900
16200
14700
25200
15300
19400
31100
22100
17100
75300
48300
24500
20800
32100
19200
44100
36500
29300
29000
51000
42600
19200
17500
26100
21100
28900
30400
27600
33600
36000
34100
20900
23700
32800
22000
28300
36100
27200
32800
28500
21600
38800
27600
32800
47800
28000
29700
38800
32300
65800
26400
36800
26500
21800
19800
23800
21300
28500
16800
46000
16100
32400
13800
35800
19200
29100
21400
26900
16800
37400
14600
31600
13500
68200
29300
34100
32900
41300
28500
54500
22400
26700
21900
48500
27000
31400
21800
26500
34600
55300
22000
22500
16000
42100
24300
24300
23600
25300
31000
62300
25000
24400
15800
30500
20000
1297700
40600
21700
74700
41500
17300
23700
14100
17500
14500
16900
15100
16400
23700
43000
18200
15300
12700
19500
17100
16800
14900
16800
25800
35200
15500
14300
11700
15700
13000
14700
20300
15400
24500
34400
18200
16400
13100
22400
14100
14400
15400
15900
16000
39500
15000
15400
12500
15700
13800
13500
13100
14500
15000
19200
20300
16900
13400
13400
15500
14700
16100
13800
14300
18000
11400
13700
11900
11300
14700
19300
21700
14500
13200
17400
17300
12900
11800
12300
12000
18100
15800
16900
17500
19200
12900
13800
13100
13800
13000
13300
22400
19500
14500
18700
14000
26000
14500
13100
12200
13000
13600
13400
12000
17000
11000
12500
11500
12100
12000
13200
15100
14900
13100
16900
9500
15500
16900
11600
17400
13300
13200
16500
11000
15300
17900
12500
11700
10600
14700
18300
13400
10900
14100
14800
9200
16500
11200
10900
10100
11200
10000
10200
9800
13500
20700
12000
10600
10200
11100
9600
15400
14000
10800
23900
9900
10800
30400
13100
11100
10800
15700
12100
10300
16000
9700
11400
9700
9500
8600
9600
14100
17900
11000
14200
8400
17700
11700
11200
14400
10400
9400
10900
18700
13600
18200
10600
11900
11100
16000
12100
10300
12000
20500
16000
19500
11500
10600
13700
12600
14500
10500
10900
17300
16200
17600
10300
8800
10600
9500
9800
14200
12100
15700
14500
14900
10100
10100
12200
14200
9100
18300
11200
9600
14300
37800
15000
9800
14300
15700
12600
13100
12900
10000
22000
17000
13200
9900
9500
9700
10600
9200
17000
10800
16700
9000
10600
12400
9800
10000
10100
9000
13600
9200
13800
7900
8700
8300
8800
12400
9700
9100
18700
10800
15500
8100
8100
8500
9000
8200
8600
9400
14200
9200
13300
13600
9800
8100
8300
8100
8800
16500
9800
8700
13600
14300
8800
8000
10000
10600
8800
9300
9600
8600
16700
8400
13000
10200
14300
9700
10500
13700
10600
11600
15200
9100
10800
10500
12900
45500
14100
13200
8300
7300
11500
6900
17100
8000
10700
7000
7200
11200
8500
7600
11400
618500
20000
5600
15800
5200
14100
6400
5300
4700
7200
4300
5600
4200
9500
8300
6400
4700
5200
7000
7000
4100
5400
4400
4900
4400
11500
7900
5000
7600
7200
4200
7200
5400
4900
4700
4900
5000
5100
5500
6900
4600
6100
6100
4900
49100
11900
13300
8200
7400
12100
6700
8300
6800
8300
7400
8900
6700
7700
7600
11400
6600
13900
8400
8700
8400
8300
7300
7800
7300
11100
6500
7400
34100
18200
7500
7500
7500
7800
7400
11400
6700
7400
9200
8100
6900
7100
7700
7800
8000
12000
6600
10000
8100
8100
7400
7600
27500
11700
8300
13300
13600
9200
7900
7900
7000
7900
11400
8100
14400
11100
11400
8600
8300
7500
7500
7900
11900
9100
7700
13000
13200
12200
34500
7000
6500
6800
6600
7400
12900
10400
11900
10600
6600
6700
6200
6000
6400
7100
10600
13800
10000
7900
7800
6400
6800
11400
6100
7400
12500
10000
5800
