731100
10300
6100
5500
4400
4500
7100
9000
5300
4400
7000
5400
7600
5700
6000
9100
5900
6200
7300
6200
10300
7600
6500
6900
6100
12500
6200
5700
5700
5400
8300
6900
5200
5300
5500
8400
5700
5400
5300
6200
9900
4700
6900
6500
5800
5400
5700
6500
5500
8900
9300
30500
7500
6300
8300
9000
5700
5600
6400
5900
8100
5800
9300
7800
6700
5700
5800
5200
5200
5900
8400
6100
6500
5700
5400
8500
11000
6900
5800
5500
8300
5600
6000
4900
6300
18300
13800
5600
4300
3800
6200
3900
4000
3700
3900
6800
4400
3800
3500
3400
5400
14200
4100
3900
3000
3200
2800
2600
2800
2800
4900
3600
2700
7400
4200
6900
4100
3800
4000
3800
7400
4200
3400
3300
2700
2700
2800
11400
3100
4800
2800
2800
2600
2600
2700
2700
2700
2700
2800
2900
2900
2800
2600
2800
4200
2900
2600
2700
2700
4200
4400
2700
2900
4100
4000
2800
2700
2600
2600
3300
3400
2800
2800
2700
2700
3100
2700
2800
3200
4900
3000
3100
2700
2700
2800
2600
3100
2600
2700
2800
2700
3100
2900
2800
3100
2700
2600
2900
2600
4100
3000
2700
2500
2900
3000
2700
2900
2800
2700
2700
2700
2600
2700
3300
3200
3100
2700
2600
2700
8300
4200
2600
3500
2900
2900
2700
3100
2800
2900
2700
2800
2900
2800
2900
2800
2700
2700
3000
2800
4400
2700
4100
2700
3700
2900
3200
3200
3000
2600
2600
8400
3800
2900
3400
3500
2900
2400
2700
2500
2400
2600
2500
2500
3600
2500
4100
3200
3400
2700
2500
3600
2500
2600
2800
3000
2500
2400
2400
2600
2400
2500
2500
2500
2600
2500
2600
2400
2500
7800
2600
2800
2400
2900
2500
3200
2500
2500
2500
2600
2500
2500
2500
2900
3000
2600
2600
4100
2600
2600
2900
2700
2400
2500
2400
3000
2600
2500
2400
2500
2500
2500
5500
2500
7400
2600
2500
2500
2600
2500
2900
2600
3800
2600
2400
3100
2400
2300
2500
2500
3100
2500
2600
2500
2400
2500
3100
2500
3200
2600
2900
2800
2800
2400
2500
2800
2500
2400
2500
2500
2500
2700
2600
2500
2400
2500
2600
2500
2400
2500
2700
18500
4300
3600
3000
2800
2500
3500
2600
2500
2700
2500
2500
2700
2600
2400
2800
2500
2800
2900
2500
3000
2600
2400
252200
15200
3800
3300
3800
2800
2500
2800
2600
2500
2700
2600
2600
2600
2500
2600
2900
2900
2500
2500
2300
2600
3000
2900
2600
2700
2500
4600
2400
2300
2900
2500
2500
2600
2500
2400
2500
2700
3500
2500
2600
2600
2700
2600
2600
2700
14400
3000
2700
2700
2500
2700
2500
2600
2400
2500
2400
2500
2600
2600
2600
2400
3700
2800
2600
2400
2300
2500
4500
2500
2600
2600
2500
2500
2700
2500
2700
2400
2600
2500
2600
2600
8900
2800
6200
3100
2500
3400
2500
2500
3000
2600
2600
2600
2700
2500
3300
31200
2400
1700
1600
3100
1700
1800
1500
1400
1400
1500
1500
1700
1400
1500
1600
1500
1600
1700
1500
2300
1600
1400
1600
1800
1500
1500
1400
1600
1900
4900
1600
1400
1700
1500
1500
1500
1400
1600
1500
1700
1800
1500
1500
1500
1500
1500
1700
1600
1400
1500
1500
1500
1800
1600
1700
1600
1500
1500
1700
1600
1500
1600
1500
1400
1700
1500
1600
1500
1600
1500
1500
3100
2200
1500
1500
1400
1600
1500
2000
1700
1600
1500
1600
1400
1700
1500
1600
1500
1400
1500
1700
1500
1700
2000
1600
1500
1700
1400
1500
1600
1600
1500
1700
1400
1500
1500
2000
1500
1600
1500
1500
1400
1400
1400
2600
1500
1600
1600
1500
11500
50300
1200
11300
1300
1000
700
700
800
700
700
700
700
700
600
600
700
800
600
1400
1200
700
600
900
700
2000
700
700
600
1100
700
600
600
600
700
800
600
600
600
600
800
900
700
900
700
1100
700
600
600
600
600
600
800
600
600
700
600
600
900
700
700
700
600
700
5700
700
700
700
700
700
1100
600
600
600
600
600
800
700
600
600
1000
1200
1000
600
700
700
600
600
900
700
700
600
700
600
700
600
800
700
700
700
800
600
600
600
600
800
700
600
600
600
600
600
700
700
700
600
700
1100
900
700
2200
800
1700
800
600
800
500
800
1600
700
700
700
600
600
2900
700
700
700
600
1600
800
600
600
600
700
1600
700
700
600
700
600
5000
700
700
700
600
800
800
1400
700
800
700
600
600
800
700
700
700
600
600
700
700
700
600
600
600
600
700
600
600
700
900
1300
700
700
600
700
800
700
1200
700
600
700
900
700
700
600
700
700
800
700
800
1300
1400
600
900
600
600
700
600
600
800
700
600
600
700
800
700
700
600
800
700
900
900
600
700
700
800
600
600
600
600
600
600
700
600
600
700
4800
700
3300
800
1600
1300
700
600
600
700
700
900
900
600
700
700
700
900
700
700
700
600
1000
900
900
700
700
600
700
900
600
600
600
700
700
900
700
700
600
600
1200
900
1000
700
700
700
700
800
700
600
700
600
600
700
700
700
700
700
900
700
4900
800
900
900
700
700
700
900
700
900
800
700
700
700
600
5200
700
700
700
700
800
900
1000
700
700
600
900
800
700
700
700
700
800
700
700
700
600
700
900
700
700
700
800
800
1000
600
700
700
700
700
700
700
700
700
700
900
700
700
700
600
600
800
2700
1000
1300
700
700
800
700
800
700
700
700
1100
900
700
700
600
600
700
3900
1000
1100
800
700
1000
700
700
700
3400
800
900
700
800
700
700
700
600
600
700
700
700
1000
900
700
700
800
700
800
700
700
700
700
700
700
1100
700
700
700
700
900
700
900
700
700
700
900
700
700
1400
700
600
900
700
700
700
700
700
700
700
600
700
1000
900
700
600
700
700
800
800
700
700
700
700
600
900
700
600
600
600
600
900
800
700
700
700
600
600
600
700
700
700
600
700
600
700
700
600
700
700
700
700
11800
3200
1500
700
700
600
600
900
700
900
700
700
600
700
600
900
700
700
700
700
1100
900
700
1200
700
700
700
900
600
600
700
600
600
700
700
600
600
600
900
700
5900
2600
900
700
900
700
600
700
700
700
900
700
600
600
600
600
700
700
700
1200
1000
5600
700
700
700
700
700
2800
700
600
600
600
700
600
600
600
700
600
800
700
900
700
700
600
800
700
600
600
700
600
900
800
700
700
700
600
1300
800
700
600
800
700
700
600
700
600
700
700
600
700
600
600
600
600
1000
600
700
600
700
600
