963200
10100
7700
4900
4300
6600
5600
5000
10100
4900
8600
4800
3900
5800
13600
14600
6600
5400
5300
4300
6300
4600
3800
3900
4200
8300
5500
4400
3900
4700
5900
4200
4200
4100
7000
6300
4300
3800
3600
3400
6300
5600
4400
4700
3800
3600
4100
3700
3900
4000
5900
6000
4200
4000
5400
7500
4100
3800
4500
4200
6100
4200
3700
3900
4100
3600
4300
4000
3700
3800
5200
3900
3800
7200
4100
5500
4800
9100
3900
3700
7000
4200
3900
3800
3700
6800
6700
4100
4500
3900
5800
4300
3800
4800
8900
10100
4700
4000
4300
4600
5900
4000
13200
6300
5400
7100
4500
3600
3600
3700
5700
4100
3800
4200
4000
5400
3600
3500
3500
4400
6900
3500
3300
2700
2800
3100
2500
6800
2500
3200
2600
2300
2600
2400
2600
4200
2600
2400
2500
2300
2900
2500
2400
2400
2400
2400
2600
13400
2500
3200
2400
3000
2500
5700
3300
3100
2500
2700
2800
2600
2800
2500
2500
2600
25100
8200
4700
3500
2800
3700
3700
2800
2900
2700
2700
2700
2500
3700
2600
2700
2800
4400
2500
3100
2900
2500
2500
2700
2300
3400
2800
2400
2500
2300
7600
2400
2300
2800
2400
2600
2900
2400
2200
3000
3000
2800
2600
2600
2400
3200
2400
2500
2300
4000
2400
2700
2400
2400
2400
2600
2500
2400
2300
2300
2300
3000
2400
2600
2400
3100
2700
2400
2500
2400
2400
2300
2700
2600
2500
2200
14800
4700
4400
3500
3200
3300
2800
8900
2900
3200
2900
3400
2900
3000
2900
6100
3900
4800
3600
3100
3400
3000
2900
3800
3300
3200
2900
3200
3000
2900
2900
2800
3600
2900
3100
4000
3100
3000
2900
3000
3200
2900
2900
4000
3400
3400
2800
2900
3400
3100
3000
2900
3000
3000
4300
3000
2900
2900
3300
2900
3100
3000
3000
3000
3600
3500
3300
3100
3000
3000
3300
3300
3300
39400
9600
3000
2500
5600
2800
3000
3200
2700
3100
2700
3100
2700
2700
2800
2700
3500
2900
2800
2800
2600
2800
3500
2800
6300
2900
3000
3100
3600
3000
2800
2900
2800
2600
2700
2700
2700
2600
2800
2700
2600
2700
2800
2800
3000
2800
3000
23600
15300
2500
1800
1900
1800
2300
1800
2400
2100
1900
1800
1800
1800
2000
1800
1700
1700
1800
1800
2000
1700
1800
10400
1900
1700
2500
1800
1900
2000
1700
1700
1600
1800
1600
2100
1600
1700
1800
1600
1700
4700
1800
2200
1900
1800
2300
1800
1700
8400
3100
2000
1800
1700
2300
2000
1700
1900
1900
1700
1900
2000
1700
1800
8500
2400
2200
1900
1700
2000
1800
1900
1600
1800
1900
2000
1900
1700
1800
1800
1800
2100
1800
1800
1700
1800
2300
2200
1900
1800
2100
1800
1900
1800
1800
1800
1900
1800
1800
1800
2000
1700
1900
1800
1700
1800
2300
1800
2200
2700
1800
1700
1700
1700
2000
2400
1900
1800
1800
1600
44400
2700
1000
700
3300
800
900
600
600
700
700
700
700
1000
700
700
700
3900
700
700
700
600
700
900
700
600
700
600
700
600
700
600
800
700
900
700
600
700
700
700
1300
800
600
700
700
700
900
800
700
700
700
600
900
800
800
700
700
700
900
700
2500
800
700
700
900
700
600
700
2400
700
700
800
600
600
600
700
700
1000
600
600
900
600
700
900
600
600
700
600
700
800
700
600
1200
700
600
700
600
600
700
600
800
600
800
600
700
800
800
700
600
700
700
600
800
700
600
700
600
600
800
600
2300
1000
700
700
700
700
800
600
600
600
700
600
800
600
600
700
700
600
3400
700
700
700
700
700
1000
1600
700
700
700
600
900
600
600
600
600
600
900
600
700
600
700
600
900
700
700
700
800
600
900
700
600
800
700
700
900
600
700
700
700
600
1000
700
700
700
600
600
900
700
600
700
700
900
600
700
1000
700
700
900
700
700
700
600
700
1100
700
600
700
700
700
700
700
600
700
600
600
700
700
700
600
600
900
700
600
700
600
700
800
900
600
700
600
700
700
3500
700
600
600
1200
900
600
1900
800
1200
800
700
700
600
800
900
700
700
600
700
700
900
700
700
600
600
800
1000
700
600
700
600
1000
1300
700
700
700
600
900
700
600
700
600
600
900
700
700
700
700
600
900
700
700
700
700
900
700
600
600
600
600
1000
700
700
700
600
900
800
700
600
700
700
900
700
600
700
700
600
900
700
700
700
700
700
800
700
700
700
600
700
700
800
700
700
600
700
800
1300
700
600
700
800
800
600
600
800
700
1000
700
700
700
700
900
600
700
700
700
700
3700
800
600
600
700
700
900
700
600
2700
1800
700
700
700
600
700
600
1500
700
600
700
700
800
600
600
600
1100
700
900
900
600
900
600
600
600
600
700
600
700
700
700
700
700
600
700
1000
800
800
700
800
2200
900
600
700
700
600
900
600
600
600
600
600
3600
800
800
700
700
700
600
1000
600
600
700
700
700
700
600
700
600
800
700
600
600
700
700
900
700
700
600
800
600
800
600
700
700
700
700
800
700
700
600
700
800
700
700
600
700
600
900
800
700
600
700
600
1000
600
800
600
700
600
700
700
700
600
600
900
700
700
600
1600
800
900
4000
900
800
700
700
700
800
600
700
900
700
700
800
600
700
700
700
1000
700
700
900
700
600
1600
800
800
600
600
700
900
700
600
700
700
700
800
700
800
700
700
700
800
800
600
600
700
700
800
700
600
700
700
1200
600
700
700
600
800
900
600
800
2300
700
700
700
900
700
700
700
700
900
600
700
700
700
700
900
1200
1200
700
700
700
900
700
700
700
700
700
600
600
700
700
700
3900
800
800
700
800
600
900
700
800
700
600
600
800
600
700
700
700
600
800
900
700
700
600
600
1400
800
600
700
700
2300
800
700
700
700
700
900
700
600
700
700
800
600
600
600
1100
700
1000
700
700
700
700
900
1000
600
600
700
600
600
800
700
700
700
700
700
800
700
600
700
600
900
1600
700
700
700
600
1400
700
600
700
700
700
800
600
600
1100
800
700
4400
800
700
700
600
700
700
700
700
700
700
800
700
600
700
700
700
1100
700
700
600
700
700
900
700
700
600
700
700
800
700
700
700
600
700
600
700
700
900
700
800
700
700
700
700
600
900
900
700
700
700
700
900
700
700
700
900
