711100
9800
5800
7900
4200
4300
3900
8600
4100
3900
6600
4500
4700
4000
4000
5600
3900
3600
4700
4500
6100
4500
4200
4000
4200
7800
4200
3700
4000
3800
7000
4500
3700
3700
4000
5800
4300
3800
3700
4500
5700
3700
4000
4300
3500
4700
3800
5000
3700
4900
5900
5500
4100
3700
5500
6900
4100
4100
4100
4000
6100
4400
6300
5600
5800
3800
3900
3800
3600
4100
5400
4400
4400
7200
4400
6400
6900
3900
3700
3400
5600
3700
3500
3300
3500
5200
5100
4100
3600
3500
5700
5300
4400
4300
3400
5200
3300
3400
3400
3300
5400
12200
9700
3600
3300
2900
2900
2900
4400
3100
4900
3800
6100
3500
11200
5000
3000
3300
3500
3200
9100
4200
3500
7600
3100
3200
2800
23400
5300
5400
3600
3200
2900
2800
2900
2900
2800
2700
2800
2700
3200
2700
2800
2700
3000
2900
2800
4600
3000
4400
4000
3000
2800
2900
3400
2800
3000
3000
2700
3400
4000
2700
2700
2900
2800
3200
9500
2700
2900
4500
3400
3000
2800
3000
3200
2600
2700
2800
3600
3300
2900
2600
2700
2700
2700
2700
2800
2700
2700
5000
3100
2700
3200
2800
2600
2800
2700
3500
2900
3200
2900
2700
2600
2800
3200
2700
2600
2800
2600
4300
2900
2700
2600
2800
2800
2700
2900
2700
2600
2700
2700
2800
2800
2900
4000
2800
2800
2800
2600
4100
2800
8900
2800
2600
2900
2600
3200
2800
2700
2600
9600
3400
2700
2300
2600
2100
2100
2600
2200
2100
2200
2200
2200
2700
2200
4200
2300
88100
4500
4000
3600
2300
2800
2200
2600
2100
3500
2200
2300
2100
2200
2200
2000
2100
9200
2300
2100
2200
2200
2100
3600
2100
5300
2200
2500
2100
2100
2100
2100
2200
2300
2100
2100
2900
2200
2100
1900
2200
2100
2500
2100
2200
2100
2200
2500
2300
2000
2200
2200
2000
2200
5400
2300
2300
2200
2200
2200
2300
2200
1900
2200
2200
2300
2200
2300
6100
2100
2300
2100
2200
2100
2200
2200
2300
3500
2400
2100
2200
2200
2400
2300
2700
2300
2200
2600
2100
2200
2100
2500
2500
2900
2200
2200
2300
2200
2400
2100
2200
2000
2200
24800
3000
2500
6600
1700
1800
4200
3800
1600
1800
1700
1600
1600
1700
1700
1600
1600
1800
1700
1800
2000
1700
1800
1700
1700
1700
2100
1700
1900
1700
1600
1600
1700
1600
1800
1700
1600
1900
1500
1600
1800
1600
1700
1700
1700
1900
2100
1600
1900
2000
1700
1600
1700
1800
1600
1600
1600
1600
1700
1700
1800
1600
1800
1600
1600
1700
2200
1600
2100
1700
1900
1700
1800
1700
1700
1600
1800
1700
1700
1600
2100
1700
1800
1600
1700
1700
10500
2000
1700
1700
1600
1600
1900
1900
1900
1800
1800
1600
1600
1700
3600
1800
2200
1600
1700
2100
2200
2200
1700
1700
1800
1900
1700
1700
1800
1700
1700
2000
1700
1900
10300
16000
1800
12200
1500
1300
1400
4500
1500
1600
1400
1400
1300
1300
1400
1500
1300
1300
1500
1500
1600
1700
1300
1500
1400
1300
1600
1300
1300
1400
1300
1400
1500
1300
1300
1300
1300
1200
1600
1500
1600
1400
1300
1400
1600
1300
1300
1400
1300
1400
2100
1400
1300
1400
1400
1400
1600
1300
1300
1400
1500
1400
1500
1300
1400
1300
1300
1300
1600
1400
1400
1300
1400
1500
1300
1600
1500
1300
1400
1400
1500
1500
1300
1400
1900
1400
1300
6700
1400
1400
1400
1400
1600
2000
1400
1400
1300
1400
1500
1300
1500
1800
1500
1400
1500
1300
1200
1400
1400
1300
1500
1300
1300
1300
1300
1300
1400
1300
1300
1300
6900
29200
1600
800
700
600
700
600
800
600
700
700
900
1000
1000
1300
1100
1200
1300
1100
1200
800
700
1000
1000
2800
1300
1100
1000
1100
1100
1000
1400
1100
1000
1100
1200
800
700
600
700
600
700
900
600
800
900
700
700
900
600
600
700
600
600
600
600
600
600
600
700
800
700
700
700
700
600
800
600
600
600
700
700
900
700
700
600
600
600
800
700
700
700
700
600
700
700
700
600
600
600
1100
600
700
700
700
600
800
600
700
700
700
600
800
600
600
600
600
700
1700
600
700
600
700
700
800
700
600
600
600
1900
900
700
700
600
700
600
800
800
600
700
700
900
1200
800
600
700
600
600
600
700
700
600
600
900
600
900
700
700
600
900
700
600
600
600
600
700
600
700
600
700
800
600
700
700
700
700
700
900
600
600
700
4000
700
900
600
600
600
600
700
700
700
700
700
700
700
900
600
700
600
700
4900
700
600
700
600
700
700
600
600
700
700
800
600
1200
1100
700
700
600
700
700
600
700
600
800
600
700
600
600
600
900
700
1300
800
700
800
700
600
700
600
800
600
600
700
700
700
700
700
600
700
2200
800
700
700
700
900
700
600
800
700
700
700
600
600
600
600
800
600
700
700
1400
900
700
600
700
700
600
700
600
600
600
600
600
800
700
600
600
600
900
600
1700
700
600
600
600
800
700
600
600
600
700
700
600
600
600
700
800
600
600
700
800
700
700
700
600
700
700
900
600
600
700
600
600
800
600
600
600
700
600
700
800
700
700
700
800
600
600
600
600
700
900
700
700
600
700
600
600
600
700
600
800
800
700
600
700
600
600
900
600
700
700
600
600
800
600
600
700
600
600
600
3700
1500
1200
1200
1200
1100
1400
1000
1000
1100
1200
1200
1400
1200
1100
1900
1100
1300
1000
1100
1500
1100
1100
1300
1100
1000
1100
1000
1100
1300
1100
1100
1200
1100
1200
1100
1100
1200
1100
1700
1600
1100
1100
1100
1100
1100
7000
1200
1100
1100
1100
1100
1300
1000
1200
1100
1100
1000
1300
1100
1500
1000
1200
1200
1300
1100
1100
1100
1100
1200
1100
1200
1100
1100
1100
1400
1100
1100
1100
1100
1700
1400
1100
1200
1100
1200
1500
1200
1100
1100
1600
1100
1300
1100
1100
1100
1100
1000
1300
1100
1200
1100
1000
1200
1200
1100
1200
1100
1200
1300
1100
1100
1100
1100
1100
1400
1100
1100
1000
1100
3500
1500
4900
1800
1300
1200
1200
1100
1600
1500
1200
1200
1200
1200
1400
1100
1100
1100
1100
1000
1900
1200
1200
1200
1200
1200
1100
2500
1300
1100
1000
1200
1200
1000
1100
1100
1200
1400
1200
1200
1400
1300
1200
1300
1200
1200
1300
1100
2900
1500
1300
1200
1200
1200
1200
1500
1100
1100
1300
1100
7800
4800
1200
1200
1200
1100
1100
1400
1000
3800
1100
1100
1200
1300
1300
1100
1200
1200
1200
1200
1300
1200
1200
1200
1400
1200
1100
1200
1200
1100
1100
1300
1300
1200
1100
1200
1100
1200
1200
1200
1500
1400
1100
1200
1100
1100
1100
1300
1200
1100
1100
1000
1000
1000
1100
1100
1000
1200
1100
7900
