745200
10300
6400
5300
4400
4500
3800
3800
8300
4300
7400
5600
4400
4900
4400
9600
5300
4200
4800
4200
6700
4800
4100
3800
4300
11200
5400
4200
3800
4700
5800
3800
3900
3700
3900
5800
4100
3700
4000
3700
6700
4500
4700
5700
4000
3800
4100
3700
3900
4000
6100
6100
3800
3700
3800
5800
4500
4100
4700
4400
6300
4000
3800
4100
5000
4000
4000
3900
4100
4200
7000
4100
4500
9700
4300
8200
11100
4600
4100
4200
7000
4000
4200
4100
3800
7500
6500
4600
6200
3900
6000
4200
4100
4500
9300
8800
4900
4500
5300
4800
6600
4400
14600
5500
4600
5900
4600
4500
4900
4300
6000
4000
4600
4200
4300
5800
4400
4300
3700
3800
10700
6800
5200
4300
3800
4200
3400
12600
4900
6900
4000
3600
3300
3700
12300
4300
3700
3500
3400
3200
3800
3100
3200
3300
3400
3300
3500
3300
3200
4800
3400
3700
3700
3400
4000
4000
3700
3400
3400
3300
5400
3100
2700
2700
3200
4800
4500
3300
3100
5100
4500
3700
3100
4600
3300
3100
3300
3900
2900
5800
3300
3100
3400
5500
4200
4400
4300
3900
3900
4500
5200
3700
3800
3700
3300
3200
3200
3600
3200
3100
3400
3300
3200
3200
7500
3200
3100
7700
3200
4400
3400
5200
3300
3000
3400
3100
3800
3100
3200
3100
3600
3200
3100
3100
3000
3100
5700
3800
3200
4300
3600
3700
3700
3400
3000
4000
3200
2700
2900
3400
9500
3500
2800
2300
2600
2400
2200
7300
2800
2800
2800
2800
2900
2800
2800
7200
3500
4300
3100
2900
3800
3300
3600
3100
3300
3400
3100
3000
3100
3200
3300
3000
2900
3000
3000
3100
3000
3300
3500
3100
3200
3000
3500
4200
3400
3200
3100
3000
3000
2900
2900
5500
3100
3000
3600
2800
2800
2800
3100
3200
3300
3000
3000
3000
3100
2800
2900
3100
2900
2900
3000
7000
3000
3100
3000
2900
2900
2900
3000
2900
3700
3000
4800
2900
3300
2900
2900
3100
3000
6500
2800
2700
2800
2800
3200
3400
3200
2800
2900
2800
3100
4000
2900
2900
3400
2700
2900
2800
3000
2800
3000
5300
2900
2900
3000
2900
2800
2900
2900
2900
35500
2800
1600
1500
1800
1600
17200
1700
1800
1700
1700
1600
1500
1500
1500
1700
1500
1500
1500
1500
1800
1900
1500
1500
1900
2100
2600
2100
1900
2200
2000
2000
2100
2100
2300
2300
2100
2200
2000
2200
2300
2300
2100
2200
2000
2200
2400
2100
2200
1900
2400
2200
2200
2000
2000
2100
79700
2400
1900
2000
2700
2400
9200
2600
1700
1500
2200
1600
17000
1900
1800
1600
1600
1700
1900
1600
1600
1500
1500
1500
1800
1600
1900
1500
1600
2700
9800
1600
1600
1600
1500
1500
1500
1700
1500
1500
2000
1800
1500
1500
1700
1500
1800
1500
1500
1500
2000
1700
1600
1400
1800
1800
1500
1700
1500
1600
1700
1400
1400
1500
6900
2900
4800
1900
2000
1300
1500
4200
1600
1300
1300
1500
1300
1300
1300
1300
1300
1600
1300
1300
1700
2000
1600
1600
1400
1400
1400
1300
1400
1600
1400
1300
1400
1400
1300
1500
1300
1400
1400
1400
1500
1500
1400
1300
1400
1300
1300
1500
1300
1400
1800
1400
1200
1500
1300
1300
1300
1300
1200
1300
1400
1300
1400
1200
1500
2400
1300
1300
1300
1300
1200
1300
1300
3200
1400
1400
1400
1200
1700
1300
1500
1300
1300
1400
1800
1300
1200
1300
1400
1500
1200
1700
1300
1200
1200
1400
1300
1300
1300
1300
1400
1500
1300
1300
1400
1300
1300
1500
1200
1300
1300
1300
1300
1300
1300
1300
1200
1300
1300
1600
6500
24300
900
600
600
600
800
600
600
600
600
600
800
700
600
600
600
600
800
600
700
600
600
500
800
1400
600
600
700
600
900
600
600
600
600
600
600
600
600
600
700
600
5400
700
600
600
600
600
800
600
700
600
500
500
800
500
600
600
600
600
800
600
600
600
600
700
800
600
600
600
600
600
1000
600
600
600
600
600
700
600
1100
1500
600
600
800
600
600
700
600
600
700
600
600
600
600
600
800
600
600
600
800
600
800
600
700
600
600
600
800
600
600
500
500
600
1300
600
600
600
600
600
2900
1400
1300
1200
700
700
700
800
1100
600
500
600
600
5000
3600
600
600
600
600
800
700
700
600
600
600
900
700
600
700
600
600
600
600
500
1100
700
600
700
500
600
800
700
700
700
700
600
600
600
600
900
600
600
600
600
700
600
700
600
600
600
900
600
600
600
600
600
800
500
600
600
600
600
1000
700
500
600
600
600
800
600
700
600
500
700
600
600
600
900
1100
800
600
600
600
600
600
800
600
500
600
700
900
700
600
600
700
800
700
600
600
600
600
600
600
600
600
600
600
600
600
500
3200
1000
700
700
600
700
700
700
800
700
700
900
900
700
700
700
600
800
700
1500
1400
700
1000
700
700
800
800
700
900
3400
700
600
700
700
800
700
600
600
600
700
1000
800
700
600
700
800
600
700
600
600
600
800
600
700
700
600
600
800
600
600
1000
600
900
900
700
600
700
600
600
600
600
700
700
5800
800
600
700
700
600
800
1200
600
600
600
600
900
700
600
700
700
700
800
700
700
700
700
600
700
700
700
800
600
700
700
600
700
600
600
600
700
700
700
700
700
900
700
600
600
700
600
2100
800
700
700
700
600
700
700
600
700
1000
1400
1000
700
600
700
700
800
700
600
900
700
800
1500
700
700
600
600
600
800
700
600
600
600
700
700
600
700
600
700
1100
800
700
600
700
700
800
600
600
700
600
700
800
700
700
600
700
700
700
600
1200
1300
700
1000
600
700
600
600
600
800
600
700
600
700
600
900
700
700
600
600
5700
800
700
700
700
700
900
600
800
700
700
700
1000
700
700
700
600
600
600
600
900
700
700
800
600
600
600
600
600
800
600
700
600
600
600
700
700
700
700
600
2900
900
1000
700
700
700
900
600
600
700
600
600
800
700
700
700
800
700
900
700
1400
700
700
700
800
700
600
1000
800
700
800
600
800
700
700
1000
700
700
700
700
900
1100
700
600
600
600
700
800
600
600
600
1100
900
600
700
700
700
600
600
600
900
700
700
1600
800
700
600
700
600
900
600
700
600
600
700
5200
700
700
600
700
800
600
600
700
700
600
900
600
600
700
800
700
900
700
900
700
700
700
1300
600
1100
1100
900
600
900
700
700
700
1100
700
800
600
700
600
700
700
600
700
600
700
