755700
9300
6200
5000
6000
4900
3800
4200
8500
4000
6400
5500
5000
5600
4800
10000
4900
4000
4500
4200
6400
4800
3800
3900
4100
8200
5600
4100
3800
4700
6100
3800
4000
4800
4100
6000
4200
4000
7000
4000
9800
4800
4400
5000
4200
4000
4500
3600
4500
4000
5800
5700
3900
3900
4100
5700
4300
4000
4000
3900
6300
4300
4400
4200
4400
3800
3900
4000
3800
4000
5800
4200
4500
9600
4000
7500
5900
10800
4000
3800
6800
3900
4100
3800
3700
7900
6600
4100
4300
4000
5800
4000
4400
4800
9800
6800
4700
5400
6100
4400
7600
4200
11600
5400
4600
3900
7800
4400
3900
4500
6400
4000
4100
4000
4600
6300
4200
3800
4300
4000
7500
3800
3100
2900
2600
3000
2500
6600
3000
3500
2500
2600
2500
2500
2800
2500
2400
2700
2700
2500
3200
2500
2600
2500
2600
2600
2700
2700
2500
3200
2600
2400
3000
2500
2700
3200
2500
2500
2800
2600
2700
2500
2600
2600
2600
4100
3500
4400
2400
8100
3100
2700
2500
2400
2500
2300
2600
3000
2800
2400
2400
2400
2500
3000
2500
2400
2400
2600
2700
3300
2800
2400
2400
2500
2500
2700
4000
2600
2600
2400
2400
2600
2300
2400
3400
2500
2400
5400
2400
3000
3800
2400
2300
2400
2600
2500
2300
2900
2400
2300
2700
2300
2400
2400
2800
3300
2500
2500
2500
3100
3000
2600
2400
2600
2400
2500
3000
2400
2600
2600
9200
3400
2600
2300
3100
2300
2300
4800
2700
2700
2800
3000
2900
3100
2800
7100
3400
4300
3100
3200
5600
3100
3400
3200
3700
4700
3000
3000
3500
3300
3300
3000
3100
3000
3400
3300
3000
3100
3100
3400
3400
3400
3300
4300
9400
3400
3400
3300
2800
3400
3500
3200
3200
3000
4100
2900
2900
2900
2900
3100
3300
3000
3200
3400
3200
3200
3100
2900
3100
10500
3500
96600
7200
3800
3200
3000
3100
2800
3600
3000
3100
2900
3300
3000
3200
2900
3200
2800
3600
2900
2900
3200
2900
2900
2900
3700
2900
3300
3000
3000
3100
3800
2900
3100
3100
2900
2900
3000
2900
3100
2800
3100
3100
3400
3000
3000
3300
3100
3000
3300
36200
3000
1500
1800
1500
1500
3800
14700
1800
1500
1400
1600
1600
1500
1700
1500
1900
1500
1400
1500
2000
1600
1700
1500
1900
2100
2300
2000
2500
2000
2100
2100
2100
2200
2000
2000
2200
2100
2100
2200
2200
2000
2100
2000
2100
2000
2500
2100
2300
2500
2200
2100
2100
2100
2100
8000
1900
2100
2300
163100
5000
2100
2000
1600
1600
1700
2600
1800
2300
1800
2100
1800
1700
1600
1500
1800
1500
1500
1500
1600
1700
1800
1600
1600
1500
1600
2000
1700
1600
2000
1800
2100
1600
1700
1600
1600
1800
1600
1600
1500
1700
1600
1600
1500
1600
1500
2900
1500
1600
1500
1700
1600
1500
1500
5600
1500
1700
1500
1400
1500
5900
6100
1500
3600
1500
1400
1300
5100
1800
1400
1600
1400
1400
1300
1400
1300
1300
1300
1400
1400
1700
1500
1300
1400
1400
1600
1400
1500
1400
1400
1300
1400
1300
1600
1400
1300
1500
1400
1700
6800
3800
1500
1400
1400
1400
1600
1300
1400
1300
1300
1900
1300
1300
1400
1400
1300
1600
1400
1400
1500
1500
1300
1600
1400
1400
1300
1400
1300
1600
1300
1600
1400
1400
1400
1400
1300
1400
1500
1500
1300
3000
1600
1300
1300
1800
1400
1400
1500
1300
1300
1300
1300
1600
2200
1500
1300
1400
1300
1300
1600
1500
1300
1300
1400
1400
1400
1300
1400
1300
1400
1500
1300
1400
1200
1300
1500
1600
1400
1300
1300
5600
25600
800
1000
900
700
700
600
600
600
800
700
600
700
700
700
600
600
600
600
700
700
1100
600
700
1700
700
700
700
700
700
600
700
800
600
700
700
600
700
800
1000
800
700
600
600
600
700
700
600
800
700
600
700
700
600
600
800
700
600
600
700
700
700
700
700
600
700
800
700
700
800
700
700
1000
5400
800
600
600
700
700
900
700
700
600
600
700
900
600
600
600
700
700
900
700
900
700
600
700
900
700
800
700
600
600
600
600
700
800
600
600
700
600
700
700
600
800
1100
700
600
700
2200
900
700
700
4900
700
700
800
700
600
900
700
600
800
600
600
700
700
700
700
1100
900
600
700
700
700
600
900
600
600
700
700
700
900
700
600
1300
700
700
3600
800
700
700
700
800
700
700
700
700
700
800
600
700
700
700
700
1400
700
600
600
700
900
600
600
700
600
600
700
700
700
600
700
700
700
600
600
600
600
700
800
1600
700
1200
700
700
700
700
600
600
600
600
700
900
700
700
700
800
700
600
600
700
700
700
700
700
700
600
700
700
600
600
700
1000
600
700
700
600
700
600
700
3300
1400
800
700
600
1100
600
700
1400
700
600
900
700
700
700
700
600
1100
600
600
1000
700
800
600
800
700
600
700
800
700
600
600
600
600
900
600
2700
700
900
600
1300
600
600
700
700
800
700
600
700
600
700
800
600
600
800
600
700
800
700
700
800
700
600
800
700
700
700
700
700
900
700
600
700
600
600
700
700
700
700
700
1300
800
700
700
700
600
1000
700
600
700
700
800
600
700
700
600
700
900
700
700
1100
700
700
700
1100
800
700
600
800
700
700
700
700
700
900
600
700
700
700
600
2900
1100
700
600
700
1000
700
600
700
600
600
700
1000
800
18500
3000
1700
1300
1200
2800
1400
1300
1400
1500
1200
1300
1100
1200
4600
1200
1200
1200
1100
1200
1400
1200
1300
1300
1300
1300
1700
1200
1100
1100
1100
1100
1400
1300
1000
1100
1100
1000
1100
1100
1100
1000
1000
1300
1000
1100
1300
1100
1100
1200
1100
900
900
1900
1300
1100
1100
1100
1100
1100
1300
1000
1200
1700
1100
1200
1600
1100
1100
1100
1100
1100
1000
1100
1000
1100
1200
9100
1100
1000
1200
1200
1100
1300
1100
1100
1700
1200
1300
1000
1100
1100
1000
900
1200
1100
1000
1100
1100
1100
1200
1000
1000
1100
1200
1100
3500
1400
1100
1200
1200
1200
1000
900
1000
1000
1000
1300
1000
900
1100
1000
1000
1200
900
1000
1200
1000
1400
1000
1000
1000
1100
1400
1000
900
1000
1000
1000
1000
6400
1000
1100
1000
900
900
1300
1300
1000
1000
1000
1000
1200
900
1000
900
1000
1100
1800
1000
900
900
900
1000
1000
900
1200
900
900
1700
1000
900
1000
1000
1300
1000
1100
1000
1100
1000
1200
1000
1000
1100
1100
1200
1100
1200
1200
1100
1100
1300
1200
1100
1100
1100
1100
1300
1100
1100
1100
1100
1100
1300
1100
1100
1200
1200
1100
1300
1200
1200
1200
1300
1200
1300
1100
1100
1200
1200
1000
1200
1100
1100
1100
1200
