913200
9700
6000
4600
4200
4100
3600
10300
5300
5100
5900
4500
6400
5600
4300
6000
4000
7400
5300
4000
6100
4400
3800
4300
4000
8700
5400
3800
3700
3800
6300
4800
4200
3700
4100
5700
4100
3500
3700
4000
7000
3900
4500
4200
3600
3800
3500
5000
4100
3900
5900
5900
4500
3900
3800
6300
3800
3800
4500
4000
5800
3800
3900
3800
3700
4200
3600
3500
3600
3900
5400
3800
4600
9700
5200
10500
5200
4000
5900
4400
6200
4000
4500
3800
4000
7600
7900
3900
4000
3900
5800
3900
4100
3700
9600
8800
4500
4400
3800
3700
5500
4300
12000
5300
3900
3700
6800
4000
4000
3700
5800
4300
4000
4000
4000
6400
4200
4000
4200
3600
8600
5100
4300
4000
3200
4000
3200
12200
3900
4700
3700
3200
6100
3700
3200
3100
4400
4900
3800
4200
3800
3600
4200
3500
3600
3100
3300
4300
9700
5100
6400
3600
3500
4200
4400
3800
3300
3900
3300
3600
3700
3400
3100
3200
3200
3200
3400
3100
3700
4500
3900
3500
4200
3600
3300
3200
3200
3400
3200
4100
3300
3500
3500
3400
3400
3400
3200
3400
3000
3700
7500
3300
3200
3200
3400
3200
3200
3400
3300
3000
3700
3600
5000
4400
4600
4600
4500
6900
3400
4600
3200
3500
3900
5400
3200
3000
3100
3700
3500
8700
3700
3200
2900
4400
4200
3600
12100
3600
3300
5200
3400
3700
3300
3100
3000
3000
3800
3500
3200
3200
6900
3400
2600
2100
2400
2300
2200
2200
2300
2200
2300
2300
2300
2200
2200
4500
2900
5900
2400
3900
2500
2300
2200
2400
2500
2100
2400
2500
2400
2300
2100
2300
2400
2500
2300
2100
2200
2100
2200
2300
2300
2200
2200
2300
2500
3300
2200
2100
2300
2200
2200
2100
2200
2100
2400
2100
2800
2400
2200
2400
2500
2200
2200
2400
2600
2200
2400
2300
2100
2200
2200
4500
2400
2100
2100
2200
2300
3500
2400
2300
2600
2300
2200
2200
2500
2300
2200
2300
2200
2600
2300
2200
2300
2200
2300
2600
2200
2100
2100
2100
2400
5800
2200
2100
2400
2300
2200
2200
2200
2100
2100
2300
2200
2200
2200
2200
2400
2200
2300
2300
23500
3800
3500
1800
1700
3000
4300
4400
1800
1600
1800
1700
1700
1700
1600
1700
1700
1900
1700
1800
1900
1800
1600
1800
1700
1700
2100
1600
1700
1700
1600
1600
1900
2000
2900
1700
1700
1700
1800
1700
1900
1800
1700
2100
1800
1700
2100
1700
1800
1600
1700
1600
1900
1700
1900
1800
1800
1700
1900
1700
2000
1800
1700
10700
2000
1800
2300
1600
1700
1600
1700
1800
2000
1700
1700
1600
1700
1600
1900
1800
1900
1600
1700
1800
1900
1700
2100
2900
1600
2300
1800
1800
1700
1700
1700
1600
1700
1800
2000
1800
1800
1700
1700
1700
1900
1700
1900
2000
1700
1700
1800
1800
1700
1600
1700
1600
2900
2400
1800
2200
11900
16000
1700
1500
1800
1600
1300
4800
11400
1800
1400
1700
1400
1400
1300
1300
1300
1600
1500
1300
1600
1300
1400
1600
1400
1700
1500
1400
1300
4500
1500
1400
1400
1400
1500
1500
1500
1400
1400
1400
1700
1300
1400
1300
1500
1400
1600
1400
1400
1300
1900
1400
1600
1300
1300
1300
1400
1400
1400
1300
1600
1500
1400
1400
1300
1400
1300
1300
1300
1600
1600
1300
1300
1300
1400
1400
1600
1300
1300
1300
1400
1300
1300
1400
2000
1300
1500
1300
2000
1300
1400
1300
1500
1400
1400
1300
1400
1400
1300
1300
1400
1400
1400
1400
1300
1400
1600
1400
1300
1400
1400
1400
1500
1400
1300
1500
1300
1300
1400
1300
7400
29800
900
1000
700
700
1100
700
700
900
600
600
700
700
600
800
700
600
600
800
1300
700
700
600
700
1500
900
700
700
600
600
600
800
600
600
700
600
700
900
700
1000
700
700
700
900
700
700
700
600
700
900
700
700
600
600
700
3800
800
600
600
700
700
800
700
700
600
700
700
800
700
600
600
600
600
800
600
600
700
700
700
800
700
700
700
700
700
700
700
700
600
700
700
700
600
600
600
700
600
700
700
800
700
700
600
700
600
600
600
700
700
800
700
600
600
700
600
700
600
600
1300
2500
900
800
700
700
600
800
700
1000
700
700
800
700
600
600
600
700
800
700
600
1000
700
800
900
600
1200
700
700
700
900
700
700
700
700
700
600
600
600
700
600
1000
700
600
700
700
600
3900
700
600
600
600
700
900
700
600
700
700
700
800
600
800
600
700
700
900
700
600
600
600
700
1000
1100
600
700
700
700
700
600
700
700
1000
900
600
4000
700
1100
700
900
600
700
600
600
700
600
600
700
700
500
800
600
700
700
700
600
600
600
600
600
600
700
600
700
700
600
800
600
600
600
600
700
1900
1000
1000
700
700
700
600
3300
700
700
700
700
1200
800
600
700
700
700
800
700
800
800
700
700
800
700
700
700
700
700
900
600
700
600
700
600
800
600
600
700
1300
700
1000
700
600
600
700
800
700
600
600
600
600
900
600
600
700
700
600
800
1100
600
600
700
700
800
600
800
700
600
600
1000
600
600
700
600
700
600
600
700
1000
700
800
600
700
600
600
600
900
600
600
600
600
700
600
600
600
700
700
3600
800
900
600
700
600
900
600
600
600
600
600
900
700
600
700
600
700
900
600
700
1600
800
800
600
600
600
900
1000
700
600
700
600
900
800
700
700
700
600
600
800
1100
700
700
700
800
700
1200
700
700
600
900
600
500
700
600
600
700
600
700
700
800
700
700
700
700
600
700
900
700
700
600
1200
700
900
800
600
700
600
600
1900
900
600
700
600
700
1600
700
800
800
700
600
700
700
700
600
600
1500
800
700
600
1100
700
1500
700
600
700
700
1600
800
600
600
600
700
2400
700
700
600
600
600
1700
700
700
600
700
600
1700
1000
700
600
700
700
1500
700
700
600
700
1600
600
700
700
2400
1000
800
700
800
600
700
700
600
700
700
700
700
700
600
800
700
700
600
700
1100
700
700
600
700
600
700
900
700
600
700
1000
3600
700
700
600
600
600
800
600
1000
700
600
600
900
600
600
700
700
800
900
600
700
600
600
700
700
600
600
700
1100
900
900
700
700
700
700
900
700
600
700
700
600
1200
700
600
600
700
700
800
800
700
700
700
600
700
700
700
700
600
900
700
600
700
600
600
900
700
700
700
800
700
800
700
900
700
700
600
800
600
700
700
600
600
900
700
600
600
700
600
