743300
9900
6400
6500
4500
4600
3900
3700
8200
4400
6600
5000
5300
4600
4300
9600
4700
4000
4700
4200
6800
4900
3800
3900
4200
8100
5800
4200
3700
4600
5800
4100
4400
3900
3900
5800
5100
4200
4400
4200
6800
4000
4300
4700
4000
3800
5200
4000
5200
4200
8500
5800
3800
3800
3900
6000
4400
4100
4300
4000
5800
4100
3700
4400
4300
3700
3700
3900
3800
4000
5600
4100
4300
10300
4600
8100
6100
4900
5100
4200
6600
4300
4800
4000
3700
7800
6400
4200
4600
4000
5900
4200
4100
4200
8900
8600
4200
4300
4300
4000
6100
3900
12200
5700
4300
5600
8400
4800
4200
4500
8000
4300
3800
5500
4600
6200
4200
4100
4200
3900
8800
5700
5100
4000
3600
3900
3300
9100
3500
4100
3400
3700
3200
3200
3400
3300
3200
3400
5200
4200
4200
3500
4000
3800
3400
3500
3500
3500
3300
4100
4100
3300
3700
4600
3400
4000
3500
3600
3200
3800
3300
3200
3200
3200
3200
4000
3400
3600
3300
9600
4800
3800
3300
3700
3300
3200
3200
3900
3300
3300
3500
3300
3300
5600
3600
4000
3400
3700
3300
4100
3700
3300
3200
3200
3300
3800
3500
3700
3300
3300
3400
3200
3500
4500
4800
3400
3300
8300
3600
4200
5700
3900
3500
3600
3400
3400
3400
4000
3400
3700
3600
3400
3800
3300
3300
19700
5200
4200
3700
4400
3300
3300
3100
3300
3700
5900
4500
3200
3200
3100
12500
4900
4500
3700
3600
3200
3600
7000
3300
3000
3000
3100
3200
3000
3000
7600
3400
4100
3000
3300
3300
3100
2900
3300
3500
2900
3000
3200
3100
3000
3000
3100
3200
2900
2900
2900
2600
3000
3200
2400
3400
3000
3300
4100
3500
3100
3100
3100
2900
2700
2900
2900
3100
4200
3000
3000
2900
2900
2900
3300
3400
3100
2600
2800
3300
3000
2900
2900
7400
2900
2900
9600
3100
3000
2900
3000
2900
3000
5000
3400
3200
2900
3100
3000
3400
3000
2900
2900
3500
3000
3400
2900
3100
2900
2800
3400
3300
2900
2900
2800
3200
3800
3100
2800
3200
3000
3000
3000
3100
3000
3100
3100
3100
2900
3000
2900
2900
3100
2900
2700
47000
16700
3000
2400
2200
2100
5200
2100
2100
2200
2100
2200
2400
2200
2100
2100
2100
2100
2400
2500
3200
2100
3200
2100
15600
3000
3000
2300
2200
2300
2400
2400
2800
2400
2400
2300
2300
2400
2600
2400
2800
2300
2300
2200
10200
2200
2500
2400
2200
2200
2000
2000
2200
2200
2100
2100
2200
2200
2500
2200
2500
2300
2300
2200
2300
16500
3300
2700
2000
2200
1900
2000
2600
2400
2300
2200
2200
2300
2000
2600
2400
2300
2700
2100
2100
2400
2800
3200
2200
2200
2200
2200
2200
2500
2200
2300
2100
2300
2400
2400
2800
2300
2200
2100
2100
2400
2900
2300
2100
2200
2200
2100
2300
2400
2400
2200
2200
2200
2400
3300
10600
4600
7500
2200
2000
2000
3200
6500
2000
1900
2000
2000
2200
2000
1900
1900
2200
2200
2000
2100
2600
2000
2300
2000
2600
2000
2100
2000
2200
2000
1900
2100
1800
2100
5400
1900
1900
1900
1900
1900
2600
1900
1900
1900
2000
1900
2000
2000
1900
2000
3100
1900
1900
2000
2000
2000
1900
1900
1900
1900
2500
1800
1900
2000
2100
1900
1900
1900
1800
2200
2000
2000
1900
2000
2000
2000
1800
2100
1900
1900
2500
2000
2000
1800
3100
1900
1800
1900
2100
2100
2000
1900
1900
2100
2400
2100
1900
2100
1800
2300
3100
1900
2300
1900
1900
2100
1900
1900
2000
1800
1900
4900
2000
1900
3100
15800
1800
1900
5000
1700
7500
23500
1000
600
700
600
600
900
600
600
600
700
700
700
700
600
700
700
700
600
1000
600
700
600
600
2200
700
600
600
600
700
600
600
500
600
600
600
800
700
600
1000
700
700
800
600
600
600
600
700
700
600
600
600
700
600
800
600
600
600
600
900
700
600
700
700
700
600
800
700
700
700
600
600
700
700
800
700
700
600
800
1000
700
700
600
600
1000
700
700
700
700
700
900
700
700
600
600
700
800
600
600
900
600
700
600
700
600
700
700
600
900
900
1000
600
700
700
800
600
600
1500
600
9800
3100
1000
1000
700
700
600
700
800
600
600
600
700
600
900
600
600
700
600
700
800
700
600
600
600
600
700
600
700
600
600
700
1400
700
600
600
600
1300
1500
600
800
600
600
600
1900
700
600
600
600
600
1500
700
600
700
600
600
1500
600
600
700
900
700
600
700
600
700
700
600
700
600
600
1500
700
1900
700
600
700
600
600
1500
900
700
600
600
700
2300
700
700
700
500
600
1500
600
600
700
600
600
700
600
600
800
700
1400
600
800
600
700
700
600
600
600
800
800
700
600
600
700
700
1000
600
4400
800
600
700
600
600
2200
700
700
600
600
600
800
600
600
600
600
800
600
600
1300
700
600
800
600
600
600
600
600
800
700
700
700
700
900
600
600
700
700
600
1200
700
600
700
600
600
800
600
600
600
600
600
800
600
700
700
700
700
700
600
1100
700
600
900
600
700
900
700
600
800
600
600
600
700
600
700
700
700
600
600
1300
600
800
600
600
600
800
800
700
700
600
600
4000
700
700
700
600
600
900
700
900
700
600
600
800
600
600
600
600
600
900
900
600
700
600
600
600
700
600
600
1700
900
700
700
600
600
1000
600
600
700
600
600
1100
700
700
800
700
800
700
600
900
600
700
900
600
700
700
1500
700
900
600
700
700
5500
1400
5100
1200
1300
1300
1100
1800
1200
1200
1300
1200
1200
8200
1300
1300
1400
1200
1300
1400
1200
1200
1200
2600
1300
1400
1200
1500
1200
1100
1400
1200
1200
1100
3000
1200
1300
1200
1100
1200
1200
1100
1500
1100
1200
1200
1200
1300
1200
1200
1400
1100
1200
1200
1200
1100
1200
1100
1200
1600
1200
1200
1200
1200
1100
1100
1100
1400
1100
1100
1400
1300
1100
1200
1100
1200
1400
1200
1100
1100
1100
1100
1200
1200
1200
1100
1200
5300
1400
1200
1200
1100
1100
1400
1100
1100
1300
1100
1200
1100
1200
1300
1100
1100
1100
1100
1100
1900
1200
1200
1100
1100
1200
1300
1800
1200
1100
1200
1800
1200
1200
1300
1100
1100
1300
1200
1100
1400
1100
1100
1100
1400
1100
1100
1100
1300
1400
1200
1200
1100
1100
1200
1300
1100
1100
1200
1200
1600
1200
1100
2200
1200
1100
1300
1100
900
1000
1100
1100
1200
1100
1100
1000
1100
1300
1100
1100
1200
1100
1100
5300
1100
1000
1100
1000
1000
1300
1000
1000
1000
1400
1300
1100
1100
1000
1000
1000
1500
1100
1100
1100
1700
1100
1700
1200
1100
1000
1100
1100
1400
1300
1000
1000
1000
1000
1100
1000
