792000
10200
7300
6800
4400
4500
4600
4700
8300
5400
7200
4300
4100
3700
3800
8100
8500
4200
4600
3800
6000
4400
4000
3800
4800
8200
5700
4300
3800
4300
6600
4200
4200
3800
4000
5500
4100
3900
4300
3700
7900
4200
4200
4600
3500
3900
3800
3700
4000
4000
5600
5700
4100
3900
3900
5600
4000
4200
4000
4300
6000
3700
3700
3900
4200
3600
3600
3800
4300
4400
5500
4900
4100
8500
6100
10300
7200
7400
4200
3800
6500
4600
4000
3800
3600
7200
6600
4100
4100
4100
5600
4600
3700
4200
9500
9100
4400
4100
3800
3900
5800
3700
95300
12600
6200
5100
6400
4700
4100
4200
6300
4200
7400
4200
4700
5700
4000
3900
3800
3800
6500
3900
2800
2600
3000
3800
2800
10500
3100
4000
3000
3400
2600
2500
2600
2600
2500
2500
2300
2600
2800
2500
2600
2500
2300
2300
2600
2300
2500
2900
26200
2500
2300
2300
2800
3200
2400
2300
2300
2500
2800
2600
2400
2400
2400
5500
2700
2700
2400
3100
2900
2600
2800
2400
2400
2500
2900
2300
2700
2400
2700
3800
3700
2700
2600
2500
2600
2400
2300
3200
2700
2500
2300
2400
2300
2300
2500
2500
2300
2400
5000
2300
3000
2800
3000
2400
2200
5100
2300
2900
2700
2200
3300
2300
3800
2300
2800
2700
2500
2200
2400
2300
2400
2300
2400
2500
2400
2500
2500
3200
2500
2500
2300
2300
2300
2800
2800
2400
2300
2300
12600
5300
3900
3200
3500
3100
3600
3100
2900
2900
2800
3000
3200
3000
3000
7400
3800
4500
3300
3100
3400
3000
2900
3400
3200
2900
3000
2900
3200
3000
2900
2800
2900
3500
3000
2900
2900
2900
2900
3100
3400
3200
3100
4800
3400
2900
2900
2900
3300
3200
2900
2900
2800
2900
4100
3300
3100
3400
3000
3300
3800
3300
2900
2600
3700
2900
2900
2500
2900
2900
3000
7100
3000
3000
3000
2700
3200
4700
2900
2800
3300
3100
3300
2900
3100
2900
3000
3000
3200
3800
3100
2900
3300
3200
2800
3600
3000
3200
3000
2800
2900
3900
2800
3200
3200
2900
3000
3400
2900
3000
2800
2900
3300
8300
3300
3000
3200
3000
2900
3100
32100
4100
2700
2500
2400
2200
5000
7200
2900
2500
2400
2300
2400
2400
2300
2300
2300
2300
2300
2400
2700
2700
2700
2300
2400
2600
3000
2500
2400
2500
2500
2600
2400
2300
2300
2400
2400
2600
2500
2500
2800
2500
2400
2600
2400
2300
2800
2400
2300
2300
2400
2400
2300
2400
2400
4900
2300
2500
2500
2500
2800
2400
2400
2600
2400
2300
6800
2400
2800
16800
2800
2500
2600
2400
2800
2400
2400
2300
2600
2400
3300
2700
2400
2400
2500
3300
3000
2500
2300
2400
2400
3300
2500
2500
2500
2200
2400
2400
2700
2300
2500
2400
2500
2900
2700
2400
2900
2400
2400
2600
2400
3100
2700
2500
2400
2400
2400
2500
2700
2700
15100
16400
1600
1300
2000
1500
1400
5900
1500
1400
1300
1500
1400
11700
1600
1600
1500
1400
1500
1400
2100
1500
1400
1700
1400
1400
1400
1400
1500
1800
1500
1400
1400
1500
1500
1700
1500
1400
1400
1500
1500
1500
1400
1600
1400
1500
1500
1700
1400
1500
2200
1500
1600
1400
1400
1500
1500
1400
1600
1400
1600
1500
1400
1500
1700
1400
1400
1400
1400
1400
1500
1600
1500
1400
1400
1400
1400
1600
1400
1400
1500
1400
1400
1700
2000
1500
1400
1500
1500
1600
1500
1400
1500
1400
1400
1500
2000
1400
1400
1400
1500
1700
1500
1400
1400
1400
1500
1600
1500
1500
1400
1400
1700
1400
1300
1500
1500
1400
1600
1500
6100
24900
900
1200
800
600
600
600
700
800
600
700
600
600
700
800
600
600
600
700
800
800
600
600
600
1700
700
800
600
600
600
700
600
800
700
700
700
600
700
800
700
700
600
600
600
900
700
600
600
600
600
800
600
600
500
600
600
1000
600
700
700
700
3500
900
700
600
600
600
600
800
700
2500
800
7100
700
900
700
800
700
600
800
900
700
600
700
700
600
4100
700
700
700
700
700
900
700
700
700
700
700
800
700
800
700
800
700
900
700
600
700
700
600
800
700
700
1200
700
600
800
600
700
2400
1200
800
700
700
700
1000
1300
700
700
800
800
1000
800
800
700
700
700
900
1000
900
600
600
700
900
700
700
600
600
600
700
600
800
1300
800
700
800
600
600
700
800
900
800
600
600
600
600
800
600
600
700
700
600
3600
700
700
600
600
900
700
700
800
700
600
800
700
600
700
600
700
900
700
700
700
700
700
600
600
700
600
2300
700
1400
600
700
600
600
800
600
600
700
600
600
600
700
700
700
600
800
600
700
700
600
600
700
600
700
700
700
600
600
600
600
600
600
600
600
600
700
600
5300
2900
800
600
700
700
600
600
600
600
600
900
600
600
700
700
700
800
600
1300
900
700
600
900
600
700
600
600
600
700
700
600
700
600
800
600
600
600
700
700
1200
600
700
700
600
900
600
700
600
600
700
800
600
700
700
600
600
900
800
700
900
600
700
3600
700
600
700
600
600
800
700
700
700
700
600
600
600
600
600
600
1100
600
700
5000
1700
1200
1400
1200
1200
1100
1200
1200
1200
1200
1100
1200
1200
1400
1200
1200
4100
1100
1100
69700
1000
800
700
1100
700
800
700
800
800
600
1000
700
700
600
700
700
2900
1000
700
700
1200
800
900
700
700
700
1000
600
700
700
700
700
700
800
700
600
1000
600
700
2000
700
700
600
600
4100
700
600
700
600
600
800
700
700
700
700
700
1000
600
700
1000
800
900
900
700
700
600
700
800
600
600
1800
600
600
700
600
700
900
600
800
1400
700
700
700
700
1200
1500
600
600
600
600
800
600
700
700
700
700
900
700
700
800
700
800
700
700
700
700
800
800
700
600
600
600
800
700
600
700
800
700
800
700
700
700
700
600
700
700
600
600
700
700
900
600
600
600
700
600
2200
1000
900
800
800
700
800
800
800
800
700
800
1000
600
600
800
700
700
900
700
900
700
600
700
600
700
700
900
700
3600
800
700
600
700
700
700
600
700
600
700
1100
900
700
600
700
600
600
800
600
700
600
600
600
600
600
600
700
700
800
700
900
1300
800
800
800
600
700
600
600
700
800
600
700
700
700
700
900
600
700
600
1000
700
1000
600
600
600
900
900
900
600
700
600
600
700
800
600
700
600
700
800
700
700
600
600
600
600
700
700
600
700
800
800
700
600
600
600
800
700
700
600
