1070800
11600
7900
6100
8300
6600
5900
6600
11800
5800
8400
5700
5000
5900
5300
11400
6100
5400
5600
5100
8700
5900
4800
4800
5900
10500
5900
5700
5000
5900
8200
5400
6300
5200
5600
8600
7900
5200
5600
5500
9900
5500
5800
6400
5000
5500
6800
5500
5600
6000
8700
8600
6600
5900
6400
9200
6400
6000
5800
5300
14100
5500
5400
6000
5100
6900
5200
5100
5600
5000
7600
5200
6700
14000
6800
8800
9600
7100
10100
6700
10700
6800
5600
6700
5700
10900
6800
5500
5700
5700
8900
5900
6200
5600
12900
10400
7700
6500
5700
5600
9600
5900
17600
7600
7000
6100
6300
5900
9100
5900
8500
9400
6300
5500
5600
8000
5500
5700
8000
5000
8200
4900
4100
3700
3300
4100
3500
11700
3900
4400
3400
3200
3000
3100
3100
3000
3200
3400
3400
3000
3400
3400
3300
3600
3100
4600
3100
3100
3100
4100
3500
3100
3500
3100
3100
3900
3400
3300
3000
3600
3500
3000
3300
3900
3000
4400
3200
10200
3200
4200
4000
3500
3200
4300
4200
3800
3600
3400
3200
4700
4700
3800
3500
3100
3100
3000
3300
3000
3400
3900
4200
3600
3300
3300
3100
3200
5100
3100
3000
3300
4200
4600
3600
3900
4100
3200
3000
3300
3100
3900
3200
3300
3000
3200
3200
3200
3100
5800
3300
3100
3300
3200
3200
3200
3100
3000
3100
10300
3300
6000
3200
3700
3700
3100
3000
2900
4100
3200
2900
2900
9000
4600
3600
3800
3400
3200
3300
2900
3100
2700
3100
2900
3100
3000
3100
6200
3000
4400
2900
3200
3800
5300
3500
3000
4000
3000
3700
3000
3200
3100
2900
2900
2900
2900
2900
3100
2800
2800
2900
3200
3500
3200
3000
4400
3200
2900
3000
5400
2900
3200
3600
2800
2900
4100
3000
2800
3300
3000
2800
2900
3700
3200
2900
3400
3100
2900
3000
2800
2900
2900
2800
3300
7500
2800
2600
2600
3000
6800
2600
2600
3000
3600
2600
2700
14400
2600
2600
2800
3000
2800
2600
2700
2600
2900
2600
3100
2800
2700
2800
3000
6800
3800
2700
2700
3100
3000
2600
2600
2600
2800
2600
2800
2700
2700
3000
3100
2800
2700
2900
2800
28500
3200
3000
2500
2600
2400
5300
7200
2600
2400
2400
2200
2300
2200
2200
2200
2600
2300
2300
2300
2400
2200
2700
2300
2300
2400
3000
2200
2400
2200
2200
2500
2300
2300
2400
2300
2300
2700
2400
2400
2400
2400
2400
2600
2300
2300
2900
4800
2300
2300
2500
2300
2300
2500
2200
2300
2200
8900
2200
2200
2600
2200
2300
2500
2400
2200
2700
2300
2400
2400
2400
2200
2700
2600
2200
2300
2800
2400
2600
2000
2200
6400
2200
2500
2800
2400
2600
3400
2400
2400
2200
2300
2400
2700
2200
2300
2200
2300
2400
2700
2800
2200
2300
2200
2000
2200
4300
2300
2300
2200
2300
2300
2200
2300
3100
2200
2800
2200
2300
2500
9400
18300
1600
1400
1400
1600
12200
4600
1500
1400
1500
1500
1400
1400
1300
1300
1600
1500
1300
1300
1500
1400
1500
1600
2700
1400
1400
1400
1400
1400
1400
1400
1400
1300
1300
1400
1300
1400
1300
1300
1500
1300
1400
1300
1300
1400
1600
1400
1400
1400
1900
1300
1500
1200
1300
1300
1400
1300
1500
1400
1500
1400
1300
1300
1400
1400
1400
1300
1300
1300
1300
1500
1300
1300
1300
1300
1300
1400
1300
1400
1500
1400
1300
1400
1900
1400
1400
1300
1400
1400
1300
1300
1300
1400
1300
1500
1300
1300
1300
1300
1600
1200
1400
1400
1400
1300
1300
2500
1400
1300
1300
1300
1300
1500
1300
1300
1300
1300
1400
1500
4900
26600
1200
600
700
700
700
600
800
500
600
700
700
600
800
600
600
600
600
600
800
600
1000
700
700
1700
600
700
600
600
600
700
600
600
600
600
700
600
600
700
700
700
600
800
600
700
600
600
700
800
600
600
3600
700
700
900
600
600
600
600
700
700
600
600
600
600
800
600
600
700
600
600
800
600
600
600
600
800
800
600
1100
800
600
700
900
600
600
600
700
600
600
600
600
600
600
600
600
700
600
600
700
700
600
600
700
600
600
600
800
600
600
700
700
600
900
1300
600
600
500
900
3400
1100
1100
700
600
600
900
700
600
600
700
700
700
700
700
600
700
600
1000
600
800
600
600
1500
1000
700
700
600
600
800
700
700
600
600
700
900
600
700
700
600
1100
700
600
600
700
600
900
700
600
600
700
600
600
600
600
600
2100
900
600
600
700
700
600
600
600
700
700
700
600
800
700
900
600
600
600
800
600
600
600
700
800
6100
700
700
600
600
600
800
600
700
600
700
800
600
600
600
600
600
600
700
700
700
700
700
700
700
600
700
800
700
600
600
700
700
900
700
700
600
700
900
2700
1100
800
800
700
700
700
900
700
700
700
900
700
800
700
700
700
700
900
700
1900
700
800
600
700
700
700
600
600
700
700
700
600
700
800
900
700
700
700
700
1200
900
700
700
700
700
800
900
700
700
700
800
700
900
700
700
700
700
700
900
1400
700
700
700
600
700
700
700
600
800
800
700
700
700
600
700
900
600
700
600
900
700
700
600
600
700
700
5700
700
700
700
700
600
900
700
600
700
600
700
900
800
600
700
700
700
700
700
700
600
600
900
600
700
700
700
700
900
1000
700
700
5400
3400
1000
800
1900
700
700
900
700
800
700
600
900
900
700
600
700
700
900
700
1600
700
600
900
900
700
800
800
700
700
800
700
600
700
600
700
700
600
600
700
1000
1000
700
800
800
600
600
700
1300
700
700
700
700
700
700
700
700
700
700
700
5900
800
700
700
700
900
600
700
700
700
700
900
600
900
700
600
700
900
700
700
800
700
700
800
1800
700
700
800
600
800
700
600
700
600
700
700
700
700
700
600
1000
800
700
700
9300
800
1000
700
700
800
700
700
700
700
700
700
600
700
900
700
20300
1400
1400
1300
1200
1100
1100
1100
1100
1400
1200
1100
1100
1100
1000
1500
900
1100
1000
800
1400
1100
1200
1000
1000
1100
1500
1000
1000
1200
1100
2200
1400
1100
1100
1000
1000
1100
1000
800
1400
1200
1100
1100
1100
800
1000
1100
1300
1400
1200
1100
1000
1200
1100
1600
1000
1200
1000
1100
1200
800
1100
1000
1100
1100
900
1100
1200
800
700
900
1200
1000
1200
1000
900
1100
1100
1300
1300
1200
1200
1300
800
1200
1000
1200
800
800
700
700
600
700
600
600
700
700
600
600
800
700
600
600
700
600
900
600
700
600
700
700
900
600
600
700
600
600
700
700
