647200
30300
123700
47200
28600
23700
27500
22900
24300
26100
25500
24000
30100
45200
34400
29700
27000
26400
26000
28300
59300
30400
29500
32900
28700
39600
32900
30400
31300
36000
31500
31200
50700
55400
57700
41200
68200
30100
29200
29100
1044700
58100
41000
27700
29300
28300
29100
55100
48600
32800
19200
43400
21000
21500
17000
17300
16800
16800
16000
16200
47800
19800
18300
90300
38900
21300
18600
20400
17300
47700
22100
18800
34500
22700
18900
17100
19300
18000
16900
16900
41200
19800
19200
44400
20600
50700
39400
20800
19700
37700
23700
19800
18700
19000
19500
22400
19500
23200
20200
20100
14400
25700
22600
16500
11800
15100
11900
14200
10800
11200
10000
9500
10500
13100
10300
10300
10000
10600
10000
10700
18000
13000
14400
15100
12700
12800
14700
21600
13700
14800
13000
14300
24100
19600
23400
15200
18000
13200
12900
13000
34000
16800
15900
14300
15200
15500
22100
20500
20000
16100
14800
19500
19000
17600
15200
13900
13400
13600
13300
13700
27900
15400
17200
22600
23500
16500
15500
15900
23400
22700
17300
15100
22800
21600
15800
14700
21600
15000
14300
14800
30100
18500
25600
38100
26100
36400
37200
29900
27100
40300
28600
27200
26100
28500
27700
38100
29400
27000
27900
33400
17600
18800
18400
17100
16000
17400
13600
14900
13000
11900
11700
12200
25400
16100
12500
12800
12300
12300
11800
12600
26200
18200
29300
28600
18300
20000
10800
10100
10700
11600
10200
9800
9600
16900
15100
11300
10700
11600
10600
10400
28800
16000
15600
15500
14000
16600
13800
19800
25800
20000
19500
26600
19500
20100
18600
18900
16500
12700
14700
13400
22900
15600
14700
22600
21800
16400
15000
17500
14600
23200
16200
15200
21100
17000
15000
15000
14700
15200
14700
15500
27700
17400
16700
26900
17500
66600
54000
13600
11600
19900
11300
10600
10000
10200
10400
10000
10100
10600
10100
10100
17700
14200
9400
9300
8000
8900
7100
12100
11800
9200
8900
9000
9200
13000
9100
9600
15400
9300
9200
10600
21500
14100
20400
20200
11800
11400
10400
10200
10700
13100
10700
10500
19100
20400
15600
11100
12300
11100
10400
10600
16200
11100
11800
11600
11200
11400
10900
12000
11300
15000
12500
13100
41300
18600
15800
12300
20800
11500
11300
11700
24100
13100
12500
16900
17100
13500
12700
13500
12500
16600
13100
16200
17200
14900
13100
12700
12600
13200
15700
13900
24400
13300
13700
18900
13500
25000
20100
15500
13000
19000
13500
14900
14900
16000
15500
14100
13700
13700
14000
14400
10100
11800
11400
10500
8800
9800
8800
10900
8800
15900
27500
8300
7400
9300
6400
7400
6500
6400
6900
6900
9600
7300
13400
12900
8700
9900
8200
7100
8300
18000
7800
7400
7400
11400
10600
7400
8000
7900
7700
7500
15000
7800
7900
9500
7800
8500
7900
8400
8000
13200
10100
11400
17800
13400
12300
9400
11300
8600
8000
8600
21200
10100
9500
9200
9300
9800
8900
18900
13900
9100
10800
13900
9500
11700
10400
10100
10100
10200
10600
10300
15800
14300
10900
15200
16000
25900
26100
16800
17100
29500
26500
17600
18000
17100
17800
24300
17700
20700
17700
14200
7300
8900
13600
7600
5600
6700
6200
8000
5400
5300
5200
5900
13900
8500
5500
5900
5900
5700
7300
6700
8700
6600
12700
11200
6500
7000
6200
6400
6600
8100
6900
6600
6400
10600
9300
7500
6700
8400
7000
7000
9600
7200
7500
7700
13400
7500
7200
7200
7500
8100
7300
7500
10500
12000
10100
8200
11000
9300
7600
7700
14200
9400
8900
9000
8300
9100
8100
12300
12200
9200
9300
12100
9200
16100
9000
8600
8600
10700
10600
9200
12900
9400
9500
15200
14100
10000
9100
9600
9200
14800
9600
9700
14400
9600
9500
10400
12800
9800
10100
9600
62500
39200
43200
36700
35800
37900
35800
37700
38800
36500
39200
31700
26100
28000
26600
29500
25800
26300
25500
25200
35200
32000
36400
28900
26500
27300
26500
17300
14500
15200
15800
13900
47200
14400
14700
13700
14600
13900
14000
13800
26000
15100
14900
35900
18300
14500
15100
18300
16600
15400
14800
14500
14700
27300
14900
17700
14600
15500
15100
17000
19200
18400
54100
16800
15000
16100
14500
20000
17500
14300
14200
29000
15100
14700
15200
14400
22300
17100
14700
14400
180600
32800
11100
8500
8600
8900
8400
8700
8600
8500
14200
8700
8900
13400
28200
11900
9100
8500
10400
8800
24000
10100
9600
9500
9900
12600
10100
9900
18700
10200
20800
10200
10100
12100
10100
12800
11000
10200
10200
10100
12900
20300
12900
13600
11500
11300
16300
12300
12000
11700
11500
11300
12100
27100
11600
11700
11400
11400
12200
17600
15400
12200
11700
23800
13400
11900
13900
14800
11900
12000
13700
12100
11900
25600
12200
13900
12300
12300
12600
12300
15500
13000
25700
14900
13000
15500
30200
13800
14200
12800
12600
22500
13700
13200
12900
17000
23400
13600
13400
12900
161700
7900
9200
7600
7500
8100
7700
9700
10100
9000
11000
7900
9000
12500
18500
12100
8100
7700
9100
7800
20300
8700
10000
8700
8900
8800
12900
16700
313500
20800
17300
16500
16200
23000
15900
16000
19300
15800
16100
16400
19400
16300
38600
19100
15000
14400
15400
13000
21700
11200
15000
12500
12600
19300
13100
34500
12000
11700
12100
13900
20000
15200
13400
15700
16600
13500
32400
18900
14100
14000
14000
14800
13700
14700
23000
36700
14200
14400
16600
13700
18600
16600
14200
18600
13900
35700
16500
15200
15300
15300
15200
16500
15000
15500
33600
20400
41400
24900
62100
18100
93600
18900
11700
13700
32400
10900
10500
12200
10300
10400
21800
11000
17800
16500
10200
15900
10300
27400
10800
10700
27500
10100
10100
9500
10400
9700
9600
10100
10200
13100
10000
10000
25000
10400
10100
9900
10400
10200
11000
10900
13100
13100
11200
14200
11600
23200
11400
11400
11900
9500
16700
38100
20200
14000
9500
10000
9300
13300
9100
9900
20300
12300
16800
18000
19200
11800
11100
11400
11300
18300
12200
10800
16100
11100
12000
11300
12100
11600
12100
11700
19000
13500
14000
14800
14000
17400
14000
31900
14400
13500
14400
14200
13500
13900
13900
13800
19700
13900
13900
17500
56700
6000
5900
6300
5700
5300
5900
5400
6100
5500
23700
5700
5500
13900
5000
17600
6700
5700
5200
12500
15200
5100
4800
4800
5000
5100
4800
5000
4800
5000
5100
5200
5000
5000
5000
11000
4900
4900
4800
5400
6300
5400
5300
6100
5600
5400
5300
5900
6100
6100
5900
5400
5600
8200
5700
5500
5700
5800
6000
6000
8100
6700
8400
9200
6500
17500
6500
6400
6400
6200
6400
6400
8500
6800
6500
7800
6200
6800
7000
6400
13900
7000
7200
7700
10000
6800
6900
14800
6600
7000
6900
7100
6700
7000
7200
9700
6800
7100
7100
7800
47000
5800
5700
5900
5700
5800
6200
5500
5500
5400
29700
5800
5900
11100
5800
10000
6200
6100
5900
5400
8700
5400
5900
5200
5300
5100
5400
5900
5300
4900
5000
5800
5200
6400
5300
4900
5200
5300
5100
5200
7000
6000
6300
6600
5900
5800
7100
6000
6500
5800
5600
5900
6000
8100
5800
5800
6600
6100
5500
5700
8200
9600
8800
16700
6900
6500
6200
6400
6600
6300
6200
6400
8500
6500
8900
6600
6400
6600
6600
6300
13700
7200
6900
7300
11200
7100
8100
11400
7400
6800
7200
7200
7000
6900
7200
9500
6700
7700
7500
7600
48500
5900
6000
12800
8400
5700
5400
6300
5600
5700
5700
6300
5800
5600
5700
5900
11400
5900
5900
6000
20700
7000
6500
5700
5500
6800
5900
7600
6800
6600
5800
5900
7000
14200
5700
5900
5800
5800
6900
5800
8900
6400
6500
9200
8900
6900
6600
13200
10600
8200
6400
6600
6300
8100
11000
8800
6800
9100
6500
6600
11300
7200
11100
18300
7400
7600
11200
7500
7200
7200
7300
11400
6900
7000
7300
7700
11800
8200
7300
7700
13600
8500
7400
8200
8200
8200
12900
8400
10800
7600
7800
7400
7700
7300
7500
7900
7400
14300
19100
14400
49600
7300
6900
6300
6300
12900
16400
6600
6700
6200
6500
6300
6200
6500
6000
12100
15700
12800
12100
13300
10600
8900
14100
7100
5600
5500
5800
5400
6200
5700
7300
5500
5500
5700
7500
5400
5800
7400
5500
5500
8700
6500
6600
8900
9200
6400
6900
9200
9200
6700
6500
7100
6400
6400
11000
15400
6100
8600
6600
6300
11200
7100
12400
11000
7000
9500
11100
7400
6900
8200
6900
11500
7600
7000
7100
6900
11800
7300
7800
7400
12300
7900
7700
7700
7800
8100
19200
7900
8000
8800
7900
7700
8100
7600
7900
7700
7800
13100
13400
13500
50200
7900
6300
6000
6500
12200
16200
6600
6300
7000
12700
7100
6300
6400
6400
13200
15300
6700
12300
12400
9300
5800
7300
7500
8100
5800
5700
5400
5500
5600
7000
5500
5800
5600
5400
5400
5500
7000
5500
5600
11400
7000
6300
6400
11600
6500
6200
9300
8800
6100
6000
6200
9600
9500
6400
6400
6300
6300
9200
6400
10600
7200
11300
10600
7100
7400
10900
6700
6600
7000
7100
11300
7300
7800
7900
7100
17700
6600
7000
6800
12500
8200
7500
7500
7500
10000
13300
7400
8200
9800
8000
7900
7700
8700
7900
7700
7600
12900
13000
13800
47600
6800
6300
11800
6300
12900
16300
6500
6700
6400
6400
6200
6300
6300
6100
13000
14700
6800
12300
12200
9600
5700
6900
6800
5600
5500
5800
5400
5300
5300
6800
5300
6100
5600
5200
5200
5400
7100
5300
5400
9900
6400
6500
6300
6300
6500
6300
8500
8300
5900
6300
5900
9800
8500
6300
7000
6500
6200
8400
6100
9200
6700
7100
10500
17600
6900
6900
11700
18000
7300
7900
7300
7000
7900
12600
11000
6800
10800
8000
6800
12500
8000
7800
8300
7700
7600
14200
8000
8200
7500
7900
7600
8200
8300
7500
7800
42100
22000
27900
9600
32600
4700
4500
4200
3900
8000
9300
5200
4500
4300
3800
3900
4100
3700
3800
7300
9300
4300
10500
8400
7700
4800
4400
5400
4600
3500
3500
3400
4500
3400
4100
3400
4600
3500
3400
3300
6000
4900
4400
3200
6500
4900
4000
3800
3700
3700
4500
4800
6300
3800
3600
4400
4900
5600
3700
4400
3500
3500
5800
3600
10200
4000
4200
6000
5600
4200
3900
6000
8900
4200
4000
3800
19400
6600
10600
7800
6200
9300
6200
9200
10300
6500
11200
10300
7600
7500
18800
6900
6300
5400
6600
10300
6200
6600
6500
6400
15300
7900
7400
6100
37200
5700
4900
6000
6200
8400
9000
3900
4700
4200
3700
12700
3400
3300
3700
6400
8400
4300
7100
6400
8400
3700
4400
5200
4300
3300
3700
3600
3400
3400
4600
3200
3200
3300
3500
3200
3200
4300
3800
3200
5600
3700
3800
4300
3800
12800
8100
5200
5000
3700
3900
3500
5200
4900
3600
3500
6100
3600
5200
3600
5700
4600
4000
6200
7800
4000
4000
6000
6800
5000
4600
4100
4300
4000
7000
5900
8500
6700
4800
4200
6400
4400
14300
11200
4200
4000
7100
3900
4100
4200
3900
7700
4300
4000
4200
3800
10900
4200
4000
4200
33500
3900
3800
4300
3400
3700
6900
4500
3300
3200
3200
3100
3300
3400
4100
3800
3200
6800
6400
7500
11500
3600
3200
3000
3400
3200
3100
3000
3100
5900
3000
3100
3100
3100
3000
4000
4100
4000
3100
3100
5400
3600
4000
3500
3400
3200
4900
3600
3500
3300
3500
3500
3300
3300
3600
4600
3600
3500
3400
3400
9500
4100
5000
3900
3600
3600
3600
3700
7000
3800
3800
4000
4500
3600
4900
4000
5300
5300
3800
4000
8100
6900
4400
4600
4000
4100
4300
10100
7100
4200
4100
4000
4300
4000
4300
4600
4100
4000
6400
4300
27800
3600
3300
3400
5700
3500
3400
3400
3200
3100
3300
3400
3100
7400
5900
3000
3100
7600
3200
3200
9000
3400
3100
4100
3100
3300
3000
3600
4700
3800
3400
2900
3600
3700
3000
2900
3100
3000
3100
2900
4700
3400
3700
3400
3300
3200
4500
3400
3300
3300
3900
3300
3400
3300
4300
4500
3400
3500
3500
3500
5500
3800
5000
3800
3600
8500
3700
3700
5200
3800
8100
3800
3700
3700
3900
3700
5100
5300
3900
3700
8400
6900
4000
4700
3900
4200
4400
6000
6700
4200
4100
3900
3900
4100
3900
4500
4000
5400
5900
3900
33500
3400
3600
3200
5900
3300
3400
3000
3300
3300
3100
3100
3300
6800
5700
3000
3100
3200
3200
3200
8200
3300
4200
3500
3300
3100
3000
3600
3100
3500
3400
3000
3100
3500
3100
3100
3300
3000
3100
2900
4100
3300
3500
3600
7800
3400
3200
3800
3400
4300
3300
3600
3200
3400
3200
4500
4700
4000
3400
3400
5400
3700
5500
4400
3700
3700
3500
5200
4900
3700
3700
3700
4100
4900
3800
3600
5200
5300
3600
3900
8500
10800
4000
4000
4200
4100
3900
5900
7000
4000
4000
3900
4300
3900
3900
4000
4100
4500
6000
4400
26900
3300
3300
3100
5800
3400
3100
3300
3100
3200
3000
3200
3200
10200
6000
3000
3200
3200
3100
3300
7500
4500
3300
3200
3100
3200
2900
4000
2900
3600
4400
3000
2900
4100
3000
3000
2900
2900
3200
2900
3900
3700
3400
3400
3200
3600
3300
3500
3300
4800
3200
3300
3500
3300
3200
4700
4500
3600
3800
3300
4800
4200
7900
3700
3900
3700
5500
11400
4800
3700
4900
3900
3700
3600
3800
5500
3900
3700
3700
3700
7900
7100
4100
4300
3900
3900
3900
6000
6800
4100
3800
4000
4000
3800
4300
4200
3900
3900
9900
4000
28400
3600
3100
3100
5600
3500
3200
3200
3400
3100
3000
3300
3000
6500
6400
3400
3100
3100
3200
3200
8600
3400
3100
3200
3200
3200
3000
3800
3000
4000
2900
3200
7100
3900
3200
3000
3400
3100
3200
3000
4100
3400
3500
3400
3300
3500
3200
3200
3400
5000
3400
3500
3500
3600
3300
5600
4700
3600
3400
3400
5000
3800
3900
3800
3700
3700
5400
4300
3700
4000
3800
4000
3500
3700
4200
5600
3900
5100
3800
7600
5500
4000
6100
4400
4000
4000
3900
4600
5900
4400
4000
4300
3900
4000
3900
4300
6000
6400
4100
4000
26000
3200
3200
3200
6100
3200
3200
7600
3500
4400
3100
3300
4700
6400
5700
3100
3000
3400
3800
3100
7800
3300
3200
3200
3100
3300
3000
3700
3000
3900
3000
3400
3200
3900
3000
3000
3300
3100
3100
2900
4100
3400
3400
3600
3400
3400
3500
3300
3500
6100
3400
3500
3400
3400
3500
4400
9600
3300
3400
3500
4600
3700
3600
3800
3800
3800
6200
3600
3600
4000
3700
3700
3500
3800
3700
5500
3700
3800
3700
3700
5300
3900
6000
4600
4200
4400
4000
4200
5900
4100
3900
4200
4000
3900
3900
4100
9800
6300
4000
4000
26100
7100
3100
3200
3200
3200
3100
5300
6900
3400
4500
2900
3000
3300
3000
3700
3200
3200
5800
3100
9300
4500
3500
4800
3100
3100
3200
3100
3100
3100
3000
3300
3800
3300
3200
3400
3000
3200
3100
3000
6200
3500
3500
3400
3600
3500
5200
4700
3600
3400
4500
4800
4800
4000
3500
3400
3500
3600
7600
3500
5800
4000
5600
4100
5800
4000
6300
5700
3800
4300
4000
4100
3800
3700
5600
5600
5800
4400
3800
3900
6600
4500
4200
4200
6800
4200
4300
4200
4300
4300
3900
4300
4300
4200
7100
4300
4100
9100
4200
4800
23600
3400
6700
6200
3400
3400
3400
3200
3600
6400
3200
3700
10400
8200
3600
3200
3500
4000
6200
6300
7600
3500
3200
4100
3400
3000
3200
3000
3800
3200
3500
7800
3500
3100
3000
3300
3000
3600
3100
3200
5500
3500
3800
3400
3600
3400
4500
4600
3600
3600
4400
8600
4700
4000
3300
3500
3600
3500
3500
3300
5500
4300
5600
4000
5400
5400
6100
5600
3700
4100
3900
3800
5600
4900
5900
5700
5600
3900
3700
4200
6600
8500
4000
4100
6700
4100
4100
4100
4500
4100
4100
4200
4100
4100
6600
4200
4100
6600
4200
4400
24800
3400
6300
6000
3200
3200
3100
3200
3300
10200
3100
3800
6300
7700
3400
3100
3300
3500
6000
6100
7600
3600
3200
3300
3200
3200
3200
4600
4300
3200
4200
4000
4100
3100
3100
3100
3200
3900
3300
3200
4200
5000
3600
3500
5100
3500
3400
3900
4800
3500
3400
3500
5900
3700
4600
3500
3300
3500
4700
3600
6800
5200
5400
5400
6400
3800
7000
6400
3700
5100
3800
4900
3700
4400
6400
7600
7100
3900
3700
8700
6300
4100
4000
4100
6900
4100
4100
4200
4000
4100
4300
4200
4000
4100
6600
4300
4000
6500
4400
4200
24900
3700
6200
6000
7300
3200
3300
3400
3200
6100
3000
3400
6300
6100
3400
3200
3500
3200
6000
6200
7800
3400
3700
3100
3300
3300
3100
3200
4000
3200
4300
4600
4300
3100
3000
3500
3200
4000
7300
3100
4500
4900
4100
3500
3400
3400
3700
3400
3400
3400
3800
3600
5000
3500
3400
3600
3700
3500
3400
3600
6500
4100
4000
3700
3800
4000
5900
5700
4000
4200
5600
7000
9800
3900
3700
3700
4100
3900
3700
4100
6600
4100
4200
4200
6800
4700
4100
4100
4000
4200
4000
4200
4300
4200
6500
4300
4100
6600
8200
4200
25200
3400
6200
6300
3300
3100
3200
3400
3100
6200
3100
3300
6300
6200
3400
3100
3500
3200
6100
10200
7500
3400
3200
3300
3000
3000
3100
3000
3900
3200
3600
3900
3500
3100
3800
3000
4300
4200
3200
3100
4100
4900
3600
3600
3400
3600
4000
3600
3400
3400
3500
3700
4400
3500
3700
3500
3400
3500
3700
3500
6400
3900
3800
3800
3900
3900
5400
5300
8100
4300
5200
32200
5900
4100
4200
4000
3800
3700
5600
4000
15600
4400
6600
4100
6300
4000
7800
6200
3900
4000
4000
3800
3900
4000
6100
10300
6900
4100
4700
4000
25200
3800
6100
6200
3600
2800
3100
3200
3200
6100
3000
3300
6100
6300
3400
2900
3400
3000
9900
6200
6800
3400
3400
3600
3200
3000
3200
3300
4200
3100
4200
4000
4200
3000
3000
3100
2900
4000
3300
3100
4500
4900
3600
3400
3400
3500
3500
3300
3400
3400
3500
3500
4900
3500
3300
4800
3400
3300
3300
3200
15700
3700
3800
3500
3700
3700
5700
5500
4100
4000
5400
5600
6800
3700
3600
4100
3800
3700
3700
3500
6000
4000
6500
4200
6800
3900
11900
6400
4100
4200
4200
3800
4500
3900
6500
6600
6600
4100
4000
4000
27700
3300
3200
3700
6200
3500
3700
3000
3000
3200
2900
3400
4500
3700
10700
3000
2900
6200
3000
3200
15700
8200
5500
5400
5400
6700
9900
5400
5100
5000
7000
6400
5600
5200
5000
6500
5500
6600
5600
5200
15100
5900
6000
5900
7300
6200
6200
5700
5600
5900
5800
5700
6000
9200
9600
5800
6300
6200
6000
5900
9600
6800
6500
6300
6400
6100
6500
6600
6700
6400
6500
6300
6700
7300
6400
7200
6500
9400
10000
6300
10400
7000
6900
7200
6700
6700
16400
8300
7400
6900
10900
7000
7200
6700
6900
6800
7100
10900
10800
7100
44100
6100
5800
5200
5500
5500
5500
5300
5200
5300
10200
5200
5200
5300
11000
10200
11100
12600
5500
5500
9700
5500
5300
5100
5300
5100
4900
7200
7300
6900
7500
5300
5200
5100
4900
5200
5500
5200
5100
23900
8200
6200
6100
6100
6200
5700
5300
5600
5800
5900
5800
5800
5700
7800
7700
5700
6200
6200
5800
5900
15800
6500
8900
6300
6000
6300
6300
6600
6300
6400
6300
6400
6200
6400
8000
6600
6500
6500
9000
6400
10500
6900
7200
7000
6700
8100
9800
7200
6800
6900
10800
7000
6900
6900
7500
7400
7200
9900
9500
7200
52200
5900
6100
7600
5800
6100
5500
5100
5300
5300
8800
5500
5000
5400
8800
8700
5100
8900
5200
5300
10200
5200
5000
5200
5100
4900
4900
6000
6400
5900
5900
4900
5000
5100
5300
5100
4900
5200
4900
11600
6800
7500
5700
6000
5800
7000
8000
5800
5800
5800
7200
9600
5900
5500
5600
6600
6100
7100
5900
5600
8700
6200
6500
6300
6500
6500
6500
6300
6100
6400
6300
6100
6000
6100
6200
6500
6100
6000
8500
6400
15900
6800
6700
6500
6500
6600
9100
7200
6300
6300
9400
6900
6600
7000
6400
6500
7400
10000
9000
9200
43800
6400
5500
5400
5300
5200
5300
5300
4800
6300
8000
5600
4900
5700
15000
8500
5000
8300
5500
5100
10100
6400
5500
5200
5100
5500
4800
5900
5700
5500
5400
5100
5400
4900
5200
5000
4800
5300
5000
6000
6800
7400
8600
6100
5900
7100
6800
5000
5100
13700
6700
6700
13300
6300
5800
11600
6600
18300
7500
8800
13300
5300
5300
5600
5800
6200
6000
5800
5600
6200
6000
6500
6200
9100
8100
5900
6100
6100
5800
6000
9800
6700
7000
7300
6600
6300
9300
6800
8700
6300
9500
6700
6700
6300
6500
6300
13300
9600
9600
6800
24900
5200
5400
4900
5100
5000
5000
5100
4900
5300
8800
5300
7100
5100
9300
8600
5000
9700
5300
5800
9400
5100
4900
4800
5300
4900
5100
12500
6100
5900
6100
4800
5300
8100
5100
4900
5000
4900
5100
5700
6500
7300
6000
5600
5500
7300
7400
6100
5400
5600
7300
7600
5800
5600
5500
7400
5600
7800
5600
5700
8400
6300
6000
6100
6300
6300
6300
6400
5900
6200
6100
6300
6300
10500
8600
5700
6300
6200
5800
6000
9500
6500
8400
6700
9500
6500
6900
6900
6800
6900
6600
6900
6700
6900
6400
6600
6800
6700
9800
6300
24300
6400
5800
6400
5600
14700
5300
5100
10200
5100
9200
5300
5000
5000
8800
8300
6300
8600
5200
5900
10300
6200
8300
6100
5300
4900
4900
6600
5800
6000
6700
5200
5300
5200
5000
5400
5000
5400
5200
5700
6800
8300
5500
5400
5400
6900
13600
5800
5400
5300
7300
7500
5800
5700
5800
7000
5800
6800
5800
6300
8300
6000
6200
6400
6300
6300
7600
6300
6400
6600
6300
6200
6100
9000
16100
6300
6200
6600
6200
6200
9500
6800
6700
6700
7800
12800
6900
6700
6900
6700
6600
6400
6800
6400
6200
6700
6500
6800
9800
7300
24800
5600
5100
4900
5000
5000
10600
5400
4700
5000
8600
5500
5000
4400
5100
4900
6600
8200
14900
5200
15000
6100
5400
6100
5600
5000
4900
5300
5200
6000
5200
4900
6400
5500
5200
20600
8000
8300
7200
5600
9700
8700
7600
16800
6700
8700
4200
4100
4300
4300
4300
4200
12400
4100
3900
3900
4300
4300
4000
4000
7000
4600
4400
4500
4500
4300
7700
3800
3700
3700
3900
3600
3500
3600
3700
3500
3600
3700
14600
5200
10000
5700
4200
4200
3900
3800
4100
4000
5800
3900
5500
4000
5900
3900
3900
6500
4700
4900
6300
6400
17800
3400
6900
4300
2900
4300
3200
3200
5700
4500
6000
5800
4000
3000
3200
2900
7800
3000
3100
3200
9700
8900
3700
3200
4000
3600
3200
3200
3200
3300
3300
3300
3200
3100
3300
3200
3100
3100
3900
3800
4800
6900
3500
3400
3500
3400
3400
3300
3500
3400
3300
3400
3500
3400
3400
3400
3300
3500
3400
3400
6400
3800
4300
3700
3800
3600
8900
3700
3600
3800
3700
3600
3900
3600
3800
3500
3700
3500
5400
12600
6200
7500
9700
4300
4200
4000
4400
4800
5800
4100
5800
4300
4400
4100
4000
5900
4300
4300
8700
5200
18700
3000
4800
3600
2800
3000
2900
3100
4800
3000
6600
4800
3400
2900
3000
2900
3100
2900
2900
2900
8500
4300
3300
3300
3400
3100
3100
3100
3100
3000
3200
3200
3000
3900
3100
3100
3100
3100
7900
3300
5300
3600
3600
4000
3400
3600
3400
3400
3900
4400
4100
3300
4400
3700
3300
3500
3400
3900
5700
3400
5500
3600
3500
3700
3600
3900
4700
4300
3600
3600
3600
3700
4300
3700
3600
3700
3500
3600
4900
4700
10200
5500
3900
4400
3800
3700
4000
4100
5400
3800
5500
3900
3900
3800
3800
5200
3900
4000
5400
6100
13500
3100
4700
3600
2800
2900
7100
3100
5000
3100
4800
4600
2900
3000
2900
2900
3200
2800
3000
2800
9100
4000
3800
3300
4000
3100
3000
3300
3100
3100
3700
3000
4400
3000
3100
3100
3100
3300
3700
3500
5200
3700
3400
4100
3500
5000
3300
3300
3600
4000
3400
7500
4300
3700
3300
5000
3600
4600
4700
3500
5600
5500
4100
3900
3900
4100
3800
3800
3900
4200
3900
3800
4000
3600
3600
3600
3700
3700
3500
3600
5800
5400
3900
4100
4300
3800
3900
4200
5200
3800
9400
3900
4000
4200
3800
5300
4000
4400
5300
5200
13100
3100
4800
3600
3300
3400
3800
3600
5900
3700
5600
5700
3500
8000
3600
3500
3800
4800
3700
3400
16800
12400
8100
3300
3900
3300
3300
3200
3100
3200
3300
3100
3100
3000
3100
3300
3100
3000
3900
3700
5600
3800
3400
4200
3700
4000
3300
3400
3700
4300
3700
3300
4600
3400
3400
3300
3700
4200
4500
3400
9300
5100
3900
3800
3700
3800
3900
3600
3700
3900
3600
3600
3700
3900
3700
3600
3800
3800
4000
3700
5700
4000
4100
4200
4000
5400
12900
4600
4000
4000
4100
4000
3800
4100
8600
4500
4000
4100
6500
13600
18700
3400
5200
4000
3000
3100
3300
3200
5200
3100
5800
5800
3100
3300
3100
3100
3200
3300
3200
3100
10000
4300
3600
3400
4400
3400
3200
3600
3400
3400
3500
3300
7800
3300
3300
3300
3400
3500
20700
5600
5500
3800
3700
4700
3800
3600
5600
3800
3600
4800
3700
3500
4900
3800
3600
3600
3800
4400
4700
4300
5000
5500
4200
3900
3900
3900
4100
3900
3900
3900
4100
4000
3800
4100
4000
3800
3900
8600
3900
4000
6000
4200
4300
4300
4400
4400
5900
4300
4400
4300
4200
4400
4100
4200
4300
4400
5700
4200
5900
5900
17700
5300
3200
4300
3200
3200
3400
3200
5000
3100
5500
3800
3200
3500
3100
5000
3200
3500
18000
5000
13700
3900
3600
3800
3500
4300
3500
3800
3900
7700
6800
3800
3600
3500
3400
3400
3500
3400
3400
3400
4900
8400
3900
3900
8100
4600
4700
3800
3700
3700
3900
4000
3700
4700
3700
3700
4600
3900
3700
3700
11400
4400
4500
4000
4200
4300
4100
4000
4200
4000
5100
4300
5700
4000
4200
3900
4000
4100
4100
5300
11400
4500
4400
4400
4700
4200
4400
4700
5800
5800
4400
4300
4400
4500
4500
4500
4300
4400
4300
4500
17500
5000
3400
3700
3300
3300
3700
3200
3300
3800
3400
3200
3300
3400
3300
3600
3500
4000
5200
3400
9500
3700
3600
4200
3600
3500
3400
3400
3400
4000
3500
7300
3400
5800
3500
4000
3700
6800
4000
3500
4400
4600
3700
4000
9200
4800
4400
3800
3900
3800
3600
3700
3700
4500
5500
3800
4400
3800
3700
3900
6800
4100
4300
4000
4400
4000
3900
4000
4300
3900
5300
4100
5000
4000
4200
4200
3900
4100
4000
5100
6200
5900
9900
4400
5100
4300
4500
4300
4200
5600
4500
4200
4300
5400
4600
4300
4300
4600
4400
4300
13700
5200
3300
3400
3100
3300
3400
3100
3300
3900
3300
3300
3400
3100
3300
3300
3200
3200
5200
3300
11200
4000
8100
4100
3800
3900
3500
3800
3400
3900
3400
3700
3600
4200
3600
3600
3500
3900
4300
3600
4200
4200
3900
3700
3800
5700
3800
3900
4500
4000
3700
3900
3700
3900
3800
3700
3600
3900
3700
3700
6600
4100
4500
4000
4100
3900
4100
4000
4000
3900
9500
4100
4900
4200
4100
4000
4100
4300
3900
5200
5900
4400
4200
4300
4500
4100
4300
4400
4400
5500
4400
4100
5100
6700
4500
4900
4500
4300
4400
4600
13300
4900
3200
7600
3300
3200
3300
3300
3100
3200
3500
3100
3300
3300
3200
3300
3200
3400
4800
3200
9600
3700
4200
4200
3600
4100
3500
3500
3600
3500
3500
3400
3400
4100
3500
3600
3700
4000
4200
3500
4200
4200
4100
3800
3700
6000
3800
3900
4300
3800
4000
3900
3800
3700
9400
3900
3700
3800
3900
4300
5000
5200
4200
4000
5300
5700
5300
4100
3900
4100
4700
4100
4000
5000
4000
4000
5200
4300
4000
4200
6100
4300
4100
4400
4200
4500
4200
4300
4200
5600
4800
8800
4200
4300
4500
4300
4200
4400
4500
4300
12900
4900
3400
3300
3800
4000
3900
3700
3200
3400
3200
3700
3500
3100
3300
3400
3200
3200
4900
3500
8500
3500
3500
4400
3700
3600
3400
3700
3600
3400
3400
3300
3400
3800
3500
3500
8100
3800
3800
3700
4500
3900
4000
3900
3900
4700
3700
3700
4500
3700
3800
3800
3900
3700
3700
3600
3600
3800
3900
3600
6100
5000
4000
4100
4900
5000
5300
4100
4000
4000
3900
4000
4500
5000
4000
3900
5000
4100
4000
4100
11000
4300
4700
4500
4500
4300
4300
4400
4300
4300
8000
5100
5600
4400
4400
4300
4500
4300
4500
5800
13100
5000
3200
3300
3300
3200
3300
3300
3200
3200
3300
3400
3300
3200
7800
3300
3300
3200
4700
3200
7500
4300
3600
3900
3600
3800
3500
3400
3800
3600
3700
3300
3300
3700
3600
3600
3500
3800
4000
3500
4500
3900
3700
3700
3900
4400
3700
3800
4300
4000
3800
3800
3700
3600
3800
3800
3600
3600
3900
3600
4900
5000
4100
4300
9300
5000
4900
5800
4000
4000
3900
4400
3900
4900
3900
4100
5000
4200
4000
4300
6900
4300
4600
5000
4400
4200
4300
4300
4300
4200
5600
4500
5400
4300
4400
4500
4200
4400
4200
5500
18000
4100
3300
3200
3600
3300
3300
3500
3100
4800
3300
3400
3200
3300
3500
3300
3200
3500
3200
3300
17900
7400
4300
3500
3600
3700
3400
5700
3700
3600
3600
14300
10100
5500
3700
3800
4200
5200
3500
3600
6200
5100
4600
3800
5500
4100
3900
3700
4000
3900
3900
5800
3900
3800
4900
3900
3800
3800
5900
3900
7600
4400
4200
4100
4300
4100
3900
5100
4300
4000
4100
6300
4200
4200
4000
4000
4300
4000
6300
4200
6600
4500
4700
4300
4400
4300
6200
4500
4300
4300
4700
6000
4400
6100
4600
4900
6000
4500
4200
4700
12800
5500
3500
8000
3800
3300
3700
3200
3300
3200
3400
5000
4900
3300
3600
3600
3400
3500
5200
3300
9300
4100
4300
3500
3600
4000
3700
3800
3600
3600
3500
3800
3600
3500
4000
3700
4100
3500
3700
3400
5000
3800
4600
3800
3700
8500
4500
3700
3800
3900
3800
4400
4000
3700
3900
3800
3900
4000
4800
4300
5600
4300
4000
4000
4200
4200
3900
4000
4000
4300
4000
5100
4100
4000
4200
4100
4000
4100
6200
4100
6700
4700
5400
10700
4500
4300
10100
4500
4500
4300
4500
6100
4600
4400
4400
4300
5600
4500
4200
4500
14500
5200
3300
3300
3600
3200
3200
3200
3500
3300
3900
5300
4700
3200
3300
3600
3400
3300
9300
3500
10100
4000
4400
3500
3400
4000
3700
3400
3400
3700
3400
3500
3500
3500
4000
3300
4100
3400
3400
3400
4600
4000
3700
3800
3700
3800
3700
3800
4600
3900
3900
4600
4000
4400
3800
4200
4600
4700
4200
4100
5700
4200
8500
4200
4200
3900
4100
4000
4000
4000
4200
5800
4200
4000
4100
4200
4000
4000
6000
4400
6000
4800
4300
5900
4300
4300
5800
4400
4300
4400
4300
5700
4400
6000
4400
4400
5700
4400
4500
4400
17900
4700
8800
3400
3500
3500
3300
3300
3300
3400
3400
4800
5100
3400
3300
3400
3500
3300
5200
3300
14600
3600
3900
3400
3200
3600
3400
3400
4300
3300
3300
3400
3300
3300
3600
4100
3600
3300
7500
3300
4100
3900
3500
3500
3700
3700
3500
3600
3700
3600
3500
4600
3600
4300
3600
3700
4300
4100
3700
3700
4900
5700
4900
3700
3900
3900
4000
4000
3900
3800
3700
4800
4100
3800
3800
3900
4000
3900
4700
3700
9600
4100
4100
4800
4100
4000
5200
4400
4000
4100
4100
5300
4200
4100
4000
4300
5200
4100
4000
4200
12400
4600
3000
3400
4000
3600
3600
3800
5100
4100
3900
9900
5200
3600
3600
3700
3600
3600
6700
3000
9400
3800
4000
3200
3100
3700
3400
3400
4700
3600
3200
3300
3300
3400
3700
3100
3700
3300
3200
3100
4200
3600
3800
3500
4200
3600
3600
3500
3500
3400
3600
4100
3700
4100
4000
3600
8800
4100
3500
3600
4900
3900
4800
3800
3700
4100
3900
3700
4000
3800
3800
4800
3800
4100
3700
3900
3800
3900
4700
3900
5400
4300
4100
4000
4400
4100
4000
3900
4200
4000
4000
5400
4300
3900
4600
8100
4100
4000
6500
4300
12500
4400
3100
3400
3200
3200
3000
3000
3200
3000
4300
12100
4800
3300
3200
3300
3600
3400
4700
3400
8700
4600
4500
3700
3500
3900
8600
3500
4500
3200
3400
3200
3300
3200
3900
3300
3900
3300
3200
3700
4300
8700
3700
3700
3500
4800
6300
4000
3900
3800
4000
4800
4100
4400
7200
3600
4300
4300
3900
6600
4800
3800
18000
4100
4100
4100
4200
4000
4300
4100
4100
13000
3900
3900
3800
3700
4100
3700
4800
3800
5500
4200
4200
4000
4300
4100
4000
4100
4100
4000
4300
5500
4200
4200
5400
4200
4100
4100
6500
4100
12500
3400
3100
3200
3100
7300
4700
3200
3200
3500
3100
4800
3100
3100
3200
3000
4500
3300
2900
3100
17600
7500
3700
3600
3400
3800
3300
3700
3300
3400
3600
8000
3300
3400
3300
3500
3300
3300
3300
3300
4700
4600
3700
4300
3800
4300
3700
3600
3600
3900
3600
4200
4800
3800
3700
4600
3600
3500
4500
3700
6400
5100
4100
4000
4000
3900
5200
4000
4100
3900
4100
5000
8300
5100
4800
4700
4000
3900
3900
4800
6300
5700
4700
4300
4300
4300
4200
5700
4300
4400
4300
4400
4500
4500
4300
4300
4100
4200
4300
4400
12400
3400
7600
3300
3200
3500
3200
4800
3400
3200
3200
3500
3200
3400
3300
4900
3100
3300
3300
3100
9300
4200
3500
3700
3500
3400
3400
3400
4300
3900
3400
3300
3500
3500
3400
3400
3600
3400
3400
3300
4600
4500
3600
8700
6000
8800
3800
3600
3700
7200
3700
4200
3800
3600
3900
4700
3700
3700
4700
3800
6700
5300
4200
4300
4100
4000
5200
4000
4400
4800
6300
4000
4000
5000
4800
4100
3900
3700
4000
4800
10100
5500
4500
4700
4100
4300
4100
5500
4300
4900
4200
4100
4800
4300
4200
4200
4100
4100
4100
4300
13000
3200
3500
3100
3100
3300
3100
5100
4500
3200
3400
3400
3000
3200
7400
4800
3100
3200
3200
3100
11100
4200
3600
3800
3400
3400
3400
3500
3500
4000
3600
3300
3300
3400
3500
3400
3300
3300
3400
3600
5300
4600
3800
3700
4300
4700
3700
3900
3600
3600
4300
3600
3600
3900
3800
3700
3500
3700
3600
3600
11000
5000
4000
4000
3900
3700
5000
3800
4100
3800
3900
3800
4100
4900
4700
4000
3900
3800
3800
4600
5900
5500
4500
4200
4000
4300
4100
5700
6100
9400
30000
7500
6200
6100
8900
5900
6200
7200
7200
6300
21100
4900
5100
14900
5100
5100
5000
27000
9100
4900
5600
6100
4600
4700
5400
8600
4800
7900
4600
7200
16000
7700
4800
4900
5000
6400
4100
12600
5400
6800
4200
3600
3600
3700
3900
3700
3600
3600
3400
3400
5800
4500
4000
3600
3600
4700
3700
4000
3600
3700
4400
3600
3600
3900
3600
3700
3500
3800
5900
3800
5600
5200
3900
5100
4000
4900
4200
3900
3900
9100
4000
5400
4000
3900
4100
6200
6300
3900
5100
3900
6300
5800
4600
4400
4300
4300
4200
5600
4100
4400
4400
4800
4500
4300
4200
4300
4000
4100
4200
4300
19800
3600
3600
3300
3100
3400
3200
4700
3400
3800
3300
3600
3000
3300
3200
4600
3200
3200
3300
3100
11200
4200
3600
3400
3500
3500
3300
3200
3200
4000
3300
3300
3300
3600
3400
3200
3300
3400
3300
3200
5100
4400
3800
3600
3600
8700
3600
3600
3800
3700
4000
3800
3600
3800
3600
3800
3600
3600
3600
3800
5000
4700
3900
4500
4100
4700
4000
3800
3900
4000
3700
5500
3900
3900
3900
4700
4100
3800
4700
3900
6700
9800
4500
4200
4200
4200
5700
4200
4300
4200
5100
4500
4400
5600
5800
6100
4300
4100
4400
5500
13400
3400
3600
3300
3300
3400
3100
4700
3400
3500
3200
7500
3200
3300
3600
4800
3100
3200
3600
3100
10700
4600
3900
3600
3500
3600
3500
4200
3400
3900
3400
3400
3400
3700
3400
3400
3900
3700
3400
3500
5100
4400
3800
3800
3600
5100
3700
3700
3900
3700
4100
4000
3600
3700
5200
3900
3700
3600
3600
3800
9100
4800
4100
4600
4100
4800
3900
4000
4100
4200
4500
4800
4000
4200
4000
4900
4200
3900
6300
4200
7500
5600
4700
4600
4500
4200
5800
4300
4200
4100
4500
4300
4200
7300
6500
5500
4300
4200
5500
6600
15300
6200
3500
4400
3300
3200
4400
5800
3200
4500
3300
3300
4500
3400
3300
4300
3200
3100
4300
3200
