813900
105500
46000
42000
30100
20500
25800
21300
33000
22300
20900
20300
31000
23900
19900
28600
30900
21900
23300
26400
59900
29100
30700
26800
26000
34100
26600
42500
29000
47700
41200
42300
41300
42700
44500
51200
36700
37800
57800
33000
914600
31000
18400
22900
53700
45400
44400
39300
19000
43600
41900
20200
17300
17500
16200
17600
23300
15900
82400
34800
66600
28500
26300
29300
25500
31800
62700
31700
27700
64500
32000
26600
27400
70400
26600
48700
31800
26800
24900
23300
60100
30000
31900
72500
30500
66900
65400
30300
32600
29500
32700
50700
35700
31400
55200
55300
32500
29000
36100
32800
28200
17100
45800
18800
35500
16900
15400
14400
15000
17300
14900
20800
15600
25100
15500
14400
14100
22600
15900
16000
26300
20200
19500
23100
13400
11600
10900
36100
13400
17800
11200
12100
11700
11600
11300
14700
15600
12000
16600
12600
21000
13000
13200
12200
19400
23000
18800
18800
13100
25200
21000
13700
14300
13900
12800
12100
12100
12000
20700
13700
22300
14900
25900
20400
25900
20700
37300
24400
23100
38500
23100
25900
35500
49200
34900
38700
24600
24100
23700
22300
46500
26300
25600
41300
25800
38000
41400
25700
26300
25100
24800
43500
25700
26100
38900
38800
25700
23900
24100
27400
11300
18900
11700
33800
19200
13500
12300
12200
11600
11500
11500
37800
17700
14500
12500
12800
11700
14400
13900
12600
21200
22100
22600
16300
15000
14700
15400
15100
18300
15800
14200
14800
19000
16300
19000
18900
15600
15500
15100
13700
34800
18300
18200
19800
25700
28600
24900
26200
20700
26800
26200
23300
20000
23200
19900
20000
19100
19100
26300
20700
34900
23800
22200
22500
22200
22500
29100
61600
17900
30700
17200
15400
15600
23400
15000
19300
14300
14300
17500
15200
30200
16300
16500
22500
16400
21600
23900
17300
17100
16900
16800
23300
17500
17400
24200
17900
22100
18000
17400
18600
23400
11000
11100
10900
14000
10200
9500
13300
9300
8800
8700
12300
9800
10600
9200
9900
9100
12600
8500
7000
8500
14500
15900
8300
7500
11200
7700
7400
12400
11400
12500
8800
12100
8300
8400
8000
8300
8500
20500
12000
12000
14300
13300
8900
9000
9000
8700
15300
9300
11000
9000
12100
11000
10300
9600
9100
9400
9600
21400
11400
16300
12300
18000
11100
11300
12400
17800
12100
11000
19700
12300
13800
12100
22900
16800
21200
11700
11700
11600
12800
17700
12300
12600
21000
12400
20500
19900
12300
13200
13500
12500
22800
16900
13300
19400
14000
13000
13200
12800
17100
7000
6500
8600
5500
7700
6300
6300
6400
5800
22900
7200
8600
6400
7600
6100
6200
6200
8300
6700
6300
8300
12500
15900
7900
30700
6600
6200
8300
10000
1742100
23200
10100
12500
7400
7800
7100
7400
7200
7400
7200
10900
8900
7900
7900
8000
10600
7900
14500
8400
92100
16200
8800
8400
14700
8600
8300
8300
8800
14800
10300
12300
9400
9400
9800
15300
15600
14700
463700
13500
43500
18500
15100
9500
601900
15400
251100
14800
198400
39900
10400
32700
11400
11000
20100
11100
20400
18700
11200
48400
19000
11600
17300
13500
11400
15600
11700
11500
156100
14100
12600
5200
3800
6200
13200
6400
17600
4900
4000
4000
4000
4300
8000
4300
5000
4700
5900
4800
12800
12600
4600
30100
19700
16800
3600
3000
2900
2900
3000
4900
3600
3100
3400
21200
3500
3000
3400
3300
3100
3700
3800
5400
4000
3800
3700
3800
3700
3700
6500
3800
4000
5200
3700
3800
4400
3900
4000
4000
3900
11400
4200
5800
4400
4400
4500
7300
6900
6900
6800
4800
8200
16400
4600
4700
4700
4600
4800
4600
4800
7200
4800
7800
5500
5000
5100
8500
5500
8300
5700
5200
8400
5600
5300
5700
8600
13200
8000
5900
5400
8000
12600
21800
8200
9500
8200
7900
7800
8200
7700
8000
20900
8000
8300
8200
8100
8000
8200
8500
8100
9900
8100
22000
8800
8500
16200
8700
8600
9600
8500
8500
15200
10300
16800
8800
8700
8800
10400
11100
8900
11700
8700
13500
11400
18300
9500
10500
9200
9600
9000
9300
9200
10800
9200
18800
9500
9400
10500
11300
9800
9600
9400
12400
18000
10000
10400
11600
10100
11100
15100
10100
10100
13600
19400
15500
10200
12000
10300
10300
10300
10100
22200
120600
6300
6300
6400
6000
5900
10200
6400
9600
7300
6300
6600
9200
15800
7800
6700
6400
6500
6700
10300
19000
8000
7300
7200
7200
7100
7400
18300
8000
7500
8900
7900
8900
8100
7400
8000
9000
7700
8400
7800
17900
8400
8200
9500
8400
8300
8700
9300
8600
10500
11200
9600
16800
8500
8600
11300
12600
8900
8700
9600
14300
9100
15500
10600
9000
10100
9300
9000
9900
9300
9100
9000
17300
9300
9200
9300
12600
9200
10400
10300
13500
9900
20500
11000
12700
9800
15300
10800
9800
11300
13800
17900
13500
10300
13300
10100
11300
10100
9900
19700
44200
6000
6100
16900
14500
6000
845200
19100
20200
11400
11400
11300
29000
35100
11100
11200
11000
11200
11600
17400
34200
17600
12600
12700
12400
12600
13500
33100
14400
13600
13100
13200
12700
12900
12200
12500
15900
13900
16900
12300
27700
31500
16600
20100
14200
17600
14400
14000
14100
32600
14300
14100
12800
13300
32000
14400
15500
14000
37600
14000
23900
6900
6100
6900
6100
6300
6400
6600
7300
6300
6900
6600
6600
7000
6100
20400
11700
6500
6200
6600
20600
7600
7100
7700
11000
7300
7900
6800
7200
7000
11900
7200
11600
7300
11100
7200
7500
7500
9400
7100
49500
6300
6400
5800
6000
5500
13900
6600
16900
19200
5600
5800
12000
6000
6100
6200
6600
5700
5800
12400
9400
6400
5600
5100
5300
4900
4800
21600
5900
5500
6100
5400
5800
5400
5100
23500
5400
5300
7200
5000
9900
7000
8100
6200
5700
6000
6000
6000
6200
13100
6000
6000
6000
6300
6500
6100
6000
9000
8200
6300
9000
6700
6400
7600
6500
6500
6100
6300
6300
10300
9500
6400
6500
6600
6100
9500
10000
7000
6500
6800
10900
7200
7400
7200
10900
7300
7200
7100
7100
7100
10500
7200
11200
7200
10600
7000
7800
7500
7400
7200
65800
7100
5900
5700
5400
5400
12300
5900
10800
5900
6200
6000
14500
5900
5500
5900
6400
5800
6300
10800
8300
7000
5500
4900
5400
5200
5000
6100
6200
5100
6300
6200
5900
5400
5000
7000
5200
5400
6300
5700
10200
6200
7900
6200
5700
5700
6000
5800
8700
8500
6000
5800
5900
6300
6000
10100
6200
5900
8900
5900
8600
6500
6600
7100
6300
6300
6400
6600
6700
10300
9400
6500
6700
6400
6600
11700
10500
6400
6400
6600
15400
7200
6900
7600
7200
7000
11500
6700
7200
7400
6900
7100
7000
7200
7100
7200
11300
6800
7200
7000
47100
6300
6000
5400
5600
5200
11200
6000
10700
5800
6100
5800
10700
6000
5600
6000
6200
5900
5500
15500
8400
5900
5300
5200
5300
5200
4900
6800
6000
5200
5900
5900
6600
6000
21500
6700
5200
5000
6300
8100
9900
6000
8400
6300
5600
6600
6100
5800
6100
8600
5800
6100
6000
5800
5900
5900
6000
5900
8500
5800
13400
7100
6300
6800
6500
6100
6500
6500
15300
11000
10300
6400
6400
6600
7800
9400
10300
6600
6800
6400
14200
7700
6900
7500
7100
10300
7800
6800
7200
7100
6700
11500
7600
7200
7100
7100
12000
6900
6500
7200
46700
6100
5600
6500
8800
5800
5600
5600
5500
5600
19200
6000
10700
6100
9000
5600
5700
5600
5800
5400
14800
6200
5500
5400
5500
5600
5500
7500
5700
5300
5500
5200
7100
7300
5700
5500
8800
5600
5500
6100
8700
7000
6700
8700
6600
9100
6200
8500
8700
10300
6100
8800
6000
5900
6300
6600
8100
6000
6200
6100
9500
7100
6600
7200
6700
7600
6800
6400
6800
7400
6500
6500
6800
6400
6600
6900
6900
6600
6800
7000
17200
7200
7300
7100
6800
7000
7200
7100
7200
7400
7300
10300
7200
7500
7300
10400
7500
10300
8000
10500
51500
6200
6200
5900
6200
5600
5700
5600
11900
10000
6300
5900
14000
5900
5700
6100
10100
9900
5800
5600
8900
5500
5100
5100
5600
5700
5200
6100
5400
6200
5100
5900
6100
5900
6000
5200
5200
5300
6200
4900
8100
6100
6100
8700
6300
8700
6100
8300
7900
6300
6300
12700
6200
6200
6400
6200
6700
6600
5400
5900
9200
6500
7300
6700
6500
6600
6900
9700
7100
6900
7600
6900
6800
6700
6900
7000
6800
6700
6700
6600
14900
7100
7800
7100
7700
7200
7200
7300
6800
7000
7300
10500
11100
7100
7200
10700
7400
10300
7200
10800
52300
6000
6000
6100
5900
5700
8000
5700
11600
9700
5900
6000
9900
5700
5600
6000
15900
9600
5700
5500
9900
5600
5500
5300
5300
4800
5300
6500
5300
7300
5400
7000
7000
7000
6500
5200
5900
6000
6900
5500
7100
6100
6100
5800
6500
5900
6400
8700
6000
5900
6000
6900
10900
8400
6000
6100
6100
5900
9700
6100
9500
7200
6600
6600
7200
6600
6700
6700
7300
6700
6700
6600
6700
7300
6700
8100
6800
6400
6600
7000
14500
7200
7200
7100
7200
7300
7000
6900
7000
7800
7100
10200
7100
9000
6900
12300
7400
13900
7100
12200
55300
7400
6100
5700
5800
6700
5400
5700
13400
10800
7200
5700
10900
7000
5600
5900
10700
12500
6500
5800
14500
5200
5000
5300
5300
5400
5200
5900
5400
5900
5300
5700
5900
6300
5700
5400
5500
7800
5400
5200
7400
5900
5800
6100
5900
6000
6200
8000
6000
6100
6300
5800
7400
7400
5800
7000
6000
5800
6100
5800
8600
6600
6500
8500
6800
9600
6200
9200
12300
6200
6900
8200
6400
6300
6900
6500
8600
5900
6200
6200
14400
7200
8600
8700
7800
8200
8600
16900
13000
5700
7800
8400
5400
4900
4600
7100
5200
6700
4900
6800
40800
3900
4200
4000
3800
3900
3800
3500
7900
8600
3800
4100
13600
3400
10900
3900
5500
5500
3500
3500
8300
3500
3100
6400
4500
3600
3400
3900
3400
7200
3400
4000
4200
4500
4200
3200
3200
3300
3800
3200
4700
3600
3500
3700
3400
3700
3700
4900
4800
3800
3500
3500
5400
4800
3600
3800
3500
4100
3500
3700
5600
4200
3900
5700
4200
6500
4100
8600
5600
3900
4000
5600
4000
4200
4300
3800
5600
4000
3900
3900
6200
4600
4300
4200
4300
4200
4600
4300
4300
7000
4100
4300
4500
4200
4200
4400
4500
4800
4300
4600
28000
6600
3500
3300
3600
3300
3300
3300
6800
5800
3600
3300
6000
3400
3000
3900
5500
5300
3300
3400
9000
3500
3300
3300
3700
5000
3100
4200
3400
4000
3200
3900
4100
3900
6600
3200
3200
3200
4200
3100
4400
3700
3700
3700
3800
7000
4200
5900
3700
3500
3700
3500
5100
4800
3600
3800
3600
4100
3700
3900
6100
4200
4300
7000
4100
6700
4000
5600
5400
3800
4100
9800
4200
4100
4100
5700
6000
4100
4000
4000
6200
5000
4500
4400
4300
4200
4500
4200
4300
4700
4700
4300
4500
4200
4200
4600
4400
4600
4500
4200
28000
3500
3300
3500
3300
3300
6200
3200
3300
3500
3300
5600
3700
3300
3600
5900
3800
5500
3300
5700
16900
6800
4600
3100
2900
10500
3300
3200
3100
2900
3000
3200
17200
4000
3200
4000
3300
5100
3200
3400
4800
3800
3600
4900
3600
4700
11800
3600
4700
4800
3700
3800
3300
3400
3800
4200
4600
3200
3300
4000
6300
3800
3800
3700
5100
3600
6600
3600
3800
5600
5000
3700
3700
3600
4800
4000
3700
4200
3500
5800
6100
4200
4000
4300
3900
4000
3800
4200
5800
5800
4300
4100
4300
3900
4000
4000
4100
4000
5500
4000
28900
3300
3200
3300
3100
5300
3000
3100
3200
3100
2900
3400
2900
3300
3100
3400
2900
2900
3000
5100
8100
4200
3700
3200
3200
3300
3000
3300
3100
3800
3000
3000
3400
2800
3200
3000
3000
3000
3300
2800
4400
3200
3300
3400
6800
4300
3300
3500
4100
4300
3300
3200
3300
3400
3200
3200
4200
3200
3200
3300
5600
3500
3600
3800
4900
6600
3600
3600
3800
5600
5000
3600
3500
4200
4500
3700
3600
4000
3600
5500
5900
4100
4100
4800
3900
7000
5900
4000
5600
5800
4200
3900
4100
4000
4200
3900
4100
3800
4000
4000
25400
3100
3300
3100
3000
5100
3200
2900
2900
3000
3200
3100
2900
3200
3200
3000
2900
3100
3200
4900
8800
3600
3700
3400
3200
3100
4500
3700
3100
3000
3500
3200
3000
3000
3100
3000
3300
3100
3000
3100
4000
3400
3600
3500
3200
3300
3400
3600
3900
3300
3400
3600
4400
4700
3700
4500
3400
3200
3700
3500
5000
3600
3900
4200
6300
3800
3600
3500
3900
4800
5000
3600
6300
4500
4100
3700
3800
3700
3600
5500
5700
3800
4100
4000
4000
3900
3700
4100
5600
5900
4000
3900
4000
4200
4100
4000
3900
4600
4100
4300
27400
3300
3100
3200
2900
5600
3200
3000
5500
3000
4600
3100
3100
3000
3000
2900
3400
3000
3000
5000
7600
3700
3800
3200
3100
3300
3000
4800
3100
4600
6400
3200
2900
2900
3100
4300
12100
3200
3400
3100
4200
3900
3500
3400
3400
3800
3700
3500
3600
3700
3600
3500
5000
6200
3700
4600
6300
3400
3200
3400
7600
3700
4400
3600
3600
5000
3700
3500
5800
5800
4200
3700
3600
3500
3600
3600
5300
3600
3500
3600
5800
3800
4200
4100
3900
3900
3900
4000
5600
5700
4000
4100
4000
3800
4000
4100
4000
3800
3900
6500
24900
3200
3000
3200
2800
5100
3000
3300
3200
3200
3000
5000
3000
3000
3900
2900
4100
3300
3200
4800
6800
3600
3700
3100
3000
3000
3000
3200
3100
3100
3000
2900
2800
2900
3100
3000
2900
3100
3200
3300
3800
3600
3200
3300
3200
3300
6100
3300
3300
3400
3900
3500
4100
4300
3300
4800
3400
3300
3400
3300
4700
3600
3600
3800
3700
4900
3700
3900
6400
5100
3900
3700
3600
5400
4200
3500
5100
3500
3500
4300
5500
3800
4100
14700
8600
4400
4000
7700
4400
6400
6800
4200
4400
4100
4200
4200
4400
4400
5700
6500
28900
3200
3200
3000
3000
15800
3200
3300
3300
3500
3100
3300
3100
3600
3300
3100
3100
3300
7400
5000
6700
3500
3400
6000
3000
3100
3000
3500
3000
3400
2900
3200
3300
2900
3000
3000
2800
3000
2900
2900
4100
3500
3400
3300
3400
3300
3200
3300
3500
3300
3400
3200
4400
4500
3600
4000
3400
3800
3300
3400
4600
3600
3800
3800
3600
4800
3600
5000
4900
4900
3700
3800
4000
3500
3400
3800
7600
3800
3700
3600
6800
5600
4100
4000
5700
4000
4300
3900
4000
5900
5500
4100
3900
3900
4200
4100
3900
4100
5600
5600
24500
3300
3400
3200
3000
3300
2900
3100
7900
5200
3300
2900
3200
2900
3100
3300
3100
2900
3300
3200
9600
4600
3500
3700
3200
3500
3000
3300
3200
3100
3400
3000
3200
3600
3500
3000
3600
3000
3000
3000
4700
6500
4700
3700
3500
4300
3800
5000
3300
3700
3400
4300
3600
3900
4700
4500
5200
4500
3500
4400
5900
4100
3800
3800
4000
4000
3700
5400
5600
5900
5600
3700
4000
5200
5600
7200
3800
3800
3900
4000
8900
6200
4200
4300
4300
4100
4100
4300
5700
4500
4200
6100
6000
4400
4100
4100
4300
5000
4400
4100
25100
3600
5700
3500
6300
3200
3200
5600
3400
3200
3400
3500
3100
3200
3400
3100
5700
5900
3600
3400
7700
3500
3200
4700
3300
3200
3100
3100
3200
3200
3300
3200
3500
3200
3200
3200
4200
3100
4100
3200
4800
3400
5400
3500
4700
7300
3500
4400
3200
3300
3400
16100
3500
3500
3600
4100
4900
4200
3400
4200
5900
4600
3700
3600
3600
3900
3600
5100
3800
4300
6900
3900
3900
3900
5000
3900
4000
4000
3600
4000
11000
5600
4300
4100
4000
4200
4100
4000
4300
4100
3900
5700
4200
4100
4100
4000
4500
3900
4200
4300
27500
3400
18400
3700
3400
3600
3300
6600
4400
3500
3300
5800
3300
3500
5100
3300
6500
7000
3500
3300
8700
3900
3300
3400
4200
3200
3300
3500
14300
3400
3100
3300
6300
3200
3100
3200
14600
3200
6700
4200
19700
16700
9600
3500
4500
4400
6500
3400
3500
3400
4600
3500
3700
3300
4500
3300
4500
3500
3200
3300
5800
4500
4600
4200
3700
3700
4000
4900
3800
4200
4900
3600
3800
3900
5700
4200
3800
3900
3600
3700
13200
5500
4000
4400
3900
4000
4200
3900
3900
4300
3800
5400
3900
4200
3800
3900
4000
3900
4100
4000
25000
3100
5200
3600
3200
3000
3100
4800
3200
5800
3100
3000
3100
2800
3100
3000
4800
4800
4500
3000
7500
3300
3300
3500
3100
3300
3000
3200
2900
2900
3000
3600
3400
2900
3100
3200
3800
3100
3600
3400
3900
5000
4100
3500
3300
4200
3200
3300
3300
3200
4200
3300
3600
3300
4000
6300
4200
3300
3500
4300
5100
3600
5100
3700
3800
4500
3900
4700
3500
4100
5000
4700
3500
3700
4100
4800
5600
4700
3600
4600
10700
5400
3800
4000
4200
4400
3900
4100
3900
3900
4000
5400
3900
3900
3900
3900
3900
4200
4000
3800
27600
3000
4700
3300
6300
3100
3100
5100
3100
3100
3200
3100
3000
3200
3300
3200
5200
4900
3400
3300
6900
3300
3300
7800
3100
3000
3000
3000
3000
3000
4400
3900
3000
3700
3100
3000
7500
3900
3600
3000
4100
4600
4200
3600
3700
6600
6200
4700
3500
3300
4100
3300
3400
3300
4100
3400
5100
3400
3500
3300
5100
3700
4800
3500
3400
4600
3600
5000
3500
4200
3400
4600
3600
3600
3500
4700
5500
4800
4900
7100
5700
3900
4000
3800
3800
4000
3800
5300
3800
4100
5400
3800
4000
3900
5300
3900
4700
3900
4300
4100
23800
3000
6400
3000
2900
3100
3000
7300
3600
3000
2900
3000
3000
2800
3200
2800
7900
4900
3100
5100
7600
3500
3300
4000
3400
3500
3300
3200
3200
3300
3400
3300
3500
3300
3500
3300
4000
3400
3800
3200
5100
4600
4300
3400
3300
4000
3200
3400
3400
3200
7000
3300
3300
3300
4200
3300
4300
3300
3200
3400
4600
4000
5000
3600
3500
4500
3800
4400
3600
4100
3500
4700
3600
3700
3700
5300
5400
4700
3500
4500
9500
4400
3800
3800
3900
3800
3800
5400
3900
4000
5300
4000
3900
3900
5500
3900
3900
4000
3700
3900
25500
5000
2900
3400
3100
2800
3100
5900
3000
3000
2900
4800
3100
3900
2900
3600
3100
2900
3400
3000
10600
3600
3200
3500
3100
3100
3200
3300
3400
3200
3200
3200
3100
3200
4000
3200
3500
3300
3100
3100
5100
6500
3600
3400
3400
3400
3600
3600
3400
4400
3600
3400
3400
3500
3800
3400
3300
4100
3900
3400
5500
3700
3500
3600
3700
4500
4000
3800
4900
3800
4700
3600
3700
5200
4800
3800
3700
3800
14000
3900
6900
4400
4300
7500
4300
4200
4300
6300
4600
4500
4200
4300
4600
4300
4200
5900
4000
3800
4100
4300
23600
3100
3100
3700
3700
2900
3000
3100
4200
4900
2900
5900
3000
3200
3000
3500
2800
3100
4500
7600
8300
4000
3200
3300
3300
3400
3400
3300
3200
3200
3000
3800
3200
3000
3200
2900
3000
3000
3200
3200
5400
3400
3400
3500
3200
3100
3400
3300
3500
4000
3300
3700
3400
3300
3300
3900
3600
4000
4200
3400
5100
3800
3500
3500
3400
4700
3500
3800
4600
6700
4400
3800
3500
4600
4500
3800
3600
3500
3600
4000
5900
4000
3800
3700
3900
4400
3800
5100
3800
4100
3700
3800
3800
4100
4000
3800
3900
3900
3900
3900
23100
3100
2900
2900
3000
3000
2900
2700
2800
7400
3100
5200
3000
3000
2900
3100
2900
3000
4300
4700
7900
4000
3200
3800
3600
3400
3500
3300
3200
3200
3100
3400
3100
3300
3100
3100
3100
3300
3100
3000
4300
3600
3400
3200
3600
3400
3900
3500
3700
3300
3500
3300
6200
3400
4200
3600
3500
3400
3400
3600
4900
3600
3600
3800
3400
4600
3600
3600
4800
3600
4500
3600
3500
4600
4700
3600
3700
3700
3600
3500
6600
3900
4000
3900
3800
3700
4000
5100
3900
4000
3800
6800
3900
3900
3800
4400
5700
3900
4200
3900
23600
2900
3000
3500
2900
2900
3100
2800
2900
4600
3000
5800
3100
3600
2900
2900
2900
2900
4300
4600
8400
3900
3400
3700
3600
3400
6900
3300
3200
3100
3300
3500
3200
3600
3100
3100
3100
3100
3400
3100
4300
3600
3400
3500
3700
3500
3400
3500
3700
3400
3500
3500
3600
3300
4300
3700
3900
3400
3400
3400
5400
4600
3900
5000
3600
3600
3600
3600
3600
5000
3700
3800
3700
5100
3700
3700
3600
7300
4900
3800
6000
3900
3900
3800
3900
3800
3900
5000
4000
4600
3800
3800
4000
3900
3800
3800
4000
3700
3900
4100
23300
2900
2900
2800
3100
2800
2900
2800
3100
4600
2900
7900
2800
8000
5100
2900
2800
2900
4700
4400
9500
6900
3500
3300
3400
3400
3400
3200
3000
3100
3200
3400
3100
3000
3300
3100
3000
3200
3100
3200
4000
3500
3300
3300
3400
3300
5300
3500
3400
3300
3600
3400
3300
3400
4300
3400
3900
3400
3500
3400
5500
6600
3700
3600
3600
3700
3800
3600
3600
4700
3600
3600
3900
4200
3600
3600
3700
4300
4500
3700
5700
3900
4800
4000
4000
4900
3900
3900
5200
4000
4800
4100
4300
5000
5300
3900
3900
3900
3800
3800
25200
3200
3000
2800
3000
3100
2900
2900
2900
4700
2900
5800
2900
2900
2800
3000
2900
2900
6100
4500
7200
4100
3300
3700
3500
3500
3500
3300
3200
3400
3500
3400
3200
3300
3200
3100
3200
6100
3200
3100
4400
3900
3400
3600
3600
3500
3400
3500
3700
3300
3500
3500
3600
3400
4400
3400
3500
3400
3700
3300
5400
3900
3600
3700
3600
6200
4200
3600
3700
4900
3700
4100
3800
3700
3600
3700
3700
4600
4600
3700
5200
6700
4000
3800
3700
5600
4100
3900
5400
4000
5100
4000
3800
6500
5200
4000
4100
3900
3900
4200
23500
3300
3000
3200
3300
2900
3000
4400
3100
3100
2900
3100
3000
2900
3000
5800
2900
2900
3300
2900
9500
3400
3500
3200
3200
3200
3100
3300
3100
3200
3200
3100
3100
3200
3100
3200
3200
4200
3500
3300
4400
4400
3600
4000
10500
3700
4000
4300
3600
3600
3300
3200
3300
7300
3500
4100
3400
3300
3300
3400
5100
3600
3600
4700
4700
3600
3700
3800
3600
3900
4600
3500
3600
3600
3700
4600
5500
3900
3600
3700
5500
5300
4000
4100
4100
4000
10200
4000
4000
3900
4000
3800
4000
6600
5100
4000
4400
4300
5300
4000
15300
3300
3100
3800
4300
3300
4400
3300
2900
3000
3100
3300
3000
2900
3100
3000
3000
3000
3300
3100
8100
3700
3400
3100
3200
3100
3200
3300
3100
3000
4600
3100
3100
2900
3100
3900
3100
3000
2900
2900
5100
4900
3300
4800
3400
3400
3300
3400
4200
4800
3300
3500
3300
4800
3300
4900
3300
3300
3300
4300
6000
3700
3500
5500
5400
3600
3600
4400
3700
3600
5300
3600
3600
3500
4900
4400
3700
3600
3600
3600
8500
5300
3900
4000
3800
3800
5500
4300
4200
3900
3900
3800
4700
3900
9000
4000
3900
4100
17800
4100
13800
3300
3200
4000
4700
3200
7600
3400
3200
3100
3500
3200
3700
3100
3500
6400
2800
3000
3000
3100
8500
3700
3400
3200
3200
3100
3300
3800
3100
3000
3400
3200
3100
2900
3100
3400
3000
3200
3000
3100
4100
3400
3500
3600
3300
3300
3500
3600
3300
3400
3400
3300
3500
3900
3300
3300
3500
4200
3700
3400
4800
3600
6600
4500
4500
3800
3800
3700
3600
3600
4500
3600
3500
4100
4200
4600
3800
3600
3700
3700
5200
5100
4100
3800
3700
3800
5300
3800
4100
3800
3800
3800
3900
5500
5300
3900
3900
3800
5200
3800
15900
3100
3100
3500
5100
3700
5100
3600
3500
3700
3600
3500
3000
3100
3000
2900
2900
3100
2900
3000
8200
3800
3900
3400
3200
3200
3100
3700
3300
3000
4200
3200
4400
3000
3100
3300
3100
3100
3200
3200
4000
3500
6300
3500
3300
3400
3400
3700
3300
3300
3500
3500
3200
3500
3500
3600
3400
4200
3400
3400
7600
5000
3600
15700
4100
4100
4500
6100
3900
3900
3700
3900
3800
5100
3900
5300
3900
3900
4100
4800
5500
5200
3800
3900
3800
7100
6700
3800
4000
3900
3900
4100
3900
4000
5000
4100
3900
3900
5100
3800
12400
3200
2900
3500
4300
3000
4300
3600
3300
3100
3300
3100
3400
3200
3200
3100
3200
3000
3200
7300
8100
3600
3500
3300
3300
3200
3400
3400
3200
3100
3900
3300
3300
3300
3700
3100
3000
3100
3200
2900
3900
3800
3400
3400
3400
3700
3900
3400
3400
3300
3500
3400
3300
3500
3600
3400
3400
4500
3400
3400
4500
4800
3700
4700
15600
6000
6100
5900
5000
6200
5100
20200
7700
16600
6700
8600
7900
6800
8900
7000
12700
6900
6500
8900
10600
6600
6900
7300
6500
6800
8800
6700
6600
7200
7000
8600
8400
7000
7100
6800
27700
5900
5100
10900
7500
5200
7500
5300
5300
5000
5500
6200
4900
5500
5300
5800
5900
5800
5800
5900
9800
6400
6200
6100
6000
6000
6100
6400
6300
6000
6600
6400
5600
6100
6100
5700
5700
6000
6100
5900
7400
6600
6600
6300
6500
6500
6600
6500
6400
6500
6300
6000
6900
6700
6300
6700
6800
7800
6600
11300
9400
8400
7100
8200
7400
7000
6900
6300
6400
6200
6100
6200
6700
8200
6100
7600
6300
6400
8500
6300
8800
6300
6200
8700
9800
7600
7000
8000
6600
6600
10200
6500
8100
6600
6800
9300
7000
8100
6900
9800
27500
8900
6500
6700
5000
6300
9300
5100
5300
5200
6300
6200
4800
5200
12700
5800
5500
5900
11400
5500
14000
5800
5600
6400
6300
9200
5900
5800
6200
5800
5500
5300
5300
5400
5200
5300
5400
5500
5300
5400
9200
7200
8400
8000
11100
7000
6900
6800
6900
7300
7000
6900
7000
7100
7200
7000
6800
7300
8300
8900
10100
8100
7500
9300
7200
9600
7500
7600
7900
7800
7500
7600
10400
7700
7000
7400
6600
7100
6600
8900
10400
7200
7000
11100
7100
6900
6900
7400
7100
8900
7200
7200
7200
6900
7100
6900
9500
9700
7200
7000
28300
5800
5600
5600
8100
5700
5400
5400
5900
5400
5300
8200
6300
5300
9300
5200
5200
5300
8400
8700
11800
6900
5400
5600
5100
6300
5400
6300
8500
6400
5700
5300
5500
6500
5200
6000
6500
14400
5600
5500
9200
6300
7800
7500
6200
5800
6100
6100
5700
5200
5900
5800
6300
6200
6300
6000
6200
6100
7300
11600
9400
6700
11400
8400
6500
8400
6500
6500
6600
6700
6600
6400
8600
6400
6500
6400
6700
6700
7500
8500
9900
7100
8500
7100
7800
6900
7100
7000
6900
7200
6800
9100
7000
7200
7000
7000
13900
10100
7300
6600
26700
5900
5500
5500
8900
5300
5300
5700
5700
5500
5600
8100
5400
5900
5600
7700
5500
5600
8400
8500
15000
7600
5600
5200
5500
6300
5300
5400
5200
5900
6100
5700
6100
6900
6100
6300
7600
6800
7200
5500
8700
6100
6000
7800
7300
8000
5700
6000
7100
6000
5700
5800
6000
5800
6200
5800
6200
6300
5900
5700
9400
9800
8100
9300
11000
9300
7800
7600
7800
8000
7600
7400
9400
7800
7700
7800
7500
7400
7900
9100
10800
8200
7900
8000
8200
8400
8100
8000
8100
8000
7300
7900
8000
7800
8200
8800
10600
10800
8000
7900
34700
6300
6000
6500
9100
5700
5300
5400
5800
5200
5600
8100
5200
6100
5300
5900
6800
5800
8100
8600
11900
7400
5500
5400
5200
6200
5300
5600
5400
5400
5600
5400
5400
5800
5100
9200
6200
6100
5400
5200
8600
5900
5800
7000
7200
7700
5700
6100
7100
6000
5700
5700
6500
5800
5700
6100
5800
5900
5800
6600
9900
6700
8100
8200
6400
7500
6300
6400
6500
6500
5900
6400
6300
6400
6300
6300
6200
6500
14400
10800
11500
7200
7300
7000
7200
6800
7000
7300
7200
9400
7700
7000
7000
6900
7000
7200
9700
9800
7200
8000
30900
6300
6400
6300
12600
6300
6100
6200
6100
6300
6000
9300
5800
5900
6100
6400
5900
5900
8900
8700
9200
6500
6300
6000
5900
6600
6200
6300
6100
6100
8300
6200
6200
6700
6000
6200
7300
6500
6100
6300
8900
7100
6900
7900
7700
12200
6800
6100
6900
6100
6100
5800
6000
6000
5700
6000
6100
6100
6400
6600
10100
6900
7900
8000
6400
6500
6200
6400
6400
6400
6400
6400
7400
6600
6700
6100
8500
6300
8200
7600
9000
7000
7500
13000
6700
9100
6400
7000
7000
13500
11200
7600
9400
6900
7000
6900
7100
6700
6800
9200
27300
5800
5400
5400
8200
5200
5200
5300
5600
5200
5400
11900
6000
6000
5900
5500
10100
6800
8600
9000
12500
7800
5600
5700
5300
6600
5700
5400
5200
13900
5500
5300
5300
6200
5300
5300
6300
6200
5300
5300
8100
6100
6000
7900
7700
7400
6800
6800
7900
6700
6600
6600
10700
6700
6400
6600
5900
6400
6300
6100
10400
7200
9300
9000
7200
7200
7100
7100
6500
7100
6900
6900
7000
7200
7700
7200
7400
7000
8600
9100
10000
7100
6900
9200
7800
13300
6800
6900
7900
7300
7000
7000
9400
7000
7100
6900
6900
6900
7100
9400
25800
5400
6900
5400
5000
5100
5200
5300
5200
5200
4800
5000
5600
5000
5400
5400
8300
12600
5100
4900
15500
7100
6400
5600
5600
5700
5400
5200
5500
6000
5900
20700
8600
5400
5500
5300
5300
6000
5400
5300
7900
6400
6000
6000
7300
6500
6000
5800
7400
6400
5800
9700
5900
6000
6100
6000
8700
6000
5700
6000
11200
9800
6600
6600
6400
7300
6700
6500
7600
6700
9800
6800
6500
6200
7800
9200
8900
6300
6200
7700
10500
10100
8200
10200
13100
7100
6800
6900
6900
7200
7000
6900
7000
6900
6900
7900
10000
8800
9100
7300
26200
6500
5700
8300
5500
5700
5700
8300
5400
5600
5400
7800
5300
9500
5400
5400
11100
5500
8200
5500
12900
6200
5700
5200
5500
5300
6400
5600
5300
5500
6300
5500
6000
5800
5500
5300
5600
5400
5300
5400
8000
6500
6200
6200
6300
6100
7000
6100
7900
6100
6000
7600
6000
6300
101400
9400
11600
4200
3900
6500
6600
7400
4200
4100
4200
3900
4200
4000
4200
4100
5200
4100
4000
3700
3800
5000
4100
3900
3900
4200
6100
5400
4400
5500
5400
4300
4200
4300
4100
4300
7600
8100
4400
4200
4400
4300
5300
5200
5700
4200
15400
3500
3300
5200
3300
3400
3400
5100
3200
3500
3300
5100
3400
3100
3200
3100
7600
3000
4500
3200
10900
4000
3700
3400
3300
3200
3900
3300
3300
3500
3800
3300
3300
3500
3300
3500
3300
3500
3300
3300
5000
4300
4300
3700
3900
3700
3500
3600
3900
4100
4900
3700
3800
3600
10400
3600
4200
6100
6100
3700
7900
5100
3900
3900
3800
3800
3800
4000
3700
3900
4700
3900
4400
3900
3600
4900
3900
3600
3900
3800
5800
5200
4000
5400
5100
4200
4400
4100
4000
4000
4100
4000
4100
4200
4000
3900
7900
5200
5300
4200
13900
3100
11200
5700
3700
4100
3800
5500
3700
3800
3800
5300
3900
3100
4800
3200
4500
3100
7200
2900
11200
4100
3600
3300
3500
3200
3700
3200
3200
4300
3600
3300
3100
3400
3200
3900
3200
3400
3200
3200
4900
4300
4000
3800
3600
3500
3400
3600
3500
4000
4300
3600
3600
3500
3500
3500
3800
4100
3700
3600
5000
4000
3800
4100
3800
3600
6700
4100
5100
3900
3700
5000
3800
3800
3900
3800
4800
4100
3800
3700
5800
7000
4000
5300
5700
4400
4100
4000
4200
4400
4100
4000
4500
4100
4100
4300
5200
5100
5400
4000
12400
3200
3400
4600
3200
3300
3100
4600
3200
3100
3100
4600
3000
3000
3100
3000
4600
2900
4800
3000
9600
3700
3500
3500
6200
3300
3700
3300
3200
3300
4000
3200
3200
3300
3700
3300
3300
3200
3400
3200
4800
4300
4200
3800
4100
3800
3600
3700
3600
4500
4300
3800
3500
3500
3500
3800
3600
4400
3600
3400
4800
4200
3800
3800
3800
3900
3700
3900
7800
4000
3800
5000
3800
4100
4000
3800
4900
3800
4000
3800
5200
5900
4100
4000
4200
4100
4100
4000
4300
4300
5200
4300
4000
4000
4200
6100
4200
4000
4200
4000
15100
3500
3200
4800
3400
3200
3100
6000
3400
3100
3100
4700
3100
3100
3100
2900
4500
3100
4400
2900
9700
3900
3500
3300
3600
3100
3700
3500
3100
3200
6700
3400
3200
3200
3300
3300
3200
3200
3200
3300
4700
8200
4500
3900
3700
3600
3400
3500
4000
4100
4500
4200
3700
3400
3500
3500
3700
4200
4300
7400
4900
3900
4100
3800
3900
3800
4800
4700
5000
3800
4000
7900
3900
3800
3800
4100
5100
3800
3700
3900
5400
5500
4300
4200
4000
4000
4300
4000
4100
4300
5200
4400
4000
4200
3900
5300
4200
4100
4000
4300
12600
7400
3400
4900
4900
3400
3200
3300
3300
3800
3100
3400
3200
3100
3100
3100
4400
4600
4500
3200
22900
7300
3900
4000
3400
3900
3400
3400
3400
3300
3500
3700
3400
3700
3800
3400
3300
3500
3300
3300
5500
3800
4200
4200
4200
6000
4300
3800
3500
3700
4600
3800
3700
3900
3700
4500
4300
4500
3600
3700
8400
4200
4400
4000
5100
5200
5200
4000
3700
4100
3900
4700
4300
4000
3900
4300
4100
3900
3900
4200
6100
4200
4300
4200
4500
5900
4200
4500
5800
5600
4200
7300
4400
4300
7600
5700
4300
5700
4400
4200
13400
4000
3200
3500
5100
3300
3600
3500
3100
5200
3400
5000
3400
3200
7500
3200
3100
3500
3200
3100
10100
3900
3500
4300
3500
3400
3400
3600
3900
3300
3700
3300
3600
3200
3400
3300
3300
3300
3500
3200
9300
3800
4300
3600
4300
4400
4000
3700
3700
3600
4300
3600
3600
3600
3900
4200
4500
7800
3700
3600
5600
3900
3900
3800
5200
5100
5000
4000
3800
4200
4100
3800
3900
3800
4000
3800
3900
3900
5600
4000
5900
4300
4100
4800
4100
5700
4000
4100
5400
8800
4300
4200
4400
4000
5900
5500
4300
5500
4200
4400
12000
3300
3300
3300
4900
3400
3200
3400
3200
4800
3400
7500
3500
4600
3200
3600
3100
3200
3300
3100
10600
4300
3600
4800
3400
3400
3500
3700
3500
3300
4200
3500
4100
3300
3400
3400
3600
3400
3200
3200
4400
3700
4000
4700
4400
4400
3800
3600
3700
3800
3800
4800
3700
3700
7800
3900
4400
3600
3600
3900
5600
4000
3900
3900
5200
5000
5300
3900
4100
3700
3900
3900
3800
3800
3900
4000
4000
4000
4100
3900
5800
4200
4100
4400
4200
5700
6900
4300
5400
5500
4300
4200
4100
4400
5700
6100
4200
5600
4200
4200
13700
3300
3300
4400
5800
3900
4000
3900
4000
9200
4000
5800
4000
4000
4000
3200
3400
3200
3200
3400
10000
3900
3600
4100
3400
3300
3400
3500
3200
3300
3900
3400
3500
3400
4800
4600
3700
3200
3400
3100
4000
3900
3600
4700
4200
4200
3700
3600
3600
3700
3700
4400
3700
3600
8100
4800
10400
6000
20900
6000
10900
6200
8100
6400
8600
8000
7300
4700
4800
4200
5200
4400
4200
4400
4700
7900
5800
5200
4200
7500
6100
4200
4500
4200
9800
5900
4200
4500
5700
5600
4200
5500
4400
4300
6200
5700
4200
5500
4400
4100
13200
3400
3200
3700
5200
3200
5900
3400
3200
5000
4300
4700
3400
3300
5100
3200
3100
3500
3200
3100
11300
4200
3600
4500
3400
3300
4000
3800
3900
3400
4100
3400
3800
3500
3300
3200
3400
3500
3300
3300
4400
3600
3700
4700
6400
4500
3700
6600
3700
3600
3800
4600
3500
4000
4300
3800
3600
3600
3900
3600
6900
3900
4800
4000
4900
4900
4900
4000
3800
4100
5000
4500
3900
4100
3900
5900
5600
6900
4000
4300
7700
4200
5500
4400
7200
8000
7100
4400
5200
4100
4200
5200
4200
4100
5100
4200
5000
4200
4200
5200
14100
3400
4200
3200
8100
3500
3200
3600
3100
4900
3600
4700
3500
3200
3200
3300
3200
3200
3700
3200
9900
4100
3500
3800
3600
3600
3400
3400
3900
3900
4800
3500
3900
3300
3300
3400
3900
3300
3300
3200
4300
3600
3800
4600
3700
8000
4700
3600
3800
3600
3600
4400
3600
3800
4400
3800
3900
3600
3700
3500
6000
4000
4900
4000
4900
4900
4800
4100
4200
3900
5800
5700
5100
4100
3900
4900
4900
4700
6800
3900
5700
4300
4300
5000
5600
5600
5700
4400
4100
4000
4400
4100
4200
4100
4200
4400
4300
4300
4100
4300
12700
3500
3300
3100
3400
4800
6200
3400
4800
4900
3300
3200
3200
3200
5500
4900
3400
4700
3300
3400
