833300
26500
34100
28400
35400
29900
37400
32100
31400
172000
32800
28800
34500
32100
37200
48600
37000
41800
40600
85300
143200
41300
32600
25500
24700
35100
25600
26300
27900
33400
27100
27400
26600
29400
32100
28100
45700
29100
41100
65000
906400
26100
17700
16800
19500
23000
19600
24900
26900
27700
61700
29800
32500
28800
27600
26700
27600
27100
25900
25300
56700
69200
29100
44500
58200
32200
64700
32400
27500
28100
27300
26200
31100
30800
26500
25900
59600
27600
48900
26100
63800
29600
66000
29400
30600
31100
29200
67700
32300
30600
76900
31500
29400
78700
61500
61500
29700
28600
31800
28100
18500
15100
46000
26200
15700
14200
13200
15600
13400
13400
14200
14600
25200
19000
15600
15700
18700
15800
16900
14100
47600
21200
18500
18500
18900
17900
18100
71800
19800
18200
17200
17900
20300
18100
24100
20300
34800
19900
17900
26200
42000
19700
20400
20300
20300
20700
20400
24400
43100
20200
41400
35500
22500
24200
20600
19700
20000
19100
19700
21700
33200
42500
32400
23400
34100
23600
37300
27600
22900
23200
24200
21400
22200
33600
27700
25700
41100
26300
50200
26400
44000
27800
42700
26500
29300
27400
26100
43600
28600
27200
40800
42100
27700
45100
39900
52000
27500
29100
25600
26100
14600
12400
13400
21000
12800
14600
10000
8900
18700
9500
55500
11600
16400
12600
10500
11200
10200
12000
10400
9700
21800
13100
11700
10800
11000
9900
11500
10400
10600
20400
12300
11700
11600
13200
11800
23800
14600
20900
18800
12300
24300
13300
13800
11700
11300
11900
13800
13000
13400
14000
29500
18300
14200
14300
14600
13100
13100
12600
26000
13700
22900
31500
16500
15400
24100
18100
29000
16500
14500
14400
14400
14100
15900
16000
14700
16200
29700
20800
25400
16500
21600
15500
29700
15500
15700
15200
18700
31800
16800
16600
27000
17000
16800
34000
28300
28100
14500
15000
13300
13300
8700
7900
7700
9400
6500
10700
7200
8600
6600
6500
6800
7300
10300
8200
6500
6700
6300
6500
6700
6800
8400
8600
9400
7300
8700
8600
7500
8600
7200
13100
8300
7600
7900
8300
13700
13100
9000
12000
11500
8000
19400
9100
8500
8600
8300
8800
21400
9300
9200
10300
10000
9300
9900
10200
11200
8600
14300
8900
9000
38700
20500
22300
13300
11800
15900
12900
19100
17100
17100
11400
11400
10900
11800
19800
11400
12200
22100
19600
17100
13700
16900
13300
28000
13600
13800
13400
12100
19300
13700
14900
19000
15500
14500
19400
18800
25900
13200
13700
14000
13700
7500
6600
7700
8100
6200
5900
9300
7300
6700
12300
7300
7700
32500
8300
6300
7100
6000
6100
24700
8200
7800
6800
7100
6200
6500
6400
7300
6400
6800
17900
7800
7100
7700
8500
13800
14100
9200
11800
11800
9100
17300
14000
11600
7800
7900
8400
7600
7700
8500
12700
8800
8200
8600
9000
7800
8800
13400
8900
8500
16300
12800
9300
9400
9100
9700
9300
9000
9600
10000
9700
15300
9900
9500
10500
10200
10200
9900
9700
12000
9900
23500
12700
19400
11200
10400
9800
7900
20300
21400
12200
20300
12700
12400
20100
17400
16500
17200
12200
11300
10800
6500
5100
5400
7100
8500
5000
4700
5200
5300
5100
5100
7100
8000
6600
5400
5100
4600
5400
10700
5900
10000
6200
6600
6200
6200
6500
6400
6600
6800
11200
7700
6800
6700
7300
7100
11600
7100
12000
10300
11200
16800
7700
8100
7600
7400
7600
7500
7900
7800
8300
11700
8000
8100
8700
8400
7900
12600
9200
8200
18700
11500
11000
10200
8800
8900
9000
8700
10300
9300
9900
15100
9300
9100
9800
13200
9800
9700
12000
9600
9600
12900
18100
10500
21400
17800
11200
19900
12000
11000
11500
17600
10700
12600
12500
11100
11400
22700
11500
19500
11400
62100
19500
20000
20000
18800
22100
18200
21800
42000
18200
18300
18800
18100
18600
18000
18500
18300
19500
37400
26500
31200
18700
18600
19200
18500
19900
20500
18900
18800
18500
19000
30000
19100
19100
18600
21700
21500
18800
19600
20400
21500
13100
18600
9900
14500
9600
9900
15000
9300
9400
9600
9500
17600
10100
12500
13100
10500
10200
9700
10000
12600
20700
14300
10900
10100
10400
10600
10700
10200
10300
26400
10700
10500
10400
10700
10500
12000
10900
18300
23300
320300
29100
13800
12500
13000
15600
12200
21000
13100
20200
13700
13200
44500
12900
13400
19400
13200
13000
13100
13300
19200
20900
14500
14000
14100
18800
34000
14000
14300
15600
12900
13800
14100
14000
14100
14400
15400
16200
16100
19600
31100
16200
16200
17800
15900
15700
19500
16300
18600
15900
16100
34200
17400
17200
17000
21100
21100
16900
16900
19900
21600
17800
34500
22300
23700
18100
21300
23200
18000
18200
18100
19300
34400
18500
22700
28200
18700
18600
20300
19100
26400
32600
26600
21600
21000
19500
20100
19700
21000
20200
43300
20200
21600
19800
20400
20200
22300
20200
21000
45000
206100
20100
12500
11100
11600
12200
10600
27300
11800
16100
11000
10600
30900
12400
10800
17000
12000
10800
11100
11100
19200
12400
12500
12200
13600
12500
23400
12500
14600
14100
12300
12600
13400
12700
12400
12800
12500
15400
14700
14700
31200
14100
14200
16500
16400
15600
14500
17100
13500
13300
14100
18200
14000
29000
14900
14900
16300
16000
16400
24600
21400
18000
18800
16700
37600
16800
16800
20400
26900
18700
16000
16800
12500
14800
110600
21900
16000
15300
16000
20700
36500
16700
21800
18400
40000
15400
16900
16200
16200
16200
38800
17300
17400
33200
17600
16800
18000
20100
17200
22900
67500
10700
24700
9500
9600
9300
9900
16500
9800
15600
10700
9700
114900
10800
13000
21300
31000
13600
10700
11200
28500
10100
9800
9700
9800
14400
20500
4900
5900
6600
4600
4400
4800
4900
5000
4900
4900
6000
5800
4600
6900
6000
5500
7800
21000
5300
5100
8100
5200
5100
5300
7400
5900
5400
7900
5700
5900
6900
5900
8900
36100
27100
737500
12700
7100
6200
21200
6900
11900
6500
7300
13400
6300
6600
6500
11800
13000
6400
6500
9600
38500
7700
16400
7700
7000
6900
7700
6700
6500
7000
10900
6600
7000
7200
8100
6300
6800
6900
10200
22800
50500
6200
5500
5500
5500
5500
6000
11600
5400
11900
6100
5200
10600
5400
5900
11600
6000
5600
6000
6400
8900
5300
5300
5300
5100
5300
5300
5400
5300
6300
5000
5400
5300
5300
5000
5400
27700
6900
5800
5900
6500
8800
6000
7700
7600
5600
6100
7500
5400
5600
5500
7800
5600
5900
6400
5900
6200
5700
6600
8600
8400
6100
6200
6700
5900
6000
9500
6500
5900
6200
6500
9800
6500
17900
6500
10800
34000
6700
6600
9900
11300
7300
7000
7300
12300
11300
7300
11900
6700
7100
6700
7000
22800
8200
11400
12400
6900
7100
7200
6700
64700
7000
12900
5700
6000
5300
5700
11100
5700
11700
6200
5400
9900
5300
6000
10500
5800
5500
5800
5700
9000
5000
5300
5300
5000
5500
5000
5900
13400
5100
3600
3500
3300
3300
3100
3300
5400
11400
12900
9200
12700
11100
10300
27900
14100
10900
11700
21300
10700
9900
3400
5500
3500
3500
3500
3900
3600
3500
3800
5500
5300
4100
4000
4000
4000
3800
7200
4000
3800
4000
4000
7200
3900
4100
5100
6800
6500
4000
3800
5700
9400
4300
4300
4400
7900
4300
4000
6800
7500
4300
4000
4300
4200
4200
6400
6800
4300
4100
4200
4500
29200
3600
6500
5000
3400
3200
3400
3400
3100
3400
6200
3400
3500
3500
3500
3200
3300
3900
3200
6300
7800
3800
9600
3800
3400
3300
3300
3800
6700
3900
3300
3200
3600
3800
3900
3300
3500
3800
3300
3400
4800
4000
3700
4500
4000
3600
3600
3600
3600
5000
3600
4800
3700
3500
3800
3800
3600
4700
4700
3600
5600
4300
4100
3900
4200
5700
5300
6700
4000
3800
3900
4100
3900
5600
4400
3800
4100
3900
4100
3700
6900
4300
4500
4900
4300
4300
4600
6300
4300
4200
4500
4400
4100
4200
4600
4300
4400
4300
4500
4200
27000
3600
3500
3500
3400
6000
6300
3300
3300
5800
5400
3500
3300
3800
5600
6100
3500
3300
3300
3500
11900
3600
3600
3200
3300
3300
3400
3500
3200
3200
3200
3200
3500
3300
3300
4300
3300
4700
3200
3400
4800
3600
3500
5200
3700
3600
3500
3800
3500
4800
3700
5200
6800
3600
3600
3600
3500
4900
4700
3600
5500
4300
4200
4100
3800
5600
5400
3800
3900
3900
3800
3900
3800
5600
4100
3900
3800
4400
3900
4000
6600
4200
4300
4200
4400
4100
4300
6300
4300
4200
4100
4300
7300
4400
5400
6300
4600
4200
4300
4200
28200
3600
3300
3300
3600
5600
3500
3400
3300
5700
3500
3700
3300
3400
5600
6000
3200
3400
3200
3200
7800
3500
3300
3600
3500
3100
3400
3300
3200
4000
3400
3200
3200
5900
3300
4100
3300
4800
3200
3300
4400
3600
5000
3900
3700
3800
3500
3500
3700
4900
3800
3600
3900
3900
5000
3800
3600
5000
4300
3700
5500
3900
4100
3900
4100
5700
5500
4000
4300
5200
4000
4100
3900
7400
4000
3900
3900
6700
3900
3900
6300
4200
4700
4300
4100
4100
4400
6400
4200
4600
4100
4400
4100
6200
4500
4600
4300
4400
4600
4400
27000
3500
3500
3800
3300
5600
3800
3300
3200
6100
3600
3500
4500
6500
5500
4800
3800
3200
3800
3400
7800
3500
3300
3300
3300
3200
3300
3400
3100
3200
3300
3100
3300
3300
3300
3700
3400
3900
3200
3100
4200
3600
4700
3600
3500
3500
3700
3700
3600
6100
3700
3600
4200
3600
4600
4300
3600
4600
3800
3700
5400
3900
3800
8300
4000
4100
3800
3800
4000
6200
4000
5900
4100
3800
4600
4000
3900
5500
5200
4200
6300
4200
4300
4200
4900
4300
4300
6400
4500
4400
4100
4200
4300
4100
4300
4200
4500
4400
4200
4100
33700
3500
4000
3300
5900
8300
3400
3500
4400
7200
5200
4500
3400
3300
6800
5800
3500
3300
6100
3200
7100
4500
3400
4200
3300
3300
3200
3600
3100
3100
3200
5900
5000
3800
3300
4700
3300
3500
3200
4200
4200
3600
7800
3700
3700
3500
6600
3500
3700
4700
3800
3600
3400
3800
4400
3600
3700
4300
3500
3900
4900
3900
3800
5300
4000
3900
4100
3900
3700
5600
4100
5300
4000
3900
3900
3900
3800
6600
5500
3900
5900
4200
4300
5100
4200
8900
6500
4100
4200
4300
4400
6200
4200
6200
4400
4500
4400
4200
4700
4100
28100
3900
3600
3700
4300
5700
3600
3300
3200
5900
3400
3400
3100
3600
7200
5100
3400
3200
3200
6300
7800
3800
3600
3100
3100
3200
3300
3300
3200
3100
3300
3200
3400
3100
3100
4600
3200
3800
3100
3500
4000
3600
5200
4200
3700
4100
3600
3500
3600
5100
3600
4100
9600
5700
5100
3300
3200
5200
4200
3200
9200
3900
4400
5100
3700
3600
3400
3500
3600
8700
3600
5400
3700
3600
3600
3400
4900
5200
5400
3500
5700
4000
3900
4000
4000
6100
6100
4000
4100
3900
3700
3900
4100
5900
4300
3800
4100
3800
3800
3800
26900
5900
3100
3200
3100
3500
3200
5900
3000
2900
3000
3100
3000
2900
3100
3000
3400
3100
2900
2900
10100
7200
3300
3500
4600
3300
3500
3000
3000
3000
3100
3000
3100
3800
3200
3700
3200
3000
3800
3600
4900
5600
3500
5000
4700
3400
3700
3400
4900
4700
3700
6800
4900
3300
3700
3500
3300
5400
5800
4900
9000
6100
3900
3900
4000
6500
3800
3900
4500
3900
6000
3900
3800
4100
4300
4000
3700
3900
3700
3800
6600
4500
4600
4200
4500
4200
4500
10600
4000
7000
4400
6600
4000
4200
4200
4000
4300
4200
8000
4000
26700
3600
3300
3700
3400
3600
3400
6400
5200
3200
6000
3100
3700
9700
3800
3400
3200
3200
3000
6000
7300
3500
3300
3300
3000
3100
3000
4200
3100
3000
3000
3200
3300
3000
4200
3100
3100
4000
3000
3900
4600
3700
3400
5300
4500
3600
3400
3300
6400
4700
3600
5000
7300
3400
3600
3300
3200
4600
5400
4600
5800
6100
3800
3900
3600
6400
3700
3600
3800
3600
6400
3700
3800
3700
3800
3900
3500
3900
4600
4000
7000
4200
4100
6800
5600
4100
4100
7500
4200
6500
4200
6900
4200
3900
4100
4100
4300
3900
6500
4100
28200
3300
3400
3500
3600
3200
3200
6200
3100
3100
9000
3200
3100
6700
3400
3100
3300
3000
3000
6300
7700
3500
4000
3100
3100
3300
3000
4800
3300
3100
3500
3100
3100
3100
5400
3500
3100
4100
3300
4300
5700
6400
3500
3400
3400
6100
3200
3300
3300
3500
3400
3300
3700
5300
3400
6300
3800
3400
5500
5400
5800
6000
3800
4600
4600
6200
3700
3800
3700
3600
5800
4000
3500
4900
3700
4000
3600
3600
3900
3800
10000
4100
4800
4000
4000
5500
4400
12400
4300
6500
4100
7000
4200
4200
4000
4500
5000
4000
6800
4500
25700
3400
3200
3600
3800
3400
3100
9300
3300
3300
5500
3100
3200
6600
3500
3600
3200
3000
3300
6100
7400
5000
3200
3000
3100
3000
3200
3600
3100
2900
3200
3000
3100
2900
3700
3100
3000
3600
3000
3600
5200
5200
3600
7100
3300
3200
3200
3400
3300
3300
3200
3200
3600
4400
3600
4800
3500
3500
4700
4500
5100
3700
3800
5400
5400
3800
3700
3600
5500
5500
4000
6400
5500
3700
3700
6100
3800
8000
6200
5200
6700
4100
4400
4000
4300
4100
3900
8000
6000
6800
4100
6600
3900
4200
4600
4100
5900
4100
6900
3900
32300
3300
3300
3200
3400
4700
3600
6100
3700
3200
5600
3200
3200
7800
3500
3200
3400
3200
3100
6300
6900
4800
3200
3800
3900
3000
3100
4100
3300
3100
3000
3300
3000
2900
3600
3500
3000
3600
3000
6400
5600
6100
3500
3900
3500
3900
3900
3400
3600
3400
3300
3300
3500
4700
3200
4700
3600
4100
5800
5900
5300
3800
4000
6000
5600
3800
4300
4300
5800
6900
4000
9200
5500
3700
3800
3900
3600
5400
6000
5500
5900
7100
4200
4200
4400
8200
4400
4000
4000
4300
6700
5700
4100
4100
4100
4600
4300
4100
49100
9200
44700
4400
3500
3600
3900
3500
3900
10000
5000
3500
9600
3500
3700
10700
3900
4200
5800
3700
3200
7000
8300
3600
3400
3200
3000
3200
2900
3900
3600
7100
3200
3000
3000
3100
3700
3100
4000
3900
3000
3700
5500
5300
3400
3300
3300
3300
3300
3200
3300
3300
3700
3400
3600
5700
3200
4600
3500
3400
4900
4400
5300
3800
3800
6300
5700
3700
4000
10900
8700
5900
6300
7300
6600
3900
4000
4000
3800
5500
6200
5500
6300
7300
6800
4500
4100
9200
4300
4000
4200
3900
6600
3900
4100
4200
4100
4300
4000
3900
4600
4100
27300
3500
3300
3400
3400
3300
3400
8200
3200
6400
3400
6300
3100
3300
3100
3100
3500
3100
7100
3200
12500
3600
3500
3200
3300
3100
3700
3300
3100
3100
3100
3100
4200
3200
4900
3100
3200
3100
4800
3100
4800
3600
3700
4500
3500
3700
3400
3600
5000
3500
3500
3400
3600
3500
4600
4700
3500
4700
3500
3400
7300
4000
5600
5400
4200
3900
3800
5300
3900
4300
4000
3700
3800
4000
4100
4100
3800
4400
4200
3900
9200
4300
6600
4200
7700
4200
4500
4600
4200
4200
6300
6100
6400
4400
4300
6400
4400
4700
4400
4400
26000
3700
3400
3500
3300
3000
3400
4600
3400
3200
3500
3700
5100
3300
3700
3100
3300
4000
3400
10300
8100
3700
3400
4800
3700
3400
3300
4500
3100
3000
3000
3300
3500
3000
3100
3800
3600
3200
3700
3100
4600
3700
4500
4700
3400
3400
3300
3700
4700
3500
3500
3400
3400
3600
4300
4700
3500
4600
3400
3400
7400
3800
7900
5500
3800
3900
3700
5300
3800
4300
3700
4000
4800
3800
3800
4000
3700
3800
3800
4100
9400
4100
6100
5600
4200
4400
4100
4100
4100
4300
6100
6000
8300
4900
5000
7000
4300
4200
4300
6100
28600
3500
4200
3300
3100
3900
3300
3200
3300
4400
3200
3400
4500
3400
3400
4000
3300
3300
4800
8800
8300
4200
4100
3300
4000
3300
4200
3500
3100
3100
3200
3300
3000
3000
3200
4100
3900
3300
3900
3200
5400
3900
3600
3400
3600
3500
3500
3400
3400
3500
3400
3600
4900
3400
3400
3600
3500
5400
3400
4000
7300
4000
5900
5500
3900
3800
3800
5300
3900
7200
3900
3700
3800
3900
3900
3700
3800
4200
3900
3800
9100
4100
6100
4400
4100
4100
4200
4300
4100
4100
6700
6200
6200
4500
4100
6300
4200
4200
4200
4300
28500
3400
3300
3400
3200
3800
3900
4100
3200
3100
3400
3300
3100
3600
3300
3100
3200
3200
3400
7400
8700
4200
3400
3300
3900
3500
4600
3100
2900
3400
3200
3100
3600
3100
3300
3700
4100
3200
3900
3100
5500
3700
3600
3400
6500
3500
3500
3400
3500
3300
3400
3400
4800
3400
3300
3600
3500
3800
3500
3600
4700
3900
3800
5400
3800
3700
3900
3700
6100
4200
4200
3900
3600
3800
5400
5600
3800
5300
4100
3900
16100
4400
6000
4200
4300
4300
4200
4000
4000
4300
6600
6300
6100
4300
4100
6300
4200
4200
4000
4400
30800
3300
3300
3200
3300
3200
3200
3300
3300
3300
3200
3400
3300
3300
3500
3300
3300
3300
3500
7100
8700
4300
3500
3400
4000
3600
3700
3200
3200
3100
3500
3100
3100
3000
3400
3900
4100
3900
4000
4400
5600
3600
3700
3500
6500
3500
3400
3300
3600
3400
3400
3500
5200
3400
3600
3400
3500
3600
3700
3400
4900
3800
3700
5500
5400
4000
3900
3800
6500
4200
4000
3900
3700
4000
6000
7100
4000
5400
3800
3800
10700
4300
7000
6400
4300
4100
4000
6700
4200
4100
4100
4100
4300
4100
4800
4100
4100
4300
5000
4200
26900
3300
3200
3400
3200
3100
3300
3400
3200
3200
3400
3200
3100
6100
3200
3100
3600
3200
3300
7400
6600
3900
3200
3200
3800
3200
3200
3100
2900
3100
3100
3000
3000
3000
3100
3700
3400
3200
3600
3100
5000
3700
4200
3500
3400
3400
3500
4600
4300
4900
3400
3400
4600
3300
3400
3300
3300
3300
3400
3500
4600
3900
3800
7900
3800
3800
3800
4400
5700
4200
3700
3900
3600
3800
5100
5200
3800
5000
3700
3700
7300
4600
6100
6100
4300
4100
4200
5800
4100
4300
4100
4300
4100
4500
7000
4200
4300
4200
4400
4100
31000
3900
5500
3700
3400
3300
3300
3300
3400
3300
5300
5400
5600
3300
3200
5600
3400
3400
3200
4700
12900
4100
3500
3500
3200
3300
3400
3300
3300
3300
3800
4400
3300
4100
3500
5000
3200
3200
3300
3300
5000
3800
3800
3600
3500
3600
4800
5300
4900
3600
3800
3900
3600
3400
4000
3600
3900
3700
3700
3300
8300
5400
4100
3900
5400
3900
3800
4000
4100
5200
4200
6200
5400
3900
4000
4000
4100
3900
3800
3900
6500
4300
4200
4200
4200
4500
6600
4900
4400
4400
6400
4200
9000
4300
6400
4500
4700
4200
4300
4400
25200
3400
6100
3500
3500
6200
3800
5800
3800
3400
3600
3400
3400
3200
3200
6100
8200
3300
6300
6800
8700
3600
3500
3300
3400
3500
3000
3200
3200
3100
3700
3100
3300
4100
3300
4000
3300
4200
3300
3200
4800
3800
3400
3500
3600
3400
4700
4900
4700
5000
3500
3900
3500
3800
3400
3500
3500
3600
3600
3400
5300
5400
3900
6700
5200
3900
3800
3900
3700
5900
3900
6100
5500
4100
5300
4000
3900
4200
3800
4400
6400
4200
4300
4500
4100
4000
6500
4400
4200
4200
13000
5700
6500
4200
6200
4300
7000
4100
4000
4300
17800
3300
6300
3400
3300
5700
3300
6000
3300
3200
3400
3200
3100
3300
3100
6200
7300
3100
3200
5900
8100
3400
3200
3200
4500
3600
2900
3200
3100
3000
2900
3000
3000
3600
2900
3800
3200
3700
3400
3100
5600
4800
3800
3500
3500
3500
3400
3300
3400
3300
4600
4500
3400
4300
3600
3400
3300
3500
3600
3500
5700
5400
3800
4000
5200
4400
3600
3900
3600
8500
4200
5700
5200
3900
3800
3900
4000
3900
3600
3800
6300
4500
4200
4100
4100
4000
6200
4300
4000
4300
6100
4200
6100
4100
6700
4100
4400
4000
4000
4100
17200
3400
5800
3500
3200
5700
3300
5800
3400
3300
3300
4600
3200
3400
3800
6400
9000
3200
3200
6000
8300
3600
3200
3100
3100
3000
3100
3100
3000
3200
3200
6300
3100
3800
3200
3700
3300
3900
3100
3100
5300
5000
4100
3600
3700
3400
3400
3400
3600
3400
5000
4600
3800
4800
3700
3500
3400
3500
3600
3500
5200
4000
3700
4000
3800
3700
6100
5700
5800
3700
6600
3700
3700
3700
3800
3900
3800
4200
3800
3700
6200
4100
4100
4300
4000
3900
6200
5700
4100
4100
6500
4400
6100
4600
6100
4200
4300
4300
4000
4200
15000
3200
8700
3700
3300
6000
3200
5600
3400
3100
3400
3100
3100
3400
3100
5600
7100
3000
3200
5900
7600
3500
3400
3200
3100
3000
3000
3100
3600
3000
2900
3300
3000
3800
3100
4000
3100
3900
5900
3000
5300
4600
3600
3300
3500
3600
3300
3300
3300
3500
4400
4700
3500
4800
3400
3200
3900
3400
3300
3600
6500
4100
3900
3800
3700
3900
5200
6100
5400
4000
3800
3900
3700
3800
3700
3700
3700
3900
3700
3700
15600
11600
13600
4100
6100
4300
7000
5400
5900
8100
5300
11700
9600
5700
4200
4300
4300
4200
4100
4200
15000
3800
6000
3500
3400
8900
3900
5600
3300
3100
3300
3300
3100
3200
3700
5900
6800
3100
3500
7200
8800
4200
3400
3200
3300
4500
3300
3100
3100
3100
3200
3100
3100
3900
3300
3800
3200
4000
3100
3100
5600
8300
3800
3700
3600
3400
3500
3700
3500
3400
5200
4800
3700
4900
3600
3400
3500
3600
3400
3600
5000
4000
3900
3700
3800
4000
6000
5700
5600
4300
3700
3700
3900
3700
3600
3800
3800
3900
3800
3800
8200
6400
4200
4100
6100
4100
4300
4200
4200
6200
4300
7400
6100
4100
4600
4200
4000
4300
4000
5400
13800
3400
3400
3200
3300
4600
5900
3200
3300
3200
5800
3300
5800
3400
6100
3200
3400
3100
3100
3400
10600
3500
3700
16500
4100
3400
3400
3400
3300
3100
4700
3200
3900
4800
3800
3200
3300
4100
3800
3200
5600
4600
3600
3500
3600
4500
3800
3700
3600
3600
4400
3500
3400
3400
4400
3500
5200
4500
3600
3600
8000
5800
4100
5800
4000
6500
3900
4000
4700
4100
7800
5100
4000
3900
3800
3700
4900
3900
3700
6500
6700
4900
4400
4500
4400
6100
4200
4500
4300
4200
4100
6300
4100
5800
5100
5100
6200
4300
4200
4300
17100
3500
3500
3900
4100
4000
3800
4400
6700
4300
4200
3900
6600
7700
4000
4200
6400
4200
4200
3800
9700
4400
4700
4200
3900
4700
3900
8000
4100
3800
3700
5700
3400
3100
3300
3400
3200
3800
3400
3200
5000
4400
3500
3600
3400
3600
3600
3600
3500
3700
3500
3500
3700
3500
3400
3400
4600
4600
3600
3600
6700
5500
3900
5000
3800
4900
3900
3800
3700
3800
8500
5200
3900
4100
3800
3700
5000
3700
3700
5000
6300
4200
4300
4100
4100
6400
4300
4600
4300
4300
4200
5900
4500
5800
4300
4100
6000
4400
4200
4100
16100
3400
3200
4000
3200
3100
3400
3400
5400
3600
3200
3200
5800
6000
3400
3400
5400
3200
3400
3300
8900
3500
3600
3800
3200
3600
3200
6500
3300
3100
3200
3700
12500
3300
3100
4200
3000
9200
3100
3400
14700
10700
3600
4800
3800
3500
3400
3400
3600
3400
3400
3400
4400
4700
4300
4700
3700
3400
4400
3500
10200
5000
4000
5200
4000
5300
3800
3600
6500
4100
5000
5000
3800
3900
3600
3800
4700
5400
3700
5300
6400
4100
4100
4200
4000
5900
4000
4400
4200
4100
4300
5700
4000
5600
4100
4100
5800
4200
6500
4100
13300
3300
3100
3600
3200
3000
3600
3300
5100
3400
3500
3000
5000
6000
3100
3400
5000
3000
3300
3000
8000
3700
6800
3300
6100
3800
3200
4100
3300
3300
3100
3800
4700
3200
3300
3200
3300
3900
3200
3400
4300
3800
3600
4800
3600
3500
3500
3600
3600
3500
3500
3400
4700
4500
4600
4600
3700
3400
4600
3500
5400
4100
4000
3700
3800
6600
3900
3800
4400
3800
3700
3900
3900
3700
3800
3800
5300
5300
3800
3800
6400
4000
4300
3900
3900
5800
4000
4000
4000
4200
4100
5500
4700
5500
4000
3900
5500
6900
3900
3900
15200
3100
3100
3700
3000
3000
3100
3100
5000
3300
3100
2900
5100
5700
3200
3100
5200
2900
3100
3100
7800
3300
6700
3300
3200
4100
3500
3600
3300
3400
3000
3500
3800
3300
3000
3100
3500
4100
3200
3400
4200
3500
3500
4500
3500
3500
3500
3700
3500
3600
3400
3300
4500
4500
4300
3500
3400
3400
4600
3500
4900
3700
3900
3600
3600
3700
3800
3800
3800
3700
6400
3700
3600
3800
3700
3500
6300
5000
4100
3900
7200
5800
4200
5500
4200
5400
3900
7700
4200
4000
5500
5400
4000
4200
3800
3800
5400
6700
3900
5600
13900
3400
3000
3400
3200
3000
2900
3200
5000
3200
4400
3700
5000
6000
3200
3100
4900
3100
3000
3000
8100
6300
3900
3300
3300
3700
3200
3900
3400
3200
3100
3700
3200
3100
3000
3500
3000
3600
3300
3100
4000
4300
3500
4600
3500
3400
3400
3600
3400
3300
3300
3400
5800
4500
4400
3400
3400
3300
4400
3400
4900
3700
4000
3600
4000
3800
3600
3700
6700
3800
3700
3900
3700
3600
3600
3900
5100
5400
3700
3800
8000
5400
4000
5400
4100
8400
4200
4000
3900
4200
5500
5400
4500
4100
4100
3800
5500
3900
4000
5600
12900
3100
3100
3700
3300
5100
3000
3000
3400
3100
3000
7700
2900
5000
3200
2800
5300
3500
3100
3200
12000
3700
3500
3300
3800
3600
3200
3300
3200
3200
3300
3300
3400
3300
3200
3900
3700
3200
3300
3300
4900
3800
3600
3600
3700
3500
3500
3400
3400
3800
3500
3500
4500
3600
3600
4200
4500
3700
3400
3500
5500
4000
5000
3800
4000
3700
3800
3800
3800
3700
4000
3800
3700
3700
4800
3800
4000
3800
3800
3700
10200
4200
4300
4300
4200
4200
7300
4000
4000
4700
6100
5400
5600
6100
4500
4300
4400
4000
4100
4200
12500
3600
3100
4700
3300
3800
3100
3000
3400
3100
3000
4400
5000
4700
3100
3100
5800
3200
4900
3300
10800
3800
3800
3600
4100
3400
3300
3200
3500
3100
3100
3300
4100
3900
3400
3200
3200
5100
3300
3200
4800
3700
3400
3500
3600
3500
3600
3400
3400
3400
3500
3400
4100
3800
3500
3400
4500
3500
3300
3400
7000
3800
4800
3700
3800
3600
3800
6500
4200
3800
3600
3900
3700
3800
4800
3800
3700
4000
3800
3600
6300
4100
5100
4300
3900
4100
4000
4100
4000
4000
5700
5400
5300
4200
4000
4000
4100
4200
4000
4100
13100
3200
3200
7400
3300
3100
3300
3000
3200
3300
2900
4600
4600
4600
3400
3100
3000
3300
4500
3600
9500
3800
3300
3300
5700
3600
3200
3200
3300
3100
3300
3100
3700
3300
3400
3200
3100
3500
3500
3200
4800
3500
3500
3500
4700
3600
3500
6400
3500
3500
3500
3600
3600
3600
3500
4400
4200
3500
3700
3500
5600
4000
4700
3700
3800
3700
3800
3700
3900
3600
3800
3700
3900
3700
4700
3800
3700
3700
4400
3700
6200
4400
4100
4100
4200
4000
4000
4000
4100
4300
5700
8000
5400
4200
4000
4000
4000
4000
3900
4200
12800
3200
3200
5000
3800
3600
3600
3900
3800
3600
3800
5400
5500
5400
3700
3800
3600
3600
5500
3800
11000
3800
3400
6300
3700
3900
3300
3400
3300
3100
3200
3200
3900
3300
3300
3200
3300
3500
3200
3200
4900
4200
3600
3500
4400
4100
3600
3500
3500
3900
3500
3500
3500
3700
3400
4100
4300
4000
3500
3700
5300
3800
3700
3800
3900
4400
3800
3700
3900
3600
3700
3600
5100
3800
3900
3800
7700
3900
3700
3900
5800
4100
4200
4000
3900
4100
4200
3900
4000
4000
6100
5300
5700
4100
3900
4000
4200
4300
3900
4000
13700
3400
3000
4700
3100
3300
3000
3000
3400
3100
3000
7700
40000
22700
6700
6300
6100
6500
11500
6300
13600
9200
5400
5300
6400
15100
6100
5500
6000
5500
5100
5300
7100
5700
5300
5400
5400
6500
5500
5400
8800
6200
6200
6000
7300
6300
6000
5900
10500
6100
5900
6200
5600
5900
5600
9600
13900
6200
6000
6100
8500
6800
6500
6800
6600
6600
6500
6500
6400
6400
6400
6200
9400
6600
7000
6400
8700
6500
6400
6600
9700
7200
9600
6800
7100
6900
7100
7200
7100
7100
7100
8100
10600
6900
10300
7100
6900
7000
7000
12500
26200
5900
5400
9100
6600
5500
5500
5200
5700
5500
5600
8000
8500
8200
5600
5500
5200
5600
8700
5500
10100
5600
5600
5500
6600
5600
5400
5300
5500
5300
5100
5200
6200
5300
5900
5300
5200
7200
5400
5200
9900
5900
7000
5800
7400
7200
5900
5900
5600
6900
6300
5900
5600
7600
5800
7400
7500
6000
7400
6000
9600
6900
6400
7500
6500
6300
7000
7800
7400
6500
6500
7800
9400
6300
6500
6400
9900
7500
6300
6200
16800
7600
9700
6900
7000
7100
7000
6800
7000
7100
6900
6900
6800
6900
9700
6900
7000
6800
6900
6900
26900
5600
5500
5500
5200
5400
5300
5200
5400
5300
10300
8200
12700
5700
5300
5200
5200
5400
5300
5200
15800
9500
6200
7300
6000
6000
5900
5600
5700
6000
5600
7400
7200
6600
5800
6000
5900
6900
6000
5800
8700
6300
6200
11000
8200
8100
6200
6300
10700
6300
6200
6000
6500
6300
6300
6100
8300
6200
6500
6400
10100
7300
9500
9400
6900
9200
7000
7200
6900
9400
7000
7100
6600
6600
6700
9400
11000
7100
6900
9400
12000
7700
7300
7300
7100
7500
10400
7500
7500
11400
7400
7300
7200
11000
7600
10500
7200
7200
7300
7400
26600
6400
9900
10200
5700
9600
5700
5900
5900
5700
9500
9800
9700
6100
9600
6000
5500
5700
5900
5700
12800
6000
8300
5400
9200
6500
5500
5600
6200
5600
5800
6200
6900
6200
6600
8500
6200
5800
6100
5600
10800
6800
6300
6900
8400
7800
6700
6400
8100
6300
6300
6200
6500
6200
6000
6100
8400
6300
6300
6200
10200
7000
13200
9300
6800
11600
6700
6800
6600
9100
6700
6500
6500
6500
6600
9100
7000
6800
15400
9400
11700
7500
7300
7500
7300
7500
10500
7400
7500
10800
7400
12100
7300
10200
7600
10600
7400
8200
8000
7600
30800
7500
10600
10300
5500
9500
6300
5900
5300
5100
10300
13800
9500
6000
9300
6000
5600
5700
6100
6200
13000
6200
5700
5500
5700
6500
5700
5700
6300
5600
6300
6500
6600
5500
6000
6400
5500
5600
5600
5700
12700
8500
6100
6100
6200
6300
6000
6300
10500
6200
6100
6200
7900
8200
7500
6100
6200
8000
6200
6300
10400
7100
9400
9400
6900
9300
6900
7300
6800
9300
6800
6900
7200
6600
6800
9400
7000
7000
6900
9400
16900
7700
7500
7500
7400
7400
10500
7500
7500
10800
7500
7500
7500
10800
7600
10800
7400
7400
7700
7500
27500
6000
10300
13900
6700
10000
5800
5800
6000
5600
10000
10000
9500
6100
9300
8300
5900
5800
6000
7800
11800
6300
6000
5600
5800
6600
5900
5500
6300
5600
5600
6400
6600
5400
6400
7400
5700
5800
5400
5200
9300
8300
6100
6100
5900
6000
6200
5900
6000
6100
5900
5800
8400
8300
6200
6400
6800
8700
6700
6500
9300
6600
6600
6800
10200
13200
7100
7700
9200
6700
6700
6500
6700
6900
6400
6500
9400
7000
6800
6800
11600
7800
7400
7400
7600
7200
10700
7500
7400
10800
7600
7500
7400
10300
11700
11800
7500
9900
7400
7400
27400
6000
9600
9600
5800
9700
5700
5700
5700
5600
9700
9700
9500
9300
9400
5800
5900
5400
5900
5900
12500
5800
5300
6000
5800
6300
5400
5400
6300
5700
5500
6100
6100
5600
6100
6100
5300
5400
5100
5400
8900
7800
5800
5700
5900
5800
5700
5700
5900
5800
5700
5400
7700
11600
5800
6000
6000
7600
5800
5800
8500
6600
6700
6500
9100
8700
6500
6500
8900
6500
6400
6500
6500
6400
6500
6200
8900
6500
6800
6700
13300
7100
9800
14000
7300
9600
6800
7500
6900
9800
7000
7100
6800
6600
7000
10100
6900
7300
7100
10000
27100
6100
9300
9300
6100
14400
5700
5700
6000
5400
9700
11800
9600
7100
9200
6100
8800
5800
14500
5600
13800
5800
5600
5400
5400
7200
5500
5100
6100
5600
5300
6500
6200
5600
10700
7200
6000
6000
5800
6400
10300
10700
6700
6700
6500
7200
6300
6300
6700
6000
6300
6100
8300
8700
6700
6600
6300
8300
6300
6000
9200
6900
6800
7300
9800
9600
6300
6900
13500
7100
7100
6900
6900
7000
6800
6800
9500
7900
6600
5700
9300
6500
10100
9800
6600
10400
6900
6500
6400
10900
6600
7700
7200
6300
6600
15000
7200
7500
7000
10700
24800
6300
5900
6000
5400
6000
10500
10200
6200
10900
5700
5700
5700
9900
6200
14900
5700
5800
5600
5600
17600
7000
6500
5700
7200
5900
6800
6000
6200
6100
6000
5600
7800
5900
6000
6800
6000
6600
6400
6100
9200
6600
6900
6400
6800
6600
7000
9200
6200
6200
10500
6200
6200
6200
7600
6100
6500
30100
10100
8500
14000
11800
10600
8900
8700
8600
10300
7500
9500
7300
9300
10800
9200
8800
8700
9300
8900
10300
8900
10700
13400
9800
9300
8900
9200
9400
17900
9500
11700
12200
9500
9700
12100
9600
11900
11700
9400
9600
23100
10700
35400
11200
10700
12400
11400
7300
7500
11700
7500
7100
7000
7300
7400
14100
7600
7400
7200
9800
7500
7300
15800
8500
7200
7500
7200
8100
7200
7200
7300
7900
7200
8000
7300
7300
7300
7600
7600
7400
7200
7700
10000
8100
7800
8100
7800
8000
8200
8100
7800
8800
8200
8400
7900
8100
10000
8300
8200
7900
7900
8700
11100
13300
8800
8300
8500
8800
9700
9500
9600
9300
9200
9900
8900
8600
8200
8500
8700
9700
9000
9900
15100
9200
9300
9400
9500
9400
10900
9600
10600
11900
9700
20800
15300
9200
10300
14600
10300
9800
10500
9500
29700
6900
6900
6700
6100
6700
6400
7400
6900
6900
7100
6900
7000
8300
8100
7100
6900
9300
6900
6900
15300
8000
7000
7700
6900
7800
7100
7100
6800
7900
7000
7600
7100
6800
6900
7100
7300
7300
7200
7300
9100
6500
7700
7800
8600
7600
8700
7800
8500
8000
7800
7600
8000
9600
7600
8700
7600
8200
7700
8100
11300
9600
8500
8300
8300
8500
9500
8500
9800
10200
8700
9600
7900
8600
21100
9000
8700
9800
8900
12100
16200
10400
11600
9300
11000
9200
11400
9100
11600
11500
9000
9200
11400
9300
11200
11400
9100
10700
11000
10300
29800
6900
8100
6700
6900
8200
6900
12200
7000
7100
6900
6800
7300
8400
7100
6800
7000
7100
6700
7100
14400
8800
7500
7300
7900
7800
7400
7300
7300
8000
7400
7700
7300
7200
8900
7500
7500
7400
7300
8600
9000
8200
8000
7900
8900
7900
7900
10300
8700
8100
6800
7700
7600
11800
7800
8800
8300
8400
8100
8100
10400
8200
7900
8500
8400
8600
8400
8400
8400
7700
8500
8500
8100
8100
8300
8800
8500
8300
8500
8500
12900
8900
9100
9200
10900
9200
10500
9200
10600
10500
9300
15900
10300
9300
10600
10400
9500
9200
10600
9300
28000
7100
6800
6900
7000
7000
6700
8500
7100
6800
6900
7000
6900
8400
6900
7700
9000
7200
7200
7000
13900
8400
7300
7300
10900
8100
7200
6900
7300
7600
8000
8000
7300
6300
7600
7300
7300
7100
7300
7500
8900
7600
7700
8100
8100
7600
8400
7700
8600
7900
8100
7700
7900
8000
9000
8700
8300
8700
8000
8300
10900
8300
8400
8500
8300
8400
8600
8500
8400
11400
8600
8600
8500
8300
8500
8500
8400
8500
8300
8500
11400
10500
9100
9200
10900
9300
10800
9200
58900
12000
7300
9100
6400
39400
11700
5500
5000
6500
5200
6000
26200
4000
4000
7200
3900
4000
4000
4800
3800
3600
3800
3600
3800
4400
4300
3700
3700
3800
3700
3800
12900
4800
4600
3700
3900
4800
8200
3600
3800
4000
3600
4400
3700
3700
6400
3700
3400
3400
3400
3800
4700
4000
3900
3700
4400
3800
7600
3700
4100
4000
3700
3700
5700
4700
4100
4300
4200
4300
4100
4100
5800
4500
4300
4500
4200
4600
4600
7400
4000
4100
18200
4300
4200
4100
4300
4400
4500
4500
4300
4300
9700
5000
4800
4200
10400
4400
5200
5100
5100
8000
4700
5900
4700
4800
4900
4500
4500
5600
4600
16500
37100
5600
3800
3800
3800
3800
5100
3800
5000
4300
3500
3600
4400
3500
4000
4400
3200
3400
6900
3500
