729400
26800
138200
39200
29100
27700
36100
31400
42800
30400
28600
35400
45100
34300
40800
57400
45800
33300
51900
38400
106100
34300
33800
27400
26600
32500
46100
33000
71200
75400
40800
37100
39800
39500
43600
37400
81600
46700
38600
39100
467300
58500
70600
50800
32500
27700
26900
65000
28300
31000
26700
28900
31700
28600
28700
27800
28500
27500
27200
27600
53700
21400
19100
18800
21400
21300
19500
21300
19300
20000
20200
49900
25400
19500
42800
19900
19700
17000
16500
17300
38800
21400
19000
18000
18200
18300
18000
17800
40500
20800
19500
18500
18400
17900
43700
25900
20900
19500
23500
20000
13000
73700
63600
19200
17800
16200
16000
14900
14900
17500
18000
27900
17000
23800
15600
14400
14900
19000
15100
15400
65600
25000
22300
24600
20000
19900
48000
75400
22200
28800
15500
15300
13500
13100
14000
15900
22300
15400
13700
12800
34700
17200
16100
14700
19300
13700
14000
100100
66400
26400
24100
23000
24500
40400
25500
22200
22400
21800
21900
21800
41300
31100
29200
27600
25100
24400
24800
24900
23100
24300
25600
48400
26500
27700
42500
31200
83600
37400
18100
17300
47200
18300
15900
15500
16200
15500
16000
15800
30300
17500
16800
16500
16000
16200
30800
25800
17500
16400
16100
16700
8500
10400
12300
21800
10400
8600
7400
7000
6800
8100
6900
10700
7700
10300
8100
7400
7400
7100
7300
7100
12600
32500
29600
17800
17000
14800
14600
28900
26900
23400
15400
18600
24300
19300
26000
27500
26500
19200
18800
16500
36500
21500
19500
19500
18300
20200
18600
37300
21400
20200
19000
19000
18600
20400
18800
19900
19100
18300
18800
18000
34000
20300
19600
19800
20000
21700
20300
21700
19900
26300
19700
37900
24100
23300
32000
17900
18200
20400
57900
20000
38100
19300
17200
16100
18300
15500
14800
16700
34800
18500
16100
16200
15600
15500
35800
15700
15500
15900
15400
15200
22000
18900
14800
15500
9600
8900
11700
14000
7300
8500
9500
10300
7300
7300
7200
7200
7200
6800
7000
7000
10300
10400
17500
9000
8400
7800
7800
7700
17200
10900
21700
9200
15700
10700
15800
13900
28800
9500
9000
9000
13600
9600
8700
9000
8900
8700
19600
9500
8900
17400
10000
10000
10600
15800
12000
10900
20300
12600
14800
11100
21900
11800
13200
10800
11200
10600
12500
11700
11500
11700
11700
22400
12300
12400
21600
12500
11600
11300
11500
13700
23800
13200
12000
13100
14700
11600
15900
13300
30600
13100
12400
13800
11700
12600
44300
15100
13000
12700
12300
14000
8900
12400
9700
7000
5900
7600
5900
5900
5800
11900
6900
11600
6700
7100
10000
9300
6600
6300
6600
6600
9500
6800
10800
7600
7200
7300
7200
7400
16300
13100
8700
27300
11800
8900
11400
16400
10900
8800
9100
7900
10700
11900
8700
7500
11500
8500
12900
9500
9000
18500
10300
9400
10300
11000
9700
10400
14700
11600
10100
10100
16800
11200
10700
10400
9900
10400
10200
16500
11500
9600
10000
10300
9900
16400
11300
10200
10700
11600
13300
10400
17900
13500
12800
11700
12500
12500
12200
16400
20800
14300
13800
12500
13400
12500
19700
12500
11300
11900
9300
15200
16300
8500
8900
5800
5500
6200
8600
5500
5600
5600
5100
9100
7700
8000
6300
6000
5600
6000
11000
6500
8800
7200
10200
7600
7400
7000
7200
7300
10500
7800
10200
7700
10500
7900
10400
10700
11000
9800
10600
7800
10300
8800
8000
8400
8000
8400
15200
9300
8300
13400
9000
8700
8700
9700
11000
10300
13100
14900
8900
8800
16200
11300
9900
9900
9600
9400
10700
15900
10800
10200
10100
10100
12000
10500
7900
9000
10300
12700
12500
9800
14700
11000
10800
10500
10700
10600
10800
11500
10800
11800
11200
17500
18100
11400
24700
11700
13900
11800
11000
12100
64800
33000
32000
29900
28700
33100
28500
29500
28100
29000
67600
33600
29900
19800
19000
16900
23700
18600
22300
24600
20900
35900
44100
20400
17900
17200
22800
17400
17900
22000
18300
17700
22800
38000
19000
17600
30600
17700
17700
17800
23500
41000
18700
39900
20400
24700
18400
18600
18000
17800
18200
28300
21500
100000
19700
13400
10900
11600
11000
11200
16000
12500
32100
11300
10600
10400
14600
14000
11100
10800
11800
21500
26700
12400
10700
10600
10300
12700
21400
10400
139200
15800
6600
6800
9700
6600
6400
7000
9800
6800
9700
10900
8500
7000
16400
6600
10900
6700
6400
7000
14800
7400
8200
9200
8300
7200
12400
7200
18700
7400
7300
7100
7100
10600
7900
7200
9100
7500
8200
7400
9800
8600
17300
8700
8600
8500
10100
8600
8400
10500
8500
8700
10700
16700
8500
8800
10800
9000
8800
8700
11100
9100
9000
18500
9300
12100
10000
10600
9400
9100
9300
14700
9300
18400
9300
9300
9300
9600
9400
9500
15600
9800
21600
10300
9900
11700
12500
13500
10100
10700
10100
9900
21900
11900
10000
12000
10100
10300
13600
11600
53200
11300
7200
6300
10300
7500
6400
6500
10900
6700
9700
11000
10600
6500
13600
7900
12100
6800
6400
6500
12400
7100
8100
8800
8200
7100
8900
7000
16800
8500
7500
7400
7900
7300
8600
7300
8300
7400
9100
7500
11200
9400
17200
8600
9100
8100
8100
8200
9000
8900
8600
11800
8300
8100
9100
18700
8500
8200
11300
11300
11700
10100
9200
12400
10100
13200
17600
9300
12300
10100
9200
13200
9500
9400
10300
18200
9400
11900
11700
9600
16600
10100
12700
10300
10100
19700
12700
13000
10200
10200
10000
10000
9900
10400
20300
10400
10500
10400
13700
10500
34300
10300
6100
6600
17000
6500
9500
6400
18900
13100
10200
9200
8300
6500
6700
6900
10400
14100
7100
6600
12600
8200
8100
8000
7900
7200
7800
7000
7300
7200
7100
7100
16100
7500
7300
7100
7900
7400
7900
7400
9700
8400
7700
7900
10400
16600
7900
8000
7800
8000
7900
9300
8000
7900
7800
9600
8200
7900
20900
9600
10200
8400
9100
13200
8600
8500
11300
8700
8700
21600
9000
8900
11100
8600
8700
8800
11300
9200
8900
8900
26700
10100
12000
10100
9900
9700
12000
12100
10700
21400
11200
10000
10500
10300
10100
10500
10100
10500
18700
10300
33800
9300
6300
6300
11100
9000
6900
6400
8800
6400
8400
16700
8100
6300
6600
6100
10200
6500
6300
6300
12200
7000
7500
8700
7800
13700
8100
7200
7200
7100
8800
7100
7000
7200
7200
7300
8000
7200
8100
13800
10000
7900
7800
8100
7800
7800
8200
8000
7800
8000
8300
9300
14600
7900
8100
8000
8300
8100
10100
14400
9200
7800
6900
7500
16300
7100
11100
7400
27300
37700
7700
13100
13200
10600
8700
19200
10400
32500
23000
11600
30400
13500
13900
17800
13600
30100
14000
13500
13600
13300
14000
26900
14000
13600
14000
23800
13700
13600
13700
14200
39500
16600
12800
12900
19900
12400
12900
25800
16200
13000
17200
16700
15600
13000
12700
16300
17100
12900
13400
14100
11500
24400
9500
6400
5900
12600
11600
3800
4000
4100
3300
3300
3100
3700
3400
3100
4200
3300
4100
3100
14600
7500
3700
4400
3800
3600
3900
3800
3500
16900
4600
9200
3900
4000
3600
3600
3500
3700
6400
5400
8700
4300
3800
4500
3700
4000
6500
3900
3900
8100
3900
4100
6700
3700
4900
3900
9600
4200
4100
4100
5900
4400
6400
7000
4400
8200
4300
4900
4400
4400
4200
7400
4400
4300
4200
7200
4400
4800
4500
4500
28800
3800
10300
3900
3300
3400
6900
8700
3600
3600
3600
3300
3900
4100
3200
3600
3800
3400
7100
3300
7500
3700
4800
8600
5600
7800
6100
3500
3500
4100
3400
3200
4100
3600
4300
3500
3300
3300
4000
3400
8100
5400
4000
3700
3800
3600
3800
4000
4200
3500
3700
3600
3600
3800
3500
3600
3900
3600
3900
5000
8600
4100
7000
4200
6000
4300
5400
4000
4100
3900
6600
5400
4000
4000
3700
4300
4100
6200
4700
5900
10200
4700
4600
4500
4700
4600
4400
4700
4300
4400
9800
4400
7500
4800
4300
6900
4900
7700
5000
4500
32500
4200
6300
3600
3900
3700
3400
5100
3300
3400
3400
3700
3600
6600
9800
3400
3400
3600
3700
3800
7400
4200
3600
19000
4400
4500
3300
3300
4100
3500
3900
3200
3200
4200
4000
4700
3300
3300
3200
3400
6200
5100
3800
3600
3800
3600
3700
3600
3700
3600
3700
4000
3600
3900
3500
4800
3800
3600
4900
5000
8400
4000
7600
4200
5800
4100
5600
4000
3900
3900
5900
4000
3800
4100
3800
4100
4000
5800
4000
5900
9300
4300
5600
4300
4300
4600
4300
4500
4200
4400
4400
4300
9600
4700
4200
6900
5000
6900
4700
4400
31600
3900
6300
3400
4100
3500
3300
3600
3300
3600
3900
3500
3500
6300
7000
3500
6300
3500
3300
3800
6800
7900
3700
3200
3300
3800
3200
3200
3700
3200
3700
3100
3200
4000
3200
3700
3200
3400
3200
3200
4500
3500
3600
6600
3700
5000
3700
3600
3800
4700
3900
3400
3500
4100
5400
4800
3600
3900
4800
3900
5500
4100
9100
4200
6000
4000
5900
3900
4100
4100
5700
4000
3900
4600
3800
4500
4200
5800
4000
5800
9100
4300
5100
4100
4300
4400
4300
4700
4100
4900
4500
4300
6800
7600
4200
6700
4800
6800
4300
4400
29500
3500
6200
3600
3300
3400
3300
3700
3400
3400
3900
3600
3500
6500
7100
3700
3300
3500
5000
3400
6800
5700
3500
3300
3700
7000
3300
3300
4900
3300
5000
3100
3200
5200
3200
4200
3200
4200
3200
3100
5300
3700
4100
6300
5400
6400
3800
5000
3700
6600
3800
3500
3500
5300
5300
4900
3900
3800
6100
3600
11000
6100
4100
4200
4100
3800
4200
4500
4000
3800
4100
4000
3900
4100
3900
4100
4000
4100
4000
6100
9100
4400
4400
4300
4800
4500
4900
4500
4200
4800
4300
4400
7100
4600
4700
9700
4400
6800
4400
4300
30900
3900
6300
3500
3700
3500
3300
3600
3200
3400
3500
3300
3600
6600
6800
3400
3600
3500
3400
3600
6700
7000
3400
4600
3500
4100
3400
3300
3800
3400
3800
3400
3200
4100
3300
4000
3300
3100
3200
3200
4400
3700
4000
4900
3700
5100
3700
3700
4100
5100
3800
3700
3600
4000
5300
3700
3600
3600
6400
3800
7400
5900
4100
4000
6800
3900
4000
3900
3900
3800
3900
4200
3900
3900
3800
4000
4000
3900
5500
6600
6100
4300
8100
4300
6700
4400
7100
4900
4800
4500
6700
4400
4200
4500
4100
4200
4300
10700
4900
6700
29800
3400
6400
3800
3500
3400
3400
3300
3300
3300
3600
3300
3400
6400
7400
3600
3400
3400
3700
3400
5800
4400
3400
3200
3400
6800
3300
3200
4100
3200
3800
3200
3400
3900
3200
4300
3300
3100
3500
3200
4400
3600
3900
5100
3900
5700
4000
3700
3600
5000
3600
4700
3700
3800
5000
3700
3600
3700
5100
4100
8500
6000
4400
4200
4100
3800
3900
3800
4000
3800
3900
4200
3800
3900
3800
4000
3900
4900
5700
5900
7900
4400
8000
4400
6900
5100
6300
4100
4400
4300
6600
4100
4200
4500
4400
4200
4500
6700
4500
9700
29000
3800
3400
3300
3800
3400
3400
5800
3900
3400
3500
3400
6500
3500
4000
6600
3500
7500
3600
3400
8900
4100
5600
3700
4600
3700
4500
3600
3600
4400
3900
3700
3400
3400
3400
3400
3700
3400
3400
3400
5400
5500
4000
4500
3700
3800
3800
5200
3800
3600
3900
10900
5700
5100
3900
4100
3700
3700
4000
3900
5900
4300
4400
4100
4200
4100
4200
4000
6300
4100
4000
4300
6100
4300
5000
4100
6000
6600
4100
4000
9600
4800
4600
6700
4500
6800
4600
5900
7200
4400
4700
6700
4400
8300
4800
4500
4500
4300
5100
4400
30900
4000
3500
3800
5100
9600
7000
3500
3600
3700
3300
3800
6800
3500
3500
3500
6400
3500
6600
3800
8100
3700
4300
3500
4100
4300
3500
4100
3500
3500
3400
3300
4000
3700
3900
3300
3400
4600
4000
4200
7600
5200
4300
3700
3600
3900
4100
3700
3700
3700
3900
4900
5600
5200
4000
3800
3800
5200
4000
3700
8600
4700
4300
4000
4100
4800
4100
4000
6400
4100
4300
4000
6500
4100
4000
5900
6000
5800
4200
4000
9300
4300
4200
7200
4500
6500
4900
4600
6700
4300
4400
7100
4300
6700
4300
4300
4500
4400
4400
4600
30600
3500
3700
3400
3400
9500
6600
3500
3500
3500
3300
3900
7100
3400
3600
3500
6500
3600
6500
3500
7400
4100
4400
4800
4400
4200
3300
4200
3500
3300
3800
3600
3400
3500
4300
3300
3400
4400
4200
4000
7700
4000
5600
3900
5600
4000
6100
3900
4100
5400
3900
4000
3800
3900
3600
3800
3700
3800
3500
3900
5800
4100
4300
4300
4100
3900
4200
4500
6000
4100
4200
4200
6200
5000
4000
3900
5800
6300
4000
7300
6800
4300
4300
6800
4600
6900
4500
4300
6900
4500
4300
6600
4300
7000
4300
4400
4400
5100
4400
5000
29800
3600
3500
6800
3400
6500
7800
3900
3500
3900
3200
3500
6600
3400
3400
3600
6600
3300
6600
3700
7600
3800
4300
3600
4200
4200
3400
4200
3600
3300
3500
3800
3800
3400
3900
3200
3700
4100
3900
6700
4500
3800
5600
4400
5400
3900
5800
3800
3600
5200
5000
3700
3700
4000
3700
3800
3800
3800
3800
3900
5400
6400
4700
4000
4300
4100
4500
4100
4200
4000
8200
6000
6100
6100
4200
4100
4100
6900
4200
4000
6400
4300
4500
6700
4400
8900
4600
4500
7000
4300
4700
7400
4300
6600
4400
4700
4400
4400
4500
4300
29800
6300
3600
3400
3600
6400
6500
3600
3800
3500
3800
3600
6900
3800
3500
4100
6100
3700
6300
3500
7400
3700
4200
3800
4200
4400
3400
4000
3500
3700
3500
3300
3500
3700
4000
3300
3400
7000
5600
5500
4400
3800
5400
3900
5700
3900
5400
3700
3600
5300
3800
3900
3600
4200
5100
4500
3900
3900
3700
4000
5300
6300
4200
3900
4300
4100
4000
4300
4200
3900
4000
6000
6000
8900
4700
4500
4400
4100
4300
4400
6500
4400
4600
4400
4500
4600
4900
4500
7100
4800
4400
4300
7700
4500
4800
4600
6900
7000
37000
10200
65700
8700
6000
5100
5400
11300
7500
3900
4000
3700
3700
87400
62100
14400
7000
5800
13700
6800
12400
6300
10300
9300
7000
5500
6800
6700
5800
7100
5600
5400
6100
5400
7100
5500
12100
5600
5400
6900
7200
10000
7100
6500
9900
6500
9800
6300
9400
6300
6100
9500
5900
6000
6300
6100
6000
6400
7200
6200
6400
6200
9300
12400
7000
7100
6800
6200
7400
6800
6700
6500
6900
9800
14500
10400
6900
7400
6800
7100
6900
6900
10200
7700
7400
7100
7300
10200
8200
8000
13100
7500
7400
7700
12600
7400
7400
7800
12500
12300
7500
7500
52700
6000
5900
12000
5700
12000
6200
5800
12200
5900
5600
11800
6100
28900
5500
6200
6200
6100
6200
6000
14400
6100
5700
5600
5400
5200
7400
5500
5200
5200
8900
5600
5400
5500
7100
6900
5500
5500
6800
7100
8600
6000
6300
8700
6300
6700
9400
7500
6800
6200
8700
6200
6400
9000
9100
6100
6500
6400
6200
6300
14400
7000
7000
7000
5800
12300
9300
6200
10200
11000
7000
6000
6100
10200
9800
6500
6600
7200
10600
6600
11900
6800
6700
6800
7000
7100
7400
6900
6900
12300
7000
6900
11000
14700
7300
15500
13800
9300
7200
8500
53800
5900
15900
5700
14300
12400
5800
10700
5500
7000
5900
5700
6500
5400
6000
5400
6600
6500
5500
15200
11100
6400
5100
6700
4900
5200
6400
5100
5100
5000
5200
6600
5100
5100
4700
4800
6800
6100
4800
4900
8700
5800
7200
8300
5800
6000
7900
6000
5800
5700
5400
5700
5800
8200
8300
5500
5900
5600
5500
5800
14800
7700
6500
6200
6300
6700
6400
6100
9900
10700
6300
6200
6000
9400
10000
6300
6300
6100
12300
6800
12100
6900
6500
6900
8200
7100
7000
6800
6900
11700
6700
7100
10800
10500
7500
11800
13200
6900
7000
6600
49000
5800
12800
5600
11000
11100
5700
9000
5700
5900
5700
5500
5500
5800
6400
5700
6000
5700
9200
25700
11300
6300
5300
5000
5000
5100
6200
6200
4900
5000
5800
6200
4800
5000
4700
4800
6300
6100
4800
4800
6700
5700
7800
5600
5700
5400
8600
5600
5300
5600
8700
5800
6600
5500
8000
7800
5900
5300
7800
8700
13500
6300
6500
6300
9100
6100
6300
6600
9900
10300
6100
5600
5900
9400
10600
6600
6100
6300
9800
6500
10800
6900
7200
7300
6900
7300
7100
7000
7100
11600
6900
6900
10900
9900
7100
12300
12700
7000
7100
7100
47000
5900
15300
5500
11200
11200
6000
9100
5800
5800
5800
5200
5200
5600
5600
5700
5800
5800
9600
11700
11400
7100
5100
5100
5600
5200
6000
5200
5600
4700
5000
5700
6200
4900
4900
4900
6500
6000
4900
5200
7000
5900
6100
5500
5500
5700
8000
5900
5500
5800
8100
8000
5700
5600
8600
7600
6000
5500
8200
9700
12100
6600
7200
10200
6400
6600
10300
6300
6200
7200
6700
6300
6100
9900
9900
6100
6300
6200
6300
6500
10700
7000
6600
7000
7600
7300
7800
6800
7000
12800
7100
11500
6900
10600
7100
15200
12500
7300
7200
6900
48900
5500
12300
5800
11100
16000
5700
11200
5900
5500
5300
5500
5200
5300
5400
5100
5400
5600
5400
10800
9300
6300
4700
4600
5000
5100
6200
5400
4800
5000
5000
6200
4800
5000
4800
4800
8300
7500
4700
4400
6100
5700
5300
5600
5300
5400
23700
6200
5300
5500
7100
5200
5100
5600
12400
7400
5400
5300
7600
15900
9000
9100
6800
9500
6200
6100
9000
6400
6200
6500
6100
6100
7000
8800
9200
6400
6400
6100
6500
6700
10300
7100
9800
6900
11600
7100
6800
7100
11200
10300
7100
7000
7400
11200
10300
7100
7300
7900
10800
7400
49300
5800
11100
5500
9200
14100
5600
9600
5600
5900
6000
5600
5300
6000
5600
5400
6100
5700
5200
9600
9900
6400
5200
5700
4900
5000
6100
5000
4700
4900
4800
6200
4800
5100
5000
4800
6700
6600
4900
5100
6700
5700
6100
5500
5800
5400
7600
5700
5400
5500
7500
11200
6900
33200
6800
5200
4200
5800
5200
5700
6200
10500
12800
18300
12000
12900
16700
12400
11600
12100
12400
12100
11500
16600
5500
4000
4200
4000
4000
4300
6000
4700
10000
4400
4100
4400
4000
4200
6500
6400
4300
4200
4400
5800
6300
4400
4300
4300
5900
4500
28000
4000
8200
4300
11200
3400
3700
3700
3200
9200
3600
3700
3600
6900
3500
6800
6200
3500
3700
3400
12200
3700
3300
3400
4200
3300
3300
3200
3200
3500
4000
3400
4000
3700
3700
4000
3400
3800
6400
3300
5000
3900
3800
5300
3800
3800
3800
3900
3900
3600
4100
3600
4700
3800
4400
4500
3500
3900
3600
3600
7600
4100
4200
5300
4000
3900
4100
3800
4100
3800
5500
4100
4000
4500
4300
4000
4000
5700
4000
3800
9500
4500
4300
4400
4400
4500
4300
5100
4200
4600
4600
6300
7000
6300
4500
4300
4100
4400
4200
4200
27700
3600
3600
3600
3400
3700
3400
5500
3600
3500
3300
3100
3200
3700
3600
4700
6400
3400
3300
3200
12200
4000
4200
3400
4400
3300
3400
3600
3300
3200
3200
4000
3100
3200
3200
4300
4100
3500
3400
3300
4900
3600
3500
4600
3600
3700
3500
3400
3600
3700
3700
3900
3700
3500
3600
4300
5700
3600
3700
3500
6500
4100
4000
5100
3800
5000
3800
6700
3800
3800
5500
3800
3700
4000
3900
3800
3800
5200
3800
4200
6200
4300
4300
4000
4100
4900
4000
4100
4100
4200
4200
4200
6200
4400
4400
4600
4200
4300
4000
4200
26600
4100
3200
3400
3500
3300
3300
8100
3600
3100
3300
3100
3400
3200
3600
3200
5300
3200
3200
3100
9200
3400
3300
3600
5300
3300
3200
3300
3400
3200
3200
3100
3100
3300
3100
3600
3600
3300
3100
3300
4200
3600
3800
3600
4700
3600
4400
3700
3500
3600
4500
3700
4300
4400
4600
4300
3900
7300
3600
3500
8700
4000
3800
5000
3800
4100
3900
3800
3800
3800
5300
3900
3900
3800
4000
3800
4200
5000
4000
3700
6800
4400
4200
4100
4300
4200
4100
4100
4300
4300
4200
4500
5900
4100
4400
4200
7500
4300
4200
4100
25800
3400
3200
3300
3600
3400
3200
6300
3500
3700
3300
3100
3100
3200
3300
3600
5500
4600
3700
3400
9700
3600
3400
4000
4500
4300
3900
3400
3200
3300
3300
3400
3500
3200
3200
4900
3900
3300
3100
3500
4100
3500
3700
3700
4800
3700
3800
3600
3600
3600
4900
4500
4300
4500
4500
4400
3800
5100
3600
3800
5000
4600
3900
5400
4000
4100
3900
4000
4200
3900
4100
4000
4100
3800
3900
5300
3900
4100
4000
3900
10200
4300
4600
4500
4200
4900
4100
4200
4100
4300
4400
4200
5900
4300
4200
4200
4400
5200
4500
4300
29600
3600
3500
3400
3400
3400
3400
5700
3800
3300
3500
3200
3200
3800
3500
3300
5200
3400
4700
3600
9000
3700
6200
3400
3700
3300
3400
3400
3100
3200
3200
3400
3100
3300
3200
3700
3600
3300
3100
3300
4200
3700
3500
3700
4400
3600
3600
3500
4300
3900
4400
3600
4500
4200
4500
4200
3700
4300
3600
4800
5100
4100
4000
5200
3900
4000
4500
4600
3900
4000
4200
3900
3900
7400
3900
5100
3800
3900
4000
4000
7100
4300
5100
5600
4300
4300
4200
4100
4300
4100
5700
4200
4100
4200
4100
4100
4400
5500
4200
4100
27400
4000
3300
4400
3700
3500
3800
7900
3600
3400
3300
3300
3300
3400
3400
3200
5000
3300
3300
3300
8800
3900
3400
3300
3700
3300
3400
3500
3100
3400
3700
3200
3200
3100
3400
3700
3700
3400
3200
3300
4100
4100
3500
3600
4500
3600
3600
3400
3700
3500
4200
3800
4300
4600
4300
4400
3700
7500
3700
3500
4900
4100
3900
5500
4000
3800
4300
3700
4000
3800
4100
4100
4000
3900
4100
5200
3800
3900
4000
4100
6900
4300
4200
5600
4200
4700
4200
4200
4200
4100
5800
4200
4100
4200
5400
4600
7000
5700
4100
4500
29300
3400
3600
3500
3400
3300
3400
3100
3200
3600
3600
3200
5500
3600
5100
3300
3600
3200
3300
3200
13400
3700
4800
3400
3500
3400
3300
3500
3300
3300
4500
3500
3400
3400
3400
3300
4100
3300
3300
3500
4800
4700
3800
4000
3700
4500
5200
3700
3900
4900
3900
3900
3600
3800
3600
3800
3900
3600
3600
3700
5700
4200
4100
4200
5900
4300
4200
5500
4200
4200
5600
4000
7100
5300
4400
4800
5500
4300
5000
4300
6600
4500
4500
4500
4600
4400
4400
6100
4800
4600
5900
4300
4700
4500
4300
4300
5100
4300
6000
4300
29400
3900
3600
4300
3600
3600
3600
3700
3500
5400
3600
6800
3500
3500
3600
3500
3300
3300
3400
5300
8800
3700
3700
3800
3800
3900
3400
3800
3600
3500
3300
3300
3300
3400
3200
3200
3300
6600
3400
3300
4800
4700
3700
3600
4600
5300
4500
3800
3700
4900
3700
3800
3700
3700
3600
3600
3600
3700
3700
3800
6200
4200
3900
3900
4000
4100
4000
5400
3900
5300
4300
4100
5200
5000
4200
4100
5200
4300
8000
4100
6800
4300
4600
4200
4300
4300
4400
6900
4300
6100
6200
4500
5400
4400
4500
4200
4400
4300
6300
4100
29600
3500
3800
3800
3600
3500
3600
3500
6400
5800
3300
6600
3900
3600
3600
3300
3300
3400
3200
5400
8600
3500
4100
3800
4100
3900
3300
4000
3500
3400
3600
3300
3300
3300
14000
3700
3500
3800
3500
3100
4100
3800
4400
3900
3500
3600
3500
3700
3500
3300
7700
3500
3500
3500
3700
3500
4600
3500
3400
4100
5700
4000
4100
3900
4100
3900
3900
5300
3900
4100
3800
3800
5100
5700
4000
3800
5000
3900
5100
4300
6200
4300
4200
4000
4200
4300
4100
8500
4200
4400
5800
4100
4400
4400
4100
4100
4400
4000
5700
4100
16100
3500
3300
3800
3700
3200
3400
3600
3300
5200
3200
6000
3300
3200
3600
3200
6000
3200
3100
5200
8400
3600
3800
4400
3700
4900
3200
3800
3400
3200
3600
3100
4400
3200
3200
3100
3100
4200
3300
3400
4100
3800
4700
3600
3600
3500
3500
3500
3600
3600
4700
3900
3500
3500
3600
3600
4700
3600
3400
3400
5300
8400
4300
4100
4600
5600
5300
3800
3800
5200
4200
3900
3800
3800
4000
3800
3900
4700
4400
4400
7800
4300
4300
4200
4100
4700
4300
5900
4100
4200
5700
4400
4300
4200
4300
4400
4200
4100
8300
4300
15200
3300
3300
4000
3400
3500
3600
3300
3100
5500
3100
6200
3200
3100
3500
3500
3200
3400
4500
5200
8000
3600
3300
3600
3700
3700
3200
6500
3400
3200
3200
3200
3500
3100
3100
3200
3100
3700
3200
3200
4200
3500
4600
3500
3500
3800
4000
3500
3600
3500
4500
3800
3600
3600
3600
3500
4300
3500
3600
3400
5000
5200
4100
3900
4000
4900
5000
4100
3900
5100
4000
3900
4300
6600
3800
3700
3800
3900
4200
5500
10500
4300
4200
4700
4200
4300
4200
5800
5600
4300
4200
4400
5700
5800
4400
4300
6300
4500
5600
4300
13700
3600
3200
6300
3700
3400
3400
3600
3200
5100
3100
6900
3300
3300
3500
3400
3300
3400
3200
8500
7400
3400
3400
3800
3500
3700
3100
3700
3600
3400
3200
3300
3100
3200
3600
5800
3200
3700
3400
3200
4300
3600
4400
6600
3400
3500
3600
3700
3600
3600
4800
3600
3500
3700
3600
3500
4700
3600
3500
3500
5500
5200
4100
3900
3800
5200
5000
4000
3900
5300
4100
3800
3800
3800
3900
3800
3800
3800
4000
3900
5800
4400
4200
4200
7000
4500
4100
6000
4400
4200
4100
4100
5800
5600
4300
4200
5800
4700
5800
4200
15300
4500
3600
3800
3500
4300
3900
6200
4300
4000
6000
4900
4300
4000
4200
4000
4100
4300
6600
3800
26400
7700
4400
3500
3700
3400
3400
3600
3200
4800
4000
3500
3300
3700
3400
3500
3400
3200
3900
3500
5200
4000
5500
4700
5400
3800
3900
3800
3600
3800
3600
4800
4000
3700
3800
3700
3600
3800
3700
3500
6300
4100
5400
4100
4100
4000
5400
4300
5500
5200
4500
4100
4900
4000
4200
5500
3900
4100
4200
4200
7700
6500
4400
4500
6200
8300
4700
4400
4900
4300
4500
4200
4700
4600
6000
4200
7500
5700
4400
6300
15700
3700
3600
3800
3900
3700
3500
4000
3700
3500
3600
3600
3400
3500
5800
3600
5800
3900
3500
3600
11100
4300
4500
3700
3800
4300
3600
3300
6400
4100
3400
3400
3300
4200
4400
3400
3200
3500
3300
3300
5300
3700
6400
5300
6000
3900
5500
3800
3600
4400
4100
4900
3600
5200
3700
3900
3800
3700
3600
3500
6100
4000
5300
4000
4100
3800
5300
4000
5200
8300
4200
3800
4100
3800
4200
5400
3900
3900
4000
3900
6800
6100
5300
4500
6600
7000
4400
4500
4800
4300
4400
4300
4500
4500
5900
4500
4400
4300
4500
5900
16500
3900
3500
3300
4100
3500
3400
3700
3400
5100
3600
3600
3500
3800
5600
3400
5800
4000
3500
3500
10500
3900
4100
3600
4000
4000
3500
3500
3600
3500
3300
3300
3500
3300
3400
3400
3700
3400
3300
3400
8500
4000
4700
4000
5500
4400
3800
3900
3600
3700
4800
3700
3600
4700
3800
3700
3800
3500
4800
3900
8100
4200
5300
4300
4100
4000
5600
4100
5200
5400
4400
4100
4100
4000
5400
5500
7000
4000
4100
3900
6800
6300
4600
4400
6000
6600
4500
4300
4400
4400
4500
4200
4300
4600
5900
4300
5100
4500
4200
5900
15600
3600
3600
6200
3400
3500
3600
3300
3400
3500
3300
3300
3800
3400
5400
3700
5700
3400
3600
3400
10500
3600
4000
3700
4000
5100
3600
3300
3500
3400
3500
3300
3400
3200
4000
3700
3300
3300
3400
3400
34900
11000
8000
4000
3900
6700
6200
5100
4500
4700
6300
5500
5900
5800
3900
3600
3600
3500
5000
3600
6400
4300
6500
5500
5300
4400
3900
4200
3900
3900
3900
6100
3900
3800
4200
4000
3800
3900
5900
4000
9500
6100
4400
4500
7200
6800
4200
4200
4700
4200
4900
4200
4400
4400
5900
4300
4300
4200
4200
6000
13300
3500
3600
3400
3400
3500
3300
3300
3600
3400
3100
6700
3300
3200
5300
3700
5500
3400
3100
3200
9800
3500
4200
3400
4000
4000
3400
3300
3700
3400
3300
3200
3600
3300
3200
3500
3200
3500
3300
3200
5800
3700
5200
3900
3800
3500
3600
3500
3600
3600
4800
3400
3500
8500
3700
3400
3800
3500
4700
3600
5300
3800
8600
5500
5400
3900
3700
3900
3800
4000
3800
5800
4400
4000
3900
3800
3800
4200
3800
3800
5900
4100
5900
4400
4100
4000
7400
5200
6500
6800
4200
5900
4300
4100
5000
6700
4000
4100
5200
4300
15300
4100
3300
3100
4100
3200
3100
4200
3200
3100
3900
2900
3200
3300
6000
6300
5400
3200
3300
3000
8300
3800
3600
3400
3700
3700
3400
3300
4800
3800
3300
3100
3200
3400
3300
3300
3100
3500
3300
3200
10000
3700
4700
3700
3600
3600
3500
3500
3400
3500
4500
3400
3400
4100
3600
3700
3500
3500
4700
3700
5000
3800
8800
4900
5200
3800
3800
3900
3800
3800
3700
5700
3800
3800
4000
3700
3700
3800
3900
3700
6100
4300
5500
4100
4500
4200
5700
4200
5400
5500
4400
4100
4100
4100
7200
5800
4000
4100
4300
4100
12600
5200
3400
3700
5800
6900
3900
3700
4200
3800
3700
4000
3900
4000
5900
3700
4100
3800
3700
9100
12100
5100
3500
4200
3600
3400
3600
3500
3500
3300
3300
4800
3600
4200
3400
3300
3600
3400
3300
3300
5700
3800
3700
3600
4500
4400
3700
3600
3600
4900
3700
3600
4600
3500
4300
7300
3500
3600
6600
3900
6800
4200
4000
5300
4100
4400
5200
5400
4200
4000
4000
3900
4100
4900
4000
3900
5000
4000
5300
5100
6800
4300
4400
4500
4400
4200
7100
4300
4300
4600
4100
4200
4300
6100
4100
4800
4500
4300
4100
4300
14200
3500
3500
3600
3200
3500
3400
3300
3300
3400
3100
6200
3300
3200
5000
3200
3300
3200
3200
3300
9700
3700
3600
3400
3400
6900
3500
3200
3200
3200
3500
3300
3600
3900
3600
3400
3200
3900
3200
3300
5800
3700
3500
3600
3700
4300
4100
3800
3600
4200
3700
3600
4200
3900
4300
3900
3600
3600
3600
4300
6600
3800
3900
5000
4100
3800
5800
8800
4500
4200
3800
3800
3900
4900
5400
4000
6800
3900
5100
5100
10800
4300
4200
4400
4100
5300
4100
4000
4100
4200
4300
4200
4100
6700
4100
4100
4100
4300
4200
4100
16200
3400
3400
3300
3100
3300
3300
3200
3200
3300
3200
6100
3300
3200
3200
3300
3000
3000
3300
3300
9800
3800
3600
3500
3300
4300
3500
3300
3600
3200
3300
3300
4100
3800
4000
3400
3300
4100
5100
3300
4400
3600
3800
6800
3700
3600
4000
3800
3600
3500
3700
3600
3600
5000
3700
3600
4000
3600
3700
3500
6700
4400
3900
5100
3900
3900
5000
5000
3900
4200
3800
3800
4400
5100
4200
3900
5000
3700
5000
7700
6200
4100
4100
4300
4100
4100
4000
4200
4000
4200
4200
4100
4000
6000
4100
4200
4000
4400
4100
4200
13000
4600
3900
3400
3100
3100
3400
3200
3100
3500
3100
5500
5900
3200
3200
3300
3200
3100
3300
3200
9700
4300
3700
3600
3500
4400
3500
3300
3500
3900
3500
3400
4400
4200
4000
3900
3500
4100
3500
3400
4200
3800
3600
3700
3900
3700
3600
3900
3600
3500
3600
3900
3600
4900
3600
3700
3900
3700
3600
3600
9500
3900
4200
4000
3800
5300
4100
3800
5300
5400
3800
4200
5200
3900
5200
3900
3800
3900
4000
3800
6100
4300
4100
4100
5000
4100
4100
4000
4200
4200
4100
4300
4100
8500
4200
4200
4200
4300
4400
4100
12800
3400
3300
3100
3300
3100
3200
3300
3100
3200
3500
5800
3100
3400
3100
3600
3500
3100
3400
3400
11700
3600
3600
3700
3400
3800
3400
3400
3400
3200
3400
3400
5500
3600
6800
3500
3300
3600
3400
3300
4200
3800
4000
3700
4300
3600
3700
3700
3400
3700
3500
3500
3600
4600
3600
3700
3700
3600
3700
3700
5900
3900
4000
3800
3800
5000
3900
3900
4000
4700
4100
3800
5200
3800
5000
4000
3900
4000
3900
3900
9700
4300
4200
5700
4200
4300
6000
5600
4200
4200
4100
4200
4100
5600
4300
4800
6900
5700
5700
5500
13000
3500
3200
3100
5700
3200
3300
3500
3200
3100
3400
5400
3100
3300
3100
3100
3200
3000
3100
3300
8500
3500
3600
3500
3400
3700
3300
4600
3500
3200
3300
3200
3800
3600
3900
3400
3400
3600
3600
3200
4100
4800
3600
3800
3800
3900
3700
3800
3500
3600
3500
3600
3700
4700
3500
6900
3700
3700
3500
4300
7100
4000
4200
3800
3900
5600
4200
3900
4100
4600
4000
3900
4900
4300
5300
3900
3800
3900
4500
3900
7100
4300
4400
5600
4300
4200
5500
5600
7000
4200
4100
4300
4200
5600
4100
4400
5500
4100
5600
5600
12400
3200
3400
3200
3400
4100
3800
3800
3900
4400
3800
4200
3700
6100
3800
3800
4000
4100
3800
3800
14700
4600
4500
3600
4000
3500
3600
3600
3400
3600
3900
3600
3500
3400
3400
3400
4200
3500
3800
3600
5100
4100
3900
3900
3800
4100
3700
3800
5000
3900
4700
4500
6900
3800
3600
4700
3700
3700
3900
4800
6000
4100
5400
4200
4300
4100
4200
3900
4100
4100
4000
6100
4200
4200
4100
4400
4300
5200
4000
5400
8100
4300
4300
4300
4500
4300
4400
7200
4400
4200
4600
4200
5800
5900
4300
4600
4300
5800
4300
6200
13800
3500
3600
3400
3400
3500
3600
3400
3500
3400
5300
3500
3700
3500
5100
7900
3300
3300
3500
3300
9800
4000
3700
3600
4400
3400
4000
3600
4200
3600
3500
4100
3600
3500
3500
3800
3400
3400
4200
3500
4800
3700
3700
3900
3700
3700
3600
4000
4400
4500
4400
4700
3900
3700
3800
4500
4000
3600
3700
7900
5700
4200
5000
4300
3900
4100
4200
4000
4000
4500
4100
5100
4000
3900
4000
4100
4000
5300
4000
5300
6400
4200
4500
4900
4200
4200
4500
4300
4200
4900
4300
8900
9600
8900
4300
4300
4200
7500
7500
6000
18600
3600
3300
3400
3500
3300
3300
3400
3400
3300
5300
3600
3400
3400
5500
5100
3500
3200
3300
6600
10300
3800
3600
3800
4500
3400
3700
3400
3700
3600
3800
11100
3700
3700
3800
3600
3400
3600
4000
4200
4600
3800
4800
3900
5300
3800
4000
4200
3700
3800
4800
3900
3700
3900
3700
3700
4800
3700
5100
3800
5900
4100
8200
4100
3900
4200
4000
4000
4200
3900
4000
5100
4000
4100
4000
3900
4000
5400
4100
5100
5800
4300
4200
4100
4300
4200
4200
4300
4400
4500
4200
4400
5800
6200
4200
4800
4300
8400
4300
6100
12800
3300
3200
3500
3200
3200
3400
3200
3400
3400
5400
3200
3400
3200
5100
6500
3300
3200
3400
3400
10600
3900
3800
3600
4400
3600
3500
3500
3600
6500
3400
5000
3700
3400
3400
3400
3500
3300
3900
3300
4200
3800
4700
3800
4600
3700
4100
3900
3700
3700
4600
3800
3900
3700
3600
3700
4600
3800
5400
3800
5100
4300
4000
4000
3900
4100
3900
4000
5200
4000
5100
6400
5000
4100
4000
6300
4000
4900
5500
6100
7600
4200
4200
5800
4200
4300
6100
4600
4100
4100
4200
5400
22000
7100
5100
4400
4300
6600
5200
6500
15700
3300
5100
3300
3200
3500
3200
3200
3600
3200
6000
3500
3300
3300
5300
5200
3200
3500
3300
3400
10800
3800
5000
3900
4200
3500
3400
3600
3500
3400
3300
4000
3500
3500
5400
3400
3400
3300
6700
3500
4400
3800
4600
3900
4500
4000
3800
3900
3900
3700
4400
4000
3700
3700
3600
3600
4500
3900
4400
3900
4900
3900
4000
4300
4000
4000
3900
4300
16900
4100
5200
5800
4200
4000
4100
7900
4100
4000
4000
5000
5800
4400
5600
4600
4200
4300
4500
4300
4400
4500
4300
5600
4400
4400
4500
4100
4700
5700
4400
5800
12600
3300
3400
6300
3400
3300
3500
3300
3400
5300
5300
3400
3400
3200
4900
11300
3500
3200
3400
3400
8500
3800
4000
3600
4000
3700
8600
4300
4300
3800
3400
3900
3500
3900
3400
3500
3400
3500
3800
3300
4400
3900
4700
3600
7600
3800
3900
4200
3700
3800
4600
3800
3800
3700
4000
3800
5600
3700
4500
3700
6500
4200
3900
4100
4000
4000
4000
4000
5100
3900
5400
5000
4100
4000
4100
5000
4000
3900
3900
6000
8500
4300
5600
5000
4200
4300
4500
4200
4300
4300
4200
5400
4400
4400
4200
4100
4300
5600
4300
5900
12300
3400
3600
3800
3900
4100
3800
3900
4000
3800
3800
4000
10500
5900
4100
4000
8900
6100
3900
5600
