614300
26900
117600
34700
29500
21700
28500
24300
25100
26000
23600
22400
26200
40100
24200
30000
23800
31400
30700
35900
78500
39800
40500
37700
39000
49100
91700
31300
28700
37000
28200
54500
32400
27100
34000
25400
55600
27900
25400
25300
936300
53600
19000
42400
21000
18300
17800
16900
17800
39400
35100
24400
18300
18600
16400
24000
16700
15800
15300
15200
39400
20400
43200
19800
46800
22100
17700
35400
19900
32100
18600
18000
16900
21400
17700
17600
20900
17400
34400
35100
40400
20600
20100
18900
45900
21400
19300
20200
60400
45500
22800
47300
22800
42100
23200
25100
20100
19500
18500
18800
13300
13300
22800
10900
9700
9000
9200
17600
13100
22300
9600
8600
10700
11200
13600
10300
9200
9600
9700
8900
19700
13100
13000
12400
11900
12400
14400
62500
17800
16600
13600
29100
14200
13600
12400
13400
21300
13900
12400
11800
20800
28500
15700
22300
14900
13800
14600
13200
14200
21300
21200
14800
22800
23700
20000
28100
18900
21900
18600
21100
36200
24900
42700
23900
54600
26400
23700
37700
25200
267800
88800
39700
16900
20500
17100
16700
15800
15400
24900
32500
34900
18200
17900
16800
32900
18700
17300
21000
28700
28200
19800
27200
17700
30500
29600
26500
17500
19700
16700
17800
9900
7700
8900
23800
11700
11000
8700
17900
10400
8000
8000
7700
7800
14100
10300
9100
8100
8300
8100
7800
13100
10500
15700
11500
10000
10100
9500
16700
11500
12300
10400
10900
9800
16400
11700
13100
11800
10600
12000
10300
22100
23500
14400
17300
14000
13100
13100
12400
14800
18400
17700
13700
13200
15500
13200
15600
13200
12900
15500
13000
28700
16500
21000
16900
21900
16200
15000
20300
17000
20000
15400
15400
14600
16100
14600
15000
13700
15200
19300
19300
27200
16600
15900
14700
26200
18100
15300
17100
29200
24900
18100
25500
15600
27600
15900
15500
16300
16500
15200
15200
8500
6800
7400
6500
5900
5500
6100
9800
8700
6300
7600
5700
5800
7400
8200
6800
5900
6700
6100
6300
12000
9100
15800
9600
8300
8000
14200
9500
7900
9200
7600
8300
7800
17800
8700
8900
8500
7900
8200
8000
14300
9900
9800
9700
9500
9900
10200
9800
9600
10500
10100
19000
11400
12100
10500
10100
15000
10700
10100
10000
21700
13400
18800
13600
20700
14100
13400
19300
14300
17700
13800
17100
42900
10800
7800
9300
7500
8500
14000
13200
21700
8900
9000
9200
17400
9200
8500
9100
15600
19000
9000
15400
8400
15900
8600
8400
8300
8900
8000
8800
19600
4800
6000
4700
4600
4600
5300
8400
8200
8300
5800
5000
8000
6300
21300
7200
5200
6200
5200
5000
7500
5300
12100
5900
5200
5800
5500
5600
5200
8600
7000
5800
5300
10400
6100
6100
5600
5300
5900
5500
9700
6200
6000
6300
6000
7100
6400
6500
6100
10000
6200
33900
6800
7900
6100
6100
9600
6300
6400
6700
11500
12500
7000
9600
7200
7000
7200
6600
7000
9700
9600
6900
6700
8100
7200
6800
7000
7100
7300
7500
15500
7500
8600
7800
17300
8500
8000
11600
11500
13100
8900
13900
9700
11600
8300
7700
8700
11600
8000
8100
6300
5500
6800
4300
4900
4200
5100
6000
6000
7500
7100
5100
5600
6700
6100
5000
4300
4800
4900
5500
8500
5000
8700
9400
5300
5400
5000
1108400
11800
13600
8800
8400
7900
24500
9100
8400
498700
282500
57800
10100
13600
9000
584500
273800
13700
875600
42900
11200
7900
10100
10000
30000
7600
8700
7300
7000
11900
194200
21600
7600
11800
22700
8700
23500
8300
7900
42800
8500
7900
29100
15000
8600
8000
11900
8200
8500
8900
13300
8600
8800
20000
9900
15400
9400
17300
9900
9100
13900
9900
14500
9300
24000
10200
9500
9500
9600
9500
10000
21200
14800
35100
15100
8000
7800
8000
11000
7700
26200
7900
8000
7700
7800
10700
9600
9200
12800
8900
8400
9000
16900
10000
8500
9800
10900
8600
8300
9800
10900
8500
10700
19200
8700
12700
8700
10700
8700
8800
9400
8900
10500
11100
23500
11400
11700
10500
16900
9400
13900
13100
9900
9700
17100
10400
9900
9600
9700
10600
9700
10100
9900
20900
10200
9800
10500
12900
10000
10300
10400
10300
18500
10200
10500
10200
14000
10300
14400
10000
14700
19300
10400
119900
6600
6300
10100
6300
6300
6800
6200
9900
16100
7900
131700
16500
22300
11200
10900
11100
11400
11200
14100
32800
12600
24500
12900
13100
39700
13900
13000
13600
12800
13000
13600
16100
16100
16000
22400
14600
13800
14900
29600
26800
14700
17700
16400
15500
15500
18000
18400
14900
19100
30200
16500
19400
15900
19600
17300
16500
15800
15800
20000
23300
39800
21200
21400
16100
25600
17500
17600
299300
23400
15700
26000
32400
11200
6800
8600
9200
6600
6300
7700
16300
7100
7000
8700
23200
10200
7400
8200
18000
7100
8300
6700
6700
22400
6700
13400
7600
6900
6900
8400
78800
6200
6600
18700
5600
7000
5600
5500
14200
19100
5700
7600
3500
3900
4900
3400
3700
5200
3400
3400
12800
3300
18900
3500
3400
3300
5900
5100
3300
3400
3200
4600
4600
5400
4500
6100
3300
3400
8500
3000
16400
3900
3600
5100
3800
3500
9800
3500
3600
4200
4300
3500
32800
5500
5200
3400
3700
3300
18000
3500
6900
6600
5600
5500
4000
8600
3800
3700
5300
3800
3800
4300
3600
3700
3800
3500
3500
3600
10800
3700
7700
4000
4000
4200
6100
3800
4000
4100
4000
3800
4100
3800
3900
7000
3800
5900
4500
4100
3900
4700
26200
3100
3200
10300
3000
3100
3000
2900
6400
2800
3600
3000
2700
3000
3000
2800
2800
3200
2800
3000
6300
3300
3800
3300
2900
3000
3000
3000
3000
3000
3100
3000
3800
3600
4000
4000
2900
3300
3700
3100
36800
15200
6700
11200
6300
8000
8700
6200
6100
6200
11100
6400
8600
8400
8100
6500
6600
6300
7800
6700
18300
8200
9900
8900
8000
7700
10200
9800
8200
10800
8100
7900
10100
8200
10400
8000
8300
8700
8000
14300
15300
9800
9500
9900
12600
9800
9700
10000
9800
10900
9800
9800
9700
13200
9700
12100
9900
9600
9700
9600
41000
7700
3800
18200
4000
3900
4200
3300
6700
3300
4200
3500
3300
3300
3600
3300
3500
7500
3300
3400
10100
3200
5200
3200
3400
3100
3000
3100
3000
3400
3000
3200
5500
3700
3400
3800
3200
2900
3600
2900
4100
4200
3600
3700
3500
3600
3300
3200
5000
3500
3300
3400
8900
4700
4800
3500
3700
3700
4500
3800
5100
3900
5300
4300
3800
3700
5200
5300
3800
6400
4100
3900
5300
3900
5600
4100
4800
4000
3900
5400
10800
7400
6400
6300
4300
7500
4200
4100
5800
4400
4500
4400
4300
4400
4200
4200
4200
4500
4100
4100
24600
3900
3200
10300
3400
3300
3400
3100
5700
3100
3300
3500
3100
3300
3300
3000
3100
3500
3100
3200
6700
3200
3500
3100
3200
3200
2900
3500
3000
3300
3200
3000
3400
3500
3900
3300
3000
3100
4600
3100
4000
3400
3400
3600
3300
3400
4000
3400
3300
3300
3300
3600
4400
8900
4400
3800
4800
4800
4500
3500
5100
3800
5000
4100
3700
11100
5000
5100
3900
6000
4400
3700
5200
4200
6000
4100
3900
4100
4000
5100
6100
11200
6100
6600
6000
7900
4100
4600
5700
4000
4500
4100
4000
4200
4600
4100
4100
4300
4000
4100
27600
3600
3400
3700
6100
3300
3400
8100
3400
3100
3500
3100
3200
7900
3500
5600
3200
3600
3400
3300
6800
3900
3200
3300
3500
3100
3100
3200
8500
3700
3300
3200
3900
4900
3600
3200
3300
3500
3100
3200
8800
3700
3700
3500
3500
3700
3600
3800
3500
4200
3600
4300
6400
4700
3600
3700
4900
3900
4300
3900
5600
4400
4100
3900
3700
3800
3700
4500
9200
4000
5400
4100
4000
3900
4100
3800
3800
3800
7200
4900
6100
6000
4600
5800
4300
6400
4300
4400
4500
6700
4500
4200
4500
4300
6000
4700
4200
4100
4800
4700
30300
5600
3800
3500
4000
6500
3500
3400
3600
3300
3500
3500
3200
3400
3600
3200
5600
3300
3700
3300
6200
3700
3200
3400
3600
4400
4600
3300
3100
3500
3200
3500
3300
3600
3500
3200
3200
4100
3200
3200
10800
3800
3800
3400
3500
3500
3700
3500
3500
3500
3700
6100
4700
5400
4100
3300
4600
4000
4400
3800
5400
3800
4100
4300
3700
5600
4000
3800
5200
3800
5200
3800
3900
3800
3900
3800
3600
3800
5300
4000
10100
6100
4300
7900
4300
6000
4000
4300
4300
7100
4400
4100
4300
4200
6000
4200
4100
4500
4900
4500
25600
5500
3800
3100
3400
10700
3200
3500
3300
3100
3300
3300
3200
3100
3400
3300
5400
3700
3700
4500
7900
3700
3200
3200
3200
3400
8000
3500
3100
3100
3400
3600
3400
3200
3200
3200
3100
4000
4000
3100
4200
4600
3700
3600
3400
3900
4900
3700
6300
4800
3800
3500
4600
9100
4500
3700
3400
3700
3500
3800
5600
4000
3800
4000
3700
3800
3800
4200
5100
3900
5100
3800
3900
4400
4000
4300
3800
3700
5500
4100
5900
5700
4400
5800
4100
5900
4000
8800
4300
6700
4300
4300
4200
4700
5800
4300
4500
4100
4200
4400
26500
5400
3600
3300
3400
6400
3300
3500
3500
3100
3200
4400
3100
3100
3200
3400
6000
3400
8400
4300
7400
3400
6000
3300
3100
3200
6500
3300
3100
3200
5600
3200
3200
3100
4200
4500
3100
3700
3300
4200
4000
6900
3500
3500
3400
4700
3500
3600
7200
4600
4700
3600
4400
4700
4300
7600
4700
3600
3400
3600
8100
3900
3900
5200
3800
3800
3700
5400
3900
4100
3900
9600
5200
5600
3800
5900
6700
4000
4900
4000
5900
5900
4200
5700
4100
6000
4100
4700
4400
7100
4400
4000
4100
4100
5800
4200
4100
4200
9200
4100
25100
5300
3600
3200
3400
6500
3200
3400
3300
3700
3200
3300
3100
3200
3300
3100
5300
3300
3500
3200
7000
3300
3400
4300
3300
3600
3800
3400
3000
3200
3200
3200
3300
3500
3300
3200
3100
8300
3200
3200
4100
4400
3800
3600
3500
3600
3500
3800
4500
5200
3700
3900
6100
3700
4600
3500
3500
3700
3600
3500
6400
4000
3900
4000
3800
4400
3800
4100
3800
3900
4100
5100
5700
5400
4200
3900
9600
5300
5400
4000
6000
4300
4300
4500
4200
4000
4100
4500
6200
4200
6100
4300
4300
4300
4200
4400
4100
4200
6800
4400
26000
5700
3600
3200
3400
10300
4200
4400
3100
3200
3500
3400
3600
3200
3300
3100
6500
3200
3300
3200
6600
3700
4600
3200
3200
3200
3700
3300
3100
3200
3300
3100
3200
3200
3300
3300
3200
3600
3200
3400
3900
4500
3600
3600
3400
3900
3500
3600
4600
4300
3900
3500
4300
8100
4300
3500
3800
3600
3400
3600
6800
3900
4500
4000
3700
3800
3800
4200
3800
3900
3900
6900
5300
5300
4200
3900
5400
5200
5200
4700
5800
4300
4500
4200
4000
4400
4100
4100
6300
8400
6000
4200
4200
4200
4800
4100
4100
4300
6000
4100
24800
6800
3600
5300
3300
7300
3500
3300
3500
12600
4300
3700
3400
3300
9700
4400
3900
3400
3300
3300
9900
4100
3700
3500
3300
3600
5100
4400
3600
3700
3300
4400
3300
4300
4300
8800
4200
3400
3600
3500
5100
3800
3700
3800
5300
8500
3800
3700
4000
3900
3800
3800
5100
3900
3700
3500
3600
5000
4200
5200
8000
4200
4200
5900
4100
5900
4400
10800
4300
5900
4400
4000
4600
3900
4800
6500
5800
8000
4100
4300
7400
7000
4900
4900
4600
4500
4700
7400
6100
11200
6700
4600
4700
4400
4400
4600
4300
6900
5000
4400
27400
4900
4000
3700
3900
3600
3600
4200
3600
3500
6900
3700
3800
3900
4000
3700
6600
3800
3600
3900
13900
4300
3800
3900
4100
4200
3400
3300
3200
3400
3300
3900
4300
4700
4800
3400
4000
3700
4100
3300
5100
3900
3900
3800
5300
3700
3800
3700
3800
3700
3900
3600
5300
3600
3600
3700
4000
5400
3800
5100
11500
4100
4300
6000
4200
5900
4100
5800
4100
4100
4400
4000
4200
3900
4100
4200
5800
10400
6400
4900
6300
6400
4200
4100
4300
4000
4000
12100
3900
6200
4200
4300
4100
4100
3900
3800
4000
6600
4100
4100
24700
3200
3400
3200
4400
3500
3100
3000
3300
3000
5900
3100
3000
3400
3300
2900
10100
3100
3100
3200
7800
3800
3100
3000
4300
3600
3000
3100
3000
3000
3400
3500
3500
3600
3000
3000
3300
3200
3500
3100
4300
3600
3800
3400
3400
3300
5200
4600
4100
3400
3300
4600
3300
4600
4600
8100
4800
6900
3400
3500
7200
3800
3600
5300
4000
5700
3700
5500
3800
3800
3700
3700
3700
4600
3700
3600
5500
5400
3800
3600
6200
11700
4200
4000
4000
4100
4000
7100
3900
6200
4200
4000
3900
4000
4000
3900
3900
6200
4500
4600
23200
3200
3300
3000
3000
3700
3100
3300
3300
3100
10500
3400
3000
3300
3200
3100
5700
3100
5800
3400
7400
4600
3100
3100
4000
3500
3600
2900
2900
3200
3000
3600
3700
3700
3000
3000
3600
3000
3500
3300
4100
3500
3400
3400
3400
3500
4800
4400
3500
3400
3300
4700
3300
4500
5000
3500
4700
3700
3400
3400
4900
3900
4100
3700
5800
3800
3600
3900
3700
3600
3900
3900
5400
3600
3700
3800
3600
5400
4000
9500
6100
6000
4100
4400
4200
4000
4200
6800
4100
6100
4100
4300
4000
3900
3900
4100
4000
6100
4300
3900
25700
3500
3200
3100
7100
3000
3300
3300
3200
3200
5700
3200
4300
3200
3000
3900
6000
3500
3000
3000
7000
3800
3300
3100
3600
3600
4300
3000
3000
3300
3000
3300
3700
3500
3000
2800
3900
3000
3700
2900
4000
3500
3400
3500
7600
3400
4700
4300
3800
3500
3300
4600
3500
4500
4800
3900
4800
3600
3700
3600
5100
3700
4000
3800
5500
3800
3800
3700
3700
4000
3700
3800
5400
4100
3500
4000
3600
9500
3900
5300
8000
4200
4000
6100
4200
6200
4000
6900
4100
4000
4300
4000
4100
4100
4100
4000
6700
6400
4200
4200
27300
3300
3200
3200
3200
3100
3000
3300
3200
3000
5800
3100
2900
3100
3200
3000
5500
4400
3500
3200
6300
3500
3000
3100
3600
3300
3000
3300
3900
3500
2900
3300
3800
3300
3000
3200
3300
3000
7600
3000
4200
3800
3300
3400
3400
3400
4600
4200
3900
3400
3400
4600
3600
4400
4600
3800
5200
3900
3300
3400
5400
3800
3700
4100
5400
3900
3700
3600
4000
3700
3700
3700
5500
3700
3600
3700
7800
5300
3900
5300
7700
4200
4000
6000
4200
6000
4800
6300
4100
3900
4100
4000
4500
4000
4000
3900
6000
6100
4000
4100
28100
5800
3200
3500
3300
3200
3300
6600
3100
5800
3400
3000
3100
3200
3100
3000
3200
5300
3300
3200
8400
3600
3200
3100
3100
3400
3900
3200
3000
3300
3100
3000
3600
3900
3100
3100
3000
3200
3700
3100
5800
3500
3500
3500
3400
3600
3400
3400
3900
3500
4400
3400
3600
3500
3500
4400
7400
4600
3500
4600
10100
4100
4000
3800
5500
5200
5200
3900
3900
4500
3700
4000
3700
3800
3900
4000
3700
5700
5200
3700
6500
4300
4200
4400
6200
4200
4200
6000
4400
4300
4200
5800
4100
4000
5300
4200
6800
5200
5100
7300
26100
3600
4200
6900
3300
7600
3400
3200
4500
3200
3000
4500
3100
3100
6100
6000
3400
3800
4500
10300
7200
3600
3100
4100
3200
4000
3200
3100
4000
3600
3200
3100
3900
3200
3000
3100
3200
3000
3100
3000
18900
3700
3900
3400
3500
3500
3300
3300
3300
3500
4200
3400
3600
3400
3400
4400
8600
4500
3500
4600
5400
3800
4600
3700
9600
5000
5000
3800
3800
4200
3800
3700
3700
3700
3900
4000
3800
5000
4900
3900
6900
4100
4100
4300
5800
4100
4100
5600
4200
4100
4300
4000
4000
3900
4300
4000
10700
4000
4200
6000
26600
3300
3500
7600
3100
5200
3200
3200
3400
3000
3000
3500
3300
3100
4800
3700
3200
3300
3400
4800
8000
3600
3200
3000
3000
8100
3100
3100
3900
3600
3700
3000
4000
3200
3200
3200
3000
3000
3300
3000
3900
3700
3300
3400
3300
3600
4600
3600
3200
3300
3300
3300
4600
4400
3500
3500
3600
3400
4400
3500
5300
4100
3900
3700
4900
4900
8900
3800
3800
4000
3900
3700
3700
3500
4300
3800
3600
4900
4900
3800
6100
4100
4300
4000
5500
4000
4200
5900
4100
4100
4200
3900
4200
4000
4200
4000
5200
3900
4100
9900
23600
3200
3100
4700
3200
4700
3300
3200
3400
2900
3000
3400
3100
3100
4900
3200
3200
3400
3200
4800
8000
3300
4600
3500
4400
4400
3100
3200
3900
4000
3200
3100
5400
3100
3200
3100
3000
3100
3200
3200
4000
4400
3300
3300
3300
3500
4500
3400
3500
3400
3400
3200
4200
4400
3500
3400
3400
3600
4100
3700
5900
3900
3700
3700
3700
3900
5200
4200
3700
4000
4900
3900
3800
3900
3800
8900
5500
4800
3800
5600
6400
4300
4300
4000
5700
4100
4800
5400
4100
4000
4200
3900
3900
4000
4300
4000
5300
5200
4100
7400
29100
4500
3100
5700
4100
5900
3200
4200
4600
3000
3200
3400
3000
3100
6500
3400
3200
4200
3300
5700
8300
3500
3200
3100
7400
3600
3200
3000
3800
3500
3400
3100
3500
3100
3100
3100
3200
4800
3800
4000
3900
3600
3600
3400
3600
3500
4500
4000
3300
3300
3300
3300
4300
4300
3500
3400
3300
3400
4300
3700
6000
3700
4100
3900
3600
3700
3800
3700
3800
4000
9000
3800
3900
3900
3700
4700
5100
4700
4000
5300
5700
4100
4100
4100
7000
7500
5900
4200
4300
4100
4200
4000
3900
4100
3800
4400
4000
6200
10200
4100
23400
4000
3100
4800
3200
4600
3400
3300
3300
3100
3100
3200
3000
3000
4800
3600
3300
3400
3200
4800
7000
3500
3200
3600
3200
3400
3100
3000
4200
3600
7400
3100
3500
3100
3200
3100
3100
3100
3000
3300
3900
3500
3500
3400
5000
3700
5300
3500
3800
3900
3300
3400
4500
5800
3500
3400
3300
3300
4300
3500
6000
4400
3800
3800
3700
3800
3800
3600
3600
4200
5400
3800
3900
3700
3800
9200
7000
4800
4000
5300
5700
4300
4300
3900
5600
5600
5700
4100
4200
4300
4300
4100
4000
4500
3900
4000
4000
5800
5500
4000
28400
3300
3400
3700
5000
3500
3200
4700
3600
3300
3100
3400
3100
3000
4000
3200
4600
3200
3300
5100
9400
3400
7800
3400
3200
3200
3200
4200
3300
3100
3300
3100
3200
3200
3200
3800
3200
3100
4900
3300
4800
3600
3600
3600
4500
3700
3500
3700
3600
3500
3600
3900
3700
3500
5000
3500
3900
3600
3500
3700
6200
3900
3800
3900
4100
4100
3800
3700
3700
3800
3800
4400
4900
3900
4500
8900
3900
3900
3900
5000
41700
22600
7800
5400
4500
4800
5000
5000
4400
5500
4500
4600
4700
6500
4800
6200
6000
4500
4400
4900
28900
3600
49900
8900
6200
85900
19000
28400
15100
14900
14500
17800
14000
14800
14600
15700
15200
18800
15100
18500
23900
9000
7300
10500
9800
10700
10200
10800
11900
11200
10700
10300
9600
7700
7800
7500
8100
7200
7600
7200
19700
10200
10000
10500
11600
9600
10500
9700
9800
9900
10300
16800
9500
11600
11400
10100
17300
7100
6900
6500
24400
8400
7400
7300
7000
7000
7000
6700
7300
7100
7100
7100
9200
7200
7500
8700
7100
6900
7000
9700
13900
8500
7800
7700
8000
15100
8400
6900
7300
7800
7500
9900
8600
16100
7900
10000
9500
7700
7900
7700
46600
6200
6300
6700
5800
8800
6200
8700
6000
5900
6300
8500
5900
6000
6300
6100
6100
8600
6200
8400
19200
15000
6100
5100
6400
5500
7300
6000
5700
5300
5300
5300
6600
5400
5000
5100
6000
5100
5000
5000
7800
6000
5900
6100
5800
5800
5700
8600
6000
5700
6200
5800
6000
5700
6100
7100
5900
5900
5900
5800
10800
6500
6800
6600
7300
6400
6600
6300
6500
6500
6500
6700
7900
12800
6700
8500
6700
6600
6500
8400
11000
7600
7200
7100
7100
7200
7100
6800
6900
7000
7400
7100
7200
9800
7000
9500
9300
7900
6900
7200
42000
6200
5900
5900
5600
20300
5700
8300
5600
5900
5600
9100
5600
5900
5400
5900
5800
10000
5500
8100
11700
6100
5400
5500
5800
5200
5400
5800
5100
5000
5300
5600
5700
15800
5700
5600
6200
6000
5700
5500
7200
6300
6200
6500
6800
6300
6100
12500
6000
5800
5900
5700
5700
6000
6700
7300
5700
6000
5700
5700
8100
7100
6300
8500
8300
6500
6700
6600
6300
6300
6300
6600
7200
6400
8300
6500
6600
6300
6400
7300
10000
7700
7500
7300
7200
7200
7200
6900
6800
6900
7000
7200
6900
14500
7200
9600
9100
7100
7100
7300
44900
5700
5700
5700
5700
10200
6000
11200
6000
5700
5600
8700
5700
5800
6300
6100
5800
8700
5600
8000
11300
6000
5500
5300
5700
5300
5300
5600
5100
5300
5100
5000
5500
5500
5000
5200
5600
5400
5100
5000
6900
6000
5700
5900
6100
5700
5700
7300
6600
5700
6200
5700
5800
5900
5600
7500
5700
5800
5800
5700
8200
6300
6500
6500
8100
6300
6600
6300
6600
6500
6400
6500
6700
6500
9300
7400
6300
6500
6300
6500
11600
7200
8700
7100
7100
7100
7000
6900
6900
7300
6900
6800
9200
7200
7300
9100
6900
7200
7300
9400
42600
6400
5900
6100
5500
13500
5800
8600
6000
5600
5600
8800
5600
5600
5700
5900
5700
8200
5800
8400
10800
7500
5400
12000
6300
5400
5200
6000
5000
4800
5000
5900
5600
5100
4900
5200
5700
5300
5100
5100
6600
6700
5500
5700
5600
11000
5600
7300
5700
5600
5600
6300
5600
5800
5800
7400
5700
5900
5600
5600
8000
6300
6100
6400
8000
6200
7000
6300
6200
6300
6500
6500
6200
6300
8100
6700
6500
6300
6100
6500
11000
7000
7000
6900
6900
7400
9000
11700
6900
6800
6800
6800
9100
7000
7100
9100
6700
6800
6900
10000
24300
5800
5500
5500
5400
5500
5500
5300
5300
5600
5300
5900
5400
8300
5400
8900
8700
5300
7400
5500
11300
9000
5600
5900
5800
6100
5300
5200
5400
6400
5100
5200
5300
5200
6000
5400
5200
5200
5100
5300
7600
5900
6800
6200
7100
6100
7000
7100
6400
5900
6000
12200
5900
5800
6500
6200
6100
6100
9100
6000
11300
6800
6700
6700
8300
6700
7900
8300
8300
6500
6400
6700
8200
6900
8100
6600
6300
8400
6700
6500
10600
9900
7700
7100
7100
7800
12300
7000
7600
9500
7500
7100
7100
7300
9400
7200
7800
7100
7300
7100
24500
5900
5600
6000
6000
8900
5800
8500
11800
5800
5800
5700
5700
12900
5900
5600
8200
5800
8500
5900
12100
5400
5300
5200
5400
5100
6600
6000
5300
5200
5100
5300
4900
5100
5200
5100
5200
5000
5000
5000
7600
6100
7200
6300
7000
7000
6100
7500
6000
6000
11300
7200
6400
5900
5800
5800
5800
11200
8100
6000
11700
7100
6900
6700
8600
6800
7000
6600
8100
6300
6400
6400
8800
6900
7900
6800
6900
8100
6700
6600
10800
9800
7400
7300
7000
7600
7400
8200
7500
15700
8200
7500
7200
7000
9900
10300
7400
7400
7300
7100
24000
5800
8100
6200
6600
8900
5800
8400
10200
6000
5400
5500
6000
9500
11300
6000
8000
5400
8600
5700
13400
5800
5300
5200
5500
5000
6200
6000
5100
5200
5100
5100
4700
5500
4900
5100
8000
5000
5000
5100
7000
7400
5500
6900
5700
6700
5800
5600
5600
5700
5500
5800
5700
5600
8700
5700
5800
7000
5900
5500
16700
6900
6600
6400
8300
6300
6300
6400
7900
7400
6200
6300
8200
7000
8000
6500
6200
8200
6900
6400
10600
9300
7200
6700
7400
7100
7100
6900
7300
9300
7100
7300
12200
6900
9200
7000
7200
6800
6800
7000
23700
6000
5600
6700
5700
8300
5800
8200
9300
5800
5700
5500
5800
8500
5600
5700
13500
5500
8100
5700
12200
6100
6100
5000
7500
5600
6300
5800
5100
5100
5100
5700
6600
4900
5200
4900
5400
5100
5000
5200
7300
7000
5500
7000
5600
6700
5900
5600
5800
5700
5800
5600
5800
5600
7200
5800
6100
5800
5800
5700
14200
6600
13300
6400
8200
6500
6300
8500
6300
6500
6300
8500
6700
6600
9400
6700
6500
6700
10000
7200
11900
9700
7700
8200
7400
8600
8200
7300
7300
10300
7600
7100
7100
7600
15300
7400
7600
7900
7300
7200
26300
6300
6000
6500
6200
8900
5900
9000
10300
6000
5400
5500
5700
8400
7500
6300
8600
5300
13200
6000
11800
5400
5700
5200
4800
4900
6500
5800
5000
5600
5000
5100
4900
4700
5400
5000
5500
5400
5100
5300
6700
6900
5600
7300
6200
7000
6900
5600
6100
5800
5600
5700
5500
5600
7100
5900
5400
5800
5900
5500
8500
6000
9100
9000
7700
6600
12600
7900
7000
6500
6400
7900
6700
6600
6800
6400
6500
6900
10100
7000
12100
7100
7800
7500
9700
6900
7000
7400
8900
7200
7200
7300
9100
7500
9400
7800
8100
14600
7200
7100
26900
6300
5900
6200
6300
8700
6500
8900
9500
5900
5600
5900
6200
9200
6100
6200
8600
6100
8700
6400
18000
5900
6200
5900
5500
5700
6900
6300
5900
5900
5800
5500
5800
6000
5900
5800
5800
5800
5500
5100
6800
7100
5900
8500
5800
7200
6000
6600
8100
5900
5600
5600
6200
6500
8000
6500
6500
6400
6700
6000
9400
6500
8300
7000
8800
12800
7200
8900
7500
7100
6500
8300
6500
6300
6300
6300
6600
6400
9200
6400
13400
7300
7100
7000
10100
9200
8000
9500
11600
8100
7900
9200
11700
7700
11800
7700
11400
12100
8200
9500
26500
12300
6100
9000
6000
5900
7500
5900
6100
16000
5800
5400
7100
5600
8900
5500
5800
6300
5800
5600
15200
6300
5500
5300
8300
5200
6100
5400
5700
5400
5500
5900
5800
5600
5400
5300
5500
5200
5800
5700
7800
6100
6200
6300
13100
6200
6100
6100
6200
7200
5800
6800
5900
7100
6400
5800
7100
6200
7000
5900
9500
7000
6500
6900
7100
6400
6700
6700
8500
6800
7600
7500
7000
10000
6800
8100
6600
6600
6400
6700
11100
7100
8000
9900
15900
8200
8200
7400
8200
8100
7900
8300
8200
9500
8300
10200
8000
8200
8200
8500
31900
8500
6200
6200
6500
6100
8200
6400
5800
6600
5800
5700
10200
5700
5300
5800
11300
5900
5900
6500
14800
7600
5400
5900
5200
5000
5600
5600
7400
7000
6600
5400
5400
5200
6400
5500
6200
5400
5000
5300
8700
6300
6000
5700
7300
5800
6100
6300
5800
7300
6100
5900
6100
7200
6500
6300
7300
8400
7200
6000
9400
6500
6600
6600
6400
6500
6700
6600
14400
7200
6600
6800
6400
7100
6400
8400
6300
6700
6300
6400
10900
7100
8900
9800
9200
8300
7000
7000
7600
6900
7600
7100
6900
9200
7000
9300
7800
7300
7100
7000
37800
8800
6000
6300
5500
6400
8400
5800
5800
5500
6100
5600
8100
5900
5400
5500
5700
5700
5800
5800
13000
6600
5700
5400
5100
5500
5500
5300
6100
5200
5100
5600
5000
5500
6100
5400
6000
5500
5400
5100
6900
6500
5600
6100
13000
5800
9000
5800
5700
6000
6000
6000
5600
5600
5700
6200
5600
5600
6200
6000
9000
6500
6900
6600
6300
6300
6400
6500
8400
6600
6400
6400
6600
6900
6500
8200
6600
6400
6400
6500
11000
7000
7300
8900
9300
6800
7100
12500
7200
7400
9100
7500
7100
9000
6900
9400
8200
7300
7300
7200
28200
8600
6500
5800
5900
5800
7900
5600
6000
5500
5700
6100
8200
5600
5300
6000
5700
5500
11800
5700
85600
17000
10800
10300
10200
16400
11000
10600
13500
10900
10700
10500
10100
11000
15100
20200
4200
3300
3400
3200
4600
4000
3600
3700
4900
4200
5000
4000
3500
3600
3600
3700
3900
3600
3700
3700
3800
3500
3700
3500
5700
4200
4400
3900
5000
4600
4200
4000
4200
4900
4100
3900
3900
11600
4100
4000
5100
3900
5200
4200
6400
4700
4400
5500
5900
4600
4400
4300
4500
4900
4700
4500
4500
5700
4500
5700
4300
4300
4500
4300
19900
10000
3600
3800
3400
3400
4800
3500
3600
3400
3400
3300
5600
3600
3200
3500
3600
3400
3600
3600
11500
3900
3600
3300
3300
3300
3300
3600
3900
3400
3400
3300
3200
3200
3900
3300
4000
3400
3400
3200
4700
3700
3500
3700
4600
3500
9200
3800
3500
3600
3800
3700
3500
3500
3700
3500
3500
3500
3600
3500
5000
4600
4000
11100
5100
4100
3900
5600
3900
5000
3900
4000
3800
5500
4000
4000
5000
3900
5100
3900
6500
4200
4200
4200
4500
4200
4300
4500
7500
4500
4300
4600
5600
4400
4100
6500
5400
4400
4300
4400
20400
5800
4600
3800
3900
4200
7700
4100
3900
4000
4400
3400
5600
4300
3300
3400
3400
3400
3400
3400
18800
3900
3500
3300
3300
3200
3200
3300
5500
3400
3900
3400
3400
3200
3800
3500
4200
3300
3300
3500
4400
3700
4000
3800
4400
3800
4400
4000
3500
3800
3600
3700
3600
3700
3700
3600
3900
3600
3700
3700
5000
4000
4300
4100
5300
4000
4300
4100
3900
5200
4000
3900
8300
5000
4300
3800
5300
4000
5200
3900
5700
4500
4400
4300
4900
4200
4200
4200
5500
4300
4200
4100
4300
4000
4100
5800
5600
4500
4200
4200
13600
3400
3600
4800
10100
3500
3600
3300
3700
3300
3200
3500
3600
4800
3400
5000
3600
3300
3500
3400
14400
4000
3600
3500
4100
3700
3700
3400
3500
3600
3400
4900
3400
8400
3500
3300
3700
3600
3400
3700
5200
3900
4000
4300
3800
4500
3900
4000
3900
3700
3800
3700
3700
3600
5200
3700
3700
3800
4400
3900
5600
5200
4100
4000
4400
4200
4000
3900
4300
4200
4800
3800
5000
4100
4300
3800
4900
4600
4100
3900
10500
4700
5700
5400
4600
4300
4300
5300
4500
5400
5900
4300
4600
4300
4300
4400
5300
4400
4800
5500
14500
3800
5100
3600
5000
7700
3700
4000
3900
3400
5600
4900
3400
3400
4800
3500
3400
3500
6000
3800
11600
4200
3700
3600
4100
3400
3300
3600
4000
3300
3400
20500
7900
3700
4000
4100
3600
3400
3500
3400
12000
11100
3900
4100
3800
3900
4200
4500
5400
4000
3600
3600
3700
3500
3800
3500
3600
3700
8200
3500
6100
5000
3800
4000
4100
3800
3800
3800
4000
3800
4500
4000
4700
4100
3900
3700
4800
4600
4000
3800
6700
4200
5700
5200
4100
4200
4300
5000
4200
5100
10400
4200
4300
4000
4000
4200
4000
4000
4100
5500
13700
3500
4800
3300
4900
3300
3300
3400
3400
3300
3400
3600
3700
3100
3400
3100
3200
3500
4900
3400
11200
4200
3500
3500
8000
3400
3300
9900
3800
3500
3200
3300
3400
3200
3200
3200
3200
3400
3200
3300
4400
3600
3700
3500
4600
3700
4300
3600
4200
3500
3600
3700
3500
3600
3700
3900
4000
3700
3700
4100
5300
4700
3800
4000
3800
3900
4000
4000
3700
3800
4600
3800
5200
3800
3800
3800
8600
4700
3800
3800
6000
4500
5200
5100
4200
4000
4000
5000
4000
5000
6000
4000
4000
4000
4200
4200
4100
4000
4300
5400
13500
3200
9100
3300
4500
3200
3500
3100
3100
3200
3300
3300
3100
3200
3100
3100
3300
3300
4900
3500
10400
4000
3700
3600
3900
3400
3400
3500
3500
3400
4100
3300
3800
3600
3400
3300
3300
4000
3300
3200
4400
4100
3600
3800
4500
3600
9200
3800
3800
3500
4100
4200
3700
3700
3600
3600
4600
3700
5200
4300
5100
4100
3900
3900
3900
3900
3900
4000
5300
4000
3800
3800
4000
3800
3700
4000
3700
3700
3800
3900
6800
4600
5300
5100
4600
4100
4100
9000
4400
5100
5600
4000
4100
4400
3900
4000
4000
4400
4100
5500
13500
3300
4700
3200
4500
3400
3200
3000
3200
3200
3200
3300
3300
3000
3100
3700
3000
3200
9000
3400
10700
4400
3600
3600
4100
3400
3300
3400
3600
3300
3300
3400
3900
3600
3300
3400
3300
3300
3200
3500
4200
3900
3700
3600
5000
4200
4700
3800
5100
3900
3700
3600
3400
3800
3700
3500
4500
3700
3600
4500
5100
8100
4100
4000
3800
4200
3900
3900
4100
3800
3900
3900
4100
3900
3800
3900
3900
4000
3900
4000
5500
5700
4200
4300
5500
4200
4400
4000
4200
4200
5500
4300
5500
4200
4100
4900
5300
5400
4100
4200
17300
3400
4700
3100
5300
4100
3700
4100
4000
3700
3800
4100
3600
3600
3900
3600
3700
4100
5600
3800
10700
5000
4300
3500
4200
3400
3300
3400
3600
3400
3200
3300
3800
4000
4100
3200
3500
3200
3400
3200
8800
5300
3700
4000
4300
5300
4200
3600
3800
3600
3600
3600
3700
3700
3500
3500
4400
3700
5500
4800
5200
3900
4000
3900
3900
4000
3800
3900
3800
4000
5100
4100
3800
4000
3800
3800
3900
3900
3900
3800
5700
5400
4000
4000
4100
8300
4200
4000
4100
4300
5200
3900
5200
4000
5500
4200
5100
5100
4200
5400
12900
3300
4800
4500
3300
3200
3400
4600
3100
4600
10300
3300
3100
3300
3000
3100
3100
3100
3100
4600
13000
3900
3600
4000
4200
3600
3600
3900
3400
4100
3700
3400
3300
3400
3600
3300
3400
3800
3500
3400
5000
8900
3800
3800
3800
3900
3700
3700
3600
3800
3700
3700
5000
3800
3700
4500
3700
3800
4000
3800
6600
7100
4100
5000
3900
4100
4900
4200
5000
4200
5000
4200
6000
4000
4200
4700
4100
4100
5000
4000
10800
4400
5600
4500
4300
4100
4500
4400
4100
4400
4400
5700
4400
4100
4300
4100
4200
4500
4300
4100
13200
3500
3300
3500
3300
3400
3100
3500
3100
3200
3700
5700
8900
3600
3400
3500
3600
3500
4900
3200
10900
4200
3600
3700
3500
3800
3700
3500
3700
4000
3900
3500
3400
3700
3300
3700
4100
3500
3500
3300
4900
4500
3800
3800
3700
3900
3800
3700
3700
4300
3800
3800
9300
6300
3800
4600
3800
3800
3800
4100
12500
5000
4000
4700
3900
4100
5000
4000
5100
4800
4800
4200
4000
4000
3900
4200
4000
4000
4900
4100
6100
4200
5700
4200
4600
4100
4300
4200
4000
8900
4300
5600
4200
4300
4200
4200
4300
4200
4200
4100
12900
3300
3300
3400
3200
3200
3300
3300
3100
3200
3700
4800
4700
3500
3900
3500
3400
3300
4600
3400
10300
4500
8000
3500
3500
3900
3500
3500
3500
3500
4000
3500
3400
3800
3400
3600
3300
3600
4900
3400
4400
3800
3800
3900
4300
4400
3600
3600
3700
4600
3800
3700
4000
3800
3700
3600
3700
4300
4000
3800
6400
5000
4100
4700
3900
4000
8900
4000
4700
4200
4700
4200
3900
4000
3900
4200
3900
4000
4800
3900
5900
4100
5500
4200
9800
4200
4400
4300
6600
6700
6700
9400
4300
4300
4200
4900
4300
4200
4200
4200
17200
3500
3400
3500
3200
3100
3300
3300
3200
3300
3400
4800
4700
3500
3300
3400
3400
4500
4700
3500
10900
5100
3600
3700
3500
4300
3500
3500
3600
3500
4300
3700
4100
3800
3700
4000
3400
8200
3600
3500
4400
3800
3700
4000
4600
4000
3800
3700
3700
4600
3900
4000
3800
3800
3900
3600
3700
4700
3800
4400
5100
5300
4000
4100
4300
4100
4100
3900
4400
3900
4000
4200
11700
4500
3900
5200
4000
4000
8300
4100
6200
4200
5500
4300
4400
4200
4200
4500
4100
4300
4200
16900
6200
4400
4300
4600
4100
4300
4300
4000
13400
3300
3500
3300
3200
3500
3100
4900
3500
3100
3300
5100
6400
3300
4300
3600
3200
4400
5400
3200
10500
4200
3600
3400
3500
4800
3500
3400
4300
3500
3700
3600
4700
3500
3400
3500
8800
6500
3500
3400
5300
3800
3800
4900
7700
5100
3800
3700
3700
8400
3900
3700
4900
3900
3600
3600
4800
4200
3800
4800
9000
4500
4200
4000
4100
3900
4200
4000
3900
4000
4200
4100
5600
4100
4000
4700
4000
4200
4000
3900
6400
5200
4400
4800
4200
4400
5100
4300
5400
4400
5300
4300
4300
4400
4200
4200
8100
4300
5200
4200
12600
3300
3400
3800
3900
4100
3700
3900
3900
3700
4000
5000
9500
5400
3300
3300
3400
3300
4300
3200
8800
4100
3600
3600
3700
3600
3500
3600
4600
5100
3800
3700
3400
3500
3400
7900
3400
3400
3400
3500
4000
3700
3900
3700
4000
3700
3600
3600
3800
4200
3700
3900
3700
4300
3700
3900
10300
4500
3700
3800
4900
4600
4100
3900
4200
4000
3900
3900
4200
3900
4700
3900
4500
4700
4100
4600
4000
4100
4200
4300
10500
8700
8200
6800
4300
4300
5200
4200
6600
4400
6000
4400
4200
4200
4500
4200
4200
4200
5000
4400
12600
3400
4300
3300
3100
3400
3300
3300
3300
3400
7700
4400
3300
3000
3500
3200
3100
3400
3200
3100
