637900
27200
35700
24800
27200
27900
46400
131400
36700
25100
24000
23700
24700
26600
21500
28400
36500
22700
22200
37600
54200
31100
29100
25500
26200
33900
26300
25300
27200
49700
41100
40800
39500
51100
41600
40900
38200
35600
31100
34400
46100
27000
58500
26300
23500
49400
19200
18500
18600
20300
17600
30700
18200
19700
16300
16900
18000
16400
16700
16400
36900
26400
20900
33500
29700
20100
21200
19800
18700
17800
18100
55100
20300
39900
20200
17800
20100
45800
20200
18000
46500
20100
22000
19300
18800
21600
18500
18500
18100
19500
45000
28700
20300
31900
42900
25500
25100
19300
21900
20500
25100
12800
61800
12500
10300
10200
20200
10800
9400
9100
9600
15900
11300
11800
14100
9100
8600
10100
8900
9100
23200
12100
12200
11100
11500
11600
11600
26300
12800
13600
11700
12400
11300
12000
18100
17800
17300
17100
16300
17900
31300
27100
39900
21900
20500
36900
22500
20500
27300
24600
21000
34300
20800
25800
21000
20000
20200
19200
21800
18600
38200
23000
21400
34300
25400
21400
25600
27100
20500
20100
25400
87700
28500
36700
22800
22600
22700
43800
26400
34300
45300
27200
26000
27700
24600
27000
24500
26300
26000
27500
57500
27300
27100
25700
51700
36100
26200
26100
25500
25400
15700
12900
16000
11900
13000
10700
12700
17200
10800
10800
12600
13700
11600
13100
10200
9900
10500
10600
13600
11400
67200
15200
11900
10900
10500
11100
10400
24700
23100
15500
12700
10600
10100
13500
14900
11000
10900
12300
11900
25000
28800
14200
30400
14900
14300
30300
16500
14400
14200
15700
13800
26400
15000
15700
13500
15100
15100
14500
14800
12000
29200
13000
11600
23700
12300
12300
11400
12800
11500
10800
11400
39000
14800
17000
13000
12500
12900
28000
13900
12700
26600
13800
16700
12800
12900
12700
13100
12100
12800
14200
36100
16400
15200
14000
43600
16400
15100
17600
14400
15200
29500
10600
17000
11900
8900
8100
16500
10500
7100
7200
7700
12100
7900
8900
6900
6500
6500
7100
6600
8000
11600
9200
12000
8600
8700
9500
8200
31200
28500
14400
9700
8500
8200
9200
8300
8300
8500
8100
12200
20900
15300
9700
9300
8800
9200
8000
9200
9600
10100
10900
9300
10300
9900
10800
14300
9400
9300
9700
9900
10700
20000
21700
11800
24400
12400
13300
11000
11300
10800
10800
11300
22100
12700
14100
11300
11300
11700
20400
13000
12800
17500
16200
14300
13300
12300
12400
13300
13800
12700
13600
26400
16700
16900
13500
28300
14900
12900
12500
13100
11800
11400
5900
12900
6400
6500
6100
8700
7200
6100
13400
8000
9500
6700
684600
39100
7000
6100
6100
6800
5800
8200
6600
7500
6400
6800
7200
6700
15900
12500
13900
21300
12500
8300
9200
6900
7000
7500
7200
25100
14300
13500
19000
8300
7700
8500
7600
8100
7800
13700
12000
8100
8000
8300
8400
10400
8500
8200
8300
11200
9500
11500
9000
19400
9300
9800
15900
9900
9300
10000
10000
9400
14500
7700
10700
10500
12200
10400
9400
9500
9200
18100
11300
11100
14900
11300
11500
11300
12200
10800
13800
27000
11500
12000
13200
21700
11700
11500
12200
12000
11900
8500
5000
6900
4700
6400
4900
9900
4800
4700
5000
5000
8800
5000
5400
4900
5000
5100
5400
5200
5200
8000
5900
6200
5800
6500
6500
6200
11600
10300
8200
6500
7000
6300
6700
7000
6500
6600
8300
7700
11400
9900
7700
11700
7200
7900
7300
7900
7100
7800
8000
14900
7600
7100
8000
9400
7600
7400
7400
7900
8300
11100
8500
15600
8200
8500
14700
8900
8900
9900
9700
8400
36700
9100
8500
8700
7900
8900
8600
8100
8300
12600
9500
8700
12600
12600
8500
8900
57500
17000
9300
10600
375100
1079500
49200
12900
8600
9200
49200
14300
9600
60700
40900
31000
28400
25500
25600
25100
26100
46500
27500
16600
13300
14200
27100
24500
172600
18600
8800
8600
8700
39100
9100
9900
9100
8900
8800
9300
9100
8800
11400
9100
25100
11400
8600
10100
8400
9100
10500
8900
16700
11500
20600
21900
9600
10100
10800
60700
17900
20700
10400
16200
9100
26100
9600
9200
9500
20800
11200
12900
15400
13400
22600
9500
12800
9600
9900
12400
9800
9500
16500
25900
9700
12900
16700
17300
17200
19400
18800
18700
30900
267900
35200
26300
19800
19500
18100
20500
21000
20500
20700
20800
30700
50800
33000
27100
29800
20900
19900
29800
20400
28600
20000
19900
14500
15100
15600
33100
14400
15800
15300
15600
14900
17600
19800
22900
13200
14100
13500
14100
13700
44300
19000
15300
15600
15200
14700
13900
20500
16100
15400
15700
40400
18700
18900
18000
15800
16400
18400
16100
15600
18800
12000
23700
9800
9100
9500
9000
9100
10900
9100
22100
9300
20400
9100
9300
9400
9500
11200
9600
9100
12100
17500
10600
20400
9800
10300
12800
10800
9900
10200
19600
10000
13300
10100
10200
9900
10300
10200
20600
22400
66100
6400
6500
5700
6100
6100
6400
8200
6400
6000
6300
9000
15000
6300
6200
10400
6400
9600
10000
6600
14400
6700
5900
5800
5900
5700
13200
5700
5600
6000
5700
5700
6300
6500
5900
5800
5700
6000
5800
5900
16500
6400
6300
6600
6400
6300
6500
6400
6400
6400
7000
6900
6600
16700
13000
11200
9200
9300
6800
6700
9200
12700
7700
9700
18500
7700
7400
7600
8900
7500
9900
8000
7800
7900
16500
7800
7700
9700
8100
8800
11200
8400
8600
11300
22400
7400
7800
4300
4200
4400
4000
4400
6600
4200
4300
4100
5500
4200
3900
3900
37300
3700
3400
3200
4400
3200
3500
4100
3300
3200
3200
6700
4200
3200
3200
7300
3400
6200
7000
4300
7300
4700
3100
3200
3100
3100
4000
3200
3200
3100
3200
4100
3900
3800
4300
3000
2900
2900
3000
4400
4200
4000
4900
3600
3400
4400
3500
3600
3500
3900
5400
5500
5400
9000
10300
8300
7100
5800
5600
5700
10100
7600
6300
7800
7200
6500
6100
6700
6300
5800
7200
9300
6600
9600
7800
3800
4700
5800
4800
3800
8200
4300
6800
8400
4100
4000
10800
4200
4100
4200
4500
4200
6900
4800
4400
4100
3900
4000
4200
4000
36000
3500
3700
3100
3200
3200
4000
3200
3400
3400
3200
5900
3300
3400
3600
6100
3400
3400
6300
3500
6400
6800
3200
3300
3200
3300
3000
3100
3100
3100
3100
2900
3800
3900
3100
3000
3000
3300
3200
3100
3900
3600
3500
3600
3600
3400
3500
3600
3400
3600
3500
3400
3300
4700
5400
5000
3800
3400
3500
3500
5600
5600
4000
3900
3800
3800
3800
3800
3800
3700
4000
4800
8000
3900
5300
3700
3700
5700
5100
4000
5800
7200
4100
6300
4000
4100
4200
4100
5700
4300
6500
4100
4400
4100
4100
4000
4100
6300
4400
4000
33200
3900
3400
3100
3300
3300
3400
3600
3200
3400
3200
5900
3200
3200
3400
5800
3300
3500
6600
3400
5700
4400
3200
3100
3100
3100
3000
3400
3300
3000
3000
3000
3900
3700
3000
3000
3100
3000
3000
3000
4100
4700
3600
3700
3300
3400
4000
6500
3400
3400
3500
3600
3400
4600
5200
4800
3500
3600
3500
3400
5100
3900
4000
4200
4000
3900
3900
3800
3900
4200
3900
4900
5400
4000
6700
3800
3900
5500
3800
3700
6100
7600
7100
4600
4000
4200
4000
4200
5200
3900
6300
4100
4200
3900
4500
3900
4000
6300
4300
4500
26600
3300
3100
6000
3500
3500
6200
3400
3200
3200
3300
3300
5800
6200
3300
3600
3300
3900
3100
3000
15400
6700
5900
6000
5500
6200
5800
5700
5500
7100
5400
6000
7000
6100
5900
5800
5700
6100
5200
5900
8500
6300
6100
6200
10400
6400
6100
6300
9400
6100
9500
6500
6500
6500
6500
6600
6400
9400
6000
5900
10400
9200
5600
6300
9500
9500
9700
6900
11500
6700
11400
7100
6200
4700
7100
7000
12100
10400
6600
14200
26900
8700
7400
8200
7300
7800
7400
7400
7600
7300
7800
7600
7700
7600
7500
7400
7900
7600
7700
12100
47400
7000
6400
5900
6000
5900
17200
15400
6100
15500
11300
5600
6300
5900
5700
5800
5800
15900
6100
5700
13500
6700
5300
5700
5200
6400
5600
5300
5700
7600
5500
7000
5700
6600
6000
5700
5300
5300
6000
6700
13200
6400
7600
6000
6600
6100
6200
6100
9500
6500
8600
6700
6000
6100
7400
6300
6000
9900
6200
6200
13400
7000
6600
7100
11000
10700
9500
5900
9000
6200
14800
6800
6700
6900
7000
6800
6900
15200
6800
10400
22900
8100
8000
7600
7600
8100
8000
7500
7900
7700
7400
7500
7900
8300
7600
7600
7900
7400
7600
12900
50900
6900
6000
6100
5800
6600
20500
11600
6600
19200
11500
6200
6200
6700
6100
6000
6100
16200
6300
5900
10200
6800
6000
5600
5300
6600
5400
5800
5200
6100
5800
5800
4200
6300
5800
5100
5200
5100
5200
6300
9700
5900
10200
6100
6100
5800
6000
5700
6100
9600
6000
6200
8500
7400
6400
6000
6500
5700
5800
4500
7700
6900
4100
4200
5700
6000
5800
4100
6200
4300
6800
4200
4200
4800
3800
3700
4100
5800
4000
9300
11800
4500
4100
4400
4300
4400
4200
4500
4500
4700
4300
4400
4800
4600
4200
4700
4300
4400
4500
7100
27500
4200
3600
3300
3400
3500
6400
9600
3600
7800
6500
3400
3500
5100
3500
3200
3400
7900
4100
3400
7100
4700
3900
3500
3400
4300
3300
3500
4000
4200
5200
4500
3300
4700
3500
3300
3500
3200
3200
4200
9100
4000
3700
4000
4600
3800
3600
3900
3600
5600
3800
3800
5400
3900
4000
4000
3900
3700
3700
3600
5700
4100
4200
4000
3900
4100
4200
4000
6600
4400
6100
4300
4000
3900
4400
4000
3900
9200
4100
4100
13700
4600
4200
4400
4200
4300
4300
4200
4700
4700
4500
4400
4400
4200
4300
4500
4200
4300
4400
7100
28600
4300
3600
4500
3300
3500
6800
6200
6300
8300
13400
4900
4900
5500
5100
3300
3400
7800
3700
3300
6900
3900
3700
4300
3300
4300
3100
3300
3300
4100
3300
3700
3900
5800
3300
3200
3200
3300
3200
3700
5900
3800
3700
3700
3600
3500
3700
3500
3700
8000
3600
3700
5200
3800
3600
3700
3600
3600
3600
3700
5200
4100
3900
3900
3900
3900
5300
4000
5700
4100
5300
4100
4000
3900
4000
4200
3900
6900
5400
4300
7900
5100
4600
4300
6600
7700
7500
4400
8800
4300
9200
4400
5200
4400
4200
4100
5200
7600
4700
7800
33200
4700
3700
3300
4500
3500
7600
7900
3500
11000
6400
3400
3500
3900
3300
3200
3500
7900
3500
3300
6300
4000
3700
3600
3300
4100
3300
3500
3300
4000
3400
4000
3500
4200
3300
3700
3500
3300
3300
4000
5900
4600
3700
3700
3600
4200
3500
3700
3600
8100
5000
3900
5000
4000
3600
3500
3600
3800
4700
3900
5600
4200
4100
4100
3900
4200
4100
3900
6100
3900
6100
4400
3800
3900
4100
4200
4000
7000
4100
4300
8200
4700
4400
4100
9700
6700
6800
4300
7400
4400
7400
4400
5000
4400
4300
4300
4300
6700
4300
6900
31300
3600
3400
3700
3600
3400
6300
3300
3700
3500
3400
3600
3500
3400
4200
3400
3400
3700
3400
6600
10500
4400
3700
3600
3400
3500
3300
6500
4500
4300
4700
3700
3400
4100
4500
3400
4100
3600
3500
3600
6200
4100
4100
3800
3700
3800
3800
3800
3600
3800
5100
7700
3700
5100
5000
4400
3700
3700
4900
3800
6000
4400
4100
4100
4500
4000
4100
4700
6100
4000
4400
4200
4000
4000
4500
6900
5200
4100
6800
4200
8100
8600
4500
5700
4300
6500
5500
4500
4300
4500
5500
4900
4400
7600
5600
7300
7300
4700
4400
7500
29400
3900
3700
6600
6500
3800
4500
3700
3500
3500
3600
3400
3500
3600
3300
3800
3700
3500
3700
3400
8200
3700
3700
3400
3500
4000
3300
5500
3500
4000
3300
4200
3600
3200
3500
3800
3300
3400
4300
3500
9300
3900
4000
3700
3700
4200
3500
3900
3700
3600
5000
3800
3500
5100
5100
3800
3700
5000
5300
3700
5600
4300
4000
4000
4000
8300
4100
4000
5900
4300
4300
3900
3800
3900
4200
5700
4300
4000
6000
4100
9400
7600
6300
4500
4300
4400
4500
4300
4300
4600
4400
4300
4300
6700
4700
6700
7100
4400
4600
4500
26800
3700
3800
6400
6400
3500
3700
3800
3400
6200
3600
3500
3600
3500
3300
3500
4200
3700
3600
3700
7900
3700
3500
3500
4600
4100
3500
4400
3400
4100
3900
4100
3400
3300
3400
3300
3300
3300
4700
3400
4400
3900
3800
3800
3800
3700
3800
3700
5500
3900
3700
3900
3600
5300
5100
3900
5100
3800
3800
3800
8400
4400
4000
3900
4100
4100
3900
4000
5900
4100
4000
4000
3900
5200
3900
6200
4300
4000
7500
4200
6800
7800
4600
4400
4300
4800
4600
4400
4300
4500
4800
4400
4400
6800
4800
9500
6600
5800
4600
5000
25600
3600
3500
6900
6300
5300
3800
3700
3700
3600
8600
5800
3200
3300
3000
3200
3400
3000
3600
3400
7900
3200
3200
3000
3400
3000
3000
3600
3200
3600
3000
3900
3100
2900
3000
5900
3000
3000
3400
3200
3900
3900
3500
3200
3300
3300
3300
3500
4500
3800
3300
3300
3600
5100
4900
3400
4600
3500
3200
3400
7000
3900
3700
3900
3600
3600
3500
10800
3700
3700
5600
3700
3900
6700
5300
3900
3600
4200
8700
4200
6400
7000
4200
4000
4000
4100
4200
3900
3900
4300
4000
3900
4400
6300
4100
6500
6200
4100
3900
4400
27600
3300
3400
6500
8700
3100
3300
3300
3500
3300
3200
3100
3200
3100
3000
3000
3300
3200
3300
3400
6600
3600
3300
3500
3100
2900
2900
3900
3000
4100
3200
3600
3100
2900
3200
3100
3000
3100
3800
3500
4200
3400
3500
3800
4200
3400
3300
3500
6100
3400
3300
3500
3400
4600
4700
3900
8100
3400
3500
3400
6500
4000
3800
3700
3900
3700
3600
3700
3800
3700
6000
3700
3600
5600
6100
4900
3800
3600
5400
3600
6300
4100
4000
4500
4300
4100
3900
4100
8400
3900
4100
6900
4000
3900
4100
6500
4300
4000
6500
4400
28200
3500
3400
6300
7900
4000
3200
3200
3200
3200
3300
3300
3300
3200
3100
3300
3100
3200
3300
3400
6400
3200
3100
3200
3100
2900
2900
6200
3100
3500
2900
3700
3000
2900
3000
3200
2900
3000
3600
3300
3700
3400
3500
3300
3200
3400
3300
3500
4300
3300
3300
3400
3300
4700
4300
3600
4400
3400
3400
3500
6400
3800
3700
3900
3800
3700
3500
3600
4200
3600
5300
3600
3500
5400
8600
3900
3800
4400
5000
3900
5500
4100
4100
4400
4000
4200
3900
3800
6600
3900
4500
4100
3700
4100
3800
6100
4100
4100
6200
4100
30000
6900
3300
3300
3200
6500
3200
3200
3200
3300
3300
3300
3300
5800
3300
5900
5800
3200
3400
3200
9800
3300
3300
3200
3800
3400
3000
3000
3000
3900
3300
3100
3100
3200
2900
7200
3300
3100
3000
3000
4900
3500
3300
3400
4100
3800
3400
3300
3300
3400
3400
4100
4300
3600
4200
3500
3500
4000
3600
3500
5400
4000
4000
3800
5200
3900
4100
4900
4000
5600
3900
3900
3900
3700
3900
4000
5000
4600
4000
6000
31600
21200
7200
7200
6700
9400
4600
6400
6300
13500
5300
4400
5100
4400
4500
4400
4400
5100
4600
4300
34000
4100
3300
3500
3600
3500
3200
3100
3300
6200
9700
7600
3800
3200
3400
3200
3300
3800
3200
3300
8800
3300
4500
4400
3200
3300
3100
3600
3000
3200
3200
3000
3000
3000
3000
3100
3000
3600
3000
3300
4900
5200
3900
3400
4300
3300
3400
3300
3300
3400
3500
4000
4200
3500
3900
3600
3200
4000
3400
5700
5300
3700
3700
6600
5200
4100
3700
4900
3800
5900
4300
3600
3800
3800
3700
3700
5000
4100
3800
4500
6400
4200
4100
4200
4000
5900
4200
5900
4100
6300
4400
4000
4500
4000
4400
4100
4000
4000
4300
4100
32500
3700
3300
3300
3100
3500
3200
3100
3300
5600
6300
5800
3400
3200
3000
3500
3100
3600
4000
3400
8600
3500
3200
3200
3400
3100
3600
5800
3200
3200
3000
3000
3300
3000
3000
3000
3700
4000
3300
3000
6800
3500
3500
3600
3400
3500
3400
3600
3300
3500
3400
3400
3300
3400
3300
5300
3400
3400
3700
3400
5300
3800
3900
3700
4900
4200
3700
5100
3700
5300
3900
3600
3700
3600
3900
3700
5400
3700
3800
3800
6000
4100
4100
4200
4000
5900
4000
5800
4000
6600
4100
3900
3900
4200
3900
4200
3900
4200
4000
4000
27700
3400
3100
3200
3300
3700
3200
3000
3300
5600
6500
8600
3300
3200
3100
3300
3100
3300
3100
3500
7000
3400
3200
3500
3100
3300
3200
4500
3200
3100
3200
3200
3500
3100
3000
3000
3400
3800
3100
3100
4100
3500
3400
3400
3400
3300
3300
3300
3700
3500
3400
3500
3500
3500
3300
5100
3400
3300
3400
3600
4700
3600
3700
3700
12900
3700
3700
3900
4100
9900
3800
5100
5300
3900
5200
3700
3600
5100
3800
5100
6000
4100
4200
4000
4500
6000
4100
5900
4200
6700
4100
4000
4000
4200
3900
4000
3900
4200
4000
4000
33100
3400
3300
4000
3400
3200
3200
4000
3400
6300
8200
6700
3200
3200
4000
3200
3100
3100
4200
3300
7300
3300
3200
3200
3600
3100
3100
4600
3100
3000
3100
3000
6100
3000
3100
3000
3200
4500
3200
3100
5900
3600
3500
3900
3400
5200
4700
5000
7500
5400
3700
3600
3700
3400
3500
4700
3500
3500
5200
5500
5000
4100
3700
3700
5200
3800
3700
3700
3800
4100
3600
5200
5000
4000
5100
3900
3600
4700
3900
3700
9600
4400
4000
4000
6500
4100
4400
5700
4000
5800
4200
4100
4300
4100
4100
4100
6100
4400
4700
4500
30100
3500
3200
3200
3400
3200
3200
3200
3100
5700
11400
6000
3300
3100
4700
3100
3100
3100
3300
3200
8000
3400
3400
3200
3200
3100
3100
4300
3100
3300
3200
3400
3100
3100
3000
3000
3200
3900
3100
3700
4800
3500
4100
3500
3500
3500
3500
3400
3400
3600
3500
3400
4200
4400
3400
4900
3300
3600
3400
3500
4700
3700
3600
6500
5100
3800
3700
4100
3800
4200
3800
5300
5600
3700
5700
4600
4000
5000
4000
3700
5800
4600
4000
4000
6300
4100
4100
5900
4200
6700
4100
6000
4600
4000
4100
4300
8600
4200
4100
4100
26000
3400
3400
3500
3100
5800
3400
5700
3200
6700
3300
3200
3300
3100
3100
3500
3100
3200
3100
3400
23600
13400
3400
3200
3200
3200
3300
3100
3100
3000
3400
3000
3200
3000
3200
3300
9400
3200
3200
3300
8900
3600
3400
3600
3800
3300
3400
3800
3500
3400
4300
3400
4900
3500
4400
3400
5200
3600
3300
3400
5800
4000
3800
3700
5400
3700
5300
3700
5200
3900
3700
8100
4200
3500
3600
3800
3600
3700
3600
5500
8400
4200
6300
4000
4000
4000
3900
4200
4100
3900
4000
4000
4100
3900
4000
3800
4300
4000
3900
4100
25400
3200
3000
3000
3600
3000
3000
9000
3100
5600
3100
3200
5900
3300
3100
3300
2900
3000
5500
3300
15100
3800
3800
3600
3300
3100
3300
3200
3100
3100
3000
3700
3000
3000
3100
3000
4600
3500
3100
3200
5900
3500
3400
3300
3500
3400
3400
3200
3300
3600
4300
3600
4700
3400
6200
3400
4300
3500
3200
3300
5400
3900
3500
3500
5100
3600
5100
3700
4100
3600
3600
5200
3600
3500
3600
3800
3600
3600
3600
5300
8200
4000
6000
3900
3900
4000
3900
4400
4000
3800
3900
4000
6700
4000
4100
3800
4100
3900
3800
3900
32500
3200
2800
2900
3100
4000
3000
6200
3400
5400
2900
3200
5400
2900
3000
3100
3400
2800
5300
3100
8700
8000
4300
4400
3400
3500
3100
3200
3100
3100
6000
4200
3000
3300
3100
3000
3100
3900
3100
3100
4200
3500
3400
3300
3600
3300
3400
3500
3900
3300
3500
3200
3400
3200
3500
3300
5200
3500
3600
3300
5500
3800
3700
4000
5300
3600
5200
3600
4300
3500
3800
4900
3800
3500
3600
3600
3700
3600
3500
7800
9600
4100
6200
3900
3800
4000
3800
3800
3800
4000
3800
3800
3800
4000
3800
3800
3900
4100
3800
3900
25600
3100
2800
2900
2900
2900
2900
5800
3100
5200
2900
2900
8300
2900
3000
2900
3000
3000
5400
3100
8700
4100
4100
3900
3500
3300
3400
3300
3100
3000
3200
3900
3200
3100
3300
3100
3000
4000
4800
3300
4500
3600
3400
3600
3500
3600
3300
3300
3400
3600
3400
3300
4700
3600
3500
3400
5100
3500
3400
3500
9100
4100
3900
3600
3600
4300
3900
3500
3600
3700
5500
3700
6000
3700
3600
3600
5300
3600
3700
3600
7700
4100
6000
3900
3800
3700
3900
4000
3800
4000
3800
4300
3900
4000
3900
3800
3800
4000
3800
4100
30700
3300
3100
3000
2800
3100
2900
5800
3100
5700
2900
3300
5500
3000
3000
2900
3000
2800
5400
3000
8300
3700
3500
3700
3300
3100
3100
3300
3100
3100
3100
3600
3100
3100
3100
3100
3300
3500
3000
3100
7100
3500
3400
3700
3400
3400
3400
3500
3300
3200
3300
3300
3500
3800
3900
3300
5200
3500
3400
3600
6000
3800
3600
3600
3600
3500
4000
3500
3600
3700
4900
3600
5500
3900
3600
3600
5000
3600
3500
3800
5600
4100
4800
4100
8300
3900
5700
3900
4000
3800
4000
5800
3900
4100
5400
4000
4000
4200
4000
6200
25900
3500
3200
3400
3000
3100
3000
5800
3200
5200
3000
3000
5300
3300
3000
2900
5600
2900
5300
3000
7000
8400
3900
4100
3300
3200
3100
3200
3100
3100
3000
4100
3200
3100
3000
3300
3000
3800
3100
3300
3900
4100
3300
3300
3300
3400
3500
3300
3300
3300
3500
3500
3200
3300
3700
3300
5200
3500
3400
3400
7700
4000
3600
3900
3600
3700
4300
7100
3600
3600
8600
4000
5900
3900
3700
3600
5400
3700
3700
3900
5600
4000
4100
3800
5900
4000
6000
4000
4500
4100
3900
6000
4100
3900
4000
4100
3900
4000
4000
6300
30600
3400
6000
3300
3300
3200
3100
3300
3100
3000
3000
3300
3000
3100
3100
2900
3200
3200
2900
3000
17700
3900
3900
3200
3200
6500
3100
3400
3000
3100
3300
4200
3800
3300
3100
3100
3000
3000
5400
3100
4700
3400
3500
3600
3400
3200
4500
4300
7500
4300
4900
3500
4300
3700
3300
3300
3300
4500
3400
4400
6000
3800
5600
3600
3800
3500
3700
6000
9100
4000
3600
3600
5500
3600
3700
5400
6000
3700
3600
3600
9900
4200
6400
4600
4100
3900
4100
4100
4100
4300
3900
3800
3900
4100
6500
4100
3800
4100
3900
3900
20200
3300
3300
3900
3200
3200
3200
2900
3100
3100
2900
3100
3100
3000
2800
3100
3200
6400
3200
3000
8100
3400
3500
3100
3200
3200
3200
3100
3200
3700
3100
3800
3100
3600
3300
3000
3100
3000
3100
3700
7400
3500
3400
3300
3400
3500
4800
4500
4500
4400
5100
3600
4300
3400
3500
3300
3300
4300
3300
4200
5600
3600
7800
3600
3600
3700
3600
5700
6400
4100
3700
3700
5500
3600
3500
5300
8900
3600
3800
3600
9000
4200
6700
4300
4100
4100
3900
4900
5800
4100
5700
5100
4000
3900
10100
5700
6100
5500
6300
6000
22200
5300
4000
3500
6700
2900
2800
3100
2900
2800
3200
3000
2800
3200
2800
3100
2900
6100
3100
2900
8100
3700
3200
3500
3300
3200
3200
3400
3000
4300
3500
4400
3100
4400
3200
3100
3200
3300
3100
3200
4200
3300
3500
3400
3400
3400
3300
3300
4600
3300
3400
5200
8000
3500
4000
3600
3400
3200
4800
3400
5500
3700
5500
3600
3600
3500
3800
6400
6400
3800
3600
3700
5500
3800
3600
5400
5900
3500
3900
4000
9300
7700
6400
4100
3800
4100
3900
3900
4200
4000
3900
3900
4100
3800
6400
4200
3800
4000
3900
4000
13200
3000
3100
3800
4300
3100
2900
2900
3100
2900
3000
3200
2800
2900
3000
3100
3000
9400
3000
3000
8900
3600
3700
3200
3200
3400
3100
3600
3100
4300
3400
4100
4400
4100
3200
3400
3300
3200
3200
3300
4100
3400
3600
3400
3500
3300
3700
3500
3300
3500
3500
4800
5000
3500
3500
3400
3400
3400
4700
3500
5300
4100
3700
3600
3700
5100
6400
5800
6100
6100
6600
3800
6300
3700
3700
4700
3700
6500
3800
6700
11100
4000
7200
4100
4600
3900
3900
4700
4000
4000
4900
3900
3900
3800
9200
4000
3800
3800
4100
3800
15600
3200
3000
3600
2900
2900
2800
3000
2800
2800
3200
3000
2800
3100
2700
3100
3100
5800
2900
3000
8800
3800
3200
3500
3500
3100
3200
3200
3000
4000
3100
3700
3200
3600
3100
3200
3200
2900
3100
3000
4200
3400
3400
3500
3600
4900
3400
3500
3300
3300
3400
4900
4400
3600
3400
3500
3400
3600
4500
3400
4900
3600
3500
3600
3500
3700
4900
5100
5100
4800
17600
4100
4600
4000
3500
9800
3700
7900
4300
5400
6200
4100
5700
3900
4000
3800
4000
10000
7200
4100
3900
4200
5700
4000
3900
5800
6700
3800
3900
3800
16500
3200
3500
3400
4800
3100
3000
2900
3000
2900
3000
3200
2900
2900
3100
3100
2800
5700
3100
3000
7700
3500
3100
3100
3100
3100
3400
3100
3200
3400
3500
3400
3100
3400
3300
3000
3100
3000
3100
3800
3900
3400
3700
3400
3500
3200
3700
3400
3200
3400
3300
7200
4000
3500
3400
3400
3300
3400
4000
3500
4800
3700
3800
3600
3600
3500
4500
4700
4600
4500
4800
3700
4700
3800
3600
3700
3600
4700
3900
4800
5600
3900
5600
4100
3900
4100
5000
7100
7400
4000
5400
4000
6300
4000
3900
7200
6900
3800
3900
3900
18700
3100
5000
3900
2900
3200
3100
3000
3000
3200
2900
3000
3100
2800
5200
3100
2900
3200
3200
3000
11900
8200
3700
3700
3500
3200
3200
3300
3200
3800
4900
3300
3300
3400
3400
3200
3100
3300
3800
3200
5000
3700
3500
3500
3700
3500
4800
3700
4400
3800
4500
4600
3500
4000
3700
3500
3500
4500
3700
4400
5900
5700
3900
3800
4100
3900
3700
3900
8000
4200
3700
3900
3800
3900
3700
5300
3900
3800
4100
3900
7100
4200
4100
5700
4300
6000
4200
4500
5800
4300
4100
4000
4800
4300
5600
5600
5800
4700
4300
4200
16900
3700
3600
3600
3300
3200
3200
3200
3000
3100
3600
5300
5100
3400
5700
5300
3300
5000
4900
5400
9500
3500
3400
6400
4000
3400
3500
3300
3400
3300
3400
3200
3500
3400
3300
4000
3900
3600
3200
3400
5000
3600
3700
3400
3500
3400
4700
3600
4500
3600
4200
4200
3700
3700
3500
5100
3500
4700
3500
4500
5500
5100
3800
3900
3700
3900
3700
7100
5200
3800
3600
8700
6600
3900
3600
5300
4100
4000
3800
3800
12300
4200
5000
5600
4100
5700
4100
4200
5500
4100
4100
4200
4100
4000
4100
6900
5900
4300
4000
4200
16500
3200
3100
3200
2900
3200
3200
3000
3100
3200
3300
5200
5400
3100
5400
5100
3100
5100
5000
4800
9700
7900
4200
3300
10500
3500
3300
3300
3200
3400
3300
3200
3100
3500
3300
4000
4800
3300
3200
3400
5400
4600
3700
4300
3700
3800
3600
3500
3500
4700
3500
3700
3600
3600
3500
3800
3400
3600
4600
3800
5400
5400
4200
3800
3700
3800
6800
3800
5200
3800
3600
3900
3700
10000
3800
5500
4000
6800
13300
8700
9500
7100
6600
10400
7000
9700
7000
6300
29900
27000
7900
5700
5200
5200
5400
7100
7700
5500
5500
10800
19200
4600
5800
4800
4700
4900
7600
4200
4600
4400
5100
25200
5300
3300
6500
5300
3400
5300
4800
4600
10200
7400
3500
3300
4000
4200
3400
3300
3400
3400
3300
3200
3200
3300
3600
3700
3700
3400
3300
4000
5200
4500
4200
4600
3500
4200
3500
3500
3600
4400
3600
3500
4300
3600
3500
3700
3600
3600
4500
3600
5000
3900
3900
3900
3900
4300
5000
3900
4900
3900
7500
4800
3700
4200
3800
3700
3800
4800
4000
5000
5800
4200
4000
5500
4000
20200
4500
4000
5500
4100
5200
4200
3900
3900
4300
5500
5800
4100
4100
7300
14700
3400
3200
3100
3100
3500
3100
3100
3300
3100
3200
12400
4800
3200
5800
4900
4800
5100
5100
10600
12400
4000
3400
3500
4100
4600
3200
3400
3700
3200
3300
6900
4600
3600
3300
3800
3900
3200
3200
3400
5300
4400
3900
4200
3500
3700
3600
3500
3500
4500
3400
3400
3700
4100
3600
3600
3700
3600
4300
3500
11000
4100
3800
3900
3900
4000
5300
3900
7800
4000
4900
4600
5600
3700
3800
3900
3700
4800
3800
5100
5500
5700
4200
4100
4200
4200
4100
3900
6100
4200
3900
4800
4100
4100
3900
5700
4300
4100
6900
4500
13300
3400
3800
3200
3300
3200
3100
3200
3000
3000
3400
4700
4800
3400
5400
4700
3100
4700
4500
7400
8300
3700
3400
3700
4000
3500
3400
3300
3400
3200
3500
3200
3100
3300
3600
3900
4200
3300
3200
3300
5200
4600
3700
4500
3600
3700
3500
3500
3500
4600
3400
3500
3800
3500
3500
3500
3600
3500
5100
3500
5300
3800
4000
3600
3800
3800
8400
4100
4900
3800
5000
4900
3700
3700
4000
3700
3800
4800
3800
5000
5700
5500
4400
4000
4000
4000
4100
4000
5900
4400
4000
4000
4200
4100
3900
8200
4200
4100
4200
4700
68700
7000
4700
8000
4900
10000
5100
4700
7700
4600
5000
9300
4500
25900
4800
4800
13400
3400
3400
6900
13400
4700
3800
3600
3300
4400
3400
3900
3600
3400
3800
5000
3500
3300
3800
3500
3200
3300
3300
3400
5000
3800
4700
5500
14700
5500
6300
3800
3500
3700
4100
3700
3600
3600
7300
3700
3600
3700
3800
4800
5800
4100
3800
4100
4000
5100
4000
3900
5100
3900
4300
4000
4100
4000
4100
3900
4000
4400
4000
5400
6500
4300
4200
4300
4100
4200
4300
4300
4200
6500
4500
4300
4200
5800
4200
7200
4100
5700
5500
4200
15300
5300
3500
3300
3200
3100
3100
3200
3400
4700
4700
3200
3100
4300
3100
3400
3100
5200
3100
6000
17200
6100
3800
3400
3400
4100
4000
3600
3200
3600
3400
3200
3800
3700
3400
4000
3400
3300
3900
3400
4800
3700
3500
3600
3800
3500
5100
3500
3500
3500
3800
3500
3700
3600
5400
4700
4200
3600
3700
4500
5500
4000
3700
4000
3800
6100
3800
3700
5700
3900
4900
4000
3800
3800
5300
4000
3900
4000
4900
3900
7900
4200
4000
5000
4100
4100
4000
5100
4200
4100
4800
4900
8300
6600
4200
5600
4100
6100
6200
4200
19400
5300
3400
3200
3300
3100
3600
3100
3400
5000
4800
3200
3300
4500
3100
3100
3100
4600
3000
3300
9300
3800
3400
3600
3300
3900
3800
3300
3300
3300
3500
3300
3600
3900
3400
4000
6500
3500
3200
3100
4500
3600
3700
3800
3600
4600
3800
4400
3800
3600
4500
4300
3800
4200
3600
4000
3700
3500
3500
3800
5200
3900
3600
3900
3900
4900
3900
3600
5000
4100
3900
3800
3800
4000
3800
4000
3800
4000
3900
80900
235200
10000
8800
7700
6300
7000
7800
10600
8500
7300
8600
7100
7100
13300
7800
6100
6700
7500
8300
5700
19600
6500
4600
3200
3300
3200
3000
3200
3100
7500
4700
3400
3100
4500
3000
3200
3100
4500
3200
3100
9400
3800
3700
3300
3300
3700
3900
3300
3300
3300
3500
3300
3700
4000
3300
3700
3600
3400
3300
3300
4300
3600
3600
3900
3500
4500
3700
4500
3700
3700
7400
4400
3700
3600
3700
3900
3600
3500
3600
3700
4900
3900
3800
3900
3900
3700
6000
3800
4000
3900
3900
3800
4100
3800
3800
4100
3700
3900
3800
5000
5900
4200
4300
4100
4000
4100
4200
4000
3900
4000
4300
4000
4100
8100
4400
4100
4000
5300
5300
4200
15400
4600
3300
3200
3200
3100
3100
3300
3100
4600
4600
3300
3000
5300
3000
4600
3200
7100
3300
3300
13100
7700
4200
3400
3300
4200
3700
3300
3200
3400
3500
3300
3700
3700
3300
4000
3400
3300
3200
3600
4200
3700
3900
3700
3600
4700
3800
4800
3800
3800
4300
4500
3700
3600
3600
3700
3600
3800
3600
3500
5000
3900
7100
3900
3900
4100
4800
3900
3800
4000
4100
3900
3900
3900
4000
3900
3800
4200
4400
7000
5700
4500
4100
4300
4400
5300
4200
4100
5900
4300
4300
4100
4200
4300
4000
4000
4400
4100
4200
4500
18500
4800
3300
3500
3200
3200
3200
3400
3200
4800
4800
3900
3200
4500
3200
3300
10100
5900
3300
3100
10500
4000
3700
3300
3300
4200
3900
3500
3400
3400
3300
7100
4200
4300
3400
4100
3600
4100
3400
3200
4400
4700
4100
3600
3600
4600
3800
4500
3700
3700
4300
4500
3700
4000
3700
3600
3700
3600
3500
3500
5000
3900
3900
3800
4000
3800
5200
3800
4000
4000
3900
6600
4100
3800
3800
4100
3900
3900
4100
5200
5600
4900
4300
4200
4100
5700
4200
4000
5800
4900
4100
4100
4400
4100
4000
4300
4000
4100
4300
4100
13900
3200
3100
3200
3100
3100
6000
3300
3100
3300
3000
3100
3300
5000
3100
3300
3200
4700
5000
3300
13700
4900
3600
3700
3500
4300
5600
3700
4000
3500
6800
3300
3900
3900
3400
4100
3600
3400
4100
4100
5300
4000
3900
3900
3700
4000
3700
3800
5000
3700
5000
9500
7300
6000
3900
6000
4000
4500
4000
3600
6000
4000
4400
4200
8200
5600
3900
3900
4100
5800
4100
5300
3900
4000
3900
9700
5700
4200
3900
3900
6500
4500
4200
4100
4500
4100
6000
4200
4200
4300
4400
4500
4500
4200
4400
7100
4600
6500
6100
4400
13400
6800
3500
3800
5300
3400
3300
3400
5500
3200
3400
3500
6600
8100
3600
3500
4900
3300
5800
3200
11400
4600
3700
4000
3800
4100
3400
3900
3600
4000
3500
3500
4000
3300
3200
3200
3600
4500
3400
4200
4800
3700
3900
3700
3700
4100
3500
3600
8100
8500
6200
3800
3700
4700
3900
3600
3600
4700
3800
3600
5700
3900
3900
3800
5400
5200
4500
3900
4100
5700
4600
5400
3900
4000
3800
3800
5600
6800
3900
3800
6200
4200
4200
4200
4200
4200
6000
4400
4100
4800
4400
4200
4100
4300
4200
4100
4500
5800
5800
4500
13000
8500
3600
3300
5200
3300
3200
3400
6000
3500
3200
3300
5000
5300
3900
3500
5100
3300
5500
3200
11000
4900
3600
4000
3600
3800
8300
3700
3500
3900
3400
3400
3800
3300
3300
3300
3600
3900
3300
3800
4300
4600
3900
3800
3600
4600
5000
3700
4600
3700
3600
3500
4800
3700
4300
4600
3700
3600
4700
4600
5600
7100
4000
3900
5300
5000
4000
3800
3900
5200
4200
5500
4000
3900
4000
3800
5300
3900
4700
3900
6400
4100
4400
4100
4000
4200
5800
4300
4100
4200
7200
4500
4100
4300
4200
4100
4400
6700
5900
4500
12800
5200
3300
3200
7400
3300
3300
3300
5200
3400
3100
3200
7900
5100
3200
3100
5200
3200
5200
3100
11000
4800
3700
4100
3500
3900
3600
3800
3500
4100
3300
3500
4000
3400
3200
3400
3700
6800
3400
3800
4500
4600
3900
3700
3700
8500
5000
3700
6300
3800
3500
3700
4500
3800
3600
4800
3700
3500
4800
4800
5200
4200
4100
3900
3900
3900
3800
4000
5600
3900
5300
4100
3900
5300
4100
7000
4000
5200
4200
4000
6400
4200
4200
4100
4100
4200
5800
4200
4300
4900
4100
13800
5500
4300
4400
4100
4500
6000
5800
4300
17300
5200
3600
3200
5400
3300
3100
3600
5100
3400
3200
3200
5000
4800
3500
3100
5300
3300
5300
3100
10800
7200
3600
3800
3700
3700
3400
3800
3500
3700
3600
3500
3500
3400
3400
3300
3500
3800
3300
3600
4500
4700
3700
3800
3700
4400
5000
3800
4500
3600
4300
4700
5200
3800
3700
4600
3600
3500
4600
4500
7900
4000
4800
4000
3900
4100
3900
3900
5300
4400
5100
4000
4000
5200
4100
3900
4000
5100
4100
4100
5700
4100
4400
4200
5800
6800
4200
4100
7000
5800
4200
5800
4300
4100
4400
4200
5700
4400
4200
4400
14600
5000
3600
3200
5300
3300
3100
3500
5700
6100
3300
3200
5200
4900
3600
3200
5000
3800
5100
3100
9200
4700
3700
6000
3800
3900
3600
3800
3600
4100
3300
3400
3900
3300
3300
3500
3500
4000
3500
3800
5700
6300
3800
4800
3800
5600
4800
4900
6200
3800
3500
3500
5800
3600
3800
5900
3800
3600
5600
5700
6000
5000
4200
3900
4800
4700
3900
4900
6500
4100
8900
4300
3900
5500
4300
3800
4100
5400
4200
3900
5700
4200
4400
4200
6000
7400
4200
4200
4200
6200
4500
5800
4300
7500
4300
4100
5900
4100
4200
4200
14800
3600
3200
3300
3500
3200
5700
3300
3400
3200
3200
3600
3300
3400
3200
3200
3500
5300
8300
3400
