607300
27500
196700
42800
43200
21700
22600
21100
20900
29400
24600
21300
24000
22600
29000
28500
23100
21100
21500
21400
59900
31900
43800
31300
26100
35200
28600
26300
32000
28300
27100
25800
26900
44100
33500
27000
31000
27700
29200
36600
937300
34000
27200
190500
33400
24500
18700
18600
17100
47500
19300
21700
17400
19500
32800
21000
18300
18200
16700
37600
49000
22600
18300
23300
19000
19700
16900
18800
18700
16300
16900
17200
21300
17300
17700
17000
21200
16800
18700
17000
44100
21100
18900
18600
19300
20900
19700
39200
36900
21400
20300
19000
19700
21400
19500
19000
24500
44400
27500
20300
22500
12200
36100
13100
12800
9700
9800
9200
8900
17500
11200
12000
9800
15600
8900
8700
9300
9000
13000
9200
32400
13800
13000
13500
11800
12200
11700
29200
14100
13400
12100
12600
12100
22100
13600
13900
12400
12800
19300
13800
28400
14400
13500
25900
15100
14800
13700
13500
17600
26800
14100
14100
13200
14800
13100
16500
13800
12500
12800
40100
35700
18100
17000
16300
16200
17700
14400
15000
14000
13900
15100
14700
14200
23400
21800
21800
22800
21900
23200
22700
49300
32000
26900
29000
28900
29600
27800
58700
64300
30700
29000
27100
31200
29000
37000
42800
28100
46200
28000
28000
20800
19100
22800
14300
14400
12500
12600
11800
13600
17200
12900
13400
11900
18100
11100
12300
12800
11600
13300
56900
23600
17500
25200
21300
20300
15800
11200
11200
10500
12000
11300
13200
10700
11600
11100
10800
10700
12200
11500
11100
23400
14300
14800
27300
20600
15000
15900
14000
12700
23700
15600
17700
17400
14600
13900
14400
15900
13500
17000
24300
34400
17400
15800
15700
16000
15400
16400
16300
15100
15700
15500
17400
14300
13500
12700
12800
12800
12300
14000
13200
22600
15000
12900
13700
13200
14200
14000
26500
36900
15500
15100
13700
13500
14500
15300
13900
14200
28800
14500
14800
12100
7600
13700
7100
7000
6400
6700
7900
6100
22700
6700
7900
6400
7600
6500
26200
16600
9300
8600
8000
15200
20500
18300
14100
20100
9800
8000
8200
6100
5700
5600
5200
4800
5400
5700
5100
4900
5500
5300
5100
10900
19200
6400
5800
5500
5600
5300
5500
5500
5800
6100
5400
6100
11000
8000
6700
5700
6100
9700
6000
16900
6900
6500
6900
7100
7100
6700
7200
6600
6500
7000
6700
6700
7200
6800
6700
6800
6900
7000
7100
10500
7800
7300
8500
7100
8200
7300
14700
13800
7700
7700
11800
9500
7600
7600
11200
12100
23100
14500
16900
9500
11600
14600
6900
6300
6200
6100
6700
6700
14700
7300
7000
15700
7500
6000
5900
6000
6100
7500
6800
8400
7100
14100
10700
10600
8100
7300
7100
7300
13100
13600
7400
7400
7700
7400
7300
7500
8000
7700
9000
14200
12100
8600
11100
8400
8900
21100
9200
9300
13200
9000
8900
8800
17000
12500
9400
9300
9000
9600
32100
17000
9700
9400
19100
12700
9800
9600
9100
8900
17700
9400
9000
9000
9900
12900
9200
9700
9600
8800
18200
21600
12600
11100
11500
11000
11900
11000
22500
22200
13100
11700
12000
38500
13500
12600
12100
17000
27700
12000
12100
10100
5700
8800
4800
5900
4900
4900
5100
4800
7800
5300
6700
5400
5700
5100
5400
5300
5300
5300
6000
7700
6100
12000
11400
9800
6300
6000
6100
6100
8200
7200
6500
6200
6400
6200
7100
6300
19200
7300
26500
20000
8300
7100
7000
6600
12800
6900
6800
10200
7500
12200
7400
7500
15300
7400
7300
7100
7800
7700
8600
11100
8400
7800
16600
8900
8100
8400
8400
8900
20600
8200
8700
8200
9300
8600
8900
8800
8200
32200
18200
19300
9000
9300
11900
13600
8800
8800
9300
8900
9500
9100
9000
9300
10000
9500
9400
9200
8800
9200
9500
21500
15000
39000
15400
13600
14100
17800
14700
52000
14500
14600
15300
14900
14800
14600
17300
21600
15100
15100
14600
35400
15600
16100
17100
18700
16200
40600
14200
10800
12200
11700
37700
62700
19700
36900
19600
20600
20400
26800
19600
36800
27000
42800
26200
25800
22600
23600
22000
21700
22500
21800
22500
38500
27000
31400
90600
34100
39100
41000
10900
47200
37700
11800
12100
10600
15000
13600
11300
10800
10800
28200
12700
13300
12500
10200
10800
10200
10200
12500
20300
141900
6500
6600
9400
6400
7000
8500
6600
6300
11600
6600
6500
23700
6500
9800
6700
6500
7000
7200
6500
21300
7200
7000
7400
7000
7300
17500
7300
7200
7200
7200
7300
7500
7300
7300
7400
10400
7500
7300
8600
15900
8600
8300
8400
10100
8500
8500
8300
12100
8600
8400
15600
9800
8400
8400
8500
9000
8600
9800
8700
10800
10600
19000
9200
9000
9000
9400
9100
9000
12900
9100
9200
19000
9400
12300
9500
9400
12400
9200
9300
14600
21500
9600
10000
9900
16200
12300
10000
9900
9700
22300
10000
12300
12900
15600
8800
9600
8800
11100
23200
45400
6100
6200
6400
6000
7200
6200
6500
6400
11400
6200
6400
23000
6500
9700
6700
6300
6400
6800
6400
8900
5800
5800
5700
5600
5600
13400
6000
6300
5700
5800
5900
6100
6000
6000
8900
7000
6000
6000
7100
17000
6600
8000
6600
7700
6600
6400
6500
6700
6500
7300
6700
7100
16600
15700
15800
7600
7500
10000
6800
9400
9000
7700
8000
18900
7600
7800
7700
7800
8000
7600
8600
7700
7700
19100
7900
7700
9500
8000
8300
12800
10800
8300
8600
18400
11900
12700
8500
8900
9500
11200
8600
12300
19500
8600
8400
8600
9500
11200
8900
38000
6100
14900
6100
6200
6100
9100
6000
6900
12100
7100
6300
12100
6400
9800
6200
14800
6200
6100
7100
9500
5700
5600
5600
7100
5700
5800
5800
6500
5800
11800
5900
5800
6900
6000
5700
7700
6900
5800
6600
7800
6800
8500
6700
12600
7300
6600
6400
6600
6400
7900
6500
6700
6500
7500
8300
16900
6700
6700
6900
8900
8100
7000
8000
8500
8000
7000
7000
17500
7300
8500
7300
9700
7200
7300
7200
8400
7400
9700
15700
15800
10600
8300
10400
8300
10900
10500
8500
19400
8300
10400
8500
10700
10300
13100
7200
5000
4100
6000
4700
31700
3600
3400
6300
3400
3400
5200
3500
3300
7500
3500
3500
7100
3300
6400
3500
3200
3300
3100
3100
6400
3400
3500
3300
3200
3200
3500
3400
3200
3100
3400
3100
3100
3200
3400
3200
8100
3300
3000
4700
4200
3700
5100
3700
6200
3500
4800
3700
3500
3500
3400
3800
3600
3400
3500
5200
5000
3500
3400
3900
5000
3900
3800
4300
6300
4000
3900
4000
3700
3800
3800
4200
6000
3800
3800
3900
4100
3800
5700
3700
6400
9600
4200
4500
3900
4400
4100
4300
4000
4100
4200
4100
4300
4100
6400
4300
4300
6700
4000
4100
40200
3400
3400
3600
3300
3200
3500
3200
3300
10400
3400
3800
13200
3400
5800
3500
3100
3200
5000
3400
10000
3500
3300
3300
2900
3000
3300
3600
3200
3100
3200
3500
3100
3200
3300
3100
7200
3200
3300
7200
4000
3800
4700
3900
3600
3700
3900
3800
3700
3500
3400
3800
3400
3500
3400
4900
4600
3600
3500
3400
7800
4200
4000
3900
5700
4000
4000
3800
3800
3900
4000
4000
5500
3700
7300
4000
4400
3800
5800
3800
6000
6300
4300
4500
3900
4100
4100
4400
4200
4400
4300
4300
4200
4100
6300
4500
4200
9000
4200
4200
36700
7500
3500
4200
3500
9200
5800
3400
3300
3100
6000
3500
6200
5500
3600
3100
3300
3200
9100
3400
8400
4100
3600
3500
3500
3500
3500
3800
3200
3200
3500
4200
3300
3700
3800
3600
3400
3300
3400
4200
5100
3800
3700
4800
3700
4700
3900
4500
3700
4000
4200
5000
4100
3600
3800
3900
3500
3500
3600
3500
5600
5500
3900
4100
4200
3800
5600
3900
3800
5400
4000
4000
4100
6100
4200
4100
4000
3900
4200
5500
6600
4600
6900
4800
9300
5500
4300
4300
6600
6200
6400
4300
4300
7100
4200
4500
6400
4400
4300
4100
26700
6300
6200
3500
25100
4000
3600
6300
6400
8900
6300
6500
3800
3500
3700
3900
3400
3400
3500
3700
7500
3400
3200
3500
3100
3300
3300
3200
3400
5600
3400
4100
3400
3400
3300
3300
3300
3200
3300
3900
4900
3900
3600
4500
4100
4600
3600
4700
3500
3700
4100
3800
3500
4100
3600
3700
3500
3600
3600
3500
8200
4300
5800
4600
4500
3900
5700
3900
3800
5600
3900
3900
4000
6100
3800
4000
3900
4200
4100
5200
6800
4400
6300
4500
6200
4200
4200
4600
4400
6100
6500
4200
4100
9000
4200
4500
6100
4300
4100
4600
27700
7900
6100
3500
4200
3800
3800
7300
6000
6400
6200
6300
3600
3400
3600
6800
3500
3400
3300
3600
7500
3500
3300
3500
3100
3300
3300
3200
3400
3900
3300
4500
3300
3300
3200
3300
3400
3100
3100
3900
6000
5000
3600
3500
3700
3700
3500
3600
4000
3600
3700
3600
3700
4300
3600
3500
3600
4000
3800
5300
5800
3900
3800
4700
3900
3800
5800
3800
3800
8300
3900
4100
3800
6400
3900
3900
3900
4100
3900
7000
6200
4500
5900
4500
6700
4400
4200
4400
4200
6500
7500
4500
4300
6800
4200
4300
6200
4900
4200
4200
30300
6200
5900
3600
3300
3400
3400
5600
6100
5800
6100
6200
3300
3400
3400
5200
3300
3300
4400
3400
7300
3600
3500
3400
3200
3200
3400
3300
3100
4400
3300
7000
3400
3600
3400
3400
3300
3200
3100
4200
5200
7800
3900
3600
4100
3700
3700
3600
3700
3700
4900
4100
3800
3700
3700
4700
3800
3600
3700
5500
5000
3900
4000
5400
4100
5600
3800
6100
3800
3900
4000
6700
5200
3900
4300
4100
4300
4000
3900
6600
6100
4500
6100
4300
6300
5300
4500
4400
4300
6200
6300
4200
4200
6400
4200
4600
7300
4600
4300
4600
27400
6000
6100
6400
4000
3500
3500
6400
6000
6000
6500
6400
3400
3500
4100
3800
3400
3500
4000
3800
6700
3600
3500
4500
3200
3300
3600
3100
3100
4400
3500
4200
3300
3600
3800
3400
3300
3100
3400
4300
5600
8100
3700
3600
3700
3800
3600
3600
3800
3600
3600
3500
3800
3600
3600
3800
3900
3500
3600
5700
5300
4000
3800
5800
4200
5600
4100
5800
4000
4500
4100
4200
3800
4100
4000
4100
3900
3900
3900
4000
5700
4600
4500
4300
4200
4100
8500
4800
4400
9200
5900
4400
4200
8400
4300
4300
4100
4300
5300
7500
29300
7300
9600
4500
3600
3500
6200
7600
6600
9800
6100
6300
3400
3400
3400
3500
3300
3500
3500
3400
6000
3700
3300
3200
3200
3600
3700
4700
3500
4600
3400
5500
3600
3400
3300
3400
3200
3400
3300
4100
5700
5300
3800
3900
3600
4600
3500
3800
3700
4100
3600
3800
3700
3700
3900
6600
3700
3500
3800
5800
5500
4200
4100
5800
3900
5900
4000
6000
4400
4800
4000
3900
3900
4300
3900
4000
4100
4100
3900
3900
6000
4300
4200
4300
4500
4100
6800
4200
4500
6500
4400
4400
8100
7000
4300
4300
4400
4300
4900
7100
27700
3900
6500
3600
6100
3500
3600
4000
5200
6300
6000
3400
3800
6300
3300
3600
9200
3600
3600
3200
9800
4000
4400
4900
3600
3400
3400
3600
3500
3700
4200
4300
4300
4000
3300
4300
3600
3700
5000
3500
7900
4200
4100
5200
4000
3700
3800
3600
5400
3800
4700
6000
5300
3900
3800
4100
3600
3800
3900
3900
6000
6600
4700
6600
4100
4300
4100
4200
4000
4300
4400
4200
4200
4200
7500
6500
6300
4200
4400
5500
6700
7200
4700
4300
4400
4600
4600
7200
4600
4400
4600
4500
4400
4500
4200
4900
4500
4700
4200
4400
26200
3600
3700
3800
3700
3500
3500
6400
3700
3400
3500
3500
3600
3600
3800
3600
3700
4200
3700
3600
7400
4700
4400
3900
3600
3500
3400
3600
5000
3300
3400
3600
3500
4700
4500
3400
4000
3300
4500
3300
5400
3700
3800
5500
4100
4000
6300
3800
5600
3700
3700
7100
5400
4400
3900
3800
6700
4300
5000
4500
6000
6200
4100
5900
4300
4500
4200
4000
4000
4200
4300
4200
4400
4300
4000
6600
6800
5400
4100
4100
6800
7200
4400
4300
4400
4400
4300
7200
4400
7200
4500
4300
4200
4800
4300
4400
4300
4500
4400
5400
27600
3600
3600
3500
3500
3700
3400
3500
3400
4600
3600
3500
3400
3300
3900
3700
3500
3500
3500
3600
7600
4300
4100
3600
3500
3400
3500
3500
4200
3300
3700
3400
3600
3200
4700
3400
3500
3300
3900
3300
7100
3900
4100
5200
4200
3700
3600
3800
4100
3800
5000
5600
5500
3800
3800
5000
3900
3900
6200
3700
6000
6100
4100
6500
5600
4200
4500
4100
4000
4100
4200
4300
4200
5200
4200
6300
8800
4200
4000
5300
7800
7300
4900
4300
4400
4500
4300
7500
4300
4300
4600
4400
4400
4500
4200
4500
4400
4500
4300
4700
25900
3400
4000
3800
3600
3500
3600
6900
3400
3400
3400
3500
3500
3400
6400
3600
3700
3600
3700
3500
7400
4400
4100
3600
3700
3500
4000
3500
4200
3400
3200
3400
3400
3500
4100
3400
3600
3300
4000
3400
4600
3900
3900
5500
4000
3500
3800
4000
4100
4200
5600
5000
5100
3900
3700
5200
3900
3900
5100
3700
5400
7400
4100
6400
4200
4000
4300
4000
6400
4100
4400
6200
6100
4200
4100
4200
4200
4100
4100
4000
6700
7400
4600
4300
4400
4300
4500
6700
4300
4300
4400
4300
4400
4400
4400
4300
4300
7200
4800
4300
27100
3700
3400
3400
3600
3500
3400
3300
4000
3400
3400
3500
3500
4500
3600
3800
3400
3500
3700
3600
7300
4600
4000
3600
3400
3600
3400
3400
3900
3600
3300
3300
3400
3200
4200
3400
3400
3300
4000
3500
4300
3800
3700
5100
3800
3600
3700
6700
3900
3800
5300
5300
5000
3800
3700
6300
3700
3700
5200
3700
5400
4200
4300
6300
4200
4100
4100
4100
6000
4200
4000
6100
6000
9900
6800
3800
3800
3900
4000
3900
5700
8000
7000
6300
4100
4100
4400
4000
4000
4400
4000
4100
4000
4300
4000
7200
6300
4400
4100
4100
26700
3400
3300
3200
3700
3100
3100
3000
3300
3200
3000
3200
3100
3400
3200
3200
3500
4800
3300
3500
6400
6100
3400
3100
3100
3100
3400
3100
3200
2900
3000
3000
2800
2900
3200
3200
3000
2900
3100
3000
4100
3500
3600
4800
3400
3400
3300
3400
3400
3500
4300
6500
4400
3600
4900
4200
3600
3300
4500
3300
4800
3800
3900
5500
3700
3700
3800
3600
5900
3800
3600
8100
5500
4000
3600
8600
3900
3700
3900
4000
5800
6100
4000
6100
4100
4000
5800
4300
4200
4000
4100
5200
4000
4100
4200
6200
6200
4100
4100
4200
25500
8500
3300
3100
3600
3100
3100
6000
3100
3200
3500
3200
3200
3100
3100
3100
3100
3100
3400
4400
24400
11100
3300
3100
3200
3000
3300
3100
3100
3000
3000
3300
3200
3500
10100
3200
3300
3000
4800
3200
7800
3400
3600
46000
11000
6800
7900
7700
6100
5800
5800
7700
5700
5800
6300
6100
7300
6100
6300
5600
22100
9400
6700
6400
6400
10600
6600
14800
9300
10300
6500
6300
11700
6400
6600
6700
6200
13500
6400
6300
11800
6900
11400
6900
7200
7100
7100
9000
7100
6700
6700
7000
7100
7000
6800
13100
7200
13100
6900
6700
52700
11900
5500
5700
5500
5300
6200
11600
10300
5100
5000
5400
5500
5300
5000
11300
11300
6300
10900
9700
18700
5800
5300
8000
5600
5100
6200
5200
5200
5400
5000
5200
12200
5200
5100
5300
5000
6200
5000
5100
8300
5500
6100
6900
6300
5300
6500
6600
6300
5500
5400
11500
5600
5500
5500
5400
6900
5400
5600
6800
14100
10300
7800
7700
6900
10000
7500
9600
10400
10000
6700
6600
10000
6000
6200
6000
5700
6900
6000
6400
12800
6600
11400
7000
6600
10800
6300
6500
9700
6700
6300
6500
7200
6800
6900
11800
7000
11800
8200
6900
49400
11400
6700
5400
5600
6200
5600
11700
5200
5500
5400
6000
9100
5300
5100
61600
20600
6500
12300
10600
13100
6200
5600
5900
5300
9500
7100
5500
4800
4900
4800
4700
30200
6800
5300
5600
14500
7100
8500
5400
6900
5900
6400
5800
5800
5800
5700
5700
5700
9000
5500
5600
24600
8700
18700
6200
6500
6000
5900
6000
13300
15600
9200
7600
7500
11900
7000
9700
9600
10000
17800
7100
15500
6400
6600
6400
6500
6600
7400
6300
32700
7600
32100
7600
4500
5900
5600
5300
4500
4400
3900
4000
4100
4200
3900
9600
4100
13000
4000
3900
27600
5700
3500
3100
3100
3000
3000
6300
2900
3000
2800
3300
2900
2900
2700
6100
6700
3200
5400
5500
9500
3400
3300
3200
6200
3300
13000
3300
3000
3000
3000
3100
5000
3100
3000
3200
3000
4000
3200
3700
3900
3600
3400
3200
3300
3400
3300
3300
3400
3400
3200
3300
3300
3500
4800
3500
3600
3300
3300
3300
4500
3800
3600
5300
5400
3600
5700
5200
3600
6800
3600
4900
3700
3600
3700
4200
5700
3500
3600
3600
6300
4000
5900
3900
4100
3800
3900
3900
3900
3800
4000
3900
4000
4000
3800
6100
3900
7900
3800
5300
30800
6400
3100
2900
2900
2900
3700
6600
2800
2800
3600
3100
2900
2700
3500
6100
5900
4000
6400
6700
8100
4200
3100
3100
3000
2900
3600
3100
2900
3000
3300
3000
3600
3500
3100
3000
3000
4300
3300
3000
3900
3500
3300
3300
3300
3400
3400
3400
3300
3200
3400
3300
3200
3400
4600
3300
3400
3400
3200
3300
4600
3500
3700
4600
4800
3500
4900
4800
3500
3900
3400
4700
3800
3500
6400
3600
4700
3500
3600
3500
11200
5900
4100
3800
3700
5800
4600
6100
5800
6000
3800
3700
7300
3900
3800
4000
3700
3900
4500
4000
25100
8100
3100
3100
2900
2800
2800
6000
2700
2700
3000
3000
2800
2700
2900
5300
5400
3100
5400
5200
7800
3400
3200
3700
3000
3300
3900
3100
2900
3100
3100
3000
4300
3000
3100
3000
3100
4000
3000
3000
6600
3400
3600
3500
3400
3300
3400
3600
3900
3200
4800
3500
3300
3200
4900
3900
3400
3200
3500
3300
4500
3600
3600
5100
5200
3600
5300
5600
3700
4100
3600
5200
3800
3400
3500
3600
6100
3500
3800
3500
10500
6200
3900
4600
3800
6000
3900
6100
6400
6100
3800
3800
6200
3900
3900
3900
3800
4300
4100
3800
25900
3200
5800
3500
3100
3100
5800
3000
3100
3400
2900
3200
3200
3000
2900
6300
2800
5600
3000
3300
10800
3900
3900
3400
3200
3100
3200
3200
3300
3200
3100
3100
3200
3200
3200
3000
3300
3100
3000
3400
7500
3500
4200
3400
3600
3400
3200
3600
3400
3400
4100
4500
3300
3300
4100
3300
3600
3400
3500
3400
5200
3900
4200
3800
3700
3800
3600
3600
3800
3700
3700
3700
5100
3600
4800
5500
3800
3900
3500
4900
5900
4100
4200
3900
5600
4000
8500
6700
3900
3900
4300
6900
4000
5900
4000
4300
4000
4000
4000
4200
24800
3300
4400
3200
3100
3200
3000
3300
3100
3100
5900
5600
3100
2900
3000
3900
3100
3000
3200
2900
7900
3500
6100
3100
3100
3400
3000
3300
3100
3000
3100
3100
3200
3100
3100
3200
3000
3100
3200
4100
4400
3300
4200
3500
3300
3300
3200
3400
3400
3200
4000
4500
3400
3300
3600
3200
3400
3400
3400
3500
5100
3600
3500
3600
3700
3600
3500
3600
3800
3600
3600
3700
5000
3600
5000
5500
3600
3600
3600
7900
7200
3900
3800
3900
5400
3900
5500
5500
4500
3900
3900
6500
4000
5500
4100
3900
3900
4100
3900
3800
36500
3400
3300
2800
3100
3300
2800
3900
2900
3200
8300
5300
3100
3100
2900
2900
2900
3300
2900
2900
7200
3400
3300
3200
3100
3400
3100
3100
3200
3000
3300
3600
3100
3800
3300
3300
3100
3100
3200
3900
4000
4600
4500
3500
3400
3400
3400
3400
4100
3600
3300
4800
3400
3400
3700
3200
5000
3600
3300
3400
5200
3900
3600
5000
3600
3600
6700
3600
3600
3500
3600
3800
5000
3800
4900
5400
3800
3500
3700
5600
6400
3900
4000
3900
6000
3900
6200
5500
3900
3900
4000
6900
3900
5600
4000
4100
3800
3900
4000
4100
27800
3000
3000
2800
3100
3000
2800
3200
2900
3000
5400
5300
2900
2900
2900
3200
2900
3400
2900
3100
7900
3700
3300
3900
3100
3100
3100
3100
3300
3000
3100
3100
3000
3200
3100
3300
3100
3200
3100
4000
4100
4800
4800
3600
3400
3500
3400
3400
3900
3500
6500
3400
3600
3300
3400
3300
4300
5400
3500
3400
4900
4000
5200
3700
3600
3900
3600
3500
3700
3500
5100
5300
3700
11000
10100
3700
3700
3600
3900
4100
6300
3900
3700
3900
11200
4900
5600
5200
3900
3800
3700
11300
5100
5400
3800
3600
3800
4700
3700
3800
15800
3100
2700
2700
2900
3100
2600
2800
2800
3500
5300
5300
2800
2900
2900
2800
2800
3000
3200
2800
8600
3300
3200
3100
3400
3100
3100
3100
3000
3200
3100
3000
4600
3100
6200
3100
2900
2900
3300
4100
3900
4500
4600
3300
3200
3200
3600
3300
4600
3400
3500
3200
3200
3300
3200
3400
4200
3600
3200
4900
4600
3600
5800
3700
3500
3500
3300
3400
3500
3700
5100
4900
3800
3600
3500
3500
3800
3400
3500
3600
8200
3800
4900
3700
4100
3800
3600
3700
4000
3700
3600
3800
5600
3800
5700
5900
3800
3700
3700
5500
14400
3200
2800
2800
3000
2900
2700
3000
2700
2800
5000
7300
3100
2700
3300
5500
3000
2800
2800
3000
7200
3900
3100
3300
3000
2900
3500
3000
3100
2900
3000
3000
2900
3000
3200
3400
2900
3000
4100
3700
5300
4900
4200
5000
3300
3300
3400
3300
3500
3300
3200
3100
3300
3400
3100
3200
4500
3700
3200
3300
4500
3600
11400
4000
3400
3700
3900
3300
3600
5300
4600
4800
3400
6400
4100
3400
3800
3400
3900
3600
5000
3800
3800
3700
3700
3800
5400
3800
3700
3700
3800
4000
5800
3800
7600
5600
3800
3700
3800
5400
12400
3000
3400
2900
5100
3500
5900
9100
3300
3400
3700
7400
3600
5700
3500
3200
3300
3500
3300
3200
12500
3700
3300
3300
3200
21900
3200
3200
4100
3300
3100
3300
3800
3200
3200
3000
6200
3900
3100
3400
4500
4500
22000
3700
9400
3800
3300
3700
4600
3400
4400
4600
4800
3500
3400
4400
3700
3500
3900
5800
7300
3900
3900
3900
5400
3800
3700
3900
3800
3600
3700
3800
6500
3700
3600
3900
3700
3500
5500
3800
6200
4200
4100
3900
7500
4100
6500
3900
4100
4200
4000
6000
4000
4000
4200
4100
4300
4100
3900
4300
12800
3300
3300
6700
5500
3500
3200
3100
3400
6600
3200
3000
3000
3300
3100
2900
5600
3100
7600
3100
8500
4200
3700
3400
3200
3500
3100
3100
3100
3700
3300
3500
3700
3200
3100
3100
6700
3200
3300
3800
4500
4300
4600
3300
4400
3400
3200
4400
4300
3500
4400
4400
6200
8300
3500
4700
3400
3400
3400
3300
7000
3600
3800
3800
5300
3700
3600
3600
3700
3600
3700
6300
4300
3700
3600
3800
3600
3600
5400
3800
5900
4100
3900
3700
5800
4000
5800
4400
4100
4000
3800
6100
4100
3800
4000
3900
3900
4600
3900
4400
12500
3000
3100
6400
5900
3300
3500
3000
3200
6400
3000
2900
2900
3100
2900
3000
5500
3100
6800
3000
8300
4400
5200
3700
3300
3900
3200
3300
3200
3900
3300
3900
6800
3300
3200
3100
5100
3200
3100
4400
4000
3600
3500
3400
3700
4800
3300
3400
4900
3500
3300
3500
3400
3400
3600
3400
3400
4900
3300
3600
7800
4700
3800
3700
5500
3600
3600
3600
4000
3500
3600
7700
3600
3700
3600
3900
3600
3600
5400
3800
5500
4200
3900
4000
6000
3800
5800
5200
4200
3900
3900
5900
4300
3800
4000
4000
3900
4000
3800
4100
12900
3000
5600
3500
5300
3400
2900
3000
3100
6400
3000
2900
3200
2900
3600
3200
5300
3000
5400
3000
8000
3900
4200
3500
3100
3700
3000
3200
3100
3700
3200
3600
4800
3100
3100
3100
3700
3100
3100
4600
4000
4500
3500
3400
3500
5200
3500
4400
4400
4300
3500
3400
3400
4400
3500
3400
3400
11000
3400
5000
12800
9900
8600
7300
9600
6200
6100
6100
10100
7200
7800
6800
10300
3700
4400
5200
4100
3800
3600
3700
6200
4300
4100
3900
5900
4500
5800
3800
3900
3800
4000
6000
4200
3800
4100
3900
4100
3900
3900
4100
13800
3000
5700
3600
5200
3300
2900
3100
3100
6300
3000
2900
3100
2900
2900
2900
5300
3100
5500
3000
7200
4100
3700
3400
3200
3400
3100
3100
3100
3600
3200
3500
4200
3200
3100
3100
3600
3100
3100
3800
3900
3600
3400
3400
3300
4500
3200
3500
4300
3600
3300
3400
3400
3600
3400
3200
3400
4500
3300
4000
4600
5100
4800
3800
5500
3700
3600
3700
5000
3900
4700
5500
7900
3600
3600
4900
3900
3700
4000
3700
7500
3900
4200
3900
5800
4000
6200
3900
3800
4100
4000
3900
4000
3900
4000
4300
3900
3800
5900
4100
13200
3000
5800
3700
5200
3000
2800
3000
3200
6500
3000
3400
3100
2900
2900
3100
5800
3200
5300
3000
7100
4000
3900
3300
3500
3300
3200
3100
3200
3800
3200
3700
3600
3100
3100
5700
3700
3100
3400
3600
4100
3800
3600
3400
3700
4500
3600
4000
4900
3500
3400
3400
3700
3500
3400
4800
3700
4700
3400
3400
4700
5200
5200
3600
5000
3700
3700
3600
5100
3700
5400
7900
5200
3600
3800
5200
3700
3700
3700
3600
7500
4100
4200
4000
5900
4400
3900
4100
3900
6700
3900
4000
4000
3900
6100
4300
3900
4500
17300
4200
12200
3300
3300
3600
5500
3100
4900
3300
3000
2900
3200
5200
3000
3100
3100
3000
5800
3200
2900
4600
15200
3800
4200
3500
3400
3600
3400
3700
3300
3400
3100
3200
3300
3100
3400
3200
3200
3700
3400
3300
4700
3600
3500
3700
3400
3500
3400
3400
3600
3500
3400
3500
3700
4100
3600
3500
3400
3500
4300
3500
5200
4700
3700
3700
3700
3700
4800
3900
3900
3700
3700
3600
3900
3700
3600
3600
4800
3900
3900
3600
6000
4100
4100
3900
4100
5300
4000
5300
5600
4200
4100
5700
4200
13500
5400
4200
4200
4200
4300
4400
12700
5000
3300
7000
4800
3400
3000
3200
3300
3100
4600
6800
3400
3700
3100
3400
3000
3100
4800
3000
9400
7000
3400
3600
3400
3500
3200
3300
3200
3200
3800
3600
3200
3400
4900
3200
3500
3500
3700
3300
4500
3500
3600
3300
3300
3400
3300
3300
3400
4100
3400
3700
3500
4300
4900
3500
3300
5100
4400
3400
5200
3600
3600
3600
3900
3700
4700
3800
3700
3700
3600
3800
3700
3700
4200
6700
4600
4100
3700
3600
5800
4000
5000
4100
4000
5300
4000
5100
5200
4100
4200
4200
4100
5700
5200
4200
4200
3900
4000
4100
14000
4500
3100
3000
7700
3100
2900
3200
3000
3000
4600
4700
3000
2900
3100
3000
2900
3200
4400
3000
9000
5500
3300
3500
3500
3300
3200
3300
3300
3400
3400
4200
3100
3200
3200
3100
3200
3400
3400
3300
4200
3600
4400
3800
3500
3500
6600
4100
3400
3600
3400
3400
3500
3700
3400
3400
3500
4300
3500
3500
5100
3700
3600
3900
3700
3600
4800
3700
3700
3800
3700
3700
3600
3700
3700
3600
4800
3900
3700
3600
5700
4000
4100
3900
3900
5800
4000
5500
11300
5600
4000
4000
4100
5600
5300
4300
4000
4000
4000
4100
12600
4500
2900
3200
4600
3000
2900
3000
3000
4100
4700
4500
3100
3100
2900
3100
5700
3000
4500
3000
8900
3900
3200
3800
3200
3800
3300
3200
3400
3300
3500
3800
3300
3200
3300
3100
3500
3300
3400
3300
4200
3600
4400
3700
3500
4100
3600
4900
3600
3500
3400
3300
3700
4000
3500
3400
3600
4000
5300
3400
4900
3900
3700
3800
3700
4200
3600
6500
3700
3700
3600
3900
3800
4900
3800
3700
3700
3900
4800
3600
5500
4200
4000
3900
4000
5100
4000
5100
5300
4100
4400
4300
4100
5500
5200
4100
4000
4500
4000
4200
15300
4500
3300
2900
4500
3100
2900
3000
3000
3000
4400
4500
3200
3100
3000
3200
3000
3000
4300
3200
8700
4000
3400
3800
3400
3500
3300
3300
3500
3500
3500
3800
3500
3300
3200
3200
6200
3200
3600
3400
4200
3700
5000
3600
3800
3500
3500
4400
3500
3500
3600
3400
3500
3400
3600
3400
3600
4500
3800
3500
4700
4600
3700
3700
3600
3900
3900
3800
3900
3700
4100
3700
4100
5500
3800
3700
3800
3900
5100
3700
8000
4000
4200
4000
4000
4200
5500
4000
4000
4100
4000
4500
4000
4200
4000
4000
5400
4300
4100
5600
13400
4800
3000
3000
4600
3100
2900
2900
3200
3100
4500
7100
3300
3800
2900
3300
2900
4000
5400
3000
8700
4300
3500
3800
3900
3300
3300
3400
3300
3400
3700
4000
3300
3200
3300
3200
3300
3600
3800
3500
4000
3800
4200
3800
3600
3500
3600
4300
3400
3500
3600
3400
3500
5200
3600
3500
3500
7400
3600
3700
4700
5400
3900
3600
3900
3700
3600
3600
4300
3800
3600
3800
3900
5600
3800
3800
4000
3800
5000
3800
5300
4200
4000
3900
4000
4200
5300
3900
8900
7000
4600
3800
4100
3900
3800
3800
5500
7100
4000
3800
11700
3200
3200
3100
2900
5700
3100
4500
4900
3200
3000
3200
3100
5000
4600
3100
3000
2900
2900
2800
14000
4600
4100
3500
3400
3600
3800
3800
3500
3600
4000
5000
4000
3200
4900
3400
3500
3300
3300
3200
4900
4600
4000
3400
3600
3400
4600
3600
3500
3700
3500
3400
3600
3400
3500
3400
4400
3600
6800
3700
5200
4100
4000
3900
3700
4000
3700
3800
5000
3900
3800
3700
3900
4000
3700
3800
5200
4000
3900
3800
6100
4400
4200
4300
4100
7800
48300
7400
6700
6600
5000
4600
4400
7000
4700
4500
4500
4600
4400
4300
17500
3600
3200
3900
3900
3700
3700
6200
3300
3200
4700
4700
3200
4600
3300
3200
3000
4600
3400
3200
10000
4400
3500
4000
3300
3500
3300
6400
3500
3300
3900
3400
3200
4000
3500
3600
3600
3800
3300
3800
4800
4300
3900
3400
3500
3300
5400
3600
3600
3900
3500
3700
3400
3500
3500
3700
4100
3600
3500
3500
5300
3700
3800
3800
3900
3700
9400
3800
7100
9500
4000
3800
4900
3900
3700
3900
5000
4000
3700
3800
6300
4400
4500
4200
4000
4400
4000
3900
4200
4000
4000
4100
4100
5400
4100
4000
5000
4200
4600
4300
12100
3200
3100
3100
3100
3200
4400
5600
3000
3100
6500
5400
3300
5400
4000
3200
3000
5900
3100
3100
11200
4100
3400
4700
3300
3500
3300
4300
3200
3300
4700
3300
3200
3500
3400
3400
3300
4600
3500
3300
5200
7400
4200
3800
3700
3500
3800
4200
3700
3400
3400
4500
4200
3500
3500
3500
3700
3500
3500
3500
5900
3900
3800
4100
3700
3800
3900
3800
5100
3800
3800
3800
3700
3700
3600
3700
4900
3800
3700
4000
8400
4300
4400
4200
4300
4200
4100
4400
4200
6900
4200
4200
3900
5600
4100
4200
4000
4100
4200
4000
14400
3200
4100
3000
3100
3300
3000
4500
3100
3000
4500
4700
6100
5200
3100
3100
3200
7500
3200
3200
9900
4100
3600
3700
3400
3300
3400
4800
3200
3200
3800
3400
3300
3600
3400
4000
3400
3800
3400
3300
4500
4300
4000
3700
3600
4900
3800
4400
3500
3800
3600
6300
4300
6700
3700
3500
3500
3700
3500
3500
4900
5000
4000
3800
3900
3800
5100
4100
3700
4000
4400
3800
3800
4400
4000
3800
4800
3800
3800
3900
6000
5000
4000
4000
4000
4100
4000
4100
4000
4000
4200
4000
3900
8000
4300
4100
4100
4100
4000
4000
12700
3300
3000
3000
3000
3100
2900
4700
3200
2900
4400
4400
3300
4400
2900
3400
3100
4700
3000
3200
9500
4100
6400
3700
3300
3400
3500
3200
3100
3900
4500
3300
3200
3800
3300
3500
3200
3800
3200
3200
4500
4300
4200
3800
3500
3600
3600
4500
3600
3500
3600
4400
5400
3700
3700
3900
3500
3600
3800
3500
5200
5300
4000
3900
3800
3800
8200
3800
3900
3900
3700
4000
3900
3800
3800
3800
4800
3900
3800
3900
5900
4100
4100
4200
4000
4600
4300
3900
5300
4000
4200
4000
3900
4200
3900
4100
5500
4300
4100
4000
12500
3200
3100
2900
3100
3000
2900
4600
3000
3100
4300
4800
3100
4700
3000
3000
3000
4500
3300
3100
10400
4300
3900
4700
3500
3400
3300
8800
3200
3400
3700
4900
3400
3500
3400
3800
6300
3800
3300
3300
4100
11500
4500
3600
3600
4000
4100
4500
3600
3500
3800
5000
4900
3700
3800
3700
3700
3700
3600
3500
5000
5100
4100
3700
3800
3700
5000
4000
3700
3800
3900
3700
3600
6900
3800
3600
4900
4000
3700
3900
5700
4100
4100
4200
4100
4100
4100
4000
5500
4200
5900
4800
4300
4400
3900
4200
6200
4100
4600
5900
12800
4000
3400
3500
3200
3200
6300
3200
3100
3300
3200
3100
3200
4800
3100
3200
3100
3100
3200
3100
14000
4000
3500
4500
3600
3400
4100
3500
3900
3400
3300
3400
3700
3600
3500
3400
6900
3400
3500
3500
6400
3800
3700
4600
3700
3700
3700
3800
3600
3700
3500
3500
3600
3700
4400
3700
4300
3600
3800
3600
6000
4100
4100
4100
5100
4100
4100
3900
3800
3900
4200
3900
3900
4200
3800
4500
5000
3900
7000
4100
6200
4400
4100
6700
4200
4200
4500
5500
5700
4600
4300
4400
4200
4100
5900
4300
4200
5600
4200
4300
12700
3400
5200
3900
3800
7000
4200
4000
3900
3800
3900
3800
5100
5600
4000
3900
3900
3700
4100
4000
11600
5200
4300
4000
4600
4000
5100
3400
3300
3400
3400
3500
3300
3300
3300
3800
3500
3800
3400
3300
6200
3800
3800
4500
3700
3500
3600
3800
3600
9700
3700
6500
3600
3500
6000
3700
4300
3600
3500
3700
5700
3900
4100
3900
5200
3900
3900
4000
3700
4400
3900
4100
4500
3900
3700
3900
5000
3800
3900
3800
6000
4300
4000
6400
4300
4100
4200
8400
5600
5400
4300
4200
4300
4100
4100
4100
4100
5500
4100
4000
12300
3300
4800
3500
3100
3200
3600
3100
3000
3100
3300
3100
3100
4800
3800
3000
3400
3100
3400
6300
11000
4900
3500
3400
3900
3400
3700
3700
3300
3300
4100
3600
3400
3300
3300
3800
3300
3700
3600
3300
4600
3800
3500
4600
3800
3600
4400
4000
4200
3800
3600
4600
5600
5400
4400
3700
3900
3500
3600
3500
5900
4000
3900
7300
5000
4200
4000
3900
4200
3900
3800
4600
4300
3900
3800
4100
5000
3800
3900
3800
6200
4100
4300
6300
5000
4300
4200
5400
5400
5500
4300
4200
4100
4400
4100
4100
4300
8300
4200
4000
12900
3500
4900
3500
3400
3200
3300
3400
3200
3100
3400
3200
3300
4800
4000
3200
3400
3200
3200
3500
10700
4200
3700
3500
3600
3400
3800
3400
3300
3500
3500
3400
3300
3300
3400
3600
3300
7000
3400
3300
4600
3700
3500
4400
3700
4200
4400
3900
4200
3800
3600
3600
3800
3900
3700
3600
4000
3500
3600
3600
6200
4000
4100
4800
3900
3800
3800
4300
3900
3800
3800
3900
3900
3700
4700
4000
4800
6900
3900
3800
5900
4200
6100
6200
4600
4300
4400
5400
5600
4200
4600
9300
4200
4400
4200
4200
4700
5400
4200
4100
13000
3300
4600
3100
6100
3200
3400
3400
3100
3100
3000
3100
3100
4600
3400
3200
3200
3300
3100
3200
12300
4500
3700
3600
3900
3700
3700
3400
3500
3300
3600
3300
3300
3500
3300
3700
3500
3800
3600
3600
4300
4000
3600
4800
3800
3600
4600
3800
7400
3700
3700
3600
3700
3800
3700
3600
3700
3700
3700
3500
7000
4000
4100
4800
4000
3800
4000
4600
4000
3900
4100
3800
3800
4700
5000
4100
4800
3900
3900
4100
5500
4100
4400
4100
8400
4400
4400
4100
4100
4300
4200
4100
4300
4100
4100
4400
5500
4200
4200
4500
12500
3500
4800
3900
3200
3300
3200
3300
3100
3100
3100
3700
3500
4600
3600
3300
3200
3000
6600
3300
10100
4200
3600
3400
3800
3400
3600
3700
3300
3400
3500
3500
3300
3200
3300
3800
3300
3700
3400
3600
4200
4000
3600
4500
3700
3500
4500
3700
4400
3700
3600
3700
3700
3800
3700
3600
4000
3600
5500
3600
6100
4100
4000
7800
3900
4000
3900
4000
3900
4100
4600
3900
4300
4200
4800
3900
4800
3900
3900
4000
5400
4200
4600
4200
5500
4200
4400
4300
4100
4300
4200
4200
4400
4300
4100
4200
5500
4100
4300
4200
14800
3400
3100
6200
3600
3100
3200
4700
4900
3400
3200
3200
3400
3100
3100
4800
3300
4800
3100
3200
